# unix_time, cycles_done, cur_path, paths_total, pending_total, pending_favs, map_size, unique_crashes, unique_hangs, max_depth, execs_per_sec
1735363653, 0, 0, 10, 10, 1, 0.00%, 0, 0, 1, 160.64
1735363658, 0, 3, 10, 10, 1, 0.00%, 0, 0, 1, 194.16
1735363663, 0, 4, 10, 9, 0, 0.00%, 0, 0, 1, 185.11
1735363673, 0, 5, 10, 8, 0, 0.00%, 0, 0, 1, 195.53
1735363678, 0, 6, 10, 7, 0, 0.00%, 0, 0, 1, 182.32
1735363689, 0, 7, 10, 6, 0, 0.00%, 0, 0, 1, 196.11
1735363694, 0, 8, 10, 5, 0, 0.00%, 0, 0, 1, 182.70
1735363704, 0, 9, 10, 4, 0, 0.00%, 0, 0, 1, 200.73
1735363709, 1, 0, 10, 3, 0, 0.00%, 0, 0, 1, 181.97
1735363720, 1, 1, 10, 2, 0, 0.00%, 0, 0, 1, 181.29
1735363730, 1, 2, 10, 1, 0, 0.00%, 0, 0, 1, 181.91
1735363740, 1, 3, 10, 0, 0, 0.00%, 0, 0, 1, 193.12
1735363745, 1, 4, 10, 0, 0, 0.00%, 0, 0, 1, 193.43
1735363751, 1, 6, 10, 0, 0, 0.00%, 0, 0, 1, 195.75
1735363756, 1, 7, 10, 0, 0, 0.00%, 0, 0, 1, 195.00
1735363761, 1, 8, 10, 0, 0, 0.00%, 0, 0, 1, 193.30
1735363766, 2, 0, 10, 0, 0, 0.00%, 0, 0, 1, 196.66
1735363771, 2, 1, 10, 0, 0, 0.00%, 0, 0, 1, 195.03
1735363776, 2, 2, 10, 0, 0, 0.00%, 0, 0, 1, 199.21
1735363781, 2, 4, 10, 0, 0, 0.00%, 0, 0, 1, 193.96
1735363786, 2, 5, 10, 0, 0, 0.00%, 0, 0, 1, 197.67
1735363791, 2, 6, 10, 0, 0, 0.00%, 0, 0, 1, 197.94
1735363797, 2, 8, 10, 0, 0, 0.00%, 0, 0, 1, 191.12
1735363802, 2, 9, 10, 0, 0, 0.00%, 0, 0, 1, 194.24
1735363807, 3, 0, 10, 0, 0, 0.00%, 0, 0, 1, 194.38
1735363812, 3, 2, 10, 0, 0, 0.00%, 0, 0, 1, 194.17
1735363817, 3, 3, 10, 0, 0, 0.00%, 0, 0, 1, 197.30
1735363822, 3, 5, 10, 0, 0, 0.00%, 0, 0, 1, 194.49
1735363827, 3, 6, 10, 0, 0, 0.00%, 0, 0, 1, 191.70
1735363833, 3, 7, 10, 0, 0, 0.00%, 0, 0, 1, 194.07
1735363838, 3, 9, 10, 0, 0, 0.00%, 0, 0, 1, 188.88
1735363843, 4, 0, 10, 0, 0, 0.00%, 0, 0, 1, 190.27
1735363848, 4, 1, 10, 0, 0, 0.00%, 0, 0, 1, 193.22
1735363853, 4, 3, 10, 0, 0, 0.00%, 0, 0, 1, 191.06
1735363858, 4, 4, 10, 0, 0, 0.00%, 0, 0, 1, 191.70
1735363863, 4, 5, 10, 0, 0, 0.00%, 0, 0, 1, 189.69
1735363869, 4, 7, 10, 0, 0, 0.00%, 0, 0, 1, 192.22
1735363874, 4, 8, 10, 0, 0, 0.00%, 0, 0, 1, 192.37
1735363879, 4, 9, 10, 0, 0, 0.00%, 0, 0, 1, 194.78
1735363884, 5, 1, 10, 0, 0, 0.00%, 0, 0, 1, 192.27
1735363889, 5, 2, 10, 0, 0, 0.00%, 0, 0, 1, 193.60
1735363894, 5, 3, 10, 0, 0, 0.00%, 0, 0, 1, 194.74
1735363899, 5, 5, 10, 0, 0, 0.00%, 0, 0, 1, 198.53
1735363904, 5, 6, 10, 0, 0, 0.00%, 0, 0, 1, 195.14
1735363909, 5, 7, 11, 1, 0, 0.05%, 1, 0, 2, 193.55
1735363914, 5, 10, 15, 5, 1, 0.06%, 5, 0, 3, 227.39
1735363955, 5, 10, 16, 6, 1, 0.06%, 6, 0, 3, 213.36
1735364047, 5, 11, 16, 5, 5, 0.06%, 6, 0, 3, 205.52
1735364067, 5, 11, 17, 6, 5, 0.06%, 6, 0, 4, 212.55
1735364097, 5, 11, 18, 7, 5, 0.06%, 7, 0, 4, 209.80
1735364133, 5, 11, 19, 8, 5, 0.06%, 7, 0, 4, 206.99
1735364194, 5, 11, 20, 9, 5, 0.06%, 7, 0, 4, 211.70
1735364224, 5, 12, 21, 9, 5, 0.06%, 7, 0, 4, 222.98
1735364235, 5, 12, 22, 10, 5, 0.06%, 7, 0, 4, 204.48
1735364346, 5, 12, 23, 11, 5, 0.06%, 7, 0, 4, 226.85
1735364351, 5, 13, 23, 10, 4, 0.06%, 7, 0, 4, 239.74
1735364362, 5, 13, 24, 11, 4, 0.06%, 7, 0, 4, 218.47
1735364412, 5, 13, 26, 13, 4, 0.06%, 7, 0, 4, 230.41
1735364417, 5, 13, 28, 15, 4, 0.06%, 7, 0, 4, 220.28
1735364428, 5, 14, 28, 14, 3, 0.06%, 7, 0, 4, 235.81
1735364448, 5, 14, 29, 15, 3, 0.06%, 8, 0, 4, 219.06
1735364458, 5, 14, 31, 17, 3, 0.06%, 8, 0, 4, 214.82
1735364463, 5, 14, 32, 18, 3, 0.06%, 8, 0, 4, 214.91
1735364468, 5, 14, 33, 19, 3, 0.06%, 8, 0, 4, 214.97
1735364504, 5, 14, 34, 20, 3, 0.06%, 8, 0, 4, 218.33
1735364539, 5, 14, 36, 22, 3, 0.06%, 8, 0, 4, 217.70
1735364549, 5, 15, 41, 26, 4, 0.06%, 9, 0, 4, 293.92
1735364575, 5, 15, 42, 27, 4, 0.06%, 9, 0, 4, 229.90
1735364580, 5, 18, 42, 26, 3, 0.06%, 9, 0, 4, 271.75
1735364626, 5, 18, 43, 27, 3, 0.06%, 9, 0, 5, 239.81
1735364708, 5, 32, 43, 26, 2, 0.06%, 9, 0, 5, 268.80
1735364768, 5, 32, 44, 27, 2, 0.06%, 9, 0, 5, 277.04
1735364773, 5, 32, 45, 28, 2, 0.06%, 9, 0, 5, 230.62
1735364789, 5, 36, 45, 27, 1, 0.06%, 9, 0, 5, 323.36
1735364799, 5, 36, 46, 28, 1, 0.06%, 9, 0, 5, 464.44
1735364880, 5, 36, 48, 30, 1, 0.06%, 9, 0, 5, 329.11
1735364885, 5, 36, 50, 32, 1, 0.06%, 9, 0, 5, 320.95
1735364992, 5, 45, 50, 31, 1, 0.06%, 9, 0, 5, 327.87
1735365083, 5, 45, 51, 32, 1, 0.06%, 9, 0, 6, 329.39
1735365088, 5, 45, 52, 33, 1, 0.06%, 9, 0, 6, 332.96
1735365118, 5, 45, 54, 35, 1, 0.06%, 9, 0, 6, 327.11
1735365194, 5, 47, 54, 34, 1, 0.06%, 9, 0, 6, 410.63
1735365290, 5, 48, 54, 33, 0, 0.06%, 9, 0, 6, 354.27
1735365397, 5, 48, 55, 34, 0, 0.06%, 9, 0, 6, 323.34
1735365438, 5, 54, 55, 33, 1, 0.06%, 9, 0, 6, 429.61
1735365448, 5, 54, 56, 34, 1, 0.06%, 9, 0, 7, 362.52
1735365454, 5, 54, 57, 35, 1, 0.06%, 9, 0, 7, 302.17
1735365479, 5, 54, 59, 37, 1, 0.06%, 9, 0, 7, 290.04
1735365515, 5, 54, 60, 38, 1, 0.06%, 9, 0, 7, 285.92
1735365576, 5, 57, 60, 37, 1, 0.06%, 9, 0, 7, 362.93
1735365627, 5, 58, 60, 36, 0, 0.06%, 9, 0, 7, 427.45
1735365785, 5, 58, 61, 37, 0, 0.06%, 9, 0, 8, 339.43
1735365805, 5, 58, 62, 38, 0, 0.06%, 9, 0, 8, 349.79
1735365882, 5, 59, 62, 37, 0, 0.06%, 9, 0, 8, 279.33
1735365933, 5, 59, 63, 38, 0, 0.06%, 9, 0, 8, 300.65
1735365938, 5, 59, 64, 39, 0, 0.06%, 9, 0, 8, 308.69
1735365948, 6, 10, 64, 38, 0, 0.06%, 9, 0, 8, 267.49
1735365953, 6, 11, 65, 39, 1, 0.06%, 9, 0, 8, 255.85
1735365958, 6, 64, 65, 39, 1, 0.06%, 9, 0, 8, 339.80
1735365983, 7, 10, 65, 38, 0, 0.06%, 9, 0, 8, 269.57
1735365988, 7, 12, 65, 38, 0, 0.06%, 9, 0, 8, 274.68
1735365993, 7, 13, 65, 38, 0, 0.06%, 9, 0, 8, 265.84
1735365999, 7, 14, 65, 38, 0, 0.06%, 9, 0, 8, 277.96
1735366004, 7, 15, 65, 38, 0, 0.06%, 9, 0, 8, 258.59
1735366009, 7, 18, 65, 38, 0, 0.06%, 9, 0, 8, 281.80
1735366024, 7, 19, 65, 38, 0, 0.06%, 9, 0, 8, 386.63
1735366034, 7, 19, 66, 39, 0, 0.06%, 9, 0, 8, 278.92
1735366100, 7, 22, 66, 38, 0, 0.06%, 9, 0, 8, 329.89
1735366140, 7, 22, 67, 39, 0, 0.06%, 9, 0, 8, 291.95
1735366151, 7, 23, 67, 38, 0, 0.06%, 9, 0, 8, 292.23
1735366201, 7, 24, 67, 37, 0, 0.06%, 9, 0, 8, 307.23
1735366252, 7, 25, 67, 36, 0, 0.06%, 9, 0, 8, 290.62
1735366292, 7, 25, 68, 37, 0, 0.06%, 9, 0, 8, 301.27
1735366297, 7, 25, 69, 38, 0, 0.06%, 9, 0, 8, 274.97
1735366302, 7, 27, 69, 37, 0, 0.06%, 9, 0, 8, 389.31
1735366358, 7, 30, 69, 36, 0, 0.06%, 9, 0, 8, 358.47
1735366439, 7, 32, 69, 35, 0, 0.06%, 9, 0, 8, 279.90
1735366449, 7, 34, 69, 35, 0, 0.06%, 9, 0, 8, 340.32
1735366500, 7, 37, 69, 34, 0, 0.06%, 9, 0, 8, 298.78
1735366541, 7, 37, 70, 35, 0, 0.06%, 9, 0, 8, 321.46
1735366551, 7, 39, 70, 34, 0, 0.06%, 9, 0, 8, 212.34
1735367048, 7, 40, 70, 33, 0, 0.06%, 9, 0, 8, 255.99
1735367210, 7, 41, 70, 32, 0, 0.06%, 9, 0, 8, 345.98
1735367260, 7, 43, 70, 31, 0, 0.06%, 9, 0, 8, 346.90
1735367468, 7, 44, 70, 30, 0, 0.06%, 9, 0, 8, 341.77
1735367676, 7, 46, 70, 29, 0, 0.06%, 9, 0, 8, 328.93
1735367829, 7, 49, 70, 28, 0, 0.06%, 9, 0, 8, 331.39
1735367925, 7, 56, 70, 27, 0, 0.06%, 9, 0, 8, 290.33
1735367966, 7, 56, 71, 28, 0, 0.06%, 9, 0, 8, 433.78
1735368175, 7, 64, 71, 27, 0, 0.06%, 9, 0, 8, 271.43
1735368180, 7, 70, 71, 27, 0, 0.06%, 9, 0, 8, 378.56
1735368322, 8, 10, 71, 26, 0, 0.06%, 9, 0, 8, 283.75
1735368327, 8, 12, 71, 26, 0, 0.06%, 9, 0, 8, 267.73
1735368332, 8, 14, 71, 26, 0, 0.06%, 9, 0, 8, 270.60
1735368337, 8, 16, 71, 26, 0, 0.06%, 9, 0, 8, 290.71
1735368387, 8, 18, 71, 25, 0, 0.06%, 9, 0, 8, 287.77
1735368393, 8, 19, 71, 25, 0, 0.06%, 9, 0, 8, 278.58
1735368403, 8, 21, 71, 25, 0, 0.06%, 9, 0, 8, 236.22
1735368454, 8, 22, 71, 24, 0, 0.06%, 9, 0, 8, 248.87
1735368469, 8, 26, 71, 24, 0, 0.06%, 9, 0, 8, 334.89
1735368520, 8, 28, 71, 23, 0, 0.06%, 9, 0, 8, 367.05
1735368647, 8, 32, 71, 22, 0, 0.06%, 9, 0, 8, 267.55
1735368652, 8, 33, 71, 22, 0, 0.06%, 9, 0, 8, 307.09
1735368697, 8, 36, 71, 21, 0, 0.06%, 9, 0, 8, 303.94
1735368707, 8, 38, 71, 21, 0, 0.06%, 9, 0, 8, 267.44
1735368925, 8, 50, 71, 20, 0, 0.06%, 9, 0, 8, 303.23
1735369026, 8, 58, 71, 19, 0, 0.06%, 9, 0, 8, 312.32
1735369037, 8, 62, 71, 19, 0, 0.06%, 9, 0, 8, 351.77
1735369194, 8, 64, 71, 18, 0, 0.06%, 9, 0, 8, 267.82
1735369199, 8, 67, 71, 18, 0, 0.06%, 9, 0, 8, 367.90
1735369280, 9, 11, 71, 17, 0, 0.06%, 9, 0, 8, 276.12
1735369285, 9, 13, 71, 17, 0, 0.06%, 9, 0, 8, 259.31
1735369290, 9, 15, 71, 17, 0, 0.06%, 9, 0, 8, 260.81
1735369295, 9, 18, 71, 17, 0, 0.06%, 9, 0, 8, 270.24
1735369300, 9, 29, 71, 17, 0, 0.06%, 9, 0, 8, 316.77
1735369351, 9, 31, 71, 16, 0, 0.06%, 9, 0, 8, 370.36
1735369407, 9, 32, 71, 15, 0, 0.06%, 9, 0, 8, 257.67
1735369412, 9, 53, 71, 15, 0, 0.06%, 9, 0, 8, 302.61
1735369569, 9, 58, 71, 14, 0, 0.06%, 9, 0, 8, 276.54
1735369574, 9, 64, 71, 14, 0, 0.06%, 9, 0, 8, 284.58
1735369579, 10, 11, 71, 14, 0, 0.06%, 9, 0, 8, 268.25
1735369584, 10, 13, 71, 14, 0, 0.06%, 9, 0, 8, 266.16
1735369589, 10, 15, 71, 14, 0, 0.06%, 9, 0, 8, 264.86
1735369594, 10, 18, 71, 14, 0, 0.06%, 9, 0, 8, 274.57
1735369599, 10, 32, 71, 14, 0, 0.06%, 9, 0, 8, 264.56
1735369604, 10, 35, 71, 14, 0, 0.06%, 9, 0, 8, 325.26
1735369655, 10, 43, 71, 13, 0, 0.06%, 9, 0, 8, 313.66
1735369665, 10, 65, 71, 13, 0, 0.06%, 9, 0, 8, 253.87
1735369670, 10, 65, 73, 15, 0, 0.06%, 9, 0, 8, 323.81
1735370260, 10, 71, 73, 14, 0, 0.06%, 9, 0, 8, 298.50
1735370371, 11, 10, 73, 13, 0, 0.06%, 9, 0, 8, 260.91
1735370376, 11, 12, 73, 13, 0, 0.06%, 9, 0, 8, 261.65
1735370381, 11, 14, 73, 13, 0, 0.06%, 9, 0, 8, 273.39
1735370387, 11, 18, 73, 13, 0, 0.06%, 9, 0, 8, 271.61
1735370392, 11, 19, 73, 13, 0, 0.06%, 9, 0, 8, 282.60
1735370397, 11, 23, 73, 13, 0, 0.06%, 9, 0, 8, 269.95
1735370407, 11, 32, 73, 13, 0, 0.06%, 9, 0, 8, 262.55
1735370412, 11, 45, 73, 13, 0, 0.06%, 9, 0, 8, 284.49
1735370423, 11, 55, 73, 13, 0, 0.06%, 9, 0, 8, 345.18
1735370484, 11, 63, 73, 12, 0, 0.06%, 9, 0, 8, 291.05
1735370652, 12, 4, 73, 11, 0, 0.06%, 9, 0, 8, 271.40
1735370657, 12, 11, 73, 11, 0, 0.06%, 9, 0, 8, 264.97
1735370662, 12, 13, 73, 11, 0, 0.06%, 9, 0, 8, 265.74
1735370667, 12, 15, 73, 11, 0, 0.06%, 9, 0, 8, 270.84
1735370672, 12, 18, 73, 11, 0, 0.06%, 9, 0, 8, 279.47
1735370677, 12, 32, 73, 11, 0, 0.06%, 9, 0, 8, 267.72
1735370682, 12, 35, 73, 11, 0, 0.06%, 9, 0, 8, 280.24
1735370692, 12, 41, 73, 11, 0, 0.06%, 9, 0, 8, 269.30
1735370703, 12, 42, 73, 11, 0, 0.06%, 9, 0, 8, 376.29
1735370758, 12, 42, 74, 12, 0, 0.06%, 9, 0, 8, 313.15
1735370769, 12, 43, 74, 11, 0, 0.06%, 9, 0, 8, 270.06
1735370774, 12, 45, 74, 11, 0, 0.06%, 9, 0, 8, 306.89
1735370779, 12, 52, 74, 11, 0, 0.06%, 9, 0, 8, 275.21
1735370962, 12, 63, 74, 10, 0, 0.06%, 9, 0, 8, 301.87
1735370977, 13, 6, 74, 10, 0, 0.06%, 9, 0, 8, 288.67
1735370982, 13, 11, 74, 10, 0, 0.06%, 9, 0, 8, 275.23
1735370987, 13, 13, 74, 10, 0, 0.06%, 9, 0, 8, 271.85
1735370992, 13, 15, 74, 10, 0, 0.06%, 9, 0, 8, 268.40
1735370997, 13, 18, 74, 10, 0, 0.06%, 9, 0, 8, 261.52
1735371002, 13, 32, 74, 10, 0, 0.06%, 9, 0, 8, 279.26
1735371008, 13, 40, 74, 10, 0, 0.06%, 9, 0, 8, 302.71
1735371018, 13, 43, 74, 10, 0, 0.06%, 9, 0, 8, 292.15
1735371023, 13, 51, 74, 10, 0, 0.06%, 9, 0, 8, 369.54
1735371155, 13, 56, 74, 9, 0, 0.06%, 9, 0, 8, 322.52
1735371165, 14, 7, 74, 9, 0, 0.06%, 9, 0, 8, 286.02
1735371170, 14, 11, 74, 9, 0, 0.06%, 9, 0, 8, 276.70
1735371175, 14, 13, 74, 9, 0, 0.06%, 9, 0, 8, 268.50
1735371180, 14, 15, 74, 9, 0, 0.06%, 9, 0, 8, 274.76
1735371185, 14, 18, 74, 9, 0, 0.06%, 9, 0, 8, 284.36
1735371190, 14, 21, 74, 9, 0, 0.06%, 9, 0, 8, 249.26
1735371201, 14, 32, 74, 9, 0, 0.06%, 9, 0, 8, 271.73
1735371206, 14, 37, 74, 9, 0, 0.06%, 9, 0, 8, 268.76
1735371216, 14, 38, 74, 9, 0, 0.06%, 9, 0, 8, 324.63
1735371226, 14, 39, 74, 9, 0, 0.06%, 9, 0, 8, 330.40
1735371236, 14, 43, 74, 9, 0, 0.06%, 9, 0, 8, 328.84
1735371241, 14, 61, 74, 9, 0, 0.06%, 9, 0, 8, 393.22
1735371368, 14, 64, 74, 8, 0, 0.06%, 9, 0, 8, 289.13
1735371373, 14, 65, 74, 8, 0, 0.06%, 9, 0, 8, 291.44
1735371378, 14, 72, 74, 8, 0, 0.06%, 9, 0, 8, 303.83
1735371495, 14, 73, 74, 7, 0, 0.06%, 9, 0, 8, 207.20
1735371501, 14, 73, 75, 8, 0, 0.06%, 9, 0, 8, 318.53
1735372687, 15, 5, 75, 7, 0, 0.06%, 9, 0, 8, 287.49
1735372692, 15, 11, 75, 7, 0, 0.06%, 9, 0, 8, 274.26
1735372697, 15, 13, 75, 7, 0, 0.06%, 9, 0, 8, 259.96
1735372702, 15, 15, 75, 7, 0, 0.06%, 9, 0, 8, 263.89
1735372707, 15, 18, 75, 7, 0, 0.06%, 9, 0, 8, 274.86
1735372713, 15, 20, 75, 7, 0, 0.06%, 9, 0, 8, 374.38
1735372758, 15, 32, 75, 6, 0, 0.06%, 9, 0, 8, 314.61
1735372764, 15, 55, 75, 6, 0, 0.06%, 9, 0, 8, 304.59
1735372774, 15, 59, 75, 6, 0, 0.06%, 9, 0, 8, 312.90
1735372784, 15, 64, 75, 6, 0, 0.06%, 9, 0, 8, 291.88
1735372789, 16, 11, 75, 6, 0, 0.06%, 9, 0, 8, 269.42
1735372794, 16, 13, 75, 6, 0, 0.06%, 9, 0, 8, 264.18
1735372799, 16, 15, 75, 6, 0, 0.06%, 9, 0, 8, 261.56
1735372804, 16, 17, 75, 6, 0, 0.06%, 9, 0, 8, 382.87
1735372850, 16, 18, 75, 5, 0, 0.06%, 9, 0, 8, 279.22
1735372855, 16, 24, 75, 5, 0, 0.06%, 9, 0, 8, 280.47
1735372865, 16, 32, 75, 5, 0, 0.06%, 9, 0, 8, 276.86
1735372875, 16, 47, 75, 5, 0, 0.06%, 9, 0, 8, 289.22
1735372885, 16, 53, 75, 5, 0, 0.06%, 9, 0, 8, 306.97
1735372890, 16, 64, 75, 5, 0, 0.06%, 9, 0, 8, 299.99
1735372895, 17, 11, 75, 5, 0, 0.06%, 9, 0, 8, 278.84
1735372900, 17, 13, 75, 5, 0, 0.06%, 9, 0, 8, 271.99
1735372905, 17, 14, 75, 5, 0, 0.06%, 9, 0, 8, 268.46
1735372910, 17, 18, 75, 5, 0, 0.06%, 9, 0, 8, 268.49
1735372915, 17, 27, 75, 5, 0, 0.06%, 9, 0, 8, 285.55
1735372926, 17, 32, 75, 5, 0, 0.06%, 9, 0, 8, 288.64
1735372931, 17, 60, 75, 5, 0, 0.06%, 9, 0, 8, 384.94
1735373058, 17, 64, 75, 4, 0, 0.06%, 9, 0, 8, 292.74
1735373063, 17, 66, 75, 4, 0, 0.06%, 9, 0, 8, 380.56
1735373195, 18, 4, 75, 3, 0, 0.06%, 9, 0, 8, 294.59
1735373200, 18, 11, 75, 3, 0, 0.06%, 9, 0, 8, 277.16
1735373205, 18, 13, 75, 3, 0, 0.06%, 9, 0, 8, 268.00
1735373210, 18, 15, 75, 3, 0, 0.06%, 9, 0, 8, 287.08
1735373215, 18, 18, 75, 3, 0, 0.06%, 9, 0, 8, 289.24
1735373220, 18, 32, 75, 3, 0, 0.06%, 9, 0, 8, 274.53
1735373225, 18, 68, 75, 3, 0, 0.06%, 9, 0, 8, 320.21
1735373327, 19, 10, 75, 2, 0, 0.06%, 9, 0, 8, 271.46
1735373333, 19, 12, 75, 2, 0, 0.06%, 9, 0, 8, 278.78
1735373338, 19, 14, 75, 2, 0, 0.06%, 9, 0, 8, 279.06
1735373343, 19, 18, 75, 2, 0, 0.06%, 9, 0, 8, 269.84
1735373348, 19, 32, 75, 2, 0, 0.06%, 9, 0, 8, 267.34
1735373353, 19, 51, 75, 2, 0, 0.06%, 9, 0, 8, 310.13
1735373363, 19, 55, 75, 2, 0, 0.06%, 9, 0, 8, 317.70
1735373368, 19, 64, 75, 2, 0, 0.06%, 9, 0, 8, 290.36
1735373373, 20, 11, 75, 2, 0, 0.06%, 9, 0, 8, 289.10
1735373379, 20, 13, 75, 2, 0, 0.06%, 9, 0, 8, 285.67
1735373384, 20, 15, 75, 2, 0, 0.06%, 9, 0, 8, 267.27
1735373389, 20, 18, 75, 2, 0, 0.06%, 9, 0, 8, 280.27
1735373394, 20, 32, 75, 2, 0, 0.06%, 9, 0, 8, 281.69
1735373399, 20, 44, 75, 2, 0, 0.06%, 9, 0, 8, 318.66
1735373409, 20, 69, 75, 2, 0, 0.06%, 9, 0, 8, 348.00
1735373485, 20, 74, 75, 1, 0, 0.06%, 9, 0, 8, 188.22
