# unix_time, cycles_done, cur_path, paths_total, pending_total, pending_favs, map_size, unique_crashes, unique_hangs, max_depth, execs_per_sec
1735212167, 0, 0, 10, 10, 1, 0.00%, 0, 0, 1, 156.86
1735212172, 0, 3, 10, 10, 1, 0.00%, 0, 0, 1, 193.69
1735212177, 0, 4, 10, 9, 0, 0.00%, 0, 0, 1, 200.05
1735212182, 0, 5, 10, 8, 0, 0.00%, 0, 0, 1, 186.03
1735212192, 0, 6, 10, 7, 0, 0.00%, 0, 0, 1, 195.12
1735212197, 0, 7, 10, 6, 0, 0.00%, 0, 0, 1, 186.66
1735212208, 0, 8, 10, 5, 0, 0.00%, 0, 0, 1, 201.60
1735212213, 0, 9, 10, 4, 0, 0.00%, 0, 0, 1, 187.96
1735212223, 1, 0, 10, 3, 0, 0.00%, 0, 0, 1, 197.49
1735212233, 1, 1, 10, 2, 0, 0.00%, 0, 0, 1, 201.75
1735212244, 1, 2, 10, 1, 0, 0.00%, 0, 0, 1, 195.76
1735212254, 1, 3, 10, 0, 0, 0.00%, 0, 0, 1, 195.55
1735212259, 1, 5, 10, 0, 0, 0.00%, 0, 0, 1, 198.08
1735212265, 1, 6, 10, 0, 0, 0.00%, 0, 0, 1, 199.09
1735212270, 1, 8, 10, 0, 0, 0.00%, 0, 0, 1, 193.74
1735212275, 1, 9, 10, 0, 0, 0.00%, 0, 0, 1, 193.97
1735212280, 2, 1, 10, 0, 0, 0.00%, 0, 0, 1, 195.38
1735212285, 2, 2, 10, 0, 0, 0.00%, 0, 0, 1, 192.64
1735212290, 2, 3, 10, 0, 0, 0.00%, 0, 0, 1, 194.04
1735212296, 2, 5, 10, 0, 0, 0.00%, 0, 0, 1, 194.30
1735212301, 2, 6, 10, 0, 0, 0.00%, 0, 0, 1, 194.59
1735212306, 2, 8, 10, 0, 0, 0.00%, 0, 0, 1, 195.13
1735212311, 2, 9, 10, 0, 0, 0.00%, 0, 0, 1, 192.78
1735212316, 3, 0, 10, 0, 0, 0.00%, 0, 0, 1, 195.87
1735212321, 3, 2, 10, 0, 0, 0.00%, 0, 0, 1, 190.19
1735212326, 3, 3, 10, 0, 0, 0.00%, 0, 0, 1, 194.62
1735212331, 3, 5, 10, 0, 0, 0.00%, 0, 0, 1, 194.23
1735212337, 3, 6, 10, 0, 0, 0.00%, 0, 0, 1, 195.19
1735212342, 3, 7, 10, 0, 0, 0.00%, 0, 0, 1, 192.74
1735212347, 3, 9, 10, 0, 0, 0.00%, 0, 0, 1, 196.57
1735212352, 4, 0, 10, 0, 0, 0.00%, 0, 0, 1, 192.81
1735212357, 4, 1, 10, 0, 0, 0.00%, 0, 0, 1, 193.86
1735212362, 4, 3, 10, 0, 0, 0.00%, 0, 0, 1, 195.63
1735212368, 4, 4, 10, 0, 0, 0.00%, 0, 0, 1, 193.80
1735212373, 4, 6, 10, 0, 0, 0.00%, 0, 0, 1, 194.75
1735212378, 4, 7, 10, 0, 0, 0.00%, 0, 0, 1, 197.79
1735212383, 4, 10, 12, 2, 1, 0.05%, 2, 0, 3, 215.47
1735212439, 4, 10, 13, 3, 1, 0.05%, 3, 0, 3, 205.94
1735212475, 4, 10, 14, 4, 1, 0.05%, 4, 0, 3, 202.73
1735212505, 4, 10, 17, 7, 1, 0.05%, 4, 0, 3, 225.42
1735212510, 4, 10, 19, 9, 1, 0.06%, 5, 0, 3, 239.05
1735212515, 4, 10, 25, 15, 1, 0.06%, 7, 0, 3, 246.20
1735212525, 4, 10, 27, 17, 1, 0.06%, 8, 0, 3, 230.43
1735212535, 4, 11, 27, 16, 5, 0.06%, 8, 0, 3, 245.22
1735212546, 4, 11, 28, 17, 5, 0.06%, 8, 0, 4, 213.47
1735212571, 4, 11, 29, 18, 5, 0.06%, 8, 0, 4, 212.92
1735212647, 4, 11, 30, 19, 5, 0.06%, 8, 0, 4, 211.29
1735212662, 4, 13, 30, 18, 4, 0.06%, 8, 0, 4, 255.37
1735212703, 4, 20, 32, 19, 3, 0.06%, 9, 0, 4, 330.64
1735212733, 4, 20, 33, 20, 3, 0.06%, 9, 0, 4, 253.56
1735212744, 4, 24, 33, 19, 3, 0.06%, 9, 0, 4, 278.73
1735212769, 4, 24, 34, 20, 3, 0.06%, 9, 0, 4, 269.75
1735212774, 4, 24, 35, 21, 3, 0.06%, 9, 0, 4, 268.10
1735212790, 4, 24, 36, 22, 3, 0.06%, 9, 0, 4, 266.59
1735212805, 4, 24, 37, 23, 3, 0.06%, 9, 0, 4, 264.78
1735212860, 4, 26, 38, 23, 2, 0.06%, 9, 0, 4, 353.10
1735212896, 4, 30, 38, 22, 2, 0.06%, 9, 0, 4, 289.29
1735212901, 4, 30, 39, 23, 2, 0.06%, 9, 0, 5, 330.28
1735212977, 4, 37, 39, 22, 2, 0.06%, 9, 0, 5, 295.52
1735212983, 4, 37, 40, 23, 2, 0.06%, 9, 0, 5, 307.89
1735212993, 4, 37, 41, 24, 2, 0.06%, 9, 0, 5, 263.58
1735213038, 4, 37, 43, 26, 2, 0.06%, 9, 0, 5, 262.24
1735213079, 4, 37, 44, 27, 2, 0.06%, 9, 0, 5, 259.20
1735213099, 4, 37, 46, 29, 2, 0.06%, 9, 0, 5, 253.12
1735213104, 4, 38, 46, 28, 1, 0.06%, 9, 0, 5, 321.42
1735213170, 4, 38, 47, 29, 1, 0.06%, 9, 0, 6, 252.87
1735213175, 4, 38, 49, 31, 1, 0.06%, 9, 0, 6, 271.18
1735213180, 4, 43, 50, 31, 0, 0.06%, 9, 0, 6, 240.80
1735213201, 4, 43, 51, 32, 0, 0.06%, 9, 0, 6, 276.89
1735213236, 4, 43, 52, 33, 0, 0.06%, 9, 0, 6, 258.56
1735213322, 4, 43, 53, 34, 0, 0.06%, 9, 0, 6, 262.89
1735213332, 4, 43, 55, 36, 0, 0.06%, 9, 0, 6, 284.59
1735213337, 4, 43, 56, 37, 0, 0.06%, 9, 0, 6, 264.31
1735213342, 4, 52, 57, 37, 0, 0.06%, 9, 0, 7, 385.10
1735213373, 4, 52, 58, 38, 0, 0.06%, 9, 0, 7, 260.17
1735213429, 4, 55, 60, 39, 0, 0.06%, 9, 0, 7, 338.31
1735213434, 4, 55, 62, 41, 0, 0.06%, 9, 0, 7, 421.67
1735213566, 4, 58, 62, 40, 0, 0.06%, 9, 0, 7, 224.32
1735213682, 5, 11, 62, 39, 0, 0.06%, 9, 0, 7, 238.87
1735213687, 5, 21, 62, 39, 0, 0.06%, 9, 0, 7, 278.49
1735213717, 5, 23, 62, 38, 0, 0.06%, 9, 0, 7, 295.22
1735213748, 5, 31, 62, 37, 0, 0.06%, 9, 0, 7, 305.95
1735213798, 5, 32, 62, 36, 0, 0.06%, 9, 0, 7, 265.23
1735213824, 5, 32, 63, 37, 0, 0.06%, 9, 0, 7, 277.38
1735213885, 5, 34, 63, 36, 0, 0.06%, 9, 0, 7, 404.08
1735213915, 5, 34, 64, 37, 0, 0.06%, 9, 0, 7, 268.27
1735213966, 5, 37, 64, 36, 0, 0.06%, 9, 0, 7, 274.31
1735213971, 5, 38, 64, 36, 0, 0.06%, 9, 0, 7, 282.36
1735213976, 5, 39, 64, 36, 0, 0.06%, 9, 0, 7, 296.82
1735214021, 5, 39, 65, 37, 0, 0.06%, 9, 0, 7, 299.59
1735214032, 5, 47, 65, 36, 0, 0.06%, 9, 0, 7, 361.70
1735214219, 5, 51, 65, 35, 0, 0.06%, 9, 0, 7, 334.34
1735214311, 5, 56, 65, 34, 0, 0.06%, 9, 0, 7, 269.63
1735214367, 5, 59, 65, 33, 0, 0.06%, 9, 0, 7, 329.00
1735214473, 5, 61, 65, 32, 0, 0.06%, 9, 0, 7, 297.34
1735214590, 5, 62, 65, 31, 0, 0.06%, 9, 0, 7, 393.24
1735214646, 5, 63, 65, 30, 0, 0.06%, 9, 0, 7, 316.10
1735214707, 6, 11, 65, 29, 0, 0.06%, 9, 0, 7, 264.27
1735214712, 6, 14, 65, 29, 0, 0.06%, 9, 0, 7, 319.04
1735214742, 6, 24, 65, 28, 0, 0.06%, 9, 0, 7, 271.30
1735214747, 6, 35, 65, 28, 0, 0.06%, 9, 0, 7, 270.57
1735215210, 6, 36, 65, 27, 0, 0.06%, 9, 0, 7, 313.48
1735215408, 6, 36, 66, 28, 0, 0.06%, 9, 0, 7, 363.77
1735215433, 6, 36, 67, 29, 0, 0.06%, 9, 0, 7, 357.43
1735215510, 6, 37, 67, 28, 0, 0.06%, 9, 0, 7, 281.19
1735215515, 6, 38, 67, 28, 0, 0.06%, 9, 0, 7, 279.02
1735215520, 6, 40, 67, 28, 0, 0.06%, 9, 0, 7, 317.98
1735215576, 6, 42, 67, 27, 0, 0.06%, 9, 0, 7, 377.26
1735215652, 6, 45, 67, 26, 0, 0.06%, 9, 0, 7, 415.81
1735215844, 6, 46, 67, 25, 0, 0.06%, 9, 0, 7, 224.30
1735216276, 6, 48, 67, 24, 0, 0.06%, 9, 0, 7, 386.54
1735216393, 6, 53, 67, 23, 0, 0.06%, 9, 0, 7, 258.79
1735216612, 6, 54, 67, 22, 0, 0.06%, 9, 0, 7, 227.40
1735217126, 7, 11, 67, 21, 0, 0.06%, 9, 0, 7, 255.88
1735217131, 7, 12, 67, 21, 0, 0.06%, 9, 0, 7, 402.00
1735217161, 7, 18, 67, 20, 0, 0.06%, 9, 0, 7, 264.55
1735217192, 7, 23, 67, 19, 0, 0.06%, 9, 0, 7, 268.86
1735217197, 7, 31, 67, 19, 0, 0.06%, 9, 0, 7, 277.70
1735217202, 7, 37, 67, 19, 0, 0.06%, 9, 0, 7, 277.25
1735217207, 7, 40, 67, 19, 0, 0.06%, 9, 0, 7, 269.20
1735217212, 7, 41, 67, 19, 0, 0.06%, 9, 0, 7, 309.17
1735217268, 7, 51, 67, 18, 0, 0.06%, 9, 0, 7, 279.27
1735217273, 8, 11, 67, 18, 0, 0.06%, 9, 0, 7, 255.43
1735217278, 8, 15, 67, 18, 0, 0.06%, 9, 0, 7, 260.96
1735217308, 8, 22, 67, 17, 0, 0.06%, 9, 0, 7, 378.57
1735217339, 8, 23, 67, 16, 0, 0.06%, 9, 0, 7, 275.30
1735217344, 8, 31, 67, 16, 0, 0.06%, 9, 0, 7, 278.34
1735217349, 8, 40, 67, 16, 0, 0.06%, 9, 0, 7, 261.89
1735217354, 8, 41, 67, 16, 0, 0.06%, 9, 0, 7, 271.23
1735217359, 8, 47, 67, 16, 0, 0.06%, 9, 0, 7, 274.63
1735217364, 8, 49, 67, 16, 0, 0.06%, 9, 0, 7, 279.40
1735217425, 8, 65, 67, 15, 0, 0.06%, 9, 0, 7, 256.84
1735217887, 9, 11, 67, 14, 0, 0.06%, 9, 0, 7, 257.32
1735217892, 9, 17, 67, 14, 0, 0.06%, 9, 0, 7, 271.17
1735217922, 9, 22, 67, 13, 0, 0.06%, 9, 0, 7, 271.26
1735217927, 9, 23, 67, 13, 0, 0.06%, 9, 0, 7, 261.44
1735217932, 9, 25, 67, 13, 0, 0.06%, 9, 0, 7, 312.45
1735217973, 9, 28, 67, 12, 0, 0.06%, 9, 0, 7, 306.04
1735218013, 9, 31, 67, 11, 0, 0.06%, 9, 0, 7, 276.85
1735218018, 9, 34, 68, 12, 0, 0.06%, 9, 0, 7, 268.11
1735218024, 9, 40, 68, 12, 0, 0.06%, 9, 0, 7, 273.31
1735218029, 9, 41, 68, 12, 0, 0.06%, 9, 0, 7, 261.90
1735218034, 9, 54, 68, 12, 0, 0.06%, 9, 0, 7, 287.70
1735218039, 10, 10, 68, 12, 0, 0.06%, 9, 0, 7, 263.17
1735218044, 10, 11, 69, 13, 0, 0.06%, 9, 0, 7, 244.70
1735218049, 10, 19, 69, 13, 0, 0.06%, 9, 0, 7, 282.76
1735218079, 10, 24, 69, 12, 0, 0.06%, 9, 0, 7, 270.41
1735218084, 10, 31, 69, 12, 0, 0.06%, 9, 0, 7, 259.27
1735218090, 10, 33, 69, 12, 0, 0.06%, 9, 0, 7, 383.03
1735218100, 10, 33, 70, 13, 0, 0.06%, 9, 0, 7, 292.11
1735218155, 10, 33, 71, 14, 0, 0.06%, 9, 0, 7, 277.97
1735218231, 10, 40, 71, 13, 0, 0.06%, 9, 0, 7, 278.17
1735218236, 10, 41, 71, 13, 0, 0.06%, 9, 0, 7, 271.41
1735218241, 10, 61, 71, 13, 0, 0.06%, 9, 0, 7, 276.62
1735218247, 10, 67, 71, 13, 0, 0.06%, 9, 0, 7, 379.43
1735218322, 10, 68, 71, 12, 0, 0.06%, 9, 0, 7, 313.87
1735218383, 11, 11, 72, 12, 0, 0.06%, 9, 0, 7, 263.88
1735218388, 11, 13, 72, 12, 0, 0.06%, 9, 0, 7, 264.02
1735218393, 11, 23, 72, 12, 0, 0.06%, 9, 0, 7, 274.48
1735218399, 11, 31, 72, 12, 0, 0.06%, 9, 0, 7, 270.89
1735218404, 11, 34, 72, 12, 0, 0.06%, 9, 0, 7, 291.82
1735218409, 11, 40, 72, 12, 0, 0.06%, 9, 0, 7, 264.04
1735218414, 11, 41, 72, 12, 0, 0.06%, 9, 0, 7, 265.33
1735218419, 11, 69, 72, 12, 0, 0.06%, 9, 0, 7, 355.69
1735218505, 11, 70, 72, 11, 0, 0.06%, 9, 0, 7, 344.57
1735218633, 11, 71, 72, 10, 0, 0.06%, 9, 0, 7, 317.95
1735218744, 12, 11, 72, 9, 0, 0.06%, 9, 0, 7, 262.01
1735218750, 12, 23, 72, 9, 0, 0.06%, 9, 0, 7, 265.11
1735218755, 12, 25, 72, 9, 0, 0.06%, 9, 0, 7, 266.29
1735218760, 12, 29, 72, 9, 0, 0.06%, 9, 0, 7, 346.46
1735218816, 12, 32, 72, 8, 0, 0.06%, 9, 0, 7, 288.47
1735218821, 12, 40, 72, 8, 0, 0.06%, 9, 0, 7, 279.32
1735218831, 12, 41, 72, 8, 0, 0.06%, 9, 0, 7, 274.04
1735218836, 12, 63, 72, 8, 0, 0.06%, 9, 0, 7, 270.21
1735218846, 12, 67, 72, 8, 0, 0.06%, 9, 0, 7, 307.66
1735218866, 13, 11, 72, 8, 0, 0.06%, 9, 0, 7, 263.43
1735218871, 13, 21, 72, 8, 0, 0.06%, 9, 0, 7, 268.53
1735218876, 13, 23, 72, 8, 0, 0.06%, 9, 0, 7, 274.32
1735218881, 13, 31, 72, 8, 0, 0.06%, 9, 0, 7, 286.57
1735218886, 13, 38, 72, 8, 0, 0.06%, 9, 0, 7, 274.43
1735218891, 13, 40, 72, 8, 0, 0.06%, 9, 0, 7, 272.28
1735218897, 13, 41, 72, 8, 0, 0.06%, 9, 0, 7, 258.76
1735218902, 13, 62, 72, 8, 0, 0.06%, 9, 0, 7, 274.81
1735218912, 14, 9, 72, 8, 0, 0.06%, 9, 0, 7, 275.90
1735218917, 14, 11, 72, 8, 0, 0.06%, 9, 0, 7, 253.20
1735218922, 14, 23, 72, 8, 0, 0.06%, 9, 0, 7, 261.17
1735218927, 14, 31, 72, 8, 0, 0.06%, 9, 0, 7, 262.46
1735218937, 14, 32, 72, 8, 0, 0.06%, 9, 0, 7, 281.88
1735218943, 14, 40, 72, 8, 0, 0.06%, 9, 0, 7, 262.50
1735218948, 14, 41, 72, 8, 0, 0.06%, 9, 0, 7, 273.61
1735218953, 14, 66, 72, 8, 0, 0.06%, 9, 0, 7, 403.83
1735219175, 15, 10, 72, 7, 0, 0.06%, 9, 0, 7, 272.21
1735219180, 15, 11, 72, 7, 0, 0.06%, 9, 0, 7, 262.51
1735219185, 15, 23, 72, 7, 0, 0.06%, 9, 0, 7, 262.98
1735219190, 15, 31, 72, 7, 0, 0.06%, 9, 0, 7, 282.04
1735219195, 15, 40, 72, 7, 0, 0.06%, 9, 0, 7, 274.28
1735219200, 15, 41, 72, 7, 0, 0.06%, 9, 0, 7, 265.30
1735219205, 15, 47, 72, 7, 0, 0.06%, 9, 0, 7, 271.24
1735219211, 15, 64, 72, 7, 0, 0.06%, 9, 0, 7, 287.62
1735219266, 15, 65, 72, 6, 0, 0.06%, 9, 0, 7, 317.81
1735219276, 16, 11, 72, 6, 0, 0.06%, 9, 0, 7, 256.13
1735219282, 16, 16, 72, 6, 0, 0.06%, 9, 0, 7, 262.94
1735219312, 16, 24, 72, 5, 0, 0.06%, 9, 0, 7, 281.86
1735219317, 16, 31, 72, 5, 0, 0.06%, 9, 0, 7, 283.15
1735219322, 16, 40, 72, 5, 0, 0.06%, 9, 0, 7, 273.63
1735219327, 16, 41, 72, 5, 0, 0.06%, 9, 0, 7, 254.93
1735219332, 16, 44, 72, 5, 0, 0.06%, 9, 0, 7, 312.51
1735219459, 17, 10, 72, 4, 0, 0.06%, 9, 0, 7, 263.35
1735219464, 17, 11, 72, 4, 0, 0.06%, 9, 0, 7, 262.88
1735219469, 17, 23, 72, 4, 0, 0.06%, 9, 0, 7, 261.69
1735219474, 17, 31, 72, 4, 0, 0.06%, 9, 0, 7, 277.77
1735219479, 17, 40, 72, 4, 0, 0.06%, 9, 0, 7, 274.49
1735219485, 17, 41, 72, 4, 0, 0.06%, 9, 0, 7, 271.06
1735219490, 17, 42, 72, 4, 0, 0.06%, 9, 0, 7, 297.80
1735219495, 17, 47, 72, 4, 0, 0.06%, 9, 0, 7, 299.57
1735219500, 17, 50, 72, 4, 0, 0.06%, 9, 0, 7, 321.38
1735219556, 17, 54, 72, 3, 0, 0.06%, 9, 0, 7, 307.04
1735219561, 17, 58, 72, 3, 0, 0.06%, 9, 0, 7, 290.86
1735219566, 18, 8, 72, 3, 0, 0.06%, 9, 0, 7, 268.56
1735219571, 18, 11, 72, 3, 0, 0.06%, 9, 0, 7, 273.40
1735219576, 18, 16, 72, 3, 0, 0.06%, 9, 0, 7, 270.16
1735219581, 18, 24, 72, 3, 0, 0.06%, 9, 0, 7, 277.12
1735219587, 18, 27, 72, 3, 0, 0.06%, 9, 0, 7, 253.44
1735219637, 18, 31, 72, 2, 0, 0.06%, 9, 0, 7, 281.55
1735219642, 18, 40, 72, 2, 0, 0.06%, 9, 0, 7, 260.85
1735219647, 18, 41, 72, 2, 0, 0.06%, 9, 0, 7, 270.56
1735219652, 18, 42, 72, 2, 0, 0.06%, 9, 0, 7, 271.49
1735219657, 18, 66, 72, 2, 0, 0.06%, 9, 0, 7, 299.36
1735219667, 19, 9, 72, 2, 0, 0.06%, 9, 0, 7, 268.37
1735219672, 19, 11, 72, 2, 0, 0.06%, 9, 0, 7, 265.19
1735219677, 19, 23, 72, 2, 0, 0.06%, 9, 0, 7, 266.01
1735219683, 19, 31, 72, 2, 0, 0.06%, 9, 0, 7, 282.43
1735219688, 19, 40, 72, 2, 0, 0.06%, 9, 0, 7, 274.88
1735219693, 19, 41, 72, 2, 0, 0.06%, 9, 0, 7, 274.14
1735219698, 19, 57, 72, 2, 0, 0.06%, 9, 0, 7, 279.00
1735219774, 19, 58, 72, 1, 0, 0.06%, 9, 0, 7, 268.22
1735219779, 20, 11, 72, 1, 0, 0.06%, 9, 0, 7, 255.69
1735219784, 20, 19, 72, 1, 0, 0.06%, 9, 0, 7, 270.35
1735219789, 20, 24, 72, 1, 0, 0.06%, 9, 0, 7, 270.40
1735219794, 20, 31, 72, 1, 0, 0.06%, 9, 0, 7, 289.40
1735219799, 20, 32, 72, 1, 0, 0.06%, 9, 0, 7, 285.09
1735219804, 20, 40, 72, 1, 0, 0.06%, 9, 0, 7, 269.22
1735219809, 20, 41, 72, 1, 0, 0.06%, 9, 0, 7, 258.62
1735219814, 20, 62, 72, 1, 0, 0.06%, 9, 0, 7, 265.88
1735219819, 21, 5, 72, 1, 0, 0.06%, 9, 0, 7, 256.51
1735219824, 21, 11, 72, 1, 0, 0.06%, 9, 0, 7, 265.27
1735219830, 21, 23, 72, 1, 0, 0.06%, 9, 0, 7, 270.59
1735219835, 21, 31, 72, 1, 0, 0.06%, 9, 0, 7, 277.16
1735219840, 21, 40, 72, 1, 0, 0.06%, 9, 0, 7, 262.74
1735219845, 21, 41, 72, 1, 0, 0.06%, 9, 0, 7, 277.37
1735219855, 21, 44, 72, 1, 0, 0.06%, 9, 0, 7, 279.45
1735219860, 21, 49, 72, 1, 0, 0.06%, 9, 0, 7, 261.70
1735219865, 21, 51, 72, 1, 0, 0.06%, 9, 0, 7, 266.89
1735219870, 21, 62, 72, 1, 0, 0.06%, 9, 0, 7, 291.57
1735219875, 22, 11, 72, 1, 0, 0.06%, 9, 0, 7, 262.86
1735219880, 22, 23, 72, 1, 0, 0.06%, 9, 0, 7, 264.53
1735219885, 22, 24, 72, 1, 0, 0.06%, 9, 0, 7, 259.43
1735219890, 22, 29, 72, 1, 0, 0.06%, 9, 0, 7, 264.51
1735219895, 22, 31, 72, 1, 0, 0.06%, 9, 0, 7, 268.20
1735219900, 22, 36, 72, 1, 0, 0.06%, 9, 0, 7, 286.67
1735219905, 22, 40, 72, 1, 0, 0.06%, 9, 0, 7, 283.17
1735219910, 22, 41, 72, 1, 0, 0.06%, 9, 0, 7, 276.87
1735219921, 22, 62, 72, 1, 0, 0.06%, 9, 0, 7, 267.40
1735219926, 22, 65, 72, 1, 0, 0.06%, 9, 0, 7, 294.43
1735219936, 23, 11, 72, 1, 0, 0.06%, 9, 0, 7, 256.89
1735219941, 23, 23, 72, 1, 0, 0.06%, 9, 0, 7, 260.77
1735219946, 23, 24, 72, 1, 0, 0.06%, 9, 0, 7, 265.62
1735219951, 23, 31, 72, 1, 0, 0.06%, 9, 0, 7, 277.36
1735219956, 23, 40, 72, 1, 0, 0.06%, 9, 0, 7, 260.62
1735219961, 23, 41, 72, 1, 0, 0.06%, 9, 0, 7, 271.38
1735219967, 23, 59, 72, 1, 0, 0.06%, 9, 0, 7, 269.80
1735219972, 24, 11, 72, 1, 0, 0.06%, 9, 0, 7, 250.32
1735219977, 24, 23, 72, 1, 0, 0.06%, 9, 0, 7, 261.22
1735219982, 24, 24, 72, 1, 0, 0.06%, 9, 0, 7, 263.99
1735219987, 24, 31, 72, 1, 0, 0.06%, 9, 0, 7, 268.41
1735219992, 24, 40, 72, 1, 0, 0.06%, 9, 0, 7, 277.40
1735219997, 24, 41, 72, 1, 0, 0.06%, 9, 0, 7, 254.96
1735220007, 24, 60, 72, 1, 0, 0.06%, 9, 0, 7, 362.69
1735220130, 24, 66, 72, 0, 0, 0.06%, 9, 0, 7, 305.41
1735220140, 25, 10, 72, 0, 0, 0.06%, 9, 0, 7, 254.71
1735220145, 25, 13, 72, 0, 0, 0.06%, 9, 0, 7, 267.39
1735220150, 25, 17, 72, 0, 0, 0.06%, 9, 0, 7, 279.43
1735220155, 25, 24, 72, 0, 0, 0.06%, 9, 0, 7, 271.16
1735220160, 25, 31, 72, 0, 0, 0.06%, 9, 0, 7, 274.13
1735220165, 25, 40, 72, 0, 0, 0.06%, 9, 0, 7, 288.87
1735220170, 25, 41, 72, 0, 0, 0.06%, 9, 0, 7, 272.76
1735220175, 25, 67, 72, 0, 0, 0.06%, 9, 0, 7, 296.61
1735220185, 26, 11, 72, 0, 0, 0.06%, 9, 0, 7, 258.20
1735220190, 26, 13, 72, 0, 0, 0.06%, 9, 0, 7, 270.44
1735220195, 26, 24, 72, 0, 0, 0.06%, 9, 0, 7, 278.93
1735220200, 26, 31, 72, 0, 0, 0.06%, 9, 0, 7, 282.91
1735220205, 26, 40, 72, 0, 0, 0.06%, 9, 0, 7, 276.25
1735220211, 26, 41, 72, 0, 0, 0.06%, 9, 0, 7, 280.41
1735220216, 26, 52, 72, 0, 0, 0.06%, 9, 0, 7, 270.79
1735220221, 27, 10, 72, 0, 0, 0.06%, 9, 0, 7, 256.63
1735220226, 27, 13, 72, 0, 0, 0.06%, 9, 0, 7, 260.25
1735220231, 27, 24, 72, 0, 0, 0.06%, 9, 0, 7, 273.18
1735220236, 27, 27, 72, 0, 0, 0.06%, 9, 0, 7, 258.91
1735220241, 27, 31, 72, 0, 0, 0.06%, 9, 0, 7, 273.41
1735220246, 27, 40, 72, 0, 0, 0.06%, 9, 0, 7, 268.91
1735220251, 27, 41, 72, 0, 0, 0.06%, 9, 0, 7, 268.51
1735220256, 27, 45, 72, 0, 0, 0.06%, 9, 0, 7, 301.82
1735220261, 27, 50, 72, 0, 0, 0.06%, 9, 0, 7, 291.45
1735220266, 28, 10, 72, 0, 0, 0.06%, 9, 0, 7, 270.18
1735220271, 28, 13, 72, 0, 0, 0.06%, 9, 0, 7, 265.89
1735220276, 28, 24, 72, 0, 0, 0.06%, 9, 0, 7, 267.17
1735220281, 28, 31, 72, 0, 0, 0.06%, 9, 0, 7, 272.00
1735220286, 28, 40, 72, 0, 0, 0.06%, 9, 0, 7, 269.35
1735220291, 28, 41, 72, 0, 0, 0.06%, 9, 0, 7, 254.69
1735220297, 28, 62, 72, 0, 0, 0.06%, 9, 0, 7, 275.95
1735220302, 29, 10, 72, 0, 0, 0.06%, 9, 0, 7, 256.49
1735220307, 29, 13, 72, 0, 0, 0.06%, 9, 0, 7, 259.89
1735220312, 29, 24, 72, 0, 0, 0.06%, 9, 0, 7, 265.91
1735220317, 29, 31, 72, 0, 0, 0.06%, 9, 0, 7, 269.68
1735220322, 29, 40, 72, 0, 0, 0.06%, 9, 0, 7, 269.04
1735220327, 29, 41, 72, 0, 0, 0.06%, 9, 0, 7, 274.49
1735220332, 29, 45, 72, 0, 0, 0.06%, 9, 0, 7, 291.45
1735220337, 29, 50, 72, 0, 0, 0.06%, 9, 0, 7, 285.80
1735220342, 29, 60, 72, 0, 0, 0.06%, 9, 0, 7, 284.31
1735220347, 29, 62, 72, 0, 0, 0.06%, 9, 0, 7, 286.19
1735220353, 29, 64, 72, 0, 0, 0.06%, 9, 0, 7, 286.04
1735220363, 30, 6, 72, 0, 0, 0.06%, 9, 0, 7, 246.72
1735220368, 30, 11, 72, 0, 0, 0.06%, 9, 0, 7, 258.90
1735220373, 30, 17, 72, 0, 0, 0.06%, 9, 0, 7, 262.25
1735220378, 30, 24, 72, 0, 0, 0.06%, 9, 0, 7, 269.51
1735220383, 30, 31, 72, 0, 0, 0.06%, 9, 0, 7, 282.93
1735220388, 30, 37, 72, 0, 0, 0.06%, 9, 0, 7, 284.39
1735220393, 30, 40, 72, 0, 0, 0.06%, 9, 0, 7, 276.06
1735220398, 30, 41, 72, 0, 0, 0.06%, 9, 0, 7, 281.39
1735220404, 30, 61, 72, 0, 0, 0.06%, 9, 0, 7, 281.64
1735220409, 30, 65, 72, 0, 0, 0.06%, 9, 0, 7, 300.60
1735220414, 31, 11, 72, 0, 0, 0.06%, 9, 0, 7, 263.92
1735220419, 31, 23, 72, 0, 0, 0.06%, 9, 0, 7, 264.92
1735220424, 31, 31, 72, 0, 0, 0.06%, 9, 0, 7, 278.76
1735220429, 31, 40, 72, 0, 0, 0.06%, 9, 0, 7, 276.33
1735220434, 31, 41, 72, 0, 0, 0.06%, 9, 0, 7, 259.33
1735220444, 31, 46, 72, 0, 0, 0.06%, 9, 0, 7, 282.10
1735220449, 31, 70, 72, 0, 0, 0.06%, 9, 0, 7, 288.97
1735220470, 32, 11, 72, 0, 0, 0.06%, 9, 0, 7, 261.74
1735220475, 32, 23, 72, 0, 0, 0.06%, 9, 0, 7, 262.07
1735220480, 32, 31, 72, 0, 0, 0.06%, 9, 0, 7, 277.05
1735220485, 32, 33, 72, 0, 0, 0.06%, 9, 0, 7, 294.54
1735220490, 32, 40, 72, 0, 0, 0.06%, 9, 0, 7, 268.89
1735220495, 32, 41, 72, 0, 0, 0.06%, 9, 0, 7, 257.63
1735220505, 32, 42, 72, 0, 0, 0.06%, 9, 0, 7, 276.35
1735220510, 32, 54, 72, 0, 0, 0.06%, 9, 0, 7, 284.21
1735220515, 33, 11, 72, 0, 0, 0.06%, 9, 0, 7, 261.15
1735220520, 33, 23, 72, 0, 0, 0.06%, 9, 0, 7, 269.13
1735220525, 33, 31, 72, 0, 0, 0.06%, 9, 0, 7, 275.23
1735220530, 33, 40, 72, 0, 0, 0.06%, 9, 0, 7, 276.33
1735220535, 33, 41, 72, 0, 0, 0.06%, 9, 0, 7, 288.86
1735220546, 33, 45, 72, 0, 0, 0.06%, 9, 0, 7, 274.10
1735220551, 33, 51, 72, 0, 0, 0.06%, 9, 0, 7, 271.45
1735220556, 33, 56, 72, 0, 0, 0.06%, 9, 0, 7, 283.52
1735220561, 34, 11, 72, 0, 0, 0.06%, 9, 0, 7, 265.70
1735220566, 34, 17, 72, 0, 0, 0.06%, 9, 0, 7, 271.71
1735220571, 34, 23, 72, 0, 0, 0.06%, 9, 0, 7, 270.55
1735220576, 34, 31, 72, 0, 0, 0.06%, 9, 0, 7, 286.45
1735220581, 34, 33, 72, 0, 0, 0.06%, 9, 0, 7, 269.50
1735220586, 34, 34, 72, 0, 0, 0.06%, 9, 0, 7, 287.50
1735220591, 34, 38, 72, 0, 0, 0.06%, 9, 0, 7, 288.02
1735220597, 34, 40, 72, 0, 0, 0.06%, 9, 0, 7, 290.38
1735220602, 34, 41, 72, 0, 0, 0.06%, 9, 0, 7, 278.89
1735220607, 34, 44, 72, 0, 0, 0.06%, 9, 0, 7, 281.82
1735220612, 35, 11, 72, 0, 0, 0.06%, 9, 0, 7, 260.62
1735220617, 35, 13, 72, 0, 0, 0.06%, 9, 0, 7, 260.30
1735220622, 35, 24, 72, 0, 0, 0.06%, 9, 0, 7, 270.62
1735220627, 35, 29, 72, 0, 0, 0.06%, 9, 0, 7, 272.40
1735220632, 35, 31, 72, 0, 0, 0.06%, 9, 0, 7, 281.10
1735220637, 35, 40, 72, 0, 0, 0.06%, 9, 0, 7, 278.41
1735220642, 35, 41, 72, 0, 0, 0.06%, 9, 0, 7, 280.16
1735220653, 35, 53, 72, 0, 0, 0.06%, 9, 0, 7, 291.70
1735220658, 36, 10, 72, 0, 0, 0.06%, 9, 0, 7, 286.01
1735220663, 36, 11, 72, 0, 0, 0.06%, 9, 0, 7, 262.63
1735220668, 36, 23, 72, 0, 0, 0.06%, 9, 0, 7, 271.38
1735220673, 36, 25, 72, 0, 0, 0.06%, 9, 0, 7, 278.70
1735220678, 36, 31, 72, 0, 0, 0.06%, 9, 0, 7, 272.00
1735220683, 36, 40, 72, 0, 0, 0.06%, 9, 0, 7, 276.88
1735220688, 36, 41, 72, 0, 0, 0.06%, 9, 0, 7, 265.95
1735220693, 37, 11, 72, 0, 0, 0.06%, 9, 0, 7, 262.42
1735220698, 37, 16, 72, 0, 0, 0.06%, 9, 0, 7, 268.03
1735220704, 37, 23, 72, 0, 0, 0.06%, 9, 0, 7, 268.84
1735220709, 37, 24, 72, 0, 0, 0.06%, 9, 0, 7, 271.04
1735220714, 37, 40, 72, 0, 0, 0.06%, 9, 0, 7, 269.72
1735220724, 37, 41, 72, 0, 0, 0.06%, 9, 0, 7, 266.52
1735220729, 37, 45, 72, 0, 0, 0.06%, 9, 0, 7, 288.62
1735220734, 37, 56, 72, 0, 0, 0.06%, 9, 0, 7, 277.89
1735220739, 37, 61, 72, 0, 0, 0.06%, 9, 0, 7, 281.37
1735220744, 38, 11, 72, 0, 0, 0.06%, 9, 0, 7, 269.05
1735220749, 38, 23, 72, 0, 0, 0.06%, 9, 0, 7, 264.44
1735220754, 38, 31, 72, 0, 0, 0.06%, 9, 0, 7, 276.38
1735220759, 38, 32, 72, 0, 0, 0.06%, 9, 0, 7, 277.36
1735220764, 38, 40, 72, 0, 0, 0.06%, 9, 0, 7, 282.18
1735220769, 38, 41, 72, 0, 0, 0.06%, 9, 0, 7, 268.10
1735220780, 38, 42, 72, 0, 0, 0.06%, 9, 0, 7, 275.00
1735220785, 39, 11, 72, 0, 0, 0.06%, 9, 0, 7, 266.04
1735220790, 39, 72, 74, 2, 1, 0.07%, 10, 0, 7, 253.64
1735220851, 39, 73, 74, 1, 1, 0.07%, 10, 0, 7, 223.55
1735220871, 39, 73, 75, 2, 1, 0.08%, 11, 0, 7, 230.67
1735220943, 39, 74, 75, 1, 1, 0.08%, 11, 0, 7, 294.24
1735220948, 39, 74, 76, 2, 1, 0.08%, 11, 0, 7, 251.50
1735220963, 39, 74, 77, 3, 1, 0.08%, 11, 0, 7, 248.77
1735220999, 39, 74, 78, 4, 1, 0.08%, 11, 0, 7, 248.04
1735221014, 39, 74, 79, 5, 1, 0.08%, 11, 0, 7, 251.63
1735221060, 39, 74, 80, 6, 1, 0.08%, 11, 0, 7, 249.38
1735221091, 39, 75, 80, 5, 1, 0.08%, 11, 0, 7, 289.94
1735221096, 39, 75, 81, 6, 1, 0.08%, 12, 0, 8, 332.85
1735221146, 39, 80, 83, 7, 1, 0.11%, 14, 0, 9, 310.36
1735221172, 39, 80, 84, 8, 1, 0.11%, 14, 0, 9, 258.16
1735221197, 39, 80, 85, 9, 1, 0.11%, 14, 0, 9, 257.71
1735221207, 39, 80, 86, 10, 1, 0.11%, 14, 0, 9, 254.96
1735221212, 39, 80, 87, 11, 1, 0.11%, 15, 0, 9, 262.09
1735221263, 39, 81, 88, 11, 3, 0.11%, 16, 0, 10, 271.40
1735221273, 39, 81, 89, 12, 3, 0.11%, 17, 0, 10, 267.29
1735221304, 39, 81, 90, 13, 3, 0.11%, 17, 0, 10, 251.43
1735221359, 39, 81, 91, 14, 3, 0.11%, 17, 0, 10, 256.63
1735221425, 39, 82, 91, 13, 4, 0.11%, 17, 0, 10, 287.39
1735221436, 39, 82, 92, 14, 4, 0.11%, 17, 0, 10, 260.40
1735221471, 39, 82, 93, 15, 4, 0.11%, 17, 0, 10, 251.98
1735221537, 39, 82, 94, 16, 4, 0.11%, 17, 0, 10, 279.02
1735221547, 39, 86, 94, 15, 3, 0.11%, 17, 0, 10, 282.23
1735221557, 39, 86, 95, 16, 3, 0.11%, 17, 0, 10, 267.27
1735221709, 39, 87, 95, 15, 2, 0.11%, 17, 0, 10, 317.64
1735221720, 39, 87, 96, 16, 2, 0.11%, 17, 0, 11, 265.07
1735221770, 39, 87, 97, 17, 2, 0.11%, 17, 0, 11, 259.06
1735221841, 39, 87, 98, 18, 2, 0.11%, 17, 0, 11, 254.69
1735221872, 39, 88, 98, 17, 1, 0.11%, 17, 0, 11, 274.22
1735221877, 39, 88, 99, 18, 1, 0.11%, 18, 0, 11, 248.22
1735221882, 39, 88, 101, 20, 1, 0.11%, 18, 0, 11, 317.55
1735221887, 39, 88, 103, 22, 1, 0.11%, 18, 0, 11, 279.25
1735221892, 39, 88, 104, 23, 1, 0.11%, 18, 0, 11, 276.27
1735221902, 39, 88, 105, 24, 1, 0.11%, 18, 0, 11, 262.72
1735221968, 39, 98, 106, 24, 1, 0.11%, 19, 0, 12, 300.09
1735221998, 39, 98, 107, 25, 1, 0.11%, 19, 0, 12, 272.67
1735222024, 39, 98, 108, 26, 1, 0.12%, 20, 0, 12, 264.32
1735222060, 39, 102, 108, 25, 2, 0.12%, 20, 0, 12, 273.99
1735222126, 39, 105, 110, 26, 2, 0.12%, 22, 0, 13, 296.71
1735222131, 39, 105, 111, 27, 2, 0.12%, 23, 0, 13, 267.29
1735222157, 39, 105, 112, 28, 2, 0.12%, 23, 0, 13, 267.61
1735222182, 39, 105, 113, 29, 2, 0.12%, 23, 0, 13, 270.04
1735222248, 39, 107, 113, 28, 4, 0.12%, 23, 0, 13, 277.07
1735222274, 39, 107, 114, 29, 4, 0.12%, 23, 0, 13, 278.62
1735222335, 39, 107, 115, 30, 4, 0.12%, 23, 0, 13, 270.94
1735222360, 39, 107, 116, 31, 4, 0.13%, 24, 0, 13, 272.48
1735222370, 39, 108, 116, 30, 4, 0.13%, 24, 0, 13, 287.83
1735222385, 39, 108, 117, 31, 4, 0.13%, 24, 0, 14, 281.63
1735222421, 39, 108, 118, 32, 4, 0.13%, 24, 0, 14, 265.85
1735222431, 39, 108, 119, 33, 4, 0.14%, 25, 0, 14, 266.25
1735222467, 39, 109, 119, 32, 4, 0.14%, 25, 0, 14, 285.64
1735222477, 39, 109, 120, 33, 4, 0.14%, 25, 0, 14, 294.85
1735222487, 39, 109, 121, 34, 4, 0.14%, 25, 0, 14, 277.03
1735222568, 39, 109, 123, 36, 4, 0.14%, 25, 0, 14, 261.98
1735222584, 39, 109, 124, 37, 4, 0.14%, 25, 0, 14, 266.89
1735222589, 39, 110, 124, 36, 3, 0.14%, 25, 0, 14, 285.48
1735222599, 39, 110, 125, 37, 3, 0.14%, 25, 0, 14, 292.39
1735222629, 39, 110, 126, 38, 3, 0.14%, 25, 0, 14, 266.54
1735222690, 39, 110, 127, 39, 3, 0.14%, 25, 0, 14, 280.50
1735222711, 39, 115, 129, 40, 2, 0.15%, 26, 0, 14, 338.06
1735222746, 39, 115, 131, 42, 2, 0.15%, 26, 0, 14, 270.14
1735222863, 39, 118, 131, 41, 3, 0.15%, 26, 0, 14, 340.12
1735222954, 39, 127, 131, 40, 2, 0.15%, 26, 0, 14, 263.38
1735222959, 39, 127, 132, 41, 2, 0.15%, 26, 0, 15, 354.66
