# unix_time, cycles_done, cur_path, paths_total, pending_total, pending_favs, map_size, unique_crashes, unique_hangs, max_depth, execs_per_sec
1733857400, 0, 0, 10, 10, 1, 0.00%, 0, 0, 1, 150.94
1733857406, 0, 2, 10, 10, 1, 0.00%, 0, 0, 1, 182.45
1733857411, 0, 3, 10, 9, 0, 0.00%, 0, 0, 1, 168.42
1733857421, 0, 4, 10, 8, 0, 0.00%, 0, 0, 1, 185.67
1733857426, 0, 5, 10, 7, 0, 0.00%, 0, 0, 1, 177.22
1733857436, 0, 6, 10, 6, 0, 0.00%, 0, 0, 1, 175.55
1733857446, 0, 7, 10, 5, 0, 0.00%, 0, 0, 1, 184.02
1733857451, 0, 8, 10, 4, 0, 0.00%, 0, 0, 1, 177.77
1733857462, 0, 9, 10, 3, 0, 0.00%, 0, 0, 1, 189.03
1733857472, 1, 0, 10, 2, 0, 0.00%, 0, 0, 1, 182.58
1733857482, 1, 1, 10, 1, 0, 0.00%, 0, 0, 1, 184.19
1733857492, 1, 2, 10, 0, 0, 0.00%, 0, 0, 1, 185.60
1733857498, 1, 4, 10, 0, 0, 0.00%, 0, 0, 1, 184.82
1733857503, 1, 5, 10, 0, 0, 0.00%, 0, 0, 1, 182.29
1733857508, 1, 6, 10, 0, 0, 0.00%, 0, 0, 1, 185.58
1733857513, 1, 7, 10, 0, 0, 0.00%, 0, 0, 1, 180.66
1733857518, 1, 9, 10, 0, 0, 0.00%, 0, 0, 1, 182.90
1733857523, 2, 0, 10, 0, 0, 0.00%, 0, 0, 1, 183.72
1733857529, 2, 1, 10, 0, 0, 0.00%, 0, 0, 1, 184.51
1733857534, 2, 3, 10, 0, 0, 0.00%, 0, 0, 1, 187.42
1733857539, 2, 4, 10, 0, 0, 0.00%, 0, 0, 1, 180.17
1733857544, 2, 5, 10, 0, 0, 0.00%, 0, 0, 1, 181.28
1733857549, 2, 6, 10, 0, 0, 0.00%, 0, 0, 1, 179.61
1733857554, 2, 8, 10, 0, 0, 0.00%, 0, 0, 1, 181.51
1733857559, 2, 9, 10, 0, 0, 0.00%, 0, 0, 1, 181.50
1733857565, 3, 0, 10, 0, 0, 0.00%, 0, 0, 1, 187.74
1733857570, 3, 2, 10, 0, 0, 0.00%, 0, 0, 1, 179.90
1733857575, 3, 10, 11, 1, 1, 0.05%, 1, 0, 2, 199.36
1733857626, 4, 10, 11, 0, 0, 0.05%, 1, 0, 2, 188.85
1733857652, 5, 10, 11, 0, 0, 0.05%, 1, 0, 2, 191.98
1733857672, 6, 10, 11, 0, 0, 0.05%, 1, 0, 2, 187.54
1733857683, 7, 10, 11, 0, 0, 0.05%, 1, 0, 2, 182.21
1733857698, 8, 10, 11, 0, 0, 0.05%, 1, 0, 2, 187.90
1733857713, 9, 10, 11, 0, 0, 0.05%, 1, 0, 2, 185.51
1733857724, 10, 10, 12, 1, 0, 0.05%, 2, 0, 3, 189.50
1733857739, 10, 11, 16, 5, 1, 0.06%, 5, 0, 4, 216.91
1733857744, 10, 11, 17, 6, 1, 0.06%, 5, 0, 4, 215.61
1733857754, 10, 11, 18, 7, 1, 0.06%, 5, 0, 4, 210.32
1733857769, 10, 11, 19, 8, 1, 0.06%, 5, 0, 4, 200.99
1733857790, 10, 11, 21, 10, 1, 0.06%, 6, 0, 4, 198.79
1733857800, 10, 11, 22, 11, 1, 0.06%, 6, 0, 4, 206.18
1733857891, 10, 13, 23, 11, 4, 0.06%, 6, 0, 5, 245.44
1733857906, 10, 13, 24, 12, 4, 0.06%, 7, 0, 5, 206.15
1733857952, 10, 13, 25, 13, 4, 0.06%, 7, 0, 5, 204.53
1733857977, 10, 13, 26, 14, 4, 0.06%, 7, 0, 5, 202.04
1733858007, 10, 13, 27, 15, 4, 0.06%, 7, 0, 5, 209.86
1733858012, 10, 13, 28, 16, 4, 0.06%, 7, 0, 5, 216.40
1733858038, 10, 14, 29, 16, 5, 0.06%, 7, 0, 5, 229.20
1733858043, 10, 14, 30, 17, 5, 0.06%, 7, 0, 5, 229.96
1733858068, 10, 14, 31, 18, 5, 0.06%, 8, 0, 5, 213.02
1733858078, 10, 14, 32, 19, 5, 0.06%, 8, 0, 5, 214.66
1733858089, 10, 14, 33, 20, 5, 0.06%, 8, 0, 5, 211.15
1733858119, 10, 14, 34, 21, 5, 0.06%, 8, 0, 5, 215.01
1733858165, 10, 14, 36, 23, 5, 0.06%, 8, 0, 5, 221.74
1733858190, 10, 15, 36, 22, 6, 0.06%, 8, 0, 5, 229.40
1733858216, 10, 15, 37, 23, 6, 0.06%, 8, 0, 5, 214.32
1733858221, 10, 15, 38, 24, 6, 0.06%, 8, 0, 5, 214.70
1733858226, 10, 15, 39, 25, 6, 0.06%, 9, 0, 5, 216.98
1733858257, 10, 15, 40, 26, 6, 0.06%, 9, 0, 5, 217.47
1733858312, 10, 15, 41, 27, 6, 0.06%, 9, 0, 5, 222.19
1733858322, 10, 15, 42, 28, 6, 0.06%, 9, 0, 5, 228.84
1733858342, 10, 21, 42, 27, 6, 0.06%, 9, 0, 5, 257.59
1733858348, 10, 21, 44, 29, 6, 0.06%, 9, 0, 5, 231.06
1733858459, 10, 21, 45, 30, 6, 0.06%, 9, 0, 5, 227.11
1733858479, 10, 22, 45, 29, 5, 0.06%, 9, 0, 5, 262.86
1733858489, 10, 22, 46, 30, 5, 0.06%, 9, 0, 6, 211.26
1733858499, 10, 22, 47, 31, 5, 0.06%, 9, 0, 6, 208.80
1733858520, 10, 22, 48, 32, 5, 0.06%, 9, 0, 6, 217.01
1733858596, 10, 22, 49, 33, 5, 0.06%, 9, 0, 6, 217.16
1733858657, 10, 29, 49, 32, 4, 0.06%, 9, 0, 6, 234.48
1733858662, 10, 29, 50, 33, 4, 0.06%, 9, 0, 6, 220.59
1733858743, 10, 29, 51, 34, 4, 0.06%, 9, 0, 6, 243.44
1733858753, 10, 30, 51, 33, 3, 0.06%, 9, 0, 6, 264.03
1733858763, 10, 30, 52, 34, 3, 0.06%, 9, 0, 6, 223.58
1733858844, 10, 30, 53, 35, 3, 0.06%, 9, 0, 6, 238.52
1733858849, 10, 38, 53, 34, 2, 0.06%, 9, 0, 6, 285.40
1733858869, 10, 38, 54, 35, 2, 0.06%, 9, 0, 6, 218.55
1733858879, 10, 38, 55, 36, 2, 0.06%, 9, 0, 6, 218.83
1733858885, 10, 38, 56, 37, 2, 0.06%, 9, 0, 6, 223.22
1733858976, 10, 38, 57, 38, 2, 0.06%, 9, 0, 6, 208.45
1733859006, 10, 38, 58, 39, 2, 0.06%, 9, 0, 6, 256.05
1733859021, 10, 45, 58, 38, 2, 0.06%, 9, 0, 6, 291.95
1733859073, 10, 45, 59, 39, 2, 0.06%, 9, 0, 7, 242.89
1733859078, 10, 47, 59, 38, 1, 0.06%, 9, 0, 7, 222.87
1733859133, 10, 55, 59, 37, 1, 0.06%, 9, 0, 7, 287.78
1733859179, 10, 58, 59, 36, 0, 0.06%, 9, 0, 7, 300.70
1733859190, 10, 58, 60, 37, 0, 0.06%, 9, 0, 8, 432.16
1733859393, 10, 58, 61, 38, 0, 0.06%, 9, 0, 8, 412.31
1733859413, 10, 58, 62, 39, 0, 0.06%, 9, 0, 8, 386.52
1733859428, 10, 58, 64, 41, 0, 0.06%, 9, 0, 8, 387.02
1733859433, 10, 58, 65, 42, 0, 0.06%, 9, 0, 8, 388.89
1733859474, 10, 58, 66, 43, 0, 0.06%, 9, 0, 8, 382.76
1733859489, 11, 11, 66, 42, 0, 0.06%, 9, 0, 8, 282.18
1733859500, 11, 15, 66, 42, 0, 0.06%, 9, 0, 8, 267.37
1733859520, 11, 22, 66, 42, 0, 0.06%, 9, 0, 8, 261.96
1733859540, 11, 26, 66, 42, 0, 0.06%, 9, 0, 8, 286.60
1733859601, 11, 28, 66, 41, 0, 0.06%, 9, 0, 8, 305.73
1733859647, 11, 28, 67, 42, 0, 0.06%, 9, 0, 8, 288.78
1733859687, 11, 28, 68, 43, 0, 0.06%, 9, 0, 8, 291.68
1733859768, 11, 29, 68, 42, 0, 0.06%, 9, 0, 8, 256.41
1733859779, 11, 29, 69, 43, 0, 0.06%, 9, 0, 8, 260.99
1733859789, 11, 30, 69, 43, 0, 0.06%, 9, 0, 8, 270.29
1733859804, 11, 30, 70, 44, 0, 0.06%, 9, 0, 8, 285.24
1733859809, 11, 35, 70, 44, 0, 0.06%, 9, 0, 8, 320.13
1733859850, 11, 35, 71, 45, 0, 0.06%, 9, 0, 8, 292.32
1733859860, 11, 39, 71, 44, 0, 0.06%, 9, 0, 8, 282.33
1733859911, 11, 40, 71, 43, 0, 0.06%, 9, 0, 8, 323.50
1733859967, 11, 42, 72, 43, 0, 0.06%, 9, 0, 8, 289.85
1733860033, 11, 45, 72, 42, 0, 0.06%, 9, 0, 8, 294.82
1733860053, 11, 48, 72, 42, 0, 0.06%, 9, 0, 8, 269.42
1733860443, 11, 50, 72, 41, 0, 0.06%, 9, 0, 8, 300.35
1733860570, 11, 52, 72, 40, 0, 0.06%, 9, 0, 8, 316.39
1733860621, 11, 53, 72, 39, 0, 0.06%, 9, 0, 8, 409.49
1733860672, 11, 55, 72, 38, 0, 0.06%, 9, 0, 8, 280.23
1733860697, 11, 57, 72, 38, 0, 0.06%, 9, 0, 8, 389.42
1733860769, 11, 66, 72, 37, 0, 0.06%, 9, 0, 8, 310.78
1733860875, 11, 66, 73, 38, 0, 0.06%, 9, 0, 8, 293.93
1733860885, 11, 67, 73, 37, 0, 0.06%, 9, 0, 8, 323.37
1733861001, 12, 15, 73, 36, 0, 0.06%, 9, 0, 8, 260.78
1733861011, 12, 16, 73, 36, 0, 0.06%, 9, 0, 8, 269.55
1733861062, 12, 17, 73, 35, 0, 0.06%, 9, 0, 8, 238.00
1733861117, 12, 19, 73, 34, 0, 0.06%, 9, 0, 8, 301.12
1733861158, 12, 19, 74, 35, 0, 0.06%, 9, 0, 8, 265.09
1733861173, 12, 20, 74, 34, 0, 0.06%, 9, 0, 8, 229.39
1733861224, 12, 22, 74, 33, 0, 0.06%, 9, 0, 8, 240.44
1733861239, 12, 29, 74, 33, 0, 0.06%, 9, 0, 8, 260.19
1733861249, 12, 30, 74, 33, 0, 0.06%, 9, 0, 8, 255.85
1733861260, 12, 45, 74, 33, 0, 0.06%, 9, 0, 8, 269.09
1733861270, 12, 49, 74, 33, 0, 0.06%, 9, 0, 8, 351.87
1733861346, 12, 51, 74, 32, 0, 0.06%, 9, 0, 8, 311.99
1733861392, 12, 54, 74, 31, 0, 0.06%, 9, 0, 8, 289.23
1733861448, 12, 55, 74, 30, 0, 0.06%, 9, 0, 8, 265.31
1733861458, 12, 60, 74, 30, 0, 0.06%, 9, 0, 8, 289.96
1733861635, 12, 64, 74, 29, 0, 0.06%, 9, 0, 8, 311.92
1733861864, 12, 70, 74, 28, 0, 0.06%, 9, 0, 8, 280.03
1733861991, 12, 71, 74, 27, 0, 0.06%, 9, 0, 8, 322.42
1733862118, 12, 72, 74, 26, 0, 0.06%, 9, 0, 8, 203.02
1733862790, 13, 12, 74, 25, 0, 0.06%, 9, 0, 8, 262.78
1733862840, 13, 15, 74, 24, 0, 0.06%, 9, 0, 8, 256.21
1733862850, 13, 22, 74, 24, 0, 0.06%, 9, 0, 8, 237.72
1733862865, 13, 27, 74, 24, 0, 0.06%, 9, 0, 8, 235.27
1733862921, 13, 36, 74, 23, 0, 0.06%, 9, 0, 8, 355.48
1733862981, 13, 41, 74, 22, 0, 0.06%, 9, 0, 8, 398.57
1733863043, 13, 44, 74, 21, 0, 0.06%, 9, 0, 8, 284.21
1733863093, 13, 45, 74, 20, 0, 0.06%, 9, 0, 8, 263.70
1733863104, 13, 51, 74, 20, 0, 0.06%, 9, 0, 8, 274.55
1733863129, 13, 55, 74, 20, 0, 0.06%, 9, 0, 8, 248.23
1733863139, 13, 61, 74, 20, 0, 0.06%, 9, 0, 8, 227.70
1733863383, 13, 65, 74, 19, 0, 0.06%, 9, 0, 8, 271.84
1733863485, 13, 65, 75, 20, 0, 0.06%, 9, 0, 9, 288.66
1733863490, 13, 68, 75, 19, 0, 0.06%, 9, 0, 9, 361.58
1733863627, 14, 15, 75, 18, 0, 0.06%, 9, 0, 9, 244.61
1733863637, 14, 18, 75, 18, 0, 0.06%, 9, 0, 9, 275.59
1733863688, 14, 22, 75, 17, 0, 0.06%, 9, 0, 9, 265.89
1733863693, 14, 31, 75, 17, 0, 0.06%, 9, 0, 9, 267.29
1733863841, 14, 45, 75, 16, 0, 0.06%, 9, 0, 9, 262.27
1733863846, 14, 51, 75, 16, 0, 0.06%, 9, 0, 9, 260.19
1733863856, 14, 55, 75, 16, 0, 0.06%, 9, 0, 9, 256.53
1733863861, 15, 10, 75, 16, 0, 0.06%, 9, 0, 9, 244.98
1733863866, 15, 11, 75, 16, 0, 0.06%, 9, 0, 9, 251.03
1733863871, 15, 15, 75, 16, 0, 0.06%, 9, 0, 9, 235.37
1733863876, 15, 17, 75, 16, 0, 0.06%, 9, 0, 9, 252.75
1733863902, 15, 22, 75, 16, 0, 0.06%, 9, 0, 9, 256.40
1733863907, 15, 23, 75, 16, 0, 0.06%, 9, 0, 9, 330.99
1733863958, 15, 32, 75, 15, 0, 0.06%, 9, 0, 9, 327.32
1733864054, 15, 33, 75, 14, 0, 0.06%, 9, 0, 9, 332.86
1733864104, 15, 43, 75, 13, 0, 0.06%, 9, 0, 9, 292.41
1733864155, 15, 45, 75, 12, 0, 0.06%, 9, 0, 9, 258.59
1733864160, 15, 51, 75, 12, 0, 0.06%, 9, 0, 9, 260.29
1733864170, 15, 55, 75, 12, 0, 0.06%, 9, 0, 9, 258.77
1733864175, 15, 63, 75, 12, 0, 0.06%, 9, 0, 9, 234.76
1733864424, 15, 73, 75, 11, 0, 0.06%, 9, 0, 9, 237.30
1733864449, 15, 73, 76, 12, 0, 0.06%, 9, 0, 9, 368.87
1733865083, 15, 74, 76, 11, 0, 0.06%, 9, 0, 9, 230.23
1733865088, 15, 74, 77, 12, 0, 0.06%, 9, 0, 10, 313.82
1733865742, 15, 75, 77, 11, 0, 0.06%, 9, 0, 10, 221.93
1733866397, 16, 10, 77, 10, 0, 0.06%, 9, 0, 10, 246.22
1733866402, 16, 15, 77, 10, 0, 0.06%, 9, 0, 10, 242.84
1733866407, 16, 22, 77, 10, 0, 0.06%, 9, 0, 10, 243.80
1733866412, 16, 45, 77, 10, 0, 0.06%, 9, 0, 10, 251.54
1733866417, 16, 51, 77, 10, 0, 0.06%, 9, 0, 10, 274.92
1733866422, 16, 55, 77, 10, 0, 0.06%, 9, 0, 10, 258.49
1733866428, 16, 59, 77, 10, 0, 0.06%, 9, 0, 10, 235.34
1733866722, 16, 72, 77, 9, 0, 0.06%, 9, 0, 10, 324.38
1733866743, 16, 73, 77, 9, 0, 0.06%, 9, 0, 10, 313.04
1733866763, 17, 15, 77, 9, 0, 0.06%, 9, 0, 10, 250.07
1733866768, 17, 22, 77, 9, 0, 0.06%, 9, 0, 10, 247.46
1733866778, 17, 25, 77, 9, 0, 0.06%, 9, 0, 10, 265.42
1733866829, 17, 41, 77, 8, 0, 0.06%, 9, 0, 10, 273.89
1733866849, 17, 46, 77, 8, 0, 0.06%, 9, 0, 10, 349.47
1733866941, 17, 51, 77, 7, 0, 0.06%, 9, 0, 10, 267.94
1733866946, 17, 55, 77, 7, 0, 0.06%, 9, 0, 10, 255.09
1733866951, 17, 64, 77, 7, 0, 0.06%, 9, 0, 10, 321.52
1733866981, 17, 75, 77, 7, 0, 0.06%, 9, 0, 10, 307.52
1733867001, 18, 13, 77, 7, 0, 0.06%, 9, 0, 10, 259.19
1733867027, 18, 15, 77, 7, 0, 0.06%, 9, 0, 10, 236.48
1733867032, 18, 18, 77, 7, 0, 0.06%, 9, 0, 10, 256.82
1733867052, 18, 19, 77, 7, 0, 0.06%, 9, 0, 10, 256.31
1733867073, 18, 21, 77, 7, 0, 0.06%, 9, 0, 10, 250.36
1733867098, 18, 22, 77, 7, 0, 0.06%, 9, 0, 10, 230.78
1733867103, 18, 25, 77, 7, 0, 0.06%, 9, 0, 10, 235.46
1733867128, 18, 32, 77, 7, 0, 0.06%, 9, 0, 10, 264.12
1733867149, 18, 42, 77, 7, 0, 0.06%, 9, 0, 10, 289.41
1733867169, 18, 48, 77, 7, 0, 0.06%, 9, 0, 10, 329.87
1733867190, 18, 49, 77, 7, 0, 0.06%, 9, 0, 10, 290.66
1733867210, 18, 51, 77, 7, 0, 0.06%, 9, 0, 10, 273.61
1733867215, 18, 55, 77, 7, 0, 0.06%, 9, 0, 10, 261.99
1733867220, 18, 62, 77, 7, 0, 0.06%, 9, 0, 10, 261.60
1733867352, 18, 69, 77, 6, 0, 0.06%, 9, 0, 10, 370.38
1733867408, 19, 15, 77, 5, 0, 0.06%, 9, 0, 10, 246.24
1733867418, 19, 20, 77, 5, 0, 0.06%, 9, 0, 10, 232.14
1733867438, 19, 21, 77, 5, 0, 0.06%, 9, 0, 10, 243.00
1733867448, 19, 22, 77, 5, 0, 0.06%, 9, 0, 10, 256.46
1733867458, 19, 25, 77, 5, 0, 0.06%, 9, 0, 10, 242.93
1733867469, 19, 49, 77, 5, 0, 0.06%, 9, 0, 10, 284.13
1733867479, 19, 50, 77, 5, 0, 0.06%, 9, 0, 10, 282.92
1733867499, 19, 51, 77, 5, 0, 0.06%, 9, 0, 10, 272.57
1733867504, 19, 53, 77, 5, 0, 0.06%, 9, 0, 10, 265.24
1733867524, 19, 55, 77, 5, 0, 0.06%, 9, 0, 10, 271.59
1733867534, 19, 57, 77, 5, 0, 0.06%, 9, 0, 10, 289.46
1733867555, 19, 63, 77, 5, 0, 0.06%, 9, 0, 10, 310.90
1733867586, 19, 65, 77, 5, 0, 0.06%, 9, 0, 10, 287.06
1733867616, 19, 76, 77, 5, 0, 0.06%, 9, 0, 10, 216.91
1733868275, 20, 10, 77, 4, 0, 0.06%, 9, 0, 10, 249.55
1733868280, 20, 15, 77, 4, 0, 0.06%, 9, 0, 10, 246.59
1733868285, 20, 16, 77, 4, 0, 0.06%, 9, 0, 10, 253.04
1733868306, 20, 21, 77, 4, 0, 0.06%, 9, 0, 10, 285.57
1733868321, 20, 22, 77, 4, 0, 0.06%, 9, 0, 10, 252.31
1733868326, 20, 24, 77, 4, 0, 0.06%, 9, 0, 10, 371.80
1733868382, 20, 25, 77, 3, 0, 0.06%, 9, 0, 10, 250.27
1733868392, 20, 42, 77, 3, 0, 0.06%, 9, 0, 10, 266.21
1733868402, 20, 51, 77, 3, 0, 0.06%, 9, 0, 10, 283.25
1733868407, 20, 55, 77, 3, 0, 0.06%, 9, 0, 10, 265.43
1733868417, 21, 15, 77, 3, 0, 0.06%, 9, 0, 10, 248.35
1733868422, 21, 21, 77, 3, 0, 0.06%, 9, 0, 10, 254.30
1733868427, 21, 22, 77, 3, 0, 0.06%, 9, 0, 10, 255.46
1733868432, 21, 25, 77, 3, 0, 0.06%, 9, 0, 10, 251.44
1733868437, 21, 50, 77, 3, 0, 0.06%, 9, 0, 10, 264.66
1733868448, 21, 51, 77, 3, 0, 0.06%, 9, 0, 10, 281.49
1733868458, 21, 55, 77, 3, 0, 0.06%, 9, 0, 10, 248.78
1733868463, 21, 56, 77, 3, 0, 0.06%, 9, 0, 10, 324.96
1733868600, 22, 10, 77, 2, 0, 0.06%, 9, 0, 10, 266.00
1733868605, 22, 15, 77, 2, 0, 0.06%, 9, 0, 10, 242.94
1733868610, 22, 16, 77, 2, 0, 0.06%, 9, 0, 10, 235.34
1733868625, 22, 21, 77, 2, 0, 0.06%, 9, 0, 10, 259.86
1733868630, 22, 22, 77, 2, 0, 0.06%, 9, 0, 10, 249.77
1733868635, 22, 25, 77, 2, 0, 0.06%, 9, 0, 10, 269.33
1733868640, 22, 34, 77, 2, 0, 0.06%, 9, 0, 10, 262.59
1733868692, 22, 51, 77, 1, 0, 0.06%, 9, 0, 10, 262.62
1733868697, 22, 52, 77, 1, 0, 0.06%, 9, 0, 10, 253.80
1733868722, 22, 55, 77, 1, 0, 0.06%, 9, 0, 10, 244.80
1733868728, 22, 59, 77, 1, 0, 0.06%, 9, 0, 10, 309.54
1733868758, 22, 75, 77, 1, 0, 0.06%, 9, 0, 10, 273.25
1733868779, 22, 76, 77, 1, 0, 0.06%, 9, 0, 10, 344.48
1733868804, 23, 2, 77, 1, 0, 0.06%, 9, 0, 10, 266.85
1733868809, 23, 15, 77, 1, 0, 0.06%, 9, 0, 10, 258.51
1733868814, 23, 21, 77, 1, 0, 0.06%, 9, 0, 10, 261.10
1733868820, 23, 25, 77, 1, 0, 0.06%, 9, 0, 10, 253.20
1733868825, 23, 34, 77, 1, 0, 0.06%, 9, 0, 10, 251.63
1733868850, 23, 51, 77, 1, 0, 0.06%, 9, 0, 10, 262.20
1733868855, 23, 55, 77, 1, 0, 0.06%, 9, 0, 10, 262.05
1733868860, 23, 71, 77, 1, 0, 0.06%, 9, 0, 10, 269.57
1733868880, 24, 10, 77, 1, 0, 0.06%, 9, 0, 10, 269.14
1733868885, 24, 15, 77, 1, 0, 0.06%, 9, 0, 10, 248.64
1733868890, 24, 21, 77, 1, 0, 0.06%, 9, 0, 10, 257.99
1733868895, 24, 25, 77, 1, 0, 0.06%, 9, 0, 10, 249.08
1733868900, 24, 34, 77, 1, 0, 0.06%, 9, 0, 10, 250.30
1733868916, 24, 51, 77, 1, 0, 0.06%, 9, 0, 10, 260.02
1733868921, 24, 55, 77, 1, 0, 0.06%, 9, 0, 10, 240.61
1733868926, 24, 60, 77, 1, 0, 0.06%, 9, 0, 10, 298.35
1733868956, 25, 15, 77, 1, 0, 0.06%, 9, 0, 10, 254.31
1733868966, 25, 18, 77, 1, 0, 0.06%, 9, 0, 10, 254.01
1733868977, 25, 21, 77, 1, 0, 0.06%, 9, 0, 10, 256.91
1733868982, 25, 22, 77, 1, 0, 0.06%, 9, 0, 10, 242.03
1733868987, 25, 25, 77, 1, 0, 0.06%, 9, 0, 10, 242.97
1733868992, 25, 34, 77, 1, 0, 0.06%, 9, 0, 10, 268.14
1733869002, 25, 47, 77, 1, 0, 0.06%, 9, 0, 10, 274.68
1733869028, 25, 51, 77, 1, 0, 0.06%, 9, 0, 10, 263.27
1733869033, 25, 55, 77, 1, 0, 0.06%, 9, 0, 10, 279.02
1733869038, 26, 15, 77, 1, 0, 0.06%, 9, 0, 10, 260.31
1733869048, 26, 21, 77, 1, 0, 0.06%, 9, 0, 10, 250.18
1733869053, 26, 25, 77, 1, 0, 0.06%, 9, 0, 10, 256.46
1733869058, 26, 34, 77, 1, 0, 0.06%, 9, 0, 10, 268.38
1733869063, 26, 51, 77, 1, 0, 0.06%, 9, 0, 10, 258.32
1733869068, 26, 52, 77, 1, 0, 0.06%, 9, 0, 10, 259.97
1733869078, 26, 55, 77, 1, 0, 0.06%, 9, 0, 10, 253.96
1733869088, 26, 64, 77, 1, 0, 0.06%, 9, 0, 10, 319.85
1733869104, 26, 68, 77, 1, 0, 0.06%, 9, 0, 10, 274.61
1733869124, 27, 15, 77, 1, 0, 0.06%, 9, 0, 10, 254.88
1733869129, 27, 19, 77, 1, 0, 0.06%, 9, 0, 10, 261.80
1733869139, 27, 21, 77, 1, 0, 0.06%, 9, 0, 10, 245.52
1733869150, 27, 25, 77, 1, 0, 0.06%, 9, 0, 10, 249.44
1733869155, 27, 34, 77, 1, 0, 0.06%, 9, 0, 10, 242.66
1733869160, 27, 48, 77, 1, 0, 0.06%, 9, 0, 10, 321.93
1733869170, 27, 51, 77, 1, 0, 0.06%, 9, 0, 10, 268.05
1733869175, 27, 54, 77, 1, 0, 0.06%, 9, 0, 10, 268.64
1733869196, 27, 55, 77, 1, 0, 0.06%, 9, 0, 10, 267.20
1733869201, 28, 10, 77, 1, 0, 0.06%, 9, 0, 10, 241.43
1733869206, 28, 14, 77, 1, 0, 0.06%, 9, 0, 10, 243.13
1733869226, 28, 15, 77, 1, 0, 0.06%, 9, 0, 10, 246.12
1733869231, 28, 21, 77, 1, 0, 0.06%, 9, 0, 10, 256.21
1733869236, 28, 25, 77, 1, 0, 0.06%, 9, 0, 10, 245.94
1733869246, 28, 34, 77, 1, 0, 0.06%, 9, 0, 10, 261.17
1733869251, 28, 51, 77, 1, 0, 0.06%, 9, 0, 10, 254.68
1733869256, 28, 55, 77, 1, 0, 0.06%, 9, 0, 10, 249.95
1733869261, 28, 64, 77, 1, 0, 0.06%, 9, 0, 10, 302.02
1733869277, 29, 10, 77, 1, 0, 0.06%, 9, 0, 10, 262.60
1733869282, 29, 15, 77, 1, 0, 0.06%, 9, 0, 10, 252.97
1733869287, 29, 21, 77, 1, 0, 0.06%, 9, 0, 10, 249.03
1733869292, 29, 25, 77, 1, 0, 0.06%, 9, 0, 10, 251.44
1733869297, 29, 34, 77, 1, 0, 0.06%, 9, 0, 10, 244.12
1733869302, 29, 38, 77, 1, 0, 0.06%, 9, 0, 10, 251.35
1733869328, 29, 41, 77, 1, 0, 0.06%, 9, 0, 10, 264.23
1733869338, 29, 51, 77, 1, 0, 0.06%, 9, 0, 10, 249.12
1733869343, 29, 55, 77, 1, 0, 0.06%, 9, 0, 10, 253.10
1733869348, 30, 10, 77, 1, 0, 0.06%, 9, 0, 10, 255.46
1733869353, 30, 15, 77, 1, 0, 0.06%, 9, 0, 10, 247.83
1733869358, 30, 20, 77, 1, 0, 0.06%, 9, 0, 10, 236.40
1733869368, 30, 21, 77, 1, 0, 0.06%, 9, 0, 10, 262.67
1733869373, 30, 22, 77, 1, 0, 0.06%, 9, 0, 10, 249.61
1733869378, 30, 25, 77, 1, 0, 0.06%, 9, 0, 10, 247.05
1733869383, 30, 34, 77, 1, 0, 0.06%, 9, 0, 10, 247.66
1733869389, 30, 37, 77, 1, 0, 0.06%, 9, 0, 10, 248.59
1733869567, 30, 49, 77, 0, 0, 0.06%, 9, 0, 10, 290.65
1733869577, 30, 51, 77, 0, 0, 0.06%, 9, 0, 10, 285.72
1733869582, 30, 55, 77, 0, 0, 0.06%, 9, 0, 10, 264.49
1733869587, 30, 62, 77, 0, 0, 0.06%, 9, 0, 10, 278.66
1733869623, 30, 66, 77, 0, 0, 0.06%, 9, 0, 10, 273.13
1733869643, 31, 15, 77, 0, 0, 0.06%, 9, 0, 10, 262.22
1733869653, 31, 21, 77, 0, 0, 0.06%, 9, 0, 10, 283.00
1733869658, 31, 25, 77, 0, 0, 0.06%, 9, 0, 10, 262.79
1733869663, 31, 34, 77, 0, 0, 0.06%, 9, 0, 10, 257.57
1733869669, 31, 44, 77, 0, 0, 0.06%, 9, 0, 10, 275.03
1733869689, 31, 51, 77, 0, 0, 0.06%, 9, 0, 10, 256.65
1733869694, 31, 55, 77, 0, 0, 0.06%, 9, 0, 10, 267.72
1733869699, 31, 68, 77, 0, 0, 0.06%, 9, 0, 10, 263.43
1733869709, 32, 0, 77, 0, 0, 0.06%, 9, 0, 10, 268.51
1733869714, 32, 14, 77, 0, 0, 0.06%, 9, 0, 10, 241.64
1733869724, 32, 15, 77, 0, 0, 0.06%, 9, 0, 10, 265.01
1733869734, 32, 21, 77, 0, 0, 0.06%, 9, 0, 10, 253.81
1733869739, 32, 25, 77, 0, 0, 0.06%, 9, 0, 10, 250.84
1733869745, 32, 34, 77, 0, 0, 0.06%, 9, 0, 10, 256.19
1733869750, 32, 38, 77, 0, 0, 0.06%, 9, 0, 10, 243.81
1733869760, 32, 51, 77, 0, 0, 0.06%, 9, 0, 10, 261.28
1733869765, 32, 55, 77, 0, 0, 0.06%, 9, 0, 10, 263.84
1733869770, 32, 72, 77, 0, 0, 0.06%, 9, 0, 10, 264.47
1733869785, 33, 15, 77, 0, 0, 0.06%, 9, 0, 10, 250.28
1733869790, 33, 21, 77, 0, 0, 0.06%, 9, 0, 10, 253.03
1733869795, 33, 25, 77, 0, 0, 0.06%, 9, 0, 10, 263.11
1733869806, 33, 34, 77, 0, 0, 0.06%, 9, 0, 10, 251.80
1733869811, 33, 51, 77, 0, 0, 0.06%, 9, 0, 10, 251.97
1733869816, 33, 55, 77, 0, 0, 0.06%, 9, 0, 10, 251.17
1733869821, 33, 63, 77, 0, 0, 0.06%, 9, 0, 10, 305.68
1733869836, 33, 72, 77, 0, 0, 0.06%, 9, 0, 10, 302.56
1733869846, 33, 73, 77, 0, 0, 0.06%, 9, 0, 10, 301.16
1733869867, 34, 15, 77, 0, 0, 0.06%, 9, 0, 10, 247.61
1733869872, 34, 21, 77, 0, 0, 0.06%, 9, 0, 10, 252.29
1733869877, 34, 25, 77, 0, 0, 0.06%, 9, 0, 10, 264.79
1733869882, 34, 34, 77, 0, 0, 0.06%, 9, 0, 10, 249.45
1733869892, 34, 51, 77, 0, 0, 0.06%, 9, 0, 10, 258.74
1733869898, 34, 55, 77, 0, 0, 0.06%, 9, 0, 10, 244.94
1733869903, 35, 10, 77, 0, 0, 0.06%, 9, 0, 10, 248.13
1733869908, 35, 13, 77, 0, 0, 0.06%, 9, 0, 10, 241.61
1733869918, 35, 15, 77, 0, 0, 0.06%, 9, 0, 10, 245.61
1733869923, 35, 21, 77, 0, 0, 0.06%, 9, 0, 10, 243.49
1733869928, 35, 25, 77, 0, 0, 0.06%, 9, 0, 10, 244.34
1733869938, 35, 34, 77, 0, 0, 0.06%, 9, 0, 10, 252.43
1733869943, 35, 45, 77, 0, 0, 0.06%, 9, 0, 10, 259.13
1733869948, 35, 51, 77, 0, 0, 0.06%, 9, 0, 10, 249.57
1733869954, 35, 55, 77, 0, 0, 0.06%, 9, 0, 10, 250.28
1733869959, 35, 62, 77, 0, 0, 0.06%, 9, 0, 10, 280.36
1733869974, 36, 10, 77, 0, 0, 0.06%, 9, 0, 10, 241.14
1733869979, 36, 15, 77, 0, 0, 0.06%, 9, 0, 10, 249.45
1733869984, 36, 21, 77, 0, 0, 0.06%, 9, 0, 10, 263.56
1733869989, 36, 25, 77, 0, 0, 0.06%, 9, 0, 10, 239.97
1733869994, 36, 34, 77, 0, 0, 0.06%, 9, 0, 10, 246.48
1733870000, 36, 42, 77, 0, 0, 0.06%, 9, 0, 10, 277.44
1733870010, 36, 51, 77, 0, 0, 0.06%, 9, 0, 10, 256.80
1733870015, 36, 55, 77, 0, 0, 0.06%, 9, 0, 10, 270.61
1733870020, 37, 10, 77, 0, 0, 0.06%, 9, 0, 10, 257.88
1733870025, 37, 15, 77, 0, 0, 0.06%, 9, 0, 10, 250.40
1733870030, 37, 21, 77, 0, 0, 0.06%, 9, 0, 10, 244.09
1733870035, 37, 25, 77, 0, 0, 0.06%, 9, 0, 10, 251.01
1733870040, 37, 31, 77, 0, 0, 0.06%, 9, 0, 10, 277.52
1733870061, 37, 34, 77, 0, 0, 0.06%, 9, 0, 10, 241.73
1733870071, 37, 51, 77, 0, 0, 0.06%, 9, 0, 10, 251.55
1733870076, 37, 55, 77, 0, 0, 0.06%, 9, 0, 10, 252.57
1733870081, 37, 67, 77, 0, 0, 0.06%, 9, 0, 10, 273.76
1733870101, 37, 76, 77, 0, 0, 0.06%, 9, 0, 10, 259.17
1733870132, 38, 10, 77, 0, 0, 0.06%, 9, 0, 10, 248.62
1733870137, 38, 15, 77, 0, 0, 0.06%, 9, 0, 10, 244.54
1733870142, 38, 21, 77, 0, 0, 0.06%, 9, 0, 10, 253.39
1733870147, 38, 22, 77, 0, 0, 0.06%, 9, 0, 10, 258.93
1733870152, 38, 25, 77, 0, 0, 0.06%, 9, 0, 10, 238.04
1733870157, 38, 26, 77, 0, 0, 0.06%, 9, 0, 10, 266.67
1733870182, 38, 34, 77, 0, 0, 0.06%, 9, 0, 10, 250.30
1733870187, 38, 45, 77, 0, 0, 0.06%, 9, 0, 10, 251.13
1733870192, 38, 51, 77, 0, 0, 0.06%, 9, 0, 10, 262.06
1733870197, 38, 55, 77, 0, 0, 0.06%, 9, 0, 10, 262.53
1733870202, 39, 10, 77, 0, 0, 0.06%, 9, 0, 10, 240.82
1733870208, 39, 15, 77, 0, 0, 0.06%, 9, 0, 10, 243.44
1733870213, 39, 21, 77, 0, 0, 0.06%, 9, 0, 10, 250.17
1733870218, 39, 23, 77, 0, 0, 0.06%, 9, 0, 10, 259.27
1733870238, 39, 25, 77, 0, 0, 0.06%, 9, 0, 10, 284.93
1733870243, 39, 34, 77, 0, 0, 0.06%, 9, 0, 10, 266.84
1733870248, 39, 51, 77, 0, 0, 0.06%, 9, 0, 10, 270.60
1733870258, 39, 55, 77, 0, 0, 0.06%, 9, 0, 10, 249.46
1733870263, 39, 63, 77, 0, 0, 0.06%, 9, 0, 10, 320.58
1733870274, 40, 7, 77, 0, 0, 0.06%, 9, 0, 10, 296.36
1733870279, 40, 15, 77, 0, 0, 0.06%, 9, 0, 10, 246.12
1733870284, 40, 16, 77, 0, 0, 0.06%, 9, 0, 10, 246.99
1733870299, 40, 21, 77, 0, 0, 0.06%, 9, 0, 10, 253.66
1733870304, 40, 25, 77, 0, 0, 0.06%, 9, 0, 10, 255.95
1733870309, 40, 34, 77, 0, 0, 0.06%, 9, 0, 10, 244.30
1733870314, 40, 51, 77, 0, 0, 0.06%, 9, 0, 10, 263.05
1733870319, 40, 55, 77, 0, 0, 0.06%, 9, 0, 10, 264.91
1733870324, 40, 57, 77, 0, 0, 0.06%, 9, 0, 10, 275.31
1733870334, 41, 10, 77, 0, 0, 0.06%, 9, 0, 10, 259.80
1733870339, 41, 12, 77, 0, 0, 0.06%, 9, 0, 10, 237.76
1733870360, 41, 15, 77, 0, 0, 0.06%, 9, 0, 10, 252.42
1733870365, 41, 21, 77, 0, 0, 0.06%, 9, 0, 10, 249.12
1733870370, 41, 25, 77, 0, 0, 0.06%, 9, 0, 10, 250.19
1733870375, 41, 34, 77, 0, 0, 0.06%, 9, 0, 10, 247.49
1733870380, 41, 35, 77, 0, 0, 0.06%, 9, 0, 10, 249.73
1733870405, 41, 51, 77, 0, 0, 0.06%, 9, 0, 10, 233.92
1733870410, 41, 55, 77, 0, 0, 0.06%, 9, 0, 10, 247.67
1733870416, 41, 57, 77, 0, 0, 0.06%, 9, 0, 10, 288.54
1733870426, 41, 64, 77, 0, 0, 0.06%, 9, 0, 10, 274.54
1733870436, 41, 74, 77, 0, 0, 0.06%, 9, 0, 10, 331.13
1733870466, 42, 10, 77, 0, 0, 0.06%, 9, 0, 10, 253.70
1733870471, 42, 15, 77, 0, 0, 0.06%, 9, 0, 10, 256.00
1733870476, 42, 17, 77, 0, 0, 0.06%, 9, 0, 10, 240.72
1733870486, 42, 18, 77, 0, 0, 0.06%, 9, 0, 10, 247.37
1733870496, 42, 21, 77, 0, 0, 0.06%, 9, 0, 10, 259.40
1733870501, 42, 25, 77, 0, 0, 0.06%, 9, 0, 10, 256.90
1733870512, 42, 34, 77, 0, 0, 0.06%, 9, 0, 10, 259.81
1733870517, 42, 51, 77, 0, 0, 0.06%, 9, 0, 10, 268.72
1733870522, 42, 55, 77, 0, 0, 0.06%, 9, 0, 10, 258.65
1733870527, 43, 15, 77, 0, 0, 0.06%, 9, 0, 10, 252.03
1733870532, 43, 17, 77, 0, 0, 0.06%, 9, 0, 10, 262.43
1733870547, 43, 18, 77, 0, 0, 0.06%, 9, 0, 10, 248.65
1733870552, 43, 21, 77, 0, 0, 0.06%, 9, 0, 10, 258.10
1733870557, 43, 25, 77, 0, 0, 0.06%, 9, 0, 10, 258.23
1733870562, 43, 33, 77, 0, 0, 0.06%, 9, 0, 10, 256.95
1733870587, 43, 34, 77, 0, 0, 0.06%, 9, 0, 10, 256.71
1733870593, 43, 51, 77, 0, 0, 0.06%, 9, 0, 10, 254.53
1733870598, 43, 55, 77, 0, 0, 0.06%, 9, 0, 10, 253.39
1733870603, 44, 10, 77, 0, 0, 0.06%, 9, 0, 10, 250.48
1733870608, 44, 13, 77, 0, 0, 0.06%, 9, 0, 10, 241.91
1733870618, 44, 15, 77, 0, 0, 0.06%, 9, 0, 10, 237.74
1733870623, 44, 21, 77, 0, 0, 0.06%, 9, 0, 10, 254.98
1733870628, 44, 25, 77, 0, 0, 0.06%, 9, 0, 10, 251.07
1733870633, 44, 26, 77, 0, 0, 0.06%, 9, 0, 10, 243.83
1733870648, 44, 34, 77, 0, 0, 0.06%, 9, 0, 10, 249.15
1733870653, 44, 51, 77, 0, 0, 0.06%, 9, 0, 10, 257.38
1733870658, 44, 55, 77, 0, 0, 0.06%, 9, 0, 10, 259.13
1733870663, 44, 58, 77, 0, 0, 0.06%, 9, 0, 10, 287.06
1733870684, 45, 14, 77, 0, 0, 0.06%, 9, 0, 10, 254.37
1733870699, 45, 15, 77, 0, 0, 0.06%, 9, 0, 10, 230.31
1733870704, 45, 21, 77, 0, 0, 0.06%, 9, 0, 10, 239.43
1733870709, 45, 25, 77, 0, 0, 0.06%, 9, 0, 10, 251.22
1733870714, 45, 34, 77, 0, 0, 0.06%, 9, 0, 10, 252.83
1733870719, 45, 44, 77, 0, 0, 0.06%, 9, 0, 10, 265.31
1733870729, 45, 51, 77, 0, 0, 0.06%, 9, 0, 10, 260.70
1733870739, 45, 55, 77, 0, 0, 0.06%, 9, 0, 10, 256.32
1733870744, 46, 15, 77, 0, 0, 0.06%, 9, 0, 10, 248.48
1733870749, 46, 21, 77, 0, 0, 0.06%, 9, 0, 10, 245.36
1733870754, 46, 25, 77, 0, 0, 0.06%, 9, 0, 10, 250.11
1733870765, 46, 34, 77, 0, 0, 0.06%, 9, 0, 10, 253.44
1733870770, 46, 41, 77, 0, 0, 0.06%, 9, 0, 10, 269.83
1733870780, 46, 51, 77, 0, 0, 0.06%, 9, 0, 10, 262.66
1733870785, 46, 55, 77, 0, 0, 0.06%, 9, 0, 10, 251.51
1733870790, 46, 67, 77, 0, 0, 0.06%, 9, 0, 10, 258.51
1733870800, 47, 10, 77, 0, 0, 0.06%, 9, 0, 10, 241.93
1733870805, 47, 15, 77, 0, 0, 0.06%, 9, 0, 10, 251.30
1733870810, 47, 21, 77, 0, 0, 0.06%, 9, 0, 10, 259.35
1733870815, 47, 25, 77, 0, 0, 0.06%, 9, 0, 10, 257.77
1733870820, 47, 34, 77, 0, 0, 0.06%, 9, 0, 10, 260.36
1733870825, 47, 37, 77, 0, 0, 0.06%, 9, 0, 10, 264.30
1733870851, 47, 43, 77, 0, 0, 0.06%, 9, 0, 10, 256.33
1733870871, 47, 45, 77, 0, 0, 0.06%, 9, 0, 10, 265.89
1733870876, 47, 51, 77, 0, 0, 0.06%, 9, 0, 10, 258.76
1733870881, 47, 55, 77, 0, 0, 0.06%, 9, 0, 10, 258.29
1733870886, 47, 75, 77, 0, 0, 0.06%, 9, 0, 10, 281.44
1733870896, 48, 10, 77, 0, 0, 0.06%, 9, 0, 10, 256.18
1733870901, 48, 15, 77, 0, 0, 0.06%, 9, 0, 10, 257.23
1733870906, 48, 20, 77, 0, 0, 0.06%, 9, 0, 10, 241.62
1733870917, 48, 21, 77, 0, 0, 0.06%, 9, 0, 10, 256.25
1733870922, 48, 25, 77, 0, 0, 0.06%, 9, 0, 10, 247.60
1733870932, 48, 32, 77, 0, 0, 0.06%, 9, 0, 10, 275.36
1733870942, 48, 33, 77, 0, 0, 0.06%, 9, 0, 10, 255.78
1733870952, 48, 34, 77, 0, 0, 0.06%, 9, 0, 10, 250.37
1733870957, 48, 51, 77, 0, 0, 0.06%, 9, 0, 10, 265.31
1733870962, 48, 55, 77, 0, 0, 0.06%, 9, 0, 10, 251.94
1733870967, 48, 59, 77, 0, 0, 0.06%, 9, 0, 10, 285.65
1733870983, 48, 68, 77, 0, 0, 0.06%, 9, 0, 10, 287.13
1733870993, 48, 70, 77, 0, 0, 0.06%, 9, 0, 10, 288.13
1733871013, 49, 10, 77, 0, 0, 0.06%, 9, 0, 10, 261.63
1733871018, 49, 15, 77, 0, 0, 0.06%, 9, 0, 10, 261.33
1733871024, 49, 21, 77, 0, 0, 0.06%, 9, 0, 10, 254.99
1733871029, 49, 25, 77, 0, 0, 0.06%, 9, 0, 10, 265.23
1733871034, 49, 34, 77, 0, 0, 0.06%, 9, 0, 10, 259.15
1733871039, 49, 51, 77, 0, 0, 0.06%, 9, 0, 10, 275.71
1733871044, 49, 55, 77, 0, 0, 0.06%, 9, 0, 10, 268.69
1733871049, 49, 64, 77, 0, 0, 0.06%, 9, 0, 10, 301.87
1733871059, 49, 66, 77, 0, 0, 0.06%, 9, 0, 10, 263.14
1733871069, 49, 67, 77, 0, 0, 0.06%, 9, 0, 10, 264.70
1733871080, 50, 15, 77, 0, 0, 0.06%, 9, 0, 10, 249.16
1733871090, 50, 16, 77, 0, 0, 0.06%, 9, 0, 10, 249.30
1733871095, 50, 21, 77, 0, 0, 0.06%, 9, 0, 10, 268.09
1733871100, 50, 25, 77, 0, 0, 0.06%, 9, 0, 10, 268.55
1733871105, 50, 34, 77, 0, 0, 0.06%, 9, 0, 10, 261.09
1733871110, 50, 35, 77, 0, 0, 0.06%, 9, 0, 10, 251.62
1733871120, 50, 43, 77, 0, 0, 0.06%, 9, 0, 10, 268.38
1733871130, 50, 51, 77, 0, 0, 0.06%, 9, 0, 10, 262.06
1733871141, 50, 55, 77, 0, 0, 0.06%, 9, 0, 10, 271.62
1733871146, 50, 60, 77, 0, 0, 0.06%, 9, 0, 10, 329.41
1733871161, 50, 74, 77, 0, 0, 0.06%, 9, 0, 10, 348.35
1733871187, 51, 10, 77, 0, 0, 0.06%, 9, 0, 10, 261.81
1733871192, 51, 13, 77, 0, 0, 0.06%, 9, 0, 10, 248.44
1733871197, 51, 15, 77, 0, 0, 0.06%, 9, 0, 10, 244.14
1733871202, 51, 21, 77, 0, 0, 0.06%, 9, 0, 10, 251.62
1733871207, 51, 25, 77, 0, 0, 0.06%, 9, 0, 10, 258.72
1733871217, 51, 26, 77, 0, 0, 0.06%, 9, 0, 10, 246.74
1733871227, 51, 32, 77, 0, 0, 0.06%, 9, 0, 10, 261.94
1733871237, 51, 34, 77, 0, 0, 0.06%, 9, 0, 10, 254.43
1733871242, 51, 38, 77, 0, 0, 0.06%, 9, 0, 10, 242.73
1733871258, 51, 51, 77, 0, 0, 0.06%, 9, 0, 10, 253.33
1733871263, 51, 55, 77, 0, 0, 0.06%, 9, 0, 10, 247.00
1733871268, 52, 15, 77, 0, 0, 0.06%, 9, 0, 10, 241.17
1733871273, 52, 16, 77, 0, 0, 0.06%, 9, 0, 10, 252.28
1733871283, 52, 18, 77, 0, 0, 0.06%, 9, 0, 10, 266.37
1733871288, 52, 21, 77, 0, 0, 0.06%, 9, 0, 10, 270.88
1733871293, 52, 25, 77, 0, 0, 0.06%, 9, 0, 10, 272.56
1733871298, 52, 30, 77, 0, 0, 0.06%, 9, 0, 10, 261.71
1733871309, 52, 34, 77, 0, 0, 0.06%, 9, 0, 10, 258.53
1733871314, 52, 51, 77, 0, 0, 0.06%, 9, 0, 10, 262.57
1733871319, 52, 52, 77, 0, 0, 0.06%, 9, 0, 10, 259.40
1733871334, 52, 55, 77, 0, 0, 0.06%, 9, 0, 10, 240.77
1733871339, 52, 63, 77, 0, 0, 0.06%, 9, 0, 10, 276.61
1733871344, 53, 10, 77, 0, 0, 0.06%, 9, 0, 10, 266.78
1733871349, 53, 12, 77, 0, 0, 0.06%, 9, 0, 10, 239.67
1733871359, 53, 15, 77, 0, 0, 0.06%, 9, 0, 10, 268.86
1733871364, 53, 21, 77, 0, 0, 0.06%, 9, 0, 10, 258.39
1733871369, 53, 25, 77, 0, 0, 0.06%, 9, 0, 10, 252.84
1733871374, 53, 34, 77, 0, 0, 0.06%, 9, 0, 10, 256.30
1733871379, 53, 51, 77, 0, 0, 0.06%, 9, 0, 10, 243.25
1733871384, 53, 55, 77, 0, 0, 0.06%, 9, 0, 10, 260.94
1733871394, 54, 15, 77, 0, 0, 0.06%, 9, 0, 10, 244.89
1733871399, 54, 18, 77, 0, 0, 0.06%, 9, 0, 10, 259.51
1733871404, 54, 21, 77, 0, 0, 0.06%, 9, 0, 10, 259.83
1733871410, 54, 25, 77, 0, 0, 0.06%, 9, 0, 10, 265.21
1733871420, 54, 34, 77, 0, 0, 0.06%, 9, 0, 10, 264.83
1733871425, 54, 51, 77, 0, 0, 0.06%, 9, 0, 10, 244.27
1733871430, 54, 55, 77, 0, 0, 0.06%, 9, 0, 10, 255.48
1733871435, 55, 15, 77, 0, 0, 0.06%, 9, 0, 10, 257.91
1733871445, 55, 21, 77, 0, 0, 0.06%, 9, 0, 10, 246.13
1733871450, 55, 25, 77, 0, 0, 0.06%, 9, 0, 10, 250.57
1733871455, 55, 34, 77, 0, 0, 0.06%, 9, 0, 10, 254.21
1733871460, 55, 51, 77, 0, 0, 0.06%, 9, 0, 10, 256.97
1733871465, 55, 55, 77, 0, 0, 0.06%, 9, 0, 10, 255.33
1733871470, 56, 10, 77, 0, 0, 0.06%, 9, 0, 10, 243.11
1733871475, 56, 12, 77, 0, 0, 0.06%, 9, 0, 10, 241.73
1733871485, 56, 15, 77, 0, 0, 0.06%, 9, 0, 10, 251.96
1733871490, 56, 16, 77, 0, 0, 0.06%, 9, 0, 10, 253.17
1733871495, 56, 21, 77, 0, 0, 0.06%, 9, 0, 10, 251.09
1733871500, 56, 25, 77, 0, 0, 0.06%, 9, 0, 10, 249.92
1733871510, 56, 30, 78, 1, 0, 0.06%, 9, 0, 10, 252.33
1733871515, 56, 33, 78, 1, 0, 0.06%, 9, 0, 10, 260.66
1733871526, 56, 34, 78, 1, 0, 0.06%, 9, 0, 10, 242.74
1733871531, 56, 51, 78, 1, 0, 0.06%, 9, 0, 10, 252.24
1733871536, 56, 55, 78, 1, 0, 0.06%, 9, 0, 10, 251.45
1733871541, 56, 69, 78, 1, 0, 0.06%, 9, 0, 10, 260.32
1733871551, 56, 69, 79, 2, 0, 0.06%, 9, 0, 10, 287.72
1733871572, 56, 78, 79, 2, 0, 0.06%, 9, 0, 10, 370.71
1733871679, 57, 2, 79, 1, 0, 0.06%, 9, 0, 10, 303.18
1733871684, 57, 15, 79, 1, 0, 0.06%, 9, 0, 10, 253.38
1733871689, 57, 21, 79, 1, 0, 0.06%, 9, 0, 10, 259.12
1733871694, 57, 25, 79, 1, 0, 0.06%, 9, 0, 10, 246.95
1733871699, 57, 31, 79, 1, 0, 0.06%, 9, 0, 10, 279.59
1733871709, 57, 34, 79, 1, 0, 0.06%, 9, 0, 10, 268.69
1733871714, 57, 51, 79, 1, 0, 0.06%, 9, 0, 10, 279.52
1733871725, 57, 55, 79, 1, 0, 0.06%, 9, 0, 10, 258.40
1733871730, 58, 15, 79, 1, 0, 0.06%, 9, 0, 10, 242.55
1733871735, 58, 21, 79, 1, 0, 0.06%, 9, 0, 10, 258.29
1733871745, 58, 25, 79, 1, 0, 0.06%, 9, 0, 10, 263.50
1733871750, 58, 31, 79, 1, 0, 0.06%, 9, 0, 10, 277.45
1733871760, 58, 34, 79, 1, 0, 0.06%, 9, 0, 10, 261.48
1733871765, 58, 37, 79, 1, 0, 0.06%, 9, 0, 10, 282.02
1733871776, 58, 48, 79, 1, 0, 0.06%, 9, 0, 10, 310.70
1733871786, 58, 51, 79, 1, 0, 0.06%, 9, 0, 10, 255.88
1733871791, 58, 55, 79, 1, 0, 0.06%, 9, 0, 10, 258.81
1733871796, 58, 66, 79, 1, 0, 0.06%, 9, 0, 10, 257.69
1733871811, 59, 15, 79, 1, 0, 0.06%, 9, 0, 10, 248.61
1733871816, 59, 21, 79, 1, 0, 0.06%, 9, 0, 10, 246.66
1733871826, 59, 22, 79, 1, 0, 0.06%, 9, 0, 10, 240.08
1733871831, 59, 25, 79, 1, 0, 0.06%, 9, 0, 10, 261.60
1733871837, 59, 34, 79, 1, 0, 0.06%, 9, 0, 10, 253.72
1733871842, 59, 51, 79, 1, 0, 0.06%, 9, 0, 10, 269.98
1733871847, 59, 55, 79, 1, 0, 0.06%, 9, 0, 10, 243.63
1733871852, 59, 63, 79, 1, 0, 0.06%, 9, 0, 10, 295.25
1733871862, 60, 15, 79, 1, 0, 0.06%, 9, 0, 10, 255.53
1733871867, 60, 21, 79, 1, 0, 0.06%, 9, 0, 10, 239.83
1733871878, 60, 25, 79, 1, 0, 0.06%, 9, 0, 10, 260.83
1733871883, 60, 34, 79, 1, 0, 0.06%, 9, 0, 10, 246.13
1733871888, 60, 51, 79, 1, 0, 0.06%, 9, 0, 10, 275.71
1733871893, 60, 55, 79, 1, 0, 0.06%, 9, 0, 10, 257.22
1733871898, 60, 57, 79, 1, 0, 0.06%, 9, 0, 10, 257.88
1733871903, 61, 10, 79, 1, 0, 0.06%, 9, 0, 10, 251.84
1733871908, 61, 15, 79, 1, 0, 0.06%, 9, 0, 10, 252.41
1733871913, 61, 16, 79, 1, 0, 0.06%, 9, 0, 10, 255.13
1733871918, 61, 21, 79, 1, 0, 0.06%, 9, 0, 10, 263.55
1733871923, 61, 25, 79, 1, 0, 0.06%, 9, 0, 10, 247.79
1733871929, 61, 27, 79, 1, 0, 0.06%, 9, 0, 10, 251.51
1733871954, 61, 34, 79, 1, 0, 0.06%, 9, 0, 10, 255.18
1733871959, 61, 51, 79, 1, 0, 0.06%, 9, 0, 10, 250.77
1733871964, 61, 55, 79, 1, 0, 0.06%, 9, 0, 10, 256.88
1733871969, 61, 60, 79, 1, 0, 0.06%, 9, 0, 10, 272.14
1733871984, 61, 63, 79, 1, 0, 0.06%, 9, 0, 10, 286.83
1733871994, 62, 15, 79, 1, 0, 0.06%, 9, 0, 10, 257.97
1733871999, 62, 21, 79, 1, 0, 0.06%, 9, 0, 10, 236.88
1733872004, 62, 25, 79, 1, 0, 0.06%, 9, 0, 10, 259.06
1733872015, 62, 34, 79, 1, 0, 0.06%, 9, 0, 10, 260.43
1733872020, 62, 35, 79, 1, 0, 0.06%, 9, 0, 10, 257.68
1733872030, 62, 51, 79, 1, 0, 0.06%, 9, 0, 10, 257.42
1733872035, 62, 55, 79, 1, 0, 0.06%, 9, 0, 10, 267.76
1733872040, 63, 15, 79, 1, 0, 0.06%, 9, 0, 10, 253.57
1733872050, 63, 18, 79, 1, 0, 0.06%, 9, 0, 10, 255.58
1733872055, 63, 21, 79, 1, 0, 0.06%, 9, 0, 10, 266.75
1733872060, 63, 25, 79, 1, 0, 0.06%, 9, 0, 10, 252.12
1733872065, 63, 29, 79, 1, 0, 0.06%, 9, 0, 10, 245.43
1733872075, 63, 34, 79, 1, 0, 0.06%, 9, 0, 10, 243.42
1733872081, 63, 51, 79, 1, 0, 0.06%, 9, 0, 10, 248.30
1733872086, 63, 55, 79, 1, 0, 0.06%, 9, 0, 10, 264.28
1733872096, 63, 60, 79, 1, 0, 0.06%, 9, 0, 10, 278.49
1733872101, 64, 10, 79, 1, 0, 0.06%, 9, 0, 10, 263.05
1733872106, 64, 15, 79, 1, 0, 0.06%, 9, 0, 10, 250.07
1733872111, 64, 21, 79, 1, 0, 0.06%, 9, 0, 10, 262.21
1733872116, 64, 25, 79, 1, 0, 0.06%, 9, 0, 10, 255.11
1733872121, 64, 34, 79, 1, 0, 0.06%, 9, 0, 10, 250.86
1733872126, 64, 51, 79, 1, 0, 0.06%, 9, 0, 10, 261.72
1733872131, 64, 55, 79, 1, 0, 0.06%, 9, 0, 10, 268.38
1733872141, 64, 64, 79, 1, 0, 0.06%, 9, 0, 10, 296.13
1733872146, 65, 15, 79, 1, 0, 0.06%, 9, 0, 10, 263.35
1733872157, 65, 21, 79, 1, 0, 0.06%, 9, 0, 10, 257.31
1733872162, 65, 25, 79, 1, 0, 0.06%, 9, 0, 10, 260.02
1733872167, 65, 34, 79, 1, 0, 0.06%, 9, 0, 10, 261.70
1733872172, 65, 43, 79, 1, 0, 0.06%, 9, 0, 10, 255.94
1733872182, 65, 49, 79, 1, 0, 0.06%, 9, 0, 10, 296.43
1733872187, 65, 51, 79, 1, 0, 0.06%, 9, 0, 10, 273.92
1733872192, 65, 55, 79, 1, 0, 0.06%, 9, 0, 10, 258.24
1733872197, 66, 10, 79, 1, 0, 0.06%, 9, 0, 10, 248.97
1733872202, 66, 15, 79, 1, 0, 0.06%, 9, 0, 10, 244.31
1733872207, 66, 21, 79, 1, 0, 0.06%, 9, 0, 10, 254.80
1733872212, 66, 25, 79, 1, 0, 0.06%, 9, 0, 10, 253.90
1733872217, 66, 34, 79, 1, 0, 0.06%, 9, 0, 10, 251.56
1733872222, 66, 51, 79, 1, 0, 0.06%, 9, 0, 10, 248.92
1733872233, 66, 55, 79, 1, 0, 0.06%, 9, 0, 10, 237.78
1733872238, 66, 64, 79, 1, 0, 0.06%, 9, 0, 10, 287.74
1733872243, 66, 69, 79, 1, 0, 0.06%, 9, 0, 10, 269.01
1733872253, 66, 73, 79, 1, 0, 0.06%, 9, 0, 10, 304.18
1733872258, 67, 10, 79, 1, 0, 0.06%, 9, 0, 10, 266.70
1733872263, 67, 15, 79, 1, 0, 0.06%, 9, 0, 10, 255.74
1733872268, 67, 21, 79, 1, 0, 0.06%, 9, 0, 10, 252.15
1733872273, 67, 23, 79, 1, 0, 0.06%, 9, 0, 10, 266.04
1733872283, 67, 25, 79, 1, 0, 0.06%, 9, 0, 10, 273.77
1733872288, 67, 34, 79, 1, 0, 0.06%, 9, 0, 10, 242.83
1733872294, 67, 47, 79, 1, 0, 0.06%, 9, 0, 10, 269.59
1733872304, 67, 51, 79, 1, 0, 0.06%, 9, 0, 10, 263.35
1733872314, 67, 55, 79, 1, 0, 0.06%, 9, 0, 10, 247.17
1733872319, 67, 57, 79, 1, 0, 0.06%, 9, 0, 10, 260.19
1733872324, 67, 61, 79, 1, 0, 0.06%, 9, 0, 10, 320.38
1733872350, 67, 73, 79, 1, 0, 0.06%, 9, 0, 10, 277.68
1733872355, 68, 10, 79, 1, 0, 0.06%, 9, 0, 10, 255.49
1733872360, 68, 15, 79, 1, 0, 0.06%, 9, 0, 10, 241.27
1733872365, 68, 21, 79, 1, 0, 0.06%, 9, 0, 10, 246.39
1733872370, 68, 25, 79, 1, 0, 0.06%, 9, 0, 10, 252.27
1733872375, 68, 34, 79, 1, 0, 0.06%, 9, 0, 10, 255.79
1733872380, 68, 50, 79, 1, 0, 0.06%, 9, 0, 10, 270.68
1733872391, 68, 51, 79, 1, 0, 0.06%, 9, 0, 10, 265.57
1733872401, 68, 52, 79, 1, 0, 0.06%, 9, 0, 10, 246.01
1733872406, 68, 55, 79, 1, 0, 0.06%, 9, 0, 10, 249.30
1733872411, 68, 77, 79, 1, 0, 0.06%, 9, 0, 10, 372.10
1733872487, 68, 77, 80, 2, 0, 0.06%, 9, 0, 10, 304.91
1733872533, 69, 11, 80, 1, 0, 0.06%, 9, 0, 10, 258.36
1733872538, 69, 15, 80, 1, 0, 0.06%, 9, 0, 10, 245.30
1733872543, 69, 21, 80, 1, 0, 0.06%, 9, 0, 10, 257.10
1733872548, 69, 25, 80, 1, 0, 0.06%, 9, 0, 10, 263.85
1733872558, 69, 34, 80, 1, 0, 0.06%, 9, 0, 10, 265.57
1733872563, 69, 44, 80, 1, 0, 0.06%, 9, 0, 10, 266.78
1733872573, 69, 51, 80, 1, 0, 0.06%, 9, 0, 10, 271.12
1733872578, 69, 55, 80, 1, 0, 0.06%, 9, 0, 10, 262.14
1733872583, 70, 15, 80, 1, 0, 0.06%, 9, 0, 10, 259.04
1733872593, 70, 16, 80, 1, 0, 0.06%, 9, 0, 10, 252.38
1733872598, 70, 21, 80, 1, 0, 0.06%, 9, 0, 10, 258.70
1733872603, 70, 25, 80, 1, 0, 0.06%, 9, 0, 10, 255.62
1733872608, 70, 31, 80, 1, 0, 0.06%, 9, 0, 10, 280.48
1733872613, 70, 34, 80, 1, 0, 0.06%, 9, 0, 10, 251.77
1733872618, 70, 51, 80, 1, 0, 0.06%, 9, 0, 10, 256.73
1733872624, 70, 52, 80, 1, 0, 0.06%, 9, 0, 10, 262.98
1733872629, 70, 55, 80, 1, 0, 0.06%, 9, 0, 10, 258.93
1733872639, 71, 15, 80, 1, 0, 0.06%, 9, 0, 10, 242.90
1733872644, 71, 21, 80, 1, 0, 0.06%, 9, 0, 10, 246.73
1733872654, 71, 25, 80, 1, 0, 0.06%, 9, 0, 10, 258.51
1733872659, 71, 34, 80, 1, 0, 0.06%, 9, 0, 10, 261.36
1733872664, 71, 46, 80, 1, 0, 0.06%, 9, 0, 10, 279.33
1733872685, 71, 50, 80, 1, 0, 0.06%, 9, 0, 10, 277.23
1733872690, 71, 51, 80, 1, 0, 0.06%, 9, 0, 10, 261.08
1733872695, 71, 55, 80, 1, 0, 0.06%, 9, 0, 10, 253.89
1733872700, 72, 10, 80, 1, 0, 0.06%, 9, 0, 10, 247.49
1733872705, 72, 15, 80, 1, 0, 0.06%, 9, 0, 10, 266.58
1733872710, 72, 21, 80, 1, 0, 0.06%, 9, 0, 10, 247.91
1733872715, 72, 25, 80, 1, 0, 0.06%, 9, 0, 10, 242.85
1733872720, 72, 30, 80, 1, 0, 0.06%, 9, 0, 10, 245.76
1733872725, 72, 34, 80, 1, 0, 0.06%, 9, 0, 10, 257.83
1733872736, 72, 44, 80, 1, 0, 0.06%, 9, 0, 10, 283.55
1733872741, 72, 49, 80, 1, 0, 0.06%, 9, 0, 10, 265.94
1733872746, 72, 51, 80, 1, 0, 0.06%, 9, 0, 10, 269.93
1733872751, 72, 55, 80, 1, 0, 0.06%, 9, 0, 10, 259.20
1733872756, 72, 66, 80, 1, 0, 0.06%, 9, 0, 10, 262.66
1733872766, 72, 72, 80, 1, 0, 0.06%, 9, 0, 10, 294.82
1733872777, 73, 15, 80, 1, 0, 0.06%, 9, 0, 10, 267.81
1733872782, 73, 21, 80, 1, 0, 0.06%, 9, 0, 10, 243.94
1733872787, 73, 25, 80, 1, 0, 0.06%, 9, 0, 10, 270.21
1733872797, 73, 31, 80, 1, 0, 0.06%, 9, 0, 10, 280.97
1733872802, 73, 34, 80, 1, 0, 0.06%, 9, 0, 10, 258.17
1733872807, 73, 47, 80, 1, 0, 0.06%, 9, 0, 10, 264.57
1733872818, 73, 51, 80, 1, 0, 0.06%, 9, 0, 10, 261.30
1733872823, 73, 55, 80, 1, 0, 0.06%, 9, 0, 10, 254.27
1733872828, 73, 56, 80, 1, 0, 0.06%, 9, 0, 10, 280.94
1733872848, 74, 8, 80, 1, 0, 0.06%, 9, 0, 10, 243.15
1733872853, 74, 15, 80, 1, 0, 0.06%, 9, 0, 10, 250.23
1733872858, 74, 21, 80, 1, 0, 0.06%, 9, 0, 10, 256.27
1733872863, 74, 23, 80, 1, 0, 0.06%, 9, 0, 10, 269.78
1733872873, 74, 25, 80, 1, 0, 0.06%, 9, 0, 10, 257.66
1733872878, 74, 28, 80, 1, 0, 0.06%, 9, 0, 10, 260.28
1733872903, 74, 31, 80, 1, 0, 0.06%, 9, 0, 10, 265.23
1733872908, 74, 34, 80, 1, 0, 0.06%, 9, 0, 10, 249.88
1733872913, 74, 44, 80, 1, 0, 0.06%, 9, 0, 10, 267.91
1733872918, 74, 51, 80, 1, 0, 0.06%, 9, 0, 10, 267.24
1733872923, 74, 55, 80, 1, 0, 0.06%, 9, 0, 10, 265.72
1733872928, 74, 65, 80, 1, 0, 0.06%, 9, 0, 10, 275.31
1733872944, 74, 79, 80, 1, 0, 0.06%, 9, 0, 10, 273.39
1733873050, 75, 10, 80, 0, 0, 0.06%, 9, 0, 10, 254.46
1733873056, 75, 15, 80, 0, 0, 0.06%, 9, 0, 10, 258.18
1733873061, 75, 20, 80, 0, 0, 0.06%, 9, 0, 10, 248.83
1733873066, 75, 21, 80, 0, 0, 0.06%, 9, 0, 10, 258.22
1733873071, 75, 25, 80, 0, 0, 0.06%, 9, 0, 10, 247.99
1733873076, 75, 34, 80, 0, 0, 0.06%, 9, 0, 10, 258.50
1733873081, 75, 51, 80, 0, 0, 0.06%, 9, 0, 10, 254.04
1733873086, 75, 55, 80, 0, 0, 0.06%, 9, 0, 10, 267.06
1733873091, 75, 78, 80, 0, 0, 0.06%, 9, 0, 10, 260.92
1733873117, 76, 15, 80, 0, 0, 0.06%, 9, 0, 10, 253.71
1733873122, 76, 21, 80, 0, 0, 0.06%, 9, 0, 10, 262.36
1733873127, 76, 25, 80, 0, 0, 0.06%, 9, 0, 10, 258.41
1733873132, 76, 34, 80, 0, 0, 0.06%, 9, 0, 10, 256.83
1733873137, 76, 41, 80, 0, 0, 0.06%, 9, 0, 10, 271.44
1733873142, 76, 49, 80, 0, 0, 0.06%, 9, 0, 10, 259.99
1733873147, 76, 51, 80, 0, 0, 0.06%, 9, 0, 10, 283.64
1733873157, 76, 55, 80, 0, 0, 0.06%, 9, 0, 10, 257.28
1733873162, 76, 58, 80, 0, 0, 0.06%, 9, 0, 10, 320.94
1733873173, 76, 66, 80, 0, 0, 0.06%, 9, 0, 10, 275.17
1733873178, 76, 79, 80, 0, 0, 0.06%, 9, 0, 10, 311.61
1733873198, 77, 15, 80, 0, 0, 0.06%, 9, 0, 10, 257.49
1733873203, 77, 18, 80, 0, 0, 0.06%, 9, 0, 10, 254.10
1733873208, 77, 21, 80, 0, 0, 0.06%, 9, 0, 10, 255.39
1733873213, 77, 25, 80, 0, 0, 0.06%, 9, 0, 10, 251.87
1733873223, 77, 34, 80, 0, 0, 0.06%, 9, 0, 10, 249.36
1733873229, 77, 36, 80, 0, 0, 0.06%, 9, 0, 10, 260.61
1733873249, 77, 51, 80, 0, 0, 0.06%, 9, 0, 10, 271.39
1733873254, 77, 55, 80, 0, 0, 0.06%, 9, 0, 10, 267.40
1733873259, 77, 61, 80, 0, 0, 0.06%, 9, 0, 10, 309.22
1733873274, 78, 15, 80, 0, 0, 0.06%, 9, 0, 10, 244.78
1733873279, 78, 21, 80, 0, 0, 0.06%, 9, 0, 10, 254.78
1733873289, 78, 25, 80, 0, 0, 0.06%, 9, 0, 10, 259.95
1733873294, 78, 32, 80, 0, 0, 0.06%, 9, 0, 10, 266.24
1733873300, 78, 34, 80, 0, 0, 0.06%, 9, 0, 10, 270.77
1733873305, 78, 51, 80, 0, 0, 0.06%, 9, 0, 10, 255.61
1733873310, 78, 53, 80, 0, 0, 0.06%, 9, 0, 10, 271.17
1733873320, 78, 55, 80, 0, 0, 0.06%, 9, 0, 10, 260.44
1733873325, 79, 10, 80, 0, 0, 0.06%, 9, 0, 10, 262.06
1733873330, 79, 15, 80, 0, 0, 0.06%, 9, 0, 10, 253.86
1733873335, 79, 21, 80, 0, 0, 0.06%, 9, 0, 10, 255.94
1733873340, 79, 25, 80, 0, 0, 0.06%, 9, 0, 10, 260.14
1733873345, 79, 32, 80, 0, 0, 0.06%, 9, 0, 10, 270.16
1733873350, 79, 34, 80, 0, 0, 0.06%, 9, 0, 10, 260.22
1733873355, 79, 51, 80, 0, 0, 0.06%, 9, 0, 10, 264.86
1733873365, 79, 52, 80, 0, 0, 0.06%, 9, 0, 10, 265.77
1733873370, 79, 55, 80, 0, 0, 0.06%, 9, 0, 10, 257.29
1733873375, 79, 68, 80, 0, 0, 0.06%, 9, 0, 10, 267.50
1733873386, 80, 15, 80, 0, 0, 0.06%, 9, 0, 10, 258.64
1733873396, 80, 21, 80, 0, 0, 0.06%, 9, 0, 10, 251.10
1733873401, 80, 25, 80, 0, 0, 0.06%, 9, 0, 10, 248.15
1733873406, 80, 33, 80, 0, 0, 0.06%, 9, 0, 10, 251.48
1733873411, 80, 34, 80, 0, 0, 0.06%, 9, 0, 10, 246.87
1733873416, 80, 35, 80, 0, 0, 0.06%, 9, 0, 10, 260.62
1733873421, 80, 51, 80, 0, 0, 0.06%, 9, 0, 10, 267.90
1733873426, 80, 55, 80, 0, 0, 0.06%, 9, 0, 10, 266.96
1733873431, 81, 10, 80, 0, 0, 0.06%, 9, 0, 10, 255.28
1733873436, 81, 15, 80, 0, 0, 0.06%, 9, 0, 10, 257.58
1733873442, 81, 21, 80, 0, 0, 0.06%, 9, 0, 10, 263.97
1733873447, 81, 22, 80, 0, 0, 0.06%, 9, 0, 10, 249.75
1733873452, 81, 25, 80, 0, 0, 0.06%, 9, 0, 10, 266.75
1733873457, 81, 26, 80, 0, 0, 0.06%, 9, 0, 10, 268.96
1733873462, 81, 34, 80, 0, 0, 0.06%, 9, 0, 10, 256.19
1733873467, 81, 49, 81, 1, 0, 0.06%, 9, 0, 10, 288.16
1733873473, 81, 51, 81, 1, 0, 0.06%, 9, 0, 10, 291.70
1733873483, 81, 55, 81, 1, 0, 0.06%, 9, 0, 10, 261.49
1733873488, 82, 15, 81, 1, 0, 0.06%, 9, 0, 10, 256.91
1733873493, 82, 21, 81, 1, 0, 0.06%, 9, 0, 10, 252.90
1733873498, 82, 25, 81, 1, 0, 0.06%, 9, 0, 10, 256.51
1733873503, 82, 34, 81, 1, 0, 0.06%, 9, 0, 10, 258.14
1733873513, 82, 38, 81, 1, 0, 0.06%, 9, 0, 10, 262.58
1733873518, 82, 51, 81, 1, 0, 0.06%, 9, 0, 10, 265.29
1733873523, 82, 55, 81, 1, 0, 0.06%, 9, 0, 10, 266.32
1733873528, 83, 15, 81, 1, 0, 0.06%, 9, 0, 10, 258.34
1733873538, 83, 20, 81, 1, 0, 0.06%, 9, 0, 10, 260.06
1733873544, 83, 21, 81, 1, 0, 0.06%, 9, 0, 10, 248.17
1733873549, 83, 25, 81, 1, 0, 0.06%, 9, 0, 10, 248.06
1733873554, 83, 29, 81, 1, 0, 0.06%, 9, 0, 10, 247.40
1733873559, 83, 34, 81, 1, 0, 0.06%, 9, 0, 10, 250.96
1733873564, 83, 43, 81, 1, 0, 0.06%, 9, 0, 10, 259.97
1733873569, 83, 51, 81, 1, 0, 0.06%, 9, 0, 10, 264.80
1733873574, 83, 55, 81, 1, 0, 0.06%, 9, 0, 10, 273.58
1733873584, 84, 15, 81, 1, 0, 0.06%, 9, 0, 10, 240.67
1733873589, 84, 21, 81, 1, 0, 0.06%, 9, 0, 10, 252.65
1733873594, 84, 25, 81, 1, 0, 0.06%, 9, 0, 10, 258.84
1733873600, 84, 27, 81, 1, 0, 0.06%, 9, 0, 10, 265.22
1733873615, 84, 34, 81, 1, 0, 0.06%, 9, 0, 10, 258.73
1733873620, 84, 48, 81, 1, 0, 0.06%, 9, 0, 10, 272.55
1733873625, 84, 50, 81, 1, 0, 0.06%, 9, 0, 10, 273.27
1733873630, 84, 51, 81, 1, 0, 0.06%, 9, 0, 10, 269.31
1733873635, 84, 55, 81, 1, 0, 0.06%, 9, 0, 10, 258.65
1733873640, 84, 67, 81, 1, 0, 0.06%, 9, 0, 10, 265.73
1733873650, 84, 71, 81, 1, 0, 0.06%, 9, 0, 10, 271.14
1733873666, 84, 75, 81, 1, 0, 0.06%, 9, 0, 10, 286.38
1733873671, 84, 80, 81, 1, 0, 0.06%, 9, 0, 10, 272.59
1733873783, 85, 15, 81, 0, 0, 0.06%, 9, 0, 10, 256.13
1733873793, 85, 21, 81, 0, 0, 0.06%, 9, 0, 10, 244.09
1733873798, 85, 25, 81, 0, 0, 0.06%, 9, 0, 10, 249.67
1733873803, 85, 32, 81, 0, 0, 0.06%, 9, 0, 10, 266.27
1733873808, 85, 34, 81, 0, 0, 0.06%, 9, 0, 10, 260.80
1733873813, 85, 51, 81, 0, 0, 0.06%, 9, 0, 10, 263.90
1733873818, 85, 55, 81, 0, 0, 0.06%, 9, 0, 10, 267.67
1733873823, 85, 67, 81, 0, 0, 0.06%, 9, 0, 10, 269.15
1733873828, 86, 10, 81, 0, 0, 0.06%, 9, 0, 10, 257.71
1733873833, 86, 15, 81, 0, 0, 0.06%, 9, 0, 10, 253.60
1733873838, 86, 21, 81, 0, 0, 0.06%, 9, 0, 10, 260.00
1733873843, 86, 25, 81, 0, 0, 0.06%, 9, 0, 10, 259.82
1733873848, 86, 29, 81, 0, 0, 0.06%, 9, 0, 10, 251.86
1733873854, 86, 34, 81, 0, 0, 0.06%, 9, 0, 10, 254.85
1733873859, 86, 36, 81, 0, 0, 0.06%, 9, 0, 10, 265.92
1733873869, 86, 51, 81, 0, 0, 0.06%, 9, 0, 10, 253.64
1733873879, 86, 55, 81, 0, 0, 0.06%, 9, 0, 10, 250.58
1733873884, 86, 73, 81, 0, 0, 0.06%, 9, 0, 10, 273.11
1733873889, 87, 15, 81, 0, 0, 0.06%, 9, 0, 10, 256.73
1733873900, 87, 21, 81, 0, 0, 0.06%, 9, 0, 10, 265.18
1733873905, 87, 25, 81, 0, 0, 0.06%, 9, 0, 10, 265.53
1733873910, 87, 31, 81, 0, 0, 0.06%, 9, 0, 10, 265.71
1733873915, 87, 34, 81, 0, 0, 0.06%, 9, 0, 10, 268.35
1733873920, 87, 39, 81, 0, 0, 0.06%, 9, 0, 10, 253.27
1733873940, 87, 51, 81, 0, 0, 0.06%, 9, 0, 10, 255.04
1733873951, 87, 55, 81, 0, 0, 0.06%, 9, 0, 10, 259.69
1733873956, 87, 75, 81, 0, 0, 0.06%, 9, 0, 10, 291.55
1733873966, 87, 79, 81, 0, 0, 0.06%, 9, 0, 10, 299.39
1733873986, 88, 10, 81, 0, 0, 0.06%, 9, 0, 10, 263.96
1733873991, 88, 15, 81, 0, 0, 0.06%, 9, 0, 10, 246.77
1733873996, 88, 21, 81, 0, 0, 0.06%, 9, 0, 10, 243.98
1733874001, 88, 25, 81, 0, 0, 0.06%, 9, 0, 10, 254.06
1733874006, 88, 34, 81, 0, 0, 0.06%, 9, 0, 10, 248.96
1733874011, 88, 51, 81, 0, 0, 0.06%, 9, 0, 10, 265.26
1733874016, 88, 55, 81, 0, 0, 0.06%, 9, 0, 10, 255.83
1733874021, 88, 80, 81, 0, 0, 0.06%, 9, 0, 10, 277.95
1733874042, 89, 10, 81, 0, 0, 0.06%, 9, 0, 10, 261.24
1733874047, 89, 15, 81, 0, 0, 0.06%, 9, 0, 10, 259.07
1733874052, 89, 21, 81, 0, 0, 0.06%, 9, 0, 10, 258.11
1733874057, 89, 23, 81, 0, 0, 0.06%, 9, 0, 10, 268.07
1733874062, 89, 25, 81, 0, 0, 0.06%, 9, 0, 10, 267.46
1733874067, 89, 29, 81, 0, 0, 0.06%, 9, 0, 10, 254.14
1733874072, 89, 34, 81, 0, 0, 0.06%, 9, 0, 10, 244.08
1733874077, 89, 51, 81, 0, 0, 0.06%, 9, 0, 10, 273.58
1733874087, 89, 55, 81, 0, 0, 0.06%, 9, 0, 10, 264.30
1733874092, 90, 13, 81, 0, 0, 0.06%, 9, 0, 10, 250.71
1733874098, 90, 15, 81, 0, 0, 0.06%, 9, 0, 10, 246.11
1733874103, 90, 21, 81, 0, 0, 0.06%, 9, 0, 10, 247.55
1733874108, 90, 25, 81, 0, 0, 0.06%, 9, 0, 10, 252.15
1733874118, 90, 26, 81, 0, 0, 0.06%, 9, 0, 10, 262.87
1733874123, 90, 34, 81, 0, 0, 0.06%, 9, 0, 10, 251.04
1733874128, 90, 51, 81, 0, 0, 0.06%, 9, 0, 10, 280.22
1733874133, 90, 55, 81, 0, 0, 0.06%, 9, 0, 10, 262.68
1733874138, 90, 56, 81, 0, 0, 0.06%, 9, 0, 10, 298.25
1733874148, 90, 58, 81, 0, 0, 0.06%, 9, 0, 10, 326.17
1733874158, 91, 10, 81, 0, 0, 0.06%, 9, 0, 10, 263.81
1733874163, 91, 15, 81, 0, 0, 0.06%, 9, 0, 10, 272.64
1733874168, 91, 21, 81, 0, 0, 0.06%, 9, 0, 10, 265.80
1733874173, 91, 25, 81, 0, 0, 0.06%, 9, 0, 10, 264.81
1733874178, 91, 34, 81, 0, 0, 0.06%, 9, 0, 10, 263.37
1733874184, 91, 42, 81, 0, 0, 0.06%, 9, 0, 10, 269.32
1733874189, 91, 51, 81, 0, 0, 0.06%, 9, 0, 10, 251.01
1733874194, 91, 55, 81, 0, 0, 0.06%, 9, 0, 10, 256.61
1733874199, 92, 10, 81, 0, 0, 0.06%, 9, 0, 10, 237.30
1733874204, 92, 15, 81, 0, 0, 0.06%, 9, 0, 10, 235.37
1733874209, 92, 21, 81, 0, 0, 0.06%, 9, 0, 10, 267.72
1733874214, 92, 22, 81, 0, 0, 0.06%, 9, 0, 10, 244.91
1733874219, 92, 25, 81, 0, 0, 0.06%, 9, 0, 10, 248.15
1733874224, 92, 34, 81, 0, 0, 0.06%, 9, 0, 10, 257.30
1733874229, 92, 51, 81, 0, 0, 0.06%, 9, 0, 10, 255.43
1733874239, 92, 55, 81, 0, 0, 0.06%, 9, 0, 10, 261.26
1733874244, 92, 56, 81, 0, 0, 0.06%, 9, 0, 10, 298.12
1733874255, 92, 74, 81, 0, 0, 0.06%, 9, 0, 10, 325.94
1733874265, 92, 75, 81, 0, 0, 0.06%, 9, 0, 10, 284.64
1733874270, 92, 77, 81, 0, 0, 0.06%, 9, 0, 10, 268.71
1733874296, 92, 79, 81, 0, 0, 0.06%, 9, 0, 10, 312.86
1733874311, 93, 10, 81, 0, 0, 0.06%, 9, 0, 10, 298.21
1733874316, 93, 15, 81, 0, 0, 0.06%, 9, 0, 10, 261.58
1733874321, 93, 16, 81, 0, 0, 0.06%, 9, 0, 10, 247.53
1733874326, 93, 21, 81, 0, 0, 0.06%, 9, 0, 10, 250.00
1733874331, 93, 25, 81, 0, 0, 0.06%, 9, 0, 10, 258.88
1733874336, 93, 34, 81, 0, 0, 0.06%, 9, 0, 10, 264.92
1733874346, 93, 51, 81, 0, 0, 0.06%, 9, 0, 10, 252.44
1733874351, 93, 55, 81, 0, 0, 0.06%, 9, 0, 10, 264.66
1733874356, 93, 71, 81, 0, 0, 0.06%, 9, 0, 10, 273.42
1733874366, 93, 74, 81, 0, 0, 0.06%, 9, 0, 10, 298.64
1733874371, 94, 9, 81, 0, 0, 0.06%, 9, 0, 10, 267.06
1733874376, 94, 15, 81, 0, 0, 0.06%, 9, 0, 10, 252.11
1733874381, 94, 21, 81, 0, 0, 0.06%, 9, 0, 10, 261.66
1733874386, 94, 25, 81, 0, 0, 0.06%, 9, 0, 10, 251.82
1733874391, 94, 34, 81, 0, 0, 0.06%, 9, 0, 10, 252.44
1733874402, 94, 51, 81, 0, 0, 0.06%, 9, 0, 10, 257.55
1733874407, 94, 55, 81, 0, 0, 0.06%, 9, 0, 10, 242.59
1733874412, 94, 59, 81, 0, 0, 0.06%, 9, 0, 10, 325.14
1733874427, 95, 15, 81, 0, 0, 0.06%, 9, 0, 10, 254.61
1733874432, 95, 18, 81, 0, 0, 0.06%, 9, 0, 10, 260.26
1733874442, 95, 21, 81, 0, 0, 0.06%, 9, 0, 10, 253.99
1733874447, 95, 25, 81, 0, 0, 0.06%, 9, 0, 10, 271.00
1733874452, 95, 30, 81, 0, 0, 0.06%, 9, 0, 10, 259.95
1733874457, 95, 34, 81, 0, 0, 0.06%, 9, 0, 10, 251.26
1733874463, 95, 51, 81, 0, 0, 0.06%, 9, 0, 10, 252.36
1733874468, 95, 55, 81, 0, 0, 0.06%, 9, 0, 10, 265.39
1733874473, 95, 58, 81, 0, 0, 0.06%, 9, 0, 10, 303.14
1733874478, 95, 74, 81, 0, 0, 0.06%, 9, 0, 10, 327.93
1733874488, 96, 15, 81, 0, 0, 0.06%, 9, 0, 10, 261.16
1733874498, 96, 16, 81, 0, 0, 0.06%, 9, 0, 10, 255.18
1733874503, 96, 18, 81, 0, 0, 0.06%, 9, 0, 10, 251.43
1733874508, 96, 21, 81, 0, 0, 0.06%, 9, 0, 10, 255.88
1733874513, 96, 25, 81, 0, 0, 0.06%, 9, 0, 10, 252.42
1733874518, 96, 34, 81, 0, 0, 0.06%, 9, 0, 10, 249.28
1733874523, 96, 43, 81, 0, 0, 0.06%, 9, 0, 10, 252.18
1733874528, 96, 48, 81, 0, 0, 0.06%, 9, 0, 10, 302.78
1733874533, 96, 51, 81, 0, 0, 0.06%, 9, 0, 10, 287.73
1733874538, 96, 55, 81, 0, 0, 0.06%, 9, 0, 10, 267.61
1733874543, 96, 57, 81, 0, 0, 0.06%, 9, 0, 10, 258.22
1733874554, 97, 13, 81, 0, 0, 0.06%, 9, 0, 10, 242.41
1733874559, 97, 14, 81, 0, 0, 0.06%, 9, 0, 10, 258.25
1733874569, 97, 15, 81, 0, 0, 0.06%, 9, 0, 10, 263.63
1733874574, 97, 21, 81, 0, 0, 0.06%, 9, 0, 10, 258.14
1733874579, 97, 25, 81, 0, 0, 0.06%, 9, 0, 10, 259.04
1733874584, 97, 34, 81, 0, 0, 0.06%, 9, 0, 10, 253.25
1733874589, 97, 51, 81, 0, 0, 0.06%, 9, 0, 10, 268.76
1733874594, 97, 53, 81, 0, 0, 0.06%, 9, 0, 10, 260.54
1733874604, 97, 55, 81, 0, 0, 0.06%, 9, 0, 10, 268.87
1733874609, 97, 59, 81, 0, 0, 0.06%, 9, 0, 10, 281.75
1733874619, 98, 15, 81, 0, 0, 0.06%, 9, 0, 10, 259.95
1733874625, 98, 18, 81, 0, 0, 0.06%, 9, 0, 10, 253.26
1733874630, 98, 21, 81, 0, 0, 0.06%, 9, 0, 10, 255.79
1733874640, 98, 22, 81, 0, 0, 0.06%, 9, 0, 10, 267.31
1733874645, 98, 25, 81, 0, 0, 0.06%, 9, 0, 10, 260.70
1733874650, 98, 34, 81, 0, 0, 0.06%, 9, 0, 10, 258.72
1733874655, 98, 40, 81, 0, 0, 0.06%, 9, 0, 10, 257.20
1733874676, 98, 51, 81, 0, 0, 0.06%, 9, 0, 10, 260.28
1733874681, 98, 54, 81, 0, 0, 0.06%, 9, 0, 10, 271.33
1733874691, 98, 55, 81, 0, 0, 0.06%, 9, 0, 10, 280.04
1733874701, 98, 59, 81, 0, 0, 0.06%, 9, 0, 10, 274.16
1733874706, 99, 15, 81, 0, 0, 0.06%, 9, 0, 10, 256.82
1733874716, 99, 16, 81, 0, 0, 0.06%, 9, 0, 10, 228.80
1733874722, 99, 21, 81, 0, 0, 0.06%, 9, 0, 10, 229.45
1733874727, 99, 25, 81, 0, 0, 0.06%, 9, 0, 10, 244.02
1733874732, 99, 27, 81, 0, 0, 0.06%, 9, 0, 10, 251.34
1733874747, 99, 34, 81, 0, 0, 0.06%, 9, 0, 10, 262.31
1733874752, 99, 51, 81, 0, 0, 0.06%, 9, 0, 10, 254.19
1733874757, 99, 55, 81, 0, 0, 0.06%, 9, 0, 10, 247.02
1733874762, 99, 64, 81, 0, 0, 0.06%, 9, 0, 10, 295.66
1733874767, 99, 70, 81, 0, 0, 0.06%, 9, 0, 10, 278.35
1733874783, 99, 71, 81, 0, 0, 0.06%, 9, 0, 10, 281.56
1733874793, 100, 15, 81, 0, 0, 0.06%, 9, 0, 10, 241.45
1733874798, 100, 17, 81, 0, 0, 0.06%, 9, 0, 10, 250.38
1733874803, 100, 19, 81, 0, 0, 0.06%, 9, 0, 10, 261.99
1733874813, 100, 21, 81, 0, 0, 0.06%, 9, 0, 10, 268.90
1733874818, 100, 22, 81, 0, 0, 0.06%, 9, 0, 10, 249.60
1733874828, 100, 25, 81, 0, 0, 0.06%, 9, 0, 10, 257.62
1733874833, 100, 26, 81, 0, 0, 0.06%, 9, 0, 10, 251.57
1733874839, 100, 34, 81, 0, 0, 0.06%, 9, 0, 10, 244.52
1733874844, 100, 51, 81, 0, 0, 0.06%, 9, 0, 10, 268.27
1733874849, 100, 55, 81, 0, 0, 0.06%, 9, 0, 10, 266.91
1733874854, 101, 10, 81, 0, 0, 0.06%, 9, 0, 10, 256.23
1733874859, 101, 15, 81, 0, 0, 0.06%, 9, 0, 10, 241.76
1733874864, 101, 21, 81, 0, 0, 0.06%, 9, 0, 10, 250.69
1733874869, 101, 24, 81, 0, 0, 0.06%, 9, 0, 10, 257.54
1733874889, 101, 25, 81, 0, 0, 0.06%, 9, 0, 10, 272.89
1733874894, 101, 27, 81, 0, 0, 0.06%, 9, 0, 10, 259.81
1733874904, 101, 34, 81, 0, 0, 0.06%, 9, 0, 10, 253.33
1733874909, 101, 51, 81, 0, 0, 0.06%, 9, 0, 10, 245.14
1733874914, 101, 52, 81, 0, 0, 0.06%, 9, 0, 10, 266.72
1733874919, 101, 55, 81, 0, 0, 0.06%, 9, 0, 10, 269.83
1733874924, 101, 74, 81, 0, 0, 0.06%, 9, 0, 10, 317.58
1733874935, 101, 78, 81, 0, 0, 0.06%, 9, 0, 10, 301.04
1733874955, 102, 15, 81, 0, 0, 0.06%, 9, 0, 10, 242.72
1733874960, 102, 21, 81, 0, 0, 0.06%, 9, 0, 10, 248.97
1733874970, 102, 25, 81, 0, 0, 0.06%, 9, 0, 10, 268.11
1733874975, 102, 34, 81, 0, 0, 0.06%, 9, 0, 10, 256.32
1733874980, 102, 51, 81, 0, 0, 0.06%, 9, 0, 10, 253.86
1733874985, 102, 55, 81, 0, 0, 0.06%, 9, 0, 10, 244.86
1733874990, 102, 70, 81, 0, 0, 0.06%, 9, 0, 10, 269.71
1733875000, 102, 79, 81, 0, 0, 0.06%, 9, 0, 10, 266.63
1733875020, 103, 10, 81, 0, 0, 0.06%, 9, 0, 10, 256.04
1733875025, 103, 15, 81, 0, 0, 0.06%, 9, 0, 10, 252.34
1733875031, 103, 21, 81, 0, 0, 0.06%, 9, 0, 10, 255.35
1733875036, 103, 24, 81, 0, 0, 0.06%, 9, 0, 10, 251.63
1733875046, 103, 25, 81, 0, 0, 0.06%, 9, 0, 10, 250.66
1733875056, 103, 34, 81, 0, 0, 0.06%, 9, 0, 10, 248.06
1733875061, 103, 36, 81, 0, 0, 0.06%, 9, 0, 10, 256.42
1733875071, 103, 45, 81, 0, 0, 0.06%, 9, 0, 10, 266.06
1733875076, 103, 50, 81, 0, 0, 0.06%, 9, 0, 10, 276.69
1733875081, 103, 51, 81, 0, 0, 0.06%, 9, 0, 10, 273.43
1733875086, 103, 55, 81, 0, 0, 0.06%, 9, 0, 10, 268.51
1733875092, 103, 70, 81, 0, 0, 0.06%, 9, 0, 10, 267.39
1733875102, 104, 0, 81, 0, 0, 0.06%, 9, 0, 10, 272.38
1733875107, 104, 15, 81, 0, 0, 0.06%, 9, 0, 10, 247.83
1733875112, 104, 21, 81, 0, 0, 0.06%, 9, 0, 10, 248.09
1733875117, 104, 25, 81, 0, 0, 0.06%, 9, 0, 10, 255.48
1733875122, 104, 27, 81, 0, 0, 0.06%, 9, 0, 10, 267.77
1733875132, 104, 34, 81, 0, 0, 0.06%, 9, 0, 10, 251.24
1733875137, 104, 38, 81, 0, 0, 0.06%, 9, 0, 10, 269.67
1733875142, 104, 51, 81, 0, 0, 0.06%, 9, 0, 10, 274.25
1733875147, 104, 53, 81, 0, 0, 0.06%, 9, 0, 10, 263.25
1733875152, 104, 55, 81, 0, 0, 0.06%, 9, 0, 10, 252.95
1733875158, 104, 59, 81, 0, 0, 0.06%, 9, 0, 10, 307.88
1733875168, 104, 67, 81, 0, 0, 0.06%, 9, 0, 10, 265.77
1733875173, 104, 72, 81, 0, 0, 0.06%, 9, 0, 10, 259.90
1733875178, 104, 76, 81, 0, 0, 0.06%, 9, 0, 10, 351.53
1733875193, 105, 15, 81, 0, 0, 0.06%, 9, 0, 10, 251.23
1733875198, 105, 21, 81, 0, 0, 0.06%, 9, 0, 10, 258.55
1733875203, 105, 25, 81, 0, 0, 0.06%, 9, 0, 10, 253.21
1733875213, 105, 28, 81, 0, 0, 0.06%, 9, 0, 10, 264.91
1733875224, 105, 34, 81, 0, 0, 0.06%, 9, 0, 10, 255.54
1733875229, 105, 40, 81, 0, 0, 0.06%, 9, 0, 10, 257.90
1733875239, 105, 41, 81, 0, 0, 0.06%, 9, 0, 10, 262.94
1733875244, 105, 51, 81, 0, 0, 0.06%, 9, 0, 10, 253.54
1733875249, 105, 55, 81, 0, 0, 0.06%, 9, 0, 10, 263.75
1733875254, 106, 10, 81, 0, 0, 0.06%, 9, 0, 10, 241.94
1733875259, 106, 15, 81, 0, 0, 0.06%, 9, 0, 10, 255.57
1733875264, 106, 21, 81, 0, 0, 0.06%, 9, 0, 10, 267.59
1733875269, 106, 25, 81, 0, 0, 0.06%, 9, 0, 10, 255.51
1733875275, 106, 28, 81, 0, 0, 0.06%, 9, 0, 10, 269.88
1733875285, 106, 29, 81, 0, 0, 0.06%, 9, 0, 10, 261.29
1733875290, 106, 34, 81, 0, 0, 0.06%, 9, 0, 10, 261.95
1733875300, 106, 51, 81, 0, 0, 0.06%, 9, 0, 10, 254.08
1733875305, 106, 55, 81, 0, 0, 0.06%, 9, 0, 10, 241.77
1733875310, 107, 15, 81, 0, 0, 0.06%, 9, 0, 10, 242.98
1733875315, 107, 16, 81, 0, 0, 0.06%, 9, 0, 10, 256.72
1733875325, 107, 21, 81, 0, 0, 0.06%, 9, 0, 10, 251.78
1733875330, 107, 25, 81, 0, 0, 0.06%, 9, 0, 10, 257.37
1733875335, 107, 34, 81, 0, 0, 0.06%, 9, 0, 10, 262.66
1733875340, 107, 51, 81, 0, 0, 0.06%, 9, 0, 10, 260.48
1733875345, 107, 55, 81, 0, 0, 0.06%, 9, 0, 10, 258.28
1733875350, 107, 64, 81, 0, 0, 0.06%, 9, 0, 10, 291.24
1733875360, 107, 72, 81, 0, 0, 0.06%, 9, 0, 10, 288.68
1733875365, 108, 15, 81, 0, 0, 0.06%, 9, 0, 10, 263.63
1733875370, 108, 21, 81, 0, 0, 0.06%, 9, 0, 10, 245.17
1733875381, 108, 25, 81, 0, 0, 0.06%, 9, 0, 10, 262.11
1733875386, 108, 33, 81, 0, 0, 0.06%, 9, 0, 10, 268.82
1733875391, 108, 34, 81, 0, 0, 0.06%, 9, 0, 10, 266.17
