# unix_time, cycles_done, cur_path, paths_total, pending_total, pending_favs, map_size, unique_crashes, unique_hangs, max_depth, execs_per_sec
1735374453, 0, 0, 10, 10, 1, 0.00%, 0, 0, 1, 167.36
1735374458, 0, 2, 10, 10, 1, 0.00%, 0, 0, 1, 195.39
1735374463, 0, 3, 10, 9, 0, 0.00%, 0, 0, 1, 195.82
1735374474, 0, 4, 10, 8, 0, 0.00%, 0, 0, 1, 195.91
1735374479, 0, 4, 11, 9, 0, 0.05%, 1, 0, 2, 194.84
1735374484, 0, 10, 12, 9, 1, 0.05%, 1, 0, 3, 214.37
1735374489, 0, 10, 12, 9, 1, 0.05%, 2, 0, 3, 213.81
1735374499, 0, 11, 13, 9, 1, 0.05%, 2, 0, 4, 241.66
1735374504, 0, 11, 16, 12, 1, 0.06%, 5, 0, 4, 222.33
1735374530, 0, 12, 16, 11, 3, 0.06%, 5, 0, 4, 231.47
1735374555, 0, 13, 16, 10, 2, 0.06%, 5, 0, 4, 225.43
1735374565, 0, 13, 17, 11, 2, 0.06%, 6, 0, 5, 214.17
1735374596, 0, 14, 17, 10, 2, 0.06%, 6, 0, 5, 224.35
1735374616, 0, 16, 20, 12, 1, 0.06%, 9, 0, 6, 243.76
1735374621, 0, 16, 21, 13, 1, 0.06%, 9, 0, 6, 223.34
1735374652, 0, 17, 21, 12, 4, 0.06%, 9, 0, 6, 235.83
1735374657, 0, 17, 22, 13, 4, 0.06%, 9, 0, 7, 239.05
1735374682, 0, 18, 22, 12, 4, 0.06%, 9, 0, 7, 254.73
1735374697, 0, 18, 23, 13, 4, 0.06%, 9, 0, 7, 221.71
1735374712, 0, 19, 23, 12, 3, 0.06%, 9, 0, 7, 272.76
1735374727, 0, 20, 23, 11, 2, 0.06%, 9, 0, 7, 244.54
1735374733, 0, 20, 24, 12, 2, 0.06%, 9, 0, 7, 229.92
1735374748, 0, 20, 25, 13, 2, 0.06%, 9, 0, 7, 222.66
1735374783, 0, 21, 25, 12, 1, 0.06%, 9, 0, 7, 271.28
1735374788, 0, 21, 26, 13, 1, 0.06%, 9, 0, 8, 231.56
1735374814, 1, 7, 26, 12, 0, 0.06%, 9, 0, 8, 206.16
1735374819, 1, 10, 26, 10, 0, 0.06%, 9, 0, 8, 202.41
1735374824, 1, 12, 26, 10, 0, 0.06%, 9, 0, 8, 206.48
1735374829, 1, 13, 28, 12, 0, 0.06%, 9, 0, 8, 212.08
1735374844, 1, 17, 28, 12, 0, 0.06%, 9, 0, 8, 209.40
1735374849, 1, 18, 28, 12, 0, 0.06%, 9, 0, 8, 217.22
1735374854, 1, 19, 29, 13, 0, 0.06%, 9, 0, 8, 220.46
1735374859, 1, 20, 29, 13, 0, 0.06%, 9, 0, 8, 224.23
1735374865, 1, 22, 29, 13, 0, 0.06%, 9, 0, 8, 277.39
1735374875, 1, 22, 30, 14, 0, 0.06%, 9, 0, 8, 248.12
1735374895, 1, 24, 30, 13, 0, 0.06%, 9, 0, 8, 386.66
1735374900, 1, 24, 31, 14, 0, 0.06%, 9, 0, 8, 375.45
1735374925, 1, 30, 31, 13, 0, 0.06%, 9, 0, 8, 330.33
1735374956, 1, 30, 32, 14, 0, 0.06%, 9, 0, 9, 264.21
1735375002, 1, 31, 32, 13, 0, 0.06%, 9, 0, 9, 411.08
1735375042, 2, 1, 32, 12, 0, 0.06%, 9, 0, 9, 230.99
1735375047, 2, 11, 32, 11, 0, 0.06%, 9, 0, 9, 222.60
1735375052, 2, 13, 32, 11, 0, 0.06%, 9, 0, 9, 222.51
1735375057, 2, 14, 33, 12, 0, 0.06%, 9, 0, 9, 234.69
1735375062, 2, 18, 33, 12, 0, 0.06%, 9, 0, 9, 237.55
1735375067, 2, 19, 34, 13, 0, 0.06%, 9, 0, 9, 245.18
1735375072, 2, 33, 34, 13, 1, 0.06%, 9, 0, 9, 289.20
1735375098, 3, 5, 34, 12, 0, 0.06%, 9, 0, 9, 209.77
1735375103, 3, 6, 34, 11, 0, 0.06%, 9, 0, 9, 209.81
1735375108, 3, 12, 34, 10, 0, 0.06%, 9, 0, 9, 226.55
1735375113, 3, 12, 35, 11, 0, 0.06%, 9, 0, 9, 227.16
1735375118, 3, 14, 35, 11, 0, 0.06%, 9, 0, 9, 230.18
1735375123, 3, 17, 35, 11, 0, 0.06%, 9, 0, 9, 238.84
1735375128, 3, 20, 36, 12, 0, 0.06%, 9, 0, 9, 243.15
1735375134, 3, 21, 36, 12, 0, 0.06%, 9, 0, 9, 235.15
1735375139, 3, 27, 38, 14, 0, 0.06%, 9, 0, 9, 353.11
1735375164, 3, 27, 39, 15, 0, 0.06%, 9, 0, 9, 283.79
1735375190, 3, 27, 40, 16, 0, 0.06%, 9, 0, 9, 268.09
1735375236, 3, 33, 40, 15, 0, 0.06%, 9, 0, 9, 278.60
1735375246, 3, 39, 40, 15, 0, 0.06%, 9, 0, 9, 357.13
1735375256, 3, 39, 41, 16, 0, 0.06%, 9, 0, 9, 316.07
1735375266, 3, 39, 42, 17, 0, 0.06%, 9, 0, 9, 287.09
1735375342, 4, 12, 42, 16, 0, 0.06%, 9, 0, 9, 251.81
1735375347, 4, 18, 42, 16, 0, 0.06%, 9, 0, 9, 237.17
1735375352, 4, 21, 42, 16, 0, 0.06%, 9, 0, 9, 236.57
1735375357, 4, 36, 42, 16, 0, 0.06%, 9, 0, 9, 279.39
1735375378, 4, 36, 43, 17, 0, 0.06%, 9, 0, 9, 278.53
1735375413, 4, 37, 43, 16, 0, 0.06%, 9, 0, 9, 309.78
1735375434, 4, 38, 43, 15, 0, 0.06%, 9, 0, 9, 300.42
1735375490, 4, 40, 43, 14, 0, 0.06%, 9, 0, 9, 375.58
1735375540, 5, 8, 43, 13, 0, 0.06%, 9, 0, 9, 254.04
1735375545, 5, 12, 43, 12, 0, 0.06%, 9, 0, 9, 236.22
1735375550, 5, 14, 43, 12, 0, 0.06%, 9, 0, 9, 228.49
1735375555, 5, 15, 44, 13, 0, 0.06%, 9, 0, 9, 254.55
1735375560, 5, 15, 45, 14, 0, 0.06%, 9, 0, 9, 244.38
1735375586, 5, 15, 46, 15, 0, 0.06%, 9, 0, 9, 238.90
1735375622, 5, 18, 46, 14, 0, 0.06%, 9, 0, 9, 240.27
1735375627, 5, 21, 46, 14, 0, 0.06%, 9, 0, 9, 239.25
1735375632, 5, 23, 46, 14, 0, 0.06%, 9, 0, 9, 362.37
1735375647, 5, 25, 46, 13, 0, 0.06%, 9, 0, 9, 301.23
1735375653, 5, 25, 47, 14, 0, 0.06%, 9, 0, 9, 266.95
1735375658, 5, 25, 48, 15, 0, 0.06%, 9, 0, 9, 256.81
1735375678, 5, 25, 49, 16, 0, 0.06%, 9, 0, 9, 245.96
1735375683, 5, 25, 50, 17, 0, 0.06%, 9, 0, 9, 245.98
1735375703, 5, 25, 51, 18, 0, 0.06%, 9, 0, 9, 242.73
1735375749, 5, 26, 51, 17, 0, 0.06%, 9, 0, 9, 253.07
1735375769, 5, 33, 51, 16, 0, 0.06%, 9, 0, 9, 234.95
1735375775, 5, 34, 51, 16, 0, 0.06%, 9, 0, 9, 254.02
1735375795, 5, 46, 51, 15, 0, 0.06%, 9, 0, 9, 335.58
1735375866, 5, 47, 51, 14, 0, 0.06%, 9, 0, 9, 314.89
1735375922, 6, 12, 51, 13, 0, 0.06%, 9, 0, 9, 240.78
1735375927, 6, 14, 51, 13, 0, 0.06%, 9, 0, 9, 235.41
1735375932, 6, 20, 51, 13, 0, 0.06%, 9, 0, 9, 242.13
1735375937, 6, 45, 51, 13, 0, 0.06%, 9, 0, 9, 233.42
1735375942, 6, 45, 52, 14, 0, 0.06%, 9, 0, 9, 387.49
1735375978, 6, 45, 53, 15, 0, 0.06%, 9, 0, 9, 279.95
1735376008, 6, 45, 54, 16, 0, 0.06%, 9, 0, 9, 283.21
1735376064, 6, 46, 54, 15, 0, 0.06%, 9, 0, 9, 292.35
1735376069, 6, 50, 54, 15, 0, 0.06%, 9, 0, 9, 407.60
1735376120, 6, 51, 54, 14, 0, 0.06%, 9, 0, 9, 382.76
1735376207, 6, 53, 54, 13, 0, 0.06%, 9, 0, 9, 376.90
1735376253, 7, 11, 54, 12, 0, 0.06%, 9, 0, 9, 252.87
1735376258, 7, 14, 54, 12, 0, 0.06%, 9, 0, 9, 236.04
1735376263, 7, 20, 54, 12, 0, 0.06%, 9, 0, 9, 241.14
1735376268, 7, 44, 54, 12, 0, 0.06%, 9, 0, 9, 244.83
1735376319, 8, 5, 54, 11, 0, 0.06%, 9, 0, 9, 310.58
1735376324, 8, 11, 54, 11, 0, 0.06%, 9, 0, 9, 256.79
1735376329, 8, 12, 54, 11, 0, 0.06%, 9, 0, 9, 237.66
1735376334, 8, 13, 54, 11, 0, 0.06%, 9, 0, 9, 246.50
1735376339, 8, 14, 54, 11, 0, 0.06%, 9, 0, 9, 245.14
1735376344, 8, 18, 54, 11, 0, 0.06%, 9, 0, 9, 245.24
1735376349, 8, 20, 54, 11, 0, 0.06%, 9, 0, 9, 251.44
1735376354, 8, 20, 56, 13, 0, 0.06%, 9, 0, 9, 260.61
1735376359, 8, 21, 56, 13, 0, 0.06%, 9, 0, 9, 249.25
1735376364, 8, 29, 56, 13, 0, 0.06%, 9, 0, 9, 329.98
1735376400, 8, 31, 56, 12, 0, 0.06%, 9, 0, 9, 271.57
1735376410, 8, 32, 56, 12, 0, 0.06%, 9, 0, 9, 301.41
1735376415, 8, 32, 58, 14, 0, 0.06%, 9, 0, 9, 261.91
1735376460, 8, 32, 59, 15, 0, 0.06%, 9, 0, 9, 250.06
1735376476, 8, 32, 60, 16, 0, 0.06%, 9, 0, 9, 256.17
1735376551, 8, 33, 60, 15, 0, 0.06%, 9, 0, 9, 259.44
1735376557, 8, 41, 60, 15, 0, 0.06%, 9, 0, 9, 407.03
1735376587, 8, 42, 60, 14, 0, 0.06%, 9, 0, 9, 371.95
1735376643, 8, 57, 60, 13, 0, 0.06%, 9, 0, 9, 338.03
1735376673, 8, 57, 61, 14, 0, 0.06%, 9, 0, 9, 407.19
1735376724, 9, 10, 61, 13, 0, 0.06%, 9, 0, 9, 256.47
1735376729, 9, 12, 61, 13, 0, 0.06%, 9, 0, 9, 248.34
1735376734, 9, 13, 61, 13, 0, 0.06%, 9, 0, 9, 252.52
1735376744, 9, 14, 61, 13, 0, 0.06%, 9, 0, 9, 236.44
1735376749, 9, 18, 61, 13, 0, 0.06%, 9, 0, 9, 254.32
1735376754, 9, 20, 61, 13, 0, 0.06%, 9, 0, 9, 248.68
1735376759, 9, 21, 61, 13, 0, 0.06%, 9, 0, 9, 245.19
1735376764, 9, 24, 61, 13, 0, 0.06%, 9, 0, 9, 259.37
1735376769, 9, 33, 61, 13, 0, 0.06%, 9, 0, 9, 258.91
1735376775, 9, 48, 61, 13, 0, 0.06%, 9, 0, 9, 252.11
1735376840, 9, 48, 62, 14, 0, 0.06%, 9, 0, 10, 434.24
1735376846, 9, 48, 63, 15, 0, 0.06%, 9, 0, 10, 435.10
1735376861, 9, 48, 65, 17, 0, 0.06%, 9, 0, 10, 440.30
1735377288, 9, 60, 65, 16, 0, 0.06%, 9, 0, 10, 353.61
1735377338, 9, 61, 65, 15, 0, 0.06%, 9, 0, 10, 385.65
1735377481, 10, 11, 65, 14, 0, 0.06%, 9, 0, 10, 245.65
1735377486, 10, 12, 65, 14, 0, 0.06%, 9, 0, 10, 241.74
1735377491, 10, 13, 65, 14, 0, 0.06%, 9, 0, 10, 244.37
1735377496, 10, 14, 65, 14, 0, 0.06%, 9, 0, 10, 251.12
1735377501, 10, 18, 65, 14, 0, 0.06%, 9, 0, 10, 252.19
1735377506, 10, 20, 65, 14, 0, 0.06%, 9, 0, 10, 255.26
1735377511, 10, 21, 65, 14, 0, 0.06%, 9, 0, 10, 261.23
1735377516, 10, 22, 65, 14, 0, 0.06%, 9, 0, 10, 268.76
1735377526, 10, 32, 65, 14, 0, 0.06%, 9, 0, 10, 257.17
1735377536, 10, 33, 65, 14, 0, 0.06%, 9, 0, 10, 269.58
1735377541, 10, 43, 65, 14, 0, 0.06%, 9, 0, 10, 289.99
1735377547, 10, 43, 67, 16, 0, 0.06%, 9, 0, 10, 373.04
1735377922, 10, 47, 67, 15, 0, 0.06%, 9, 0, 10, 253.36
1735377937, 10, 56, 67, 15, 0, 0.06%, 9, 0, 10, 326.56
1735377968, 10, 56, 69, 17, 0, 0.06%, 9, 0, 10, 458.23
1735378095, 10, 63, 69, 16, 0, 0.06%, 9, 0, 10, 337.50
1735378298, 10, 64, 69, 15, 0, 0.06%, 9, 0, 10, 339.83
1735378506, 10, 67, 69, 14, 0, 0.06%, 9, 0, 10, 303.33
1735378628, 11, 10, 69, 13, 0, 0.06%, 9, 0, 10, 237.00
1735378633, 11, 12, 69, 13, 0, 0.06%, 9, 0, 10, 241.12
1735378638, 11, 13, 69, 13, 0, 0.06%, 9, 0, 10, 255.97
1735378643, 11, 14, 69, 13, 0, 0.06%, 9, 0, 10, 252.68
1735378648, 11, 18, 69, 13, 0, 0.06%, 9, 0, 10, 266.17
1735378659, 11, 20, 69, 13, 0, 0.06%, 9, 0, 10, 250.18
1735378664, 11, 21, 69, 13, 0, 0.06%, 9, 0, 10, 259.00
1735378669, 11, 28, 69, 13, 0, 0.06%, 9, 0, 10, 397.82
1735378699, 11, 33, 69, 12, 0, 0.06%, 9, 0, 10, 264.79
1735378704, 11, 44, 69, 12, 0, 0.06%, 9, 0, 10, 276.42
1735378714, 12, 10, 69, 12, 0, 0.06%, 9, 0, 10, 265.78
1735378720, 12, 11, 69, 12, 0, 0.06%, 9, 0, 10, 254.73
1735378725, 12, 12, 69, 12, 0, 0.06%, 9, 0, 10, 245.88
1735378730, 12, 13, 69, 12, 0, 0.06%, 9, 0, 10, 255.54
1735378735, 12, 14, 69, 12, 0, 0.06%, 9, 0, 10, 247.39
1735378740, 12, 18, 69, 12, 0, 0.06%, 9, 0, 10, 245.15
1735378745, 12, 20, 69, 12, 0, 0.06%, 9, 0, 10, 252.15
1735378750, 12, 21, 69, 12, 0, 0.06%, 9, 0, 10, 255.67
1735378755, 12, 25, 69, 12, 0, 0.06%, 9, 0, 10, 255.69
1735378765, 12, 33, 69, 12, 0, 0.06%, 9, 0, 10, 249.69
1735378770, 12, 36, 69, 12, 0, 0.06%, 9, 0, 10, 268.18
1735378780, 12, 49, 69, 12, 0, 0.06%, 9, 0, 10, 306.95
1735378856, 12, 58, 69, 11, 0, 0.06%, 9, 0, 10, 288.47
1735378907, 12, 65, 69, 10, 0, 0.06%, 9, 0, 10, 281.35
1735379254, 12, 68, 69, 9, 0, 0.06%, 9, 0, 10, 327.84
1735379376, 13, 10, 69, 8, 0, 0.06%, 9, 0, 10, 252.32
1735379381, 13, 12, 69, 8, 0, 0.06%, 9, 0, 10, 246.73
1735379386, 13, 13, 69, 8, 0, 0.06%, 9, 0, 10, 258.02
1735379391, 13, 14, 69, 8, 0, 0.06%, 9, 0, 10, 259.55
1735379396, 13, 18, 69, 8, 0, 0.06%, 9, 0, 10, 251.41
1735379406, 13, 20, 69, 8, 0, 0.06%, 9, 0, 10, 273.13
1735379411, 13, 21, 69, 8, 0, 0.06%, 9, 0, 10, 269.35
1735379416, 13, 33, 69, 8, 0, 0.06%, 9, 0, 10, 251.80
1735379421, 13, 52, 69, 8, 0, 0.06%, 9, 0, 10, 335.12
1735379529, 13, 59, 69, 7, 0, 0.06%, 9, 0, 10, 369.46
1735379584, 13, 66, 69, 6, 0, 0.06%, 9, 0, 10, 325.28
1735379686, 14, 10, 69, 5, 0, 0.06%, 9, 0, 10, 264.33
1735379691, 14, 12, 69, 5, 0, 0.06%, 9, 0, 10, 249.73
1735379696, 14, 13, 69, 5, 0, 0.06%, 9, 0, 10, 247.48
1735379706, 14, 14, 69, 5, 0, 0.06%, 9, 0, 10, 267.07
1735379711, 14, 18, 69, 5, 0, 0.06%, 9, 0, 10, 258.75
1735379716, 14, 20, 69, 5, 0, 0.06%, 9, 0, 10, 254.49
1735379722, 14, 21, 69, 5, 0, 0.06%, 9, 0, 10, 267.93
1735379727, 14, 28, 69, 5, 0, 0.06%, 9, 0, 10, 281.26
1735379732, 14, 33, 69, 5, 0, 0.06%, 9, 0, 10, 262.38
1735379737, 14, 43, 69, 5, 0, 0.06%, 9, 0, 10, 295.82
1735379747, 14, 62, 69, 5, 0, 0.06%, 9, 0, 10, 323.35
1735379884, 15, 11, 69, 4, 0, 0.06%, 9, 0, 10, 252.80
1735379889, 15, 12, 69, 4, 0, 0.06%, 9, 0, 10, 255.47
1735379894, 15, 13, 69, 4, 0, 0.06%, 9, 0, 10, 249.15
1735379900, 15, 14, 69, 4, 0, 0.06%, 9, 0, 10, 250.88
1735379905, 15, 18, 69, 4, 0, 0.06%, 9, 0, 10, 259.83
1735379910, 15, 20, 69, 4, 0, 0.06%, 9, 0, 10, 259.03
1735379915, 15, 21, 69, 4, 0, 0.06%, 9, 0, 10, 265.07
1735379920, 15, 33, 69, 4, 0, 0.06%, 9, 0, 10, 257.71
1735379925, 15, 35, 69, 4, 0, 0.06%, 9, 0, 10, 296.09
1735379961, 15, 46, 69, 3, 0, 0.06%, 9, 0, 10, 280.72
1735379971, 16, 11, 69, 3, 0, 0.06%, 9, 0, 10, 251.39
1735379976, 16, 12, 69, 3, 0, 0.06%, 9, 0, 10, 254.95
1735379981, 16, 13, 69, 3, 0, 0.06%, 9, 0, 10, 264.90
1735379986, 16, 14, 69, 3, 0, 0.06%, 9, 0, 10, 254.17
1735379991, 16, 16, 69, 3, 0, 0.06%, 9, 0, 10, 255.16
1735379996, 16, 18, 69, 3, 0, 0.06%, 9, 0, 10, 243.15
1735380001, 16, 20, 69, 3, 0, 0.06%, 9, 0, 10, 253.21
1735380006, 16, 21, 69, 3, 0, 0.06%, 9, 0, 10, 250.85
1735380011, 16, 33, 69, 3, 0, 0.06%, 9, 0, 10, 256.26
1735380022, 16, 39, 69, 3, 0, 0.06%, 9, 0, 10, 267.42
1735380027, 16, 39, 70, 4, 0, 0.06%, 9, 0, 10, 278.67
1735380032, 16, 45, 70, 4, 0, 0.06%, 9, 0, 10, 268.40
1735380042, 16, 55, 70, 4, 0, 0.06%, 9, 0, 10, 351.58
1735380123, 17, 10, 70, 3, 0, 0.06%, 9, 0, 10, 260.61
1735380128, 17, 11, 70, 3, 0, 0.06%, 9, 0, 10, 255.05
1735380133, 17, 12, 70, 3, 0, 0.06%, 9, 0, 10, 246.01
1735380138, 17, 13, 70, 3, 0, 0.06%, 9, 0, 10, 252.92
1735380143, 17, 14, 70, 3, 0, 0.06%, 9, 0, 10, 244.84
1735380148, 17, 18, 70, 3, 0, 0.06%, 9, 0, 10, 257.42
1735380153, 17, 20, 70, 3, 0, 0.06%, 9, 0, 10, 255.57
1735380158, 17, 21, 70, 3, 0, 0.06%, 9, 0, 10, 261.02
1735380163, 17, 23, 70, 3, 0, 0.06%, 9, 0, 10, 276.62
1735380168, 17, 33, 70, 3, 0, 0.06%, 9, 0, 10, 253.17
1735380173, 17, 66, 70, 3, 0, 0.06%, 9, 0, 10, 269.30
1735380199, 17, 69, 71, 4, 0, 0.06%, 9, 0, 10, 280.30
1735380752, 18, 0, 71, 3, 0, 0.06%, 9, 0, 10, 222.85
1735380757, 18, 11, 71, 2, 0, 0.06%, 9, 0, 10, 245.92
1735380762, 18, 12, 71, 2, 0, 0.06%, 9, 0, 10, 252.93
1735380768, 18, 13, 71, 2, 0, 0.06%, 9, 0, 10, 240.67
1735380773, 18, 14, 71, 2, 0, 0.06%, 9, 0, 10, 248.93
1735380778, 18, 18, 71, 2, 0, 0.06%, 9, 0, 10, 258.53
1735380783, 18, 20, 71, 2, 0, 0.06%, 9, 0, 10, 260.08
1735380788, 18, 21, 71, 2, 0, 0.06%, 9, 0, 10, 244.20
1735380793, 18, 32, 71, 2, 0, 0.06%, 9, 0, 10, 245.17
1735380803, 18, 33, 71, 2, 0, 0.06%, 9, 0, 10, 265.35
1735380808, 18, 46, 71, 2, 0, 0.06%, 9, 0, 10, 281.38
1735380813, 18, 70, 71, 2, 0, 0.06%, 9, 0, 10, 229.89
1735381391, 19, 11, 71, 1, 0, 0.06%, 9, 0, 10, 252.87
1735381396, 19, 12, 71, 1, 0, 0.06%, 9, 0, 10, 240.15
1735381401, 19, 13, 71, 1, 0, 0.06%, 9, 0, 10, 242.51
1735381406, 19, 14, 71, 1, 0, 0.06%, 9, 0, 10, 243.69
1735381411, 19, 18, 71, 1, 0, 0.06%, 9, 0, 10, 251.12
1735381416, 19, 20, 71, 1, 0, 0.06%, 9, 0, 10, 257.17
1735381426, 19, 21, 71, 1, 0, 0.06%, 9, 0, 10, 255.52
1735381431, 19, 29, 71, 1, 0, 0.06%, 9, 0, 10, 271.41
1735381436, 19, 33, 71, 1, 0, 0.06%, 9, 0, 10, 264.17
1735381441, 19, 43, 71, 1, 0, 0.06%, 9, 0, 10, 261.73
1735381447, 19, 44, 71, 1, 0, 0.06%, 9, 0, 10, 278.17
1735381452, 19, 51, 71, 1, 0, 0.06%, 9, 0, 10, 276.04
1735381462, 20, 7, 71, 1, 0, 0.06%, 9, 0, 10, 286.96
1735381467, 20, 11, 71, 1, 0, 0.06%, 9, 0, 10, 254.35
1735381472, 20, 12, 71, 1, 0, 0.06%, 9, 0, 10, 257.77
1735381477, 20, 13, 71, 1, 0, 0.06%, 9, 0, 10, 262.17
1735381482, 20, 14, 71, 1, 0, 0.06%, 9, 0, 10, 259.33
1735381487, 20, 18, 71, 1, 0, 0.06%, 9, 0, 10, 258.47
1735381492, 20, 20, 71, 1, 0, 0.06%, 9, 0, 10, 258.43
1735381497, 20, 21, 71, 1, 0, 0.06%, 9, 0, 10, 249.82
1735381502, 20, 33, 71, 1, 0, 0.06%, 9, 0, 10, 254.38
1735381507, 20, 63, 71, 1, 0, 0.06%, 9, 0, 10, 294.02
1735381537, 21, 9, 71, 1, 0, 0.06%, 9, 0, 10, 269.87
1735381543, 21, 11, 71, 1, 0, 0.06%, 9, 0, 10, 253.45
1735381548, 21, 12, 71, 1, 0, 0.06%, 9, 0, 10, 251.71
1735381553, 21, 13, 71, 1, 0, 0.06%, 9, 0, 10, 247.23
1735381558, 21, 14, 71, 1, 0, 0.06%, 9, 0, 10, 240.17
1735381563, 21, 16, 71, 1, 0, 0.06%, 9, 0, 10, 256.25
1735381568, 21, 18, 71, 1, 0, 0.06%, 9, 0, 10, 244.58
1735381573, 21, 20, 71, 1, 0, 0.06%, 9, 0, 10, 253.62
1735381578, 21, 21, 71, 1, 0, 0.06%, 9, 0, 10, 257.61
1735381583, 21, 33, 71, 1, 0, 0.06%, 9, 0, 10, 248.59
1735381588, 22, 10, 71, 1, 0, 0.06%, 9, 0, 10, 265.42
1735381593, 22, 12, 71, 1, 0, 0.06%, 9, 0, 10, 265.50
1735381604, 22, 13, 71, 1, 0, 0.06%, 9, 0, 10, 266.52
1735381609, 22, 14, 71, 1, 0, 0.06%, 9, 0, 10, 261.97
1735381614, 22, 18, 71, 1, 0, 0.06%, 9, 0, 10, 256.25
1735381619, 22, 20, 71, 1, 0, 0.06%, 9, 0, 10, 259.75
1735381624, 22, 21, 71, 1, 0, 0.06%, 9, 0, 10, 257.61
1735381629, 22, 31, 71, 1, 0, 0.06%, 9, 0, 10, 275.94
1735381639, 22, 33, 71, 1, 0, 0.06%, 9, 0, 10, 256.07
1735381644, 22, 58, 71, 1, 0, 0.06%, 9, 0, 10, 271.64
1735381665, 23, 10, 71, 1, 0, 0.06%, 9, 0, 10, 270.05
1735381670, 23, 12, 71, 1, 0, 0.06%, 9, 0, 10, 250.88
1735381675, 23, 13, 71, 1, 0, 0.06%, 9, 0, 10, 257.64
1735381680, 23, 14, 71, 1, 0, 0.06%, 9, 0, 10, 246.69
1735381685, 23, 18, 71, 1, 0, 0.06%, 9, 0, 10, 257.14
1735381690, 23, 20, 71, 1, 0, 0.06%, 9, 0, 10, 265.45
1735381695, 23, 21, 71, 1, 0, 0.06%, 9, 0, 10, 264.15
1735381700, 23, 33, 71, 1, 0, 0.06%, 9, 0, 10, 270.01
1735381711, 23, 42, 71, 1, 0, 0.06%, 9, 0, 10, 255.53
1735381716, 24, 11, 71, 1, 0, 0.06%, 9, 0, 10, 252.86
1735381721, 24, 12, 71, 1, 0, 0.06%, 9, 0, 10, 248.12
1735381726, 24, 13, 71, 1, 0, 0.06%, 9, 0, 10, 248.89
1735381731, 24, 14, 71, 1, 0, 0.06%, 9, 0, 10, 249.66
1735381736, 24, 18, 71, 1, 0, 0.06%, 9, 0, 10, 261.83
1735381741, 24, 19, 71, 1, 0, 0.06%, 9, 0, 10, 255.23
1735381746, 24, 20, 71, 1, 0, 0.06%, 9, 0, 10, 259.07
1735381751, 24, 21, 71, 1, 0, 0.06%, 9, 0, 10, 260.57
1735381756, 24, 32, 71, 1, 0, 0.06%, 9, 0, 10, 256.35
1735381762, 24, 33, 71, 1, 0, 0.06%, 9, 0, 10, 263.94
1735381767, 24, 54, 71, 1, 0, 0.06%, 9, 0, 10, 321.33
1735381818, 24, 56, 71, 0, 0, 0.06%, 9, 0, 10, 282.91
1735381838, 24, 69, 71, 0, 0, 0.06%, 9, 0, 10, 329.35
1735381858, 25, 10, 71, 0, 0, 0.06%, 9, 0, 10, 253.07
1735381863, 25, 12, 71, 0, 0, 0.06%, 9, 0, 10, 250.03
1735381868, 25, 13, 71, 0, 0, 0.06%, 9, 0, 10, 246.15
1735381873, 25, 14, 71, 0, 0, 0.06%, 9, 0, 10, 260.36
1735381878, 25, 18, 71, 0, 0, 0.06%, 9, 0, 10, 252.60
1735381883, 25, 20, 71, 0, 0, 0.06%, 9, 0, 10, 258.25
1735381889, 25, 21, 71, 0, 0, 0.06%, 9, 0, 10, 256.98
1735381899, 25, 33, 71, 0, 0, 0.06%, 9, 0, 10, 265.13
1735381904, 25, 45, 71, 0, 0, 0.06%, 9, 0, 10, 266.37
1735381909, 25, 61, 71, 0, 0, 0.06%, 9, 0, 10, 286.50
1735381939, 26, 7, 71, 0, 0, 0.06%, 9, 0, 10, 254.11
1735381944, 26, 11, 71, 0, 0, 0.06%, 9, 0, 10, 253.64
1735381950, 26, 12, 71, 0, 0, 0.06%, 9, 0, 10, 260.83
1735381955, 26, 13, 71, 0, 0, 0.06%, 9, 0, 10, 245.56
1735381960, 26, 14, 71, 0, 0, 0.06%, 9, 0, 10, 246.34
1735381965, 26, 18, 71, 0, 0, 0.06%, 9, 0, 10, 232.98
1735381970, 26, 20, 71, 0, 0, 0.06%, 9, 0, 10, 249.18
1735381975, 26, 21, 71, 0, 0, 0.06%, 9, 0, 10, 250.84
1735381980, 26, 30, 71, 0, 0, 0.06%, 9, 0, 10, 275.77
1735381990, 26, 33, 71, 0, 0, 0.06%, 9, 0, 10, 275.72
1735381995, 27, 10, 71, 0, 0, 0.06%, 9, 0, 10, 251.81
1735382000, 27, 12, 71, 0, 0, 0.06%, 9, 0, 10, 255.90
1735382005, 27, 13, 71, 0, 0, 0.06%, 9, 0, 10, 254.89
1735382010, 27, 14, 71, 0, 0, 0.06%, 9, 0, 10, 251.18
1735382015, 27, 18, 71, 0, 0, 0.06%, 9, 0, 10, 259.80
1735382021, 27, 20, 71, 0, 0, 0.06%, 9, 0, 10, 269.37
1735382026, 27, 21, 71, 0, 0, 0.06%, 9, 0, 10, 269.94
1735382036, 27, 29, 71, 0, 0, 0.06%, 9, 0, 10, 259.90
1735382041, 27, 30, 71, 0, 0, 0.06%, 9, 0, 10, 278.81
1735382051, 27, 33, 71, 0, 0, 0.06%, 9, 0, 10, 272.91
1735382056, 27, 34, 71, 0, 0, 0.06%, 9, 0, 10, 247.30
1735382066, 27, 39, 71, 0, 0, 0.06%, 9, 0, 10, 264.09
1735382077, 27, 44, 71, 0, 0, 0.06%, 9, 0, 10, 261.95
1735382082, 27, 54, 71, 0, 0, 0.06%, 9, 0, 10, 288.37
1735382107, 27, 67, 71, 0, 0, 0.06%, 9, 0, 10, 280.09
1735382128, 28, 10, 71, 0, 0, 0.06%, 9, 0, 10, 262.49
1735382133, 28, 12, 71, 0, 0, 0.06%, 9, 0, 10, 242.09
1735382138, 28, 13, 71, 0, 0, 0.06%, 9, 0, 10, 250.87
1735382143, 28, 14, 71, 0, 0, 0.06%, 9, 0, 10, 246.35
1735382148, 28, 18, 71, 0, 0, 0.06%, 9, 0, 10, 257.07
1735382153, 28, 20, 71, 0, 0, 0.06%, 9, 0, 10, 264.89
1735382163, 28, 21, 71, 0, 0, 0.06%, 9, 0, 10, 259.64
1735382168, 28, 33, 71, 0, 0, 0.06%, 9, 0, 10, 254.92
1735382173, 28, 35, 71, 0, 0, 0.06%, 9, 0, 10, 265.97
1735382183, 28, 59, 71, 0, 0, 0.06%, 9, 0, 10, 263.71
1735382203, 28, 67, 71, 0, 0, 0.06%, 9, 0, 10, 286.93
1735382214, 29, 10, 71, 0, 0, 0.06%, 9, 0, 10, 263.13
1735382219, 29, 12, 71, 0, 0, 0.06%, 9, 0, 10, 243.26
1735382224, 29, 13, 71, 0, 0, 0.06%, 9, 0, 10, 264.88
1735382229, 29, 14, 71, 0, 0, 0.06%, 9, 0, 10, 256.60
1735382234, 29, 17, 71, 0, 0, 0.06%, 9, 0, 10, 251.21
1735382244, 29, 18, 71, 0, 0, 0.06%, 9, 0, 10, 258.88
1735382249, 29, 20, 71, 0, 0, 0.06%, 9, 0, 10, 271.35
1735382254, 29, 21, 71, 0, 0, 0.06%, 9, 0, 10, 260.26
1735382259, 29, 33, 71, 0, 0, 0.06%, 9, 0, 10, 274.35
1735382264, 29, 36, 71, 0, 0, 0.06%, 9, 0, 10, 274.08
1735382274, 30, 10, 71, 0, 0, 0.06%, 9, 0, 10, 262.23
1735382279, 30, 12, 71, 0, 0, 0.06%, 9, 0, 10, 255.35
1735382284, 30, 13, 71, 0, 0, 0.06%, 9, 0, 10, 244.29
1735382289, 30, 14, 71, 0, 0, 0.06%, 9, 0, 10, 260.08
1735382294, 30, 18, 71, 0, 0, 0.06%, 9, 0, 10, 250.47
1735382299, 30, 20, 71, 0, 0, 0.06%, 9, 0, 10, 255.81
1735382309, 30, 21, 71, 0, 0, 0.06%, 9, 0, 10, 257.58
1735382314, 30, 33, 71, 0, 0, 0.06%, 9, 0, 10, 264.18
1735382319, 30, 37, 71, 0, 0, 0.06%, 9, 0, 10, 250.07
1735382330, 30, 54, 71, 0, 0, 0.06%, 9, 0, 10, 283.99
1735382335, 30, 69, 71, 0, 0, 0.06%, 9, 0, 10, 354.59
1735382355, 31, 10, 71, 0, 0, 0.06%, 9, 0, 10, 247.55
1735382360, 31, 12, 71, 0, 0, 0.06%, 9, 0, 10, 237.06
1735382365, 31, 13, 71, 0, 0, 0.06%, 9, 0, 10, 245.73
1735382371, 31, 14, 71, 0, 0, 0.06%, 9, 0, 10, 250.74
1735382376, 31, 18, 71, 0, 0, 0.06%, 9, 0, 10, 240.82
1735382381, 31, 20, 71, 0, 0, 0.06%, 9, 0, 10, 253.91
1735382386, 31, 21, 71, 0, 0, 0.06%, 9, 0, 10, 268.89
1735382391, 31, 33, 71, 0, 0, 0.06%, 9, 0, 10, 272.17
1735382401, 32, 11, 71, 0, 0, 0.06%, 9, 0, 10, 252.74
1735382406, 32, 12, 71, 0, 0, 0.06%, 9, 0, 10, 242.26
1735382411, 32, 13, 71, 0, 0, 0.06%, 9, 0, 10, 239.69
1735382416, 32, 14, 71, 0, 0, 0.06%, 9, 0, 10, 243.83
1735382421, 32, 18, 71, 0, 0, 0.06%, 9, 0, 10, 256.45
1735382426, 32, 20, 71, 0, 0, 0.06%, 9, 0, 10, 263.37
1735382431, 32, 21, 71, 0, 0, 0.06%, 9, 0, 10, 257.56
1735382436, 32, 33, 71, 0, 0, 0.06%, 9, 0, 10, 254.79
1735382447, 32, 50, 71, 0, 0, 0.06%, 9, 0, 10, 282.68
1735382462, 33, 11, 71, 0, 0, 0.06%, 9, 0, 10, 266.65
1735382467, 33, 12, 71, 0, 0, 0.06%, 9, 0, 10, 264.65
1735382472, 33, 13, 71, 0, 0, 0.06%, 9, 0, 10, 249.71
1735382477, 33, 14, 71, 0, 0, 0.06%, 9, 0, 10, 261.98
1735382482, 33, 18, 71, 0, 0, 0.06%, 9, 0, 10, 254.82
1735382487, 33, 20, 71, 0, 0, 0.06%, 9, 0, 10, 254.26
1735382492, 33, 21, 71, 0, 0, 0.06%, 9, 0, 10, 253.27
1735382497, 33, 33, 71, 0, 0, 0.06%, 9, 0, 10, 265.21
1735382502, 33, 56, 71, 0, 0, 0.06%, 9, 0, 10, 293.25
1735382507, 33, 57, 71, 0, 0, 0.06%, 9, 0, 10, 293.22
1735382523, 33, 67, 71, 0, 0, 0.06%, 9, 0, 10, 278.79
1735382533, 33, 70, 71, 0, 0, 0.06%, 9, 0, 10, 338.85
1735382563, 34, 6, 71, 0, 0, 0.06%, 9, 0, 10, 224.04
1735382568, 34, 11, 71, 0, 0, 0.06%, 9, 0, 10, 239.75
1735382573, 34, 12, 71, 0, 0, 0.06%, 9, 0, 10, 251.08
1735382579, 34, 13, 71, 0, 0, 0.06%, 9, 0, 10, 266.23
1735382584, 34, 14, 71, 0, 0, 0.06%, 9, 0, 10, 245.87
1735382589, 34, 18, 71, 0, 0, 0.06%, 9, 0, 10, 248.92
1735382594, 34, 20, 71, 0, 0, 0.06%, 9, 0, 10, 243.21
1735382599, 34, 21, 71, 0, 0, 0.06%, 9, 0, 10, 255.24
1735382604, 34, 24, 71, 0, 0, 0.06%, 9, 0, 10, 273.03
1735382609, 34, 33, 71, 0, 0, 0.06%, 9, 0, 10, 261.23
1735382614, 34, 37, 71, 0, 0, 0.06%, 9, 0, 10, 275.62
1735382624, 34, 57, 71, 0, 0, 0.06%, 9, 0, 10, 262.69
1735382629, 34, 58, 71, 0, 0, 0.06%, 9, 0, 10, 274.89
1735382634, 35, 10, 71, 0, 0, 0.06%, 9, 0, 10, 251.26
1735382639, 35, 12, 71, 0, 0, 0.06%, 9, 0, 10, 260.99
1735382649, 35, 13, 71, 0, 0, 0.06%, 9, 0, 10, 248.74
1735382654, 35, 14, 71, 0, 0, 0.06%, 9, 0, 10, 247.82
1735382659, 35, 17, 71, 0, 0, 0.06%, 9, 0, 10, 249.63
1735382664, 35, 18, 71, 0, 0, 0.06%, 9, 0, 10, 258.52
1735382669, 35, 20, 71, 0, 0, 0.06%, 9, 0, 10, 247.91
1735382675, 35, 21, 71, 0, 0, 0.06%, 9, 0, 10, 251.25
1735382680, 35, 33, 71, 0, 0, 0.06%, 9, 0, 10, 258.48
1735382685, 35, 46, 71, 0, 0, 0.06%, 9, 0, 10, 286.04
1735382695, 36, 10, 71, 0, 0, 0.06%, 9, 0, 10, 249.49
1735382700, 36, 12, 71, 0, 0, 0.06%, 9, 0, 10, 234.81
1735382705, 36, 13, 71, 0, 0, 0.06%, 9, 0, 10, 244.43
1735382710, 36, 14, 71, 0, 0, 0.06%, 9, 0, 10, 254.03
1735382715, 36, 18, 71, 0, 0, 0.06%, 9, 0, 10, 258.46
1735382720, 36, 20, 71, 0, 0, 0.06%, 9, 0, 10, 266.66
1735382725, 36, 21, 71, 0, 0, 0.06%, 9, 0, 10, 262.01
1735382730, 36, 33, 71, 0, 0, 0.06%, 9, 0, 10, 272.48
1735382741, 36, 39, 71, 0, 0, 0.06%, 9, 0, 10, 261.56
1735382746, 36, 54, 71, 0, 0, 0.06%, 9, 0, 10, 264.73
1735382751, 36, 62, 71, 0, 0, 0.06%, 9, 0, 10, 287.18
1735382776, 37, 10, 71, 0, 0, 0.06%, 9, 0, 10, 240.67
1735382781, 37, 12, 71, 0, 0, 0.06%, 9, 0, 10, 259.02
1735382786, 37, 13, 71, 0, 0, 0.06%, 9, 0, 10, 261.65
1735382796, 37, 14, 71, 0, 0, 0.06%, 9, 0, 10, 255.76
1735382802, 37, 18, 71, 0, 0, 0.06%, 9, 0, 10, 252.90
1735382807, 37, 19, 71, 0, 0, 0.06%, 9, 0, 10, 248.24
1735382812, 37, 20, 71, 0, 0, 0.06%, 9, 0, 10, 256.73
1735382817, 37, 21, 71, 0, 0, 0.06%, 9, 0, 10, 257.52
1735382822, 37, 33, 71, 0, 0, 0.06%, 9, 0, 10, 264.43
1735382827, 37, 64, 71, 0, 0, 0.06%, 9, 0, 10, 292.49
1735382857, 38, 10, 71, 0, 0, 0.06%, 9, 0, 10, 256.13
1735382862, 38, 12, 71, 0, 0, 0.06%, 9, 0, 10, 244.27
1735382867, 38, 13, 71, 0, 0, 0.06%, 9, 0, 10, 264.16
1735382872, 38, 14, 71, 0, 0, 0.06%, 9, 0, 10, 251.26
1735382877, 38, 18, 71, 0, 0, 0.06%, 9, 0, 10, 256.56
1735382882, 38, 20, 71, 0, 0, 0.06%, 9, 0, 10, 259.16
1735382893, 38, 21, 71, 0, 0, 0.06%, 9, 0, 10, 267.90
1735382898, 38, 31, 71, 0, 0, 0.06%, 9, 0, 10, 270.02
1735382903, 38, 33, 71, 0, 0, 0.06%, 9, 0, 10, 273.07
1735382908, 38, 35, 71, 0, 0, 0.06%, 9, 0, 10, 262.06
1735382923, 38, 58, 71, 0, 0, 0.06%, 9, 0, 10, 247.61
1735382928, 39, 11, 71, 0, 0, 0.06%, 9, 0, 10, 248.08
1735382933, 39, 12, 71, 0, 0, 0.06%, 9, 0, 10, 253.91
1735382938, 39, 13, 71, 0, 0, 0.06%, 9, 0, 10, 257.02
1735382944, 39, 14, 71, 0, 0, 0.06%, 9, 0, 10, 253.88
1735382949, 39, 18, 71, 0, 0, 0.06%, 9, 0, 10, 254.48
1735382954, 39, 19, 71, 0, 0, 0.06%, 9, 0, 10, 258.65
1735382959, 39, 20, 71, 0, 0, 0.06%, 9, 0, 10, 241.87
1735382964, 39, 21, 71, 0, 0, 0.06%, 9, 0, 10, 242.43
1735382969, 39, 33, 71, 0, 0, 0.06%, 9, 0, 10, 263.06
1735382974, 39, 66, 71, 0, 0, 0.06%, 9, 0, 10, 272.85
1735382984, 40, 10, 71, 0, 0, 0.06%, 9, 0, 10, 258.42
1735382989, 40, 12, 71, 0, 0, 0.06%, 9, 0, 10, 244.04
1735382994, 40, 13, 71, 0, 0, 0.06%, 9, 0, 10, 255.28
1735382999, 40, 14, 71, 0, 0, 0.06%, 9, 0, 10, 248.60
1735383004, 40, 18, 71, 0, 0, 0.06%, 9, 0, 10, 266.30
1735383009, 40, 20, 71, 0, 0, 0.06%, 9, 0, 10, 256.55
1735383020, 40, 21, 71, 0, 0, 0.06%, 9, 0, 10, 264.58
1735383025, 40, 22, 71, 0, 0, 0.06%, 9, 0, 10, 271.27
1735383030, 40, 32, 71, 0, 0, 0.06%, 9, 0, 10, 264.85
1735383035, 40, 33, 71, 0, 0, 0.06%, 9, 0, 10, 247.74
1735383040, 40, 55, 71, 0, 0, 0.06%, 9, 0, 10, 295.16
1735383060, 40, 69, 71, 0, 0, 0.06%, 9, 0, 10, 290.50
1735383080, 41, 10, 71, 0, 0, 0.06%, 9, 0, 10, 245.06
1735383086, 41, 12, 71, 0, 0, 0.06%, 9, 0, 10, 250.23
1735383091, 41, 13, 71, 0, 0, 0.06%, 9, 0, 10, 251.51
1735383096, 41, 14, 71, 0, 0, 0.06%, 9, 0, 10, 256.79
1735383101, 41, 18, 71, 0, 0, 0.06%, 9, 0, 10, 254.72
1735383111, 41, 20, 71, 0, 0, 0.06%, 9, 0, 10, 255.50
1735383116, 41, 21, 71, 0, 0, 0.06%, 9, 0, 10, 245.62
1735383121, 41, 33, 71, 0, 0, 0.06%, 9, 0, 10, 260.48
1735383126, 41, 55, 71, 0, 0, 0.06%, 9, 0, 10, 281.76
1735383131, 41, 60, 71, 0, 0, 0.06%, 9, 0, 10, 274.86
1735383151, 41, 62, 71, 0, 0, 0.06%, 9, 0, 10, 264.28
1735383167, 42, 10, 71, 0, 0, 0.06%, 9, 0, 10, 271.87
1735383172, 42, 11, 71, 0, 0, 0.06%, 9, 0, 10, 256.29
1735383177, 42, 12, 71, 0, 0, 0.06%, 9, 0, 10, 251.73
1735383182, 42, 13, 71, 0, 0, 0.06%, 9, 0, 10, 246.82
1735383187, 42, 14, 71, 0, 0, 0.06%, 9, 0, 10, 266.88
1735383192, 42, 18, 71, 0, 0, 0.06%, 9, 0, 10, 256.74
1735383197, 42, 20, 71, 0, 0, 0.06%, 9, 0, 10, 264.30
1735383202, 42, 21, 71, 0, 0, 0.06%, 9, 0, 10, 252.51
1735383207, 42, 29, 71, 0, 0, 0.06%, 9, 0, 10, 252.23
1735383217, 42, 33, 71, 0, 0, 0.06%, 9, 0, 10, 265.24
1735383222, 42, 34, 71, 0, 0, 0.06%, 9, 0, 10, 246.71
1735383233, 42, 40, 71, 0, 0, 0.06%, 9, 0, 10, 300.58
1735383243, 42, 50, 71, 0, 0, 0.06%, 9, 0, 10, 288.66
1735383248, 43, 0, 71, 0, 0, 0.06%, 9, 0, 10, 264.41
1735383253, 43, 11, 71, 0, 0, 0.06%, 9, 0, 10, 254.84
1735383258, 43, 12, 71, 0, 0, 0.06%, 9, 0, 10, 241.89
1735383263, 43, 13, 72, 1, 0, 0.06%, 9, 0, 10, 237.34
1735383268, 43, 14, 72, 1, 0, 0.06%, 9, 0, 10, 244.84
1735383273, 43, 18, 72, 1, 0, 0.06%, 9, 0, 10, 248.30
1735383278, 43, 20, 72, 1, 0, 0.06%, 9, 0, 10, 266.52
1735383283, 43, 21, 72, 1, 0, 0.06%, 9, 0, 10, 276.19
1735383294, 43, 33, 72, 1, 0, 0.06%, 9, 0, 10, 263.55
1735383299, 43, 42, 72, 1, 0, 0.06%, 9, 0, 10, 259.84
1735383304, 43, 50, 72, 1, 0, 0.06%, 9, 0, 10, 278.97
1735383309, 43, 57, 72, 1, 0, 0.06%, 9, 0, 10, 313.47
1735383314, 43, 71, 73, 2, 0, 0.06%, 9, 0, 10, 381.66
1735383431, 44, 5, 73, 1, 0, 0.06%, 9, 0, 10, 253.43
1735383436, 44, 11, 73, 1, 0, 0.06%, 9, 0, 10, 252.75
1735383441, 44, 12, 73, 1, 0, 0.06%, 9, 0, 10, 254.76
1735383446, 44, 13, 73, 1, 0, 0.06%, 9, 0, 10, 259.54
1735383451, 44, 14, 73, 1, 0, 0.06%, 9, 0, 10, 253.36
1735383456, 44, 18, 73, 1, 0, 0.06%, 9, 0, 10, 254.62
1735383462, 44, 20, 73, 1, 0, 0.06%, 9, 0, 10, 262.51
1735383467, 44, 21, 73, 1, 0, 0.06%, 9, 0, 10, 257.23
1735383472, 44, 33, 73, 1, 0, 0.06%, 9, 0, 10, 247.78
1735383477, 44, 37, 73, 1, 0, 0.06%, 9, 0, 10, 245.77
1735383482, 44, 49, 73, 1, 0, 0.06%, 9, 0, 10, 260.64
1735383502, 44, 50, 73, 1, 0, 0.06%, 9, 0, 10, 271.35
1735383507, 45, 10, 73, 1, 0, 0.06%, 9, 0, 10, 270.27
1735383512, 45, 12, 73, 1, 0, 0.06%, 9, 0, 10, 249.78
1735383517, 45, 13, 73, 1, 0, 0.06%, 9, 0, 10, 255.39
1735383522, 45, 14, 73, 1, 0, 0.06%, 9, 0, 10, 254.67
1735383527, 45, 15, 73, 1, 0, 0.06%, 9, 0, 10, 269.40
1735383533, 45, 18, 73, 1, 0, 0.06%, 9, 0, 10, 257.52
1735383538, 45, 20, 73, 1, 0, 0.06%, 9, 0, 10, 259.35
1735383543, 45, 21, 73, 1, 0, 0.06%, 9, 0, 10, 247.82
1735383548, 45, 33, 73, 1, 0, 0.06%, 9, 0, 10, 274.88
1735383558, 45, 63, 73, 1, 0, 0.06%, 9, 0, 10, 310.92
1735383573, 45, 70, 73, 1, 0, 0.06%, 9, 0, 10, 373.81
1735383598, 46, 3, 73, 1, 0, 0.06%, 9, 0, 10, 267.57
1735383604, 46, 11, 73, 1, 0, 0.06%, 9, 0, 10, 246.60
1735383609, 46, 12, 73, 1, 0, 0.06%, 9, 0, 10, 247.52
1735383614, 46, 13, 73, 1, 0, 0.06%, 9, 0, 10, 237.04
1735383619, 46, 14, 73, 1, 0, 0.06%, 9, 0, 10, 246.82
1735383624, 46, 18, 73, 1, 0, 0.06%, 9, 0, 10, 256.14
1735383629, 46, 20, 73, 1, 0, 0.06%, 9, 0, 10, 257.84
1735383634, 46, 21, 73, 1, 0, 0.06%, 9, 0, 10, 262.71
1735383639, 46, 32, 73, 1, 0, 0.06%, 9, 0, 10, 258.07
1735383644, 46, 33, 73, 1, 0, 0.06%, 9, 0, 10, 258.09
1735383649, 46, 72, 73, 1, 0, 0.06%, 9, 0, 10, 295.62
1735383772, 47, 10, 73, 0, 0, 0.06%, 9, 0, 10, 248.63
1735383777, 47, 12, 73, 0, 0, 0.06%, 9, 0, 10, 245.42
1735383782, 47, 13, 73, 0, 0, 0.06%, 9, 0, 10, 269.72
1735383787, 47, 14, 73, 0, 0, 0.06%, 9, 0, 10, 263.73
1735383792, 47, 18, 73, 0, 0, 0.06%, 9, 0, 10, 266.86
1735383802, 47, 20, 73, 0, 0, 0.06%, 9, 0, 10, 255.41
1735383807, 47, 21, 73, 0, 0, 0.06%, 9, 0, 10, 262.49
1735383812, 47, 25, 73, 0, 0, 0.06%, 9, 0, 10, 251.83
1735383822, 47, 33, 73, 0, 0, 0.06%, 9, 0, 10, 265.18
1735383827, 47, 43, 73, 0, 0, 0.06%, 9, 0, 10, 266.69
1735383833, 47, 70, 73, 0, 0, 0.06%, 9, 0, 10, 370.76
1735383858, 48, 0, 73, 0, 0, 0.06%, 9, 0, 10, 294.00
1735383863, 48, 11, 73, 0, 0, 0.06%, 9, 0, 10, 261.80
1735383868, 48, 12, 73, 0, 0, 0.06%, 9, 0, 10, 247.72
1735383873, 48, 13, 73, 0, 0, 0.06%, 9, 0, 10, 256.47
1735383878, 48, 14, 73, 0, 0, 0.06%, 9, 0, 10, 244.96
1735383883, 48, 18, 73, 0, 0, 0.06%, 9, 0, 10, 258.53
1735383888, 48, 20, 73, 0, 0, 0.06%, 9, 0, 10, 266.89
1735383894, 48, 21, 73, 0, 0, 0.06%, 9, 0, 10, 259.58
1735383904, 48, 26, 73, 0, 0, 0.06%, 9, 0, 10, 243.46
1735383909, 48, 33, 73, 0, 0, 0.06%, 9, 0, 10, 250.72
1735383914, 48, 41, 73, 0, 0, 0.06%, 9, 0, 10, 295.08
1735383924, 48, 46, 73, 0, 0, 0.06%, 9, 0, 10, 282.43
1735383934, 48, 49, 73, 0, 0, 0.06%, 9, 0, 10, 270.35
1735383939, 48, 51, 73, 0, 0, 0.06%, 9, 0, 10, 270.07
1735383949, 48, 60, 73, 0, 0, 0.06%, 9, 0, 10, 264.05
1735383954, 49, 0, 73, 0, 0, 0.06%, 9, 0, 10, 271.64
1735383959, 49, 11, 73, 0, 0, 0.06%, 9, 0, 10, 249.66
1735383965, 49, 12, 73, 0, 0, 0.06%, 9, 0, 10, 254.25
1735383970, 49, 13, 73, 0, 0, 0.06%, 9, 0, 10, 239.93
1735383975, 49, 14, 73, 0, 0, 0.06%, 9, 0, 10, 251.30
1735383980, 49, 18, 73, 0, 0, 0.06%, 9, 0, 10, 245.25
1735383985, 49, 20, 73, 0, 0, 0.06%, 9, 0, 10, 252.97
1735383990, 49, 21, 73, 0, 0, 0.06%, 9, 0, 10, 250.75
1735383995, 49, 33, 73, 0, 0, 0.06%, 9, 0, 10, 257.95
1735384000, 49, 34, 73, 0, 0, 0.06%, 9, 0, 10, 255.22
1735384010, 49, 35, 73, 0, 0, 0.06%, 9, 0, 10, 261.41
1735384015, 49, 42, 73, 0, 0, 0.06%, 9, 0, 10, 269.07
1735384020, 49, 43, 73, 0, 0, 0.06%, 9, 0, 10, 279.14
1735384026, 49, 49, 73, 0, 0, 0.06%, 9, 0, 10, 282.19
1735384031, 50, 10, 73, 0, 0, 0.06%, 9, 0, 10, 249.88
1735384036, 50, 12, 73, 0, 0, 0.06%, 9, 0, 10, 261.70
1735384041, 50, 13, 73, 0, 0, 0.06%, 9, 0, 10, 263.88
1735384051, 50, 14, 73, 0, 0, 0.06%, 9, 0, 10, 257.79
1735384056, 50, 18, 73, 0, 0, 0.06%, 9, 0, 10, 256.89
1735384061, 50, 20, 73, 0, 0, 0.06%, 9, 0, 10, 249.55
1735384066, 50, 21, 73, 0, 0, 0.06%, 9, 0, 10, 252.19
1735384071, 50, 33, 73, 0, 0, 0.06%, 9, 0, 10, 250.05
1735384076, 50, 56, 73, 0, 0, 0.06%, 9, 0, 10, 298.77
1735384081, 51, 10, 73, 0, 0, 0.06%, 9, 0, 10, 261.74
1735384086, 51, 12, 73, 0, 0, 0.06%, 9, 0, 10, 254.86
1735384097, 51, 13, 73, 0, 0, 0.06%, 9, 0, 10, 252.83
1735384102, 51, 14, 73, 0, 0, 0.06%, 9, 0, 10, 253.10
1735384107, 51, 18, 73, 0, 0, 0.06%, 9, 0, 10, 257.47
1735384112, 51, 20, 73, 0, 0, 0.06%, 9, 0, 10, 251.63
1735384117, 51, 21, 73, 0, 0, 0.06%, 9, 0, 10, 264.69
1735384122, 51, 33, 73, 0, 0, 0.06%, 9, 0, 10, 254.36
1735384127, 51, 35, 73, 0, 0, 0.06%, 9, 0, 10, 263.51
1735384132, 52, 10, 73, 0, 0, 0.06%, 9, 0, 10, 243.43
1735384137, 52, 12, 73, 0, 0, 0.06%, 9, 0, 10, 236.54
1735384147, 52, 14, 73, 0, 0, 0.06%, 9, 0, 10, 272.44
1735384153, 52, 18, 73, 0, 0, 0.06%, 9, 0, 10, 271.53
1735384163, 52, 20, 73, 0, 0, 0.06%, 9, 0, 10, 270.99
1735384168, 52, 21, 73, 0, 0, 0.06%, 9, 0, 10, 272.59
1735384173, 52, 33, 73, 0, 0, 0.06%, 9, 0, 10, 265.41
1735384178, 52, 45, 73, 0, 0, 0.06%, 9, 0, 10, 277.71
1735384183, 52, 60, 73, 0, 0, 0.06%, 9, 0, 10, 273.18
1735384188, 53, 11, 73, 0, 0, 0.06%, 9, 0, 10, 257.24
1735384193, 53, 12, 73, 0, 0, 0.06%, 9, 0, 10, 243.02
1735384198, 53, 13, 73, 0, 0, 0.06%, 9, 0, 10, 250.04
1735384204, 53, 14, 73, 0, 0, 0.06%, 9, 0, 10, 239.16
1735384209, 53, 18, 73, 0, 0, 0.06%, 9, 0, 10, 247.08
1735384214, 53, 20, 73, 0, 0, 0.06%, 9, 0, 10, 246.62
1735384219, 53, 21, 73, 0, 0, 0.06%, 9, 0, 10, 268.66
1735384224, 53, 28, 73, 0, 0, 0.06%, 9, 0, 10, 279.49
1735384229, 53, 33, 73, 0, 0, 0.06%, 9, 0, 10, 278.54
1735384234, 53, 56, 73, 0, 0, 0.06%, 9, 0, 10, 288.07
1735384240, 53, 60, 73, 0, 0, 0.06%, 9, 0, 10, 280.28
1735384245, 54, 10, 73, 0, 0, 0.06%, 9, 0, 10, 271.07
1735384250, 54, 11, 73, 0, 0, 0.06%, 9, 0, 10, 249.45
1735384255, 54, 12, 73, 0, 0, 0.06%, 9, 0, 10, 258.42
1735384260, 54, 13, 73, 0, 0, 0.06%, 9, 0, 10, 248.13
1735384265, 54, 14, 73, 0, 0, 0.06%, 9, 0, 10, 257.03
1735384270, 54, 17, 73, 0, 0, 0.06%, 9, 0, 10, 266.43
1735384275, 54, 18, 73, 0, 0, 0.06%, 9, 0, 10, 257.24
1735384280, 54, 20, 73, 0, 0, 0.06%, 9, 0, 10, 253.45
1735384285, 54, 21, 73, 0, 0, 0.06%, 9, 0, 10, 244.10
1735384291, 54, 33, 73, 0, 0, 0.06%, 9, 0, 10, 254.73
1735384296, 54, 38, 73, 0, 0, 0.06%, 9, 0, 10, 283.70
1735384306, 54, 41, 73, 0, 0, 0.06%, 9, 0, 10, 276.28
1735384316, 55, 10, 73, 0, 0, 0.06%, 9, 0, 10, 269.14
1735384321, 55, 11, 73, 0, 0, 0.06%, 9, 0, 10, 261.62
1735384326, 55, 12, 73, 0, 0, 0.06%, 9, 0, 10, 259.99
1735384331, 55, 13, 73, 0, 0, 0.06%, 9, 0, 10, 267.17
1735384336, 55, 14, 73, 0, 0, 0.06%, 9, 0, 10, 263.34
1735384342, 55, 18, 73, 0, 0, 0.06%, 9, 0, 10, 265.42
1735384347, 55, 20, 73, 0, 0, 0.06%, 9, 0, 10, 263.12
1735384352, 55, 21, 73, 0, 0, 0.06%, 9, 0, 10, 257.66
1735384357, 55, 26, 73, 0, 0, 0.06%, 9, 0, 10, 251.56
1735384362, 55, 33, 73, 0, 0, 0.06%, 9, 0, 10, 260.56
1735384367, 55, 38, 73, 0, 0, 0.06%, 9, 0, 10, 288.56
1735384377, 56, 10, 73, 0, 0, 0.06%, 9, 0, 10, 255.15
1735384382, 56, 12, 73, 0, 0, 0.06%, 9, 0, 10, 251.11
1735384388, 56, 13, 73, 0, 0, 0.06%, 9, 0, 10, 256.34
1735384398, 56, 18, 73, 0, 0, 0.06%, 9, 0, 10, 245.73
1735384408, 56, 20, 73, 0, 0, 0.06%, 9, 0, 10, 269.46
1735384413, 56, 21, 73, 0, 0, 0.06%, 9, 0, 10, 266.08
1735384418, 56, 24, 73, 0, 0, 0.06%, 9, 0, 10, 259.03
1735384423, 56, 25, 73, 0, 0, 0.06%, 9, 0, 10, 261.13
1735384428, 56, 27, 73, 0, 0, 0.06%, 9, 0, 10, 268.86
1735384433, 56, 33, 73, 0, 0, 0.06%, 9, 0, 10, 265.58
1735384438, 56, 38, 73, 0, 0, 0.06%, 9, 0, 10, 278.33
1735384443, 56, 58, 73, 0, 0, 0.06%, 9, 0, 10, 268.18
1735384448, 57, 10, 73, 0, 0, 0.06%, 9, 0, 10, 271.07
1735384453, 57, 11, 73, 0, 0, 0.06%, 9, 0, 10, 254.98
1735384458, 57, 12, 73, 0, 0, 0.06%, 9, 0, 10, 252.45
1735384464, 57, 13, 73, 0, 0, 0.06%, 9, 0, 10, 261.35
1735384469, 57, 14, 73, 0, 0, 0.06%, 9, 0, 10, 246.42
1735384474, 57, 18, 73, 0, 0, 0.06%, 9, 0, 10, 246.39
1735384479, 57, 20, 73, 0, 0, 0.06%, 9, 0, 10, 255.30
1735384484, 57, 21, 73, 0, 0, 0.06%, 9, 0, 10, 254.84
1735384489, 57, 33, 73, 0, 0, 0.06%, 9, 0, 10, 259.37
1735384494, 57, 59, 73, 0, 0, 0.06%, 9, 0, 10, 269.51
1735384499, 58, 10, 73, 0, 0, 0.06%, 9, 0, 10, 253.45
1735384504, 58, 12, 73, 0, 0, 0.06%, 9, 0, 10, 246.46
1735384509, 58, 13, 73, 0, 0, 0.06%, 9, 0, 10, 261.46
1735384514, 58, 14, 73, 0, 0, 0.06%, 9, 0, 10, 267.96
1735384519, 58, 18, 73, 0, 0, 0.06%, 9, 0, 10, 256.79
1735384529, 58, 20, 73, 0, 0, 0.06%, 9, 0, 10, 246.89
1735384535, 58, 21, 73, 0, 0, 0.06%, 9, 0, 10, 277.93
1735384540, 58, 26, 73, 0, 0, 0.06%, 9, 0, 10, 263.92
1735384545, 58, 33, 73, 0, 0, 0.06%, 9, 0, 10, 262.04
1735384550, 59, 10, 73, 0, 0, 0.06%, 9, 0, 10, 257.81
1735384555, 59, 12, 73, 0, 0, 0.06%, 9, 0, 10, 252.09
1735384560, 59, 13, 73, 0, 0, 0.06%, 9, 0, 10, 253.31
1735384565, 59, 14, 73, 0, 0, 0.06%, 9, 0, 10, 251.01
1735384570, 59, 18, 73, 0, 0, 0.06%, 9, 0, 10, 252.94
1735384575, 59, 20, 73, 0, 0, 0.06%, 9, 0, 10, 250.59
1735384585, 59, 21, 73, 0, 0, 0.06%, 9, 0, 10, 262.99
1735384590, 59, 33, 73, 0, 0, 0.06%, 9, 0, 10, 263.44
1735384595, 59, 54, 73, 0, 0, 0.06%, 9, 0, 10, 280.27
1735384600, 60, 11, 73, 0, 0, 0.06%, 9, 0, 10, 255.25
1735384606, 60, 12, 73, 0, 0, 0.06%, 9, 0, 10, 257.11
1735384611, 60, 13, 73, 0, 0, 0.06%, 9, 0, 10, 262.00
1735384616, 60, 14, 73, 0, 0, 0.06%, 9, 0, 10, 254.39
1735384621, 60, 18, 73, 0, 0, 0.06%, 9, 0, 10, 274.02
1735384626, 60, 20, 73, 0, 0, 0.06%, 9, 0, 10, 255.90
1735384631, 60, 21, 73, 0, 0, 0.06%, 9, 0, 10, 257.00
1735384636, 60, 30, 73, 0, 0, 0.06%, 9, 0, 10, 264.88
1735384646, 60, 33, 73, 0, 0, 0.06%, 9, 0, 10, 276.13
1735384651, 60, 48, 73, 0, 0, 0.06%, 9, 0, 10, 320.59
1735384666, 60, 56, 73, 0, 0, 0.06%, 9, 0, 10, 293.04
1735384672, 60, 68, 73, 0, 0, 0.06%, 9, 0, 10, 293.13
1735384692, 61, 10, 73, 0, 0, 0.06%, 9, 0, 10, 262.12
1735384697, 61, 12, 73, 0, 0, 0.06%, 9, 0, 10, 249.67
1735384702, 61, 13, 73, 0, 0, 0.06%, 9, 0, 10, 254.21
1735384707, 61, 14, 73, 0, 0, 0.06%, 9, 0, 10, 246.98
1735384712, 61, 18, 73, 0, 0, 0.06%, 9, 0, 10, 256.17
1735384722, 61, 20, 73, 0, 0, 0.06%, 9, 0, 10, 264.98
1735384727, 61, 21, 73, 0, 0, 0.06%, 9, 0, 10, 246.79
1735384732, 61, 31, 73, 0, 0, 0.06%, 9, 0, 10, 271.09
1735384737, 61, 33, 73, 0, 0, 0.06%, 9, 0, 10, 286.52
1735384747, 62, 11, 73, 0, 0, 0.06%, 9, 0, 10, 258.58
1735384752, 62, 12, 73, 0, 0, 0.06%, 9, 0, 10, 238.84
1735384757, 62, 13, 73, 0, 0, 0.06%, 9, 0, 10, 260.34
1735384762, 62, 14, 73, 0, 0, 0.06%, 9, 0, 10, 250.35
1735384768, 62, 16, 73, 0, 0, 0.06%, 9, 0, 10, 241.18
1735384773, 62, 18, 73, 0, 0, 0.06%, 9, 0, 10, 239.86
1735384778, 62, 20, 73, 0, 0, 0.06%, 9, 0, 10, 247.41
1735384783, 62, 21, 73, 0, 0, 0.06%, 9, 0, 10, 253.44
1735384788, 62, 24, 73, 0, 0, 0.06%, 9, 0, 10, 272.55
1735384793, 62, 28, 73, 0, 0, 0.06%, 9, 0, 10, 270.99
1735384798, 62, 33, 73, 0, 0, 0.06%, 9, 0, 10, 270.98
1735384803, 62, 44, 73, 0, 0, 0.06%, 9, 0, 10, 262.76
1735384813, 62, 50, 73, 0, 0, 0.06%, 9, 0, 10, 265.75
1735384818, 63, 10, 73, 0, 0, 0.06%, 9, 0, 10, 273.63
1735384823, 63, 12, 73, 0, 0, 0.06%, 9, 0, 10, 251.37
1735384829, 63, 13, 73, 0, 0, 0.06%, 9, 0, 10, 251.93
1735384834, 63, 14, 73, 0, 0, 0.06%, 9, 0, 10, 258.22
1735384839, 63, 18, 73, 0, 0, 0.06%, 9, 0, 10, 248.69
1735384849, 63, 20, 73, 0, 0, 0.06%, 9, 0, 10, 265.70
1735384854, 63, 21, 73, 0, 0, 0.06%, 9, 0, 10, 259.51
1735384859, 63, 33, 73, 0, 0, 0.06%, 9, 0, 10, 252.30
1735384864, 63, 35, 73, 0, 0, 0.06%, 9, 0, 10, 266.47
1735384869, 63, 38, 73, 0, 0, 0.06%, 9, 0, 10, 277.79
1735384874, 63, 65, 73, 0, 0, 0.06%, 9, 0, 10, 301.02
1735384894, 64, 11, 73, 0, 0, 0.06%, 9, 0, 10, 246.83
1735384900, 64, 12, 73, 0, 0, 0.06%, 9, 0, 10, 262.73
1735384905, 64, 13, 73, 0, 0, 0.06%, 9, 0, 10, 256.37
1735384910, 64, 14, 73, 0, 0, 0.06%, 9, 0, 10, 278.21
1735384915, 64, 15, 73, 0, 0, 0.06%, 9, 0, 10, 264.20
1735384920, 64, 18, 73, 0, 0, 0.06%, 9, 0, 10, 262.65
1735384925, 64, 20, 73, 0, 0, 0.06%, 9, 0, 10, 263.43
1735384930, 64, 21, 73, 0, 0, 0.06%, 9, 0, 10, 262.29
1735384935, 64, 23, 73, 0, 0, 0.06%, 9, 0, 10, 269.19
1735384941, 64, 33, 73, 0, 0, 0.06%, 9, 0, 10, 255.32
1735384946, 64, 49, 73, 0, 0, 0.06%, 9, 0, 10, 256.03
1735384956, 65, 11, 73, 0, 0, 0.06%, 9, 0, 10, 257.38
1735384961, 65, 12, 73, 0, 0, 0.06%, 9, 0, 10, 240.91
1735384966, 65, 13, 73, 0, 0, 0.06%, 9, 0, 10, 258.78
1735384971, 65, 14, 73, 0, 0, 0.06%, 9, 0, 10, 239.87
1735384976, 65, 18, 73, 0, 0, 0.06%, 9, 0, 10, 244.41
1735384981, 65, 20, 73, 0, 0, 0.06%, 9, 0, 10, 258.42
1735384986, 65, 21, 73, 0, 0, 0.06%, 9, 0, 10, 266.89
1735384996, 65, 26, 73, 0, 0, 0.06%, 9, 0, 10, 258.59
1735385001, 65, 33, 73, 0, 0, 0.06%, 9, 0, 10, 268.76
1735385006, 65, 55, 73, 0, 0, 0.06%, 9, 0, 10, 276.01
1735385012, 65, 69, 73, 0, 0, 0.06%, 9, 0, 10, 293.28
1735385017, 66, 11, 73, 0, 0, 0.06%, 9, 0, 10, 251.78
1735385022, 66, 12, 73, 0, 0, 0.06%, 9, 0, 10, 252.33
1735385027, 66, 13, 73, 0, 0, 0.06%, 9, 0, 10, 256.20
1735385032, 66, 14, 73, 0, 0, 0.06%, 9, 0, 10, 251.80
1735385037, 66, 18, 73, 0, 0, 0.06%, 9, 0, 10, 254.15
1735385042, 66, 20, 73, 0, 0, 0.06%, 9, 0, 10, 257.83
1735385047, 66, 21, 73, 0, 0, 0.06%, 9, 0, 10, 247.93
1735385052, 66, 33, 73, 0, 0, 0.06%, 9, 0, 10, 261.56
1735385057, 66, 38, 73, 0, 0, 0.06%, 9, 0, 10, 253.80
1735385062, 66, 53, 73, 0, 0, 0.06%, 9, 0, 10, 261.05
1735385077, 67, 11, 73, 0, 0, 0.06%, 9, 0, 10, 246.67
1735385083, 67, 12, 73, 0, 0, 0.06%, 9, 0, 10, 255.05
1735385088, 67, 13, 73, 0, 0, 0.06%, 9, 0, 10, 240.90
1735385093, 67, 14, 73, 0, 0, 0.06%, 9, 0, 10, 244.98
1735385098, 67, 18, 73, 0, 0, 0.06%, 9, 0, 10, 253.04
1735385103, 67, 20, 73, 0, 0, 0.06%, 9, 0, 10, 256.74
1735385108, 67, 21, 73, 0, 0, 0.06%, 9, 0, 10, 261.55
1735385113, 67, 29, 73, 0, 0, 0.06%, 9, 0, 10, 268.26
1735385123, 67, 33, 73, 0, 0, 0.06%, 9, 0, 10, 266.47
1735385128, 67, 40, 73, 0, 0, 0.06%, 9, 0, 10, 294.26
1735385139, 67, 46, 73, 0, 0, 0.06%, 9, 0, 10, 284.76
1735385144, 67, 64, 73, 0, 0, 0.06%, 9, 0, 10, 281.33
1735385159, 68, 10, 73, 0, 0, 0.06%, 9, 0, 10, 258.15
1735385164, 68, 12, 73, 0, 0, 0.06%, 9, 0, 10, 264.17
1735385174, 68, 13, 73, 0, 0, 0.06%, 9, 0, 10, 257.41
1735385179, 68, 14, 73, 0, 0, 0.06%, 9, 0, 10, 252.46
1735385184, 68, 18, 73, 0, 0, 0.06%, 9, 0, 10, 249.42
1735385189, 68, 20, 73, 0, 0, 0.06%, 9, 0, 10, 251.61
1735385194, 68, 21, 73, 0, 0, 0.06%, 9, 0, 10, 245.58
1735385199, 68, 29, 73, 0, 0, 0.06%, 9, 0, 10, 256.30
1735385209, 68, 33, 73, 0, 0, 0.06%, 9, 0, 10, 264.68
1735385214, 68, 39, 73, 0, 0, 0.06%, 9, 0, 10, 279.16
1735385219, 68, 45, 73, 0, 0, 0.06%, 9, 0, 10, 279.55
1735385224, 68, 64, 73, 0, 0, 0.06%, 9, 0, 10, 286.76
1735385230, 69, 10, 73, 0, 0, 0.06%, 9, 0, 10, 262.67
1735385235, 69, 12, 73, 0, 0, 0.06%, 9, 0, 10, 248.34
1735385240, 69, 13, 73, 0, 0, 0.06%, 9, 0, 10, 255.48
1735385245, 69, 14, 73, 0, 0, 0.06%, 9, 0, 10, 257.96
