# unix_time, cycles_done, cur_path, paths_total, pending_total, pending_favs, map_size, unique_crashes, unique_hangs, max_depth, execs_per_sec
1735432628, 0, 0, 10, 10, 1, 0.00%, 0, 0, 1, 154.44
1735432633, 0, 2, 10, 10, 1, 0.00%, 0, 0, 1, 193.07
1735432638, 0, 3, 10, 9, 0, 0.00%, 0, 0, 1, 201.49
1735432643, 0, 4, 10, 8, 0, 0.00%, 0, 0, 1, 197.71
1735432653, 0, 5, 10, 7, 0, 0.00%, 0, 0, 1, 190.47
1735432664, 0, 6, 10, 6, 0, 0.00%, 0, 0, 1, 194.37
1735432669, 0, 7, 10, 5, 0, 0.00%, 0, 0, 1, 192.18
1735432679, 0, 8, 10, 4, 0, 0.00%, 0, 0, 1, 194.03
1735432684, 0, 9, 10, 3, 0, 0.00%, 0, 0, 1, 181.17
1735432694, 1, 0, 10, 2, 0, 0.00%, 0, 0, 1, 199.48
1735432705, 1, 1, 10, 1, 0, 0.00%, 0, 0, 1, 195.98
1735432715, 1, 3, 10, 0, 0, 0.00%, 0, 0, 1, 197.40
1735432720, 1, 4, 10, 0, 0, 0.00%, 0, 0, 1, 198.78
1735432725, 1, 5, 10, 0, 0, 0.00%, 0, 0, 1, 193.50
1735432730, 1, 7, 10, 0, 0, 0.00%, 0, 0, 1, 191.71
1735432736, 1, 8, 10, 0, 0, 0.00%, 0, 0, 1, 191.00
1735432741, 2, 0, 10, 0, 0, 0.00%, 0, 0, 1, 194.89
1735432746, 2, 1, 10, 0, 0, 0.00%, 0, 0, 1, 192.22
1735432751, 2, 2, 10, 0, 0, 0.00%, 0, 0, 1, 188.83
1735432756, 2, 4, 10, 0, 0, 0.00%, 0, 0, 1, 188.78
1735432761, 2, 5, 10, 0, 0, 0.00%, 0, 0, 1, 190.18
1735432767, 2, 6, 10, 0, 0, 0.00%, 0, 0, 1, 193.63
1735432772, 2, 8, 10, 0, 0, 0.00%, 0, 0, 1, 193.94
1735432777, 2, 9, 10, 0, 0, 0.00%, 0, 0, 1, 193.41
1735432782, 3, 0, 10, 0, 0, 0.00%, 0, 0, 1, 198.12
1735432787, 3, 2, 10, 0, 0, 0.00%, 0, 0, 1, 189.81
1735432793, 3, 3, 10, 0, 0, 0.00%, 0, 0, 1, 191.15
1735432798, 3, 4, 10, 0, 0, 0.00%, 0, 0, 1, 192.89
1735432803, 3, 6, 10, 0, 0, 0.00%, 0, 0, 1, 192.50
1735432808, 3, 7, 11, 1, 0, 0.05%, 1, 0, 2, 191.50
1735432813, 3, 10, 15, 5, 1, 0.06%, 5, 0, 3, 227.42
1735432828, 3, 10, 16, 6, 1, 0.06%, 6, 0, 3, 215.34
1735432884, 3, 11, 16, 5, 5, 0.06%, 6, 0, 3, 235.74
1735432910, 3, 12, 16, 4, 4, 0.06%, 6, 0, 3, 231.79
1735432925, 3, 12, 17, 5, 4, 0.06%, 6, 0, 4, 211.60
1735432930, 3, 12, 18, 6, 4, 0.06%, 6, 0, 4, 213.07
1735432986, 3, 12, 19, 7, 4, 0.06%, 7, 0, 4, 208.36
1735433067, 3, 12, 20, 8, 4, 0.06%, 8, 0, 4, 209.07
1735433077, 3, 13, 20, 7, 5, 0.06%, 8, 0, 4, 232.45
1735433082, 3, 13, 21, 8, 5, 0.06%, 9, 0, 4, 216.92
1735433093, 3, 13, 22, 9, 5, 0.06%, 9, 0, 4, 207.87
1735433103, 3, 13, 23, 10, 5, 0.06%, 9, 0, 4, 212.55
1735433163, 3, 13, 24, 11, 5, 0.06%, 9, 0, 4, 207.91
1735433204, 3, 14, 24, 10, 5, 0.06%, 9, 0, 4, 245.64
1735433219, 3, 14, 25, 11, 5, 0.06%, 9, 0, 4, 217.49
1735433229, 3, 15, 26, 11, 4, 0.06%, 9, 0, 4, 224.99
1735433234, 3, 15, 28, 13, 4, 0.06%, 9, 0, 4, 220.43
1735433260, 3, 15, 29, 14, 4, 0.06%, 9, 0, 4, 217.27
1735433270, 3, 15, 31, 16, 4, 0.06%, 9, 0, 4, 219.48
1735433280, 3, 15, 32, 17, 4, 0.06%, 9, 0, 4, 220.10
1735433346, 3, 18, 34, 18, 3, 0.06%, 9, 0, 4, 246.98
1735433351, 3, 18, 35, 19, 3, 0.06%, 9, 0, 5, 273.49
1735433356, 3, 18, 37, 21, 3, 0.06%, 9, 0, 5, 244.52
1735433397, 3, 18, 38, 22, 3, 0.06%, 9, 0, 5, 251.81
1735433402, 3, 18, 39, 23, 3, 0.06%, 9, 0, 5, 246.30
1735433442, 3, 18, 40, 24, 3, 0.06%, 9, 0, 5, 249.12
1735433458, 3, 18, 41, 25, 3, 0.06%, 9, 0, 5, 249.71
1735433463, 3, 18, 44, 28, 3, 0.06%, 9, 0, 5, 258.41
1735433468, 3, 21, 44, 27, 2, 0.06%, 9, 0, 5, 266.51
1735433489, 3, 21, 50, 33, 2, 0.06%, 9, 0, 5, 279.16
1735433499, 3, 25, 50, 32, 1, 0.06%, 9, 0, 5, 252.28
1735433524, 3, 32, 50, 31, 0, 0.06%, 9, 0, 5, 265.54
1735433554, 3, 32, 51, 32, 0, 0.06%, 9, 0, 5, 260.17
1735433560, 3, 33, 51, 31, 0, 0.06%, 9, 0, 5, 283.28
1735433580, 3, 33, 52, 32, 0, 0.06%, 9, 0, 5, 245.66
1735433605, 3, 39, 53, 32, 0, 0.06%, 9, 0, 5, 277.61
1735433661, 3, 39, 55, 34, 0, 0.06%, 9, 0, 6, 440.65
1735433676, 3, 39, 57, 36, 0, 0.06%, 9, 0, 6, 441.06
1735433992, 3, 40, 59, 37, 0, 0.06%, 9, 0, 6, 319.10
1735434007, 3, 40, 60, 38, 0, 0.06%, 9, 0, 6, 257.09
1735434038, 3, 47, 60, 37, 0, 0.06%, 9, 0, 6, 284.90
1735434409, 3, 47, 61, 38, 0, 0.06%, 9, 0, 6, 316.89
1735434429, 3, 47, 62, 39, 0, 0.06%, 9, 0, 6, 299.56
1735434440, 3, 52, 62, 38, 0, 0.06%, 9, 0, 6, 326.93
1735434465, 3, 53, 62, 37, 0, 0.06%, 9, 0, 6, 285.05
1735434567, 3, 57, 62, 36, 0, 0.06%, 9, 0, 6, 402.61
1735434597, 4, 10, 62, 35, 0, 0.06%, 9, 0, 6, 249.40
1735434603, 4, 11, 62, 35, 0, 0.06%, 9, 0, 6, 252.56
1735434608, 4, 12, 62, 35, 0, 0.06%, 9, 0, 6, 261.50
1735434613, 4, 13, 62, 35, 0, 0.06%, 9, 0, 6, 243.33
1735434618, 4, 14, 62, 35, 0, 0.06%, 9, 0, 6, 243.59
1735434623, 4, 15, 62, 35, 0, 0.06%, 9, 0, 6, 254.10
1735434628, 4, 17, 62, 35, 0, 0.06%, 9, 0, 6, 263.35
1735434658, 4, 18, 62, 34, 0, 0.06%, 9, 0, 6, 256.85
1735434669, 4, 21, 62, 34, 0, 0.06%, 9, 0, 6, 238.98
1735434679, 4, 21, 63, 35, 0, 0.06%, 9, 0, 6, 274.37
1735434684, 4, 25, 63, 35, 0, 0.06%, 9, 0, 6, 238.09
1735434694, 4, 27, 63, 35, 0, 0.06%, 9, 0, 6, 315.10
1735434714, 4, 27, 66, 38, 0, 0.06%, 9, 0, 6, 269.87
1735434724, 4, 38, 66, 37, 0, 0.06%, 9, 0, 6, 357.98
1735434928, 4, 43, 66, 36, 0, 0.06%, 9, 0, 6, 311.02
1735434959, 4, 54, 66, 35, 0, 0.06%, 9, 0, 6, 380.49
1735435056, 4, 56, 66, 34, 0, 0.06%, 9, 0, 6, 319.92
1735435229, 4, 61, 66, 33, 0, 0.06%, 9, 0, 6, 406.63
1735435260, 4, 62, 66, 32, 0, 0.06%, 9, 0, 6, 286.47
1735435346, 4, 64, 66, 31, 0, 0.06%, 9, 0, 6, 343.55
1735435413, 5, 10, 66, 30, 0, 0.06%, 9, 0, 6, 264.32
1735435418, 5, 11, 66, 30, 0, 0.06%, 9, 0, 6, 250.38
1735435423, 5, 12, 66, 30, 0, 0.06%, 9, 0, 6, 245.74
1735435428, 5, 13, 66, 30, 0, 0.06%, 9, 0, 6, 260.69
1735435433, 5, 14, 66, 30, 0, 0.06%, 9, 0, 6, 255.46
1735435438, 5, 15, 66, 30, 0, 0.06%, 9, 0, 6, 251.10
1735435443, 5, 16, 66, 30, 0, 0.06%, 9, 0, 6, 334.83
1735435474, 5, 18, 66, 29, 0, 0.06%, 9, 0, 6, 264.00
1735435484, 5, 21, 66, 29, 0, 0.06%, 9, 0, 6, 254.28
1735435489, 5, 21, 67, 30, 0, 0.06%, 9, 0, 6, 247.09
1735435504, 5, 22, 67, 30, 0, 0.06%, 9, 0, 6, 278.50
1735435529, 5, 24, 67, 29, 0, 0.06%, 9, 0, 6, 315.52
1735435554, 5, 25, 67, 28, 0, 0.06%, 9, 0, 6, 251.90
1735435565, 5, 30, 67, 28, 0, 0.06%, 9, 0, 6, 259.27
1735435595, 5, 35, 67, 27, 0, 0.06%, 9, 0, 6, 276.94
1735435621, 5, 44, 67, 26, 0, 0.06%, 9, 0, 6, 330.30
1735435656, 5, 46, 67, 25, 0, 0.06%, 9, 0, 6, 305.97
1735435681, 5, 46, 67, 25, 0, 0.06%, 10, 0, 6, 273.72
1735435687, 5, 50, 67, 24, 0, 0.06%, 10, 0, 6, 388.75
1735435727, 5, 55, 67, 23, 0, 0.06%, 10, 0, 6, 294.85
1735435895, 5, 60, 67, 22, 0, 0.06%, 10, 0, 6, 280.16
1735435961, 5, 63, 67, 21, 0, 0.06%, 10, 0, 6, 375.96
1735436028, 5, 66, 67, 20, 0, 0.06%, 10, 0, 6, 188.01
1735436038, 5, 66, 68, 21, 0, 0.06%, 10, 0, 6, 361.84
