# unix_time, cycles_done, cur_path, paths_total, pending_total, pending_favs, map_size, unique_crashes, unique_hangs, max_depth, execs_per_sec
1733542570, 0, 0, 10, 10, 1, 0.00%, 0, 0, 1, 156.25
1733542575, 0, 4, 10, 10, 1, 0.00%, 0, 0, 1, 183.60
1733542580, 0, 5, 10, 9, 0, 0.00%, 0, 0, 1, 168.27
1733542590, 0, 6, 10, 8, 0, 0.00%, 0, 0, 1, 187.04
1733542595, 0, 7, 10, 7, 0, 0.00%, 0, 0, 1, 179.01
1733542605, 0, 8, 10, 6, 0, 0.00%, 0, 0, 1, 186.94
1733542610, 0, 9, 10, 5, 0, 0.00%, 0, 0, 1, 186.92
1733542621, 1, 0, 10, 4, 0, 0.00%, 0, 0, 1, 173.09
1733542631, 1, 1, 10, 3, 0, 0.00%, 0, 0, 1, 171.92
1733542641, 1, 2, 10, 2, 0, 0.00%, 0, 0, 1, 180.21
1733542651, 1, 3, 10, 1, 0, 0.00%, 0, 0, 1, 184.97
1733542667, 1, 5, 10, 0, 0, 0.00%, 0, 0, 1, 179.35
1733542672, 1, 6, 10, 0, 0, 0.00%, 0, 0, 1, 183.30
1733542677, 1, 7, 10, 0, 0, 0.00%, 0, 0, 1, 184.75
1733542682, 1, 8, 10, 0, 0, 0.00%, 0, 0, 1, 184.20
1733542687, 2, 0, 10, 0, 0, 0.00%, 0, 0, 1, 181.93
1733542692, 2, 1, 10, 0, 0, 0.00%, 0, 0, 1, 186.45
1733542697, 2, 2, 10, 0, 0, 0.00%, 0, 0, 1, 186.68
1733542702, 2, 4, 10, 0, 0, 0.00%, 0, 0, 1, 184.80
1733542708, 2, 5, 10, 0, 0, 0.00%, 0, 0, 1, 180.05
1733542713, 2, 6, 10, 0, 0, 0.00%, 0, 0, 1, 183.25
1733542718, 2, 7, 10, 0, 0, 0.00%, 0, 0, 1, 183.82
1733542723, 2, 9, 10, 0, 0, 0.00%, 0, 0, 1, 180.39
1733542728, 3, 0, 10, 0, 0, 0.00%, 0, 0, 1, 180.60
1733542733, 3, 1, 10, 0, 0, 0.00%, 0, 0, 1, 183.31
1733542738, 3, 2, 10, 0, 0, 0.00%, 0, 0, 1, 180.82
1733542744, 3, 4, 10, 0, 0, 0.00%, 0, 0, 1, 185.57
1733542749, 3, 5, 10, 0, 0, 0.00%, 0, 0, 1, 183.56
1733542754, 3, 6, 10, 0, 0, 0.00%, 0, 0, 1, 183.72
1733542759, 3, 8, 10, 0, 0, 0.00%, 0, 0, 1, 187.17
1733542764, 3, 9, 10, 0, 0, 0.00%, 0, 0, 1, 184.39
1733542769, 4, 0, 10, 0, 0, 0.00%, 0, 0, 1, 181.93
1733542774, 4, 1, 10, 0, 0, 0.00%, 0, 0, 1, 185.40
1733542779, 4, 3, 10, 0, 0, 0.00%, 0, 0, 1, 181.83
1733542785, 4, 10, 15, 5, 1, 0.06%, 5, 0, 3, 212.18
1733542800, 4, 10, 16, 6, 1, 0.06%, 6, 0, 3, 199.57
1733542820, 4, 10, 17, 7, 1, 0.06%, 7, 0, 3, 209.21
1733542876, 4, 10, 18, 8, 1, 0.06%, 8, 0, 3, 210.02
1733542931, 4, 11, 18, 7, 7, 0.06%, 8, 0, 3, 212.87
1733542952, 4, 11, 19, 8, 7, 0.06%, 8, 0, 4, 200.93
1733542993, 4, 11, 20, 9, 7, 0.06%, 8, 0, 4, 197.69
1733543044, 4, 11, 21, 10, 7, 0.06%, 8, 0, 4, 201.99
1733543111, 4, 12, 21, 9, 6, 0.06%, 8, 0, 4, 220.76
1733543151, 4, 13, 21, 8, 5, 0.06%, 8, 0, 4, 234.97
1733543171, 4, 13, 22, 9, 5, 0.06%, 8, 0, 4, 200.86
1733543186, 4, 13, 23, 10, 5, 0.06%, 8, 0, 4, 210.11
1733543222, 4, 13, 24, 11, 5, 0.06%, 8, 0, 4, 204.51
1733543283, 4, 14, 25, 11, 4, 0.06%, 8, 0, 4, 227.29
1733543303, 4, 14, 26, 12, 4, 0.06%, 8, 0, 4, 204.97
1733543343, 4, 14, 27, 13, 4, 0.06%, 9, 0, 4, 206.98
1733543353, 4, 14, 28, 14, 4, 0.06%, 9, 0, 4, 208.12
1733543389, 4, 14, 29, 15, 4, 0.06%, 9, 0, 4, 206.53
1733543414, 4, 15, 29, 14, 4, 0.06%, 9, 0, 4, 229.15
1733543450, 4, 15, 30, 15, 4, 0.06%, 9, 0, 4, 213.06
1733543455, 4, 15, 35, 20, 4, 0.06%, 9, 0, 4, 247.08
1733543460, 4, 16, 37, 21, 3, 0.06%, 9, 0, 4, 261.81
1733543475, 4, 16, 38, 22, 3, 0.06%, 9, 0, 4, 205.36
1733543480, 4, 16, 39, 23, 3, 0.06%, 9, 0, 4, 207.66
1733543526, 4, 16, 40, 24, 3, 0.06%, 9, 0, 4, 205.84
1733543586, 4, 16, 41, 25, 3, 0.06%, 9, 0, 4, 268.75
1733543596, 4, 24, 41, 24, 2, 0.06%, 9, 0, 4, 232.14
1733543657, 4, 27, 41, 23, 1, 0.06%, 9, 0, 4, 224.86
1733543703, 4, 27, 42, 24, 1, 0.06%, 9, 0, 5, 225.56
1733543713, 4, 28, 42, 23, 0, 0.06%, 9, 0, 5, 225.12
1733543764, 4, 28, 46, 27, 0, 0.06%, 9, 0, 5, 410.50
1733543784, 4, 28, 48, 29, 0, 0.06%, 9, 0, 5, 414.99
1733544050, 4, 28, 49, 30, 0, 0.06%, 9, 0, 5, 308.92
1733544095, 4, 29, 49, 29, 0, 0.06%, 9, 0, 5, 287.87
1733544100, 4, 29, 51, 31, 0, 0.06%, 9, 0, 5, 411.44
1733544187, 4, 29, 53, 33, 0, 0.06%, 9, 0, 5, 267.67
1733544212, 4, 29, 54, 34, 0, 0.06%, 9, 0, 5, 271.92
1733544217, 4, 29, 55, 35, 0, 0.06%, 9, 0, 5, 277.86
1733544232, 4, 29, 56, 36, 0, 0.06%, 9, 0, 5, 275.80
1733544298, 4, 29, 58, 38, 0, 0.06%, 9, 0, 5, 262.97
1733544313, 4, 31, 58, 37, 0, 0.06%, 9, 0, 5, 343.78
1733544369, 4, 33, 58, 36, 0, 0.06%, 9, 0, 5, 277.94
1733544425, 4, 35, 58, 35, 0, 0.06%, 9, 0, 5, 347.98
1733544526, 4, 35, 59, 36, 0, 0.06%, 9, 0, 5, 215.39
1733544536, 4, 37, 59, 35, 0, 0.06%, 9, 0, 5, 277.93
1733544592, 4, 40, 59, 34, 0, 0.06%, 9, 0, 5, 300.30
1733544648, 4, 43, 59, 33, 0, 0.06%, 9, 0, 5, 238.61
1733544780, 4, 45, 59, 32, 0, 0.06%, 9, 0, 5, 307.93
1733544876, 4, 45, 60, 33, 0, 0.06%, 9, 0, 6, 255.98
1733544933, 4, 50, 60, 32, 0, 0.06%, 9, 0, 6, 295.66
1733545004, 4, 50, 61, 33, 0, 0.06%, 9, 0, 6, 240.93
1733545080, 4, 54, 61, 32, 0, 0.06%, 9, 0, 6, 244.70
1733545100, 4, 54, 62, 33, 0, 0.06%, 9, 0, 6, 249.09
1733545176, 4, 55, 62, 32, 0, 0.06%, 9, 0, 6, 255.15
1733545222, 4, 55, 63, 33, 0, 0.06%, 9, 0, 6, 248.96
1733545237, 4, 57, 63, 32, 0, 0.06%, 9, 0, 6, 378.79
1733545273, 4, 57, 64, 33, 0, 0.06%, 9, 0, 6, 246.53
1733545308, 4, 57, 65, 34, 0, 0.06%, 9, 0, 6, 259.01
1733545313, 4, 57, 66, 35, 0, 0.06%, 9, 0, 6, 262.14
1733545324, 4, 60, 66, 34, 0, 0.06%, 9, 0, 6, 305.88
1733545410, 4, 60, 67, 35, 0, 0.06%, 9, 0, 7, 268.67
1733545461, 4, 60, 68, 36, 0, 0.06%, 9, 0, 7, 260.36
1733545471, 4, 60, 69, 37, 0, 0.06%, 9, 0, 7, 262.62
1733545476, 4, 61, 69, 36, 0, 0.06%, 9, 0, 7, 379.23
1733545501, 4, 61, 70, 37, 0, 0.06%, 9, 0, 7, 261.87
1733545557, 4, 62, 70, 36, 0, 0.06%, 9, 0, 7, 286.52
1733545664, 4, 66, 70, 35, 0, 0.06%, 9, 0, 7, 253.01
1733545857, 4, 67, 70, 34, 0, 0.06%, 9, 0, 7, 279.54
1733545913, 4, 69, 70, 33, 0, 0.06%, 9, 0, 7, 336.16
1733545999, 5, 11, 70, 32, 0, 0.06%, 9, 0, 7, 255.69
1733546004, 5, 13, 70, 32, 0, 0.06%, 9, 0, 7, 253.04
1733546009, 5, 15, 70, 32, 0, 0.06%, 9, 0, 7, 251.42
1733546014, 5, 16, 70, 32, 0, 0.06%, 9, 0, 7, 245.53
1733546020, 5, 19, 70, 32, 0, 0.06%, 9, 0, 7, 276.57
1733546065, 5, 20, 70, 31, 0, 0.06%, 9, 0, 7, 259.97
1733546121, 5, 22, 70, 30, 0, 0.06%, 9, 0, 7, 255.91
1733546167, 5, 23, 70, 29, 0, 0.06%, 9, 0, 7, 272.26
1733546259, 5, 24, 70, 28, 0, 0.06%, 9, 0, 7, 234.81
1733546264, 5, 27, 70, 28, 0, 0.06%, 9, 0, 7, 241.55
1733546269, 5, 32, 70, 28, 0, 0.06%, 9, 0, 7, 284.11
1733546350, 5, 38, 70, 27, 0, 0.06%, 9, 0, 7, 349.07
1733546401, 5, 41, 70, 26, 0, 0.06%, 9, 0, 7, 329.05
1733546462, 5, 44, 70, 25, 0, 0.06%, 9, 0, 7, 334.19
1733546588, 5, 44, 71, 26, 0, 0.06%, 9, 0, 7, 246.64
1733546594, 5, 46, 71, 25, 0, 0.06%, 9, 0, 7, 304.74
1733546802, 5, 47, 71, 24, 0, 0.06%, 9, 0, 7, 331.85
1733547016, 5, 49, 71, 23, 0, 0.06%, 9, 0, 7, 370.10
1733547133, 5, 51, 71, 22, 0, 0.06%, 9, 0, 7, 219.82
1733547306, 5, 51, 72, 23, 0, 0.06%, 9, 0, 7, 335.52
1733547356, 5, 59, 72, 22, 0, 0.06%, 9, 0, 7, 283.69
1733547407, 5, 67, 72, 21, 0, 0.06%, 9, 0, 7, 269.81
1733547417, 5, 69, 72, 21, 0, 0.06%, 9, 0, 7, 253.59
1733547422, 5, 71, 72, 21, 0, 0.06%, 9, 0, 7, 360.14
1733547448, 5, 71, 73, 22, 0, 0.06%, 9, 0, 7, 423.69
1733547591, 6, 10, 73, 21, 0, 0.06%, 9, 0, 7, 273.34
1733547596, 6, 12, 73, 21, 0, 0.06%, 9, 0, 7, 263.98
1733547601, 6, 13, 73, 21, 0, 0.06%, 9, 0, 7, 253.87
1733547607, 6, 15, 73, 21, 0, 0.06%, 9, 0, 7, 249.69
1733547612, 6, 18, 73, 21, 0, 0.06%, 9, 0, 7, 278.39
1733547662, 6, 24, 73, 20, 0, 0.06%, 9, 0, 7, 249.86
1733547667, 6, 26, 73, 20, 0, 0.06%, 9, 0, 7, 257.33
1733547718, 6, 27, 73, 19, 0, 0.06%, 9, 0, 7, 265.63
1733547728, 6, 30, 73, 19, 0, 0.06%, 9, 0, 7, 285.01
1733547774, 6, 39, 73, 18, 0, 0.06%, 9, 0, 7, 224.41
1733547850, 6, 56, 73, 17, 0, 0.06%, 9, 0, 7, 308.64
1733547906, 6, 62, 73, 16, 0, 0.06%, 9, 0, 7, 265.54
1733547911, 6, 63, 73, 16, 0, 0.06%, 9, 0, 7, 361.99
1733548049, 7, 10, 73, 15, 0, 0.06%, 9, 0, 7, 251.65
1733548054, 7, 12, 73, 15, 0, 0.06%, 9, 0, 7, 250.42
1733548060, 7, 14, 73, 15, 0, 0.06%, 9, 0, 7, 244.77
1733548065, 7, 16, 73, 15, 0, 0.06%, 9, 0, 7, 253.33
1733548070, 7, 20, 73, 15, 0, 0.06%, 9, 0, 7, 248.77
1733548075, 7, 21, 73, 15, 0, 0.06%, 9, 0, 7, 296.04
1733548126, 7, 22, 73, 14, 0, 0.06%, 9, 0, 7, 254.10
1733548131, 7, 24, 73, 14, 0, 0.06%, 9, 0, 7, 257.81
1733548141, 7, 27, 73, 14, 0, 0.06%, 9, 0, 7, 255.65
1733548146, 7, 42, 74, 15, 0, 0.06%, 9, 0, 7, 353.13
1733548278, 7, 56, 74, 14, 0, 0.06%, 9, 0, 7, 260.29
1733548283, 7, 64, 74, 14, 0, 0.06%, 9, 0, 7, 366.65
1733548339, 7, 65, 74, 13, 0, 0.06%, 9, 0, 7, 379.69
1733548450, 7, 73, 74, 12, 0, 0.06%, 9, 0, 7, 330.80
1733548567, 8, 10, 74, 11, 0, 0.06%, 9, 0, 7, 239.72
1733548573, 8, 11, 74, 11, 0, 0.06%, 9, 0, 7, 248.81
1733548578, 8, 13, 74, 11, 0, 0.06%, 9, 0, 7, 254.88
1733548583, 8, 15, 74, 11, 0, 0.06%, 9, 0, 7, 259.29
1733548588, 8, 24, 74, 11, 0, 0.06%, 9, 0, 7, 246.42
1733548593, 8, 27, 74, 11, 0, 0.06%, 9, 0, 7, 251.03
1733548603, 8, 34, 74, 11, 0, 0.06%, 9, 0, 7, 389.25
1733548664, 8, 36, 74, 10, 0, 0.06%, 9, 0, 7, 240.70
1733549042, 8, 66, 74, 9, 0, 0.06%, 9, 0, 7, 269.18
1733549047, 9, 10, 74, 9, 0, 0.06%, 9, 0, 7, 254.93
1733549052, 9, 11, 74, 9, 0, 0.06%, 9, 0, 7, 252.22
1733549057, 9, 13, 74, 9, 0, 0.06%, 9, 0, 7, 243.73
1733549062, 9, 15, 74, 9, 0, 0.06%, 9, 0, 7, 242.15
1733549068, 9, 23, 74, 9, 0, 0.06%, 9, 0, 7, 255.13
1733549073, 9, 24, 74, 9, 0, 0.06%, 9, 0, 7, 252.61
1733549083, 9, 27, 74, 9, 0, 0.06%, 9, 0, 7, 258.25
1733549088, 9, 58, 74, 9, 0, 0.06%, 9, 0, 7, 325.32
1733549139, 10, 11, 74, 8, 0, 0.06%, 9, 0, 7, 245.12
1733549144, 10, 13, 74, 8, 0, 0.06%, 9, 0, 7, 247.26
1733549149, 10, 14, 74, 8, 0, 0.06%, 9, 0, 7, 235.90
1733549154, 10, 16, 74, 8, 0, 0.06%, 9, 0, 7, 235.51
1733549159, 10, 17, 74, 8, 0, 0.06%, 9, 0, 7, 265.89
1733549185, 10, 24, 74, 7, 0, 0.06%, 9, 0, 7, 253.28
1733549190, 10, 27, 74, 7, 0, 0.06%, 9, 0, 7, 242.17
1733549195, 10, 53, 74, 7, 0, 0.06%, 9, 0, 7, 308.77
1733549246, 10, 72, 74, 6, 0, 0.06%, 9, 0, 7, 262.15
1733549424, 10, 73, 74, 5, 0, 0.06%, 9, 0, 7, 286.27
1733549434, 11, 10, 74, 5, 0, 0.06%, 9, 0, 7, 277.53
1733549439, 11, 12, 74, 5, 0, 0.06%, 9, 0, 7, 243.21
1733549444, 11, 14, 74, 5, 0, 0.06%, 9, 0, 7, 247.95
1733549450, 11, 15, 74, 5, 0, 0.06%, 9, 0, 7, 240.88
1733549455, 11, 24, 74, 5, 0, 0.06%, 9, 0, 7, 232.11
1733549460, 11, 27, 74, 5, 0, 0.06%, 9, 0, 7, 258.21
1733549465, 11, 37, 74, 5, 0, 0.06%, 9, 0, 7, 259.80
1733549470, 11, 51, 74, 5, 0, 0.06%, 9, 0, 7, 251.54
1733549480, 12, 11, 74, 5, 0, 0.06%, 9, 0, 7, 257.01
1733549485, 12, 13, 74, 5, 0, 0.06%, 9, 0, 7, 252.94
1733549490, 12, 14, 74, 5, 0, 0.06%, 9, 0, 7, 244.41
1733549495, 12, 16, 74, 5, 0, 0.06%, 9, 0, 7, 244.04
1733549500, 12, 23, 74, 5, 0, 0.06%, 9, 0, 7, 273.62
1733549505, 12, 24, 74, 5, 0, 0.06%, 9, 0, 7, 235.39
1733549510, 12, 25, 74, 5, 0, 0.06%, 9, 0, 7, 371.76
1733549571, 12, 27, 74, 4, 0, 0.06%, 9, 0, 7, 256.82
1733549576, 12, 34, 74, 4, 0, 0.06%, 9, 0, 7, 247.13
1733549581, 12, 51, 74, 4, 0, 0.06%, 9, 0, 7, 266.97
1733549586, 12, 52, 74, 4, 0, 0.06%, 9, 0, 7, 317.42
1733549713, 12, 59, 74, 3, 0, 0.06%, 9, 0, 7, 279.07
1733549719, 12, 68, 74, 3, 0, 0.06%, 9, 0, 7, 301.72
1733549820, 12, 70, 74, 2, 0, 0.06%, 9, 0, 7, 327.61
1733549968, 12, 72, 74, 1, 0, 0.06%, 9, 0, 7, 295.24
1733549978, 13, 10, 74, 1, 0, 0.06%, 9, 0, 7, 259.00
1733549983, 13, 12, 74, 1, 0, 0.06%, 9, 0, 7, 247.02
1733549989, 13, 13, 74, 1, 0, 0.06%, 9, 0, 7, 245.98
1733549994, 13, 15, 74, 1, 0, 0.06%, 9, 0, 7, 248.24
1733549999, 13, 17, 74, 1, 0, 0.06%, 9, 0, 7, 253.03
1733550004, 13, 24, 74, 1, 0, 0.06%, 9, 0, 7, 239.21
1733550009, 13, 27, 74, 1, 0, 0.06%, 9, 0, 7, 243.46
1733550014, 13, 35, 74, 1, 0, 0.06%, 9, 0, 7, 261.64
1733550019, 13, 43, 74, 1, 0, 0.06%, 9, 0, 7, 265.60
1733550024, 13, 48, 74, 1, 0, 0.06%, 9, 0, 7, 280.98
1733550161, 13, 67, 74, 0, 0, 0.06%, 9, 0, 7, 267.22
1733550166, 14, 11, 74, 0, 0, 0.06%, 9, 0, 7, 250.50
1733550171, 14, 13, 74, 0, 0, 0.06%, 9, 0, 7, 248.75
1733550176, 14, 15, 74, 0, 0, 0.06%, 9, 0, 7, 249.45
1733550182, 14, 16, 74, 0, 0, 0.06%, 9, 0, 7, 250.52
1733550187, 14, 24, 74, 0, 0, 0.06%, 9, 0, 7, 250.08
1733550192, 14, 27, 74, 0, 0, 0.06%, 9, 0, 7, 246.27
1733550197, 14, 51, 74, 0, 0, 0.06%, 9, 0, 7, 274.83
1733550202, 15, 10, 74, 0, 0, 0.06%, 9, 0, 7, 243.02
1733550207, 15, 11, 74, 0, 0, 0.06%, 9, 0, 7, 244.11
1733550212, 15, 13, 74, 0, 0, 0.06%, 9, 0, 7, 246.64
1733550217, 15, 15, 74, 0, 0, 0.06%, 9, 0, 7, 240.81
1733550222, 15, 24, 74, 0, 0, 0.06%, 9, 0, 7, 245.49
1733550233, 15, 27, 74, 0, 0, 0.06%, 9, 0, 7, 267.16
1733550238, 15, 52, 74, 0, 0, 0.06%, 9, 0, 7, 264.75
1733550243, 15, 56, 74, 0, 0, 0.06%, 9, 0, 7, 270.54
1733550248, 15, 59, 74, 0, 0, 0.06%, 9, 0, 7, 265.63
1733550253, 15, 66, 74, 0, 0, 0.06%, 9, 0, 7, 270.04
1733550258, 16, 10, 74, 0, 0, 0.06%, 9, 0, 7, 245.59
1733550263, 16, 12, 74, 0, 0, 0.06%, 9, 0, 7, 243.62
1733550268, 16, 14, 74, 0, 0, 0.06%, 9, 0, 7, 251.94
1733550273, 16, 16, 74, 0, 0, 0.06%, 9, 0, 7, 251.80
1733550278, 16, 21, 74, 0, 0, 0.06%, 9, 0, 7, 244.36
1733550283, 16, 23, 74, 0, 0, 0.06%, 9, 0, 7, 277.40
1733550289, 16, 24, 74, 0, 0, 0.06%, 9, 0, 7, 259.97
1733550294, 16, 27, 74, 0, 0, 0.06%, 9, 0, 7, 252.22
1733550299, 16, 50, 74, 0, 0, 0.06%, 9, 0, 7, 258.48
1733550304, 17, 10, 74, 0, 0, 0.06%, 9, 0, 7, 245.77
1733550309, 17, 11, 74, 0, 0, 0.06%, 9, 0, 7, 256.92
1733550314, 17, 13, 74, 0, 0, 0.06%, 9, 0, 7, 246.72
1733550319, 17, 15, 74, 0, 0, 0.06%, 9, 0, 7, 253.53
1733550324, 17, 18, 74, 0, 0, 0.06%, 9, 0, 7, 244.58
1733550329, 17, 24, 74, 0, 0, 0.06%, 9, 0, 7, 243.06
1733550339, 17, 27, 74, 0, 0, 0.06%, 9, 0, 7, 241.70
1733550345, 17, 34, 74, 0, 0, 0.06%, 9, 0, 7, 249.91
1733550350, 17, 57, 75, 1, 0, 0.06%, 9, 0, 7, 253.84
1733550355, 17, 69, 75, 1, 0, 0.06%, 9, 0, 7, 265.07
1733550360, 18, 10, 75, 1, 0, 0.06%, 9, 0, 7, 271.39
1733550365, 18, 11, 75, 1, 0, 0.06%, 9, 0, 7, 237.59
1733550370, 18, 13, 75, 1, 0, 0.06%, 9, 0, 7, 255.18
1733550375, 18, 15, 75, 1, 0, 0.06%, 9, 0, 7, 242.35
1733550380, 18, 20, 75, 1, 0, 0.06%, 9, 0, 7, 256.35
1733550385, 18, 24, 75, 1, 0, 0.06%, 9, 0, 7, 246.19
1733550390, 18, 27, 75, 1, 0, 0.06%, 9, 0, 7, 263.70
1733550400, 18, 62, 75, 1, 0, 0.06%, 9, 0, 7, 259.73
1733550406, 19, 11, 75, 1, 0, 0.06%, 9, 0, 7, 255.43
1733550411, 19, 13, 75, 1, 0, 0.06%, 9, 0, 7, 253.00
1733550416, 19, 15, 75, 1, 0, 0.06%, 9, 0, 7, 249.07
1733550421, 19, 16, 75, 1, 0, 0.06%, 9, 0, 7, 247.80
1733550426, 19, 24, 75, 1, 0, 0.06%, 9, 0, 7, 240.40
1733550431, 19, 27, 75, 1, 0, 0.06%, 9, 0, 7, 230.64
1733550436, 19, 38, 75, 1, 0, 0.06%, 9, 0, 7, 257.97
1733550441, 19, 49, 75, 1, 0, 0.06%, 9, 0, 7, 252.29
1733550446, 19, 63, 75, 1, 0, 0.06%, 9, 0, 7, 265.24
1733550451, 19, 68, 75, 1, 0, 0.06%, 9, 0, 7, 278.37
1733550456, 19, 69, 75, 1, 0, 0.06%, 9, 0, 7, 282.25
1733550461, 19, 71, 75, 1, 0, 0.06%, 9, 0, 7, 294.85
1733550472, 19, 72, 75, 1, 0, 0.06%, 9, 0, 7, 290.78
1733550477, 20, 4, 75, 1, 0, 0.06%, 9, 0, 7, 262.18
1733550482, 20, 11, 75, 1, 0, 0.06%, 9, 0, 7, 227.86
1733550487, 20, 12, 75, 1, 0, 0.06%, 9, 0, 7, 210.26
1733550492, 20, 14, 75, 1, 0, 0.06%, 9, 0, 7, 215.38
1733550497, 20, 15, 75, 1, 0, 0.06%, 9, 0, 7, 211.41
1733550502, 20, 24, 75, 1, 0, 0.06%, 9, 0, 7, 225.39
1733550507, 20, 27, 75, 1, 0, 0.06%, 9, 0, 7, 242.56
1733550512, 20, 29, 75, 1, 0, 0.06%, 9, 0, 7, 259.51
1733550522, 20, 62, 75, 1, 0, 0.06%, 9, 0, 7, 249.74
1733550527, 20, 65, 75, 1, 0, 0.06%, 9, 0, 7, 259.60
1733550532, 21, 11, 75, 1, 0, 0.06%, 9, 0, 7, 247.60
1733550537, 21, 12, 75, 1, 0, 0.06%, 9, 0, 7, 253.71
1733550542, 21, 15, 75, 1, 0, 0.06%, 9, 0, 7, 244.26
1733550547, 21, 16, 75, 1, 0, 0.06%, 9, 0, 7, 233.59
1733550553, 21, 24, 75, 1, 0, 0.06%, 9, 0, 7, 246.92
1733550558, 21, 27, 75, 1, 0, 0.06%, 9, 0, 7, 249.74
1733550563, 21, 47, 75, 1, 0, 0.06%, 9, 0, 7, 254.80
1733550568, 21, 58, 75, 1, 0, 0.06%, 9, 0, 7, 256.54
1733550573, 21, 64, 75, 1, 0, 0.06%, 9, 0, 7, 262.07
1733550578, 22, 10, 75, 1, 0, 0.06%, 9, 0, 7, 259.63
1733550583, 22, 11, 75, 1, 0, 0.06%, 9, 0, 7, 257.42
1733550588, 22, 13, 75, 1, 0, 0.06%, 9, 0, 7, 244.44
1733550593, 22, 15, 75, 1, 0, 0.06%, 9, 0, 7, 235.41
1733550598, 22, 20, 75, 1, 0, 0.06%, 9, 0, 7, 244.15
1733550608, 22, 22, 75, 1, 0, 0.06%, 9, 0, 7, 247.39
1733550613, 22, 24, 75, 1, 0, 0.06%, 9, 0, 7, 249.64
1733550618, 22, 27, 75, 1, 0, 0.06%, 9, 0, 7, 250.55
1733550623, 22, 31, 75, 1, 0, 0.06%, 9, 0, 7, 250.89
1733550628, 22, 40, 75, 1, 0, 0.06%, 9, 0, 7, 249.59
1733550634, 22, 45, 75, 1, 0, 0.06%, 9, 0, 7, 262.02
1733550639, 22, 58, 75, 1, 0, 0.06%, 9, 0, 7, 251.61
1733550644, 22, 74, 75, 1, 0, 0.06%, 9, 0, 7, 252.88
1733550649, 22, 74, 76, 2, 0, 0.06%, 9, 0, 7, 371.45
1733550761, 23, 10, 76, 1, 0, 0.06%, 9, 0, 7, 245.43
1733550766, 23, 12, 76, 1, 0, 0.06%, 9, 0, 7, 240.93
1733550771, 23, 14, 76, 1, 0, 0.06%, 9, 0, 7, 237.63
1733550776, 23, 16, 76, 1, 0, 0.06%, 9, 0, 7, 246.13
1733550781, 23, 24, 76, 1, 0, 0.06%, 9, 0, 7, 253.24
1733550786, 23, 27, 76, 1, 0, 0.06%, 9, 0, 7, 240.35
1733550791, 23, 40, 76, 1, 0, 0.06%, 9, 0, 7, 262.94
1733550796, 23, 48, 76, 1, 0, 0.06%, 9, 0, 7, 256.67
1733550801, 23, 50, 76, 1, 0, 0.06%, 9, 0, 7, 259.76
1733550812, 23, 59, 76, 1, 0, 0.06%, 9, 0, 7, 275.30
1733550817, 23, 70, 76, 1, 0, 0.06%, 9, 0, 7, 282.61
1733550827, 24, 11, 76, 1, 0, 0.06%, 9, 0, 7, 237.36
1733550832, 24, 13, 76, 1, 0, 0.06%, 9, 0, 7, 260.19
1733550837, 24, 15, 76, 1, 0, 0.06%, 9, 0, 7, 246.55
1733550842, 24, 16, 76, 1, 0, 0.06%, 9, 0, 7, 246.42
1733550847, 24, 24, 76, 1, 0, 0.06%, 9, 0, 7, 250.84
1733550852, 24, 27, 76, 1, 0, 0.06%, 9, 0, 7, 244.44
1733550857, 24, 46, 76, 1, 0, 0.06%, 9, 0, 7, 255.82
1733550862, 24, 47, 76, 1, 0, 0.06%, 9, 0, 7, 255.39
1733550867, 24, 75, 76, 1, 0, 0.06%, 9, 0, 7, 359.93
1733550980, 25, 5, 76, 0, 0, 0.06%, 9, 0, 7, 248.68
1733550985, 25, 11, 76, 0, 0, 0.06%, 9, 0, 7, 238.15
1733550990, 25, 13, 76, 0, 0, 0.06%, 9, 0, 7, 251.59
1733550995, 25, 15, 76, 0, 0, 0.06%, 9, 0, 7, 252.04
1733551000, 25, 24, 76, 0, 0, 0.06%, 9, 0, 7, 254.42
1733551010, 25, 25, 76, 0, 0, 0.06%, 9, 0, 7, 252.09
1733551015, 25, 27, 76, 0, 0, 0.06%, 9, 0, 7, 252.58
1733551020, 26, 11, 76, 0, 0, 0.06%, 9, 0, 7, 245.41
1733551026, 26, 13, 76, 0, 0, 0.06%, 9, 0, 7, 250.03
1733551031, 26, 15, 76, 0, 0, 0.06%, 9, 0, 7, 243.54
1733551036, 26, 19, 76, 0, 0, 0.06%, 9, 0, 7, 251.99
1733551046, 26, 24, 76, 0, 0, 0.06%, 9, 0, 7, 251.01
1733551051, 26, 27, 76, 0, 0, 0.06%, 9, 0, 7, 247.62
1733551056, 26, 44, 76, 0, 0, 0.06%, 9, 0, 7, 259.29
1733551061, 26, 64, 76, 0, 0, 0.06%, 9, 0, 7, 267.92
1733551066, 27, 10, 76, 0, 0, 0.06%, 9, 0, 7, 268.74
1733551071, 27, 12, 76, 0, 0, 0.06%, 9, 0, 7, 252.86
1733551076, 27, 14, 76, 0, 0, 0.06%, 9, 0, 7, 246.52
1733551081, 27, 16, 76, 0, 0, 0.06%, 9, 0, 7, 240.33
1733551086, 27, 18, 76, 0, 0, 0.06%, 9, 0, 7, 240.58
1733551097, 27, 24, 76, 0, 0, 0.06%, 9, 0, 7, 276.41
1733551102, 27, 27, 76, 0, 0, 0.06%, 9, 0, 7, 228.93
1733551107, 27, 36, 76, 0, 0, 0.06%, 9, 0, 7, 283.24
1733551112, 27, 61, 76, 0, 0, 0.06%, 9, 0, 7, 271.95
1733551117, 27, 71, 76, 0, 0, 0.06%, 9, 0, 7, 282.20
1733551122, 28, 11, 76, 0, 0, 0.06%, 9, 0, 7, 258.98
1733551127, 28, 12, 76, 0, 0, 0.06%, 9, 0, 7, 250.06
1733551132, 28, 14, 76, 0, 0, 0.06%, 9, 0, 7, 245.95
1733551137, 28, 16, 76, 0, 0, 0.06%, 9, 0, 7, 245.23
1733551142, 28, 24, 76, 0, 0, 0.06%, 9, 0, 7, 242.94
1733551147, 28, 27, 76, 0, 0, 0.06%, 9, 0, 7, 248.07
1733551153, 28, 74, 76, 0, 0, 0.06%, 9, 0, 7, 281.47
1733551173, 29, 10, 76, 0, 0, 0.06%, 9, 0, 7, 248.76
1733551178, 29, 11, 76, 0, 0, 0.06%, 9, 0, 7, 246.19
1733551183, 29, 13, 76, 0, 0, 0.06%, 9, 0, 7, 238.79
1733551188, 29, 15, 76, 0, 0, 0.06%, 9, 0, 7, 233.99
1733551193, 29, 24, 76, 0, 0, 0.06%, 9, 0, 7, 240.70
1733551204, 29, 27, 76, 0, 0, 0.06%, 9, 0, 7, 263.88
1733551209, 30, 11, 76, 0, 0, 0.06%, 9, 0, 7, 240.77
1733551214, 30, 13, 76, 0, 0, 0.06%, 9, 0, 7, 237.08
1733551219, 30, 15, 76, 0, 0, 0.06%, 9, 0, 7, 237.15
1733551224, 30, 24, 76, 0, 0, 0.06%, 9, 0, 7, 250.81
1733551234, 30, 27, 76, 0, 0, 0.06%, 9, 0, 7, 252.07
1733551240, 30, 54, 76, 0, 0, 0.06%, 9, 0, 7, 265.06
1733551245, 31, 11, 76, 0, 0, 0.06%, 9, 0, 7, 245.00
1733551250, 31, 13, 76, 0, 0, 0.06%, 9, 0, 7, 237.42
1733551255, 31, 15, 76, 0, 0, 0.06%, 9, 0, 7, 252.05
1733551260, 31, 16, 76, 0, 0, 0.06%, 9, 0, 7, 255.26
1733551265, 31, 20, 76, 0, 0, 0.06%, 9, 0, 7, 236.43
1733551270, 31, 24, 76, 0, 0, 0.06%, 9, 0, 7, 260.00
1733551275, 31, 25, 76, 0, 0, 0.06%, 9, 0, 7, 259.94
1733551280, 31, 27, 76, 0, 0, 0.06%, 9, 0, 7, 241.79
1733551285, 31, 38, 76, 0, 0, 0.06%, 9, 0, 7, 269.80
1733551291, 31, 53, 76, 0, 0, 0.06%, 9, 0, 7, 267.40
1733551296, 31, 70, 76, 0, 0, 0.06%, 9, 0, 7, 277.46
1733551301, 32, 10, 76, 0, 0, 0.06%, 9, 0, 7, 253.22
1733551306, 32, 11, 76, 0, 0, 0.06%, 9, 0, 7, 260.19
1733551311, 32, 13, 76, 0, 0, 0.06%, 9, 0, 7, 246.90
1733551316, 32, 15, 76, 0, 0, 0.06%, 9, 0, 7, 247.53
1733551321, 32, 23, 76, 0, 0, 0.06%, 9, 0, 7, 266.07
1733551326, 32, 24, 76, 0, 0, 0.06%, 9, 0, 7, 250.82
1733551331, 32, 27, 76, 0, 0, 0.06%, 9, 0, 7, 245.01
1733551341, 32, 45, 76, 0, 0, 0.06%, 9, 0, 7, 249.34
1733551346, 32, 46, 76, 0, 0, 0.06%, 9, 0, 7, 261.28
1733551351, 32, 54, 76, 0, 0, 0.06%, 9, 0, 7, 253.04
1733551357, 32, 67, 76, 0, 0, 0.06%, 9, 0, 7, 270.57
1733551362, 33, 10, 76, 0, 0, 0.06%, 9, 0, 7, 251.41
1733551367, 33, 12, 76, 0, 0, 0.06%, 9, 0, 7, 247.63
1733551372, 33, 14, 76, 0, 0, 0.06%, 9, 0, 7, 248.77
1733551377, 33, 16, 76, 0, 0, 0.06%, 9, 0, 7, 248.43
1733551382, 33, 24, 76, 0, 0, 0.06%, 9, 0, 7, 246.56
1733551387, 33, 27, 76, 0, 0, 0.06%, 9, 0, 7, 243.00
1733551392, 34, 9, 76, 0, 0, 0.06%, 9, 0, 7, 253.98
1733551397, 34, 11, 76, 0, 0, 0.06%, 9, 0, 7, 239.71
1733551402, 34, 13, 76, 0, 0, 0.06%, 9, 0, 7, 248.43
1733551407, 34, 14, 76, 0, 0, 0.06%, 9, 0, 7, 252.97
1733551413, 34, 16, 76, 0, 0, 0.06%, 9, 0, 7, 255.20
1733551418, 34, 24, 76, 0, 0, 0.06%, 9, 0, 7, 246.15
1733551423, 34, 27, 76, 0, 0, 0.06%, 9, 0, 7, 269.00
1733551428, 35, 10, 76, 0, 0, 0.06%, 9, 0, 7, 237.61
1733551433, 35, 12, 76, 0, 0, 0.06%, 9, 0, 7, 239.82
1733551438, 35, 14, 76, 0, 0, 0.06%, 9, 0, 7, 247.63
1733551443, 35, 16, 76, 0, 0, 0.06%, 9, 0, 7, 246.24
1733551448, 35, 21, 76, 0, 0, 0.06%, 9, 0, 7, 247.10
1733551453, 35, 24, 76, 0, 0, 0.06%, 9, 0, 7, 240.74
1733551459, 35, 27, 76, 0, 0, 0.06%, 9, 0, 7, 241.69
1733551464, 35, 35, 76, 0, 0, 0.06%, 9, 0, 7, 256.21
1733551469, 35, 59, 76, 0, 0, 0.06%, 9, 0, 7, 257.20
1733551474, 35, 64, 76, 0, 0, 0.06%, 9, 0, 7, 261.62
1733551484, 36, 11, 76, 0, 0, 0.06%, 9, 0, 7, 243.59
1733551489, 36, 12, 76, 0, 0, 0.06%, 9, 0, 7, 248.99
1733551494, 36, 14, 76, 0, 0, 0.06%, 9, 0, 7, 257.66
1733551499, 36, 16, 76, 0, 0, 0.06%, 9, 0, 7, 251.26
1733551504, 36, 23, 76, 0, 0, 0.06%, 9, 0, 7, 250.70
1733551509, 36, 24, 76, 0, 0, 0.06%, 9, 0, 7, 251.26
1733551514, 36, 27, 76, 0, 0, 0.06%, 9, 0, 7, 245.12
1733551519, 37, 10, 76, 0, 0, 0.06%, 9, 0, 7, 255.35
1733551524, 37, 12, 76, 0, 0, 0.06%, 9, 0, 7, 255.76
1733551530, 37, 13, 76, 0, 0, 0.06%, 9, 0, 7, 250.36
1733551535, 37, 15, 76, 0, 0, 0.06%, 9, 0, 7, 249.83
1733551540, 37, 24, 76, 0, 0, 0.06%, 9, 0, 7, 240.99
1733551545, 37, 27, 76, 0, 0, 0.06%, 9, 0, 7, 255.52
1733551550, 38, 10, 76, 0, 0, 0.06%, 9, 0, 7, 250.51
1733551555, 38, 11, 76, 0, 0, 0.06%, 9, 0, 7, 257.51
1733551560, 38, 13, 76, 0, 0, 0.06%, 9, 0, 7, 252.89
1733551565, 38, 15, 76, 0, 0, 0.06%, 9, 0, 7, 241.30
1733551570, 38, 24, 76, 0, 0, 0.06%, 9, 0, 7, 243.14
1733551580, 38, 27, 76, 0, 0, 0.06%, 9, 0, 7, 249.56
1733551585, 38, 29, 76, 0, 0, 0.06%, 9, 0, 7, 272.50
1733551591, 38, 50, 76, 0, 0, 0.06%, 9, 0, 7, 269.34
1733551596, 38, 56, 76, 0, 0, 0.06%, 9, 0, 7, 252.07
1733551601, 38, 57, 76, 0, 0, 0.06%, 9, 0, 7, 257.66
1733551606, 39, 11, 76, 0, 0, 0.06%, 9, 0, 7, 250.53
1733551611, 39, 12, 76, 0, 0, 0.06%, 9, 0, 7, 251.02
1733551616, 39, 14, 76, 0, 0, 0.06%, 9, 0, 7, 249.37
1733551621, 39, 16, 76, 0, 0, 0.06%, 9, 0, 7, 243.94
1733551626, 39, 24, 76, 0, 0, 0.06%, 9, 0, 7, 242.41
1733551631, 39, 27, 76, 0, 0, 0.06%, 9, 0, 7, 247.89
1733551636, 39, 28, 76, 0, 0, 0.06%, 9, 0, 7, 272.99
1733551641, 39, 43, 76, 0, 0, 0.06%, 9, 0, 7, 263.92
1733551646, 39, 49, 76, 0, 0, 0.06%, 9, 0, 7, 259.95
1733551652, 39, 74, 76, 0, 0, 0.06%, 9, 0, 7, 272.44
1733551677, 40, 11, 76, 0, 0, 0.06%, 9, 0, 7, 240.98
1733551682, 40, 13, 76, 0, 0, 0.06%, 9, 0, 7, 248.60
1733551687, 40, 15, 76, 0, 0, 0.06%, 9, 0, 7, 239.19
1733551692, 40, 16, 76, 0, 0, 0.06%, 9, 0, 7, 238.50
1733551697, 40, 23, 76, 0, 0, 0.06%, 9, 0, 7, 253.75
1733551702, 40, 24, 76, 0, 0, 0.06%, 9, 0, 7, 254.49
1733551707, 40, 27, 76, 0, 0, 0.06%, 9, 0, 7, 249.46
1733551713, 40, 30, 76, 0, 0, 0.06%, 9, 0, 7, 242.43
1733551718, 40, 49, 76, 0, 0, 0.06%, 9, 0, 7, 253.41
1733551723, 40, 59, 76, 0, 0, 0.06%, 9, 0, 7, 259.45
1733551728, 40, 63, 76, 0, 0, 0.06%, 9, 0, 7, 278.69
1733551733, 40, 70, 76, 0, 0, 0.06%, 9, 0, 7, 276.64
1733551738, 40, 73, 76, 0, 0, 0.06%, 9, 0, 7, 265.02
1733551748, 41, 10, 76, 0, 0, 0.06%, 9, 0, 7, 252.69
1733551753, 41, 11, 76, 0, 0, 0.06%, 9, 0, 7, 251.06
1733551758, 41, 13, 76, 0, 0, 0.06%, 9, 0, 7, 240.83
1733551763, 41, 15, 76, 0, 0, 0.06%, 9, 0, 7, 244.75
1733551768, 41, 21, 76, 0, 0, 0.06%, 9, 0, 7, 256.09
1733551773, 41, 24, 76, 0, 0, 0.06%, 9, 0, 7, 237.17
1733551784, 41, 25, 76, 0, 0, 0.06%, 9, 0, 7, 261.12
1733551789, 41, 27, 76, 0, 0, 0.06%, 9, 0, 7, 267.53
1733551794, 41, 56, 76, 0, 0, 0.06%, 9, 0, 7, 263.92
1733551799, 42, 11, 76, 0, 0, 0.06%, 9, 0, 7, 257.90
1733551804, 42, 12, 76, 0, 0, 0.06%, 9, 0, 7, 246.28
1733551809, 42, 14, 76, 0, 0, 0.06%, 9, 0, 7, 234.83
1733551814, 42, 16, 76, 0, 0, 0.06%, 9, 0, 7, 235.33
1733551819, 42, 24, 76, 0, 0, 0.06%, 9, 0, 7, 254.33
1733551824, 42, 27, 76, 0, 0, 0.06%, 9, 0, 7, 246.18
1733551829, 42, 44, 76, 0, 0, 0.06%, 9, 0, 7, 255.09
1733551834, 43, 10, 76, 0, 0, 0.06%, 9, 0, 7, 245.06
1733551839, 43, 12, 76, 0, 0, 0.06%, 9, 0, 7, 246.74
1733551845, 43, 14, 76, 0, 0, 0.06%, 9, 0, 7, 238.80
1733551850, 43, 16, 76, 0, 0, 0.06%, 9, 0, 7, 244.56
1733551855, 43, 24, 76, 0, 0, 0.06%, 9, 0, 7, 232.07
1733551860, 43, 27, 76, 0, 0, 0.06%, 9, 0, 7, 245.74
1733551865, 43, 29, 76, 0, 0, 0.06%, 9, 0, 7, 272.82
1733551870, 43, 51, 76, 0, 0, 0.06%, 9, 0, 7, 292.19
1733551875, 43, 71, 76, 0, 0, 0.06%, 9, 0, 7, 308.10
1733551880, 44, 10, 76, 0, 0, 0.06%, 9, 0, 7, 267.88
1733551885, 44, 12, 76, 0, 0, 0.06%, 9, 0, 7, 255.62
1733551891, 44, 13, 76, 0, 0, 0.06%, 9, 0, 7, 252.05
1733551896, 44, 15, 76, 0, 0, 0.06%, 9, 0, 7, 244.53
1733551901, 44, 20, 76, 0, 0, 0.06%, 9, 0, 7, 241.29
1733551906, 44, 24, 76, 0, 0, 0.06%, 9, 0, 7, 240.36
1733551911, 44, 25, 76, 0, 0, 0.06%, 9, 0, 7, 247.55
1733551921, 44, 27, 76, 0, 0, 0.06%, 9, 0, 7, 254.46
1733551926, 44, 37, 76, 0, 0, 0.06%, 9, 0, 7, 246.83
1733551931, 44, 58, 76, 0, 0, 0.06%, 9, 0, 7, 258.39
1733551936, 44, 74, 76, 0, 0, 0.06%, 9, 0, 7, 275.37
1733551957, 45, 10, 76, 0, 0, 0.06%, 9, 0, 7, 255.00
1733551962, 45, 12, 76, 0, 0, 0.06%, 9, 0, 7, 259.02
1733551967, 45, 14, 76, 0, 0, 0.06%, 9, 0, 7, 248.73
1733551972, 45, 16, 76, 0, 0, 0.06%, 9, 0, 7, 242.25
1733551977, 45, 24, 76, 0, 0, 0.06%, 9, 0, 7, 238.71
1733551982, 45, 27, 76, 0, 0, 0.06%, 9, 0, 7, 238.97
1733551987, 45, 34, 76, 0, 0, 0.06%, 9, 0, 7, 256.93
1733551992, 45, 55, 76, 0, 0, 0.06%, 9, 0, 7, 267.31
1733551997, 45, 56, 76, 0, 0, 0.06%, 9, 0, 7, 277.46
1733552002, 46, 10, 76, 0, 0, 0.06%, 9, 0, 7, 259.07
1733552008, 46, 12, 76, 0, 0, 0.06%, 9, 0, 7, 253.93
1733552013, 46, 13, 76, 0, 0, 0.06%, 9, 0, 7, 254.11
1733552018, 46, 15, 76, 0, 0, 0.06%, 9, 0, 7, 238.68
1733552023, 46, 24, 76, 0, 0, 0.06%, 9, 0, 7, 236.02
1733552033, 46, 25, 76, 0, 0, 0.06%, 9, 0, 7, 255.83
1733552038, 46, 27, 76, 0, 0, 0.06%, 9, 0, 7, 244.67
1733552043, 46, 49, 76, 0, 0, 0.06%, 9, 0, 7, 254.88
1733552049, 46, 50, 76, 0, 0, 0.06%, 9, 0, 7, 256.14
1733552054, 46, 53, 76, 0, 0, 0.06%, 9, 0, 7, 273.73
1733552059, 46, 61, 76, 0, 0, 0.06%, 9, 0, 7, 263.17
1733552064, 47, 11, 76, 0, 0, 0.06%, 9, 0, 7, 262.27
1733552069, 47, 12, 76, 0, 0, 0.06%, 9, 0, 7, 254.69
1733552074, 47, 14, 76, 0, 0, 0.06%, 9, 0, 7, 248.30
1733552079, 47, 16, 76, 0, 0, 0.06%, 9, 0, 7, 239.85
1733552084, 47, 24, 76, 0, 0, 0.06%, 9, 0, 7, 253.36
1733552089, 47, 27, 76, 0, 0, 0.06%, 9, 0, 7, 236.95
1733552094, 48, 10, 76, 0, 0, 0.06%, 9, 0, 7, 246.01
1733552099, 48, 12, 76, 0, 0, 0.06%, 9, 0, 7, 241.72
1733552104, 48, 14, 76, 0, 0, 0.06%, 9, 0, 7, 248.63
1733552109, 48, 15, 76, 0, 0, 0.06%, 9, 0, 7, 247.47
1733552115, 48, 24, 76, 0, 0, 0.06%, 9, 0, 7, 236.85
1733552120, 48, 27, 76, 0, 0, 0.06%, 9, 0, 7, 245.78
1733552125, 48, 47, 76, 0, 0, 0.06%, 9, 0, 7, 255.22
1733552130, 48, 49, 76, 0, 0, 0.06%, 9, 0, 7, 247.10
1733552140, 48, 58, 76, 0, 0, 0.06%, 9, 0, 7, 250.00
1733552145, 48, 61, 76, 0, 0, 0.06%, 9, 0, 7, 264.10
1733552150, 48, 62, 76, 0, 0, 0.06%, 9, 0, 7, 261.34
1733552155, 49, 10, 76, 0, 0, 0.06%, 9, 0, 7, 259.04
1733552160, 49, 12, 76, 0, 0, 0.06%, 9, 0, 7, 242.18
1733552165, 49, 14, 76, 0, 0, 0.06%, 9, 0, 7, 244.94
1733552170, 49, 16, 76, 0, 0, 0.06%, 9, 0, 7, 237.28
1733552175, 49, 18, 76, 0, 0, 0.06%, 9, 0, 7, 253.69
1733552181, 49, 24, 76, 0, 0, 0.06%, 9, 0, 7, 243.81
1733552186, 49, 27, 76, 0, 0, 0.06%, 9, 0, 7, 236.51
1733552191, 49, 43, 76, 0, 0, 0.06%, 9, 0, 7, 257.05
1733552196, 49, 67, 76, 0, 0, 0.06%, 9, 0, 7, 249.52
1733552201, 50, 5, 76, 0, 0, 0.06%, 9, 0, 7, 260.87
1733552206, 50, 11, 76, 0, 0, 0.06%, 9, 0, 7, 244.81
1733552211, 50, 13, 76, 0, 0, 0.06%, 9, 0, 7, 246.45
1733552216, 50, 15, 76, 0, 0, 0.06%, 9, 0, 7, 241.99
1733552221, 50, 16, 76, 0, 0, 0.06%, 9, 0, 7, 248.46
1733552227, 50, 24, 76, 0, 0, 0.06%, 9, 0, 7, 252.54
1733552232, 50, 27, 76, 0, 0, 0.06%, 9, 0, 7, 257.09
1733552237, 50, 30, 76, 0, 0, 0.06%, 9, 0, 7, 259.58
1733552242, 50, 32, 76, 0, 0, 0.06%, 9, 0, 7, 274.54
1733552247, 50, 72, 76, 0, 0, 0.06%, 9, 0, 7, 288.48
1733552252, 50, 73, 76, 0, 0, 0.06%, 9, 0, 7, 294.94
1733552262, 51, 11, 76, 0, 0, 0.06%, 9, 0, 7, 261.12
1733552267, 51, 13, 76, 0, 0, 0.06%, 9, 0, 7, 249.38
1733552272, 51, 14, 76, 0, 0, 0.06%, 9, 0, 7, 239.33
1733552277, 51, 16, 76, 0, 0, 0.06%, 9, 0, 7, 249.41
1733552282, 51, 24, 76, 0, 0, 0.06%, 9, 0, 7, 238.95
1733552287, 51, 26, 76, 0, 0, 0.06%, 9, 0, 7, 249.68
1733552292, 51, 27, 76, 0, 0, 0.06%, 9, 0, 7, 235.85
1733552297, 51, 34, 76, 0, 0, 0.06%, 9, 0, 7, 250.78
1733552303, 51, 37, 76, 0, 0, 0.06%, 9, 0, 7, 249.11
1733552308, 51, 75, 76, 0, 0, 0.06%, 9, 0, 7, 248.55
1733552333, 52, 10, 76, 0, 0, 0.06%, 9, 0, 7, 256.90
1733552338, 52, 12, 76, 0, 0, 0.06%, 9, 0, 7, 248.67
1733552343, 52, 14, 76, 0, 0, 0.06%, 9, 0, 7, 244.93
1733552348, 52, 16, 76, 0, 0, 0.06%, 9, 0, 7, 239.18
1733552354, 52, 19, 76, 0, 0, 0.06%, 9, 0, 7, 248.94
1733552359, 52, 24, 76, 0, 0, 0.06%, 9, 0, 7, 237.28
1733552364, 52, 27, 76, 0, 0, 0.06%, 9, 0, 7, 249.63
1733552369, 52, 53, 76, 0, 0, 0.06%, 9, 0, 7, 265.96
1733552374, 52, 60, 76, 0, 0, 0.06%, 9, 0, 7, 269.93
1733552379, 52, 66, 76, 0, 0, 0.06%, 9, 0, 7, 272.60
1733552384, 53, 7, 76, 0, 0, 0.06%, 9, 0, 7, 270.66
1733552389, 53, 11, 76, 0, 0, 0.06%, 9, 0, 7, 247.43
1733552394, 53, 13, 76, 0, 0, 0.06%, 9, 0, 7, 244.05
1733552399, 53, 15, 76, 0, 0, 0.06%, 9, 0, 7, 243.84
1733552405, 53, 16, 76, 0, 0, 0.06%, 9, 0, 7, 252.73
1733552410, 53, 24, 76, 0, 0, 0.06%, 9, 0, 7, 249.82
1733552415, 53, 27, 76, 0, 0, 0.06%, 9, 0, 7, 246.79
1733552420, 53, 65, 76, 0, 0, 0.06%, 9, 0, 7, 262.01
1733552425, 54, 10, 76, 0, 0, 0.06%, 9, 0, 7, 246.65
1733552430, 54, 12, 76, 0, 0, 0.06%, 9, 0, 7, 243.90
1733552435, 54, 14, 76, 0, 0, 0.06%, 9, 0, 7, 248.38
1733552440, 54, 16, 76, 0, 0, 0.06%, 9, 0, 7, 241.10
1733552445, 54, 24, 76, 0, 0, 0.06%, 9, 0, 7, 251.38
1733552450, 54, 27, 76, 0, 0, 0.06%, 9, 0, 7, 239.45
1733552455, 54, 35, 76, 0, 0, 0.06%, 9, 0, 7, 268.08
1733552460, 55, 10, 76, 0, 0, 0.06%, 9, 0, 7, 253.63
1733552465, 55, 12, 76, 0, 0, 0.06%, 9, 0, 7, 250.46
1733552471, 55, 14, 76, 0, 0, 0.06%, 9, 0, 7, 242.92
1733552476, 55, 16, 76, 0, 0, 0.06%, 9, 0, 7, 251.12
1733552481, 55, 24, 76, 0, 0, 0.06%, 9, 0, 7, 252.96
1733552491, 55, 27, 76, 0, 0, 0.06%, 9, 0, 7, 252.52
1733552496, 55, 60, 76, 0, 0, 0.06%, 9, 0, 7, 272.80
1733552501, 56, 11, 76, 0, 0, 0.06%, 9, 0, 7, 250.46
1733552506, 56, 13, 76, 0, 0, 0.06%, 9, 0, 7, 252.60
1733552511, 56, 15, 76, 0, 0, 0.06%, 9, 0, 7, 247.23
1733552517, 56, 16, 76, 0, 0, 0.06%, 9, 0, 7, 246.66
1733552522, 56, 24, 76, 0, 0, 0.06%, 9, 0, 7, 259.55
1733552527, 56, 27, 76, 0, 0, 0.06%, 9, 0, 7, 250.57
1733552532, 56, 40, 76, 0, 0, 0.06%, 9, 0, 7, 251.46
1733552537, 57, 10, 76, 0, 0, 0.06%, 9, 0, 7, 260.31
1733552542, 57, 12, 76, 0, 0, 0.06%, 9, 0, 7, 249.67
1733552547, 57, 14, 76, 0, 0, 0.06%, 9, 0, 7, 247.85
1733552552, 57, 16, 76, 0, 0, 0.06%, 9, 0, 7, 243.28
1733552557, 57, 24, 76, 0, 0, 0.06%, 9, 0, 7, 251.82
1733552562, 57, 25, 76, 0, 0, 0.06%, 9, 0, 7, 244.24
1733552567, 57, 27, 76, 0, 0, 0.06%, 9, 0, 7, 239.78
1733552572, 57, 52, 76, 0, 0, 0.06%, 9, 0, 7, 269.98
1733552577, 57, 58, 76, 0, 0, 0.06%, 9, 0, 7, 254.19
1733552582, 57, 64, 76, 0, 0, 0.06%, 9, 0, 7, 274.92
1733552587, 58, 8, 76, 0, 0, 0.06%, 9, 0, 7, 261.37
1733552592, 58, 11, 76, 0, 0, 0.06%, 9, 0, 7, 242.02
1733552597, 58, 13, 76, 0, 0, 0.06%, 9, 0, 7, 250.12
1733552602, 58, 15, 76, 0, 0, 0.06%, 9, 0, 7, 242.81
1733552608, 58, 16, 76, 0, 0, 0.06%, 9, 0, 7, 238.53
1733552613, 58, 18, 76, 0, 0, 0.06%, 9, 0, 7, 254.48
1733552618, 58, 24, 76, 0, 0, 0.06%, 9, 0, 7, 250.76
1733552623, 58, 27, 76, 0, 0, 0.06%, 9, 0, 7, 238.64
1733552628, 58, 56, 76, 0, 0, 0.06%, 9, 0, 7, 259.80
1733552633, 58, 65, 76, 0, 0, 0.06%, 9, 0, 7, 271.82
1733552638, 59, 5, 76, 0, 0, 0.06%, 9, 0, 7, 263.13
1733552643, 59, 11, 76, 0, 0, 0.06%, 9, 0, 7, 247.48
1733552648, 59, 13, 76, 0, 0, 0.06%, 9, 0, 7, 240.74
1733552653, 59, 15, 76, 0, 0, 0.06%, 9, 0, 7, 237.96
1733552659, 59, 24, 76, 0, 0, 0.06%, 9, 0, 7, 246.62
1733552669, 59, 27, 76, 0, 0, 0.06%, 9, 0, 7, 260.89
1733552674, 59, 42, 76, 0, 0, 0.06%, 9, 0, 7, 256.47
1733552679, 59, 47, 76, 0, 0, 0.06%, 9, 0, 7, 273.41
1733552684, 59, 70, 76, 0, 0, 0.06%, 9, 0, 7, 255.96
1733552689, 60, 11, 76, 0, 0, 0.06%, 9, 0, 7, 249.35
1733552694, 60, 12, 76, 0, 0, 0.06%, 9, 0, 7, 251.39
1733552699, 60, 14, 76, 0, 0, 0.06%, 9, 0, 7, 252.65
1733552704, 60, 16, 76, 0, 0, 0.06%, 9, 0, 7, 250.76
1733552709, 60, 22, 76, 0, 0, 0.06%, 9, 0, 7, 248.95
1733552715, 60, 24, 76, 0, 0, 0.06%, 9, 0, 7, 251.36
1733552720, 60, 27, 76, 0, 0, 0.06%, 9, 0, 7, 237.65
1733552725, 60, 46, 76, 0, 0, 0.06%, 9, 0, 7, 280.98
1733552730, 60, 48, 76, 0, 0, 0.06%, 9, 0, 7, 284.51
1733552735, 60, 69, 76, 0, 0, 0.06%, 9, 0, 7, 270.48
1733552740, 61, 4, 76, 0, 0, 0.06%, 9, 0, 7, 260.23
1733552745, 61, 11, 76, 0, 0, 0.06%, 9, 0, 7, 250.52
1733552750, 61, 13, 76, 0, 0, 0.06%, 9, 0, 7, 245.85
1733552755, 61, 15, 76, 0, 0, 0.06%, 9, 0, 7, 240.39
1733552761, 61, 24, 76, 0, 0, 0.06%, 9, 0, 7, 243.10
1733552771, 61, 27, 76, 0, 0, 0.06%, 9, 0, 7, 260.95
1733552776, 61, 30, 76, 0, 0, 0.06%, 9, 0, 7, 260.42
1733552781, 61, 42, 76, 0, 0, 0.06%, 9, 0, 7, 263.06
1733552786, 61, 52, 76, 0, 0, 0.06%, 9, 0, 7, 258.35
1733552791, 61, 54, 76, 0, 0, 0.06%, 9, 0, 7, 264.64
1733552796, 61, 68, 76, 0, 0, 0.06%, 9, 0, 7, 269.94
1733552801, 61, 69, 76, 0, 0, 0.06%, 9, 0, 7, 284.76
1733552806, 62, 10, 76, 0, 0, 0.06%, 9, 0, 7, 254.61
1733552811, 62, 12, 76, 0, 0, 0.06%, 9, 0, 7, 254.25
1733552816, 62, 14, 76, 0, 0, 0.06%, 9, 0, 7, 253.71
1733552821, 62, 16, 76, 0, 0, 0.06%, 9, 0, 7, 243.64
1733552826, 62, 24, 76, 0, 0, 0.06%, 9, 0, 7, 246.68
1733552831, 62, 27, 76, 0, 0, 0.06%, 9, 0, 7, 242.80
1733552837, 62, 32, 76, 0, 0, 0.06%, 9, 0, 7, 270.04
1733552842, 62, 35, 76, 0, 0, 0.06%, 9, 0, 7, 282.16
1733552847, 63, 10, 76, 0, 0, 0.06%, 9, 0, 7, 258.12
1733552852, 63, 12, 76, 0, 0, 0.06%, 9, 0, 7, 246.15
1733552857, 63, 14, 76, 0, 0, 0.06%, 9, 0, 7, 246.92
1733552862, 63, 15, 76, 0, 0, 0.06%, 9, 0, 7, 255.07
1733552867, 63, 24, 76, 0, 0, 0.06%, 9, 0, 7, 237.58
1733552872, 63, 27, 76, 0, 0, 0.06%, 9, 0, 7, 253.82
1733552877, 63, 49, 76, 0, 0, 0.06%, 9, 0, 7, 251.01
1733552882, 63, 52, 76, 0, 0, 0.06%, 9, 0, 7, 249.48
1733552892, 63, 53, 76, 0, 0, 0.06%, 9, 0, 7, 253.20
1733552897, 64, 11, 76, 0, 0, 0.06%, 9, 0, 7, 242.46
1733552902, 64, 13, 76, 0, 0, 0.06%, 9, 0, 7, 246.89
1733552907, 64, 15, 76, 0, 0, 0.06%, 9, 0, 7, 245.69
1733552913, 64, 16, 76, 0, 0, 0.06%, 9, 0, 7, 244.69
1733552918, 64, 24, 76, 0, 0, 0.06%, 9, 0, 7, 271.31
1733552923, 64, 27, 76, 0, 0, 0.06%, 9, 0, 7, 231.97
1733552928, 65, 10, 76, 0, 0, 0.06%, 9, 0, 7, 254.49
1733552933, 65, 12, 76, 0, 0, 0.06%, 9, 0, 7, 253.52
1733552938, 65, 14, 76, 0, 0, 0.06%, 9, 0, 7, 242.95
1733552943, 65, 16, 76, 0, 0, 0.06%, 9, 0, 7, 235.07
1733552948, 65, 24, 76, 0, 0, 0.06%, 9, 0, 7, 239.79
1733552953, 65, 27, 76, 0, 0, 0.06%, 9, 0, 7, 239.10
1733552958, 65, 34, 76, 0, 0, 0.06%, 9, 0, 7, 258.56
1733552963, 65, 42, 76, 0, 0, 0.06%, 9, 0, 7, 250.05
1733552974, 66, 11, 76, 0, 0, 0.06%, 9, 0, 7, 241.97
1733552979, 66, 13, 76, 0, 0, 0.06%, 9, 0, 7, 242.28
1733552984, 66, 14, 76, 0, 0, 0.06%, 9, 0, 7, 250.91
1733552989, 66, 16, 76, 0, 0, 0.06%, 9, 0, 7, 245.36
1733552994, 66, 24, 76, 0, 0, 0.06%, 9, 0, 7, 254.13
1733552999, 66, 27, 76, 0, 0, 0.06%, 9, 0, 7, 247.49
1733553004, 66, 62, 76, 0, 0, 0.06%, 9, 0, 7, 260.68
1733553009, 67, 10, 76, 0, 0, 0.06%, 9, 0, 7, 254.65
1733553014, 67, 12, 76, 0, 0, 0.06%, 9, 0, 7, 246.76
1733553019, 67, 14, 76, 0, 0, 0.06%, 9, 0, 7, 254.01
1733553025, 67, 15, 76, 0, 0, 0.06%, 9, 0, 7, 244.05
1733553030, 67, 24, 76, 0, 0, 0.06%, 9, 0, 7, 245.43
1733553035, 67, 27, 76, 0, 0, 0.06%, 9, 0, 7, 249.93
1733553040, 67, 30, 76, 0, 0, 0.06%, 9, 0, 7, 251.58
1733553050, 67, 53, 76, 0, 0, 0.06%, 9, 0, 7, 259.51
1733553055, 68, 11, 76, 0, 0, 0.06%, 9, 0, 7, 254.40
1733553060, 68, 13, 76, 0, 0, 0.06%, 9, 0, 7, 239.14
1733553065, 68, 15, 76, 0, 0, 0.06%, 9, 0, 7, 243.64
1733553071, 68, 16, 76, 0, 0, 0.06%, 9, 0, 7, 248.28
1733553076, 68, 18, 76, 0, 0, 0.06%, 9, 0, 7, 248.37
1733553081, 68, 24, 76, 0, 0, 0.06%, 9, 0, 7, 246.47
1733553086, 68, 27, 76, 0, 0, 0.06%, 9, 0, 7, 249.34
1733553091, 68, 73, 76, 0, 0, 0.06%, 9, 0, 7, 266.69
1733553096, 69, 10, 76, 0, 0, 0.06%, 9, 0, 7, 257.11
1733553101, 69, 12, 76, 0, 0, 0.06%, 9, 0, 7, 248.87
1733553106, 69, 14, 76, 0, 0, 0.06%, 9, 0, 7, 249.94
1733553111, 69, 16, 76, 0, 0, 0.06%, 9, 0, 7, 249.66
1733553116, 69, 24, 76, 0, 0, 0.06%, 9, 0, 7, 250.94
1733553121, 69, 27, 76, 0, 0, 0.06%, 9, 0, 7, 249.04
1733553126, 69, 56, 76, 0, 0, 0.06%, 9, 0, 7, 265.47
1733553131, 69, 57, 76, 0, 0, 0.06%, 9, 0, 7, 273.61
1733553136, 69, 59, 76, 0, 0, 0.06%, 9, 0, 7, 268.15
1733553142, 69, 64, 76, 0, 0, 0.06%, 9, 0, 7, 266.12
1733553152, 70, 11, 76, 0, 0, 0.06%, 9, 0, 7, 247.28
1733553157, 70, 13, 76, 0, 0, 0.06%, 9, 0, 7, 246.38
1733553162, 70, 15, 76, 0, 0, 0.06%, 9, 0, 7, 236.37
1733553167, 70, 24, 76, 0, 0, 0.06%, 9, 0, 7, 247.10
1733553178, 70, 27, 76, 0, 0, 0.06%, 9, 0, 7, 245.46
1733553183, 70, 39, 76, 0, 0, 0.06%, 9, 0, 7, 268.22
1733553188, 70, 52, 76, 0, 0, 0.06%, 9, 0, 7, 267.53
1733553193, 70, 53, 76, 0, 0, 0.06%, 9, 0, 7, 263.46
1733553198, 70, 64, 76, 0, 0, 0.06%, 9, 0, 7, 261.84
1733553203, 71, 10, 76, 0, 0, 0.06%, 9, 0, 7, 243.18
1733553208, 71, 12, 76, 0, 0, 0.06%, 9, 0, 7, 241.54
1733553213, 71, 14, 76, 0, 0, 0.06%, 9, 0, 7, 253.65
1733553218, 71, 16, 76, 0, 0, 0.06%, 9, 0, 7, 246.92
1733553223, 71, 24, 76, 0, 0, 0.06%, 9, 0, 7, 243.10
1733553228, 71, 27, 76, 0, 0, 0.06%, 9, 0, 7, 234.76
1733553234, 71, 70, 76, 0, 0, 0.06%, 9, 0, 7, 261.45
1733553239, 71, 73, 76, 0, 0, 0.06%, 9, 0, 7, 260.39
1733553249, 71, 74, 76, 0, 0, 0.06%, 9, 0, 7, 288.41
1733553259, 72, 11, 76, 0, 0, 0.06%, 9, 0, 7, 255.02
1733553264, 72, 13, 76, 0, 0, 0.06%, 9, 0, 7, 238.54
1733553269, 72, 15, 76, 0, 0, 0.06%, 9, 0, 7, 238.31
1733553274, 72, 16, 76, 0, 0, 0.06%, 9, 0, 7, 243.47
1733553280, 72, 24, 76, 0, 0, 0.06%, 9, 0, 7, 253.39
1733553285, 72, 27, 76, 0, 0, 0.06%, 9, 0, 7, 254.15
1733553290, 72, 43, 76, 0, 0, 0.06%, 9, 0, 7, 263.26
1733553295, 72, 62, 76, 0, 0, 0.06%, 9, 0, 7, 267.40
1733553300, 73, 10, 76, 0, 0, 0.06%, 9, 0, 7, 252.57
1733553305, 73, 12, 76, 0, 0, 0.06%, 9, 0, 7, 243.78
1733553311, 73, 14, 76, 0, 0, 0.06%, 9, 0, 7, 238.96
1733553316, 73, 15, 76, 0, 0, 0.06%, 9, 0, 7, 252.51
1733553321, 73, 24, 76, 0, 0, 0.06%, 9, 0, 7, 238.97
1733553326, 73, 27, 76, 0, 0, 0.06%, 9, 0, 7, 244.38
1733553336, 73, 44, 76, 0, 0, 0.06%, 9, 0, 7, 259.34
1733553341, 73, 54, 76, 0, 0, 0.06%, 9, 0, 7, 263.20
1733553346, 73, 59, 76, 0, 0, 0.06%, 9, 0, 7, 260.19
1733553351, 73, 66, 76, 0, 0, 0.06%, 9, 0, 7, 271.06
1733553356, 74, 11, 76, 0, 0, 0.06%, 9, 0, 7, 259.53
1733553361, 74, 12, 76, 0, 0, 0.06%, 9, 0, 7, 254.71
1733553366, 74, 14, 76, 0, 0, 0.06%, 9, 0, 7, 248.89
1733553371, 74, 16, 76, 0, 0, 0.06%, 9, 0, 7, 244.27
1733553376, 74, 24, 76, 0, 0, 0.06%, 9, 0, 7, 255.20
1733553381, 74, 27, 76, 0, 0, 0.06%, 9, 0, 7, 258.28
1733553386, 74, 48, 76, 0, 0, 0.06%, 9, 0, 7, 273.96
1733553391, 74, 54, 76, 0, 0, 0.06%, 9, 0, 7, 261.54
1733553397, 74, 55, 76, 0, 0, 0.06%, 9, 0, 7, 257.76
1733553402, 74, 69, 76, 0, 0, 0.06%, 9, 0, 7, 285.88
1733553407, 75, 10, 76, 0, 0, 0.06%, 9, 0, 7, 251.94
1733553412, 75, 11, 76, 0, 0, 0.06%, 9, 0, 7, 245.81
1733553417, 75, 13, 76, 0, 0, 0.06%, 9, 0, 7, 239.37
1733553422, 75, 15, 76, 0, 0, 0.06%, 9, 0, 7, 243.89
1733553427, 75, 24, 76, 0, 0, 0.06%, 9, 0, 7, 252.08
1733553432, 75, 27, 76, 0, 0, 0.06%, 9, 0, 7, 254.34
1733553442, 75, 58, 76, 0, 0, 0.06%, 9, 0, 7, 260.21
1733553447, 75, 62, 76, 0, 0, 0.06%, 9, 0, 7, 254.20
1733553452, 75, 72, 76, 0, 0, 0.06%, 9, 0, 7, 290.47
1733553457, 76, 10, 76, 0, 0, 0.06%, 9, 0, 7, 263.66
1733553463, 76, 12, 76, 0, 0, 0.06%, 9, 0, 7, 242.29
1733553468, 76, 14, 76, 0, 0, 0.06%, 9, 0, 7, 237.62
1733553473, 76, 16, 76, 0, 0, 0.06%, 9, 0, 7, 244.04
1733553478, 76, 24, 76, 0, 0, 0.06%, 9, 0, 7, 255.67
1733553483, 76, 27, 76, 0, 0, 0.06%, 9, 0, 7, 248.80
1733553488, 77, 10, 76, 0, 0, 0.06%, 9, 0, 7, 259.33
1733553493, 77, 12, 76, 0, 0, 0.06%, 9, 0, 7, 250.97
1733553498, 77, 14, 76, 0, 0, 0.06%, 9, 0, 7, 237.63
1733553503, 77, 16, 76, 0, 0, 0.06%, 9, 0, 7, 241.07
1733553508, 77, 24, 76, 0, 0, 0.06%, 9, 0, 7, 242.85
1733553514, 77, 26, 76, 0, 0, 0.06%, 9, 0, 7, 254.60
1733553519, 77, 27, 76, 0, 0, 0.06%, 9, 0, 7, 258.20
1733553524, 77, 29, 76, 0, 0, 0.06%, 9, 0, 7, 270.01
1733553529, 77, 38, 76, 0, 0, 0.06%, 9, 0, 7, 255.94
1733553534, 77, 54, 76, 0, 0, 0.06%, 9, 0, 7, 258.76
1733553544, 77, 59, 76, 0, 0, 0.06%, 9, 0, 7, 246.44
1733553549, 77, 74, 76, 0, 0, 0.06%, 9, 0, 7, 263.59
1733553554, 78, 11, 76, 0, 0, 0.06%, 9, 0, 7, 244.89
1733553559, 78, 12, 76, 0, 0, 0.06%, 9, 0, 7, 252.40
1733553564, 78, 14, 76, 0, 0, 0.06%, 9, 0, 7, 239.29
1733553569, 78, 16, 76, 0, 0, 0.06%, 9, 0, 7, 253.60
1733553574, 78, 24, 76, 0, 0, 0.06%, 9, 0, 7, 260.99
1733553580, 78, 27, 76, 0, 0, 0.06%, 9, 0, 7, 266.81
1733553585, 78, 44, 76, 0, 0, 0.06%, 9, 0, 7, 251.90
1733553590, 78, 57, 76, 0, 0, 0.06%, 9, 0, 7, 264.08
1733553595, 79, 10, 76, 0, 0, 0.06%, 9, 0, 7, 252.57
1733553600, 79, 12, 76, 0, 0, 0.06%, 9, 0, 7, 242.13
1733553605, 79, 14, 76, 0, 0, 0.06%, 9, 0, 7, 249.24
1733553610, 79, 16, 76, 0, 0, 0.06%, 9, 0, 7, 257.09
1733553615, 79, 24, 76, 0, 0, 0.06%, 9, 0, 7, 241.34
1733553620, 79, 27, 76, 0, 0, 0.06%, 9, 0, 7, 236.85
1733553625, 79, 59, 76, 0, 0, 0.06%, 9, 0, 7, 255.42
1733553630, 80, 10, 76, 0, 0, 0.06%, 9, 0, 7, 264.62
1733553635, 80, 12, 76, 0, 0, 0.06%, 9, 0, 7, 256.39
1733553640, 80, 13, 76, 0, 0, 0.06%, 9, 0, 7, 247.58
1733553646, 80, 15, 76, 0, 0, 0.06%, 9, 0, 7, 236.43
1733553651, 80, 24, 76, 0, 0, 0.06%, 9, 0, 7, 241.36
1733553656, 80, 27, 76, 0, 0, 0.06%, 9, 0, 7, 253.45
1733553661, 80, 42, 76, 0, 0, 0.06%, 9, 0, 7, 258.84
1733553671, 80, 59, 76, 0, 0, 0.06%, 9, 0, 7, 257.41
1733553676, 80, 65, 76, 0, 0, 0.06%, 9, 0, 7, 267.20
1733553681, 81, 10, 76, 0, 0, 0.06%, 9, 0, 7, 265.85
1733553686, 81, 12, 76, 0, 0, 0.06%, 9, 0, 7, 249.98
1733553691, 81, 14, 76, 0, 0, 0.06%, 9, 0, 7, 243.66
1733553696, 81, 16, 76, 0, 0, 0.06%, 9, 0, 7, 247.13
1733553701, 81, 24, 76, 0, 0, 0.06%, 9, 0, 7, 248.86
1733553707, 81, 27, 76, 0, 0, 0.06%, 9, 0, 7, 249.71
1733553712, 81, 49, 76, 0, 0, 0.06%, 9, 0, 7, 265.57
1733553717, 82, 10, 76, 0, 0, 0.06%, 9, 0, 7, 250.39
1733553722, 82, 12, 76, 0, 0, 0.06%, 9, 0, 7, 245.96
1733553727, 82, 13, 76, 0, 0, 0.06%, 9, 0, 7, 242.14
1733553732, 82, 15, 76, 0, 0, 0.06%, 9, 0, 7, 248.29
1733553737, 82, 22, 76, 0, 0, 0.06%, 9, 0, 7, 243.06
1733553742, 82, 23, 76, 0, 0, 0.06%, 9, 0, 7, 274.66
1733553747, 82, 24, 76, 0, 0, 0.06%, 9, 0, 7, 245.59
1733553752, 82, 27, 76, 0, 0, 0.06%, 9, 0, 7, 262.97
1733553757, 82, 57, 76, 0, 0, 0.06%, 9, 0, 7, 266.27
1733553768, 82, 72, 76, 0, 0, 0.06%, 9, 0, 7, 286.42
1733553773, 82, 74, 76, 0, 0, 0.06%, 9, 0, 7, 274.94
1733553778, 83, 11, 76, 0, 0, 0.06%, 9, 0, 7, 258.62
1733553783, 83, 13, 76, 0, 0, 0.06%, 9, 0, 7, 245.30
1733553788, 83, 15, 76, 0, 0, 0.06%, 9, 0, 7, 230.47
1733553793, 83, 16, 76, 0, 0, 0.06%, 9, 0, 7, 245.89
1733553798, 83, 19, 76, 0, 0, 0.06%, 9, 0, 7, 243.43
1733553804, 83, 24, 76, 0, 0, 0.06%, 9, 0, 7, 250.77
1733553809, 83, 27, 76, 0, 0, 0.06%, 9, 0, 7, 254.39
1733553814, 83, 49, 76, 0, 0, 0.06%, 9, 0, 7, 265.29
1733553819, 83, 54, 76, 0, 0, 0.06%, 9, 0, 7, 268.64
1733553824, 84, 10, 76, 0, 0, 0.06%, 9, 0, 7, 257.13
1733553829, 84, 12, 76, 0, 0, 0.06%, 9, 0, 7, 252.57
1733553834, 84, 14, 76, 0, 0, 0.06%, 9, 0, 7, 251.27
1733553839, 84, 16, 76, 0, 0, 0.06%, 9, 0, 7, 241.56
1733553844, 84, 24, 76, 0, 0, 0.06%, 9, 0, 7, 238.80
1733553849, 84, 27, 76, 0, 0, 0.06%, 9, 0, 7, 242.97
1733553854, 84, 75, 76, 0, 0, 0.06%, 9, 0, 7, 268.68
1733553880, 85, 11, 76, 0, 0, 0.06%, 9, 0, 7, 262.96
1733553885, 85, 13, 76, 0, 0, 0.06%, 9, 0, 7, 251.59
1733553890, 85, 15, 76, 0, 0, 0.06%, 9, 0, 7, 247.00
1733553895, 85, 21, 76, 0, 0, 0.06%, 9, 0, 7, 244.28
1733553905, 85, 24, 76, 0, 0, 0.06%, 9, 0, 7, 241.43
1733553910, 85, 27, 76, 0, 0, 0.06%, 9, 0, 7, 235.26
1733553915, 86, 11, 76, 0, 0, 0.06%, 9, 0, 7, 252.06
1733553920, 86, 12, 76, 0, 0, 0.06%, 9, 0, 7, 245.13
1733553926, 86, 14, 76, 0, 0, 0.06%, 9, 0, 7, 246.14
1733553931, 86, 16, 76, 0, 0, 0.06%, 9, 0, 7, 248.66
1733553936, 86, 24, 76, 0, 0, 0.06%, 9, 0, 7, 261.61
1733553941, 86, 27, 76, 0, 0, 0.06%, 9, 0, 7, 237.91
1733553946, 86, 40, 76, 0, 0, 0.06%, 9, 0, 7, 258.78
1733553951, 86, 46, 76, 0, 0, 0.06%, 9, 0, 7, 277.27
1733553956, 87, 10, 76, 0, 0, 0.06%, 9, 0, 7, 250.99
1733553961, 87, 12, 76, 0, 0, 0.06%, 9, 0, 7, 249.76
1733553966, 87, 14, 76, 0, 0, 0.06%, 9, 0, 7, 256.68
1733553972, 87, 16, 76, 0, 0, 0.06%, 9, 0, 7, 248.06
1733553977, 87, 24, 76, 0, 0, 0.06%, 9, 0, 7, 239.16
1733553982, 87, 25, 76, 0, 0, 0.06%, 9, 0, 7, 263.89
1733553987, 87, 27, 76, 0, 0, 0.06%, 9, 0, 7, 246.78
1733553992, 87, 43, 76, 0, 0, 0.06%, 9, 0, 7, 268.36
1733553997, 87, 48, 76, 0, 0, 0.06%, 9, 0, 7, 267.94
1733554002, 87, 72, 76, 0, 0, 0.06%, 9, 0, 7, 295.28
1733554007, 88, 6, 76, 0, 0, 0.06%, 9, 0, 7, 268.00
1733554012, 88, 11, 76, 0, 0, 0.06%, 9, 0, 7, 248.10
1733554018, 88, 13, 76, 0, 0, 0.06%, 9, 0, 7, 246.65
1733554023, 88, 15, 76, 0, 0, 0.06%, 9, 0, 7, 242.19
1733554028, 88, 16, 76, 0, 0, 0.06%, 9, 0, 7, 239.97
1733554033, 88, 24, 76, 0, 0, 0.06%, 9, 0, 7, 258.86
1733554038, 88, 27, 76, 0, 0, 0.06%, 9, 0, 7, 225.64
1733554043, 88, 39, 76, 0, 0, 0.06%, 9, 0, 7, 276.64
1733554048, 89, 11, 76, 0, 0, 0.06%, 9, 0, 7, 258.55
1733554053, 89, 12, 76, 0, 0, 0.06%, 9, 0, 7, 249.04
1733554058, 89, 14, 76, 0, 0, 0.06%, 9, 0, 7, 254.22
1733554063, 89, 16, 76, 0, 0, 0.06%, 9, 0, 7, 243.48
1733554069, 89, 24, 76, 0, 0, 0.06%, 9, 0, 7, 261.75
1733554074, 89, 27, 76, 0, 0, 0.06%, 9, 0, 7, 236.85
1733554079, 89, 29, 76, 0, 0, 0.06%, 9, 0, 7, 266.25
1733554084, 89, 46, 76, 0, 0, 0.06%, 9, 0, 7, 280.48
1733554089, 89, 57, 76, 0, 0, 0.06%, 9, 0, 7, 261.69
1733554094, 89, 60, 76, 0, 0, 0.06%, 9, 0, 7, 262.85
1733554099, 89, 69, 76, 0, 0, 0.06%, 9, 0, 7, 279.58
1733554104, 90, 4, 76, 0, 0, 0.06%, 9, 0, 7, 259.40
1733554109, 90, 11, 76, 0, 0, 0.06%, 9, 0, 7, 249.75
1733554115, 90, 13, 76, 0, 0, 0.06%, 9, 0, 7, 244.38
1733554120, 90, 15, 76, 0, 0, 0.06%, 9, 0, 7, 246.63
1733554125, 90, 16, 76, 0, 0, 0.06%, 9, 0, 7, 254.82
1733554130, 90, 18, 76, 0, 0, 0.06%, 9, 0, 7, 256.45
1733554135, 90, 19, 76, 0, 0, 0.06%, 9, 0, 7, 255.29
1733554140, 90, 24, 76, 0, 0, 0.06%, 9, 0, 7, 244.41
1733554145, 90, 27, 76, 0, 0, 0.06%, 9, 0, 7, 246.21
1733554150, 91, 10, 76, 0, 0, 0.06%, 9, 0, 7, 251.83
1733554155, 91, 11, 76, 0, 0, 0.06%, 9, 0, 7, 246.90
1733554160, 91, 13, 76, 0, 0, 0.06%, 9, 0, 7, 245.91
1733554165, 91, 15, 76, 0, 0, 0.06%, 9, 0, 7, 246.96
1733554170, 91, 24, 76, 0, 0, 0.06%, 9, 0, 7, 250.80
1733554180, 91, 26, 76, 0, 0, 0.06%, 9, 0, 7, 251.11
1733554185, 91, 27, 76, 0, 0, 0.06%, 9, 0, 7, 244.16
1733554190, 92, 10, 76, 0, 0, 0.06%, 9, 0, 7, 256.95
1733554196, 92, 12, 76, 0, 0, 0.06%, 9, 0, 7, 249.24
1733554201, 92, 14, 76, 0, 0, 0.06%, 9, 0, 7, 246.09
1733554206, 92, 16, 76, 0, 0, 0.06%, 9, 0, 7, 237.87
1733554211, 92, 24, 76, 0, 0, 0.06%, 9, 0, 7, 253.80
1733554216, 92, 27, 76, 0, 0, 0.06%, 9, 0, 7, 262.14
1733554221, 92, 53, 76, 0, 0, 0.06%, 9, 0, 7, 252.25
1733554227, 92, 60, 76, 0, 0, 0.06%, 9, 0, 7, 270.40
1733554232, 92, 65, 76, 0, 0, 0.06%, 9, 0, 7, 291.82
1733554237, 92, 75, 76, 0, 0, 0.06%, 9, 0, 7, 300.55
1733554257, 93, 10, 76, 0, 0, 0.06%, 9, 0, 7, 241.48
1733554262, 93, 12, 76, 0, 0, 0.06%, 9, 0, 7, 259.29
1733554267, 93, 13, 76, 0, 0, 0.06%, 9, 0, 7, 240.11
1733554272, 93, 15, 76, 0, 0, 0.06%, 9, 0, 7, 249.57
1733554277, 93, 24, 76, 0, 0, 0.06%, 9, 0, 7, 249.60
1733554282, 93, 27, 76, 0, 0, 0.06%, 9, 0, 7, 255.65
1733554292, 93, 37, 76, 0, 0, 0.06%, 9, 0, 7, 237.37
1733554298, 93, 39, 76, 0, 0, 0.06%, 9, 0, 7, 250.01
1733554303, 93, 66, 76, 0, 0, 0.06%, 9, 0, 7, 268.96
1733554308, 93, 75, 76, 0, 0, 0.06%, 9, 0, 7, 296.91
1733554328, 94, 11, 76, 0, 0, 0.06%, 9, 0, 7, 254.33
1733554334, 94, 12, 76, 0, 0, 0.06%, 9, 0, 7, 251.59
1733554339, 94, 14, 76, 0, 0, 0.06%, 9, 0, 7, 252.68
1733554344, 94, 16, 76, 0, 0, 0.06%, 9, 0, 7, 253.14
1733554349, 94, 24, 76, 0, 0, 0.06%, 9, 0, 7, 239.74
1733554354, 94, 27, 76, 0, 0, 0.06%, 9, 0, 7, 239.36
1733554359, 94, 45, 76, 0, 0, 0.06%, 9, 0, 7, 256.65
1733554364, 94, 49, 76, 0, 0, 0.06%, 9, 0, 7, 258.30
1733554369, 94, 59, 76, 0, 0, 0.06%, 9, 0, 7, 260.83
1733554374, 95, 10, 76, 0, 0, 0.06%, 9, 0, 7, 257.51
1733554379, 95, 12, 76, 0, 0, 0.06%, 9, 0, 7, 253.65
1733554384, 95, 14, 76, 0, 0, 0.06%, 9, 0, 7, 251.35
1733554389, 95, 16, 76, 0, 0, 0.06%, 9, 0, 7, 249.99
1733554394, 95, 24, 76, 0, 0, 0.06%, 9, 0, 7, 254.46
1733554399, 95, 27, 76, 0, 0, 0.06%, 9, 0, 7, 261.71
1733554410, 95, 37, 76, 0, 0, 0.06%, 9, 0, 7, 247.19
1733554415, 95, 40, 76, 0, 0, 0.06%, 9, 0, 7, 245.12
1733554420, 96, 10, 76, 0, 0, 0.06%, 9, 0, 7, 245.93
1733554425, 96, 12, 76, 0, 0, 0.06%, 9, 0, 7, 254.96
1733554430, 96, 14, 76, 0, 0, 0.06%, 9, 0, 7, 251.16
1733554435, 96, 16, 76, 0, 0, 0.06%, 9, 0, 7, 258.71
1733554440, 96, 24, 76, 0, 0, 0.06%, 9, 0, 7, 245.84
1733554445, 96, 27, 76, 0, 0, 0.06%, 9, 0, 7, 235.46
1733554450, 96, 29, 76, 0, 0, 0.06%, 9, 0, 7, 260.23
1733554455, 97, 10, 76, 0, 0, 0.06%, 9, 0, 7, 254.89
1733554461, 97, 12, 76, 0, 0, 0.06%, 9, 0, 7, 256.04
1733554466, 97, 13, 76, 0, 0, 0.06%, 9, 0, 7, 253.89
1733554471, 97, 15, 76, 0, 0, 0.06%, 9, 0, 7, 235.42
1733554476, 97, 24, 76, 0, 0, 0.06%, 9, 0, 7, 246.47
1733554481, 97, 27, 76, 0, 0, 0.06%, 9, 0, 7, 258.24
1733554491, 97, 39, 76, 0, 0, 0.06%, 9, 0, 7, 258.19
1733554496, 97, 40, 76, 0, 0, 0.06%, 9, 0, 7, 256.95
1733554501, 98, 10, 76, 0, 0, 0.06%, 9, 0, 7, 249.86
1733554506, 98, 12, 76, 0, 0, 0.06%, 9, 0, 7, 244.06
1733554512, 98, 14, 76, 0, 0, 0.06%, 9, 0, 7, 241.66
1733554517, 98, 16, 76, 0, 0, 0.06%, 9, 0, 7, 239.45
1733554522, 98, 24, 76, 0, 0, 0.06%, 9, 0, 7, 243.54
1733554527, 98, 27, 76, 0, 0, 0.06%, 9, 0, 7, 244.05
1733554532, 98, 28, 76, 0, 0, 0.06%, 9, 0, 7, 280.63
1733554537, 98, 37, 76, 0, 0, 0.06%, 9, 0, 7, 262.00
1733554542, 98, 68, 76, 0, 0, 0.06%, 9, 0, 7, 283.65
1733554547, 99, 10, 76, 0, 0, 0.06%, 9, 0, 7, 270.01
1733554552, 99, 11, 76, 0, 0, 0.06%, 9, 0, 7, 245.23
1733554558, 99, 13, 76, 0, 0, 0.06%, 9, 0, 7, 255.29
1733554563, 99, 15, 76, 0, 0, 0.06%, 9, 0, 7, 248.20
1733554568, 99, 17, 76, 0, 0, 0.06%, 9, 0, 7, 254.84
1733554573, 99, 24, 76, 0, 0, 0.06%, 9, 0, 7, 243.03
1733554578, 99, 27, 76, 0, 0, 0.06%, 9, 0, 7, 254.97
1733554583, 99, 39, 76, 0, 0, 0.06%, 9, 0, 7, 273.38
1733554588, 99, 72, 76, 0, 0, 0.06%, 9, 0, 7, 287.03
1733554593, 100, 5, 76, 0, 0, 0.06%, 9, 0, 7, 256.62
1733554598, 100, 11, 76, 0, 0, 0.06%, 9, 0, 7, 257.03
1733554603, 100, 13, 76, 0, 0, 0.06%, 9, 0, 7, 243.11
1733554608, 100, 15, 76, 0, 0, 0.06%, 9, 0, 7, 248.06
1733554613, 100, 21, 76, 0, 0, 0.06%, 9, 0, 7, 261.30
1733554623, 100, 24, 76, 0, 0, 0.06%, 9, 0, 7, 250.62
1733554628, 100, 25, 76, 0, 0, 0.06%, 9, 0, 7, 260.49
1733554634, 100, 26, 76, 0, 0, 0.06%, 9, 0, 7, 251.07
1733554639, 100, 27, 76, 0, 0, 0.06%, 9, 0, 7, 238.09
1733554644, 100, 70, 76, 0, 0, 0.06%, 9, 0, 7, 266.41
1733554649, 101, 10, 76, 0, 0, 0.06%, 9, 0, 7, 245.07
1733554654, 101, 12, 76, 0, 0, 0.06%, 9, 0, 7, 246.56
1733554659, 101, 14, 76, 0, 0, 0.06%, 9, 0, 7, 237.35
1733554664, 101, 15, 76, 0, 0, 0.06%, 9, 0, 7, 249.91
1733554669, 101, 21, 76, 0, 0, 0.06%, 9, 0, 7, 247.40
1733554674, 101, 24, 76, 0, 0, 0.06%, 9, 0, 7, 249.74
1733554679, 101, 27, 76, 0, 0, 0.06%, 9, 0, 7, 258.30
1733554684, 101, 30, 76, 0, 0, 0.06%, 9, 0, 7, 266.84
1733554694, 102, 11, 76, 0, 0, 0.06%, 9, 0, 7, 251.62
1733554700, 102, 13, 76, 0, 0, 0.06%, 9, 0, 7, 237.95
1733554705, 102, 15, 76, 0, 0, 0.06%, 9, 0, 7, 238.88
1733554710, 102, 24, 76, 0, 0, 0.06%, 9, 0, 7, 252.46
1733554720, 102, 27, 76, 0, 0, 0.06%, 9, 0, 7, 265.98
1733554725, 102, 45, 76, 0, 0, 0.06%, 9, 0, 7, 254.24
1733554730, 102, 54, 76, 0, 0, 0.06%, 9, 0, 7, 253.27
1733554735, 103, 11, 76, 0, 0, 0.06%, 9, 0, 7, 256.49
1733554740, 103, 12, 76, 0, 0, 0.06%, 9, 0, 7, 246.20
1733554745, 103, 14, 76, 0, 0, 0.06%, 9, 0, 7, 248.05
1733554750, 103, 16, 76, 0, 0, 0.06%, 9, 0, 7, 237.84
1733554755, 103, 19, 76, 0, 0, 0.06%, 9, 0, 7, 240.87
1733554760, 103, 24, 76, 0, 0, 0.06%, 9, 0, 7, 247.51
1733554765, 103, 27, 76, 0, 0, 0.06%, 9, 0, 7, 241.04
1733554771, 103, 33, 76, 0, 0, 0.06%, 9, 0, 7, 253.66
1733554776, 103, 57, 76, 0, 0, 0.06%, 9, 0, 7, 246.68
1733554781, 104, 10, 76, 0, 0, 0.06%, 9, 0, 7, 262.34
1733554786, 104, 11, 76, 0, 0, 0.06%, 9, 0, 7, 244.02
1733554791, 104, 13, 76, 0, 0, 0.06%, 9, 0, 7, 240.76
1733554796, 104, 15, 76, 0, 0, 0.06%, 9, 0, 7, 250.64
1733554801, 104, 24, 76, 0, 0, 0.06%, 9, 0, 7, 257.69
1733554806, 104, 27, 76, 0, 0, 0.06%, 9, 0, 7, 255.07
1733554816, 104, 57, 76, 0, 0, 0.06%, 9, 0, 7, 263.68
1733554821, 104, 60, 76, 0, 0, 0.06%, 9, 0, 7, 258.34
1733554826, 104, 70, 76, 0, 0, 0.06%, 9, 0, 7, 265.42
1733554831, 105, 10, 76, 0, 0, 0.06%, 9, 0, 7, 243.70
1733554836, 105, 12, 76, 0, 0, 0.06%, 9, 0, 7, 233.19
1733554841, 105, 14, 76, 0, 0, 0.06%, 9, 0, 7, 246.40
1733554847, 105, 16, 76, 0, 0, 0.06%, 9, 0, 7, 248.80
1733554852, 105, 24, 76, 0, 0, 0.06%, 9, 0, 7, 241.39
1733554857, 105, 25, 76, 0, 0, 0.06%, 9, 0, 7, 261.81
1733554862, 105, 27, 76, 0, 0, 0.06%, 9, 0, 7, 255.76
1733554867, 105, 35, 76, 0, 0, 0.06%, 9, 0, 7, 265.13
1733554872, 105, 38, 76, 0, 0, 0.06%, 9, 0, 7, 271.11
1733554877, 105, 64, 76, 0, 0, 0.06%, 9, 0, 7, 269.85
1733554887, 105, 74, 76, 0, 0, 0.06%, 9, 0, 7, 258.49
1733554892, 106, 11, 76, 0, 0, 0.06%, 9, 0, 7, 258.09
1733554897, 106, 13, 76, 0, 0, 0.06%, 9, 0, 7, 249.73
1733554902, 106, 15, 76, 0, 0, 0.06%, 9, 0, 7, 235.73
1733554907, 106, 24, 76, 0, 0, 0.06%, 9, 0, 7, 240.38
1733554917, 106, 27, 76, 0, 0, 0.06%, 9, 0, 7, 236.67
1733554922, 106, 69, 76, 0, 0, 0.06%, 9, 0, 7, 268.91
1733554927, 106, 74, 76, 0, 0, 0.06%, 9, 0, 7, 269.07
1733554932, 107, 11, 76, 0, 0, 0.06%, 9, 0, 7, 257.73
1733554938, 107, 12, 76, 0, 0, 0.06%, 9, 0, 7, 257.23
1733554943, 107, 14, 76, 0, 0, 0.06%, 9, 0, 7, 253.15
1733554948, 107, 16, 76, 0, 0, 0.06%, 9, 0, 7, 257.21
1733554953, 107, 24, 76, 0, 0, 0.06%, 9, 0, 7, 249.32
1733554958, 107, 27, 76, 0, 0, 0.06%, 9, 0, 7, 246.32
1733554963, 108, 10, 76, 0, 0, 0.06%, 9, 0, 7, 249.96
1733554968, 108, 12, 76, 0, 0, 0.06%, 9, 0, 7, 244.46
1733554973, 108, 13, 76, 0, 0, 0.06%, 9, 0, 7, 249.14
1733554978, 108, 15, 76, 0, 0, 0.06%, 9, 0, 7, 259.42
1733554983, 108, 17, 76, 0, 0, 0.06%, 9, 0, 7, 259.25
1733554988, 108, 24, 76, 0, 0, 0.06%, 9, 0, 7, 245.22
1733554993, 108, 27, 76, 0, 0, 0.06%, 9, 0, 7, 255.27
1733554998, 108, 28, 76, 0, 0, 0.06%, 9, 0, 7, 262.69
1733555003, 109, 10, 76, 0, 0, 0.06%, 9, 0, 7, 251.35
1733555009, 109, 12, 76, 0, 0, 0.06%, 9, 0, 7, 243.38
1733555014, 109, 14, 76, 0, 0, 0.06%, 9, 0, 7, 244.04
1733555019, 109, 15, 76, 0, 0, 0.06%, 9, 0, 7, 248.23
1733555024, 109, 24, 76, 0, 0, 0.06%, 9, 0, 7, 244.45
1733555029, 109, 27, 76, 0, 0, 0.06%, 9, 0, 7, 246.19
1733555034, 109, 34, 76, 0, 0, 0.06%, 9, 0, 7, 257.73
1733555039, 109, 42, 76, 0, 0, 0.06%, 9, 0, 7, 258.30
1733555049, 109, 49, 76, 0, 0, 0.06%, 9, 0, 7, 264.81
1733555054, 109, 52, 76, 0, 0, 0.06%, 9, 0, 7, 269.71
1733555059, 110, 11, 76, 0, 0, 0.06%, 9, 0, 7, 255.50
1733555064, 110, 13, 76, 0, 0, 0.06%, 9, 0, 7, 257.23
1733555069, 110, 14, 76, 0, 0, 0.06%, 9, 0, 7, 249.88
1733555075, 110, 16, 76, 0, 0, 0.06%, 9, 0, 7, 253.95
1733555080, 110, 24, 76, 0, 0, 0.06%, 9, 0, 7, 249.25
1733555085, 110, 27, 76, 0, 0, 0.06%, 9, 0, 7, 231.85
1733555090, 110, 30, 76, 0, 0, 0.06%, 9, 0, 7, 244.24
1733555095, 110, 59, 76, 0, 0, 0.06%, 9, 0, 7, 257.99
1733555100, 110, 68, 76, 0, 0, 0.06%, 9, 0, 7, 284.80
1733555105, 110, 73, 76, 0, 0, 0.06%, 9, 0, 7, 284.68
1733555110, 111, 10, 76, 0, 0, 0.06%, 9, 0, 7, 255.01
1733555115, 111, 11, 76, 0, 0, 0.06%, 9, 0, 7, 255.07
1733555120, 111, 13, 76, 0, 0, 0.06%, 9, 0, 7, 254.15
1733555125, 111, 15, 76, 0, 0, 0.06%, 9, 0, 7, 252.07
1733555131, 111, 17, 76, 0, 0, 0.06%, 9, 0, 7, 253.31
1733555136, 111, 23, 76, 0, 0, 0.06%, 9, 0, 7, 263.79
1733555141, 111, 24, 76, 0, 0, 0.06%, 9, 0, 7, 244.11
1733555146, 111, 27, 76, 0, 0, 0.06%, 9, 0, 7, 237.47
1733555151, 111, 51, 76, 0, 0, 0.06%, 9, 0, 7, 282.92
1733555156, 112, 10, 76, 0, 0, 0.06%, 9, 0, 7, 262.60
1733555161, 112, 12, 76, 0, 0, 0.06%, 9, 0, 7, 246.67
1733555166, 112, 14, 76, 0, 0, 0.06%, 9, 0, 7, 245.70
1733555171, 112, 15, 76, 0, 0, 0.06%, 9, 0, 7, 257.67
1733555177, 112, 24, 76, 0, 0, 0.06%, 9, 0, 7, 246.66
1733555182, 112, 27, 76, 0, 0, 0.06%, 9, 0, 7, 237.19
1733555187, 112, 38, 76, 0, 0, 0.06%, 9, 0, 7, 259.24
1733555192, 113, 10, 76, 0, 0, 0.06%, 9, 0, 7, 270.58
1733555197, 113, 12, 76, 0, 0, 0.06%, 9, 0, 7, 247.60
1733555202, 113, 13, 76, 0, 0, 0.06%, 9, 0, 7, 248.54
1733555207, 113, 15, 76, 0, 0, 0.06%, 9, 0, 7, 240.22
1733555212, 113, 24, 76, 0, 0, 0.06%, 9, 0, 7, 251.89
1733555217, 113, 27, 76, 0, 0, 0.06%, 9, 0, 7, 252.37
1733555223, 113, 30, 76, 0, 0, 0.06%, 9, 0, 7, 263.79
1733555233, 114, 11, 76, 0, 0, 0.06%, 9, 0, 7, 246.56
1733555238, 114, 13, 76, 0, 0, 0.06%, 9, 0, 7, 240.35
1733555243, 114, 15, 76, 0, 0, 0.06%, 9, 0, 7, 255.27
1733555248, 114, 24, 76, 0, 0, 0.06%, 9, 0, 7, 242.85
1733555253, 114, 27, 76, 0, 0, 0.06%, 9, 0, 7, 250.05
1733555264, 115, 6, 76, 0, 0, 0.06%, 9, 0, 7, 261.37
1733555269, 115, 11, 76, 0, 0, 0.06%, 9, 0, 7, 244.83
1733555274, 115, 13, 76, 0, 0, 0.06%, 9, 0, 7, 248.69
1733555279, 115, 15, 76, 0, 0, 0.06%, 9, 0, 7, 236.12
1733555284, 115, 24, 76, 0, 0, 0.06%, 9, 0, 7, 251.24
1733555294, 115, 27, 76, 0, 0, 0.06%, 9, 0, 7, 256.89
1733555299, 116, 10, 76, 0, 0, 0.06%, 9, 0, 7, 266.92
1733555304, 116, 12, 76, 0, 0, 0.06%, 9, 0, 7, 252.71
1733555309, 116, 14, 76, 0, 0, 0.06%, 9, 0, 7, 242.33
1733555314, 116, 16, 76, 0, 0, 0.06%, 9, 0, 7, 252.40
1733555319, 116, 20, 76, 0, 0, 0.06%, 9, 0, 7, 259.21
1733555324, 116, 24, 76, 0, 0, 0.06%, 9, 0, 7, 243.60
1733555329, 116, 27, 76, 0, 0, 0.06%, 9, 0, 7, 237.16
1733555334, 117, 10, 76, 0, 0, 0.06%, 9, 0, 7, 239.79
1733555340, 117, 12, 76, 0, 0, 0.06%, 9, 0, 7, 245.31
1733555345, 117, 14, 76, 0, 0, 0.06%, 9, 0, 7, 247.27
1733555350, 117, 15, 76, 0, 0, 0.06%, 9, 0, 7, 245.63
1733555355, 117, 19, 76, 0, 0, 0.06%, 9, 0, 7, 251.17
1733555360, 117, 24, 76, 0, 0, 0.06%, 9, 0, 7, 233.14
1733555365, 117, 27, 76, 0, 0, 0.06%, 9, 0, 7, 242.34
1733555370, 117, 29, 76, 0, 0, 0.06%, 9, 0, 7, 270.68
1733555375, 117, 45, 76, 0, 0, 0.06%, 9, 0, 7, 265.21
1733555385, 118, 2, 76, 0, 0, 0.06%, 9, 0, 7, 273.85
1733555390, 118, 11, 76, 0, 0, 0.06%, 9, 0, 7, 252.88
1733555395, 118, 13, 76, 0, 0, 0.06%, 9, 0, 7, 254.38
1733555401, 118, 14, 76, 0, 0, 0.06%, 9, 0, 7, 244.00
1733555406, 118, 16, 76, 0, 0, 0.06%, 9, 0, 7, 235.53
1733555411, 118, 24, 76, 0, 0, 0.06%, 9, 0, 7, 258.09
1733555416, 118, 27, 76, 0, 0, 0.06%, 9, 0, 7, 239.95
1733555421, 118, 36, 76, 0, 0, 0.06%, 9, 0, 7, 265.21
1733555426, 118, 49, 76, 0, 0, 0.06%, 9, 0, 7, 263.90
1733555431, 118, 54, 76, 0, 0, 0.06%, 9, 0, 7, 266.33
1733555436, 119, 4, 76, 0, 0, 0.06%, 9, 0, 7, 260.95
1733555441, 119, 11, 76, 0, 0, 0.06%, 9, 0, 7, 250.86
1733555446, 119, 13, 76, 0, 0, 0.06%, 9, 0, 7, 240.36
1733555451, 119, 15, 76, 0, 0, 0.06%, 9, 0, 7, 243.42
1733555456, 119, 24, 76, 0, 0, 0.06%, 9, 0, 7, 255.88
1733555467, 119, 27, 76, 0, 0, 0.06%, 9, 0, 7, 250.61
1733555472, 119, 56, 76, 0, 0, 0.06%, 9, 0, 7, 244.45
1733555477, 120, 10, 76, 0, 0, 0.06%, 9, 0, 7, 250.18
1733555482, 120, 12, 76, 0, 0, 0.06%, 9, 0, 7, 247.41
1733555487, 120, 14, 76, 0, 0, 0.06%, 9, 0, 7, 243.70
1733555492, 120, 16, 76, 0, 0, 0.06%, 9, 0, 7, 247.56
1733555497, 120, 22, 76, 0, 0, 0.06%, 9, 0, 7, 255.91
1733555502, 120, 24, 76, 0, 0, 0.06%, 9, 0, 7, 253.24
1733555507, 120, 27, 76, 0, 0, 0.06%, 9, 0, 7, 238.54
1733555512, 120, 40, 76, 0, 0, 0.06%, 9, 0, 7, 245.90
1733555522, 120, 49, 76, 0, 0, 0.06%, 9, 0, 7, 263.43
1733555527, 120, 53, 76, 0, 0, 0.06%, 9, 0, 7, 243.73
1733555532, 121, 11, 76, 0, 0, 0.06%, 9, 0, 7, 238.40
1733555537, 121, 13, 76, 0, 0, 0.06%, 9, 0, 7, 238.91
1733555543, 121, 15, 76, 0, 0, 0.06%, 9, 0, 7, 244.59
1733555548, 121, 16, 76, 0, 0, 0.06%, 9, 0, 7, 255.14
1733555553, 121, 21, 76, 0, 0, 0.06%, 9, 0, 7, 239.93
1733555558, 121, 24, 76, 0, 0, 0.06%, 9, 0, 7, 256.70
1733555563, 121, 27, 76, 0, 0, 0.06%, 9, 0, 7, 240.08
1733555568, 121, 49, 76, 0, 0, 0.06%, 9, 0, 7, 267.12
1733555573, 121, 54, 76, 0, 0, 0.06%, 9, 0, 7, 262.67
1733555578, 121, 67, 76, 0, 0, 0.06%, 9, 0, 7, 265.96
1733555584, 122, 10, 76, 0, 0, 0.06%, 9, 0, 7, 260.74
1733555589, 122, 12, 76, 0, 0, 0.06%, 9, 0, 7, 253.45
1733555594, 122, 14, 76, 0, 0, 0.06%, 9, 0, 7, 252.17
1733555599, 122, 16, 76, 0, 0, 0.06%, 9, 0, 7, 242.79
1733555604, 122, 24, 76, 0, 0, 0.06%, 9, 0, 7, 250.54
1733555609, 122, 27, 76, 0, 0, 0.06%, 9, 0, 7, 233.11
1733555614, 122, 43, 76, 0, 0, 0.06%, 9, 0, 7, 267.56
1733555619, 122, 69, 76, 0, 0, 0.06%, 9, 0, 7, 267.93
1733555624, 123, 10, 76, 0, 0, 0.06%, 9, 0, 7, 251.96
1733555629, 123, 12, 76, 0, 0, 0.06%, 9, 0, 7, 239.45
1733555634, 123, 13, 76, 0, 0, 0.06%, 9, 0, 7, 253.57
1733555639, 123, 15, 76, 0, 0, 0.06%, 9, 0, 7, 247.91
1733555644, 123, 24, 76, 0, 0, 0.06%, 9, 0, 7, 242.09
1733555650, 123, 27, 76, 0, 0, 0.06%, 9, 0, 7, 244.43
1733555660, 124, 11, 76, 0, 0, 0.06%, 9, 0, 7, 250.42
1733555665, 124, 13, 76, 0, 0, 0.06%, 9, 0, 7, 254.48
1733555670, 124, 15, 76, 0, 0, 0.06%, 9, 0, 7, 244.27
1733555675, 124, 16, 76, 0, 0, 0.06%, 9, 0, 7, 246.53
1733555680, 124, 24, 76, 0, 0, 0.06%, 9, 0, 7, 250.34
1733555686, 124, 27, 76, 0, 0, 0.06%, 9, 0, 7, 247.97
1733555691, 124, 49, 76, 0, 0, 0.06%, 9, 0, 7, 261.56
1733555696, 124, 62, 76, 0, 0, 0.06%, 9, 0, 7, 269.57
1733555701, 124, 66, 76, 0, 0, 0.06%, 9, 0, 7, 276.23
1733555706, 124, 67, 76, 0, 0, 0.06%, 9, 0, 7, 267.60
1733555711, 125, 10, 76, 0, 0, 0.06%, 9, 0, 7, 248.64
1733555716, 125, 12, 76, 0, 0, 0.06%, 9, 0, 7, 254.81
1733555721, 125, 13, 76, 0, 0, 0.06%, 9, 0, 7, 253.31
1733555726, 125, 15, 76, 0, 0, 0.06%, 9, 0, 7, 237.76
1733555731, 125, 24, 76, 0, 0, 0.06%, 9, 0, 7, 240.50
1733555736, 125, 27, 76, 0, 0, 0.06%, 9, 0, 7, 253.35
1733555742, 126, 10, 76, 0, 0, 0.06%, 9, 0, 7, 258.52
1733555747, 126, 11, 76, 0, 0, 0.06%, 9, 0, 7, 244.43
1733555752, 126, 13, 76, 0, 0, 0.06%, 9, 0, 7, 239.61
1733555757, 126, 15, 76, 0, 0, 0.06%, 9, 0, 7, 236.15
1733555762, 126, 21, 76, 0, 0, 0.06%, 9, 0, 7, 243.76
1733555772, 126, 24, 76, 0, 0, 0.06%, 9, 0, 7, 263.35
1733555777, 126, 27, 76, 0, 0, 0.06%, 9, 0, 7, 254.29
1733555782, 126, 38, 76, 0, 0, 0.06%, 9, 0, 7, 265.80
1733555787, 126, 71, 76, 0, 0, 0.06%, 9, 0, 7, 286.30
1733555792, 127, 10, 76, 0, 0, 0.06%, 9, 0, 7, 248.10
1733555797, 127, 12, 76, 0, 0, 0.06%, 9, 0, 7, 250.12
1733555802, 127, 14, 76, 0, 0, 0.06%, 9, 0, 7, 240.99
1733555807, 127, 16, 76, 0, 0, 0.06%, 9, 0, 7, 238.90
1733555812, 127, 18, 76, 0, 0, 0.06%, 9, 0, 7, 241.14
1733555818, 127, 21, 76, 0, 0, 0.06%, 9, 0, 7, 259.40
1733555823, 127, 24, 76, 0, 0, 0.06%, 9, 0, 7, 244.27
1733555828, 127, 27, 76, 0, 0, 0.06%, 9, 0, 7, 244.19
1733555838, 127, 61, 76, 0, 0, 0.06%, 9, 0, 7, 265.19
1733555843, 128, 11, 76, 0, 0, 0.06%, 9, 0, 7, 255.60
1733555848, 128, 13, 76, 0, 0, 0.06%, 9, 0, 7, 252.87
1733555853, 128, 15, 76, 0, 0, 0.06%, 9, 0, 7, 240.56
1733555858, 128, 16, 76, 0, 0, 0.06%, 9, 0, 7, 247.53
1733555863, 128, 24, 76, 0, 0, 0.06%, 9, 0, 7, 242.30
1733555868, 128, 27, 76, 0, 0, 0.06%, 9, 0, 7, 243.65
1733555873, 128, 45, 76, 0, 0, 0.06%, 9, 0, 7, 269.50
1733555879, 128, 53, 76, 0, 0, 0.06%, 9, 0, 7, 268.64
1733555884, 129, 10, 76, 0, 0, 0.06%, 9, 0, 7, 244.79
1733555889, 129, 12, 76, 0, 0, 0.06%, 9, 0, 7, 255.89
1733555894, 129, 14, 76, 0, 0, 0.06%, 9, 0, 7, 250.72
1733555899, 129, 16, 76, 0, 0, 0.06%, 9, 0, 7, 244.95
1733555904, 129, 24, 76, 0, 0, 0.06%, 9, 0, 7, 243.77
1733555909, 129, 27, 76, 0, 0, 0.06%, 9, 0, 7, 245.38
1733555914, 129, 54, 76, 0, 0, 0.06%, 9, 0, 7, 261.15
1733555919, 130, 10, 76, 0, 0, 0.06%, 9, 0, 7, 254.90
1733555924, 130, 12, 76, 0, 0, 0.06%, 9, 0, 7, 247.58
1733555929, 130, 14, 76, 0, 0, 0.06%, 9, 0, 7, 246.84
1733555934, 130, 16, 76, 0, 0, 0.06%, 9, 0, 7, 248.53
1733555939, 130, 24, 76, 0, 0, 0.06%, 9, 0, 7, 240.30
1733555945, 130, 27, 76, 0, 0, 0.06%, 9, 0, 7, 243.81
1733555950, 130, 29, 76, 0, 0, 0.06%, 9, 0, 7, 275.99
1733555955, 130, 50, 76, 0, 0, 0.06%, 9, 0, 7, 260.51
1733555960, 130, 63, 76, 0, 0, 0.06%, 9, 0, 7, 267.24
1733555965, 130, 73, 76, 0, 0, 0.06%, 9, 0, 7, 271.27
1733555970, 131, 6, 76, 0, 0, 0.06%, 9, 0, 7, 264.59
1733555975, 131, 11, 76, 0, 0, 0.06%, 9, 0, 7, 257.90
1733555980, 131, 13, 76, 0, 0, 0.06%, 9, 0, 7, 258.98
1733555985, 131, 15, 76, 0, 0, 0.06%, 9, 0, 7, 255.24
1733555990, 131, 24, 76, 0, 0, 0.06%, 9, 0, 7, 248.13
1733556001, 131, 27, 76, 0, 0, 0.06%, 9, 0, 7, 257.01
1733556006, 131, 44, 76, 0, 0, 0.06%, 9, 0, 7, 254.43
1733556011, 131, 47, 76, 0, 0, 0.06%, 9, 0, 7, 244.47
1733556016, 131, 61, 76, 0, 0, 0.06%, 9, 0, 7, 253.66
1733556021, 131, 74, 76, 0, 0, 0.06%, 9, 0, 7, 259.21
1733556026, 132, 10, 76, 0, 0, 0.06%, 9, 0, 7, 245.54
1733556031, 132, 12, 76, 0, 0, 0.06%, 9, 0, 7, 235.10
1733556036, 132, 14, 76, 0, 0, 0.06%, 9, 0, 7, 249.04
1733556041, 132, 15, 76, 0, 0, 0.06%, 9, 0, 7, 247.52
1733556046, 132, 24, 76, 0, 0, 0.06%, 9, 0, 7, 239.99
1733556051, 132, 27, 76, 0, 0, 0.06%, 9, 0, 7, 241.04
1733556056, 132, 35, 76, 0, 0, 0.06%, 9, 0, 7, 262.97
1733556061, 132, 46, 76, 0, 0, 0.06%, 9, 0, 7, 270.93
1733556066, 133, 3, 76, 0, 0, 0.06%, 9, 0, 7, 253.29
1733556071, 133, 10, 76, 0, 0, 0.06%, 9, 0, 7, 243.14
1733556077, 133, 12, 76, 0, 0, 0.06%, 9, 0, 7, 243.69
1733556082, 133, 14, 76, 0, 0, 0.06%, 9, 0, 7, 236.49
1733556087, 133, 16, 76, 0, 0, 0.06%, 9, 0, 7, 242.77
1733556092, 133, 24, 76, 0, 0, 0.06%, 9, 0, 7, 237.91
1733556097, 133, 27, 76, 0, 0, 0.06%, 9, 0, 7, 236.34
1733556102, 133, 72, 76, 0, 0, 0.06%, 9, 0, 7, 283.89
1733556107, 134, 10, 76, 0, 0, 0.06%, 9, 0, 7, 264.09
1733556112, 134, 12, 76, 0, 0, 0.06%, 9, 0, 7, 248.89
1733556117, 134, 14, 76, 0, 0, 0.06%, 9, 0, 7, 244.96
1733556122, 134, 16, 76, 0, 0, 0.06%, 9, 0, 7, 255.94
1733556127, 134, 24, 76, 0, 0, 0.06%, 9, 0, 7, 263.12
1733556137, 134, 27, 76, 0, 0, 0.06%, 9, 0, 7, 263.57
1733556143, 134, 62, 76, 0, 0, 0.06%, 9, 0, 7, 278.40
1733556148, 135, 10, 76, 0, 0, 0.06%, 9, 0, 7, 258.17
1733556153, 135, 12, 76, 0, 0, 0.06%, 9, 0, 7, 242.03
1733556158, 135, 13, 76, 0, 0, 0.06%, 9, 0, 7, 256.66
1733556163, 135, 15, 76, 0, 0, 0.06%, 9, 0, 7, 247.23
1733556168, 135, 24, 76, 0, 0, 0.06%, 9, 0, 7, 237.72
1733556173, 135, 27, 76, 0, 0, 0.06%, 9, 0, 7, 253.95
1733556178, 135, 69, 76, 0, 0, 0.06%, 9, 0, 7, 268.83
1733556183, 136, 6, 76, 0, 0, 0.06%, 9, 0, 7, 269.87
1733556188, 136, 11, 76, 0, 0, 0.06%, 9, 0, 7, 250.11
1733556194, 136, 13, 76, 0, 0, 0.06%, 9, 0, 7, 248.68
1733556199, 136, 15, 76, 0, 0, 0.06%, 9, 0, 7, 242.92
1733556204, 136, 18, 76, 0, 0, 0.06%, 9, 0, 7, 248.74
1733556214, 136, 24, 76, 0, 0, 0.06%, 9, 0, 7, 255.38
1733556219, 136, 27, 76, 0, 0, 0.06%, 9, 0, 7, 238.29
1733556224, 137, 11, 76, 0, 0, 0.06%, 9, 0, 7, 255.36
1733556229, 137, 12, 76, 0, 0, 0.06%, 9, 0, 7, 248.94
1733556234, 137, 14, 76, 0, 0, 0.06%, 9, 0, 7, 252.19
1733556239, 137, 16, 76, 0, 0, 0.06%, 9, 0, 7, 255.63
1733556244, 137, 22, 76, 0, 0, 0.06%, 9, 0, 7, 251.32
1733556249, 137, 24, 76, 0, 0, 0.06%, 9, 0, 7, 236.21
1733556254, 137, 27, 76, 0, 0, 0.06%, 9, 0, 7, 238.41
1733556259, 137, 29, 76, 0, 0, 0.06%, 9, 0, 7, 275.59
1733556264, 138, 10, 76, 0, 0, 0.06%, 9, 0, 7, 249.45
1733556269, 138, 12, 76, 0, 0, 0.06%, 9, 0, 7, 249.22
1733556274, 138, 14, 76, 0, 0, 0.06%, 9, 0, 7, 246.64
1733556280, 138, 16, 76, 0, 0, 0.06%, 9, 0, 7, 247.28
1733556285, 138, 24, 76, 0, 0, 0.06%, 9, 0, 7, 244.80
1733556290, 138, 26, 76, 0, 0, 0.06%, 9, 0, 7, 252.40
1733556295, 138, 27, 76, 0, 0, 0.06%, 9, 0, 7, 244.21
1733556300, 138, 53, 76, 0, 0, 0.06%, 9, 0, 7, 258.70
1733556305, 138, 61, 76, 0, 0, 0.06%, 9, 0, 7, 279.17
1733556310, 139, 10, 76, 0, 0, 0.06%, 9, 0, 7, 261.88
1733556315, 139, 11, 76, 0, 0, 0.06%, 9, 0, 7, 254.26
1733556320, 139, 13, 76, 0, 0, 0.06%, 9, 0, 7, 248.17
1733556326, 139, 15, 76, 0, 0, 0.06%, 9, 0, 7, 248.27
1733556331, 139, 24, 76, 0, 0, 0.06%, 9, 0, 7, 250.79
1733556336, 139, 26, 76, 0, 0, 0.06%, 9, 0, 7, 260.91
1733556346, 139, 27, 76, 0, 0, 0.06%, 9, 0, 7, 273.83
1733556351, 139, 28, 76, 0, 0, 0.06%, 9, 0, 7, 278.88
1733556356, 139, 69, 76, 0, 0, 0.06%, 9, 0, 7, 290.46
1733556361, 140, 11, 76, 0, 0, 0.06%, 9, 0, 7, 264.50
1733556366, 140, 13, 76, 0, 0, 0.06%, 9, 0, 7, 245.79
1733556371, 140, 15, 76, 0, 0, 0.06%, 9, 0, 7, 244.75
1733556376, 140, 24, 76, 0, 0, 0.06%, 9, 0, 7, 264.32
1733556386, 140, 27, 76, 0, 0, 0.06%, 9, 0, 7, 253.17
1733556391, 140, 38, 76, 0, 0, 0.06%, 9, 0, 7, 269.85
1733556396, 141, 11, 76, 0, 0, 0.06%, 9, 0, 7, 252.41
1733556401, 141, 13, 76, 0, 0, 0.06%, 9, 0, 7, 251.69
1733556406, 141, 15, 76, 0, 0, 0.06%, 9, 0, 7, 243.45
1733556412, 141, 16, 76, 0, 0, 0.06%, 9, 0, 7, 247.65
1733556417, 141, 24, 76, 0, 0, 0.06%, 9, 0, 7, 247.86
1733556422, 141, 27, 76, 0, 0, 0.06%, 9, 0, 7, 250.65
1733556432, 141, 68, 76, 0, 0, 0.06%, 9, 0, 7, 257.84
1733556437, 141, 73, 76, 0, 0, 0.06%, 9, 0, 7, 276.74
1733556442, 142, 11, 76, 0, 0, 0.06%, 9, 0, 7, 244.30
1733556447, 142, 13, 76, 0, 0, 0.06%, 9, 0, 7, 242.25
1733556452, 142, 15, 76, 0, 0, 0.06%, 9, 0, 7, 248.01
1733556457, 142, 24, 76, 0, 0, 0.06%, 9, 0, 7, 257.48
1733556467, 142, 27, 76, 0, 0, 0.06%, 9, 0, 7, 252.57
1733556473, 142, 29, 76, 0, 0, 0.06%, 9, 0, 7, 266.13
1733556478, 142, 31, 76, 0, 0, 0.06%, 9, 0, 7, 256.81
1733556483, 142, 48, 76, 0, 0, 0.06%, 9, 0, 7, 275.22
1733556488, 142, 69, 76, 0, 0, 0.06%, 9, 0, 7, 279.87
1733556493, 143, 10, 76, 0, 0, 0.06%, 9, 0, 7, 259.44
1733556498, 143, 12, 76, 0, 0, 0.06%, 9, 0, 7, 257.65
1733556503, 143, 14, 76, 0, 0, 0.06%, 9, 0, 7, 236.83
1733556508, 143, 16, 76, 0, 0, 0.06%, 9, 0, 7, 246.47
1733556513, 143, 24, 76, 0, 0, 0.06%, 9, 0, 7, 243.40
1733556518, 143, 25, 76, 0, 0, 0.06%, 9, 0, 7, 259.73
1733556523, 143, 27, 76, 0, 0, 0.06%, 9, 0, 7, 240.27
1733556528, 143, 30, 76, 0, 0, 0.06%, 9, 0, 7, 252.72
1733556534, 143, 40, 76, 0, 0, 0.06%, 9, 0, 7, 253.07
1733556539, 143, 43, 76, 0, 0, 0.06%, 9, 0, 7, 262.61
1733556544, 143, 49, 76, 0, 0, 0.06%, 9, 0, 7, 259.57
1733556549, 144, 10, 76, 0, 0, 0.06%, 9, 0, 7, 254.40
1733556554, 144, 12, 76, 0, 0, 0.06%, 9, 0, 7, 256.46
1733556559, 144, 13, 76, 0, 0, 0.06%, 9, 0, 7, 253.45
1733556564, 144, 15, 76, 0, 0, 0.06%, 9, 0, 7, 257.29
1733556569, 144, 21, 76, 0, 0, 0.06%, 9, 0, 7, 253.20
1733556574, 144, 24, 76, 0, 0, 0.06%, 9, 0, 7, 247.45
1733556579, 144, 26, 76, 0, 0, 0.06%, 9, 0, 7, 247.35
1733556589, 144, 27, 76, 0, 0, 0.06%, 9, 0, 7, 264.87
1733556594, 144, 31, 76, 0, 0, 0.06%, 9, 0, 7, 268.08
1733556600, 144, 42, 76, 0, 0, 0.06%, 9, 0, 7, 258.79
1733556605, 144, 46, 76, 0, 0, 0.06%, 9, 0, 7, 258.15
1733556610, 144, 49, 76, 0, 0, 0.06%, 9, 0, 7, 266.11
1733556615, 144, 67, 76, 0, 0, 0.06%, 9, 0, 7, 264.17
1733556620, 145, 11, 76, 0, 0, 0.06%, 9, 0, 7, 247.45
1733556625, 145, 13, 76, 0, 0, 0.06%, 9, 0, 7, 251.42
1733556630, 145, 14, 76, 0, 0, 0.06%, 9, 0, 7, 236.94
1733556635, 145, 16, 76, 0, 0, 0.06%, 9, 0, 7, 249.64
1733556641, 145, 24, 76, 0, 0, 0.06%, 9, 0, 7, 260.96
1733556646, 145, 27, 76, 0, 0, 0.06%, 9, 0, 7, 245.36
1733556651, 145, 71, 76, 0, 0, 0.06%, 9, 0, 7, 290.31
1733556656, 146, 10, 76, 0, 0, 0.06%, 9, 0, 7, 260.33
1733556661, 146, 12, 76, 0, 0, 0.06%, 9, 0, 7, 251.66
1733556666, 146, 14, 76, 0, 0, 0.06%, 9, 0, 7, 242.83
1733556671, 146, 16, 76, 0, 0, 0.06%, 9, 0, 7, 246.57
1733556676, 146, 24, 76, 0, 0, 0.06%, 9, 0, 7, 240.18
1733556681, 146, 27, 76, 0, 0, 0.06%, 9, 0, 7, 239.33
1733556686, 146, 54, 76, 0, 0, 0.06%, 9, 0, 7, 254.44
1733556691, 146, 61, 76, 0, 0, 0.06%, 9, 0, 7, 257.40
1733556701, 146, 67, 76, 0, 0, 0.06%, 9, 0, 7, 270.41
1733556706, 147, 11, 76, 0, 0, 0.06%, 9, 0, 7, 245.76
1733556711, 147, 13, 76, 0, 0, 0.06%, 9, 0, 7, 242.59
1733556717, 147, 15, 76, 0, 0, 0.06%, 9, 0, 7, 235.85
1733556722, 147, 16, 76, 0, 0, 0.06%, 9, 0, 7, 250.78
1733556727, 147, 24, 76, 0, 0, 0.06%, 9, 0, 7, 260.48
1733556732, 147, 27, 76, 0, 0, 0.06%, 9, 0, 7, 252.73
1733556737, 147, 46, 76, 0, 0, 0.06%, 9, 0, 7, 269.55
1733556742, 148, 10, 76, 0, 0, 0.06%, 9, 0, 7, 262.02
1733556747, 148, 12, 76, 0, 0, 0.06%, 9, 0, 7, 244.93
1733556752, 148, 14, 76, 0, 0, 0.06%, 9, 0, 7, 241.66
1733556758, 148, 16, 76, 0, 0, 0.06%, 9, 0, 7, 250.02
1733556763, 148, 24, 76, 0, 0, 0.06%, 9, 0, 7, 246.00
1733556768, 148, 27, 76, 0, 0, 0.06%, 9, 0, 7, 238.49
1733556773, 148, 29, 76, 0, 0, 0.06%, 9, 0, 7, 277.51
1733556778, 148, 48, 76, 0, 0, 0.06%, 9, 0, 7, 274.67
1733556783, 149, 7, 76, 0, 0, 0.06%, 9, 0, 7, 268.79
1733556788, 149, 11, 76, 0, 0, 0.06%, 9, 0, 7, 256.02
1733556793, 149, 13, 76, 0, 0, 0.06%, 9, 0, 7, 238.04
1733556798, 149, 15, 76, 0, 0, 0.06%, 9, 0, 7, 246.18
1733556803, 149, 16, 76, 0, 0, 0.06%, 9, 0, 7, 250.40
1733556808, 149, 24, 76, 0, 0, 0.06%, 9, 0, 7, 260.96
1733556813, 149, 27, 76, 0, 0, 0.06%, 9, 0, 7, 266.69
1733556819, 149, 67, 76, 0, 0, 0.06%, 9, 0, 7, 252.44
1733556824, 149, 68, 76, 0, 0, 0.06%, 9, 0, 7, 267.61
1733556829, 150, 10, 76, 0, 0, 0.06%, 9, 0, 7, 265.80
1733556834, 150, 12, 76, 0, 0, 0.06%, 9, 0, 7, 264.07
1733556839, 150, 14, 76, 0, 0, 0.06%, 9, 0, 7, 241.38
1733556844, 150, 16, 76, 0, 0, 0.06%, 9, 0, 7, 246.19
1733556849, 150, 24, 76, 0, 0, 0.06%, 9, 0, 7, 244.52
1733556854, 150, 27, 76, 0, 0, 0.06%, 9, 0, 7, 243.88
1733556859, 150, 28, 76, 0, 0, 0.06%, 9, 0, 7, 278.39
1733556864, 150, 75, 76, 0, 0, 0.06%, 9, 0, 7, 285.22
1733556874, 151, 10, 76, 0, 0, 0.06%, 9, 0, 7, 266.49
1733556879, 151, 12, 76, 0, 0, 0.06%, 9, 0, 7, 238.03
1733556884, 151, 14, 76, 0, 0, 0.06%, 9, 0, 7, 247.93
1733556890, 151, 16, 76, 0, 0, 0.06%, 9, 0, 7, 251.16
1733556895, 151, 24, 76, 0, 0, 0.06%, 9, 0, 7, 244.12
1733556900, 151, 27, 76, 0, 0, 0.06%, 9, 0, 7, 246.64
1733556905, 151, 43, 76, 0, 0, 0.06%, 9, 0, 7, 262.25
1733556910, 151, 52, 76, 0, 0, 0.06%, 9, 0, 7, 266.02
1733556915, 152, 10, 76, 0, 0, 0.06%, 9, 0, 7, 266.10
1733556920, 152, 12, 76, 0, 0, 0.06%, 9, 0, 7, 251.03
1733556925, 152, 13, 76, 0, 0, 0.06%, 9, 0, 7, 259.98
1733556930, 152, 15, 76, 0, 0, 0.06%, 9, 0, 7, 251.26
1733556935, 152, 24, 76, 0, 0, 0.06%, 9, 0, 7, 244.41
1733556940, 152, 27, 76, 0, 0, 0.06%, 9, 0, 7, 246.75
1733556950, 152, 42, 76, 0, 0, 0.06%, 9, 0, 7, 261.12
1733556956, 153, 11, 76, 0, 0, 0.06%, 9, 0, 7, 250.33
1733556961, 153, 13, 76, 0, 0, 0.06%, 9, 0, 7, 244.12
1733556966, 153, 15, 76, 0, 0, 0.06%, 9, 0, 7, 244.71
1733556971, 153, 16, 76, 0, 0, 0.06%, 9, 0, 7, 245.13
1733556976, 153, 24, 76, 0, 0, 0.06%, 9, 0, 7, 238.06
1733556981, 153, 27, 76, 0, 0, 0.06%, 9, 0, 7, 245.41
1733556986, 153, 29, 76, 0, 0, 0.06%, 9, 0, 7, 267.31
1733556991, 153, 40, 76, 0, 0, 0.06%, 9, 0, 7, 270.43
1733556996, 153, 74, 76, 0, 0, 0.06%, 9, 0, 7, 241.66
1733557001, 154, 10, 76, 0, 0, 0.06%, 9, 0, 7, 273.36
1733557006, 154, 11, 76, 0, 0, 0.06%, 9, 0, 7, 261.54
1733557011, 154, 13, 76, 0, 0, 0.06%, 9, 0, 7, 244.26
1733557016, 154, 15, 76, 0, 0, 0.06%, 9, 0, 7, 228.29
1733557021, 154, 22, 76, 0, 0, 0.06%, 9, 0, 7, 254.21
1733557031, 154, 24, 76, 0, 0, 0.06%, 9, 0, 7, 249.28
1733557037, 154, 27, 76, 0, 0, 0.06%, 9, 0, 7, 242.93
1733557042, 154, 30, 76, 0, 0, 0.06%, 9, 0, 7, 241.16
1733557047, 155, 10, 76, 0, 0, 0.06%, 9, 0, 7, 250.62
1733557052, 155, 12, 76, 0, 0, 0.06%, 9, 0, 7, 243.03
1733557057, 155, 14, 76, 0, 0, 0.06%, 9, 0, 7, 248.13
1733557062, 155, 16, 76, 0, 0, 0.06%, 9, 0, 7, 234.36
1733557067, 155, 23, 76, 0, 0, 0.06%, 9, 0, 7, 262.66
1733557072, 155, 24, 76, 0, 0, 0.06%, 9, 0, 7, 238.28
1733557077, 155, 27, 76, 0, 0, 0.06%, 9, 0, 7, 240.56
1733557082, 155, 38, 76, 0, 0, 0.06%, 9, 0, 7, 266.51
1733557087, 155, 61, 76, 0, 0, 0.06%, 9, 0, 7, 267.52
1733557092, 156, 6, 76, 0, 0, 0.06%, 9, 0, 7, 245.33
1733557097, 156, 11, 76, 0, 0, 0.06%, 9, 0, 7, 240.48
1733557103, 156, 13, 76, 0, 0, 0.06%, 9, 0, 7, 245.13
1733557108, 156, 15, 76, 0, 0, 0.06%, 9, 0, 7, 246.94
1733557113, 156, 16, 76, 0, 0, 0.06%, 9, 0, 7, 258.64
1733557118, 156, 24, 76, 0, 0, 0.06%, 9, 0, 7, 248.36
1733557123, 156, 27, 76, 0, 0, 0.06%, 9, 0, 7, 253.41
1733557128, 156, 28, 76, 0, 0, 0.06%, 9, 0, 7, 269.79
1733557133, 157, 11, 76, 0, 0, 0.06%, 9, 0, 7, 250.56
1733557138, 157, 12, 76, 0, 0, 0.06%, 9, 0, 7, 243.53
1733557143, 157, 14, 76, 0, 0, 0.06%, 9, 0, 7, 239.04
1733557148, 157, 16, 76, 0, 0, 0.06%, 9, 0, 7, 245.05
1733557154, 157, 24, 76, 0, 0, 0.06%, 9, 0, 7, 245.31
1733557159, 157, 27, 76, 0, 0, 0.06%, 9, 0, 7, 239.35
1733557164, 157, 32, 76, 0, 0, 0.06%, 9, 0, 7, 258.53
1733557169, 157, 44, 76, 0, 0, 0.06%, 9, 0, 7, 260.86
1733557174, 157, 58, 76, 0, 0, 0.06%, 9, 0, 7, 255.35
1733557179, 157, 74, 76, 0, 0, 0.06%, 9, 0, 7, 267.28
1733557184, 158, 0, 76, 0, 0, 0.06%, 9, 0, 7, 257.85
1733557189, 158, 11, 76, 0, 0, 0.06%, 9, 0, 7, 241.58
1733557194, 158, 13, 76, 0, 0, 0.06%, 9, 0, 7, 248.32
1733557199, 158, 15, 76, 0, 0, 0.06%, 9, 0, 7, 245.13
1733557204, 158, 16, 76, 0, 0, 0.06%, 9, 0, 7, 234.42
1733557209, 158, 24, 76, 0, 0, 0.06%, 9, 0, 7, 264.57
1733557214, 158, 27, 76, 0, 0, 0.06%, 9, 0, 7, 259.11
1733557219, 159, 10, 76, 0, 0, 0.06%, 9, 0, 7, 254.09
1733557224, 159, 12, 76, 0, 0, 0.06%, 9, 0, 7, 256.62
1733557229, 159, 14, 76, 0, 0, 0.06%, 9, 0, 7, 251.74
1733557234, 159, 16, 76, 0, 0, 0.06%, 9, 0, 7, 249.84
1733557239, 159, 17, 76, 0, 0, 0.06%, 9, 0, 7, 255.13
1733557244, 159, 20, 76, 0, 0, 0.06%, 9, 0, 7, 248.12
1733557249, 159, 24, 76, 0, 0, 0.06%, 9, 0, 7, 260.28
1733557254, 159, 27, 76, 0, 0, 0.06%, 9, 0, 7, 256.78
1733557259, 159, 42, 76, 0, 0, 0.06%, 9, 0, 7, 253.70
1733557265, 159, 74, 76, 0, 0, 0.06%, 9, 0, 7, 278.81
1733557270, 160, 10, 76, 0, 0, 0.06%, 9, 0, 7, 262.18
1733557275, 160, 11, 76, 0, 0, 0.06%, 9, 0, 7, 254.50
1733557280, 160, 13, 76, 0, 0, 0.06%, 9, 0, 7, 254.04
1733557285, 160, 15, 76, 0, 0, 0.06%, 9, 0, 7, 249.76
1733557290, 160, 24, 76, 0, 0, 0.06%, 9, 0, 7, 249.45
1733557295, 160, 26, 76, 0, 0, 0.06%, 9, 0, 7, 246.70
1733557300, 160, 27, 76, 0, 0, 0.06%, 9, 0, 7, 260.28
1733557310, 160, 46, 76, 0, 0, 0.06%, 9, 0, 7, 262.47
1733557315, 160, 49, 76, 0, 0, 0.06%, 9, 0, 7, 266.44
1733557321, 160, 61, 76, 0, 0, 0.06%, 9, 0, 7, 259.78
1733557326, 161, 11, 76, 0, 0, 0.06%, 9, 0, 7, 238.28
1733557331, 161, 13, 76, 0, 0, 0.06%, 9, 0, 7, 250.36
1733557336, 161, 15, 76, 0, 0, 0.06%, 9, 0, 7, 242.79
1733557341, 161, 16, 76, 0, 0, 0.06%, 9, 0, 7, 249.60
1733557346, 161, 24, 76, 0, 0, 0.06%, 9, 0, 7, 259.23
1733557351, 161, 27, 76, 0, 0, 0.06%, 9, 0, 7, 258.00
1733557357, 161, 37, 76, 0, 0, 0.06%, 9, 0, 7, 256.37
1733557362, 161, 63, 76, 0, 0, 0.06%, 9, 0, 7, 264.04
1733557367, 161, 69, 77, 1, 0, 0.06%, 9, 0, 8, 282.91
1733557372, 161, 75, 77, 1, 0, 0.06%, 9, 0, 8, 283.49
1733557382, 161, 76, 78, 2, 0, 0.06%, 9, 0, 9, 260.94
1733557606, 162, 11, 78, 1, 0, 0.06%, 9, 0, 9, 256.72
1733557611, 162, 13, 78, 1, 0, 0.06%, 9, 0, 9, 254.73
1733557616, 162, 15, 78, 1, 0, 0.06%, 9, 0, 9, 248.95
1733557621, 162, 21, 78, 1, 0, 0.06%, 9, 0, 9, 260.01
1733557631, 162, 24, 78, 1, 0, 0.06%, 9, 0, 9, 255.60
1733557636, 162, 27, 78, 1, 0, 0.06%, 9, 0, 9, 253.33
1733557641, 162, 30, 78, 1, 0, 0.06%, 9, 0, 9, 259.15
1733557646, 163, 11, 78, 1, 0, 0.06%, 9, 0, 9, 257.54
1733557652, 163, 12, 78, 1, 0, 0.06%, 9, 0, 9, 257.20
1733557657, 163, 14, 78, 1, 0, 0.06%, 9, 0, 9, 246.23
1733557662, 163, 16, 78, 1, 0, 0.06%, 9, 0, 9, 247.57
1733557667, 163, 24, 78, 1, 0, 0.06%, 9, 0, 9, 241.99
1733557672, 163, 27, 78, 1, 0, 0.06%, 9, 0, 9, 253.61
1733557677, 163, 49, 78, 1, 0, 0.06%, 9, 0, 9, 255.09
1733557682, 163, 72, 78, 1, 0, 0.06%, 9, 0, 9, 289.12
1733557687, 164, 10, 78, 1, 0, 0.06%, 9, 0, 9, 267.31
1733557692, 164, 12, 78, 1, 0, 0.06%, 9, 0, 9, 255.60
1733557697, 164, 14, 78, 1, 0, 0.06%, 9, 0, 9, 240.97
1733557702, 164, 16, 78, 1, 0, 0.06%, 9, 0, 9, 235.86
1733557707, 164, 24, 78, 1, 0, 0.06%, 9, 0, 9, 243.25
1733557712, 164, 27, 78, 1, 0, 0.06%, 9, 0, 9, 241.59
1733557717, 164, 28, 78, 1, 0, 0.06%, 9, 0, 9, 270.50
1733557723, 164, 55, 78, 1, 0, 0.06%, 9, 0, 9, 266.69
1733557728, 164, 65, 78, 1, 0, 0.06%, 9, 0, 9, 259.73
1733557738, 164, 77, 78, 1, 0, 0.06%, 9, 0, 9, 345.88
1733557962, 165, 9, 78, 0, 0, 0.06%, 9, 0, 9, 257.05
1733557967, 165, 11, 78, 0, 0, 0.06%, 9, 0, 9, 249.09
1733557972, 165, 13, 78, 0, 0, 0.06%, 9, 0, 9, 253.95
1733557977, 165, 15, 78, 0, 0, 0.06%, 9, 0, 9, 236.64
1733557982, 165, 24, 78, 0, 0, 0.06%, 9, 0, 9, 251.90
1733557992, 165, 27, 78, 0, 0, 0.06%, 9, 0, 9, 255.50
1733557997, 165, 30, 78, 0, 0, 0.06%, 9, 0, 9, 254.07
1733558002, 165, 40, 78, 0, 0, 0.06%, 9, 0, 9, 269.53
1733558007, 165, 67, 78, 0, 0, 0.06%, 9, 0, 9, 272.16
1733558013, 165, 76, 78, 0, 0, 0.06%, 9, 0, 9, 309.49
1733558043, 166, 11, 78, 0, 0, 0.06%, 9, 0, 9, 257.81
1733558048, 166, 12, 78, 0, 0, 0.06%, 9, 0, 9, 248.22
1733558053, 166, 14, 78, 0, 0, 0.06%, 9, 0, 9, 246.88
1733558058, 166, 16, 78, 0, 0, 0.06%, 9, 0, 9, 254.22
1733558063, 166, 24, 78, 0, 0, 0.06%, 9, 0, 9, 245.16
1733558068, 166, 27, 78, 0, 0, 0.06%, 9, 0, 9, 243.47
1733558073, 166, 46, 78, 0, 0, 0.06%, 9, 0, 9, 277.22
1733558078, 166, 47, 78, 0, 0, 0.06%, 9, 0, 9, 283.13
1733558083, 166, 49, 78, 0, 0, 0.06%, 9, 0, 9, 276.70
1733558088, 166, 50, 78, 0, 0, 0.06%, 9, 0, 9, 270.38
1733558093, 167, 10, 78, 0, 0, 0.06%, 9, 0, 9, 247.87
1733558098, 167, 12, 78, 0, 0, 0.06%, 9, 0, 9, 241.29
1733558103, 167, 14, 78, 0, 0, 0.06%, 9, 0, 9, 245.01
1733558109, 167, 15, 78, 0, 0, 0.06%, 9, 0, 9, 242.68
1733558114, 167, 24, 78, 0, 0, 0.06%, 9, 0, 9, 244.18
1733558119, 167, 25, 78, 0, 0, 0.06%, 9, 0, 9, 264.90
1733558124, 167, 27, 78, 0, 0, 0.06%, 9, 0, 9, 258.41
1733558129, 167, 30, 78, 0, 0, 0.06%, 9, 0, 9, 270.23
1733558134, 167, 46, 78, 0, 0, 0.06%, 9, 0, 9, 264.70
1733558139, 167, 56, 78, 0, 0, 0.06%, 9, 0, 9, 279.15
1733558144, 167, 65, 78, 0, 0, 0.06%, 9, 0, 9, 286.04
1733558149, 168, 10, 78, 0, 0, 0.06%, 9, 0, 9, 270.04
1733558154, 168, 12, 78, 0, 0, 0.06%, 9, 0, 9, 260.13
1733558159, 168, 13, 78, 0, 0, 0.06%, 9, 0, 9, 254.82
1733558164, 168, 15, 78, 0, 0, 0.06%, 9, 0, 9, 238.05
1733558170, 168, 23, 78, 0, 0, 0.06%, 9, 0, 9, 268.58
1733558175, 168, 24, 78, 0, 0, 0.06%, 9, 0, 9, 255.88
1733558180, 168, 27, 78, 0, 0, 0.06%, 9, 0, 9, 259.83
1733558185, 168, 65, 78, 0, 0, 0.06%, 9, 0, 9, 260.60
1733558195, 169, 10, 78, 0, 0, 0.06%, 9, 0, 9, 268.99
1733558200, 169, 12, 78, 0, 0, 0.06%, 9, 0, 9, 253.56
1733558205, 169, 14, 78, 0, 0, 0.06%, 9, 0, 9, 248.38
1733558210, 169, 16, 78, 0, 0, 0.06%, 9, 0, 9, 249.08
1733558215, 169, 24, 78, 0, 0, 0.06%, 9, 0, 9, 244.50
1733558220, 169, 26, 78, 0, 0, 0.06%, 9, 0, 9, 252.42
1733558225, 169, 27, 78, 0, 0, 0.06%, 9, 0, 9, 241.90
1733558230, 169, 46, 78, 0, 0, 0.06%, 9, 0, 9, 273.14
1733558235, 170, 10, 78, 0, 0, 0.06%, 9, 0, 9, 259.67
1733558240, 170, 12, 78, 0, 0, 0.06%, 9, 0, 9, 257.24
1733558245, 170, 13, 78, 0, 0, 0.06%, 9, 0, 9, 252.19
1733558250, 170, 15, 78, 0, 0, 0.06%, 9, 0, 9, 248.81
1733558255, 170, 18, 78, 0, 0, 0.06%, 9, 0, 9, 247.92
1733558265, 170, 24, 78, 0, 0, 0.06%, 9, 0, 9, 248.44
1733558270, 170, 27, 78, 0, 0, 0.06%, 9, 0, 9, 253.35
1733558275, 170, 31, 78, 0, 0, 0.06%, 9, 0, 9, 264.77
1733558280, 170, 72, 78, 0, 0, 0.06%, 9, 0, 9, 270.44
1733558285, 170, 74, 78, 0, 0, 0.06%, 9, 0, 9, 283.75
1733558290, 171, 11, 78, 0, 0, 0.06%, 9, 0, 9, 251.39
1733558295, 171, 13, 78, 0, 0, 0.06%, 9, 0, 9, 256.39
1733558300, 171, 15, 78, 0, 0, 0.06%, 9, 0, 9, 258.66
1733558306, 171, 16, 78, 0, 0, 0.06%, 9, 0, 9, 257.59
1733558311, 171, 21, 78, 0, 0, 0.06%, 9, 0, 9, 253.68
1733558316, 171, 24, 78, 0, 0, 0.06%, 9, 0, 9, 258.01
1733558321, 171, 27, 78, 0, 0, 0.06%, 9, 0, 9, 244.19
1733558326, 171, 45, 78, 0, 0, 0.06%, 9, 0, 9, 264.79
1733558331, 171, 56, 78, 0, 0, 0.06%, 9, 0, 9, 256.79
1733558336, 172, 10, 78, 0, 0, 0.06%, 9, 0, 9, 259.54
1733558341, 172, 12, 78, 0, 0, 0.06%, 9, 0, 9, 252.85
1733558346, 172, 14, 78, 0, 0, 0.06%, 9, 0, 9, 249.53
1733558351, 172, 16, 78, 0, 0, 0.06%, 9, 0, 9, 256.92
1733558356, 172, 24, 78, 0, 0, 0.06%, 9, 0, 9, 236.58
1733558361, 172, 26, 78, 0, 0, 0.06%, 9, 0, 9, 257.34
1733558366, 172, 27, 78, 0, 0, 0.06%, 9, 0, 9, 249.43
1733558371, 172, 45, 78, 0, 0, 0.06%, 9, 0, 9, 274.46
1733558376, 172, 56, 78, 0, 0, 0.06%, 9, 0, 9, 269.32
1733558382, 173, 10, 78, 0, 0, 0.06%, 9, 0, 9, 270.13
1733558387, 173, 12, 78, 0, 0, 0.06%, 9, 0, 9, 256.90
1733558392, 173, 13, 78, 0, 0, 0.06%, 9, 0, 9, 249.97
1733558397, 173, 15, 78, 0, 0, 0.06%, 9, 0, 9, 253.11
1733558402, 173, 24, 78, 0, 0, 0.06%, 9, 0, 9, 240.73
1733558407, 173, 27, 78, 0, 0, 0.06%, 9, 0, 9, 245.08
1733558417, 173, 55, 78, 0, 0, 0.06%, 9, 0, 9, 261.36
1733558422, 173, 67, 78, 0, 0, 0.06%, 9, 0, 9, 271.12
1733558427, 173, 77, 78, 0, 0, 0.06%, 9, 0, 9, 317.24
1733558457, 174, 11, 78, 0, 0, 0.06%, 9, 0, 9, 259.71
1733558462, 174, 12, 78, 0, 0, 0.06%, 9, 0, 9, 260.36
1733558467, 174, 14, 78, 0, 0, 0.06%, 9, 0, 9, 260.04
1733558472, 174, 16, 78, 0, 0, 0.06%, 9, 0, 9, 255.55
1733558477, 174, 24, 78, 0, 0, 0.06%, 9, 0, 9, 249.92
1733558483, 174, 25, 78, 0, 0, 0.06%, 9, 0, 9, 248.12
1733558488, 174, 27, 78, 0, 0, 0.06%, 9, 0, 9, 258.22
1733558493, 174, 29, 78, 0, 0, 0.06%, 9, 0, 9, 267.86
1733558498, 174, 30, 78, 0, 0, 0.06%, 9, 0, 9, 254.33
1733558503, 174, 32, 78, 0, 0, 0.06%, 9, 0, 9, 263.45
1733558508, 174, 55, 78, 0, 0, 0.06%, 9, 0, 9, 278.87
1733558513, 175, 10, 78, 0, 0, 0.06%, 9, 0, 9, 261.06
1733558518, 175, 12, 78, 0, 0, 0.06%, 9, 0, 9, 252.00
1733558523, 175, 14, 78, 0, 0, 0.06%, 9, 0, 9, 240.45
1733558528, 175, 16, 78, 0, 0, 0.06%, 9, 0, 9, 247.14
1733558533, 175, 24, 78, 0, 0, 0.06%, 9, 0, 9, 239.93
1733558539, 175, 27, 78, 0, 0, 0.06%, 9, 0, 9, 244.77
1733558544, 175, 34, 78, 0, 0, 0.06%, 9, 0, 9, 250.93
1733558549, 175, 61, 78, 0, 0, 0.06%, 9, 0, 9, 264.17
1733558554, 176, 10, 78, 0, 0, 0.06%, 9, 0, 9, 263.34
1733558559, 176, 12, 78, 0, 0, 0.06%, 9, 0, 9, 254.42
1733558564, 176, 13, 78, 0, 0, 0.06%, 9, 0, 9, 247.30
1733558569, 176, 15, 78, 0, 0, 0.06%, 9, 0, 9, 251.41
1733558574, 176, 24, 78, 0, 0, 0.06%, 9, 0, 9, 242.52
1733558579, 176, 27, 78, 0, 0, 0.06%, 9, 0, 9, 235.49
1733558589, 176, 47, 78, 0, 0, 0.06%, 9, 0, 9, 260.35
1733558594, 176, 52, 78, 0, 0, 0.06%, 9, 0, 9, 279.18
1733558599, 176, 72, 78, 0, 0, 0.06%, 9, 0, 9, 270.68
1733558604, 177, 11, 78, 0, 0, 0.06%, 9, 0, 9, 264.21
1733558610, 177, 13, 78, 0, 0, 0.06%, 9, 0, 9, 256.85
1733558615, 177, 14, 78, 0, 0, 0.06%, 9, 0, 9, 256.00
1733558620, 177, 16, 78, 0, 0, 0.06%, 9, 0, 9, 260.79
1733558625, 177, 24, 78, 0, 0, 0.06%, 9, 0, 9, 268.32
1733558630, 177, 27, 78, 0, 0, 0.06%, 9, 0, 9, 257.20
1733558635, 178, 10, 78, 0, 0, 0.06%, 9, 0, 9, 253.60
1733558640, 178, 12, 78, 0, 0, 0.06%, 9, 0, 9, 245.68
1733558645, 178, 14, 78, 0, 0, 0.06%, 9, 0, 9, 255.29
1733558650, 178, 16, 78, 0, 0, 0.06%, 9, 0, 9, 249.23
1733558655, 178, 24, 78, 0, 0, 0.06%, 9, 0, 9, 249.34
1733558660, 178, 27, 78, 0, 0, 0.06%, 9, 0, 9, 248.00
1733558665, 179, 10, 78, 0, 0, 0.06%, 9, 0, 9, 256.46
1733558670, 179, 12, 78, 0, 0, 0.06%, 9, 0, 9, 248.05
1733558675, 179, 14, 78, 0, 0, 0.06%, 9, 0, 9, 254.18
1733558680, 179, 16, 78, 0, 0, 0.06%, 9, 0, 9, 255.50
1733558685, 179, 24, 78, 0, 0, 0.06%, 9, 0, 9, 244.45
1733558690, 179, 27, 78, 0, 0, 0.06%, 9, 0, 9, 252.36
1733558695, 179, 30, 78, 0, 0, 0.06%, 9, 0, 9, 259.92
1733558700, 179, 50, 78, 0, 0, 0.06%, 9, 0, 9, 270.52
1733558705, 180, 6, 78, 0, 0, 0.06%, 9, 0, 9, 251.36
1733558710, 180, 11, 78, 0, 0, 0.06%, 9, 0, 9, 242.55
1733558716, 180, 13, 78, 0, 0, 0.06%, 9, 0, 9, 256.08
1733558721, 180, 15, 78, 0, 0, 0.06%, 9, 0, 9, 248.71
1733558726, 180, 24, 78, 0, 0, 0.06%, 9, 0, 9, 253.02
1733558736, 180, 27, 78, 0, 0, 0.06%, 9, 0, 9, 255.17
1733558741, 180, 45, 78, 0, 0, 0.06%, 9, 0, 9, 265.32
1733558746, 180, 65, 78, 0, 0, 0.06%, 9, 0, 9, 265.51
1733558751, 180, 75, 78, 0, 0, 0.06%, 9, 0, 9, 279.19
1733558756, 181, 11, 78, 0, 0, 0.06%, 9, 0, 9, 249.49
1733558761, 181, 13, 78, 0, 0, 0.06%, 9, 0, 9, 249.62
1733558766, 181, 15, 78, 0, 0, 0.06%, 9, 0, 9, 250.69
1733558772, 181, 24, 78, 0, 0, 0.06%, 9, 0, 9, 252.85
1733558782, 181, 26, 78, 0, 0, 0.06%, 9, 0, 9, 266.19
1733558787, 181, 27, 78, 0, 0, 0.06%, 9, 0, 9, 252.06
1733558792, 181, 34, 78, 0, 0, 0.06%, 9, 0, 9, 259.06
1733558797, 182, 10, 78, 0, 0, 0.06%, 9, 0, 9, 250.75
1733558802, 182, 12, 78, 0, 0, 0.06%, 9, 0, 9, 249.94
1733558807, 182, 14, 78, 0, 0, 0.06%, 9, 0, 9, 245.40
1733558812, 182, 15, 78, 0, 0, 0.06%, 9, 0, 9, 246.03
1733558817, 182, 24, 78, 0, 0, 0.06%, 9, 0, 9, 246.17
1733558822, 182, 25, 78, 0, 0, 0.06%, 9, 0, 9, 272.57
1733558827, 182, 27, 78, 0, 0, 0.06%, 9, 0, 9, 252.31
1733558832, 182, 34, 78, 0, 0, 0.06%, 9, 0, 9, 267.48
1733558837, 182, 57, 78, 0, 0, 0.06%, 9, 0, 9, 266.40
1733558848, 183, 11, 78, 0, 0, 0.06%, 9, 0, 9, 249.09
1733558853, 183, 13, 78, 0, 0, 0.06%, 9, 0, 9, 257.88
1733558858, 183, 15, 78, 0, 0, 0.06%, 9, 0, 9, 255.70
1733558863, 183, 24, 78, 0, 0, 0.06%, 9, 0, 9, 249.22
1733558873, 183, 27, 78, 0, 0, 0.06%, 9, 0, 9, 251.82
1733558878, 183, 33, 78, 0, 0, 0.06%, 9, 0, 9, 262.53
1733558883, 183, 55, 78, 0, 0, 0.06%, 9, 0, 9, 274.28
1733558888, 184, 11, 78, 0, 0, 0.06%, 9, 0, 9, 257.80
1733558893, 184, 13, 78, 0, 0, 0.06%, 9, 0, 9, 255.06
1733558898, 184, 15, 78, 0, 0, 0.06%, 9, 0, 9, 260.97
1733558903, 184, 16, 78, 0, 0, 0.06%, 9, 0, 9, 252.86
1733558909, 184, 24, 78, 0, 0, 0.06%, 9, 0, 9, 253.09
1733558914, 184, 27, 78, 0, 0, 0.06%, 9, 0, 9, 254.10
1733558919, 184, 40, 78, 0, 0, 0.06%, 9, 0, 9, 252.26
1733558924, 184, 49, 78, 0, 0, 0.06%, 9, 0, 9, 262.28
1733558929, 184, 64, 78, 0, 0, 0.06%, 9, 0, 9, 271.28
1733558934, 185, 10, 78, 0, 0, 0.06%, 9, 0, 9, 255.98
1733558939, 185, 12, 78, 0, 0, 0.06%, 9, 0, 9, 251.52
1733558944, 185, 13, 78, 0, 0, 0.06%, 9, 0, 9, 263.85
1733558949, 185, 15, 78, 0, 0, 0.06%, 9, 0, 9, 249.92
1733558954, 185, 23, 78, 0, 0, 0.06%, 9, 0, 9, 270.61
1733558959, 185, 24, 78, 0, 0, 0.06%, 9, 0, 9, 249.79
1733558964, 185, 27, 78, 0, 0, 0.06%, 9, 0, 9, 245.34
1733558969, 186, 3, 78, 0, 0, 0.06%, 9, 0, 9, 252.99
1733558975, 186, 11, 78, 0, 0, 0.06%, 9, 0, 9, 253.79
1733558980, 186, 13, 78, 0, 0, 0.06%, 9, 0, 9, 248.85
1733558985, 186, 15, 78, 0, 0, 0.06%, 9, 0, 9, 252.07
1733558990, 186, 16, 78, 0, 0, 0.06%, 9, 0, 9, 266.40
1733558995, 186, 23, 78, 0, 0, 0.06%, 9, 0, 9, 263.39
1733559000, 186, 24, 78, 0, 0, 0.06%, 9, 0, 9, 263.35
1733559005, 186, 27, 78, 0, 0, 0.06%, 9, 0, 9, 262.94
1733559010, 186, 34, 78, 0, 0, 0.06%, 9, 0, 9, 265.57
1733559015, 186, 36, 78, 0, 0, 0.06%, 9, 0, 9, 278.92
1733559020, 186, 69, 78, 0, 0, 0.06%, 9, 0, 9, 279.91
1733559025, 187, 10, 78, 0, 0, 0.06%, 9, 0, 9, 264.37
1733559030, 187, 12, 78, 0, 0, 0.06%, 9, 0, 9, 253.25
1733559035, 187, 14, 78, 0, 0, 0.06%, 9, 0, 9, 248.68
1733559040, 187, 16, 78, 0, 0, 0.06%, 9, 0, 9, 247.60
1733559045, 187, 24, 78, 0, 0, 0.06%, 9, 0, 9, 245.10
1733559051, 187, 27, 78, 0, 0, 0.06%, 9, 0, 9, 251.91
1733559056, 187, 31, 78, 0, 0, 0.06%, 9, 0, 9, 254.22
1733559061, 187, 32, 78, 0, 0, 0.06%, 9, 0, 9, 267.31
1733559066, 187, 39, 78, 0, 0, 0.06%, 9, 0, 9, 268.34
1733559071, 187, 54, 78, 0, 0, 0.06%, 9, 0, 9, 271.78
1733559076, 187, 74, 78, 0, 0, 0.06%, 9, 0, 9, 273.55
1733559081, 188, 2, 78, 0, 0, 0.06%, 9, 0, 9, 277.96
1733559086, 188, 11, 78, 0, 0, 0.06%, 9, 0, 9, 248.66
1733559091, 188, 13, 78, 0, 0, 0.06%, 9, 0, 9, 255.39
1733559096, 188, 15, 78, 0, 0, 0.06%, 9, 0, 9, 252.08
1733559101, 188, 16, 78, 0, 0, 0.06%, 9, 0, 9, 248.27
1733559106, 188, 24, 78, 0, 0, 0.06%, 9, 0, 9, 244.06
1733559111, 188, 27, 78, 0, 0, 0.06%, 9, 0, 9, 248.80
1733559117, 188, 44, 78, 0, 0, 0.06%, 9, 0, 9, 254.44
1733559122, 189, 11, 78, 0, 0, 0.06%, 9, 0, 9, 245.00
1733559127, 189, 13, 78, 0, 0, 0.06%, 9, 0, 9, 259.96
1733559132, 189, 14, 78, 0, 0, 0.06%, 9, 0, 9, 256.50
1733559137, 189, 16, 78, 0, 0, 0.06%, 9, 0, 9, 243.59
1733559142, 189, 24, 78, 0, 0, 0.06%, 9, 0, 9, 253.78
1733559147, 189, 27, 78, 0, 0, 0.06%, 9, 0, 9, 257.08
1733559152, 190, 11, 78, 0, 0, 0.06%, 9, 0, 9, 255.53
1733559157, 190, 12, 78, 0, 0, 0.06%, 9, 0, 9, 266.17
1733559162, 190, 14, 79, 1, 0, 0.06%, 9, 0, 9, 257.78
1733559167, 190, 16, 79, 1, 0, 0.06%, 9, 0, 9, 253.52
1733559172, 190, 24, 79, 1, 0, 0.06%, 9, 0, 9, 253.99
1733559177, 190, 27, 79, 1, 0, 0.06%, 9, 0, 9, 243.88
1733559182, 190, 55, 79, 1, 0, 0.06%, 9, 0, 9, 283.57
1733559188, 191, 11, 79, 1, 0, 0.06%, 9, 0, 9, 266.70
1733559193, 191, 12, 79, 1, 0, 0.06%, 9, 0, 9, 254.79
1733559198, 191, 14, 79, 1, 0, 0.06%, 9, 0, 9, 247.59
1733559203, 191, 16, 79, 1, 0, 0.06%, 9, 0, 9, 247.47
1733559208, 191, 23, 79, 1, 0, 0.06%, 9, 0, 9, 254.80
1733559213, 191, 24, 79, 1, 0, 0.06%, 9, 0, 9, 252.29
1733559218, 191, 27, 79, 1, 0, 0.06%, 9, 0, 9, 234.84
1733559223, 191, 30, 79, 1, 0, 0.06%, 9, 0, 9, 252.02
1733559228, 191, 52, 79, 1, 0, 0.06%, 9, 0, 9, 260.93
1733559233, 191, 62, 79, 1, 0, 0.06%, 9, 0, 9, 280.68
1733559238, 191, 65, 79, 1, 0, 0.06%, 9, 0, 9, 296.04
1733559244, 191, 78, 79, 1, 0, 0.06%, 9, 0, 9, 254.03
1733559249, 191, 78, 80, 2, 0, 0.06%, 9, 0, 9, 345.26
1733559584, 192, 3, 80, 1, 0, 0.06%, 9, 0, 9, 255.19
1733559589, 192, 11, 80, 1, 0, 0.06%, 9, 0, 9, 251.17
1733559595, 192, 13, 80, 1, 0, 0.06%, 9, 0, 9, 253.47
1733559600, 192, 15, 80, 1, 0, 0.06%, 9, 0, 9, 255.89
1733559605, 192, 24, 80, 1, 0, 0.06%, 9, 0, 9, 248.01
1733559610, 192, 27, 80, 1, 0, 0.06%, 9, 0, 9, 255.44
1733559615, 192, 29, 80, 1, 0, 0.06%, 9, 0, 9, 247.65
1733559620, 192, 32, 80, 1, 0, 0.06%, 9, 0, 9, 269.82
1733559630, 193, 11, 80, 1, 0, 0.06%, 9, 0, 9, 252.76
1733559635, 193, 13, 80, 1, 0, 0.06%, 9, 0, 9, 257.76
1733559641, 193, 15, 80, 1, 0, 0.06%, 9, 0, 9, 252.77
1733559646, 193, 16, 80, 1, 0, 0.06%, 9, 0, 9, 251.21
1733559651, 193, 24, 80, 1, 0, 0.06%, 9, 0, 9, 248.79
1733559656, 193, 27, 80, 1, 0, 0.06%, 9, 0, 9, 269.85
1733559661, 193, 30, 80, 1, 0, 0.06%, 9, 0, 9, 253.23
1733559666, 193, 37, 80, 1, 0, 0.06%, 9, 0, 9, 252.69
1733559671, 193, 41, 80, 1, 0, 0.06%, 9, 0, 9, 268.74
1733559676, 193, 47, 80, 1, 0, 0.06%, 9, 0, 9, 261.60
1733559681, 194, 10, 80, 1, 0, 0.06%, 9, 0, 9, 246.62
1733559686, 194, 12, 80, 1, 0, 0.06%, 9, 0, 9, 251.05
1733559691, 194, 14, 80, 1, 0, 0.06%, 9, 0, 9, 252.02
1733559696, 194, 15, 80, 1, 0, 0.06%, 9, 0, 9, 238.51
1733559702, 194, 24, 80, 1, 0, 0.06%, 9, 0, 9, 237.92
1733559707, 194, 27, 80, 1, 0, 0.06%, 9, 0, 9, 252.06
1733559712, 194, 32, 80, 1, 0, 0.06%, 9, 0, 9, 281.16
1733559717, 194, 45, 80, 1, 0, 0.06%, 9, 0, 9, 279.33
1733559722, 194, 49, 80, 1, 0, 0.06%, 9, 0, 9, 273.74
1733559727, 195, 10, 80, 1, 0, 0.06%, 9, 0, 9, 254.02
1733559732, 195, 11, 80, 1, 0, 0.06%, 9, 0, 9, 258.96
1733559737, 195, 13, 80, 1, 0, 0.06%, 9, 0, 9, 253.19
1733559742, 195, 15, 80, 1, 0, 0.06%, 9, 0, 9, 242.42
1733559747, 195, 20, 80, 1, 0, 0.06%, 9, 0, 9, 244.31
1733559752, 195, 24, 80, 1, 0, 0.06%, 9, 0, 9, 250.89
1733559757, 195, 27, 80, 1, 0, 0.06%, 9, 0, 9, 249.85
1733559768, 195, 69, 80, 1, 0, 0.06%, 9, 0, 9, 283.73
1733559773, 195, 79, 80, 1, 0, 0.06%, 9, 0, 9, 337.07
1733560120, 196, 10, 80, 0, 0, 0.06%, 9, 0, 9, 265.46
1733560125, 196, 12, 80, 0, 0, 0.06%, 9, 0, 9, 254.33
1733560130, 196, 14, 80, 0, 0, 0.06%, 9, 0, 9, 259.61
1733560135, 196, 16, 80, 0, 0, 0.06%, 9, 0, 9, 253.18
1733560140, 196, 24, 80, 0, 0, 0.06%, 9, 0, 9, 250.66
1733560145, 196, 27, 80, 0, 0, 0.06%, 9, 0, 9, 252.59
1733560150, 196, 34, 80, 0, 0, 0.06%, 9, 0, 9, 258.24
1733560155, 196, 52, 80, 0, 0, 0.06%, 9, 0, 9, 270.62
1733560160, 196, 68, 80, 0, 0, 0.06%, 9, 0, 9, 275.29
1733560166, 197, 0, 80, 0, 0, 0.06%, 9, 0, 9, 269.68
1733560171, 197, 11, 80, 0, 0, 0.06%, 9, 0, 9, 243.26
1733560176, 197, 13, 80, 0, 0, 0.06%, 9, 0, 9, 252.67
1733560181, 197, 15, 80, 0, 0, 0.06%, 9, 0, 9, 251.29
1733560186, 197, 24, 80, 0, 0, 0.06%, 9, 0, 9, 246.90
1733560191, 197, 27, 80, 0, 0, 0.06%, 9, 0, 9, 254.87
1733560201, 198, 11, 80, 0, 0, 0.06%, 9, 0, 9, 253.98
1733560206, 198, 13, 80, 0, 0, 0.06%, 9, 0, 9, 251.83
1733560212, 198, 15, 80, 0, 0, 0.06%, 9, 0, 9, 248.21
1733560217, 198, 24, 80, 0, 0, 0.06%, 9, 0, 9, 251.15
1733560222, 198, 27, 80, 0, 0, 0.06%, 9, 0, 9, 268.58
1733560232, 198, 46, 80, 0, 0, 0.06%, 9, 0, 9, 279.09
1733560237, 198, 62, 80, 0, 0, 0.06%, 9, 0, 9, 273.47
1733560242, 198, 69, 80, 0, 0, 0.06%, 9, 0, 9, 279.69
1733560247, 198, 71, 80, 0, 0, 0.06%, 9, 0, 9, 272.25
1733560252, 198, 73, 80, 0, 0, 0.06%, 9, 0, 9, 269.92
1733560258, 198, 77, 80, 0, 0, 0.06%, 9, 0, 9, 315.35
1733560288, 199, 11, 80, 0, 0, 0.06%, 9, 0, 9, 253.17
1733560293, 199, 12, 80, 0, 0, 0.06%, 9, 0, 9, 252.46
1733560298, 199, 14, 80, 0, 0, 0.06%, 9, 0, 9, 252.66
1733560303, 199, 16, 80, 0, 0, 0.06%, 9, 0, 9, 247.53
1733560308, 199, 18, 80, 0, 0, 0.06%, 9, 0, 9, 237.54
1733560313, 199, 24, 80, 0, 0, 0.06%, 9, 0, 9, 233.36
1733560318, 199, 27, 80, 0, 0, 0.06%, 9, 0, 9, 251.44
1733560323, 199, 28, 80, 0, 0, 0.06%, 9, 0, 9, 271.51
1733560328, 199, 34, 80, 0, 0, 0.06%, 9, 0, 9, 250.47
1733560333, 199, 36, 80, 0, 0, 0.06%, 9, 0, 9, 257.44
1733560339, 199, 41, 80, 0, 0, 0.06%, 9, 0, 9, 273.19
1733560344, 199, 41, 81, 1, 0, 0.07%, 10, 0, 9, 246.41
1733560349, 199, 80, 81, 1, 1, 0.07%, 10, 0, 9, 247.95
1733560359, 199, 80, 82, 2, 1, 0.08%, 11, 0, 9, 227.12
1733560435, 199, 81, 83, 2, 1, 0.08%, 12, 0, 9, 254.53
1733560486, 199, 82, 83, 1, 1, 0.08%, 12, 0, 9, 290.20
1733560496, 199, 82, 84, 2, 1, 0.08%, 12, 0, 9, 242.78
1733560501, 199, 82, 85, 3, 1, 0.10%, 13, 0, 9, 238.64
1733560522, 199, 82, 86, 4, 1, 0.10%, 13, 0, 9, 239.06
1733560527, 199, 82, 87, 5, 1, 0.10%, 13, 0, 9, 240.38
