# unix_time, cycles_done, cur_path, paths_total, pending_total, pending_favs, map_size, unique_crashes, unique_hangs, max_depth, execs_per_sec
1735014263, 0, 0, 10, 10, 1, 0.00%, 0, 0, 1, 152.09
1735014268, 0, 2, 10, 10, 1, 0.00%, 0, 0, 1, 186.03
1735014273, 0, 3, 10, 9, 0, 0.00%, 0, 0, 1, 177.07
1735014283, 0, 4, 10, 8, 0, 0.00%, 0, 0, 1, 184.47
1735014288, 0, 5, 10, 7, 0, 0.00%, 0, 0, 1, 176.74
1735014299, 0, 6, 10, 6, 0, 0.00%, 0, 0, 1, 189.49
1735014304, 0, 7, 10, 5, 0, 0.00%, 0, 0, 1, 183.30
1735014314, 0, 8, 10, 4, 0, 0.00%, 0, 0, 1, 175.83
1735014324, 0, 9, 10, 3, 0, 0.00%, 0, 0, 1, 186.40
1735014329, 1, 0, 10, 2, 0, 0.00%, 0, 0, 1, 176.93
1735014340, 1, 1, 10, 1, 0, 0.00%, 0, 0, 1, 180.56
1735014350, 1, 2, 10, 0, 0, 0.00%, 0, 0, 1, 186.09
1735014355, 1, 3, 10, 0, 0, 0.00%, 0, 0, 1, 181.10
1735014360, 1, 4, 10, 0, 0, 0.00%, 0, 0, 1, 185.41
1735014365, 1, 5, 10, 0, 0, 0.00%, 0, 0, 1, 183.18
1735014370, 1, 7, 10, 0, 0, 0.00%, 0, 0, 1, 182.97
1735014375, 1, 8, 10, 0, 0, 0.00%, 0, 0, 1, 184.83
1735014380, 1, 9, 10, 0, 0, 0.00%, 0, 0, 1, 183.88
1735014385, 2, 0, 10, 0, 0, 0.00%, 0, 0, 1, 184.31
1735014391, 2, 2, 10, 0, 0, 0.00%, 0, 0, 1, 182.52
1735014396, 2, 3, 10, 0, 0, 0.00%, 0, 0, 1, 183.88
1735014401, 2, 4, 10, 0, 0, 0.00%, 0, 0, 1, 183.05
1735014406, 2, 6, 10, 0, 0, 0.00%, 0, 0, 1, 184.64
1735014411, 2, 7, 10, 0, 0, 0.00%, 0, 0, 1, 184.07
1735014416, 2, 8, 10, 0, 0, 0.00%, 0, 0, 1, 182.67
1735014421, 2, 9, 10, 0, 0, 0.00%, 0, 0, 1, 181.38
1735014427, 3, 1, 10, 0, 0, 0.00%, 0, 0, 1, 186.06
1735014432, 3, 2, 10, 0, 0, 0.00%, 0, 0, 1, 179.42
1735014437, 3, 3, 10, 0, 0, 0.00%, 0, 0, 1, 180.65
1735014442, 3, 4, 10, 0, 0, 0.00%, 0, 0, 1, 182.49
1735014447, 3, 6, 10, 0, 0, 0.00%, 0, 0, 1, 187.17
1735014452, 3, 10, 11, 1, 1, 0.05%, 1, 0, 2, 193.19
1735014457, 3, 10, 12, 2, 1, 0.05%, 2, 0, 3, 195.57
1735014504, 3, 11, 15, 4, 1, 0.06%, 5, 0, 4, 216.22
1735014514, 3, 11, 16, 5, 1, 0.06%, 6, 0, 4, 203.19
1735014565, 3, 11, 17, 6, 1, 0.06%, 6, 0, 4, 194.28
1735014585, 3, 11, 18, 7, 1, 0.06%, 6, 0, 4, 194.62
1735014600, 3, 11, 19, 8, 1, 0.06%, 6, 0, 4, 197.05
1735014636, 3, 12, 19, 7, 4, 0.06%, 6, 0, 4, 226.15
1735014687, 3, 12, 20, 8, 4, 0.06%, 6, 0, 5, 202.07
1735014697, 3, 13, 20, 7, 3, 0.06%, 6, 0, 5, 227.69
1735014712, 3, 13, 21, 8, 3, 0.06%, 7, 0, 5, 198.01
1735014748, 3, 13, 22, 9, 3, 0.06%, 7, 0, 5, 198.93
1735014758, 3, 13, 23, 10, 3, 0.06%, 7, 0, 5, 199.54
1735014793, 3, 13, 24, 11, 3, 0.06%, 8, 0, 5, 200.13
1735014829, 3, 13, 25, 12, 3, 0.06%, 8, 0, 5, 211.86
1735014834, 3, 14, 25, 11, 4, 0.06%, 8, 0, 5, 233.16
1735014870, 3, 14, 27, 13, 4, 0.06%, 8, 0, 5, 233.47
1735014885, 3, 15, 28, 13, 3, 0.06%, 9, 0, 5, 247.35
1735014900, 3, 15, 29, 14, 3, 0.06%, 9, 0, 5, 226.92
1735014905, 3, 15, 30, 15, 3, 0.06%, 9, 0, 5, 224.69
1735014911, 3, 15, 31, 16, 3, 0.06%, 9, 0, 5, 230.92
1735014946, 3, 15, 32, 17, 3, 0.06%, 9, 0, 5, 230.62
1735014992, 3, 15, 33, 18, 3, 0.06%, 9, 0, 5, 232.94
1735014997, 3, 15, 36, 21, 3, 0.06%, 9, 0, 5, 245.87
1735015007, 3, 15, 38, 23, 3, 0.06%, 9, 0, 5, 234.38
1735015012, 3, 20, 38, 22, 3, 0.06%, 9, 0, 5, 243.50
1735015048, 3, 20, 39, 23, 3, 0.06%, 9, 0, 6, 219.13
1735015053, 3, 23, 39, 22, 2, 0.06%, 9, 0, 6, 251.91
1735015088, 3, 23, 40, 23, 2, 0.06%, 9, 0, 6, 234.63
1735015099, 3, 27, 40, 22, 1, 0.06%, 9, 0, 6, 263.99
1735015109, 3, 27, 41, 23, 1, 0.06%, 9, 0, 6, 233.73
1735015134, 3, 27, 42, 24, 1, 0.06%, 9, 0, 6, 229.73
1735015160, 3, 27, 43, 25, 1, 0.06%, 9, 0, 6, 226.32
1735015175, 3, 27, 44, 26, 1, 0.06%, 9, 0, 6, 222.22
1735015220, 3, 31, 44, 25, 0, 0.06%, 9, 0, 6, 208.83
1735015469, 3, 31, 45, 26, 0, 0.06%, 9, 0, 6, 400.19
1735015474, 3, 31, 46, 27, 0, 0.06%, 9, 0, 6, 355.73
1735015489, 3, 31, 49, 30, 0, 0.06%, 9, 0, 6, 338.99
1735015545, 3, 31, 52, 33, 0, 0.06%, 9, 0, 6, 241.00
1735015555, 3, 35, 52, 32, 0, 0.06%, 9, 0, 6, 387.60
1735015585, 3, 36, 52, 31, 0, 0.06%, 9, 0, 6, 318.29
1735015677, 3, 39, 53, 31, 0, 0.06%, 9, 0, 7, 244.28
1735015723, 3, 43, 53, 30, 0, 0.06%, 9, 0, 7, 330.61
1735015763, 3, 43, 54, 31, 0, 0.06%, 9, 0, 7, 291.44
1735015789, 3, 50, 54, 30, 0, 0.06%, 9, 0, 7, 295.37
1735015824, 4, 10, 54, 29, 0, 0.06%, 9, 0, 7, 235.97
1735015834, 4, 11, 54, 29, 0, 0.06%, 9, 0, 7, 233.38
1735015840, 4, 12, 54, 29, 0, 0.06%, 9, 0, 7, 224.35
1735015850, 4, 13, 54, 29, 0, 0.06%, 9, 0, 7, 233.33
1735015860, 4, 14, 55, 30, 0, 0.06%, 9, 0, 7, 254.13
1735015875, 4, 15, 55, 30, 0, 0.06%, 9, 0, 7, 245.06
1735015880, 4, 15, 56, 31, 0, 0.06%, 9, 0, 7, 240.86
1735015885, 4, 20, 56, 31, 0, 0.06%, 9, 0, 7, 238.06
1735015901, 4, 23, 56, 31, 0, 0.06%, 9, 0, 7, 227.76
1735015911, 4, 27, 56, 31, 0, 0.06%, 9, 0, 7, 247.48
1735015921, 4, 38, 56, 31, 0, 0.06%, 9, 0, 7, 281.43
1735015936, 4, 38, 57, 32, 0, 0.06%, 9, 0, 7, 275.06
1735015961, 4, 38, 58, 33, 0, 0.06%, 9, 0, 7, 273.40
1735016002, 4, 42, 58, 32, 0, 0.06%, 9, 0, 7, 262.76
1735016038, 4, 45, 58, 31, 0, 0.06%, 9, 0, 7, 256.39
1735016276, 4, 45, 59, 32, 0, 0.06%, 9, 0, 7, 369.78
1735016297, 4, 49, 59, 31, 0, 0.06%, 9, 0, 7, 274.77
1735016327, 4, 55, 59, 30, 0, 0.06%, 9, 0, 7, 316.92
1735016383, 4, 58, 60, 30, 0, 0.06%, 9, 0, 7, 246.44
1735016398, 4, 58, 61, 31, 0, 0.06%, 9, 0, 8, 466.06
1735016693, 5, 6, 61, 30, 0, 0.06%, 9, 0, 8, 233.73
1735016698, 5, 10, 61, 30, 0, 0.06%, 9, 0, 8, 252.62
1735016703, 5, 11, 61, 30, 0, 0.06%, 9, 0, 8, 253.61
1735016708, 5, 12, 61, 30, 0, 0.06%, 9, 0, 8, 228.35
1735016718, 5, 13, 61, 30, 0, 0.06%, 9, 0, 8, 234.32
1735016728, 5, 14, 61, 30, 0, 0.06%, 9, 0, 8, 237.01
1735016738, 5, 15, 61, 30, 0, 0.06%, 9, 0, 8, 275.13
1735016754, 5, 20, 61, 30, 0, 0.06%, 9, 0, 8, 232.96
1735016764, 5, 22, 61, 30, 0, 0.06%, 9, 0, 8, 281.69
1735016789, 5, 23, 61, 29, 0, 0.06%, 9, 0, 8, 248.54
1735016800, 5, 23, 62, 30, 0, 0.06%, 9, 0, 8, 262.54
1735016805, 5, 27, 62, 30, 0, 0.06%, 9, 0, 8, 247.02
1735016815, 5, 28, 62, 30, 0, 0.06%, 9, 0, 8, 291.60
1735016840, 5, 46, 62, 29, 0, 0.06%, 9, 0, 8, 268.03
1735017088, 5, 61, 63, 29, 0, 0.06%, 9, 0, 8, 285.18
1735017221, 6, 10, 63, 28, 0, 0.06%, 9, 0, 8, 231.57
1735017226, 6, 12, 63, 28, 0, 0.06%, 9, 0, 8, 233.15
1735017231, 6, 13, 63, 28, 0, 0.06%, 9, 0, 8, 234.43
1735017236, 6, 14, 63, 28, 0, 0.06%, 9, 0, 8, 261.20
1735017246, 6, 15, 63, 28, 0, 0.06%, 9, 0, 8, 245.71
1735017251, 6, 20, 63, 28, 0, 0.06%, 9, 0, 8, 243.02
1735017256, 6, 23, 63, 28, 0, 0.06%, 9, 0, 8, 231.39
1735017261, 6, 27, 63, 28, 0, 0.06%, 9, 0, 8, 255.14
1735017266, 6, 32, 63, 28, 0, 0.06%, 9, 0, 8, 319.84
1735017302, 6, 33, 63, 27, 0, 0.06%, 9, 0, 8, 340.49
1735017328, 6, 37, 63, 26, 0, 0.06%, 9, 0, 8, 258.63
1735017414, 6, 41, 63, 25, 0, 0.06%, 9, 0, 8, 311.76
1735017445, 6, 43, 63, 24, 0, 0.06%, 9, 0, 8, 295.46
1735017455, 6, 51, 63, 24, 0, 0.06%, 9, 0, 8, 378.46
1735017480, 6, 54, 63, 23, 0, 0.06%, 9, 0, 8, 323.72
1735017495, 6, 54, 64, 24, 0, 0.06%, 9, 0, 8, 238.81
1735017525, 6, 54, 65, 25, 0, 0.06%, 9, 0, 8, 232.48
1735017530, 6, 54, 66, 26, 0, 0.06%, 9, 0, 8, 237.01
1735017561, 6, 54, 67, 27, 0, 0.06%, 9, 0, 8, 231.93
1735017643, 6, 63, 67, 26, 0, 0.06%, 9, 0, 8, 276.13
1735017653, 6, 63, 68, 27, 0, 0.06%, 9, 0, 8, 227.71
1735017734, 7, 11, 68, 26, 0, 0.06%, 9, 0, 8, 243.35
1735017739, 7, 12, 68, 26, 0, 0.06%, 9, 0, 8, 237.22
1735017744, 7, 13, 68, 26, 0, 0.06%, 9, 0, 8, 231.38
1735017749, 7, 14, 68, 26, 0, 0.06%, 9, 0, 8, 236.39
1735017754, 7, 15, 68, 26, 0, 0.06%, 9, 0, 8, 254.58
1735017759, 7, 17, 68, 26, 0, 0.06%, 9, 0, 8, 276.18
1735017784, 7, 17, 69, 27, 0, 0.06%, 9, 0, 8, 262.01
1735017789, 7, 20, 69, 26, 0, 0.06%, 9, 0, 8, 262.18
1735017795, 7, 21, 69, 26, 0, 0.06%, 9, 0, 8, 324.61
1735017820, 7, 23, 69, 25, 0, 0.06%, 9, 0, 8, 255.82
1735017825, 7, 23, 70, 26, 0, 0.06%, 9, 0, 8, 273.99
1735017830, 7, 27, 70, 26, 0, 0.06%, 9, 0, 8, 250.94
1735017835, 7, 34, 70, 26, 0, 0.06%, 9, 0, 8, 299.00
1735017865, 7, 40, 70, 25, 0, 0.06%, 9, 0, 8, 320.47
1735017886, 7, 40, 71, 26, 0, 0.06%, 9, 0, 8, 249.24
1735017891, 7, 44, 71, 25, 0, 0.06%, 9, 0, 8, 310.07
1735017966, 7, 66, 71, 24, 0, 0.06%, 9, 0, 8, 357.99
1735017992, 7, 66, 73, 26, 0, 0.06%, 9, 0, 8, 391.96
1735018098, 7, 68, 73, 25, 0, 0.06%, 9, 0, 8, 232.76
1735018215, 7, 71, 73, 24, 0, 0.06%, 9, 0, 8, 381.15
1735018336, 8, 10, 73, 23, 0, 0.06%, 9, 0, 8, 251.40
1735018342, 8, 12, 73, 23, 0, 0.06%, 9, 0, 8, 234.28
1735018347, 8, 13, 73, 23, 0, 0.06%, 9, 0, 8, 240.58
1735018352, 8, 14, 73, 23, 0, 0.06%, 9, 0, 8, 254.82
1735018357, 8, 15, 73, 23, 0, 0.06%, 9, 0, 8, 249.59
1735018367, 8, 20, 73, 23, 0, 0.06%, 9, 0, 8, 246.08
1735018372, 8, 23, 73, 23, 0, 0.06%, 9, 0, 8, 237.89
1735018377, 8, 25, 73, 23, 0, 0.06%, 9, 0, 8, 321.01
1735018403, 8, 27, 73, 22, 0, 0.06%, 9, 0, 8, 266.93
1735018413, 8, 29, 73, 22, 0, 0.06%, 9, 0, 8, 362.13
1735018530, 8, 37, 73, 21, 0, 0.06%, 9, 0, 8, 269.47
1735018540, 8, 47, 73, 21, 0, 0.06%, 9, 0, 8, 233.63
1735018788, 8, 52, 73, 20, 0, 0.06%, 9, 0, 8, 289.40
1735018818, 8, 56, 73, 19, 0, 0.06%, 9, 0, 8, 388.36
1735018849, 8, 56, 75, 21, 0, 0.06%, 9, 0, 8, 426.82
1735018982, 8, 57, 75, 20, 0, 0.06%, 9, 0, 8, 319.40
1735019149, 8, 64, 75, 19, 0, 0.06%, 9, 0, 8, 304.76
1735019205, 8, 70, 75, 18, 0, 0.06%, 9, 0, 8, 354.10
1735019256, 9, 10, 75, 17, 0, 0.06%, 9, 0, 8, 271.60
1735019261, 9, 12, 75, 17, 0, 0.06%, 9, 0, 8, 249.28
1735019266, 9, 13, 75, 17, 0, 0.06%, 9, 0, 8, 244.85
1735019271, 9, 14, 75, 17, 0, 0.06%, 9, 0, 8, 256.61
1735019276, 9, 15, 75, 17, 0, 0.06%, 9, 0, 8, 247.01
1735019281, 9, 16, 75, 17, 0, 0.06%, 9, 0, 8, 268.98
1735019312, 9, 20, 75, 16, 0, 0.06%, 9, 0, 8, 257.09
1735019317, 9, 23, 75, 16, 0, 0.06%, 9, 0, 8, 249.41
1735019322, 9, 27, 75, 16, 0, 0.06%, 9, 0, 8, 268.42
1735019327, 9, 60, 75, 16, 0, 0.06%, 9, 0, 8, 220.23
1735019662, 9, 65, 75, 15, 0, 0.06%, 9, 0, 8, 402.03
1735019733, 10, 11, 75, 14, 0, 0.06%, 9, 0, 8, 250.30
1735019738, 10, 12, 75, 14, 0, 0.06%, 9, 0, 8, 248.12
1735019743, 10, 13, 75, 14, 0, 0.06%, 9, 0, 8, 241.37
1735019748, 10, 14, 75, 14, 0, 0.06%, 9, 0, 8, 240.17
1735019753, 10, 15, 75, 14, 0, 0.06%, 9, 0, 8, 259.93
1735019758, 10, 20, 75, 14, 0, 0.06%, 9, 0, 8, 261.54
1735019763, 10, 23, 75, 14, 0, 0.06%, 9, 0, 8, 274.11
1735019773, 10, 27, 75, 14, 0, 0.06%, 9, 0, 8, 248.03
1735019779, 10, 53, 75, 14, 0, 0.06%, 9, 0, 8, 392.18
1735019819, 10, 60, 75, 13, 0, 0.06%, 9, 0, 8, 291.67
1735019824, 10, 73, 75, 13, 0, 0.06%, 9, 0, 8, 351.28
1735019972, 10, 74, 75, 12, 0, 0.06%, 9, 0, 8, 363.60
1735020119, 11, 10, 75, 11, 0, 0.06%, 9, 0, 8, 237.32
1735020124, 11, 12, 75, 11, 0, 0.06%, 9, 0, 8, 246.39
1735020130, 11, 13, 75, 11, 0, 0.06%, 9, 0, 8, 260.15
1735020135, 11, 14, 75, 11, 0, 0.06%, 9, 0, 8, 275.13
1735020145, 11, 15, 75, 11, 0, 0.06%, 9, 0, 8, 269.97
1735020150, 11, 18, 75, 11, 0, 0.06%, 9, 0, 8, 359.33
1735020181, 11, 20, 75, 10, 0, 0.06%, 9, 0, 8, 245.38
1735020186, 11, 23, 75, 10, 0, 0.06%, 9, 0, 8, 246.63
1735020191, 11, 27, 75, 10, 0, 0.06%, 9, 0, 8, 252.31
1735020196, 11, 30, 75, 10, 0, 0.06%, 9, 0, 8, 306.51
1735020272, 11, 39, 75, 9, 0, 0.06%, 9, 0, 8, 269.95
1735020282, 11, 41, 75, 9, 0, 0.06%, 9, 0, 8, 254.13
1735020297, 11, 44, 75, 9, 0, 0.06%, 9, 0, 8, 293.42
1735020307, 11, 45, 75, 9, 0, 0.06%, 9, 0, 8, 316.24
1735020312, 11, 46, 75, 9, 0, 0.06%, 9, 0, 8, 294.13
1735020323, 11, 48, 75, 9, 0, 0.06%, 9, 0, 8, 268.55
1735020576, 11, 65, 75, 8, 0, 0.06%, 9, 0, 8, 290.62
1735020586, 11, 69, 75, 8, 0, 0.06%, 9, 0, 8, 301.50
1735020632, 11, 69, 76, 9, 0, 0.06%, 9, 0, 8, 301.88
1735020688, 12, 10, 76, 8, 0, 0.06%, 9, 0, 8, 292.57
1735020693, 12, 12, 76, 8, 0, 0.06%, 9, 0, 8, 275.35
1735020703, 12, 13, 76, 8, 0, 0.06%, 9, 0, 8, 251.05
1735020708, 12, 14, 76, 8, 0, 0.06%, 9, 0, 8, 260.24
1735020713, 12, 15, 76, 8, 0, 0.06%, 9, 0, 8, 257.84
1735020718, 12, 20, 76, 8, 0, 0.06%, 9, 0, 8, 267.21
1735020723, 12, 23, 76, 8, 0, 0.06%, 9, 0, 8, 270.74
1735020729, 12, 25, 76, 8, 0, 0.06%, 9, 0, 8, 259.94
1735020739, 12, 26, 76, 8, 0, 0.06%, 9, 0, 8, 334.24
1735020795, 12, 27, 76, 7, 0, 0.06%, 9, 0, 8, 265.01
1735020800, 12, 52, 76, 7, 0, 0.06%, 9, 0, 8, 276.16
1735020815, 12, 62, 76, 7, 0, 0.06%, 9, 0, 8, 341.86
1735020942, 12, 64, 76, 6, 0, 0.06%, 9, 0, 8, 262.73
1735020953, 12, 72, 76, 6, 0, 0.06%, 9, 0, 8, 268.22
1735021075, 12, 74, 76, 5, 0, 0.06%, 9, 0, 8, 273.61
1735021105, 13, 10, 76, 5, 0, 0.06%, 9, 0, 8, 235.57
1735021110, 13, 11, 76, 5, 0, 0.06%, 9, 0, 8, 261.64
1735021115, 13, 12, 76, 5, 0, 0.06%, 9, 0, 8, 254.35
1735021120, 13, 13, 76, 5, 0, 0.06%, 9, 0, 8, 265.50
1735021125, 13, 14, 76, 5, 0, 0.06%, 9, 0, 8, 253.91
1735021130, 13, 15, 76, 5, 0, 0.06%, 9, 0, 8, 258.37
1735021135, 13, 19, 76, 5, 0, 0.06%, 9, 0, 8, 292.95
1735021166, 13, 20, 76, 4, 0, 0.06%, 9, 0, 8, 254.71
1735021171, 13, 23, 76, 4, 0, 0.06%, 9, 0, 8, 261.56
1735021176, 13, 27, 76, 4, 0, 0.06%, 9, 0, 8, 251.75
1735021181, 13, 59, 76, 4, 0, 0.06%, 9, 0, 8, 321.42
1735021293, 13, 65, 76, 3, 0, 0.06%, 9, 0, 8, 266.51
1735021303, 13, 74, 76, 3, 0, 0.06%, 9, 0, 8, 287.70
1735021314, 14, 10, 76, 3, 0, 0.06%, 9, 0, 8, 261.04
1735021319, 14, 12, 76, 3, 0, 0.06%, 9, 0, 8, 250.81
1735021324, 14, 13, 76, 3, 0, 0.06%, 9, 0, 8, 263.33
1735021329, 14, 14, 76, 3, 0, 0.06%, 9, 0, 8, 255.16
1735021334, 14, 15, 76, 3, 0, 0.06%, 9, 0, 8, 272.68
1735021344, 14, 20, 76, 3, 0, 0.06%, 9, 0, 8, 272.31
1735021349, 14, 23, 76, 3, 0, 0.06%, 9, 0, 8, 260.04
1735021354, 14, 27, 76, 3, 0, 0.06%, 9, 0, 8, 253.11
1735021359, 14, 43, 76, 3, 0, 0.06%, 9, 0, 8, 296.56
1735021370, 15, 10, 76, 3, 0, 0.06%, 9, 0, 8, 252.13
1735021375, 15, 12, 76, 3, 0, 0.06%, 9, 0, 8, 250.73
1735021380, 15, 13, 76, 3, 0, 0.06%, 9, 0, 8, 252.76
1735021385, 15, 14, 76, 3, 0, 0.06%, 9, 0, 8, 251.25
1735021390, 15, 15, 76, 3, 0, 0.06%, 9, 0, 8, 250.78
1735021395, 15, 20, 76, 3, 0, 0.06%, 9, 0, 8, 248.35
1735021400, 15, 23, 76, 3, 0, 0.06%, 9, 0, 8, 266.61
1735021410, 15, 27, 76, 3, 0, 0.06%, 9, 0, 8, 253.14
1735021415, 15, 33, 76, 3, 0, 0.06%, 9, 0, 8, 267.22
1735021425, 15, 53, 76, 3, 0, 0.06%, 9, 0, 8, 272.75
1735021435, 15, 67, 76, 3, 0, 0.06%, 9, 0, 8, 314.26
1735021599, 15, 75, 76, 2, 0, 0.06%, 9, 0, 8, 314.08
1735021701, 16, 2, 76, 1, 0, 0.06%, 9, 0, 8, 282.07
1735021706, 16, 11, 76, 1, 0, 0.06%, 9, 0, 8, 263.52
1735021711, 16, 12, 76, 1, 0, 0.06%, 9, 0, 8, 252.82
1735021716, 16, 13, 76, 1, 0, 0.06%, 9, 0, 8, 252.64
1735021721, 16, 14, 76, 1, 0, 0.06%, 9, 0, 8, 253.46
1735021726, 16, 15, 76, 1, 0, 0.06%, 9, 0, 8, 260.60
1735021731, 16, 20, 76, 1, 0, 0.06%, 9, 0, 8, 253.25
1735021736, 16, 23, 76, 1, 0, 0.06%, 9, 0, 8, 246.58
1735021741, 16, 27, 76, 1, 0, 0.06%, 9, 0, 8, 268.27
1735021746, 16, 34, 76, 1, 0, 0.06%, 9, 0, 8, 272.24
1735021762, 16, 74, 76, 1, 0, 0.06%, 9, 0, 8, 269.93
1735021767, 17, 10, 76, 1, 0, 0.06%, 9, 0, 8, 249.48
1735021772, 17, 12, 76, 1, 0, 0.06%, 9, 0, 8, 258.98
1735021777, 17, 13, 76, 1, 0, 0.06%, 9, 0, 8, 249.00
1735021782, 17, 14, 76, 1, 0, 0.06%, 9, 0, 8, 252.16
1735021792, 17, 15, 76, 1, 0, 0.06%, 9, 0, 8, 261.63
1735021797, 17, 20, 76, 1, 0, 0.06%, 9, 0, 8, 251.20
1735021802, 17, 23, 76, 1, 0, 0.06%, 9, 0, 8, 258.78
1735021807, 17, 24, 76, 1, 0, 0.06%, 9, 0, 8, 309.22
1735021833, 17, 27, 76, 0, 0, 0.06%, 9, 0, 8, 262.21
1735021843, 17, 30, 76, 0, 0, 0.06%, 9, 0, 8, 289.55
1735021853, 17, 56, 76, 0, 0, 0.06%, 9, 0, 8, 279.62
1735021858, 17, 72, 76, 0, 0, 0.06%, 9, 0, 8, 272.83
1735021868, 18, 11, 76, 0, 0, 0.06%, 9, 0, 8, 262.11
1735021873, 18, 12, 76, 0, 0, 0.06%, 9, 0, 8, 262.43
1735021878, 18, 13, 76, 0, 0, 0.06%, 9, 0, 8, 258.86
1735021883, 18, 14, 76, 0, 0, 0.06%, 9, 0, 8, 259.45
1735021888, 18, 15, 76, 0, 0, 0.06%, 9, 0, 8, 257.62
1735021894, 18, 20, 76, 0, 0, 0.06%, 9, 0, 8, 259.24
1735021899, 18, 23, 76, 0, 0, 0.06%, 9, 0, 8, 252.34
1735021904, 18, 27, 76, 0, 0, 0.06%, 9, 0, 8, 284.02
1735021909, 18, 30, 76, 0, 0, 0.06%, 9, 0, 8, 310.07
1735021919, 18, 42, 76, 0, 0, 0.06%, 9, 0, 8, 270.13
1735021929, 19, 10, 76, 0, 0, 0.06%, 9, 0, 8, 259.46
1735021934, 19, 12, 76, 0, 0, 0.06%, 9, 0, 8, 259.96
1735021939, 19, 13, 76, 0, 0, 0.06%, 9, 0, 8, 264.25
1735021950, 19, 14, 76, 0, 0, 0.06%, 9, 0, 8, 260.36
1735021955, 19, 15, 76, 0, 0, 0.06%, 9, 0, 8, 260.23
1735021960, 19, 20, 76, 0, 0, 0.06%, 9, 0, 8, 257.44
1735021965, 19, 23, 76, 0, 0, 0.06%, 9, 0, 8, 247.18
1735021970, 19, 27, 76, 0, 0, 0.06%, 9, 0, 8, 272.13
1735021975, 19, 59, 76, 0, 0, 0.06%, 9, 0, 8, 274.27
1735021980, 19, 72, 76, 0, 0, 0.06%, 9, 0, 8, 284.84
1735021990, 20, 11, 76, 0, 0, 0.06%, 9, 0, 8, 265.30
1735021995, 20, 12, 76, 0, 0, 0.06%, 9, 0, 8, 249.28
1735022000, 20, 13, 76, 0, 0, 0.06%, 9, 0, 8, 244.63
1735022005, 20, 14, 76, 0, 0, 0.06%, 9, 0, 8, 253.12
1735022010, 20, 15, 76, 0, 0, 0.06%, 9, 0, 8, 264.70
1735022015, 20, 20, 76, 0, 0, 0.06%, 9, 0, 8, 263.00
1735022020, 20, 23, 76, 0, 0, 0.06%, 9, 0, 8, 257.65
1735022025, 20, 27, 76, 0, 0, 0.06%, 9, 0, 8, 252.32
1735022035, 20, 68, 76, 0, 0, 0.06%, 9, 0, 8, 273.03
1735022045, 21, 10, 76, 0, 0, 0.06%, 9, 0, 8, 269.28
1735022050, 21, 12, 76, 0, 0, 0.06%, 9, 0, 8, 247.31
1735022055, 21, 13, 76, 0, 0, 0.06%, 9, 0, 8, 244.80
1735022060, 21, 14, 76, 0, 0, 0.06%, 9, 0, 8, 247.01
1735022065, 21, 15, 76, 0, 0, 0.06%, 9, 0, 8, 271.43
1735022070, 21, 20, 76, 0, 0, 0.06%, 9, 0, 8, 281.85
1735022076, 21, 23, 76, 0, 0, 0.06%, 9, 0, 8, 263.80
1735022081, 21, 24, 76, 0, 0, 0.06%, 9, 0, 8, 273.71
1735022091, 21, 27, 76, 0, 0, 0.06%, 9, 0, 8, 265.76
1735022101, 21, 34, 76, 0, 0, 0.06%, 9, 0, 8, 270.27
1735022111, 21, 40, 76, 0, 0, 0.06%, 9, 0, 8, 262.93
1735022121, 21, 72, 76, 0, 0, 0.06%, 9, 0, 8, 281.45
1735022131, 22, 10, 76, 0, 0, 0.06%, 9, 0, 8, 254.82
1735022136, 22, 12, 76, 0, 0, 0.06%, 9, 0, 8, 257.69
1735022142, 22, 13, 76, 0, 0, 0.06%, 9, 0, 8, 257.32
1735022152, 22, 14, 76, 0, 0, 0.06%, 9, 0, 8, 260.15
1735022157, 22, 15, 76, 0, 0, 0.06%, 9, 0, 8, 272.54
1735022162, 22, 20, 76, 0, 0, 0.06%, 9, 0, 8, 266.97
1735022167, 22, 23, 76, 0, 0, 0.06%, 9, 0, 8, 274.41
1735022172, 22, 24, 76, 0, 0, 0.06%, 9, 0, 8, 267.67
1735022182, 22, 27, 76, 0, 0, 0.06%, 9, 0, 8, 260.85
1735022187, 22, 30, 76, 0, 0, 0.06%, 9, 0, 8, 291.90
1735022192, 22, 33, 76, 0, 0, 0.06%, 9, 0, 8, 269.92
1735022203, 22, 50, 76, 0, 0, 0.06%, 9, 0, 8, 285.19
1735022213, 23, 10, 76, 0, 0, 0.06%, 9, 0, 8, 287.73
1735022218, 23, 12, 76, 0, 0, 0.06%, 9, 0, 8, 273.97
1735022228, 23, 13, 76, 0, 0, 0.06%, 9, 0, 8, 261.04
1735022233, 23, 14, 76, 0, 0, 0.06%, 9, 0, 8, 260.08
1735022238, 23, 15, 76, 0, 0, 0.06%, 9, 0, 8, 271.15
1735022243, 23, 20, 76, 0, 0, 0.06%, 9, 0, 8, 250.47
1735022248, 23, 23, 76, 0, 0, 0.06%, 9, 0, 8, 252.95
1735022253, 23, 27, 76, 0, 0, 0.06%, 9, 0, 8, 248.63
1735022258, 23, 35, 76, 0, 0, 0.06%, 9, 0, 8, 258.30
1735022268, 23, 57, 76, 0, 0, 0.06%, 9, 0, 8, 267.77
1735022279, 24, 10, 76, 0, 0, 0.06%, 9, 0, 8, 279.02
1735022284, 24, 11, 76, 0, 0, 0.06%, 9, 0, 8, 258.98
1735022289, 24, 12, 76, 0, 0, 0.06%, 9, 0, 8, 252.41
1735022294, 24, 13, 76, 0, 0, 0.06%, 9, 0, 8, 244.06
1735022299, 24, 14, 76, 0, 0, 0.06%, 9, 0, 8, 268.26
1735022304, 24, 15, 76, 0, 0, 0.06%, 9, 0, 8, 261.28
1735022309, 24, 20, 76, 0, 0, 0.06%, 9, 0, 8, 249.37
1735022314, 24, 23, 76, 0, 0, 0.06%, 9, 0, 8, 249.70
1735022319, 24, 27, 76, 0, 0, 0.06%, 9, 0, 8, 266.64
1735022324, 24, 51, 76, 0, 0, 0.06%, 9, 0, 8, 282.03
1735022335, 24, 58, 76, 0, 0, 0.06%, 9, 0, 8, 313.12
1735022340, 24, 61, 76, 0, 0, 0.06%, 9, 0, 8, 289.86
1735022350, 24, 70, 76, 0, 0, 0.06%, 9, 0, 8, 277.01
1735022360, 24, 75, 76, 0, 0, 0.06%, 9, 0, 8, 276.53
1735022380, 25, 6, 76, 0, 0, 0.06%, 9, 0, 8, 265.76
1735022385, 25, 11, 76, 0, 0, 0.06%, 9, 0, 8, 254.03
1735022391, 25, 12, 76, 0, 0, 0.06%, 9, 0, 8, 249.22
1735022396, 25, 13, 76, 0, 0, 0.06%, 9, 0, 8, 255.93
1735022401, 25, 14, 76, 0, 0, 0.06%, 9, 0, 8, 249.38
1735022406, 25, 15, 76, 0, 0, 0.06%, 9, 0, 8, 254.79
1735022411, 25, 20, 76, 0, 0, 0.06%, 9, 0, 8, 248.58
1735022416, 25, 23, 76, 0, 0, 0.06%, 9, 0, 8, 247.51
1735022421, 25, 27, 76, 0, 0, 0.06%, 9, 0, 8, 275.58
1735022426, 25, 37, 76, 0, 0, 0.06%, 9, 0, 8, 283.33
1735022441, 25, 39, 76, 0, 0, 0.06%, 9, 0, 8, 258.69
1735022451, 25, 54, 76, 0, 0, 0.06%, 9, 0, 8, 263.93
1735022457, 26, 10, 76, 0, 0, 0.06%, 9, 0, 8, 260.99
1735022462, 26, 12, 76, 0, 0, 0.06%, 9, 0, 8, 248.61
1735022467, 26, 13, 76, 0, 0, 0.06%, 9, 0, 8, 246.09
1735022472, 26, 14, 76, 0, 0, 0.06%, 9, 0, 8, 251.58
1735022482, 26, 15, 76, 0, 0, 0.06%, 9, 0, 8, 265.80
1735022487, 26, 20, 76, 0, 0, 0.06%, 9, 0, 8, 260.82
1735022492, 26, 23, 76, 0, 0, 0.06%, 9, 0, 8, 259.53
1735022497, 26, 27, 76, 0, 0, 0.06%, 9, 0, 8, 261.81
1735022502, 26, 48, 76, 0, 0, 0.06%, 9, 0, 8, 323.60
1735022512, 26, 70, 76, 0, 0, 0.06%, 9, 0, 8, 274.16
1735022522, 27, 10, 76, 0, 0, 0.06%, 9, 0, 8, 258.87
1735022527, 27, 12, 76, 0, 0, 0.06%, 9, 0, 8, 238.68
1735022532, 27, 13, 76, 0, 0, 0.06%, 9, 0, 8, 248.45
1735022537, 27, 14, 76, 0, 0, 0.06%, 9, 0, 8, 250.79
1735022543, 27, 15, 76, 0, 0, 0.06%, 9, 0, 8, 264.43
1735022548, 27, 20, 76, 0, 0, 0.06%, 9, 0, 8, 265.63
1735022553, 27, 23, 76, 0, 0, 0.06%, 9, 0, 8, 263.09
1735022563, 27, 27, 76, 0, 0, 0.06%, 9, 0, 8, 270.19
1735022568, 27, 45, 76, 0, 0, 0.06%, 9, 0, 8, 312.41
1735022578, 27, 60, 76, 0, 0, 0.06%, 9, 0, 8, 310.88
1735022583, 28, 10, 76, 0, 0, 0.06%, 9, 0, 8, 276.05
1735022588, 28, 12, 76, 0, 0, 0.06%, 9, 0, 8, 253.27
1735022593, 28, 13, 76, 0, 0, 0.06%, 9, 0, 8, 254.40
1735022599, 28, 14, 76, 0, 0, 0.06%, 9, 0, 8, 251.31
1735022604, 28, 15, 76, 0, 0, 0.06%, 9, 0, 8, 256.47
1735022609, 28, 20, 76, 0, 0, 0.06%, 9, 0, 8, 262.89
1735022619, 28, 23, 76, 0, 0, 0.06%, 9, 0, 8, 258.53
1735022624, 28, 27, 76, 0, 0, 0.06%, 9, 0, 8, 262.79
1735022629, 28, 28, 76, 0, 0, 0.06%, 9, 0, 8, 259.28
1735022639, 28, 29, 76, 0, 0, 0.06%, 9, 0, 8, 298.87
1735022649, 28, 56, 76, 0, 0, 0.06%, 9, 0, 8, 284.17
1735022654, 28, 58, 76, 0, 0, 0.06%, 9, 0, 8, 280.72
1735022660, 28, 62, 76, 0, 0, 0.06%, 9, 0, 8, 280.32
1735022670, 28, 67, 76, 0, 0, 0.06%, 9, 0, 8, 292.16
1735022680, 28, 71, 76, 0, 0, 0.06%, 9, 0, 8, 268.02
1735022690, 29, 1, 76, 0, 0, 0.06%, 9, 0, 8, 257.28
1735022695, 29, 11, 76, 0, 0, 0.06%, 9, 0, 8, 247.57
1735022700, 29, 12, 76, 0, 0, 0.06%, 9, 0, 8, 261.28
1735022705, 29, 13, 76, 0, 0, 0.06%, 9, 0, 8, 252.52
1735022710, 29, 14, 76, 0, 0, 0.06%, 9, 0, 8, 246.45
1735022715, 29, 15, 76, 0, 0, 0.06%, 9, 0, 8, 262.46
1735022720, 29, 19, 76, 0, 0, 0.06%, 9, 0, 8, 277.31
1735022730, 29, 20, 76, 0, 0, 0.06%, 9, 0, 8, 249.40
1735022735, 29, 23, 76, 0, 0, 0.06%, 9, 0, 8, 256.83
1735022740, 29, 26, 76, 0, 0, 0.06%, 9, 0, 8, 289.70
1735022751, 29, 27, 76, 0, 0, 0.06%, 9, 0, 8, 267.98
1735022756, 29, 37, 76, 0, 0, 0.06%, 9, 0, 8, 272.17
1735022761, 29, 49, 76, 0, 0, 0.06%, 9, 0, 8, 279.74
1735022771, 29, 57, 76, 0, 0, 0.06%, 9, 0, 8, 289.82
1735022776, 29, 59, 76, 0, 0, 0.06%, 9, 0, 8, 278.95
1735022786, 29, 63, 76, 0, 0, 0.06%, 9, 0, 8, 242.73
1735022797, 30, 11, 76, 0, 0, 0.06%, 9, 0, 8, 254.70
1735022802, 30, 12, 76, 0, 0, 0.06%, 9, 0, 8, 256.16
1735022807, 30, 13, 76, 0, 0, 0.06%, 9, 0, 8, 255.38
1735022812, 30, 14, 76, 0, 0, 0.06%, 9, 0, 8, 253.66
1735022817, 30, 15, 76, 0, 0, 0.06%, 9, 0, 8, 255.58
1735022822, 30, 16, 76, 0, 0, 0.06%, 9, 0, 8, 272.77
1735022832, 30, 20, 76, 0, 0, 0.06%, 9, 0, 8, 261.94
1735022837, 30, 21, 76, 0, 0, 0.06%, 9, 0, 8, 262.77
1735022847, 30, 23, 76, 0, 0, 0.06%, 9, 0, 8, 248.59
1735022852, 30, 27, 76, 0, 0, 0.06%, 9, 0, 8, 265.06
1735022857, 30, 37, 76, 0, 0, 0.06%, 9, 0, 8, 265.38
1735022862, 31, 10, 76, 0, 0, 0.06%, 9, 0, 8, 265.79
1735022867, 31, 11, 76, 0, 0, 0.06%, 9, 0, 8, 257.99
1735022872, 31, 12, 76, 0, 0, 0.06%, 9, 0, 8, 268.44
1735022877, 31, 13, 76, 0, 0, 0.06%, 9, 0, 8, 251.30
1735022882, 31, 14, 76, 0, 0, 0.06%, 9, 0, 8, 257.59
1735022888, 31, 15, 76, 0, 0, 0.06%, 9, 0, 8, 251.34
1735022893, 31, 17, 76, 0, 0, 0.06%, 9, 0, 8, 257.03
1735022903, 31, 20, 76, 0, 0, 0.06%, 9, 0, 8, 260.17
1735022908, 31, 23, 76, 0, 0, 0.06%, 9, 0, 8, 274.37
1735022913, 31, 27, 76, 0, 0, 0.06%, 9, 0, 8, 283.66
1735022918, 31, 29, 76, 0, 0, 0.06%, 9, 0, 8, 290.14
1735022928, 31, 41, 76, 0, 0, 0.06%, 9, 0, 8, 259.20
1735022938, 31, 50, 76, 0, 0, 0.06%, 9, 0, 8, 273.57
1735022949, 31, 67, 76, 0, 0, 0.06%, 9, 0, 8, 262.92
1735022964, 32, 11, 76, 0, 0, 0.06%, 9, 0, 8, 248.91
1735022969, 32, 12, 76, 0, 0, 0.06%, 9, 0, 8, 252.03
1735022974, 32, 13, 76, 0, 0, 0.06%, 9, 0, 8, 254.86
1735022979, 32, 14, 76, 0, 0, 0.06%, 9, 0, 8, 250.52
1735022984, 32, 15, 76, 0, 0, 0.06%, 9, 0, 8, 254.23
1735022989, 32, 20, 76, 0, 0, 0.06%, 9, 0, 8, 259.77
1735022995, 32, 23, 76, 0, 0, 0.06%, 9, 0, 8, 256.63
1735023000, 32, 27, 76, 0, 0, 0.06%, 9, 0, 8, 277.53
1735023005, 32, 31, 76, 0, 0, 0.06%, 9, 0, 8, 286.78
1735023015, 32, 46, 76, 0, 0, 0.06%, 9, 0, 8, 293.59
1735023025, 32, 52, 76, 0, 0, 0.06%, 9, 0, 8, 264.23
1735023035, 32, 68, 76, 0, 0, 0.06%, 9, 0, 8, 289.77
1735023051, 33, 11, 76, 0, 0, 0.06%, 9, 0, 8, 252.68
1735023056, 33, 12, 76, 0, 0, 0.06%, 9, 0, 8, 256.29
1735023061, 33, 13, 76, 0, 0, 0.06%, 9, 0, 8, 259.31
1735023066, 33, 14, 76, 0, 0, 0.06%, 9, 0, 8, 250.53
1735023071, 33, 15, 76, 0, 0, 0.06%, 9, 0, 8, 259.80
1735023076, 33, 20, 76, 0, 0, 0.06%, 9, 0, 8, 254.08
1735023081, 33, 23, 76, 0, 0, 0.06%, 9, 0, 8, 247.99
1735023086, 33, 27, 76, 0, 0, 0.06%, 9, 0, 8, 249.50
1735023091, 33, 38, 76, 0, 0, 0.06%, 9, 0, 8, 265.77
1735023102, 34, 10, 76, 0, 0, 0.06%, 9, 0, 8, 260.53
1735023107, 34, 11, 76, 0, 0, 0.06%, 9, 0, 8, 259.21
1735023112, 34, 12, 76, 0, 0, 0.06%, 9, 0, 8, 255.98
1735023117, 34, 13, 76, 0, 0, 0.06%, 9, 0, 8, 261.22
1735023122, 34, 14, 76, 0, 0, 0.06%, 9, 0, 8, 261.80
1735023127, 34, 15, 76, 0, 0, 0.06%, 9, 0, 8, 268.40
1735023132, 34, 20, 76, 0, 0, 0.06%, 9, 0, 8, 257.02
1735023137, 34, 23, 76, 0, 0, 0.06%, 9, 0, 8, 259.52
1735023142, 34, 27, 76, 0, 0, 0.06%, 9, 0, 8, 256.20
1735023147, 34, 29, 76, 0, 0, 0.06%, 9, 0, 8, 281.23
1735023152, 35, 10, 76, 0, 0, 0.06%, 9, 0, 8, 266.02
1735023157, 35, 12, 76, 0, 0, 0.06%, 9, 0, 8, 261.30
1735023162, 35, 13, 76, 0, 0, 0.06%, 9, 0, 8, 258.90
1735023168, 35, 14, 76, 0, 0, 0.06%, 9, 0, 8, 252.42
1735023173, 35, 15, 76, 0, 0, 0.06%, 9, 0, 8, 249.81
1735023178, 35, 20, 76, 0, 0, 0.06%, 9, 0, 8, 263.65
1735023188, 35, 23, 76, 0, 0, 0.06%, 9, 0, 8, 262.58
1735023193, 35, 27, 76, 0, 0, 0.06%, 9, 0, 8, 260.53
1735023198, 35, 36, 76, 0, 0, 0.06%, 9, 0, 8, 274.41
1735023208, 35, 70, 76, 0, 0, 0.06%, 9, 0, 8, 255.97
1735023219, 35, 72, 76, 0, 0, 0.06%, 9, 0, 8, 265.56
1735023224, 36, 10, 76, 0, 0, 0.06%, 9, 0, 8, 259.99
1735023229, 36, 12, 76, 0, 0, 0.06%, 9, 0, 8, 268.17
1735023239, 36, 13, 76, 0, 0, 0.06%, 9, 0, 8, 257.52
1735023244, 36, 14, 76, 0, 0, 0.06%, 9, 0, 8, 266.67
1735023249, 36, 15, 76, 0, 0, 0.06%, 9, 0, 8, 280.35
1735023254, 36, 17, 76, 0, 0, 0.06%, 9, 0, 8, 245.86
1735023265, 36, 19, 76, 0, 0, 0.06%, 9, 0, 8, 260.02
1735023275, 36, 20, 76, 0, 0, 0.06%, 9, 0, 8, 265.24
1735023280, 36, 23, 76, 0, 0, 0.06%, 9, 0, 8, 261.46
1735023285, 36, 27, 76, 0, 0, 0.06%, 9, 0, 8, 254.92
1735023290, 36, 53, 76, 0, 0, 0.06%, 9, 0, 8, 270.81
1735023305, 36, 59, 76, 0, 0, 0.06%, 9, 0, 8, 254.58
1735023310, 36, 70, 76, 0, 0, 0.06%, 9, 0, 8, 268.84
1735023315, 37, 11, 76, 0, 0, 0.06%, 9, 0, 8, 255.10
1735023320, 37, 12, 76, 0, 0, 0.06%, 9, 0, 8, 241.70
1735023325, 37, 13, 76, 0, 0, 0.06%, 9, 0, 8, 244.82
1735023330, 37, 14, 76, 0, 0, 0.06%, 9, 0, 8, 261.49
1735023335, 37, 15, 76, 0, 0, 0.06%, 9, 0, 8, 261.56
1735023340, 37, 16, 76, 0, 0, 0.06%, 9, 0, 8, 260.52
1735023350, 37, 20, 76, 0, 0, 0.06%, 9, 0, 8, 255.65
1735023361, 37, 23, 76, 0, 0, 0.06%, 9, 0, 8, 251.98
1735023366, 37, 27, 76, 0, 0, 0.06%, 9, 0, 8, 253.75
1735023371, 37, 34, 76, 0, 0, 0.06%, 9, 0, 8, 258.09
1735023376, 38, 10, 76, 0, 0, 0.06%, 9, 0, 8, 253.74
1735023381, 38, 12, 76, 0, 0, 0.06%, 9, 0, 8, 245.65
1735023386, 38, 13, 76, 0, 0, 0.06%, 9, 0, 8, 256.14
1735023391, 38, 14, 76, 0, 0, 0.06%, 9, 0, 8, 261.15
1735023396, 38, 15, 76, 0, 0, 0.06%, 9, 0, 8, 265.79
1735023401, 38, 20, 76, 0, 0, 0.06%, 9, 0, 8, 263.31
1735023411, 38, 23, 76, 0, 0, 0.06%, 9, 0, 8, 267.26
1735023416, 38, 27, 76, 0, 0, 0.06%, 9, 0, 8, 268.51
1735023421, 38, 37, 76, 0, 0, 0.06%, 9, 0, 8, 275.84
1735023427, 38, 40, 76, 0, 0, 0.06%, 9, 0, 8, 259.74
1735023437, 39, 10, 76, 0, 0, 0.06%, 9, 0, 8, 256.82
1735023442, 39, 12, 76, 0, 0, 0.06%, 9, 0, 8, 251.30
1735023447, 39, 13, 76, 0, 0, 0.06%, 9, 0, 8, 257.80
1735023452, 39, 14, 76, 0, 0, 0.06%, 9, 0, 8, 262.63
1735023457, 39, 15, 76, 0, 0, 0.06%, 9, 0, 8, 265.12
1735023462, 39, 20, 76, 0, 0, 0.06%, 9, 0, 8, 264.11
1735023472, 39, 23, 76, 0, 0, 0.06%, 9, 0, 8, 269.76
1735023477, 39, 27, 76, 0, 0, 0.06%, 9, 0, 8, 281.61
1735023482, 39, 35, 76, 0, 0, 0.06%, 9, 0, 8, 288.09
1735023492, 40, 11, 76, 0, 0, 0.06%, 9, 0, 8, 259.68
1735023497, 40, 12, 76, 0, 0, 0.06%, 9, 0, 8, 261.91
1735023502, 40, 13, 76, 0, 0, 0.06%, 9, 0, 8, 258.62
1735023508, 40, 14, 76, 0, 0, 0.06%, 9, 0, 8, 265.21
1735023513, 40, 15, 76, 0, 0, 0.06%, 9, 0, 8, 268.32
1735023518, 40, 20, 76, 0, 0, 0.06%, 9, 0, 8, 244.07
1735023523, 40, 23, 76, 0, 0, 0.06%, 9, 0, 8, 250.08
1735023528, 40, 27, 76, 0, 0, 0.06%, 9, 0, 8, 249.99
1735023533, 40, 70, 76, 0, 0, 0.06%, 9, 0, 8, 279.13
1735023538, 41, 10, 76, 0, 0, 0.06%, 9, 0, 8, 250.76
1735023543, 41, 12, 76, 0, 0, 0.06%, 9, 0, 8, 255.23
1735023548, 41, 13, 76, 0, 0, 0.06%, 9, 0, 8, 266.58
1735023558, 41, 14, 76, 0, 0, 0.06%, 9, 0, 8, 241.06
1735023563, 41, 15, 76, 0, 0, 0.06%, 9, 0, 8, 255.31
1735023568, 41, 20, 76, 0, 0, 0.06%, 9, 0, 8, 250.16
1735023573, 41, 23, 76, 0, 0, 0.06%, 9, 0, 8, 249.21
1735023578, 41, 27, 76, 0, 0, 0.06%, 9, 0, 8, 261.43
1735023583, 41, 34, 76, 0, 0, 0.06%, 9, 0, 8, 268.09
1735023588, 41, 37, 76, 0, 0, 0.06%, 9, 0, 8, 274.87
1735023593, 41, 44, 76, 0, 0, 0.06%, 9, 0, 8, 286.19
1735023604, 41, 57, 76, 0, 0, 0.06%, 9, 0, 8, 254.86
1735023609, 41, 62, 76, 0, 0, 0.06%, 9, 0, 8, 263.42
1735023619, 41, 67, 76, 0, 0, 0.06%, 9, 0, 8, 267.08
1735023624, 42, 11, 76, 0, 0, 0.06%, 9, 0, 8, 272.85
1735023629, 42, 12, 76, 0, 0, 0.06%, 9, 0, 8, 248.77
1735023634, 42, 13, 76, 0, 0, 0.06%, 9, 0, 8, 261.87
1735023639, 42, 14, 76, 0, 0, 0.06%, 9, 0, 8, 263.09
1735023644, 42, 15, 76, 0, 0, 0.06%, 9, 0, 8, 272.34
1735023649, 42, 20, 76, 0, 0, 0.06%, 9, 0, 8, 261.95
1735023654, 42, 23, 76, 0, 0, 0.06%, 9, 0, 8, 260.84
1735023659, 42, 27, 76, 0, 0, 0.06%, 9, 0, 8, 256.43
1735023664, 42, 32, 76, 0, 0, 0.06%, 9, 0, 8, 278.81
1735023674, 42, 49, 76, 0, 0, 0.06%, 9, 0, 8, 275.52
1735023684, 42, 54, 76, 0, 0, 0.06%, 9, 0, 8, 270.81
1735023695, 43, 11, 76, 0, 0, 0.06%, 9, 0, 8, 254.79
1735023700, 43, 12, 76, 0, 0, 0.06%, 9, 0, 8, 254.52
1735023705, 43, 13, 76, 0, 0, 0.06%, 9, 0, 8, 260.36
1735023710, 43, 14, 76, 0, 0, 0.06%, 9, 0, 8, 262.82
1735023715, 43, 15, 76, 0, 0, 0.06%, 9, 0, 8, 258.94
1735023720, 43, 20, 76, 0, 0, 0.06%, 9, 0, 8, 258.80
1735023725, 43, 23, 76, 0, 0, 0.06%, 9, 0, 8, 248.42
1735023730, 43, 27, 76, 0, 0, 0.06%, 9, 0, 8, 267.46
1735023735, 43, 32, 76, 0, 0, 0.06%, 9, 0, 8, 281.99
1735023745, 43, 46, 76, 0, 0, 0.06%, 9, 0, 8, 277.46
1735023751, 43, 52, 76, 0, 0, 0.06%, 9, 0, 8, 282.16
1735023761, 43, 74, 76, 0, 0, 0.06%, 9, 0, 8, 273.05
1735023766, 44, 10, 76, 0, 0, 0.06%, 9, 0, 8, 263.76
1735023771, 44, 12, 76, 0, 0, 0.06%, 9, 0, 8, 252.08
1735023776, 44, 13, 76, 0, 0, 0.06%, 9, 0, 8, 254.75
1735023781, 44, 14, 76, 0, 0, 0.06%, 9, 0, 8, 242.81
1735023786, 44, 15, 76, 0, 0, 0.06%, 9, 0, 8, 259.76
1735023791, 44, 17, 76, 0, 0, 0.06%, 9, 0, 8, 264.55
1735023796, 44, 20, 76, 0, 0, 0.06%, 9, 0, 8, 266.10
1735023807, 44, 23, 76, 0, 0, 0.06%, 9, 0, 8, 269.67
1735023812, 44, 25, 76, 0, 0, 0.06%, 9, 0, 8, 262.05
1735023822, 44, 27, 76, 0, 0, 0.06%, 9, 0, 8, 265.53
1735023827, 45, 11, 76, 0, 0, 0.06%, 9, 0, 8, 255.82
1735023832, 45, 12, 76, 0, 0, 0.06%, 9, 0, 8, 245.70
1735023837, 45, 13, 76, 0, 0, 0.06%, 9, 0, 8, 257.65
1735023842, 45, 14, 76, 0, 0, 0.06%, 9, 0, 8, 255.01
1735023847, 45, 15, 76, 0, 0, 0.06%, 9, 0, 8, 259.75
1735023852, 45, 20, 76, 0, 0, 0.06%, 9, 0, 8, 254.43
1735023857, 45, 23, 76, 0, 0, 0.06%, 9, 0, 8, 256.32
1735023862, 45, 27, 76, 0, 0, 0.06%, 9, 0, 8, 275.84
1735023867, 45, 33, 76, 0, 0, 0.06%, 9, 0, 8, 269.00
1735023873, 45, 48, 76, 0, 0, 0.06%, 9, 0, 8, 269.12
1735023883, 45, 59, 76, 0, 0, 0.06%, 9, 0, 8, 291.68
1735023888, 45, 69, 76, 0, 0, 0.06%, 9, 0, 8, 281.46
1735023903, 46, 11, 76, 0, 0, 0.06%, 9, 0, 8, 265.49
1735023908, 46, 12, 76, 0, 0, 0.06%, 9, 0, 8, 253.75
1735023913, 46, 13, 76, 0, 0, 0.06%, 9, 0, 8, 250.13
1735023918, 46, 14, 76, 0, 0, 0.06%, 9, 0, 8, 251.07
1735023923, 46, 15, 76, 0, 0, 0.06%, 9, 0, 8, 252.63
1735023928, 46, 20, 76, 0, 0, 0.06%, 9, 0, 8, 256.29
1735023933, 46, 23, 76, 0, 0, 0.06%, 9, 0, 8, 257.13
1735023938, 46, 27, 76, 0, 0, 0.06%, 9, 0, 8, 264.70
1735023943, 46, 27, 77, 1, 0, 0.06%, 9, 0, 8, 260.18
1735023949, 46, 70, 77, 1, 0, 0.06%, 9, 0, 8, 262.32
1735023954, 47, 10, 77, 1, 0, 0.06%, 9, 0, 8, 266.54
1735023959, 47, 12, 77, 1, 0, 0.06%, 9, 0, 8, 252.00
1735023964, 47, 13, 77, 1, 0, 0.06%, 9, 0, 8, 259.79
1735023969, 47, 14, 77, 1, 0, 0.06%, 9, 0, 8, 249.54
1735023974, 47, 15, 77, 1, 0, 0.06%, 9, 0, 8, 274.00
1735023979, 47, 20, 77, 1, 0, 0.06%, 9, 0, 8, 273.16
1735023989, 47, 23, 77, 1, 0, 0.06%, 9, 0, 8, 261.89
1735023995, 47, 27, 77, 1, 0, 0.06%, 9, 0, 8, 261.97
1735024000, 47, 61, 77, 1, 0, 0.06%, 9, 0, 8, 274.29
1735024005, 47, 62, 77, 1, 0, 0.06%, 9, 0, 8, 270.53
1735024010, 47, 64, 77, 1, 0, 0.06%, 9, 0, 8, 265.82
1735024020, 47, 66, 77, 1, 0, 0.06%, 9, 0, 8, 276.51
1735024030, 47, 76, 77, 1, 0, 0.06%, 9, 0, 8, 210.32
1735024286, 47, 76, 78, 2, 0, 0.06%, 9, 0, 8, 355.90
