# unix_time, cycles_done, cur_path, paths_total, pending_total, pending_favs, map_size, unique_crashes, unique_hangs, max_depth, execs_per_sec
1735633296, 0, 0, 10, 10, 1, 0.00%, 0, 0, 1, 154.14
1735633301, 0, 4, 10, 10, 1, 0.00%, 0, 0, 1, 189.92
1735633306, 0, 5, 10, 9, 0, 0.00%, 0, 0, 1, 187.11
1735633317, 0, 6, 10, 8, 0, 0.00%, 0, 0, 1, 197.02
1735633322, 0, 7, 10, 7, 0, 0.00%, 0, 0, 1, 179.53
1735633332, 0, 8, 10, 6, 0, 0.00%, 0, 0, 1, 199.86
1735633337, 0, 9, 10, 5, 0, 0.00%, 0, 0, 1, 179.46
1735633347, 1, 0, 10, 4, 0, 0.00%, 0, 0, 1, 195.63
1735633357, 1, 1, 10, 3, 0, 0.00%, 0, 0, 1, 192.38
1735633368, 1, 2, 10, 2, 0, 0.00%, 0, 0, 1, 192.57
1735633378, 1, 3, 10, 1, 0, 0.00%, 0, 0, 1, 196.17
1735633388, 1, 4, 10, 0, 0, 0.00%, 0, 0, 1, 192.13
1735633393, 1, 6, 10, 0, 0, 0.00%, 0, 0, 1, 191.46
1735633399, 1, 7, 10, 0, 0, 0.00%, 0, 0, 1, 190.67
1735633404, 1, 8, 10, 0, 0, 0.00%, 0, 0, 1, 192.45
1735633409, 2, 0, 10, 0, 0, 0.00%, 0, 0, 1, 193.28
1735633414, 2, 1, 10, 0, 0, 0.00%, 0, 0, 1, 190.49
1735633419, 2, 2, 10, 0, 0, 0.00%, 0, 0, 1, 191.53
1735633424, 2, 4, 10, 0, 0, 0.00%, 0, 0, 1, 198.98
1735633430, 2, 5, 10, 0, 0, 0.00%, 0, 0, 1, 189.92
1735633435, 2, 6, 11, 1, 0, 0.05%, 1, 0, 2, 192.76
1735633440, 2, 10, 12, 2, 1, 0.05%, 2, 0, 3, 211.04
1735633486, 2, 11, 15, 4, 1, 0.06%, 5, 0, 4, 220.08
1735633511, 2, 11, 16, 5, 1, 0.06%, 5, 0, 4, 208.63
1735633527, 2, 11, 17, 6, 1, 0.06%, 5, 0, 4, 208.21
1735633542, 2, 11, 18, 7, 1, 0.06%, 5, 0, 4, 209.51
1735633572, 2, 11, 19, 8, 1, 0.06%, 6, 0, 4, 208.10
1735633597, 2, 11, 20, 9, 1, 0.06%, 6, 0, 4, 206.20
1735633602, 2, 11, 21, 10, 1, 0.06%, 6, 0, 4, 210.58
1735633607, 2, 11, 23, 12, 1, 0.06%, 6, 0, 4, 228.17
1735633618, 2, 12, 23, 11, 4, 0.06%, 6, 0, 4, 229.97
1735633648, 2, 12, 24, 12, 4, 0.06%, 7, 0, 5, 229.52
1735633653, 2, 12, 25, 13, 4, 0.06%, 7, 0, 5, 233.02
1735633658, 2, 13, 26, 13, 3, 0.06%, 7, 0, 5, 239.37
1735633668, 2, 13, 27, 14, 3, 0.06%, 7, 0, 5, 203.96
1735633724, 2, 13, 28, 15, 3, 0.06%, 7, 0, 5, 222.49
1735633734, 2, 14, 29, 15, 2, 0.06%, 7, 0, 5, 242.52
1735633780, 2, 24, 32, 17, 1, 0.06%, 9, 0, 6, 304.19
1735633795, 2, 24, 33, 18, 1, 0.06%, 9, 0, 6, 228.85
1735633800, 2, 24, 34, 19, 1, 0.06%, 9, 0, 6, 229.82
1735633861, 2, 24, 35, 20, 1, 0.06%, 9, 0, 6, 234.86
1735633902, 2, 30, 36, 20, 2, 0.06%, 9, 0, 7, 299.51
1735633907, 2, 30, 37, 21, 2, 0.06%, 9, 0, 7, 265.08
1735633917, 2, 30, 39, 23, 2, 0.06%, 9, 0, 7, 244.87
1735634004, 2, 30, 40, 24, 2, 0.06%, 9, 0, 7, 240.05
1735634009, 2, 30, 43, 27, 2, 0.06%, 9, 0, 7, 261.91
1735634019, 2, 31, 43, 26, 2, 0.06%, 9, 0, 7, 236.42
1735634035, 2, 31, 44, 27, 2, 0.06%, 9, 0, 7, 241.35
1735634050, 2, 31, 45, 28, 2, 0.06%, 9, 0, 7, 240.27
1735634101, 2, 35, 45, 27, 1, 0.06%, 9, 0, 7, 306.82
1735634111, 2, 35, 46, 28, 1, 0.06%, 9, 0, 8, 243.87
1735634157, 2, 35, 50, 32, 1, 0.06%, 9, 0, 8, 276.81
1735634162, 2, 35, 51, 33, 1, 0.06%, 9, 0, 8, 254.34
1735634172, 2, 39, 51, 32, 0, 0.06%, 9, 0, 8, 392.23
1735634228, 2, 42, 51, 31, 0, 0.06%, 9, 0, 8, 317.14
1735634253, 2, 42, 52, 32, 0, 0.06%, 9, 0, 8, 258.81
1735634289, 2, 42, 53, 33, 0, 0.06%, 9, 0, 8, 255.92
1735634294, 2, 43, 53, 32, 0, 0.06%, 9, 0, 8, 290.87
1735634522, 2, 43, 54, 33, 0, 0.06%, 9, 0, 8, 376.83
1735634532, 2, 43, 56, 35, 0, 0.06%, 9, 0, 8, 339.80
1735634538, 2, 43, 57, 36, 0, 0.06%, 9, 0, 8, 335.81
1735634543, 2, 43, 60, 39, 0, 0.06%, 9, 0, 8, 340.11
1735634625, 2, 49, 60, 38, 0, 0.06%, 9, 0, 8, 331.78
1735634665, 2, 49, 61, 39, 0, 0.06%, 9, 0, 9, 241.51
1735634671, 2, 57, 61, 38, 0, 0.06%, 9, 0, 9, 297.30
1735634757, 2, 58, 61, 37, 0, 0.06%, 9, 0, 9, 302.70
1735635011, 3, 11, 61, 36, 0, 0.06%, 9, 0, 9, 269.45
1735635016, 3, 12, 61, 36, 0, 0.06%, 9, 0, 9, 261.64
1735635021, 3, 12, 63, 38, 0, 0.06%, 9, 0, 9, 262.83
1735635026, 3, 12, 64, 39, 0, 0.06%, 9, 0, 9, 274.11
1735635031, 3, 13, 64, 39, 0, 0.06%, 9, 0, 9, 255.82
1735635041, 3, 14, 64, 39, 0, 0.06%, 9, 0, 9, 256.67
1735635052, 3, 18, 64, 39, 0, 0.06%, 9, 0, 9, 406.12
1735635082, 3, 20, 64, 38, 0, 0.06%, 9, 0, 9, 279.82
1735635107, 3, 24, 64, 37, 0, 0.06%, 9, 0, 9, 286.37
1735635117, 3, 27, 64, 37, 0, 0.06%, 9, 0, 9, 337.13
1735635143, 3, 28, 64, 36, 0, 0.06%, 9, 0, 9, 271.64
1735635168, 3, 31, 64, 35, 0, 0.06%, 9, 0, 9, 268.92
1735635183, 3, 34, 64, 35, 0, 0.06%, 9, 0, 9, 384.71
1735635203, 3, 34, 66, 37, 0, 0.06%, 9, 0, 9, 295.04
1735635254, 3, 35, 66, 36, 0, 0.06%, 9, 0, 9, 266.60
1735635264, 3, 36, 66, 36, 0, 0.06%, 9, 0, 9, 395.17
1735635310, 3, 37, 66, 35, 0, 0.06%, 9, 0, 9, 359.91
1735635341, 3, 55, 66, 34, 0, 0.06%, 9, 0, 9, 248.42
1735635610, 3, 56, 66, 33, 0, 0.06%, 9, 0, 9, 305.38
1735635702, 3, 60, 66, 32, 0, 0.06%, 9, 0, 9, 359.20
1735635743, 3, 63, 66, 31, 0, 0.06%, 9, 0, 9, 318.31
1735635773, 4, 1, 66, 30, 0, 0.06%, 9, 0, 9, 275.94
1735635779, 4, 12, 66, 30, 0, 0.06%, 9, 0, 9, 263.41
1735635784, 4, 13, 66, 30, 0, 0.06%, 9, 0, 9, 249.99
1735635789, 4, 13, 67, 31, 0, 0.06%, 9, 0, 9, 267.10
1735635794, 4, 17, 67, 31, 0, 0.06%, 9, 0, 9, 272.44
1735635819, 4, 17, 68, 32, 0, 0.06%, 9, 0, 9, 259.33
1735635824, 4, 24, 68, 31, 0, 0.06%, 9, 0, 9, 253.34
1735635830, 4, 27, 68, 31, 0, 0.06%, 9, 0, 9, 268.38
1735635840, 4, 31, 68, 31, 0, 0.06%, 9, 0, 9, 277.19
1735635845, 4, 35, 68, 31, 0, 0.06%, 9, 0, 9, 288.41
1735635855, 4, 41, 68, 31, 0, 0.06%, 9, 0, 9, 397.70
1735635880, 4, 45, 68, 30, 0, 0.06%, 9, 0, 9, 326.96
1735635921, 4, 46, 68, 29, 0, 0.06%, 9, 0, 9, 333.83
1735635998, 4, 47, 68, 28, 0, 0.06%, 9, 0, 9, 254.32
1735636038, 4, 51, 68, 27, 0, 0.06%, 9, 0, 9, 282.30
1735636078, 4, 53, 68, 26, 0, 0.06%, 9, 0, 9, 276.82
1735636328, 4, 59, 68, 25, 0, 0.06%, 9, 0, 9, 323.08
1735636572, 4, 61, 68, 24, 0, 0.06%, 9, 0, 9, 294.61
1735636597, 4, 62, 68, 23, 0, 0.06%, 9, 0, 9, 268.75
1735636638, 4, 64, 68, 22, 0, 0.06%, 9, 0, 9, 338.10
1735636791, 4, 66, 68, 21, 0, 0.06%, 9, 0, 9, 346.83
1735636816, 4, 66, 69, 22, 0, 0.06%, 9, 0, 9, 455.93
1735636912, 4, 67, 69, 21, 0, 0.06%, 9, 0, 9, 345.85
1735637040, 4, 68, 70, 21, 0, 0.06%, 9, 0, 9, 306.53
1735637162, 5, 11, 70, 20, 0, 0.06%, 9, 0, 9, 258.50
1735637167, 5, 13, 70, 20, 0, 0.06%, 9, 0, 9, 270.87
1735637177, 5, 14, 70, 20, 0, 0.06%, 9, 0, 9, 271.45
1735637182, 5, 17, 70, 20, 0, 0.06%, 9, 0, 9, 253.53
1735637192, 5, 19, 70, 20, 0, 0.06%, 9, 0, 9, 299.14
1735637223, 5, 24, 70, 19, 0, 0.06%, 9, 0, 9, 256.21
1735637228, 5, 29, 70, 19, 0, 0.06%, 9, 0, 9, 317.34
1735637253, 5, 31, 70, 18, 0, 0.06%, 9, 0, 9, 259.19
1735637258, 5, 35, 70, 18, 0, 0.06%, 9, 0, 9, 275.01
1735637264, 5, 62, 70, 18, 0, 0.06%, 9, 0, 9, 262.42
1735637274, 5, 65, 70, 18, 0, 0.06%, 9, 0, 9, 238.52
1735637543, 5, 65, 71, 19, 0, 0.06%, 9, 0, 9, 363.79
1735637568, 5, 68, 71, 18, 0, 0.06%, 9, 0, 9, 284.60
1735637573, 6, 12, 71, 18, 0, 0.06%, 9, 0, 9, 256.90
1735637578, 6, 13, 71, 18, 0, 0.06%, 9, 0, 9, 271.31
1735637583, 6, 14, 71, 18, 0, 0.06%, 9, 0, 9, 253.79
1735637589, 6, 16, 71, 18, 0, 0.06%, 9, 0, 9, 278.68
1735637619, 6, 19, 71, 17, 0, 0.06%, 9, 0, 9, 266.03
1735637634, 6, 23, 71, 17, 0, 0.06%, 9, 0, 9, 420.63
1735637660, 6, 24, 71, 16, 0, 0.06%, 9, 0, 9, 275.66
1735637665, 6, 31, 71, 16, 0, 0.06%, 9, 0, 9, 270.06
1735637670, 6, 32, 71, 16, 0, 0.06%, 9, 0, 9, 316.24
1735637705, 6, 33, 71, 15, 0, 0.06%, 9, 0, 9, 392.00
1735637731, 6, 35, 71, 14, 0, 0.06%, 9, 0, 9, 270.74
1735637736, 6, 44, 71, 14, 0, 0.06%, 9, 0, 9, 308.63
1735637874, 6, 44, 72, 15, 0, 0.06%, 9, 0, 9, 267.42
1735637879, 6, 69, 72, 14, 0, 0.06%, 9, 0, 9, 292.14
1735638191, 7, 11, 72, 13, 0, 0.06%, 9, 0, 9, 256.70
1735638196, 7, 12, 72, 13, 0, 0.06%, 9, 0, 9, 256.38
1735638201, 7, 13, 72, 13, 0, 0.06%, 9, 0, 9, 279.52
1735638206, 7, 14, 72, 13, 0, 0.06%, 9, 0, 9, 275.33
1735638211, 7, 21, 72, 13, 0, 0.06%, 9, 0, 9, 289.87
1735638236, 7, 24, 72, 12, 0, 0.06%, 9, 0, 9, 271.70
1735638242, 7, 31, 72, 12, 0, 0.06%, 9, 0, 9, 266.99
1735638247, 7, 35, 72, 12, 0, 0.06%, 9, 0, 9, 273.77
1735638252, 7, 52, 72, 12, 0, 0.06%, 9, 0, 9, 205.81
1735639159, 7, 58, 72, 11, 0, 0.06%, 9, 0, 9, 319.44
1735639165, 7, 58, 74, 13, 0, 0.06%, 9, 0, 9, 371.48
1735639185, 7, 69, 74, 13, 0, 0.06%, 9, 0, 9, 282.44
1735639190, 7, 73, 74, 13, 0, 0.06%, 9, 0, 9, 270.80
1735639449, 8, 12, 74, 12, 0, 0.06%, 9, 0, 9, 262.69
1735639454, 8, 13, 74, 12, 0, 0.06%, 9, 0, 9, 264.23
1735639460, 8, 14, 74, 12, 0, 0.06%, 9, 0, 9, 267.73
1735639465, 8, 24, 74, 12, 0, 0.06%, 9, 0, 9, 266.93
1735639470, 8, 31, 74, 12, 0, 0.06%, 9, 0, 9, 277.59
1735639475, 8, 35, 74, 12, 0, 0.06%, 9, 0, 9, 274.68
1735639480, 8, 40, 74, 12, 0, 0.06%, 9, 0, 9, 282.26
1735639510, 8, 43, 74, 11, 0, 0.06%, 9, 0, 9, 295.72
1735639520, 8, 50, 74, 11, 0, 0.06%, 9, 0, 9, 235.98
1735639948, 8, 70, 74, 10, 0, 0.06%, 9, 0, 9, 233.73
1735639958, 8, 70, 75, 11, 0, 0.06%, 9, 0, 9, 381.67
1735640298, 8, 71, 75, 10, 0, 0.06%, 9, 0, 9, 388.48
1735640481, 8, 74, 75, 9, 0, 0.06%, 9, 0, 9, 245.39
1735640836, 9, 11, 75, 8, 0, 0.06%, 9, 0, 9, 264.22
1735640841, 9, 12, 75, 8, 0, 0.06%, 9, 0, 9, 252.92
1735640846, 9, 13, 75, 8, 0, 0.06%, 9, 0, 9, 271.74
1735640851, 9, 14, 75, 8, 0, 0.06%, 9, 0, 9, 283.40
1735640856, 9, 24, 75, 8, 0, 0.06%, 9, 0, 9, 266.45
1735640862, 9, 28, 75, 8, 0, 0.06%, 9, 0, 9, 266.65
1735640872, 9, 31, 75, 8, 0, 0.06%, 9, 0, 9, 292.64
1735640877, 9, 35, 75, 8, 0, 0.06%, 9, 0, 9, 265.40
1735640882, 9, 43, 75, 8, 0, 0.06%, 9, 0, 9, 294.41
1735640887, 9, 60, 75, 8, 0, 0.06%, 9, 0, 9, 303.91
1735640902, 9, 64, 75, 8, 0, 0.06%, 9, 0, 9, 316.35
1735640912, 9, 68, 75, 8, 0, 0.06%, 9, 0, 9, 287.10
1735640918, 9, 69, 75, 8, 0, 0.06%, 9, 0, 9, 283.34
1735640923, 9, 72, 75, 8, 0, 0.06%, 9, 0, 9, 320.54
1735641237, 10, 11, 75, 7, 0, 0.06%, 9, 0, 9, 291.54
1735641242, 10, 12, 75, 7, 0, 0.06%, 9, 0, 9, 262.33
1735641247, 10, 13, 75, 7, 0, 0.06%, 9, 0, 9, 261.58
1735641252, 10, 14, 75, 7, 0, 0.06%, 9, 0, 9, 263.44
1735641257, 10, 22, 75, 7, 0, 0.06%, 9, 0, 9, 354.20
1735641293, 10, 24, 75, 6, 0, 0.06%, 9, 0, 9, 282.47
1735641298, 10, 29, 75, 6, 0, 0.06%, 9, 0, 9, 264.42
1735641308, 10, 31, 75, 6, 0, 0.06%, 9, 0, 9, 257.37
1735641313, 10, 35, 75, 6, 0, 0.06%, 9, 0, 9, 263.45
1735641318, 10, 45, 75, 6, 0, 0.06%, 9, 0, 9, 262.36
1735641333, 11, 11, 75, 6, 0, 0.06%, 9, 0, 9, 267.78
1735641338, 11, 12, 75, 6, 0, 0.06%, 9, 0, 9, 264.69
1735641343, 11, 13, 75, 6, 0, 0.06%, 9, 0, 9, 259.12
1735641348, 11, 14, 75, 6, 0, 0.06%, 9, 0, 9, 255.40
1735641354, 11, 24, 75, 6, 0, 0.06%, 9, 0, 9, 259.20
1735641359, 11, 31, 75, 6, 0, 0.06%, 9, 0, 9, 269.88
1735641364, 11, 35, 75, 6, 0, 0.06%, 9, 0, 9, 270.81
1735641369, 11, 44, 75, 6, 0, 0.06%, 9, 0, 9, 285.01
1735641379, 11, 45, 75, 6, 0, 0.06%, 9, 0, 9, 260.97
1735641389, 11, 57, 75, 6, 0, 0.06%, 9, 0, 9, 306.40
1735641404, 11, 60, 75, 6, 0, 0.06%, 9, 0, 9, 281.80
1735641409, 11, 68, 75, 6, 0, 0.06%, 9, 0, 9, 273.84
1735641414, 12, 11, 75, 6, 0, 0.06%, 9, 0, 9, 265.29
1735641420, 12, 12, 75, 6, 0, 0.06%, 9, 0, 9, 259.77
1735641425, 12, 13, 75, 6, 0, 0.06%, 9, 0, 9, 256.07
1735641430, 12, 14, 75, 6, 0, 0.06%, 9, 0, 9, 251.71
1735641435, 12, 19, 75, 6, 0, 0.06%, 9, 0, 9, 267.68
1735641440, 12, 21, 75, 6, 0, 0.06%, 9, 0, 9, 254.64
1735641450, 12, 24, 75, 6, 0, 0.06%, 9, 0, 9, 264.35
1735641455, 12, 31, 75, 6, 0, 0.06%, 9, 0, 9, 270.89
1735641460, 12, 35, 76, 7, 0, 0.06%, 9, 0, 9, 274.91
1735641470, 12, 38, 76, 7, 0, 0.06%, 9, 0, 9, 380.21
1735641588, 13, 11, 76, 6, 0, 0.06%, 9, 0, 9, 256.78
1735641593, 13, 12, 76, 6, 0, 0.06%, 9, 0, 9, 273.41
1735641598, 13, 13, 76, 6, 0, 0.06%, 9, 0, 9, 259.60
1735641603, 13, 14, 76, 6, 0, 0.06%, 9, 0, 9, 257.67
1735641608, 13, 24, 76, 6, 0, 0.06%, 9, 0, 9, 280.68
1735641613, 13, 26, 76, 6, 0, 0.06%, 9, 0, 9, 285.34
1735641639, 13, 31, 76, 5, 0, 0.06%, 9, 0, 9, 282.50
1735641644, 13, 35, 76, 5, 0, 0.06%, 9, 0, 9, 281.44
1735641649, 13, 70, 76, 5, 0, 0.06%, 9, 0, 9, 343.52
1735641664, 13, 74, 76, 5, 0, 0.06%, 9, 0, 9, 356.12
1735641690, 14, 11, 76, 5, 0, 0.06%, 9, 0, 9, 278.94
1735641695, 14, 12, 76, 5, 0, 0.06%, 9, 0, 9, 259.85
1735641700, 14, 13, 76, 5, 0, 0.06%, 9, 0, 9, 278.76
1735641705, 14, 14, 76, 5, 0, 0.06%, 9, 0, 9, 260.43
1735641710, 14, 15, 76, 5, 0, 0.06%, 9, 0, 9, 289.64
1735641735, 14, 24, 76, 4, 0, 0.06%, 9, 0, 9, 264.21
1735641741, 14, 31, 76, 4, 0, 0.06%, 9, 0, 9, 266.73
1735641746, 14, 35, 76, 4, 0, 0.06%, 9, 0, 9, 278.55
1735641751, 14, 43, 76, 4, 0, 0.06%, 9, 0, 9, 308.69
1735641756, 14, 44, 76, 4, 0, 0.06%, 9, 0, 9, 294.06
1735641761, 14, 57, 76, 4, 0, 0.06%, 9, 0, 9, 291.94
1735641771, 14, 61, 76, 4, 0, 0.06%, 9, 0, 9, 255.36
1735641781, 15, 11, 76, 4, 0, 0.06%, 9, 0, 9, 257.59
1735641786, 15, 12, 76, 4, 0, 0.06%, 9, 0, 9, 280.52
1735641791, 15, 13, 76, 4, 0, 0.06%, 9, 0, 9, 273.57
1735641796, 15, 14, 76, 4, 0, 0.06%, 9, 0, 9, 258.57
1735641801, 15, 17, 76, 4, 0, 0.06%, 9, 0, 9, 267.28
1735641806, 15, 24, 76, 4, 0, 0.06%, 9, 0, 9, 276.69
1735641811, 15, 31, 76, 4, 0, 0.06%, 9, 0, 9, 287.41
1735641816, 15, 34, 76, 4, 0, 0.06%, 9, 0, 9, 286.11
1735641827, 15, 35, 76, 4, 0, 0.06%, 9, 0, 9, 282.35
1735641832, 15, 42, 76, 4, 0, 0.06%, 9, 0, 9, 277.28
1735641842, 15, 48, 76, 4, 0, 0.06%, 9, 0, 9, 260.15
1735642289, 16, 12, 76, 3, 0, 0.06%, 9, 0, 9, 271.57
1735642294, 16, 13, 76, 3, 0, 0.06%, 9, 0, 9, 257.25
1735642299, 16, 14, 76, 3, 0, 0.06%, 9, 0, 9, 270.71
1735642305, 16, 24, 76, 3, 0, 0.06%, 9, 0, 9, 265.20
1735642310, 16, 25, 76, 3, 0, 0.06%, 9, 0, 9, 278.50
1735642340, 16, 30, 76, 2, 0, 0.06%, 9, 0, 9, 268.09
1735642350, 16, 31, 76, 2, 0, 0.06%, 9, 0, 9, 286.44
1735642355, 16, 35, 76, 2, 0, 0.06%, 9, 0, 9, 269.40
1735642360, 16, 47, 76, 2, 0, 0.06%, 9, 0, 9, 265.82
1735642376, 16, 69, 76, 2, 0, 0.06%, 9, 0, 9, 294.51
1735642381, 17, 12, 76, 2, 0, 0.06%, 9, 0, 9, 265.66
1735642386, 17, 13, 76, 2, 0, 0.06%, 9, 0, 9, 262.71
1735642391, 17, 14, 76, 2, 0, 0.06%, 9, 0, 9, 258.94
1735642396, 17, 16, 76, 2, 0, 0.06%, 9, 0, 9, 266.11
1735642406, 17, 19, 76, 2, 0, 0.06%, 9, 0, 9, 297.41
1735642416, 17, 24, 76, 2, 0, 0.06%, 9, 0, 9, 274.93
1735642421, 17, 26, 76, 2, 0, 0.06%, 9, 0, 9, 252.81
1735642432, 17, 31, 76, 2, 0, 0.06%, 9, 0, 9, 288.39
1735642437, 17, 35, 76, 2, 0, 0.06%, 9, 0, 9, 278.27
1735642442, 17, 46, 76, 2, 0, 0.06%, 9, 0, 9, 292.77
1735642457, 17, 73, 76, 2, 0, 0.06%, 9, 0, 9, 329.82
1735642472, 18, 12, 76, 2, 0, 0.06%, 9, 0, 9, 269.90
1735642482, 18, 13, 76, 2, 0, 0.06%, 9, 0, 9, 276.99
1735642487, 18, 14, 76, 2, 0, 0.06%, 9, 0, 9, 271.60
1735642492, 18, 16, 76, 2, 0, 0.06%, 9, 0, 9, 292.73
1735642497, 18, 19, 76, 2, 0, 0.06%, 9, 0, 9, 265.08
1735642502, 18, 24, 76, 2, 0, 0.06%, 9, 0, 9, 273.78
1735642507, 18, 30, 76, 2, 0, 0.06%, 9, 0, 9, 283.96
1735642512, 18, 31, 76, 2, 0, 0.06%, 9, 0, 9, 269.43
1735642517, 18, 35, 76, 2, 0, 0.06%, 9, 0, 9, 276.06
1735642523, 18, 36, 76, 2, 0, 0.06%, 9, 0, 9, 307.64
1735642533, 18, 41, 76, 2, 0, 0.06%, 9, 0, 9, 291.37
1735642543, 18, 44, 76, 2, 0, 0.06%, 9, 0, 9, 297.64
1735642548, 18, 70, 76, 2, 0, 0.06%, 9, 0, 9, 314.44
1735642553, 19, 11, 76, 2, 0, 0.06%, 9, 0, 9, 279.64
1735642558, 19, 12, 76, 2, 0, 0.06%, 9, 0, 9, 260.59
1735642563, 19, 13, 76, 2, 0, 0.06%, 9, 0, 9, 264.39
1735642568, 19, 14, 76, 2, 0, 0.06%, 9, 0, 9, 252.81
1735642573, 19, 24, 76, 2, 0, 0.06%, 9, 0, 9, 275.54
1735642578, 19, 31, 76, 2, 0, 0.06%, 9, 0, 9, 267.88
1735642584, 19, 35, 76, 2, 0, 0.06%, 9, 0, 9, 289.46
1735642589, 19, 55, 76, 2, 0, 0.06%, 9, 0, 9, 329.43
1735642604, 19, 56, 76, 2, 0, 0.06%, 9, 0, 9, 309.73
1735642619, 20, 12, 76, 2, 0, 0.06%, 9, 0, 9, 268.86
1735642624, 20, 13, 76, 2, 0, 0.06%, 9, 0, 9, 260.98
1735642630, 20, 14, 76, 2, 0, 0.06%, 9, 0, 9, 266.42
1735642635, 20, 24, 76, 2, 0, 0.06%, 9, 0, 9, 279.14
1735642640, 20, 31, 76, 2, 0, 0.06%, 9, 0, 9, 275.68
1735642645, 20, 35, 76, 2, 0, 0.06%, 9, 0, 9, 274.33
1735642650, 20, 54, 76, 2, 0, 0.06%, 9, 0, 9, 252.67
1735642873, 20, 62, 76, 1, 0, 0.06%, 9, 0, 9, 265.25
1735642883, 20, 65, 76, 1, 0, 0.06%, 9, 0, 9, 310.74
1735642893, 20, 66, 76, 1, 0, 0.06%, 9, 0, 9, 307.22
1735642899, 21, 11, 76, 1, 0, 0.06%, 9, 0, 9, 271.26
1735642904, 21, 12, 76, 1, 0, 0.06%, 9, 0, 9, 255.51
1735642909, 21, 13, 76, 1, 0, 0.06%, 9, 0, 9, 269.65
1735642914, 21, 14, 76, 1, 0, 0.06%, 9, 0, 9, 269.29
1735642919, 21, 24, 76, 1, 0, 0.06%, 9, 0, 9, 275.29
1735642924, 21, 31, 76, 1, 0, 0.06%, 9, 0, 9, 273.60
1735642929, 21, 35, 76, 1, 0, 0.06%, 9, 0, 9, 263.84
1735642934, 21, 37, 76, 1, 0, 0.06%, 9, 0, 9, 289.64
1735642944, 21, 54, 76, 1, 0, 0.06%, 9, 0, 9, 325.75
1735642960, 21, 75, 76, 1, 0, 0.06%, 9, 0, 9, 376.64
1735642970, 21, 75, 77, 2, 0, 0.06%, 9, 0, 9, 445.13
1735643056, 21, 76, 77, 1, 0, 0.06%, 9, 0, 9, 384.98
1735643168, 22, 11, 77, 0, 0, 0.06%, 9, 0, 9, 262.14
1735643173, 22, 12, 77, 0, 0, 0.06%, 9, 0, 9, 269.17
1735643178, 22, 13, 77, 0, 0, 0.06%, 9, 0, 9, 263.15
1735643183, 22, 14, 77, 0, 0, 0.06%, 9, 0, 9, 258.36
1735643188, 22, 24, 77, 0, 0, 0.06%, 9, 0, 9, 260.07
1735643194, 22, 31, 77, 0, 0, 0.06%, 9, 0, 9, 272.82
1735643199, 22, 35, 77, 0, 0, 0.06%, 9, 0, 9, 275.45
1735643204, 22, 59, 77, 0, 0, 0.06%, 9, 0, 9, 332.06
1735643219, 23, 12, 77, 0, 0, 0.06%, 9, 0, 9, 273.72
1735643224, 23, 13, 77, 0, 0, 0.06%, 9, 0, 9, 266.98
1735643229, 23, 14, 77, 0, 0, 0.06%, 9, 0, 9, 258.51
1735643234, 23, 17, 77, 0, 0, 0.06%, 9, 0, 9, 255.23
1735643239, 23, 24, 77, 0, 0, 0.06%, 9, 0, 9, 263.67
1735643244, 23, 31, 77, 0, 0, 0.06%, 9, 0, 9, 270.83
1735643249, 23, 32, 77, 0, 0, 0.06%, 9, 0, 9, 268.71
1735643260, 23, 35, 77, 0, 0, 0.06%, 9, 0, 9, 253.31
1735643270, 23, 54, 77, 0, 0, 0.06%, 9, 0, 9, 295.66
1735643275, 24, 11, 77, 0, 0, 0.06%, 9, 0, 9, 265.10
1735643280, 24, 12, 77, 0, 0, 0.06%, 9, 0, 9, 259.57
1735643285, 24, 13, 77, 0, 0, 0.06%, 9, 0, 9, 257.86
1735643290, 24, 14, 77, 0, 0, 0.06%, 9, 0, 9, 253.98
1735643295, 24, 24, 77, 0, 0, 0.06%, 9, 0, 9, 262.55
1735643300, 24, 31, 77, 0, 0, 0.06%, 9, 0, 9, 271.31
1735643305, 24, 35, 77, 0, 0, 0.06%, 9, 0, 9, 267.59
1735643310, 24, 50, 77, 0, 0, 0.06%, 9, 0, 9, 303.70
1735643325, 24, 51, 77, 0, 0, 0.06%, 9, 0, 9, 279.04
1735643340, 24, 60, 77, 0, 0, 0.06%, 9, 0, 9, 272.91
1735643350, 24, 65, 77, 0, 0, 0.06%, 9, 0, 9, 336.66
1735643360, 24, 68, 77, 0, 0, 0.06%, 9, 0, 9, 276.98
1735643366, 25, 12, 77, 0, 0, 0.06%, 9, 0, 9, 262.08
1735643371, 25, 13, 77, 0, 0, 0.06%, 9, 0, 9, 266.57
1735643381, 25, 14, 77, 0, 0, 0.06%, 9, 0, 9, 263.23
1735643386, 25, 24, 77, 0, 0, 0.06%, 9, 0, 9, 260.60
1735643391, 25, 31, 77, 0, 0, 0.06%, 9, 0, 9, 279.22
1735643396, 25, 35, 77, 0, 0, 0.06%, 9, 0, 9, 277.72
1735643401, 25, 51, 77, 0, 0, 0.06%, 9, 0, 9, 269.01
1735643406, 25, 58, 77, 0, 0, 0.06%, 9, 0, 9, 292.48
1735643416, 26, 12, 77, 0, 0, 0.06%, 9, 0, 9, 280.00
1735643426, 26, 13, 77, 0, 0, 0.06%, 9, 0, 9, 267.62
1735643431, 26, 14, 77, 0, 0, 0.06%, 9, 0, 9, 280.86
1735643436, 26, 24, 77, 0, 0, 0.06%, 9, 0, 9, 267.17
1735643441, 26, 27, 77, 0, 0, 0.06%, 9, 0, 9, 258.42
1735643446, 26, 31, 77, 0, 0, 0.06%, 9, 0, 9, 253.26
1735643451, 26, 35, 77, 0, 0, 0.06%, 9, 0, 9, 284.53
1735643457, 26, 48, 77, 0, 0, 0.06%, 9, 0, 9, 316.82
1735643472, 26, 51, 77, 0, 0, 0.06%, 9, 0, 9, 282.13
1735643477, 26, 62, 77, 0, 0, 0.06%, 9, 0, 9, 289.38
1735643482, 26, 67, 77, 0, 0, 0.06%, 9, 0, 9, 286.93
1735643487, 26, 70, 77, 0, 0, 0.06%, 9, 0, 9, 309.08
1735643497, 27, 11, 77, 0, 0, 0.06%, 9, 0, 9, 277.61
1735643502, 27, 12, 77, 0, 0, 0.06%, 9, 0, 9, 282.62
1735643507, 27, 13, 77, 0, 0, 0.06%, 9, 0, 9, 279.37
1735643512, 27, 14, 77, 0, 0, 0.06%, 9, 0, 9, 268.38
1735643517, 27, 24, 77, 0, 0, 0.06%, 9, 0, 9, 267.20
1735643522, 27, 31, 77, 0, 0, 0.06%, 9, 0, 9, 271.69
1735643528, 27, 33, 77, 0, 0, 0.06%, 9, 0, 9, 274.09
1735643538, 27, 35, 77, 0, 0, 0.06%, 9, 0, 9, 276.04
1735643543, 27, 62, 77, 0, 0, 0.06%, 9, 0, 9, 279.61
1735643548, 28, 12, 77, 0, 0, 0.06%, 9, 0, 9, 259.05
1735643553, 28, 13, 77, 0, 0, 0.06%, 9, 0, 9, 259.26
1735643558, 28, 14, 77, 0, 0, 0.06%, 9, 0, 9, 261.01
1735643563, 28, 24, 77, 0, 0, 0.06%, 9, 0, 9, 267.41
1735643568, 28, 31, 77, 0, 0, 0.06%, 9, 0, 9, 272.67
1735643573, 28, 35, 77, 0, 0, 0.06%, 9, 0, 9, 287.62
1735643578, 29, 11, 77, 0, 0, 0.06%, 9, 0, 9, 278.76
1735643583, 29, 12, 77, 0, 0, 0.06%, 9, 0, 9, 269.00
1735643588, 29, 13, 77, 0, 0, 0.06%, 9, 0, 9, 270.25
1735643593, 29, 14, 77, 0, 0, 0.06%, 9, 0, 9, 256.20
1735643599, 29, 24, 77, 0, 0, 0.06%, 9, 0, 9, 264.66
1735643604, 29, 31, 77, 0, 0, 0.06%, 9, 0, 9, 266.72
1735643609, 29, 35, 77, 0, 0, 0.06%, 9, 0, 9, 267.25
1735643614, 29, 52, 77, 0, 0, 0.06%, 9, 0, 9, 312.52
1735643629, 29, 54, 77, 0, 0, 0.06%, 9, 0, 9, 316.82
1735643634, 29, 56, 77, 0, 0, 0.06%, 9, 0, 9, 307.52
1735643644, 29, 60, 77, 0, 0, 0.06%, 9, 0, 9, 294.50
1735643649, 29, 72, 77, 0, 0, 0.06%, 9, 0, 9, 310.28
1735643664, 30, 2, 77, 0, 0, 0.06%, 9, 0, 9, 255.03
1735643669, 30, 12, 77, 0, 0, 0.06%, 9, 0, 9, 260.08
1735643674, 30, 13, 77, 0, 0, 0.06%, 9, 0, 9, 267.60
1735643679, 30, 14, 77, 0, 0, 0.06%, 9, 0, 9, 255.28
1735643684, 30, 24, 77, 0, 0, 0.06%, 9, 0, 9, 272.77
1735643690, 30, 31, 77, 0, 0, 0.06%, 9, 0, 9, 283.76
1735643695, 30, 35, 77, 0, 0, 0.06%, 9, 0, 9, 281.54
1735643700, 30, 40, 77, 0, 0, 0.06%, 9, 0, 9, 283.63
1735643710, 30, 68, 77, 0, 0, 0.06%, 9, 0, 9, 280.54
1735643720, 31, 12, 77, 0, 0, 0.06%, 9, 0, 9, 253.64
1735643725, 31, 13, 77, 0, 0, 0.06%, 9, 0, 9, 263.89
1735643730, 31, 14, 77, 0, 0, 0.06%, 9, 0, 9, 255.49
1735643735, 31, 23, 77, 0, 0, 0.06%, 9, 0, 9, 274.85
1735643746, 31, 24, 77, 0, 0, 0.06%, 9, 0, 9, 273.03
1735643751, 31, 31, 77, 0, 0, 0.06%, 9, 0, 9, 261.00
1735643756, 31, 32, 77, 0, 0, 0.06%, 9, 0, 9, 277.91
1735643761, 31, 35, 77, 0, 0, 0.06%, 9, 0, 9, 269.72
1735643766, 31, 44, 77, 0, 0, 0.06%, 9, 0, 9, 288.05
1735643771, 31, 50, 77, 0, 0, 0.06%, 9, 0, 9, 311.66
1735643781, 31, 62, 77, 0, 0, 0.06%, 9, 0, 9, 283.02
1735643786, 32, 12, 77, 0, 0, 0.06%, 9, 0, 9, 265.23
1735643791, 32, 13, 77, 0, 0, 0.06%, 9, 0, 9, 256.78
1735643796, 32, 14, 77, 0, 0, 0.06%, 9, 0, 9, 268.31
1735643807, 32, 24, 77, 0, 0, 0.06%, 9, 0, 9, 273.01
1735643812, 32, 31, 77, 0, 0, 0.06%, 9, 0, 9, 273.69
1735643817, 32, 35, 77, 0, 0, 0.06%, 9, 0, 9, 271.02
1735643822, 32, 67, 77, 0, 0, 0.06%, 9, 0, 9, 282.76
1735643827, 32, 68, 77, 0, 0, 0.06%, 9, 0, 9, 279.23
1735643832, 33, 12, 77, 0, 0, 0.06%, 9, 0, 9, 263.94
1735643837, 33, 13, 77, 0, 0, 0.06%, 9, 0, 9, 265.29
1735643842, 33, 14, 77, 0, 0, 0.06%, 9, 0, 9, 266.84
1735643847, 33, 16, 77, 0, 0, 0.06%, 9, 0, 9, 275.98
1735643852, 33, 17, 77, 0, 0, 0.06%, 9, 0, 9, 276.16
1735643857, 33, 20, 77, 0, 0, 0.06%, 9, 0, 9, 271.98
1735643868, 33, 24, 77, 0, 0, 0.06%, 9, 0, 9, 296.44
1735643873, 33, 31, 77, 0, 0, 0.06%, 9, 0, 9, 289.30
1735643878, 33, 33, 77, 0, 0, 0.06%, 9, 0, 9, 282.58
1735643883, 33, 35, 77, 0, 0, 0.06%, 9, 0, 9, 269.92
1735643888, 34, 7, 77, 0, 0, 0.06%, 9, 0, 9, 271.66
1735643893, 34, 12, 77, 0, 0, 0.06%, 9, 0, 9, 258.40
1735643898, 34, 13, 77, 0, 0, 0.06%, 9, 0, 9, 270.07
1735643903, 34, 14, 77, 0, 0, 0.06%, 9, 0, 9, 269.46
1735643908, 34, 24, 77, 0, 0, 0.06%, 9, 0, 9, 263.93
1735643913, 34, 30, 77, 0, 0, 0.06%, 9, 0, 9, 268.24
1735643918, 34, 31, 77, 0, 0, 0.06%, 9, 0, 9, 271.80
1735643923, 34, 35, 77, 0, 0, 0.06%, 9, 0, 9, 268.95
1735643928, 34, 69, 77, 0, 0, 0.06%, 9, 0, 9, 297.34
1735643933, 34, 72, 77, 0, 0, 0.06%, 9, 0, 9, 306.60
1735643948, 35, 11, 77, 0, 0, 0.06%, 9, 0, 9, 271.36
1735643954, 35, 12, 77, 0, 0, 0.06%, 9, 0, 9, 268.18
1735643959, 35, 13, 77, 0, 0, 0.06%, 9, 0, 9, 268.38
1735643964, 35, 14, 77, 0, 0, 0.06%, 9, 0, 9, 267.42
1735643969, 35, 24, 77, 0, 0, 0.06%, 9, 0, 9, 260.23
1735643974, 35, 31, 77, 0, 0, 0.06%, 9, 0, 9, 271.54
1735643979, 35, 35, 77, 0, 0, 0.06%, 9, 0, 9, 276.08
1735643984, 35, 36, 77, 0, 0, 0.06%, 9, 0, 9, 283.40
1735643989, 36, 11, 77, 0, 0, 0.06%, 9, 0, 9, 266.88
1735643994, 36, 12, 77, 0, 0, 0.06%, 9, 0, 9, 262.42
1735643999, 36, 13, 77, 0, 0, 0.06%, 9, 0, 9, 285.25
1735644004, 36, 14, 77, 0, 0, 0.06%, 9, 0, 9, 268.75
1735644009, 36, 21, 77, 0, 0, 0.06%, 9, 0, 9, 278.29
1735644014, 36, 22, 77, 0, 0, 0.06%, 9, 0, 9, 278.30
1735644024, 36, 23, 77, 0, 0, 0.06%, 9, 0, 9, 293.81
1735644029, 36, 24, 77, 0, 0, 0.06%, 9, 0, 9, 288.62
1735644035, 36, 31, 77, 0, 0, 0.06%, 9, 0, 9, 279.79
1735644040, 36, 35, 77, 0, 0, 0.06%, 9, 0, 9, 285.60
1735644045, 36, 43, 77, 0, 0, 0.06%, 9, 0, 9, 296.74
1735644050, 36, 52, 77, 0, 0, 0.06%, 9, 0, 9, 295.87
1735644055, 37, 11, 77, 0, 0, 0.06%, 9, 0, 9, 272.77
1735644060, 37, 12, 77, 0, 0, 0.06%, 9, 0, 9, 268.57
1735644065, 37, 13, 77, 0, 0, 0.06%, 9, 0, 9, 265.59
1735644070, 37, 14, 77, 0, 0, 0.06%, 9, 0, 9, 256.80
1735644075, 37, 24, 77, 0, 0, 0.06%, 9, 0, 9, 274.14
1735644080, 37, 31, 77, 0, 0, 0.06%, 9, 0, 9, 273.35
1735644085, 37, 35, 77, 0, 0, 0.06%, 9, 0, 9, 285.98
1735644090, 38, 12, 77, 0, 0, 0.06%, 9, 0, 9, 272.38
