# unix_time, cycles_done, cur_path, paths_total, pending_total, pending_favs, map_size, unique_crashes, unique_hangs, max_depth, execs_per_sec
1734068702, 0, 0, 10, 10, 1, 0.00%, 0, 0, 1, 173.91
1734068707, 0, 2, 10, 10, 1, 0.00%, 0, 0, 1, 204.21
1734068712, 0, 3, 10, 9, 0, 0.00%, 0, 0, 1, 211.12
1734068717, 0, 4, 10, 8, 0, 0.00%, 0, 0, 1, 203.92
1734068727, 0, 5, 10, 7, 0, 0.00%, 0, 0, 1, 211.11
1734068732, 0, 6, 10, 6, 0, 0.00%, 0, 0, 1, 198.41
1734068742, 0, 7, 10, 5, 0, 0.00%, 0, 0, 1, 211.79
1734068748, 0, 8, 10, 4, 0, 0.00%, 0, 0, 1, 211.56
1734068753, 0, 9, 10, 3, 0, 0.00%, 0, 0, 1, 207.36
1734068763, 1, 0, 10, 2, 0, 0.00%, 0, 0, 1, 206.81
1734068773, 1, 1, 10, 1, 0, 0.00%, 0, 0, 1, 204.30
1734068783, 1, 2, 10, 0, 0, 0.00%, 0, 0, 1, 195.82
1734068788, 1, 4, 10, 0, 0, 0.00%, 0, 0, 1, 194.67
1734068793, 1, 5, 10, 0, 0, 0.00%, 0, 0, 1, 196.81
1734068799, 1, 6, 10, 0, 0, 0.00%, 0, 0, 1, 188.12
1734068804, 1, 8, 10, 0, 0, 0.00%, 0, 0, 1, 192.81
1734068809, 1, 9, 10, 0, 0, 0.00%, 0, 0, 1, 187.93
1734068814, 2, 0, 10, 0, 0, 0.00%, 0, 0, 1, 190.81
1734068819, 2, 2, 10, 0, 0, 0.00%, 0, 0, 1, 192.02
1734068824, 2, 3, 10, 0, 0, 0.00%, 0, 0, 1, 186.97
1734068829, 2, 4, 10, 0, 0, 0.00%, 0, 0, 1, 190.56
1734068835, 2, 6, 10, 0, 0, 0.00%, 0, 0, 1, 186.25
1734068840, 2, 7, 10, 0, 0, 0.00%, 0, 0, 1, 186.83
1734068845, 2, 8, 10, 0, 0, 0.00%, 0, 0, 1, 188.18
1734068850, 3, 0, 10, 0, 0, 0.00%, 0, 0, 1, 185.49
1734068855, 3, 1, 10, 0, 0, 0.00%, 0, 0, 1, 182.58
1734068861, 3, 2, 10, 0, 0, 0.00%, 0, 0, 1, 187.11
1734068866, 3, 4, 10, 0, 0, 0.00%, 0, 0, 1, 182.65
1734068871, 3, 5, 10, 0, 0, 0.00%, 0, 0, 1, 183.70
1734068876, 3, 6, 10, 0, 0, 0.00%, 0, 0, 1, 187.96
1734068881, 3, 7, 10, 0, 0, 0.00%, 0, 0, 1, 186.21
1734068886, 3, 9, 10, 0, 0, 0.00%, 0, 0, 1, 185.19
1734068892, 4, 0, 10, 0, 0, 0.00%, 0, 0, 1, 184.96
1734068897, 4, 1, 10, 0, 0, 0.00%, 0, 0, 1, 182.45
1734068902, 4, 3, 10, 0, 0, 0.00%, 0, 0, 1, 183.86
1734068907, 4, 4, 10, 0, 0, 0.00%, 0, 0, 1, 184.97
1734068912, 4, 5, 10, 0, 0, 0.00%, 0, 0, 1, 186.80
1734068917, 4, 6, 10, 0, 0, 0.00%, 0, 0, 1, 187.26
1734068922, 4, 8, 10, 0, 0, 0.00%, 0, 0, 1, 182.15
1734068927, 4, 9, 10, 0, 0, 0.00%, 0, 0, 1, 181.07
1734068933, 5, 0, 10, 0, 0, 0.00%, 0, 0, 1, 182.34
1734068938, 5, 2, 10, 0, 0, 0.00%, 0, 0, 1, 186.91
1734068943, 5, 3, 10, 0, 0, 0.00%, 0, 0, 1, 182.92
1734068948, 5, 4, 10, 0, 0, 0.00%, 0, 0, 1, 186.71
1734068953, 5, 5, 10, 0, 0, 0.00%, 0, 0, 1, 182.68
1734068958, 5, 7, 10, 0, 0, 0.00%, 0, 0, 1, 183.05
1734068963, 5, 8, 10, 0, 0, 0.00%, 0, 0, 1, 185.60
1734068968, 5, 9, 10, 0, 0, 0.00%, 0, 0, 1, 187.03
1734068973, 6, 1, 10, 0, 0, 0.00%, 0, 0, 1, 184.20
1734068979, 6, 2, 10, 0, 0, 0.00%, 0, 0, 1, 184.98
1734068984, 6, 3, 10, 0, 0, 0.00%, 0, 0, 1, 185.02
1734068989, 6, 4, 10, 0, 0, 0.00%, 0, 0, 1, 189.94
1734068994, 6, 6, 10, 0, 0, 0.00%, 0, 0, 1, 182.83
1734068999, 6, 7, 10, 0, 0, 0.00%, 0, 0, 1, 181.98
1734069004, 6, 8, 10, 0, 0, 0.00%, 0, 0, 1, 182.78
1734069010, 7, 0, 10, 0, 0, 0.00%, 0, 0, 1, 183.16
1734069015, 7, 1, 10, 0, 0, 0.00%, 0, 0, 1, 183.06
1734069020, 7, 2, 10, 0, 0, 0.00%, 0, 0, 1, 185.84
1734069025, 7, 3, 10, 0, 0, 0.00%, 0, 0, 1, 183.97
1734069030, 7, 5, 10, 0, 0, 0.00%, 0, 0, 1, 183.60
1734069035, 7, 6, 10, 0, 0, 0.00%, 0, 0, 1, 184.78
1734069040, 7, 7, 10, 0, 0, 0.00%, 0, 0, 1, 181.18
1734069045, 7, 8, 10, 0, 0, 0.00%, 0, 0, 1, 184.70
1734069050, 8, 0, 10, 0, 0, 0.00%, 0, 0, 1, 180.69
1734069055, 8, 1, 10, 0, 0, 0.00%, 0, 0, 1, 180.13
1734069060, 8, 2, 10, 0, 0, 0.00%, 0, 0, 1, 182.73
1734069066, 8, 3, 10, 0, 0, 0.00%, 0, 0, 1, 181.48
1734069071, 8, 5, 10, 0, 0, 0.00%, 0, 0, 1, 184.93
1734069076, 8, 6, 10, 0, 0, 0.00%, 0, 0, 1, 183.78
1734069081, 8, 7, 10, 0, 0, 0.00%, 0, 0, 1, 183.67
1734069086, 8, 9, 10, 0, 0, 0.00%, 0, 0, 1, 183.98
1734069091, 9, 0, 10, 0, 0, 0.00%, 0, 0, 1, 185.22
1734069096, 9, 1, 10, 0, 0, 0.00%, 0, 0, 1, 183.72
1734069102, 9, 2, 10, 0, 0, 0.00%, 0, 0, 1, 181.17
1734069107, 9, 4, 10, 0, 0, 0.00%, 0, 0, 1, 182.66
1734069112, 9, 5, 10, 0, 0, 0.00%, 0, 0, 1, 184.15
1734069117, 9, 6, 10, 0, 0, 0.00%, 0, 0, 1, 187.18
1734069122, 9, 8, 10, 0, 0, 0.00%, 0, 0, 1, 184.22
1734069127, 9, 9, 10, 0, 0, 0.00%, 0, 0, 1, 182.22
1734069133, 10, 0, 10, 0, 0, 0.00%, 0, 0, 1, 186.53
1734069138, 10, 1, 10, 0, 0, 0.00%, 0, 0, 1, 182.70
1734069143, 10, 3, 10, 0, 0, 0.00%, 0, 0, 1, 183.99
1734069148, 10, 4, 10, 0, 0, 0.00%, 0, 0, 1, 181.46
1734069153, 10, 5, 10, 0, 0, 0.00%, 0, 0, 1, 181.34
1734069158, 10, 6, 10, 0, 0, 0.00%, 0, 0, 1, 180.21
1734069163, 10, 8, 10, 0, 0, 0.00%, 0, 0, 1, 182.85
1734069168, 10, 9, 10, 0, 0, 0.00%, 0, 0, 1, 182.36
1734069173, 11, 0, 10, 0, 0, 0.00%, 0, 0, 1, 185.19
1734069179, 11, 2, 10, 0, 0, 0.00%, 0, 0, 1, 185.02
1734069184, 11, 3, 10, 0, 0, 0.00%, 0, 0, 1, 181.35
1734069189, 11, 4, 10, 0, 0, 0.00%, 0, 0, 1, 182.36
1734069194, 11, 5, 10, 0, 0, 0.00%, 0, 0, 1, 179.81
1734069199, 11, 7, 10, 0, 0, 0.00%, 0, 0, 1, 180.31
1734069204, 11, 8, 10, 0, 0, 0.00%, 0, 0, 1, 182.81
1734069209, 11, 9, 10, 0, 0, 0.00%, 0, 0, 1, 180.49
1734069215, 12, 0, 10, 0, 0, 0.00%, 0, 0, 1, 183.63
1734069220, 12, 2, 10, 0, 0, 0.00%, 0, 0, 1, 182.00
1734069225, 12, 3, 10, 0, 0, 0.00%, 0, 0, 1, 180.49
1734069230, 12, 4, 10, 0, 0, 0.00%, 0, 0, 1, 181.76
1734069235, 12, 5, 10, 0, 0, 0.00%, 0, 0, 1, 177.78
1734069240, 12, 7, 10, 0, 0, 0.00%, 0, 0, 1, 179.20
1734069245, 12, 8, 10, 0, 0, 0.00%, 0, 0, 1, 180.06
1734069250, 12, 9, 10, 0, 0, 0.00%, 0, 0, 1, 181.01
1734069255, 13, 0, 10, 0, 0, 0.00%, 0, 0, 1, 180.89
1734069260, 13, 2, 10, 0, 0, 0.00%, 0, 0, 1, 180.56
1734069265, 13, 3, 10, 0, 0, 0.00%, 0, 0, 1, 181.02
1734069270, 13, 4, 10, 0, 0, 0.00%, 0, 0, 1, 179.81
1734069276, 13, 5, 10, 0, 0, 0.00%, 0, 0, 1, 184.62
1734069281, 13, 7, 10, 0, 0, 0.00%, 0, 0, 1, 180.76
1734069286, 13, 8, 10, 0, 0, 0.00%, 0, 0, 1, 182.09
1734069291, 13, 9, 10, 0, 0, 0.00%, 0, 0, 1, 180.68
1734069296, 14, 0, 10, 0, 0, 0.00%, 0, 0, 1, 179.65
1734069301, 14, 2, 10, 0, 0, 0.00%, 0, 0, 1, 179.45
1734069306, 14, 3, 10, 0, 0, 0.00%, 0, 0, 1, 186.69
1734069311, 14, 4, 10, 0, 0, 0.00%, 0, 0, 1, 190.88
1734069316, 14, 6, 10, 0, 0, 0.00%, 0, 0, 1, 186.76
1734069322, 14, 7, 10, 0, 0, 0.00%, 0, 0, 1, 189.98
1734069327, 14, 8, 10, 0, 0, 0.00%, 0, 0, 1, 192.79
1734069332, 15, 0, 10, 0, 0, 0.00%, 0, 0, 1, 190.61
1734069337, 15, 1, 10, 0, 0, 0.00%, 0, 0, 1, 190.94
1734069342, 15, 2, 10, 0, 0, 0.00%, 0, 0, 1, 188.66
1734069347, 15, 4, 10, 0, 0, 0.00%, 0, 0, 1, 186.23
1734069352, 15, 5, 10, 0, 0, 0.00%, 0, 0, 1, 185.34
1734069357, 15, 6, 10, 0, 0, 0.00%, 0, 0, 1, 188.83
1734069363, 15, 7, 10, 0, 0, 0.00%, 0, 0, 1, 183.95
1734069368, 15, 9, 10, 0, 0, 0.00%, 0, 0, 1, 186.19
1734069373, 16, 0, 10, 0, 0, 0.00%, 0, 0, 1, 190.12
1734069378, 16, 1, 10, 0, 0, 0.00%, 0, 0, 1, 191.14
1734069383, 16, 3, 10, 0, 0, 0.00%, 0, 0, 1, 194.59
1734069389, 16, 4, 10, 0, 0, 0.00%, 0, 0, 1, 188.72
1734069394, 16, 5, 10, 0, 0, 0.00%, 0, 0, 1, 188.76
1734069399, 16, 7, 10, 0, 0, 0.00%, 0, 0, 1, 190.34
1734069404, 16, 8, 10, 0, 0, 0.00%, 0, 0, 1, 186.10
1734069409, 16, 9, 10, 0, 0, 0.00%, 0, 0, 1, 190.60
1734069414, 17, 1, 10, 0, 0, 0.00%, 0, 0, 1, 190.54
1734069419, 17, 2, 10, 0, 0, 0.00%, 0, 0, 1, 186.47
1734069425, 17, 3, 10, 0, 0, 0.00%, 0, 0, 1, 189.89
1734069430, 17, 5, 10, 0, 0, 0.00%, 0, 0, 1, 191.70
1734069435, 17, 6, 10, 0, 0, 0.00%, 0, 0, 1, 186.96
1734069440, 17, 7, 10, 0, 0, 0.00%, 0, 0, 1, 190.63
1734069445, 17, 9, 10, 0, 0, 0.00%, 0, 0, 1, 190.02
1734069450, 18, 0, 10, 0, 0, 0.00%, 0, 0, 1, 187.86
1734069456, 18, 1, 10, 0, 0, 0.00%, 0, 0, 1, 186.20
1734069461, 18, 3, 10, 0, 0, 0.00%, 0, 0, 1, 189.73
1734069466, 18, 4, 10, 0, 0, 0.00%, 0, 0, 1, 189.55
1734069471, 18, 5, 10, 0, 0, 0.00%, 0, 0, 1, 191.07
1734069476, 18, 7, 10, 0, 0, 0.00%, 0, 0, 1, 190.35
1734069481, 18, 8, 10, 0, 0, 0.00%, 0, 0, 1, 190.05
1734069487, 18, 9, 10, 0, 0, 0.00%, 0, 0, 1, 189.96
1734069492, 19, 1, 10, 0, 0, 0.00%, 0, 0, 1, 188.61
1734069497, 19, 2, 10, 0, 0, 0.00%, 0, 0, 1, 189.65
1734069502, 19, 3, 10, 0, 0, 0.00%, 0, 0, 1, 193.29
1734069507, 19, 5, 10, 0, 0, 0.00%, 0, 0, 1, 187.61
1734069512, 19, 6, 10, 0, 0, 0.00%, 0, 0, 1, 184.33
1734069518, 19, 7, 10, 0, 0, 0.00%, 0, 0, 1, 188.48
1734069523, 19, 10, 11, 1, 1, 0.05%, 1, 0, 2, 203.53
1734069614, 20, 10, 11, 0, 0, 0.05%, 1, 0, 2, 196.02
1734069630, 20, 10, 13, 2, 0, 0.05%, 3, 0, 3, 199.62
1734069675, 20, 11, 16, 5, 2, 0.06%, 6, 0, 4, 221.90
1734069696, 20, 11, 17, 6, 2, 0.06%, 7, 0, 4, 207.37
1734069706, 20, 11, 18, 7, 2, 0.06%, 7, 0, 4, 206.94
1734069721, 20, 11, 19, 8, 2, 0.06%, 7, 0, 4, 201.83
1734069731, 20, 11, 20, 9, 2, 0.06%, 7, 0, 4, 202.62
1734069787, 20, 11, 21, 10, 2, 0.06%, 7, 0, 4, 208.65
1734069792, 20, 11, 22, 11, 2, 0.06%, 7, 0, 4, 206.63
1734069797, 20, 11, 23, 12, 2, 0.06%, 7, 0, 4, 204.44
1734069817, 20, 12, 23, 11, 5, 0.06%, 7, 0, 4, 198.18
1734069822, 20, 12, 26, 14, 5, 0.06%, 9, 0, 4, 213.84
1734069858, 20, 12, 27, 15, 5, 0.06%, 9, 0, 4, 205.85
1734069939, 20, 12, 28, 16, 5, 0.06%, 9, 0, 4, 217.22
1734069944, 20, 12, 29, 17, 5, 0.06%, 9, 0, 4, 228.01
1734069954, 20, 13, 29, 16, 6, 0.06%, 9, 0, 4, 227.92
1734069964, 20, 13, 30, 17, 6, 0.06%, 9, 0, 5, 207.12
1734070035, 20, 13, 31, 18, 6, 0.06%, 9, 0, 5, 211.16
1734070075, 20, 13, 32, 19, 6, 0.06%, 9, 0, 5, 197.15
1734070081, 20, 13, 38, 25, 6, 0.06%, 9, 0, 5, 227.37
1734070101, 20, 14, 38, 24, 5, 0.06%, 9, 0, 5, 227.63
1734070152, 20, 14, 39, 25, 5, 0.06%, 9, 0, 5, 203.76
1734070187, 20, 14, 40, 26, 5, 0.06%, 9, 0, 5, 199.04
1734070223, 20, 14, 42, 28, 5, 0.06%, 9, 0, 5, 226.93
1734070228, 20, 14, 43, 29, 5, 0.06%, 9, 0, 5, 236.16
1734070233, 20, 14, 44, 30, 5, 0.06%, 9, 0, 5, 236.45
1734070238, 20, 14, 45, 31, 5, 0.06%, 9, 0, 5, 251.50
1734070253, 20, 15, 45, 30, 4, 0.06%, 9, 0, 5, 220.24
1734070298, 20, 15, 46, 31, 4, 0.06%, 9, 0, 5, 225.97
1734070304, 20, 15, 50, 35, 4, 0.06%, 9, 0, 5, 268.41
1734070309, 20, 18, 50, 34, 3, 0.06%, 9, 0, 5, 236.93
1734070324, 20, 18, 52, 36, 3, 0.06%, 9, 0, 5, 203.53
1734070435, 20, 18, 53, 37, 3, 0.06%, 9, 0, 5, 200.34
1734070456, 20, 18, 54, 38, 3, 0.06%, 9, 0, 5, 204.68
1734070481, 20, 23, 54, 37, 2, 0.06%, 9, 0, 5, 247.06
1734070537, 20, 24, 54, 36, 1, 0.06%, 9, 0, 5, 237.74
1734070562, 20, 24, 55, 37, 1, 0.06%, 9, 0, 5, 203.84
1734070623, 20, 24, 56, 38, 1, 0.06%, 9, 0, 5, 232.13
1734070638, 20, 26, 56, 37, 0, 0.06%, 9, 0, 5, 389.42
1734070694, 20, 26, 58, 39, 0, 0.06%, 9, 0, 5, 244.01
1734070704, 20, 26, 59, 40, 0, 0.06%, 9, 0, 5, 236.57
1734070710, 20, 30, 60, 40, 0, 0.06%, 9, 0, 5, 296.40
1734070740, 20, 30, 61, 41, 0, 0.06%, 9, 0, 6, 227.94
1734070801, 20, 36, 61, 40, 0, 0.06%, 9, 0, 6, 251.34
1734070862, 20, 38, 61, 39, 0, 0.06%, 9, 0, 6, 226.71
1734070958, 20, 38, 62, 40, 0, 0.06%, 9, 0, 6, 316.75
1734070969, 20, 38, 63, 41, 0, 0.06%, 9, 0, 6, 296.66
1734070979, 20, 38, 64, 42, 0, 0.06%, 9, 0, 6, 292.55
1734070999, 20, 38, 65, 43, 0, 0.06%, 9, 0, 6, 306.57
1734071080, 20, 42, 65, 42, 0, 0.06%, 9, 0, 6, 297.11
1734071135, 20, 47, 65, 41, 0, 0.06%, 9, 0, 6, 239.76
1734071201, 20, 47, 67, 43, 0, 0.06%, 9, 0, 6, 304.83
1734071323, 20, 51, 67, 42, 0, 0.06%, 9, 0, 6, 247.14
1734071379, 20, 54, 67, 41, 0, 0.06%, 9, 0, 6, 275.62
1734071435, 20, 57, 67, 40, 0, 0.06%, 9, 0, 6, 419.96
1734071491, 20, 63, 67, 39, 0, 0.06%, 9, 0, 6, 355.89
1734071578, 20, 63, 68, 40, 0, 0.06%, 9, 0, 7, 292.98
1734071588, 20, 63, 69, 41, 0, 0.06%, 9, 0, 7, 286.10
1734071679, 20, 64, 69, 40, 0, 0.06%, 9, 0, 7, 348.60
1734071781, 20, 65, 69, 39, 0, 0.06%, 9, 0, 7, 304.05
1734071887, 20, 66, 69, 38, 0, 0.06%, 9, 0, 7, 315.47
1734071995, 20, 68, 69, 37, 0, 0.06%, 9, 0, 7, 390.58
1734072152, 21, 10, 69, 36, 0, 0.06%, 9, 0, 7, 262.31
1734072167, 21, 11, 69, 36, 0, 0.06%, 9, 0, 7, 228.97
1734072177, 21, 12, 69, 36, 0, 0.06%, 9, 0, 7, 232.21
1734072187, 21, 13, 69, 36, 0, 0.06%, 9, 0, 7, 227.09
1734072213, 21, 14, 69, 36, 0, 0.06%, 9, 0, 7, 231.30
1734072233, 21, 15, 69, 36, 0, 0.06%, 9, 0, 7, 234.67
1734072248, 21, 15, 71, 38, 0, 0.06%, 9, 0, 7, 251.61
1734072258, 21, 17, 71, 38, 0, 0.06%, 9, 0, 7, 282.02
1734072309, 21, 18, 71, 37, 0, 0.06%, 9, 0, 7, 250.14
1734072334, 21, 21, 71, 37, 0, 0.06%, 9, 0, 7, 234.92
1734072385, 21, 21, 72, 38, 0, 0.06%, 9, 0, 7, 279.15
1734072400, 21, 23, 72, 37, 0, 0.06%, 9, 0, 7, 227.58
1734072421, 21, 24, 72, 37, 0, 0.06%, 9, 0, 7, 233.55
1734072446, 21, 25, 72, 37, 0, 0.06%, 9, 0, 7, 278.27
1734072497, 21, 27, 72, 36, 0, 0.06%, 9, 0, 7, 277.33
1734072558, 21, 29, 72, 35, 0, 0.06%, 9, 0, 7, 304.00
1734072644, 21, 31, 72, 34, 0, 0.06%, 9, 0, 7, 305.80
1734072811, 21, 35, 72, 33, 0, 0.06%, 9, 0, 7, 360.93
1734072857, 21, 35, 73, 34, 0, 0.06%, 9, 0, 7, 269.23
1734072872, 21, 36, 73, 33, 0, 0.06%, 9, 0, 7, 233.35
1734072892, 21, 46, 73, 33, 0, 0.06%, 9, 0, 7, 288.15
1734072948, 21, 48, 73, 32, 0, 0.06%, 9, 0, 7, 317.32
1734073161, 21, 56, 73, 31, 0, 0.06%, 9, 0, 7, 303.56
1734073233, 21, 59, 73, 30, 0, 0.06%, 9, 0, 7, 382.59
1734073349, 21, 70, 73, 29, 0, 0.06%, 9, 0, 7, 300.16
1734073477, 21, 72, 73, 28, 0, 0.06%, 9, 0, 7, 233.05
1734073568, 21, 72, 74, 29, 0, 0.06%, 9, 0, 7, 291.45
1734073619, 22, 10, 74, 28, 0, 0.06%, 9, 0, 7, 227.33
1734073629, 22, 11, 74, 28, 0, 0.06%, 9, 0, 7, 231.02
1734073639, 22, 12, 74, 28, 0, 0.06%, 9, 0, 7, 237.63
1734073649, 22, 13, 74, 28, 0, 0.06%, 9, 0, 7, 243.28
1734073675, 22, 14, 74, 28, 0, 0.06%, 9, 0, 7, 231.78
1734073700, 22, 15, 74, 28, 0, 0.06%, 9, 0, 7, 229.22
1734073720, 22, 16, 74, 28, 0, 0.06%, 9, 0, 7, 340.02
1734073771, 22, 18, 74, 27, 0, 0.06%, 9, 0, 7, 253.94
1734073797, 22, 20, 74, 27, 0, 0.06%, 9, 0, 7, 348.50
1734073848, 22, 23, 74, 26, 0, 0.06%, 9, 0, 7, 242.94
1734073873, 22, 24, 74, 26, 0, 0.06%, 9, 0, 7, 230.43
1734073893, 22, 33, 74, 26, 0, 0.06%, 9, 0, 7, 331.32
1734073949, 22, 34, 74, 25, 0, 0.06%, 9, 0, 7, 273.52
1734074000, 22, 37, 74, 24, 0, 0.06%, 9, 0, 7, 279.00
1734074056, 22, 40, 74, 23, 0, 0.06%, 9, 0, 7, 220.38
1734074122, 22, 53, 74, 22, 0, 0.06%, 9, 0, 7, 272.59
1734074518, 22, 60, 74, 21, 0, 0.06%, 9, 0, 7, 308.97
1734074579, 22, 62, 74, 20, 0, 0.06%, 9, 0, 7, 351.89
1734074685, 22, 73, 74, 19, 0, 0.06%, 9, 0, 7, 256.50
1734074797, 23, 10, 74, 18, 0, 0.06%, 9, 0, 7, 235.08
1734074802, 23, 11, 74, 18, 0, 0.06%, 9, 0, 7, 236.85
1734074812, 23, 12, 74, 18, 0, 0.06%, 9, 0, 7, 250.71
1734074827, 23, 13, 74, 18, 0, 0.06%, 9, 0, 7, 237.38
1734074848, 23, 14, 74, 18, 0, 0.06%, 9, 0, 7, 236.55
1734074873, 23, 15, 74, 18, 0, 0.06%, 9, 0, 7, 232.70
1734074893, 23, 17, 74, 18, 0, 0.06%, 9, 0, 7, 239.85
1734074919, 23, 18, 74, 18, 0, 0.06%, 9, 0, 7, 225.04
1734074944, 23, 22, 74, 18, 0, 0.06%, 9, 0, 7, 239.26
1734075000, 23, 23, 74, 17, 0, 0.06%, 9, 0, 7, 237.30
1734075020, 23, 24, 74, 17, 0, 0.06%, 9, 0, 7, 236.91
1734075046, 23, 39, 74, 17, 0, 0.06%, 9, 0, 7, 361.70
1734075132, 23, 50, 74, 16, 0, 0.06%, 9, 0, 7, 240.22
1734075188, 23, 69, 74, 15, 0, 0.06%, 9, 0, 7, 202.45
1734076012, 23, 70, 74, 14, 0, 0.06%, 9, 0, 7, 257.55
1734076033, 24, 10, 74, 14, 0, 0.06%, 9, 0, 7, 245.26
1734076038, 24, 11, 74, 14, 0, 0.06%, 9, 0, 7, 248.56
1734076048, 24, 12, 74, 14, 0, 0.06%, 9, 0, 7, 234.85
1734076063, 24, 13, 74, 14, 0, 0.06%, 9, 0, 7, 236.86
1734076088, 24, 14, 74, 14, 0, 0.06%, 9, 0, 7, 230.35
1734076109, 24, 15, 74, 14, 0, 0.06%, 9, 0, 7, 219.65
1734076134, 24, 18, 74, 14, 0, 0.06%, 9, 0, 7, 237.80
1734076155, 24, 23, 74, 14, 0, 0.06%, 9, 0, 7, 244.49
1734076180, 24, 24, 74, 14, 0, 0.06%, 9, 0, 7, 241.70
1734076201, 24, 32, 74, 14, 0, 0.06%, 9, 0, 7, 282.49
1734076252, 24, 45, 74, 13, 0, 0.06%, 9, 0, 7, 273.58
1734076318, 24, 49, 74, 12, 0, 0.06%, 9, 0, 7, 317.50
1734076368, 24, 56, 74, 11, 0, 0.06%, 9, 0, 7, 279.68
1734076394, 25, 10, 74, 11, 0, 0.06%, 9, 0, 7, 248.20
1734076399, 25, 12, 74, 11, 0, 0.06%, 9, 0, 7, 234.58
1734076404, 25, 13, 74, 11, 0, 0.06%, 9, 0, 7, 234.66
1734076409, 25, 14, 74, 11, 0, 0.06%, 9, 0, 7, 252.53
1734076414, 25, 15, 74, 11, 0, 0.06%, 9, 0, 7, 236.51
1734076419, 25, 18, 74, 11, 0, 0.06%, 9, 0, 7, 233.81
1734076424, 25, 23, 74, 11, 0, 0.06%, 9, 0, 7, 240.10
1734076429, 25, 24, 74, 11, 0, 0.06%, 9, 0, 7, 237.54
1734076434, 25, 27, 74, 11, 0, 0.06%, 9, 0, 7, 273.97
1734076460, 25, 38, 74, 11, 0, 0.06%, 9, 0, 7, 282.16
1734076480, 25, 41, 74, 11, 0, 0.06%, 9, 0, 7, 308.58
1734076627, 25, 43, 74, 10, 0, 0.06%, 9, 0, 7, 304.64
1734076678, 25, 52, 74, 9, 0, 0.06%, 9, 0, 7, 295.16
1734076769, 25, 67, 74, 8, 0, 0.06%, 9, 0, 7, 370.96
1734076942, 26, 11, 74, 7, 0, 0.06%, 9, 0, 7, 247.01
1734076947, 26, 13, 74, 7, 0, 0.06%, 9, 0, 7, 234.63
1734076952, 26, 14, 74, 7, 0, 0.06%, 9, 0, 7, 247.31
1734076962, 26, 15, 74, 7, 0, 0.06%, 9, 0, 7, 248.58
1734076967, 26, 18, 74, 7, 0, 0.06%, 9, 0, 7, 233.41
1734076972, 26, 19, 74, 7, 0, 0.06%, 9, 0, 7, 246.14
1734077028, 26, 23, 74, 6, 0, 0.06%, 9, 0, 7, 242.88
1734077034, 26, 24, 74, 6, 0, 0.06%, 9, 0, 7, 239.73
1734077039, 26, 44, 74, 6, 0, 0.06%, 9, 0, 7, 357.02
1734077120, 26, 56, 74, 5, 0, 0.06%, 9, 0, 7, 281.38
1734077140, 26, 58, 74, 5, 0, 0.06%, 9, 0, 7, 329.42
1734077191, 27, 10, 74, 4, 0, 0.06%, 9, 0, 7, 238.68
1734077196, 27, 12, 74, 4, 0, 0.06%, 9, 0, 7, 234.27
1734077201, 27, 13, 74, 4, 0, 0.06%, 9, 0, 7, 241.84
1734077206, 27, 14, 74, 4, 0, 0.06%, 9, 0, 7, 240.12
1734077211, 27, 15, 74, 4, 0, 0.06%, 9, 0, 7, 233.20
1734077222, 27, 18, 74, 4, 0, 0.06%, 9, 0, 7, 244.47
1734077227, 27, 23, 74, 4, 0, 0.06%, 9, 0, 7, 255.31
1734077232, 27, 24, 74, 4, 0, 0.06%, 9, 0, 7, 255.97
1734077237, 27, 25, 74, 4, 0, 0.06%, 9, 0, 7, 249.57
1734077257, 27, 37, 74, 4, 0, 0.06%, 9, 0, 7, 278.23
1734077283, 27, 47, 74, 4, 0, 0.06%, 9, 0, 7, 270.96
1734077303, 27, 55, 74, 4, 0, 0.06%, 9, 0, 7, 273.47
1734077359, 27, 71, 74, 3, 0, 0.06%, 9, 0, 7, 350.40
1734077496, 28, 10, 74, 2, 0, 0.06%, 9, 0, 7, 256.81
1734077501, 28, 12, 74, 2, 0, 0.06%, 9, 0, 7, 244.08
1734077506, 28, 13, 74, 2, 0, 0.06%, 9, 0, 7, 258.67
1734077511, 28, 14, 74, 2, 0, 0.06%, 9, 0, 7, 242.59
1734077516, 28, 15, 74, 2, 0, 0.06%, 9, 0, 7, 242.96
1734077521, 28, 18, 74, 2, 0, 0.06%, 9, 0, 7, 235.77
1734077526, 28, 23, 74, 2, 0, 0.06%, 9, 0, 7, 234.83
1734077531, 28, 24, 74, 2, 0, 0.06%, 9, 0, 7, 244.29
1734077536, 28, 35, 74, 2, 0, 0.06%, 9, 0, 7, 254.17
1734077562, 28, 53, 74, 2, 0, 0.06%, 9, 0, 7, 315.88
1734077582, 28, 67, 74, 2, 0, 0.06%, 9, 0, 7, 303.87
1734077602, 29, 11, 74, 2, 0, 0.06%, 9, 0, 7, 240.02
1734077607, 29, 12, 74, 2, 0, 0.06%, 9, 0, 7, 246.15
1734077612, 29, 13, 74, 2, 0, 0.06%, 9, 0, 7, 244.92
1734077617, 29, 14, 74, 2, 0, 0.06%, 9, 0, 7, 247.76
1734077623, 29, 15, 74, 2, 0, 0.06%, 9, 0, 7, 245.39
1734077628, 29, 18, 74, 2, 0, 0.06%, 9, 0, 7, 255.43
1734077633, 29, 19, 74, 2, 0, 0.06%, 9, 0, 7, 245.33
1734077658, 29, 23, 74, 2, 0, 0.06%, 9, 0, 7, 257.34
1734077663, 29, 24, 74, 2, 0, 0.06%, 9, 0, 7, 250.66
1734077669, 29, 28, 74, 2, 0, 0.06%, 9, 0, 7, 378.64
1734077719, 29, 30, 74, 1, 0, 0.06%, 9, 0, 7, 257.43
1734077745, 29, 58, 74, 1, 0, 0.06%, 9, 0, 7, 238.06
1734077770, 30, 12, 74, 1, 0, 0.06%, 9, 0, 7, 253.79
1734077775, 30, 13, 74, 1, 0, 0.06%, 9, 0, 7, 233.08
1734077781, 30, 14, 74, 1, 0, 0.06%, 9, 0, 7, 234.09
1734077786, 30, 15, 74, 1, 0, 0.06%, 9, 0, 7, 240.53
1734077791, 30, 18, 74, 1, 0, 0.06%, 9, 0, 7, 249.18
1734077801, 30, 21, 74, 1, 0, 0.06%, 9, 0, 7, 260.10
1734077821, 30, 23, 74, 1, 0, 0.06%, 9, 0, 7, 239.33
1734077826, 30, 24, 74, 1, 0, 0.06%, 9, 0, 7, 232.53
1734077831, 30, 57, 74, 1, 0, 0.06%, 9, 0, 7, 250.40
1734077857, 30, 61, 74, 1, 0, 0.06%, 9, 0, 7, 364.84
1734077969, 30, 71, 74, 0, 0, 0.06%, 9, 0, 7, 286.06
1734077979, 30, 71, 75, 1, 0, 0.06%, 9, 0, 7, 262.66
1734077989, 30, 74, 75, 1, 0, 0.06%, 9, 0, 7, 304.10
1734078137, 31, 11, 75, 0, 0, 0.06%, 9, 0, 7, 249.08
1734078142, 31, 12, 75, 0, 0, 0.06%, 9, 0, 7, 244.10
1734078147, 31, 13, 75, 0, 0, 0.06%, 9, 0, 7, 254.68
1734078152, 31, 14, 75, 0, 0, 0.06%, 9, 0, 7, 237.59
1734078157, 31, 15, 75, 0, 0, 0.06%, 9, 0, 7, 232.54
1734078162, 31, 18, 75, 0, 0, 0.06%, 9, 0, 7, 243.92
1734078167, 31, 23, 75, 0, 0, 0.06%, 9, 0, 7, 251.63
1734078172, 31, 24, 75, 0, 0, 0.06%, 9, 0, 7, 250.72
1734078177, 31, 50, 75, 0, 0, 0.06%, 9, 0, 7, 265.84
1734078203, 31, 66, 75, 0, 0, 0.06%, 9, 0, 7, 281.68
1734078223, 32, 10, 75, 0, 0, 0.06%, 9, 0, 7, 234.96
1734078228, 32, 12, 75, 0, 0, 0.06%, 9, 0, 7, 238.39
1734078233, 32, 13, 75, 0, 0, 0.06%, 9, 0, 7, 247.32
1734078238, 32, 14, 75, 0, 0, 0.06%, 9, 0, 7, 241.51
1734078243, 32, 15, 75, 0, 0, 0.06%, 9, 0, 7, 246.87
1734078248, 32, 18, 75, 0, 0, 0.06%, 9, 0, 7, 233.14
1734078253, 32, 23, 75, 0, 0, 0.06%, 9, 0, 7, 249.25
1734078258, 32, 24, 75, 0, 0, 0.06%, 9, 0, 7, 241.47
1734078268, 32, 39, 75, 0, 0, 0.06%, 9, 0, 7, 261.89
1734078289, 32, 43, 75, 0, 0, 0.06%, 9, 0, 7, 258.78
1734078309, 32, 53, 75, 0, 0, 0.06%, 9, 0, 7, 267.15
1734078334, 33, 11, 75, 0, 0, 0.06%, 9, 0, 7, 236.24
1734078339, 33, 13, 75, 0, 0, 0.06%, 9, 0, 7, 230.21
1734078345, 33, 14, 75, 0, 0, 0.06%, 9, 0, 7, 238.57
1734078355, 33, 15, 75, 0, 0, 0.06%, 9, 0, 7, 242.50
1734078360, 33, 18, 75, 0, 0, 0.06%, 9, 0, 7, 237.26
1734078365, 33, 23, 75, 0, 0, 0.06%, 9, 0, 7, 245.09
1734078370, 33, 24, 75, 0, 0, 0.06%, 9, 0, 7, 244.15
1734078375, 33, 44, 75, 0, 0, 0.06%, 9, 0, 7, 274.74
1734078396, 33, 45, 75, 0, 0, 0.06%, 9, 0, 7, 245.49
1734078421, 33, 46, 75, 0, 0, 0.06%, 9, 0, 7, 234.95
1734078442, 33, 65, 75, 0, 0, 0.06%, 9, 0, 7, 282.36
1734078467, 33, 67, 75, 0, 0, 0.06%, 9, 0, 7, 304.53
1734078487, 34, 10, 75, 0, 0, 0.06%, 9, 0, 7, 255.92
1734078492, 34, 12, 75, 0, 0, 0.06%, 9, 0, 7, 243.90
1734078497, 34, 13, 75, 0, 0, 0.06%, 9, 0, 7, 241.57
1734078503, 34, 14, 75, 0, 0, 0.06%, 9, 0, 7, 237.74
1734078508, 34, 15, 75, 0, 0, 0.06%, 9, 0, 7, 240.82
1734078513, 34, 18, 75, 0, 0, 0.06%, 9, 0, 7, 230.26
1734078523, 34, 23, 75, 0, 0, 0.06%, 9, 0, 7, 250.50
1734078528, 34, 24, 75, 0, 0, 0.06%, 9, 0, 7, 259.34
1734078533, 34, 54, 75, 0, 0, 0.06%, 9, 0, 7, 254.26
1734078558, 34, 72, 75, 0, 0, 0.06%, 9, 0, 7, 271.38
1734078579, 35, 5, 75, 0, 0, 0.06%, 9, 0, 7, 240.97
1734078584, 35, 11, 75, 0, 0, 0.06%, 9, 0, 7, 240.09
1734078589, 35, 13, 75, 0, 0, 0.06%, 9, 0, 7, 237.58
1734078594, 35, 14, 75, 0, 0, 0.06%, 9, 0, 7, 233.79
1734078604, 35, 15, 75, 0, 0, 0.06%, 9, 0, 7, 252.10
1734078609, 35, 18, 75, 0, 0, 0.06%, 9, 0, 7, 252.05
1734078615, 35, 23, 75, 0, 0, 0.06%, 9, 0, 7, 240.93
1734078620, 35, 24, 75, 0, 0, 0.06%, 9, 0, 7, 229.54
1734078625, 35, 36, 75, 0, 0, 0.06%, 9, 0, 7, 244.98
1734078650, 35, 43, 75, 0, 0, 0.06%, 9, 0, 7, 256.90
1734078670, 35, 47, 75, 0, 0, 0.06%, 9, 0, 7, 265.76
1734078696, 35, 56, 75, 0, 0, 0.06%, 9, 0, 7, 294.74
1734078716, 35, 62, 75, 0, 0, 0.06%, 9, 0, 7, 284.36
1734078736, 36, 10, 75, 0, 0, 0.06%, 9, 0, 7, 241.50
1734078741, 36, 12, 75, 0, 0, 0.06%, 9, 0, 7, 244.94
1734078746, 36, 13, 75, 0, 0, 0.06%, 9, 0, 7, 243.49
1734078751, 36, 14, 75, 0, 0, 0.06%, 9, 0, 7, 241.84
1734078756, 36, 15, 75, 0, 0, 0.06%, 9, 0, 7, 245.81
1734078761, 36, 18, 75, 0, 0, 0.06%, 9, 0, 7, 245.43
1734078767, 36, 21, 75, 0, 0, 0.06%, 9, 0, 7, 261.16
1734078792, 36, 23, 75, 0, 0, 0.06%, 9, 0, 7, 255.63
1734078797, 36, 24, 75, 0, 0, 0.06%, 9, 0, 7, 253.99
1734078802, 36, 44, 75, 0, 0, 0.06%, 9, 0, 7, 281.07
1734078822, 36, 62, 75, 0, 0, 0.06%, 9, 0, 7, 288.44
1734078843, 36, 65, 75, 0, 0, 0.06%, 9, 0, 7, 283.81
1734078863, 37, 10, 75, 0, 0, 0.06%, 9, 0, 7, 263.56
1734078868, 37, 12, 75, 0, 0, 0.06%, 9, 0, 7, 243.94
1734078873, 37, 13, 75, 0, 0, 0.06%, 9, 0, 7, 246.44
1734078879, 37, 14, 75, 0, 0, 0.06%, 9, 0, 7, 252.96
1734078884, 37, 15, 75, 0, 0, 0.06%, 9, 0, 7, 254.73
1734078889, 37, 18, 75, 0, 0, 0.06%, 9, 0, 7, 248.27
1734078894, 37, 23, 75, 0, 0, 0.06%, 9, 0, 7, 248.84
1734078899, 37, 24, 75, 0, 0, 0.06%, 9, 0, 7, 247.06
1734078904, 37, 40, 75, 0, 0, 0.06%, 9, 0, 7, 268.20
1734078925, 37, 53, 75, 0, 0, 0.06%, 9, 0, 7, 279.73
1734078945, 37, 55, 75, 0, 0, 0.06%, 9, 0, 7, 236.65
1734078970, 37, 62, 75, 0, 0, 0.06%, 9, 0, 7, 289.97
1734078991, 38, 10, 75, 0, 0, 0.06%, 9, 0, 7, 241.06
1734078996, 38, 12, 75, 0, 0, 0.06%, 9, 0, 7, 243.72
1734079001, 38, 13, 75, 0, 0, 0.06%, 9, 0, 7, 259.50
1734079006, 38, 14, 75, 0, 0, 0.06%, 9, 0, 7, 237.36
1734079011, 38, 15, 75, 0, 0, 0.06%, 9, 0, 7, 241.89
1734079016, 38, 18, 75, 0, 0, 0.06%, 9, 0, 7, 242.34
1734079021, 38, 19, 75, 0, 0, 0.06%, 9, 0, 7, 240.94
1734079046, 38, 23, 75, 0, 0, 0.06%, 9, 0, 7, 244.25
1734079051, 38, 24, 75, 0, 0, 0.06%, 9, 0, 7, 245.50
1734079056, 38, 50, 75, 0, 0, 0.06%, 9, 0, 7, 277.25
1734079082, 39, 10, 75, 0, 0, 0.06%, 9, 0, 7, 246.75
1734079087, 39, 12, 75, 0, 0, 0.06%, 9, 0, 7, 246.10
1734079092, 39, 13, 75, 0, 0, 0.06%, 9, 0, 7, 242.83
1734079097, 39, 14, 75, 0, 0, 0.06%, 9, 0, 7, 248.41
1734079102, 39, 15, 75, 0, 0, 0.06%, 9, 0, 7, 242.50
1734079107, 39, 18, 75, 0, 0, 0.06%, 9, 0, 7, 253.00
1734079112, 39, 23, 75, 0, 0, 0.06%, 9, 0, 7, 252.57
1734079117, 39, 24, 75, 0, 0, 0.06%, 9, 0, 7, 242.01
1734079123, 39, 33, 75, 0, 0, 0.06%, 9, 0, 7, 253.62
1734079143, 39, 36, 75, 0, 0, 0.06%, 9, 0, 7, 256.10
1734079168, 39, 51, 75, 0, 0, 0.06%, 9, 0, 7, 237.68
1734079189, 39, 65, 75, 0, 0, 0.06%, 9, 0, 7, 265.43
1734079214, 40, 11, 75, 0, 0, 0.06%, 9, 0, 7, 251.52
1734079219, 40, 12, 75, 0, 0, 0.06%, 9, 0, 7, 244.04
1734079224, 40, 13, 75, 0, 0, 0.06%, 9, 0, 7, 235.60
1734079229, 40, 14, 75, 0, 0, 0.06%, 9, 0, 7, 256.97
1734079234, 40, 15, 75, 0, 0, 0.06%, 9, 0, 7, 237.76
1734079239, 40, 18, 75, 0, 0, 0.06%, 9, 0, 7, 235.42
1734079244, 40, 23, 75, 0, 0, 0.06%, 9, 0, 7, 244.02
1734079249, 40, 24, 75, 0, 0, 0.06%, 9, 0, 7, 244.51
1734079254, 40, 27, 75, 0, 0, 0.06%, 9, 0, 7, 253.75
1734079280, 40, 35, 75, 0, 0, 0.06%, 9, 0, 7, 256.57
1734079300, 41, 10, 75, 0, 0, 0.06%, 9, 0, 7, 248.33
1734079305, 41, 12, 75, 0, 0, 0.06%, 9, 0, 7, 242.72
1734079310, 41, 13, 75, 0, 0, 0.06%, 9, 0, 7, 230.85
1734079315, 41, 14, 75, 0, 0, 0.06%, 9, 0, 7, 237.62
1734079321, 41, 15, 75, 0, 0, 0.06%, 9, 0, 7, 238.10
1734079326, 41, 18, 75, 0, 0, 0.06%, 9, 0, 7, 246.60
1734079331, 41, 23, 75, 0, 0, 0.06%, 9, 0, 7, 239.06
1734079336, 41, 24, 75, 0, 0, 0.06%, 9, 0, 7, 246.17
1734079346, 41, 51, 75, 0, 0, 0.06%, 9, 0, 7, 243.40
1734079366, 41, 58, 75, 0, 0, 0.06%, 9, 0, 7, 261.44
1734079392, 42, 10, 75, 0, 0, 0.06%, 9, 0, 7, 250.18
1734079397, 42, 12, 75, 0, 0, 0.06%, 9, 0, 7, 249.68
1734079402, 42, 13, 75, 0, 0, 0.06%, 9, 0, 7, 234.55
1734079407, 42, 14, 75, 0, 0, 0.06%, 9, 0, 7, 236.82
1734079412, 42, 15, 75, 0, 0, 0.06%, 9, 0, 7, 247.91
1734079417, 42, 18, 75, 0, 0, 0.06%, 9, 0, 7, 237.96
1734079422, 42, 23, 75, 0, 0, 0.06%, 9, 0, 7, 251.30
1734079427, 42, 24, 75, 0, 0, 0.06%, 9, 0, 7, 257.74
1734079437, 42, 34, 75, 0, 0, 0.06%, 9, 0, 7, 237.08
1734079458, 42, 46, 75, 0, 0, 0.06%, 9, 0, 7, 250.84
1734079484, 42, 52, 75, 0, 0, 0.06%, 9, 0, 7, 284.29
1734079504, 43, 11, 75, 0, 0, 0.06%, 9, 0, 7, 254.62
1734079509, 43, 12, 75, 0, 0, 0.06%, 9, 0, 7, 248.77
1734079514, 43, 13, 75, 0, 0, 0.06%, 9, 0, 7, 251.69
1734079519, 43, 14, 75, 0, 0, 0.06%, 9, 0, 7, 230.80
1734079524, 43, 15, 75, 0, 0, 0.06%, 9, 0, 7, 229.98
1734079529, 43, 18, 75, 0, 0, 0.06%, 9, 0, 7, 239.45
1734079534, 43, 21, 75, 0, 0, 0.06%, 9, 0, 7, 262.10
1734079554, 43, 23, 75, 0, 0, 0.06%, 9, 0, 7, 265.18
1734079564, 43, 24, 75, 0, 0, 0.06%, 9, 0, 7, 237.43
1734079570, 43, 33, 75, 0, 0, 0.06%, 9, 0, 7, 267.98
1734079590, 43, 55, 75, 0, 0, 0.06%, 9, 0, 7, 252.16
1734079600, 43, 55, 76, 1, 0, 0.06%, 9, 0, 7, 258.83
1734079615, 44, 11, 76, 1, 0, 0.06%, 9, 0, 7, 248.40
1734079621, 44, 13, 76, 1, 0, 0.06%, 9, 0, 7, 238.63
1734079631, 44, 14, 76, 1, 0, 0.06%, 9, 0, 7, 250.08
1734079636, 44, 15, 76, 1, 0, 0.06%, 9, 0, 7, 242.85
1734079641, 44, 18, 76, 1, 0, 0.06%, 9, 0, 7, 247.15
1734079646, 44, 22, 76, 1, 0, 0.06%, 9, 0, 7, 233.03
1734079671, 44, 23, 76, 1, 0, 0.06%, 9, 0, 7, 244.01
1734079676, 44, 24, 76, 1, 0, 0.06%, 9, 0, 7, 244.88
1734079681, 44, 43, 76, 1, 0, 0.06%, 9, 0, 7, 257.22
1734079706, 44, 46, 76, 1, 0, 0.06%, 9, 0, 7, 252.14
1734079727, 44, 63, 76, 1, 0, 0.06%, 9, 0, 7, 275.02
1734079747, 44, 75, 76, 1, 0, 0.06%, 9, 0, 7, 287.53
1734079889, 45, 10, 76, 0, 0, 0.06%, 9, 0, 7, 227.91
1734079895, 45, 12, 76, 0, 0, 0.06%, 9, 0, 7, 237.27
1734079900, 45, 13, 76, 0, 0, 0.06%, 9, 0, 7, 237.48
1734079905, 45, 14, 76, 0, 0, 0.06%, 9, 0, 7, 242.56
1734079910, 45, 15, 76, 0, 0, 0.06%, 9, 0, 7, 242.09
1734079915, 45, 18, 76, 0, 0, 0.06%, 9, 0, 7, 238.38
1734079920, 45, 23, 76, 0, 0, 0.06%, 9, 0, 7, 239.53
1734079925, 45, 24, 76, 0, 0, 0.06%, 9, 0, 7, 245.46
1734079931, 45, 31, 76, 0, 0, 0.06%, 9, 0, 7, 257.19
1734079956, 45, 40, 76, 0, 0, 0.06%, 9, 0, 7, 253.98
1734079976, 45, 45, 76, 0, 0, 0.06%, 9, 0, 7, 268.64
1734080002, 45, 49, 76, 0, 0, 0.06%, 9, 0, 7, 252.13
1734080022, 46, 10, 76, 0, 0, 0.06%, 9, 0, 7, 262.69
1734080027, 46, 12, 76, 0, 0, 0.06%, 9, 0, 7, 251.53
1734080032, 46, 13, 76, 0, 0, 0.06%, 9, 0, 7, 241.68
1734080037, 46, 14, 76, 0, 0, 0.06%, 9, 0, 7, 250.67
1734080042, 46, 15, 76, 0, 0, 0.06%, 9, 0, 7, 255.52
1734080047, 46, 18, 76, 0, 0, 0.06%, 9, 0, 7, 246.67
1734080057, 46, 20, 76, 0, 0, 0.06%, 9, 0, 7, 255.40
1734080078, 46, 23, 76, 0, 0, 0.06%, 9, 0, 7, 248.75
1734080083, 46, 24, 76, 0, 0, 0.06%, 9, 0, 7, 243.43
1734080088, 46, 25, 76, 0, 0, 0.06%, 9, 0, 7, 257.01
1734080113, 46, 48, 76, 0, 0, 0.06%, 9, 0, 7, 316.60
1734080133, 47, 11, 76, 0, 0, 0.06%, 9, 0, 7, 253.59
1734080138, 47, 13, 76, 0, 0, 0.06%, 9, 0, 7, 240.81
1734080143, 47, 14, 76, 0, 0, 0.06%, 9, 0, 7, 251.35
1734080148, 47, 15, 76, 0, 0, 0.06%, 9, 0, 7, 249.67
1734080159, 47, 18, 76, 0, 0, 0.06%, 9, 0, 7, 242.67
1734080164, 47, 23, 76, 0, 0, 0.06%, 9, 0, 7, 255.00
1734080169, 47, 24, 76, 0, 0, 0.06%, 9, 0, 7, 259.52
1734080174, 47, 29, 76, 0, 0, 0.06%, 9, 0, 7, 270.26
1734080195, 47, 38, 76, 0, 0, 0.06%, 9, 0, 7, 301.51
1734080215, 47, 70, 76, 0, 0, 0.06%, 9, 0, 7, 274.13
1734080235, 48, 10, 76, 0, 0, 0.06%, 9, 0, 7, 259.70
1734080240, 48, 12, 76, 0, 0, 0.06%, 9, 0, 7, 262.51
1734080245, 48, 13, 76, 0, 0, 0.06%, 9, 0, 7, 255.12
1734080251, 48, 14, 76, 0, 0, 0.06%, 9, 0, 7, 254.15
1734080256, 48, 15, 76, 0, 0, 0.06%, 9, 0, 7, 244.43
1734080261, 48, 18, 76, 0, 0, 0.06%, 9, 0, 7, 252.01
1734080266, 48, 23, 76, 0, 0, 0.06%, 9, 0, 7, 241.30
1734080271, 48, 24, 76, 0, 0, 0.06%, 9, 0, 7, 249.34
1734080276, 48, 26, 76, 0, 0, 0.06%, 9, 0, 7, 255.84
1734080301, 48, 33, 76, 0, 0, 0.06%, 9, 0, 7, 261.87
1734080321, 48, 41, 76, 0, 0, 0.06%, 9, 0, 7, 249.53
1734080347, 48, 57, 76, 0, 0, 0.06%, 9, 0, 7, 273.96
1734080367, 48, 60, 76, 0, 0, 0.06%, 9, 0, 7, 254.54
1734080387, 48, 72, 76, 0, 0, 0.06%, 9, 0, 7, 248.48
1734080413, 48, 75, 76, 0, 0, 0.06%, 9, 0, 7, 274.94
1734080433, 49, 10, 76, 0, 0, 0.06%, 9, 0, 7, 246.23
1734080438, 49, 12, 76, 0, 0, 0.06%, 9, 0, 7, 249.55
1734080443, 49, 13, 76, 0, 0, 0.06%, 9, 0, 7, 238.45
1734080448, 49, 14, 76, 0, 0, 0.06%, 9, 0, 7, 244.66
1734080453, 49, 15, 76, 0, 0, 0.06%, 9, 0, 7, 240.66
1734080458, 49, 18, 76, 0, 0, 0.06%, 9, 0, 7, 233.54
1734080463, 49, 23, 76, 0, 0, 0.06%, 9, 0, 7, 241.02
1734080468, 49, 24, 76, 0, 0, 0.06%, 9, 0, 7, 248.53
1734080473, 49, 54, 76, 0, 0, 0.06%, 9, 0, 7, 257.13
1734080499, 49, 67, 76, 0, 0, 0.06%, 9, 0, 7, 321.86
1734080520, 49, 73, 76, 0, 0, 0.06%, 9, 0, 7, 273.57
1734080540, 50, 10, 76, 0, 0, 0.06%, 9, 0, 7, 253.33
1734080545, 50, 12, 76, 0, 0, 0.06%, 9, 0, 7, 239.16
1734080550, 50, 13, 76, 0, 0, 0.06%, 9, 0, 7, 255.25
1734080555, 50, 14, 76, 0, 0, 0.06%, 9, 0, 7, 234.67
1734080560, 50, 15, 76, 0, 0, 0.06%, 9, 0, 7, 236.37
1734080566, 50, 18, 76, 0, 0, 0.06%, 9, 0, 7, 238.67
1734080571, 50, 23, 76, 0, 0, 0.06%, 9, 0, 7, 256.89
1734080576, 50, 24, 76, 0, 0, 0.06%, 9, 0, 7, 248.11
1734080581, 50, 59, 76, 0, 0, 0.06%, 9, 0, 7, 250.94
1734080601, 51, 1, 76, 0, 0, 0.06%, 9, 0, 7, 285.95
1734080606, 51, 11, 76, 0, 0, 0.06%, 9, 0, 7, 245.46
1734080611, 51, 13, 76, 0, 0, 0.06%, 9, 0, 7, 233.51
1734080616, 51, 14, 76, 0, 0, 0.06%, 9, 0, 7, 242.58
1734080622, 51, 15, 76, 0, 0, 0.06%, 9, 0, 7, 243.13
1734080632, 51, 18, 76, 0, 0, 0.06%, 9, 0, 7, 256.28
1734080637, 51, 23, 76, 0, 0, 0.06%, 9, 0, 7, 262.02
1734080642, 51, 24, 76, 0, 0, 0.06%, 9, 0, 7, 246.19
1734080647, 51, 36, 76, 0, 0, 0.06%, 9, 0, 7, 243.36
1734080667, 51, 50, 76, 0, 0, 0.06%, 9, 0, 7, 244.22
1734080692, 51, 75, 76, 0, 0, 0.06%, 9, 0, 7, 279.29
1734080713, 52, 10, 76, 0, 0, 0.06%, 9, 0, 7, 244.68
1734080718, 52, 12, 76, 0, 0, 0.06%, 9, 0, 7, 244.73
1734080723, 52, 13, 76, 0, 0, 0.06%, 9, 0, 7, 252.77
1734080728, 52, 14, 76, 0, 0, 0.06%, 9, 0, 7, 248.93
1734080733, 52, 15, 76, 0, 0, 0.06%, 9, 0, 7, 239.02
1734080738, 52, 18, 76, 0, 0, 0.06%, 9, 0, 7, 229.07
1734080743, 52, 23, 76, 0, 0, 0.06%, 9, 0, 7, 240.13
1734080748, 52, 24, 76, 0, 0, 0.06%, 9, 0, 7, 251.27
1734080753, 52, 28, 76, 0, 0, 0.06%, 9, 0, 7, 246.77
1734080779, 52, 34, 76, 0, 0, 0.06%, 9, 0, 7, 240.59
1734080800, 52, 52, 76, 0, 0, 0.06%, 9, 0, 7, 254.26
1734080825, 53, 11, 76, 0, 0, 0.06%, 9, 0, 7, 241.96
1734080830, 53, 13, 76, 0, 0, 0.06%, 9, 0, 7, 236.21
1734080840, 53, 14, 76, 0, 0, 0.06%, 9, 0, 7, 244.26
1734080845, 53, 15, 76, 0, 0, 0.06%, 9, 0, 7, 241.81
1734080851, 53, 18, 76, 0, 0, 0.06%, 9, 0, 7, 229.40
1734080856, 53, 20, 76, 0, 0, 0.06%, 9, 0, 7, 248.20
1734080881, 53, 23, 76, 0, 0, 0.06%, 9, 0, 7, 254.91
1734080886, 53, 24, 76, 0, 0, 0.06%, 9, 0, 7, 255.28
1734080891, 53, 50, 76, 0, 0, 0.06%, 9, 0, 7, 269.70
1734080911, 53, 70, 76, 0, 0, 0.06%, 9, 0, 7, 276.95
1734080937, 54, 10, 76, 0, 0, 0.06%, 9, 0, 7, 240.66
1734080942, 54, 12, 76, 0, 0, 0.06%, 9, 0, 7, 240.01
1734080947, 54, 13, 76, 0, 0, 0.06%, 9, 0, 7, 243.19
1734080952, 54, 14, 76, 0, 0, 0.06%, 9, 0, 7, 248.69
1734080957, 54, 15, 76, 0, 0, 0.06%, 9, 0, 7, 238.94
1734080962, 54, 18, 76, 0, 0, 0.06%, 9, 0, 7, 250.84
1734080967, 54, 23, 76, 0, 0, 0.06%, 9, 0, 7, 248.28
1734080972, 54, 24, 76, 0, 0, 0.06%, 9, 0, 7, 251.17
1734080977, 54, 54, 76, 0, 0, 0.06%, 9, 0, 7, 249.87
1734081003, 54, 69, 76, 0, 0, 0.06%, 9, 0, 7, 306.81
1734081023, 54, 75, 76, 0, 0, 0.06%, 9, 0, 7, 275.73
1734081043, 55, 10, 76, 0, 0, 0.06%, 9, 0, 7, 245.32
1734081049, 55, 12, 76, 0, 0, 0.06%, 9, 0, 7, 236.02
1734081054, 55, 13, 76, 0, 0, 0.06%, 9, 0, 7, 246.47
1734081059, 55, 14, 76, 0, 0, 0.06%, 9, 0, 7, 248.34
1734081064, 55, 15, 76, 0, 0, 0.06%, 9, 0, 7, 242.84
1734081069, 55, 18, 76, 0, 0, 0.06%, 9, 0, 7, 239.46
1734081074, 55, 23, 76, 0, 0, 0.06%, 9, 0, 7, 243.10
1734081079, 55, 24, 76, 0, 0, 0.06%, 9, 0, 7, 252.05
1734081084, 55, 44, 76, 0, 0, 0.06%, 9, 0, 7, 261.76
1734081110, 55, 56, 76, 0, 0, 0.06%, 9, 0, 7, 286.20
1734081130, 56, 10, 76, 0, 0, 0.06%, 9, 0, 7, 240.03
1734081135, 56, 12, 76, 0, 0, 0.06%, 9, 0, 7, 240.91
1734081140, 56, 13, 76, 0, 0, 0.06%, 9, 0, 7, 232.34
1734081145, 56, 14, 76, 0, 0, 0.06%, 9, 0, 7, 246.65
1734081150, 56, 15, 76, 0, 0, 0.06%, 9, 0, 7, 238.55
1734081155, 56, 18, 76, 0, 0, 0.06%, 9, 0, 7, 243.91
1734081160, 56, 23, 76, 0, 0, 0.06%, 9, 0, 7, 241.11
1734081170, 56, 24, 76, 0, 0, 0.06%, 9, 0, 7, 241.52
1734081175, 56, 58, 76, 0, 0, 0.06%, 9, 0, 7, 259.65
1734081196, 56, 60, 76, 0, 0, 0.06%, 9, 0, 7, 248.43
1734081221, 56, 74, 76, 0, 0, 0.06%, 9, 0, 7, 265.73
1734081242, 57, 11, 76, 0, 0, 0.06%, 9, 0, 7, 257.32
1734081247, 57, 12, 76, 0, 0, 0.06%, 9, 0, 7, 252.59
1734081252, 57, 13, 76, 0, 0, 0.06%, 9, 0, 7, 239.75
1734081257, 57, 14, 76, 0, 0, 0.06%, 9, 0, 7, 238.32
1734081262, 57, 15, 76, 0, 0, 0.06%, 9, 0, 7, 241.50
1734081267, 57, 18, 76, 0, 0, 0.06%, 9, 0, 7, 237.14
1734081272, 57, 23, 76, 0, 0, 0.06%, 9, 0, 7, 241.87
1734081278, 57, 24, 76, 0, 0, 0.06%, 9, 0, 7, 247.48
1734081283, 57, 65, 76, 0, 0, 0.06%, 9, 0, 7, 266.80
1734081308, 57, 68, 76, 0, 0, 0.06%, 9, 0, 7, 307.54
1734081329, 58, 11, 76, 0, 0, 0.06%, 9, 0, 7, 241.02
1734081334, 58, 13, 76, 0, 0, 0.06%, 9, 0, 7, 244.33
1734081344, 58, 14, 76, 0, 0, 0.06%, 9, 0, 7, 241.21
1734081349, 58, 15, 76, 0, 0, 0.06%, 9, 0, 7, 243.16
1734081354, 58, 18, 76, 0, 0, 0.06%, 9, 0, 7, 241.63
1734081359, 58, 23, 76, 0, 0, 0.06%, 9, 0, 7, 247.55
1734081364, 58, 24, 76, 0, 0, 0.06%, 9, 0, 7, 240.51
1734081369, 58, 33, 76, 0, 0, 0.06%, 9, 0, 7, 258.73
1734081389, 58, 39, 76, 0, 0, 0.06%, 9, 0, 7, 248.44
1734081415, 58, 49, 76, 0, 0, 0.06%, 9, 0, 7, 242.74
1734081435, 59, 10, 76, 0, 0, 0.06%, 9, 0, 7, 263.05
1734081440, 59, 12, 76, 0, 0, 0.06%, 9, 0, 7, 260.01
1734081445, 59, 13, 76, 0, 0, 0.06%, 9, 0, 7, 251.76
1734081450, 59, 14, 76, 0, 0, 0.06%, 9, 0, 7, 243.06
1734081455, 59, 15, 76, 0, 0, 0.06%, 9, 0, 7, 247.32
1734081460, 59, 18, 76, 0, 0, 0.06%, 9, 0, 7, 251.36
1734081466, 59, 23, 76, 0, 0, 0.06%, 9, 0, 7, 241.46
1734081471, 59, 24, 76, 0, 0, 0.06%, 9, 0, 7, 230.52
1734081476, 59, 34, 76, 0, 0, 0.06%, 9, 0, 7, 245.98
1734081501, 59, 56, 76, 0, 0, 0.06%, 9, 0, 7, 267.26
1734081506, 60, 11, 76, 0, 0, 0.06%, 9, 0, 7, 248.83
1734081511, 60, 12, 76, 0, 0, 0.06%, 9, 0, 7, 240.13
1734081517, 60, 13, 76, 0, 0, 0.06%, 9, 0, 7, 248.24
1734081522, 60, 14, 76, 0, 0, 0.06%, 9, 0, 7, 245.35
1734081527, 60, 15, 76, 0, 0, 0.06%, 9, 0, 7, 250.02
1734081532, 60, 18, 76, 0, 0, 0.06%, 9, 0, 7, 247.39
1734081537, 60, 22, 76, 0, 0, 0.06%, 9, 0, 7, 228.50
1734081562, 60, 23, 76, 0, 0, 0.06%, 9, 0, 7, 241.13
1734081567, 60, 24, 76, 0, 0, 0.06%, 9, 0, 7, 253.76
1734081573, 60, 38, 76, 0, 0, 0.06%, 9, 0, 7, 298.18
1734081593, 60, 49, 76, 0, 0, 0.06%, 9, 0, 7, 249.02
1734081618, 60, 53, 76, 0, 0, 0.06%, 9, 0, 7, 330.80
1734081639, 61, 11, 76, 0, 0, 0.06%, 9, 0, 7, 247.47
1734081644, 61, 13, 76, 0, 0, 0.06%, 9, 0, 7, 252.43
1734081654, 61, 14, 76, 0, 0, 0.06%, 9, 0, 7, 246.56
1734081659, 61, 15, 76, 0, 0, 0.06%, 9, 0, 7, 254.20
1734081664, 61, 18, 76, 0, 0, 0.06%, 9, 0, 7, 244.28
1734081669, 61, 23, 76, 0, 0, 0.06%, 9, 0, 7, 231.75
1734081675, 61, 24, 76, 0, 0, 0.06%, 9, 0, 7, 234.18
1734081680, 61, 26, 76, 0, 0, 0.06%, 9, 0, 7, 279.03
1734081700, 61, 29, 76, 0, 0, 0.06%, 9, 0, 7, 297.44
1734081725, 61, 39, 76, 0, 0, 0.06%, 9, 0, 7, 274.62
1734081745, 62, 11, 76, 0, 0, 0.06%, 9, 0, 7, 234.26
1734081751, 62, 12, 76, 0, 0, 0.06%, 9, 0, 7, 243.46
1734081756, 62, 13, 76, 0, 0, 0.06%, 9, 0, 7, 239.78
1734081761, 62, 14, 76, 0, 0, 0.06%, 9, 0, 7, 249.68
1734081766, 62, 15, 76, 0, 0, 0.06%, 9, 0, 7, 246.90
1734081771, 62, 16, 76, 0, 0, 0.06%, 9, 0, 7, 261.60
1734081796, 62, 18, 76, 0, 0, 0.06%, 9, 0, 7, 247.31
1734081801, 62, 22, 76, 0, 0, 0.06%, 9, 0, 7, 234.15
1734081826, 62, 23, 76, 0, 0, 0.06%, 9, 0, 7, 249.55
1734081831, 62, 24, 76, 0, 0, 0.06%, 9, 0, 7, 232.79
1734081836, 62, 25, 76, 0, 0, 0.06%, 9, 0, 7, 245.19
1734081862, 62, 39, 76, 0, 0, 0.06%, 9, 0, 7, 285.70
1734081882, 62, 57, 76, 0, 0, 0.06%, 9, 0, 7, 274.73
1734081902, 62, 59, 76, 0, 0, 0.06%, 9, 0, 7, 274.62
1734081922, 62, 68, 76, 0, 0, 0.06%, 9, 0, 7, 284.07
1734081943, 63, 1, 76, 0, 0, 0.06%, 9, 0, 7, 252.25
1734081948, 63, 11, 76, 0, 0, 0.06%, 9, 0, 7, 244.36
1734081953, 63, 13, 76, 0, 0, 0.06%, 9, 0, 7, 255.32
1734081963, 63, 14, 76, 0, 0, 0.06%, 9, 0, 7, 232.60
1734081968, 63, 15, 76, 0, 0, 0.06%, 9, 0, 7, 237.35
1734081973, 63, 18, 76, 0, 0, 0.06%, 9, 0, 7, 225.42
1734081978, 63, 23, 76, 0, 0, 0.06%, 9, 0, 7, 237.87
1734081983, 63, 24, 76, 0, 0, 0.06%, 9, 0, 7, 236.76
1734081988, 63, 39, 76, 0, 0, 0.06%, 9, 0, 7, 251.06
1734081993, 63, 41, 76, 0, 0, 0.06%, 9, 0, 7, 266.90
1734082018, 63, 61, 76, 0, 0, 0.06%, 9, 0, 7, 285.15
1734082039, 63, 69, 76, 0, 0, 0.06%, 9, 0, 7, 302.21
1734082059, 64, 6, 76, 0, 0, 0.06%, 9, 0, 7, 245.40
1734082065, 64, 11, 76, 0, 0, 0.06%, 9, 0, 7, 240.36
1734082070, 64, 13, 76, 0, 0, 0.06%, 9, 0, 7, 245.22
1734082075, 64, 14, 76, 0, 0, 0.06%, 9, 0, 7, 234.13
1734082080, 64, 15, 76, 0, 0, 0.06%, 9, 0, 7, 255.34
1734082085, 64, 18, 76, 0, 0, 0.06%, 9, 0, 7, 249.85
1734082095, 64, 23, 76, 0, 0, 0.06%, 9, 0, 7, 257.90
1734082100, 64, 24, 76, 0, 0, 0.06%, 9, 0, 7, 238.37
1734082106, 64, 38, 76, 0, 0, 0.06%, 9, 0, 7, 312.45
1734082126, 64, 43, 76, 0, 0, 0.06%, 9, 0, 7, 258.92
1734082146, 65, 8, 76, 0, 0, 0.06%, 9, 0, 7, 263.33
1734082151, 65, 11, 76, 0, 0, 0.06%, 9, 0, 7, 238.72
1734082156, 65, 13, 76, 0, 0, 0.06%, 9, 0, 7, 247.53
1734082161, 65, 14, 76, 0, 0, 0.06%, 9, 0, 7, 248.69
1734082171, 65, 15, 76, 0, 0, 0.06%, 9, 0, 7, 253.16
1734082176, 65, 18, 76, 0, 0, 0.06%, 9, 0, 7, 249.15
1734082182, 65, 20, 76, 0, 0, 0.06%, 9, 0, 7, 254.35
1734082202, 65, 23, 76, 0, 0, 0.06%, 9, 0, 7, 245.83
1734082207, 65, 24, 76, 0, 0, 0.06%, 9, 0, 7, 258.45
1734082212, 65, 59, 76, 0, 0, 0.06%, 9, 0, 7, 274.45
1734082232, 65, 72, 76, 0, 0, 0.06%, 9, 0, 7, 295.46
1734082258, 66, 10, 76, 0, 0, 0.06%, 9, 0, 7, 247.27
1734082263, 66, 12, 76, 0, 0, 0.06%, 9, 0, 7, 254.09
1734082268, 66, 13, 76, 0, 0, 0.06%, 9, 0, 7, 238.74
1734082273, 66, 14, 76, 0, 0, 0.06%, 9, 0, 7, 251.91
1734082278, 66, 15, 76, 0, 0, 0.06%, 9, 0, 7, 253.82
1734082283, 66, 18, 76, 0, 0, 0.06%, 9, 0, 7, 244.94
1734082288, 66, 22, 76, 0, 0, 0.06%, 9, 0, 7, 237.19
1734082309, 66, 23, 76, 0, 0, 0.06%, 9, 0, 7, 266.74
1734082319, 66, 24, 76, 0, 0, 0.06%, 9, 0, 7, 245.12
1734082324, 66, 33, 76, 0, 0, 0.06%, 9, 0, 7, 250.10
1734082329, 66, 44, 76, 0, 0, 0.06%, 9, 0, 7, 263.18
1734082354, 66, 70, 76, 0, 0, 0.06%, 9, 0, 7, 270.55
1734082374, 67, 11, 76, 0, 0, 0.06%, 9, 0, 7, 246.27
1734082379, 67, 13, 76, 0, 0, 0.06%, 9, 0, 7, 257.30
1734082390, 67, 14, 76, 0, 0, 0.06%, 9, 0, 7, 249.80
1734082395, 67, 15, 76, 0, 0, 0.06%, 9, 0, 7, 252.35
1734082400, 67, 16, 76, 0, 0, 0.06%, 9, 0, 7, 254.14
1734082420, 67, 18, 76, 0, 0, 0.06%, 9, 0, 7, 241.05
1734082426, 67, 23, 76, 0, 0, 0.06%, 9, 0, 7, 246.44
1734082431, 67, 24, 76, 0, 0, 0.06%, 9, 0, 7, 237.79
1734082436, 67, 32, 76, 0, 0, 0.06%, 9, 0, 7, 248.63
1734082461, 67, 67, 76, 0, 0, 0.06%, 9, 0, 7, 318.22
1734082482, 68, 10, 76, 0, 0, 0.06%, 9, 0, 7, 242.49
1734082487, 68, 12, 76, 0, 0, 0.06%, 9, 0, 7, 238.76
1734082492, 68, 13, 76, 0, 0, 0.06%, 9, 0, 7, 231.83
1734082497, 68, 14, 76, 0, 0, 0.06%, 9, 0, 7, 250.51
1734082502, 68, 15, 76, 0, 0, 0.06%, 9, 0, 7, 243.46
1734082507, 68, 18, 76, 0, 0, 0.06%, 9, 0, 7, 244.66
1734082512, 68, 20, 76, 0, 0, 0.06%, 9, 0, 7, 254.15
1734082538, 68, 23, 76, 0, 0, 0.06%, 9, 0, 7, 244.69
1734082543, 68, 24, 76, 0, 0, 0.06%, 9, 0, 7, 239.89
1734082548, 68, 55, 76, 0, 0, 0.06%, 9, 0, 7, 257.10
1734082573, 69, 11, 76, 0, 0, 0.06%, 9, 0, 7, 240.57
1734082578, 69, 13, 76, 0, 0, 0.06%, 9, 0, 7, 243.84
1734082588, 69, 14, 76, 0, 0, 0.06%, 9, 0, 7, 244.57
1734082594, 69, 15, 76, 0, 0, 0.06%, 9, 0, 7, 245.08
1734082599, 69, 18, 76, 0, 0, 0.06%, 9, 0, 7, 240.28
1734082604, 69, 23, 76, 0, 0, 0.06%, 9, 0, 7, 244.47
1734082609, 69, 24, 76, 0, 0, 0.06%, 9, 0, 7, 239.35
1734082614, 69, 50, 76, 0, 0, 0.06%, 9, 0, 7, 268.28
1734082619, 69, 68, 76, 0, 0, 0.06%, 9, 0, 7, 275.63
1734082645, 70, 12, 76, 0, 0, 0.06%, 9, 0, 7, 250.40
1734082650, 70, 13, 76, 0, 0, 0.06%, 9, 0, 7, 249.37
1734082655, 70, 14, 76, 0, 0, 0.06%, 9, 0, 7, 242.97
1734082660, 70, 15, 76, 0, 0, 0.06%, 9, 0, 7, 244.78
1734082665, 70, 18, 76, 0, 0, 0.06%, 9, 0, 7, 246.32
1734082670, 70, 23, 76, 0, 0, 0.06%, 9, 0, 7, 262.46
1734082675, 70, 24, 76, 0, 0, 0.06%, 9, 0, 7, 242.03
1734082680, 70, 72, 76, 0, 0, 0.06%, 9, 0, 7, 245.76
1734082705, 71, 11, 76, 0, 0, 0.06%, 9, 0, 7, 248.24
1734082711, 71, 13, 76, 0, 0, 0.06%, 9, 0, 7, 239.31
1734082716, 71, 14, 76, 0, 0, 0.06%, 9, 0, 7, 241.09
1734082726, 71, 15, 76, 0, 0, 0.06%, 9, 0, 7, 249.40
1734082731, 71, 18, 76, 0, 0, 0.06%, 9, 0, 7, 247.06
1734082736, 71, 23, 76, 0, 0, 0.06%, 9, 0, 7, 248.90
1734082741, 71, 24, 76, 0, 0, 0.06%, 9, 0, 7, 255.13
1734082746, 71, 44, 76, 0, 0, 0.06%, 9, 0, 7, 264.93
1734082751, 71, 61, 76, 0, 0, 0.06%, 9, 0, 7, 271.80
1734082771, 71, 70, 76, 0, 0, 0.06%, 9, 0, 7, 278.94
1734082787, 71, 74, 76, 0, 0, 0.06%, 9, 0, 7, 260.62
1734082807, 71, 75, 76, 0, 0, 0.06%, 9, 0, 7, 273.70
1734082828, 72, 10, 76, 0, 0, 0.06%, 9, 0, 7, 236.74
1734082833, 72, 11, 76, 0, 0, 0.06%, 9, 0, 7, 242.92
1734082838, 72, 13, 76, 0, 0, 0.06%, 9, 0, 7, 247.06
1734082843, 72, 14, 76, 0, 0, 0.06%, 9, 0, 7, 246.73
1734082848, 72, 15, 76, 0, 0, 0.06%, 9, 0, 7, 245.59
1734082853, 72, 18, 76, 0, 0, 0.06%, 9, 0, 7, 250.66
1734082863, 72, 23, 76, 0, 0, 0.06%, 9, 0, 7, 265.47
1734082868, 72, 24, 76, 0, 0, 0.06%, 9, 0, 7, 254.72
1734082873, 72, 26, 76, 0, 0, 0.06%, 9, 0, 7, 283.60
1734082893, 72, 29, 76, 0, 0, 0.06%, 9, 0, 7, 274.18
1734082914, 72, 54, 76, 0, 0, 0.06%, 9, 0, 7, 260.40
1734082939, 73, 7, 76, 0, 0, 0.06%, 9, 0, 7, 245.68
1734082944, 73, 12, 76, 0, 0, 0.06%, 9, 0, 7, 245.45
1734082949, 73, 13, 76, 0, 0, 0.06%, 9, 0, 7, 241.93
1734082954, 73, 14, 76, 0, 0, 0.06%, 9, 0, 7, 245.69
1734082959, 73, 15, 76, 0, 0, 0.06%, 9, 0, 7, 249.33
1734082965, 73, 18, 76, 0, 0, 0.06%, 9, 0, 7, 247.85
1734082975, 73, 23, 76, 0, 0, 0.06%, 9, 0, 7, 246.91
1734082980, 73, 24, 76, 0, 0, 0.06%, 9, 0, 7, 260.74
1734082985, 73, 59, 76, 0, 0, 0.06%, 9, 0, 7, 302.92
1734083005, 74, 11, 76, 0, 0, 0.06%, 9, 0, 7, 249.34
1734083010, 74, 13, 76, 0, 0, 0.06%, 9, 0, 7, 252.46
1734083015, 74, 14, 76, 0, 0, 0.06%, 9, 0, 7, 254.12
1734083020, 74, 15, 76, 0, 0, 0.06%, 9, 0, 7, 237.87
1734083031, 74, 18, 76, 0, 0, 0.06%, 9, 0, 7, 248.81
1734083036, 74, 23, 76, 0, 0, 0.06%, 9, 0, 7, 247.56
1734083041, 74, 24, 76, 0, 0, 0.06%, 9, 0, 7, 240.48
1734083046, 74, 27, 76, 0, 0, 0.06%, 9, 0, 7, 251.72
1734083071, 74, 39, 76, 0, 0, 0.06%, 9, 0, 7, 248.87
1734083076, 74, 40, 76, 0, 0, 0.06%, 9, 0, 7, 256.29
1734083097, 75, 1, 76, 0, 0, 0.06%, 9, 0, 7, 247.93
1734083102, 75, 11, 76, 0, 0, 0.06%, 9, 0, 7, 241.26
1734083107, 75, 13, 76, 0, 0, 0.06%, 9, 0, 7, 244.61
1734083112, 75, 14, 76, 0, 0, 0.06%, 9, 0, 7, 235.57
1734083117, 75, 15, 76, 0, 0, 0.06%, 9, 0, 7, 251.89
1734083122, 75, 17, 76, 0, 0, 0.06%, 9, 0, 7, 253.32
1734083148, 75, 18, 76, 0, 0, 0.06%, 9, 0, 7, 250.24
1734083153, 75, 23, 76, 0, 0, 0.06%, 9, 0, 7, 239.31
1734083158, 75, 24, 76, 0, 0, 0.06%, 9, 0, 7, 250.30
1734083163, 75, 49, 76, 0, 0, 0.06%, 9, 0, 7, 239.27
1734083188, 76, 10, 76, 0, 0, 0.06%, 9, 0, 7, 254.15
1734083193, 76, 12, 76, 0, 0, 0.06%, 9, 0, 7, 250.37
1734083198, 76, 13, 76, 0, 0, 0.06%, 9, 0, 7, 239.51
1734083203, 76, 14, 76, 0, 0, 0.06%, 9, 0, 7, 244.14
1734083209, 76, 15, 76, 0, 0, 0.06%, 9, 0, 7, 230.69
1734083214, 76, 18, 76, 0, 0, 0.06%, 9, 0, 7, 239.79
1734083219, 76, 22, 76, 0, 0, 0.06%, 9, 0, 7, 235.87
1734083224, 76, 23, 76, 0, 0, 0.06%, 9, 0, 7, 237.06
1734083234, 76, 24, 76, 0, 0, 0.06%, 9, 0, 7, 250.04
1734083239, 76, 47, 76, 0, 0, 0.06%, 9, 0, 7, 287.90
1734083259, 76, 74, 76, 0, 0, 0.06%, 9, 0, 7, 273.16
1734083285, 77, 11, 76, 0, 0, 0.06%, 9, 0, 7, 243.74
1734083290, 77, 13, 76, 0, 0, 0.06%, 9, 0, 7, 239.48
1734083295, 77, 14, 76, 0, 0, 0.06%, 9, 0, 7, 239.43
1734083300, 77, 15, 76, 0, 0, 0.06%, 9, 0, 7, 233.26
1734083311, 77, 18, 76, 0, 0, 0.06%, 9, 0, 7, 261.43
1734083316, 77, 23, 76, 0, 0, 0.06%, 9, 0, 7, 246.93
1734083321, 77, 24, 76, 0, 0, 0.06%, 9, 0, 7, 246.16
1734083326, 77, 27, 76, 0, 0, 0.06%, 9, 0, 7, 248.19
1734083346, 77, 44, 76, 0, 0, 0.06%, 9, 0, 7, 256.11
1734083356, 77, 47, 76, 0, 0, 0.06%, 9, 0, 7, 289.87
1734083376, 77, 50, 76, 0, 0, 0.06%, 9, 0, 7, 271.25
1734083382, 77, 66, 76, 0, 0, 0.06%, 9, 0, 7, 291.33
1734083402, 78, 10, 76, 0, 0, 0.06%, 9, 0, 7, 243.18
1734083407, 78, 12, 76, 0, 0, 0.06%, 9, 0, 7, 236.77
1734083412, 78, 13, 76, 0, 0, 0.06%, 9, 0, 7, 249.64
1734083417, 78, 14, 76, 0, 0, 0.06%, 9, 0, 7, 241.87
1734083422, 78, 15, 76, 0, 0, 0.06%, 9, 0, 7, 246.48
1734083427, 78, 16, 76, 0, 0, 0.06%, 9, 0, 7, 267.17
1734083448, 78, 18, 76, 0, 0, 0.06%, 9, 0, 7, 252.47
1734083453, 78, 19, 76, 0, 0, 0.06%, 9, 0, 7, 254.59
1734083478, 78, 23, 76, 0, 0, 0.06%, 9, 0, 7, 243.09
1734083483, 78, 24, 76, 0, 0, 0.06%, 9, 0, 7, 243.29
1734083488, 78, 48, 76, 0, 0, 0.06%, 9, 0, 7, 266.81
1734083509, 78, 56, 76, 0, 0, 0.06%, 9, 0, 7, 271.78
1734083514, 79, 10, 76, 0, 0, 0.06%, 9, 0, 7, 267.90
1734083519, 79, 11, 76, 0, 0, 0.06%, 9, 0, 7, 253.14
1734083524, 79, 13, 76, 0, 0, 0.06%, 9, 0, 7, 239.29
1734083529, 79, 14, 76, 0, 0, 0.06%, 9, 0, 7, 245.66
1734083534, 79, 15, 76, 0, 0, 0.06%, 9, 0, 7, 250.93
1734083539, 79, 18, 76, 0, 0, 0.06%, 9, 0, 7, 241.07
1734083544, 79, 23, 76, 0, 0, 0.06%, 9, 0, 7, 237.17
1734083549, 79, 24, 76, 0, 0, 0.06%, 9, 0, 7, 256.03
1734083560, 79, 34, 76, 0, 0, 0.06%, 9, 0, 7, 237.42
1734083580, 80, 4, 76, 0, 0, 0.06%, 9, 0, 7, 261.21
1734083585, 80, 12, 76, 0, 0, 0.06%, 9, 0, 7, 245.64
1734083590, 80, 13, 76, 0, 0, 0.06%, 9, 0, 7, 235.53
1734083595, 80, 14, 76, 0, 0, 0.06%, 9, 0, 7, 240.17
1734083600, 80, 15, 76, 0, 0, 0.06%, 9, 0, 7, 253.51
1734083605, 80, 18, 76, 0, 0, 0.06%, 9, 0, 7, 245.20
1734083611, 80, 23, 76, 0, 0, 0.06%, 9, 0, 7, 259.86
1734083616, 80, 24, 76, 0, 0, 0.06%, 9, 0, 7, 256.90
1734083626, 80, 27, 76, 0, 0, 0.06%, 9, 0, 7, 242.08
1734083631, 80, 40, 76, 0, 0, 0.06%, 9, 0, 7, 255.94
1734083651, 81, 9, 76, 0, 0, 0.06%, 9, 0, 7, 248.33
1734083656, 81, 11, 76, 0, 0, 0.06%, 9, 0, 7, 239.78
1734083661, 81, 13, 76, 0, 0, 0.06%, 9, 0, 7, 235.61
1734083666, 81, 14, 76, 0, 0, 0.06%, 9, 0, 7, 246.14
1734083671, 81, 15, 76, 0, 0, 0.06%, 9, 0, 7, 244.58
1734083681, 81, 18, 76, 0, 0, 0.06%, 9, 0, 7, 233.27
1734083687, 81, 23, 76, 0, 0, 0.06%, 9, 0, 7, 243.37
1734083692, 81, 24, 76, 0, 0, 0.06%, 9, 0, 7, 254.03
1734083697, 81, 29, 76, 0, 0, 0.06%, 9, 0, 7, 273.33
1734083717, 81, 61, 76, 0, 0, 0.06%, 9, 0, 7, 294.04
1734083738, 81, 71, 76, 0, 0, 0.06%, 9, 0, 7, 244.40
1734083763, 81, 74, 76, 0, 0, 0.06%, 9, 0, 7, 275.37
1734083783, 82, 10, 76, 0, 0, 0.06%, 9, 0, 7, 246.18
1734083789, 82, 12, 76, 0, 0, 0.06%, 9, 0, 7, 240.49
1734083794, 82, 13, 76, 0, 0, 0.06%, 9, 0, 7, 245.16
1734083799, 82, 14, 76, 0, 0, 0.06%, 9, 0, 7, 235.21
1734083804, 82, 15, 76, 0, 0, 0.06%, 9, 0, 7, 244.49
1734083809, 82, 18, 76, 0, 0, 0.06%, 9, 0, 7, 250.53
1734083814, 82, 23, 76, 0, 0, 0.06%, 9, 0, 7, 239.38
1734083819, 82, 24, 76, 0, 0, 0.06%, 9, 0, 7, 253.57
1734083829, 82, 33, 76, 0, 0, 0.06%, 9, 0, 7, 257.79
1734083834, 82, 66, 76, 0, 0, 0.06%, 9, 0, 7, 284.41
1734083854, 83, 10, 76, 0, 0, 0.06%, 9, 0, 7, 253.75
1734083859, 83, 12, 76, 0, 0, 0.06%, 9, 0, 7, 236.19
1734083865, 83, 13, 76, 0, 0, 0.06%, 9, 0, 7, 250.22
1734083870, 83, 14, 76, 0, 0, 0.06%, 9, 0, 7, 246.91
1734083875, 83, 15, 76, 0, 0, 0.06%, 9, 0, 7, 241.22
1734083880, 83, 18, 76, 0, 0, 0.06%, 9, 0, 7, 235.11
1734083885, 83, 23, 76, 0, 0, 0.06%, 9, 0, 7, 241.33
1734083890, 83, 24, 76, 0, 0, 0.06%, 9, 0, 7, 237.49
1734083895, 84, 10, 76, 0, 0, 0.06%, 9, 0, 7, 242.18
1734083900, 84, 12, 76, 0, 0, 0.06%, 9, 0, 7, 235.71
1734083905, 84, 13, 76, 0, 0, 0.06%, 9, 0, 7, 234.88
1734083910, 84, 14, 76, 0, 0, 0.06%, 9, 0, 7, 242.84
1734083916, 84, 15, 76, 0, 0, 0.06%, 9, 0, 7, 242.16
1734083921, 84, 18, 76, 0, 0, 0.06%, 9, 0, 7, 233.20
1734083926, 84, 23, 76, 0, 0, 0.06%, 9, 0, 7, 244.07
1734083931, 84, 24, 76, 0, 0, 0.06%, 9, 0, 7, 246.03
1734083936, 84, 39, 76, 0, 0, 0.06%, 9, 0, 7, 238.64
1734083946, 85, 11, 76, 0, 0, 0.06%, 9, 0, 7, 236.82
1734083951, 85, 13, 76, 0, 0, 0.06%, 9, 0, 7, 248.85
1734083957, 85, 14, 76, 0, 0, 0.06%, 9, 0, 7, 239.48
1734083962, 85, 15, 76, 0, 0, 0.06%, 9, 0, 7, 229.37
1734083967, 85, 18, 76, 0, 0, 0.06%, 9, 0, 7, 251.66
1734083972, 85, 23, 76, 0, 0, 0.06%, 9, 0, 7, 251.71
1734083982, 85, 24, 76, 0, 0, 0.06%, 9, 0, 7, 247.49
1734083987, 85, 27, 76, 0, 0, 0.06%, 9, 0, 7, 248.64
1734083992, 85, 28, 76, 0, 0, 0.06%, 9, 0, 7, 264.66
1734084012, 85, 54, 76, 0, 0, 0.06%, 9, 0, 7, 263.69
1734084023, 85, 55, 76, 0, 0, 0.06%, 9, 0, 7, 257.46
1734084043, 85, 69, 76, 0, 0, 0.06%, 9, 0, 7, 306.79
1734084064, 86, 10, 76, 0, 0, 0.06%, 9, 0, 7, 247.58
1734084069, 86, 12, 76, 0, 0, 0.06%, 9, 0, 7, 250.01
1734084074, 86, 13, 76, 0, 0, 0.06%, 9, 0, 7, 247.94
1734084079, 86, 14, 76, 0, 0, 0.06%, 9, 0, 7, 239.68
1734084084, 86, 15, 76, 0, 0, 0.06%, 9, 0, 7, 240.21
1734084089, 86, 18, 76, 0, 0, 0.06%, 9, 0, 7, 230.03
1734084094, 86, 20, 76, 0, 0, 0.06%, 9, 0, 7, 239.21
1734084099, 86, 23, 76, 0, 0, 0.06%, 9, 0, 7, 241.38
1734084109, 86, 24, 76, 0, 0, 0.06%, 9, 0, 7, 254.37
1734084114, 86, 27, 76, 0, 0, 0.06%, 9, 0, 7, 235.53
1734084119, 86, 62, 76, 0, 0, 0.06%, 9, 0, 7, 279.08
1734084140, 86, 72, 76, 0, 0, 0.06%, 9, 0, 7, 269.77
1734084150, 87, 10, 76, 0, 0, 0.06%, 9, 0, 7, 248.45
1734084155, 87, 12, 76, 0, 0, 0.06%, 9, 0, 7, 239.30
1734084160, 87, 13, 76, 0, 0, 0.06%, 9, 0, 7, 243.56
1734084165, 87, 14, 76, 0, 0, 0.06%, 9, 0, 7, 238.27
1734084170, 87, 15, 76, 0, 0, 0.06%, 9, 0, 7, 238.84
1734084175, 87, 18, 76, 0, 0, 0.06%, 9, 0, 7, 238.64
1734084181, 87, 23, 76, 0, 0, 0.06%, 9, 0, 7, 238.08
1734084186, 87, 24, 76, 0, 0, 0.06%, 9, 0, 7, 251.61
1734084196, 87, 33, 76, 0, 0, 0.06%, 9, 0, 7, 258.13
1734084201, 87, 64, 76, 0, 0, 0.06%, 9, 0, 7, 294.92
1734084221, 88, 11, 76, 0, 0, 0.06%, 9, 0, 7, 251.48
1734084227, 88, 13, 76, 0, 0, 0.06%, 9, 0, 7, 237.32
1734084232, 88, 14, 76, 0, 0, 0.06%, 9, 0, 7, 242.42
1734084237, 88, 15, 76, 0, 0, 0.06%, 9, 0, 7, 235.62
1734084247, 88, 18, 76, 0, 0, 0.06%, 9, 0, 7, 258.22
1734084252, 88, 23, 76, 0, 0, 0.06%, 9, 0, 7, 249.88
1734084257, 88, 24, 76, 0, 0, 0.06%, 9, 0, 7, 260.34
1734084262, 88, 44, 76, 0, 0, 0.06%, 9, 0, 7, 266.76
1734084267, 89, 11, 76, 0, 0, 0.06%, 9, 0, 7, 247.97
1734084272, 89, 13, 76, 0, 0, 0.06%, 9, 0, 7, 254.44
1734084277, 89, 14, 76, 0, 0, 0.06%, 9, 0, 7, 255.96
1734084287, 89, 15, 76, 0, 0, 0.06%, 9, 0, 7, 241.74
1734084292, 89, 18, 76, 0, 0, 0.06%, 9, 0, 7, 239.81
1734084297, 89, 23, 76, 0, 0, 0.06%, 9, 0, 7, 251.48
1734084303, 89, 24, 76, 0, 0, 0.06%, 9, 0, 7, 243.76
1734084308, 89, 73, 76, 0, 0, 0.06%, 9, 0, 7, 280.72
1734084328, 90, 10, 76, 0, 0, 0.06%, 9, 0, 7, 249.19
1734084333, 90, 12, 76, 0, 0, 0.06%, 9, 0, 7, 246.43
1734084338, 90, 13, 76, 0, 0, 0.06%, 9, 0, 7, 239.65
1734084343, 90, 14, 76, 0, 0, 0.06%, 9, 0, 7, 240.29
1734084348, 90, 15, 76, 0, 0, 0.06%, 9, 0, 7, 230.65
1734084353, 90, 18, 76, 0, 0, 0.06%, 9, 0, 7, 239.08
1734084358, 90, 23, 76, 0, 0, 0.06%, 9, 0, 7, 239.98
1734084364, 90, 24, 76, 0, 0, 0.06%, 9, 0, 7, 256.32
1734084374, 90, 37, 76, 0, 0, 0.06%, 9, 0, 7, 244.28
1734084394, 90, 68, 76, 0, 0, 0.06%, 9, 0, 7, 288.95
1734084414, 90, 75, 76, 0, 0, 0.06%, 9, 0, 7, 264.22
1734084440, 91, 11, 76, 0, 0, 0.06%, 9, 0, 7, 245.87
1734084445, 91, 13, 76, 0, 0, 0.06%, 9, 0, 7, 246.36
1734084450, 91, 14, 76, 0, 0, 0.06%, 9, 0, 7, 244.84
1734084455, 91, 15, 76, 0, 0, 0.06%, 9, 0, 7, 247.58
1734084460, 91, 18, 76, 0, 0, 0.06%, 9, 0, 7, 263.30
1734084470, 91, 23, 76, 0, 0, 0.06%, 9, 0, 7, 254.92
1734084475, 91, 24, 76, 0, 0, 0.06%, 9, 0, 7, 247.90
1734084480, 91, 27, 76, 0, 0, 0.06%, 9, 0, 7, 247.85
1734084485, 91, 45, 76, 0, 0, 0.06%, 9, 0, 7, 247.30
1734084511, 91, 51, 76, 0, 0, 0.06%, 9, 0, 7, 242.23
1734084531, 91, 63, 76, 0, 0, 0.06%, 9, 0, 7, 270.09
1734084556, 91, 67, 76, 0, 0, 0.06%, 9, 0, 7, 267.95
1734084561, 91, 73, 76, 0, 0, 0.06%, 9, 0, 7, 286.46
1734084582, 92, 7, 76, 0, 0, 0.06%, 9, 0, 7, 241.66
1734084587, 92, 11, 76, 0, 0, 0.06%, 9, 0, 7, 256.80
1734084592, 92, 13, 76, 0, 0, 0.06%, 9, 0, 7, 239.56
1734084597, 92, 14, 76, 0, 0, 0.06%, 9, 0, 7, 245.68
1734084602, 92, 15, 76, 0, 0, 0.06%, 9, 0, 7, 249.59
1734084612, 92, 18, 76, 0, 0, 0.06%, 9, 0, 7, 251.21
1734084617, 92, 23, 76, 0, 0, 0.06%, 9, 0, 7, 255.34
1734084622, 92, 24, 76, 0, 0, 0.06%, 9, 0, 7, 254.21
1734084628, 92, 27, 76, 0, 0, 0.06%, 9, 0, 7, 252.20
1734084633, 93, 11, 76, 0, 0, 0.06%, 9, 0, 7, 247.06
1734084638, 93, 13, 76, 0, 0, 0.06%, 9, 0, 7, 242.63
1734084648, 93, 14, 76, 0, 0, 0.06%, 9, 0, 7, 238.89
1734084653, 93, 15, 76, 0, 0, 0.06%, 9, 0, 7, 247.84
1734084658, 93, 18, 76, 0, 0, 0.06%, 9, 0, 7, 250.52
1734084663, 93, 23, 76, 0, 0, 0.06%, 9, 0, 7, 243.62
1734084668, 93, 24, 76, 0, 0, 0.06%, 9, 0, 7, 240.10
1734084673, 93, 51, 76, 0, 0, 0.06%, 9, 0, 7, 253.15
1734084694, 93, 53, 76, 0, 0, 0.06%, 9, 0, 7, 258.22
1734084699, 93, 60, 76, 0, 0, 0.06%, 9, 0, 7, 280.07
1734084725, 93, 75, 76, 0, 0, 0.06%, 9, 0, 7, 254.17
1734084750, 94, 11, 76, 0, 0, 0.06%, 9, 0, 7, 237.92
1734084755, 94, 12, 76, 0, 0, 0.06%, 9, 0, 7, 242.01
1734084760, 94, 13, 76, 0, 0, 0.06%, 9, 0, 7, 260.07
1734084765, 94, 14, 76, 0, 0, 0.06%, 9, 0, 7, 239.14
1734084770, 94, 15, 76, 0, 0, 0.06%, 9, 0, 7, 241.19
1734084775, 94, 18, 76, 0, 0, 0.06%, 9, 0, 7, 259.06
1734084780, 94, 23, 76, 0, 0, 0.06%, 9, 0, 7, 253.56
1734084786, 94, 24, 76, 0, 0, 0.06%, 9, 0, 7, 253.70
1734084791, 94, 40, 76, 0, 0, 0.06%, 9, 0, 7, 247.78
1734084796, 94, 60, 76, 0, 0, 0.06%, 9, 0, 7, 250.07
1734084821, 94, 68, 76, 0, 0, 0.06%, 9, 0, 7, 272.19
1734084826, 95, 1, 76, 0, 0, 0.06%, 9, 0, 7, 264.53
1734084831, 95, 12, 76, 0, 0, 0.06%, 9, 0, 7, 244.87
1734084836, 95, 13, 76, 0, 0, 0.06%, 9, 0, 7, 236.02
1734084841, 95, 14, 76, 0, 0, 0.06%, 9, 0, 7, 235.30
1734084847, 95, 15, 76, 0, 0, 0.06%, 9, 0, 7, 240.47
1734084852, 95, 18, 76, 0, 0, 0.06%, 9, 0, 7, 236.10
1734084857, 95, 23, 76, 0, 0, 0.06%, 9, 0, 7, 255.26
1734084867, 95, 24, 76, 0, 0, 0.06%, 9, 0, 7, 261.73
1734084872, 95, 31, 76, 0, 0, 0.06%, 9, 0, 7, 311.90
1734084892, 95, 32, 76, 0, 0, 0.06%, 9, 0, 7, 240.74
1734084913, 95, 51, 76, 0, 0, 0.06%, 9, 0, 7, 248.09
1734084923, 96, 10, 76, 0, 0, 0.06%, 9, 0, 7, 247.69
1734084928, 96, 12, 76, 0, 0, 0.06%, 9, 0, 7, 242.16
1734084933, 96, 13, 76, 0, 0, 0.06%, 9, 0, 7, 244.31
1734084938, 96, 14, 76, 0, 0, 0.06%, 9, 0, 7, 245.03
1734084943, 96, 15, 76, 0, 0, 0.06%, 9, 0, 7, 242.00
1734084948, 96, 18, 76, 0, 0, 0.06%, 9, 0, 7, 256.23
1734084953, 96, 22, 76, 0, 0, 0.06%, 9, 0, 7, 240.11
1734084958, 96, 23, 76, 0, 0, 0.06%, 9, 0, 7, 239.06
1734084963, 96, 24, 76, 0, 0, 0.06%, 9, 0, 7, 243.43
1734084968, 96, 36, 76, 0, 0, 0.06%, 9, 0, 7, 257.43
1734084978, 96, 70, 76, 0, 0, 0.06%, 9, 0, 7, 255.53
1734084983, 97, 11, 76, 0, 0, 0.06%, 9, 0, 7, 244.33
1734084989, 97, 13, 76, 0, 0, 0.06%, 9, 0, 7, 234.72
1734084994, 97, 14, 76, 0, 0, 0.06%, 9, 0, 7, 237.70
1734084999, 97, 15, 76, 0, 0, 0.06%, 9, 0, 7, 244.76
1734085004, 97, 18, 76, 0, 0, 0.06%, 9, 0, 7, 250.50
1734085014, 97, 22, 76, 0, 0, 0.06%, 9, 0, 7, 235.88
1734085019, 97, 23, 76, 0, 0, 0.06%, 9, 0, 7, 249.49
1734085024, 97, 24, 76, 0, 0, 0.06%, 9, 0, 7, 245.97
1734085029, 97, 27, 76, 0, 0, 0.06%, 9, 0, 7, 251.57
1734085034, 97, 31, 76, 0, 0, 0.06%, 9, 0, 7, 282.16
1734085055, 97, 40, 76, 0, 0, 0.06%, 9, 0, 7, 269.55
1734085060, 97, 67, 76, 0, 0, 0.06%, 9, 0, 7, 289.60
1734085065, 98, 10, 76, 0, 0, 0.06%, 9, 0, 7, 268.74
1734085070, 98, 12, 76, 0, 0, 0.06%, 9, 0, 7, 248.03
1734085075, 98, 13, 76, 0, 0, 0.06%, 9, 0, 7, 252.76
1734085080, 98, 14, 76, 0, 0, 0.06%, 9, 0, 7, 243.82
1734085085, 98, 15, 76, 0, 0, 0.06%, 9, 0, 7, 234.77
1734085090, 98, 18, 76, 0, 0, 0.06%, 9, 0, 7, 248.67
1734085095, 98, 23, 76, 0, 0, 0.06%, 9, 0, 7, 232.06
1734085100, 98, 24, 76, 0, 0, 0.06%, 9, 0, 7, 237.83
1734085105, 98, 25, 76, 0, 0, 0.06%, 9, 0, 7, 246.49
1734085131, 98, 27, 76, 0, 0, 0.06%, 9, 0, 7, 259.74
1734085136, 98, 33, 76, 0, 0, 0.06%, 9, 0, 7, 259.01
1734085141, 98, 35, 76, 0, 0, 0.06%, 9, 0, 7, 256.93
1734085166, 98, 50, 76, 0, 0, 0.06%, 9, 0, 7, 257.97
1734085171, 98, 53, 76, 0, 0, 0.06%, 9, 0, 7, 278.92
1734085176, 98, 62, 76, 0, 0, 0.06%, 9, 0, 7, 271.93
1734085182, 99, 11, 76, 0, 0, 0.06%, 9, 0, 7, 250.70
1734085187, 99, 12, 76, 0, 0, 0.06%, 9, 0, 7, 251.19
1734085192, 99, 13, 76, 0, 0, 0.06%, 9, 0, 7, 248.13
1734085197, 99, 14, 76, 0, 0, 0.06%, 9, 0, 7, 251.87
1734085202, 99, 15, 76, 0, 0, 0.06%, 9, 0, 7, 251.24
1734085207, 99, 18, 76, 0, 0, 0.06%, 9, 0, 7, 244.01
1734085212, 99, 19, 76, 0, 0, 0.06%, 9, 0, 7, 239.39
1734085238, 99, 23, 76, 0, 0, 0.06%, 9, 0, 7, 244.96
1734085243, 99, 24, 76, 0, 0, 0.06%, 9, 0, 7, 242.11
1734085248, 99, 34, 76, 0, 0, 0.06%, 9, 0, 7, 233.90
1734085253, 99, 56, 76, 0, 0, 0.06%, 9, 0, 7, 268.68
1734085258, 100, 10, 76, 0, 0, 0.06%, 9, 0, 7, 251.16
1734085263, 100, 12, 76, 0, 0, 0.06%, 9, 0, 7, 235.79
1734085268, 100, 13, 76, 0, 0, 0.06%, 9, 0, 7, 243.90
1734085273, 100, 14, 76, 0, 0, 0.06%, 9, 0, 7, 242.03
1734085278, 100, 15, 76, 0, 0, 0.06%, 9, 0, 7, 242.24
1734085283, 100, 18, 76, 0, 0, 0.06%, 9, 0, 7, 238.39
1734085293, 100, 23, 76, 0, 0, 0.06%, 9, 0, 7, 266.58
1734085298, 100, 24, 76, 0, 0, 0.06%, 9, 0, 7, 258.04
1734085303, 100, 33, 76, 0, 0, 0.06%, 9, 0, 7, 254.67
1734085309, 100, 38, 76, 0, 0, 0.06%, 9, 0, 7, 288.71
1734085314, 101, 11, 76, 0, 0, 0.06%, 9, 0, 7, 247.09
1734085319, 101, 13, 76, 0, 0, 0.06%, 9, 0, 7, 257.43
1734085329, 101, 14, 76, 0, 0, 0.06%, 9, 0, 7, 249.68
1734085334, 101, 15, 76, 0, 0, 0.06%, 9, 0, 7, 254.24
1734085339, 101, 18, 76, 0, 0, 0.06%, 9, 0, 7, 245.38
1734085344, 101, 23, 76, 0, 0, 0.06%, 9, 0, 7, 237.72
1734085349, 101, 24, 76, 0, 0, 0.06%, 9, 0, 7, 237.24
1734085354, 101, 37, 76, 0, 0, 0.06%, 9, 0, 7, 246.85
1734085380, 101, 57, 76, 0, 0, 0.06%, 9, 0, 7, 275.22
1734085400, 101, 61, 76, 0, 0, 0.06%, 9, 0, 7, 285.49
1734085420, 101, 62, 76, 0, 0, 0.06%, 9, 0, 7, 259.28
1734085430, 101, 67, 76, 0, 0, 0.06%, 9, 0, 7, 273.35
1734085435, 101, 74, 76, 0, 0, 0.06%, 9, 0, 7, 269.88
1734085456, 102, 10, 76, 0, 0, 0.06%, 9, 0, 7, 240.85
1734085461, 102, 12, 76, 0, 0, 0.06%, 9, 0, 7, 241.14
1734085466, 102, 13, 76, 0, 0, 0.06%, 9, 0, 7, 234.57
1734085471, 102, 14, 76, 0, 0, 0.06%, 9, 0, 7, 238.65
1734085476, 102, 15, 76, 0, 0, 0.06%, 9, 0, 7, 237.71
1734085481, 102, 18, 76, 0, 0, 0.06%, 9, 0, 7, 247.59
1734085486, 102, 23, 76, 0, 0, 0.06%, 9, 0, 7, 247.53
1734085496, 102, 24, 76, 0, 0, 0.06%, 9, 0, 7, 250.96
1734085501, 102, 35, 76, 0, 0, 0.06%, 9, 0, 7, 267.82
1734085522, 103, 11, 76, 0, 0, 0.06%, 9, 0, 7, 227.79
1734085527, 103, 13, 76, 0, 0, 0.06%, 9, 0, 7, 239.74
1734085532, 103, 14, 76, 0, 0, 0.06%, 9, 0, 7, 243.26
1734085537, 103, 15, 76, 0, 0, 0.06%, 9, 0, 7, 247.64
1734085542, 103, 18, 76, 0, 0, 0.06%, 9, 0, 7, 258.94
1734085553, 103, 23, 76, 0, 0, 0.06%, 9, 0, 7, 258.87
1734085558, 103, 24, 77, 1, 0, 0.06%, 9, 0, 7, 252.74
1734085563, 103, 25, 77, 1, 0, 0.06%, 9, 0, 7, 252.48
1734085568, 103, 33, 77, 1, 0, 0.06%, 9, 0, 7, 250.47
1734085573, 103, 61, 77, 1, 0, 0.06%, 9, 0, 7, 262.27
1734085578, 103, 72, 77, 1, 0, 0.06%, 9, 0, 7, 276.21
1734085583, 104, 10, 77, 1, 0, 0.06%, 9, 0, 7, 249.03
1734085588, 104, 12, 77, 1, 0, 0.06%, 9, 0, 7, 241.93
1734085593, 104, 13, 77, 1, 0, 0.06%, 9, 0, 7, 253.11
1734085598, 104, 14, 77, 1, 0, 0.06%, 9, 0, 7, 259.07
1734085603, 104, 15, 77, 1, 0, 0.06%, 9, 0, 7, 256.57
1734085608, 104, 18, 77, 1, 0, 0.06%, 9, 0, 7, 243.96
1734085613, 104, 23, 77, 1, 0, 0.06%, 9, 0, 7, 243.43
1734085618, 104, 24, 77, 1, 0, 0.06%, 9, 0, 7, 239.27
1734085623, 104, 47, 77, 1, 0, 0.06%, 9, 0, 7, 261.35
1734085628, 105, 10, 77, 1, 0, 0.06%, 9, 0, 7, 269.25
1734085633, 105, 11, 77, 1, 0, 0.06%, 9, 0, 7, 249.06
1734085639, 105, 13, 77, 1, 0, 0.06%, 9, 0, 7, 231.20
1734085644, 105, 14, 77, 1, 0, 0.06%, 9, 0, 7, 248.11
1734085649, 105, 15, 77, 1, 0, 0.06%, 9, 0, 7, 238.79
1734085654, 105, 18, 77, 1, 0, 0.06%, 9, 0, 7, 245.90
1734085664, 105, 23, 77, 1, 0, 0.06%, 9, 0, 7, 238.93
1734085669, 105, 24, 77, 1, 0, 0.06%, 9, 0, 7, 231.46
1734085674, 105, 40, 77, 1, 0, 0.06%, 9, 0, 7, 266.03
1734085679, 105, 46, 77, 1, 0, 0.06%, 9, 0, 7, 248.82
1734085704, 105, 52, 77, 1, 0, 0.06%, 9, 0, 7, 284.02
1734085725, 105, 67, 77, 1, 0, 0.06%, 9, 0, 7, 274.21
1734085730, 105, 70, 77, 1, 0, 0.06%, 9, 0, 7, 276.97
1734085735, 106, 11, 77, 1, 0, 0.06%, 9, 0, 7, 235.71
1734085740, 106, 13, 77, 1, 0, 0.06%, 9, 0, 7, 236.63
1734085745, 106, 14, 77, 1, 0, 0.06%, 9, 0, 7, 253.00
1734085750, 106, 15, 77, 1, 0, 0.06%, 9, 0, 7, 250.68
1734085755, 106, 18, 77, 1, 0, 0.06%, 9, 0, 7, 239.54
1734085766, 106, 23, 77, 1, 0, 0.06%, 9, 0, 7, 245.10
1734085771, 106, 24, 77, 1, 0, 0.06%, 9, 0, 7, 231.84
1734085776, 106, 28, 77, 1, 0, 0.06%, 9, 0, 7, 261.86
1734085796, 107, 10, 77, 1, 0, 0.06%, 9, 0, 7, 240.38
1734085801, 107, 12, 77, 1, 0, 0.06%, 9, 0, 7, 236.94
1734085806, 107, 13, 77, 1, 0, 0.06%, 9, 0, 7, 244.39
1734085811, 107, 14, 77, 1, 0, 0.06%, 9, 0, 7, 242.37
1734085816, 107, 15, 77, 1, 0, 0.06%, 9, 0, 7, 228.35
1734085821, 107, 18, 77, 1, 0, 0.06%, 9, 0, 7, 236.78
1734085827, 107, 22, 77, 1, 0, 0.06%, 9, 0, 7, 240.01
1734085837, 107, 23, 77, 1, 0, 0.06%, 9, 0, 7, 245.56
1734085842, 107, 24, 77, 1, 0, 0.06%, 9, 0, 7, 248.55
1734085847, 107, 41, 77, 1, 0, 0.06%, 9, 0, 7, 253.57
1734085867, 107, 51, 77, 1, 0, 0.06%, 9, 0, 7, 238.25
1734085872, 107, 71, 77, 1, 0, 0.06%, 9, 0, 7, 250.55
1734085897, 108, 11, 77, 1, 0, 0.06%, 9, 0, 7, 248.49
1734085902, 108, 12, 77, 1, 0, 0.06%, 9, 0, 7, 241.81
1734085907, 108, 13, 77, 1, 0, 0.06%, 9, 0, 7, 253.24
1734085912, 108, 14, 77, 1, 0, 0.06%, 9, 0, 7, 258.73
1734085918, 108, 15, 77, 1, 0, 0.06%, 9, 0, 7, 249.64
1734085923, 108, 18, 77, 1, 0, 0.06%, 9, 0, 7, 239.11
1734085928, 108, 20, 77, 1, 0, 0.06%, 9, 0, 7, 244.88
1734085933, 108, 23, 77, 1, 0, 0.06%, 9, 0, 7, 245.21
1734085938, 108, 24, 77, 1, 0, 0.06%, 9, 0, 7, 246.89
1734085948, 108, 46, 77, 1, 0, 0.06%, 9, 0, 7, 255.26
1734085953, 108, 64, 77, 1, 0, 0.06%, 9, 0, 7, 304.80
1734085973, 109, 11, 77, 1, 0, 0.06%, 9, 0, 7, 232.77
1734085978, 109, 13, 77, 1, 0, 0.06%, 9, 0, 7, 249.77
1734085984, 109, 14, 77, 1, 0, 0.06%, 9, 0, 7, 248.80
1734085994, 109, 15, 77, 1, 0, 0.06%, 9, 0, 7, 248.37
1734085999, 109, 18, 77, 1, 0, 0.06%, 9, 0, 7, 241.04
1734086004, 109, 23, 77, 1, 0, 0.06%, 9, 0, 7, 240.88
1734086009, 109, 24, 77, 1, 0, 0.06%, 9, 0, 7, 241.67
1734086014, 109, 28, 77, 1, 0, 0.06%, 9, 0, 7, 266.85
1734086040, 110, 11, 77, 1, 0, 0.06%, 9, 0, 7, 248.95
1734086045, 110, 13, 77, 1, 0, 0.06%, 9, 0, 7, 243.14
1734086050, 110, 14, 77, 1, 0, 0.06%, 9, 0, 7, 238.56
1734086055, 110, 15, 77, 1, 0, 0.06%, 9, 0, 7, 249.45
1734086065, 110, 18, 77, 1, 0, 0.06%, 9, 0, 7, 238.84
1734086070, 110, 23, 77, 1, 0, 0.06%, 9, 0, 7, 242.15
1734086075, 110, 24, 77, 1, 0, 0.06%, 9, 0, 7, 250.13
1734086080, 110, 30, 77, 1, 0, 0.06%, 9, 0, 7, 251.71
1734086106, 110, 53, 77, 1, 0, 0.06%, 9, 0, 7, 268.84
1734086111, 111, 11, 77, 1, 0, 0.06%, 9, 0, 7, 255.32
1734086116, 111, 13, 77, 1, 0, 0.06%, 9, 0, 7, 237.15
1734086121, 111, 14, 77, 1, 0, 0.06%, 9, 0, 7, 239.18
1734086126, 111, 15, 77, 1, 0, 0.06%, 9, 0, 7, 244.76
1734086131, 111, 18, 77, 1, 0, 0.06%, 9, 0, 7, 244.14
1734086136, 111, 19, 77, 1, 0, 0.06%, 9, 0, 7, 246.02
1734086146, 111, 21, 77, 1, 0, 0.06%, 9, 0, 7, 251.87
1734086167, 111, 23, 77, 1, 0, 0.06%, 9, 0, 7, 236.86
1734086172, 111, 24, 77, 1, 0, 0.06%, 9, 0, 7, 249.57
1734086177, 112, 4, 77, 1, 0, 0.06%, 9, 0, 7, 229.94
1734086182, 112, 11, 77, 1, 0, 0.06%, 9, 0, 7, 241.94
1734086187, 112, 13, 77, 1, 0, 0.06%, 9, 0, 7, 242.58
1734086197, 112, 14, 77, 1, 0, 0.06%, 9, 0, 7, 268.32
1734086202, 112, 15, 77, 1, 0, 0.06%, 9, 0, 7, 239.80
1734086207, 112, 18, 77, 1, 0, 0.06%, 9, 0, 7, 253.54
1734086212, 112, 23, 77, 1, 0, 0.06%, 9, 0, 7, 244.01
1734086217, 112, 24, 77, 1, 0, 0.06%, 9, 0, 7, 233.40
1734086222, 112, 36, 77, 1, 0, 0.06%, 9, 0, 7, 241.48
1734086228, 112, 70, 77, 1, 0, 0.06%, 9, 0, 7, 261.22
1734086233, 113, 9, 77, 1, 0, 0.06%, 9, 0, 7, 262.75
1734086238, 113, 11, 77, 1, 0, 0.06%, 9, 0, 7, 244.39
1734086243, 113, 13, 77, 1, 0, 0.06%, 9, 0, 7, 230.59
1734086248, 113, 14, 77, 1, 0, 0.06%, 9, 0, 7, 238.94
1734086253, 113, 15, 77, 1, 0, 0.06%, 9, 0, 7, 241.52
1734086258, 113, 18, 77, 1, 0, 0.06%, 9, 0, 7, 249.56
1734086269, 113, 23, 77, 1, 0, 0.06%, 9, 0, 7, 257.32
1734086274, 113, 24, 77, 1, 0, 0.06%, 9, 0, 7, 252.55
1734086279, 113, 35, 77, 1, 0, 0.06%, 9, 0, 7, 264.70
1734086284, 113, 53, 77, 1, 0, 0.06%, 9, 0, 7, 286.99
1734086289, 113, 63, 77, 1, 0, 0.06%, 9, 0, 7, 289.55
1734086309, 113, 64, 77, 1, 0, 0.06%, 9, 0, 7, 300.92
1734086330, 113, 65, 77, 1, 0, 0.06%, 9, 0, 7, 288.26
1734086335, 114, 11, 77, 1, 0, 0.06%, 9, 0, 7, 255.14
1734086340, 114, 13, 77, 1, 0, 0.06%, 9, 0, 7, 243.86
1734086345, 114, 14, 77, 1, 0, 0.06%, 9, 0, 7, 255.69
1734086350, 114, 15, 77, 1, 0, 0.06%, 9, 0, 7, 254.33
1734086360, 114, 18, 77, 1, 0, 0.06%, 9, 0, 7, 239.53
1734086365, 114, 23, 77, 1, 0, 0.06%, 9, 0, 7, 251.03
1734086370, 114, 24, 77, 1, 0, 0.06%, 9, 0, 7, 248.20
1734086376, 114, 33, 77, 1, 0, 0.06%, 9, 0, 7, 269.68
1734086381, 114, 35, 77, 1, 0, 0.06%, 9, 0, 7, 246.83
1734086386, 114, 36, 77, 1, 0, 0.06%, 9, 0, 7, 240.87
1734086391, 114, 53, 77, 1, 0, 0.06%, 9, 0, 7, 262.54
1734086396, 114, 74, 77, 1, 0, 0.06%, 9, 0, 7, 252.65
1734086421, 115, 11, 77, 1, 0, 0.06%, 9, 0, 7, 239.74
1734086426, 115, 13, 77, 1, 0, 0.06%, 9, 0, 7, 235.89
1734086437, 115, 14, 77, 1, 0, 0.06%, 9, 0, 7, 238.98
1734086442, 115, 15, 77, 1, 0, 0.06%, 9, 0, 7, 231.53
1734086447, 115, 18, 77, 1, 0, 0.06%, 9, 0, 7, 242.31
1734086452, 115, 20, 77, 1, 0, 0.06%, 9, 0, 7, 260.46
1734086457, 115, 23, 77, 1, 0, 0.06%, 9, 0, 7, 246.35
1734086462, 115, 24, 77, 1, 0, 0.06%, 9, 0, 7, 246.92
1734086467, 115, 34, 77, 1, 0, 0.06%, 9, 0, 7, 245.55
1734086478, 115, 54, 77, 1, 0, 0.06%, 9, 0, 7, 235.23
1734086483, 116, 11, 77, 1, 0, 0.06%, 9, 0, 7, 243.42
1734086488, 116, 13, 77, 1, 0, 0.06%, 9, 0, 7, 236.91
1734086498, 116, 14, 77, 1, 0, 0.06%, 9, 0, 7, 235.48
1734086503, 116, 15, 77, 1, 0, 0.06%, 9, 0, 7, 241.20
1734086508, 116, 18, 77, 1, 0, 0.06%, 9, 0, 7, 233.00
1734086513, 116, 23, 77, 1, 0, 0.06%, 9, 0, 7, 242.10
1734086518, 116, 24, 77, 1, 0, 0.06%, 9, 0, 7, 246.27
1734086523, 116, 31, 77, 1, 0, 0.06%, 9, 0, 7, 279.14
1734086543, 116, 48, 77, 1, 0, 0.06%, 9, 0, 7, 261.60
1734086564, 116, 49, 77, 1, 0, 0.06%, 9, 0, 7, 234.45
1734086574, 116, 72, 77, 1, 0, 0.06%, 9, 0, 7, 272.61
1734086579, 117, 11, 77, 1, 0, 0.06%, 9, 0, 7, 254.74
1734086584, 117, 13, 77, 1, 0, 0.06%, 9, 0, 7, 255.22
1734086589, 117, 14, 77, 1, 0, 0.06%, 9, 0, 7, 245.25
1734086594, 117, 15, 77, 1, 0, 0.06%, 9, 0, 7, 254.04
1734086604, 117, 18, 77, 1, 0, 0.06%, 9, 0, 7, 251.15
1734086610, 117, 23, 77, 1, 0, 0.06%, 9, 0, 7, 237.92
1734086615, 117, 24, 77, 1, 0, 0.06%, 9, 0, 7, 241.55
1734086620, 117, 26, 77, 1, 0, 0.06%, 9, 0, 7, 280.48
1734086640, 117, 62, 77, 1, 0, 0.06%, 9, 0, 7, 249.39
1734086645, 117, 66, 77, 1, 0, 0.06%, 9, 0, 7, 269.66
1734086670, 117, 68, 77, 1, 0, 0.06%, 9, 0, 7, 268.12
1734086675, 117, 71, 77, 1, 0, 0.06%, 9, 0, 7, 282.84
1734086696, 118, 6, 77, 1, 0, 0.06%, 9, 0, 7, 237.16
