# unix_time, cycles_done, cur_path, paths_total, pending_total, pending_favs, map_size, unique_crashes, unique_hangs, max_depth, execs_per_sec
1734290303, 0, 0, 10, 10, 1, 0.00%, 0, 0, 1, 150.09
1734290308, 0, 4, 10, 10, 1, 0.00%, 0, 0, 1, 185.37
1734290313, 0, 5, 10, 9, 0, 0.00%, 0, 0, 1, 176.37
1734290324, 0, 6, 10, 8, 0, 0.00%, 0, 0, 1, 188.72
1734290329, 0, 7, 10, 7, 0, 0.00%, 0, 0, 1, 174.66
1734290339, 0, 8, 10, 6, 0, 0.00%, 0, 0, 1, 190.04
1734290344, 0, 9, 10, 5, 0, 0.00%, 0, 0, 1, 179.28
1734290354, 1, 0, 10, 4, 0, 0.00%, 0, 0, 1, 171.48
1734290365, 1, 1, 10, 3, 0, 0.00%, 0, 0, 1, 171.16
1734290370, 1, 1, 11, 4, 0, 0.05%, 1, 0, 2, 187.33
1734290380, 1, 10, 11, 3, 1, 0.05%, 1, 0, 2, 203.54
1734290385, 1, 10, 12, 4, 1, 0.05%, 2, 0, 3, 203.16
1734290390, 1, 10, 13, 5, 1, 0.05%, 3, 0, 3, 192.60
1734290452, 1, 10, 14, 6, 1, 0.05%, 3, 0, 3, 195.49
1734290462, 1, 11, 16, 7, 2, 0.06%, 5, 0, 4, 225.26
1734290467, 1, 11, 17, 8, 2, 0.06%, 6, 0, 4, 202.74
1734290477, 1, 11, 18, 9, 2, 0.06%, 6, 0, 4, 205.66
1734290497, 1, 11, 19, 10, 2, 0.06%, 6, 0, 4, 206.54
1734290523, 1, 11, 20, 11, 2, 0.06%, 6, 0, 4, 201.48
1734290594, 1, 12, 20, 10, 4, 0.06%, 6, 0, 4, 230.58
1734290604, 1, 12, 22, 12, 4, 0.06%, 6, 0, 4, 199.31
1734290619, 1, 12, 23, 13, 4, 0.06%, 6, 0, 4, 199.31
1734290625, 1, 12, 24, 14, 4, 0.06%, 7, 0, 4, 199.85
1734290630, 1, 12, 25, 15, 4, 0.06%, 7, 0, 4, 201.90
1734290696, 1, 12, 26, 16, 4, 0.06%, 7, 0, 4, 208.11
1734290726, 1, 14, 26, 15, 3, 0.06%, 7, 0, 4, 212.61
1734290747, 1, 14, 27, 16, 3, 0.06%, 7, 0, 5, 202.51
1734290798, 1, 15, 27, 15, 2, 0.06%, 7, 0, 5, 228.78
1734290833, 1, 15, 28, 16, 2, 0.06%, 7, 0, 5, 215.43
1734290838, 1, 15, 30, 18, 2, 0.06%, 8, 0, 5, 207.15
1734290848, 1, 19, 30, 17, 2, 0.06%, 8, 0, 5, 288.41
1734290893, 1, 25, 32, 18, 2, 0.06%, 9, 0, 5, 220.02
1734290898, 1, 25, 33, 19, 2, 0.06%, 9, 0, 5, 242.07
1734290904, 1, 25, 34, 20, 2, 0.06%, 9, 0, 5, 215.69
1734290924, 1, 25, 35, 21, 2, 0.06%, 9, 0, 5, 213.42
1734290929, 1, 25, 36, 22, 2, 0.06%, 9, 0, 5, 215.17
1734290934, 1, 25, 37, 23, 2, 0.06%, 9, 0, 5, 218.18
1734290954, 1, 25, 38, 24, 2, 0.06%, 9, 0, 5, 216.44
1734290959, 1, 25, 39, 25, 2, 0.06%, 9, 0, 5, 214.88
1734290974, 1, 25, 40, 26, 2, 0.06%, 9, 0, 5, 217.46
1734290990, 1, 25, 41, 27, 2, 0.06%, 9, 0, 5, 215.38
1734291025, 1, 30, 42, 27, 2, 0.06%, 9, 0, 6, 269.38
1734291066, 1, 31, 43, 27, 1, 0.06%, 9, 0, 6, 270.54
1734291091, 1, 32, 43, 26, 0, 0.06%, 9, 0, 6, 242.32
1734291122, 1, 41, 43, 25, 0, 0.06%, 9, 0, 6, 286.98
1734291143, 1, 41, 44, 26, 0, 0.06%, 9, 0, 7, 217.25
1734291168, 1, 41, 48, 30, 0, 0.06%, 9, 0, 7, 241.34
1734291173, 1, 47, 48, 29, 0, 0.06%, 9, 0, 7, 361.33
1734291204, 2, 0, 48, 28, 0, 0.06%, 9, 0, 7, 228.13
1734291209, 2, 3, 48, 28, 0, 0.06%, 9, 0, 7, 212.72
1734291214, 2, 12, 48, 27, 0, 0.06%, 9, 0, 7, 233.26
1734291219, 2, 14, 48, 27, 0, 0.06%, 9, 0, 7, 242.25
1734291224, 2, 15, 48, 27, 0, 0.06%, 9, 0, 7, 234.13
1734291229, 2, 18, 49, 28, 0, 0.06%, 9, 0, 7, 309.46
1734291260, 2, 22, 49, 27, 0, 0.06%, 9, 0, 7, 231.98
1734291290, 2, 30, 49, 26, 0, 0.06%, 9, 0, 7, 252.08
1734291300, 2, 31, 49, 26, 0, 0.06%, 9, 0, 7, 241.59
1734291306, 2, 37, 49, 26, 0, 0.06%, 9, 0, 7, 375.44
1734291367, 2, 38, 49, 25, 0, 0.06%, 9, 0, 7, 328.33
1734291377, 2, 38, 50, 26, 0, 0.06%, 9, 0, 7, 264.26
1734291413, 2, 41, 50, 25, 0, 0.06%, 9, 0, 7, 240.99
1734291418, 2, 44, 50, 25, 0, 0.06%, 9, 0, 7, 310.62
1734291448, 2, 45, 50, 24, 0, 0.06%, 9, 0, 7, 335.27
1734291469, 2, 45, 51, 25, 0, 0.06%, 9, 0, 8, 263.34
1734291494, 2, 46, 51, 24, 0, 0.06%, 9, 0, 8, 368.42
1734291510, 2, 46, 52, 25, 0, 0.06%, 9, 0, 8, 260.73
1734291545, 2, 51, 52, 24, 0, 0.06%, 9, 0, 8, 384.22
1734291596, 2, 51, 53, 25, 0, 0.06%, 9, 0, 9, 282.89
1734291632, 2, 52, 53, 24, 0, 0.06%, 9, 0, 9, 229.48
1734291901, 2, 52, 55, 26, 0, 0.06%, 9, 0, 10, 423.49
1734292286, 2, 53, 55, 25, 0, 0.06%, 9, 0, 10, 224.90
1734292919, 2, 53, 57, 27, 0, 0.06%, 9, 0, 11, 382.88
1734292924, 2, 53, 58, 28, 0, 0.06%, 9, 0, 11, 375.77
1734292954, 2, 53, 59, 29, 0, 0.06%, 9, 0, 11, 371.83
1734292985, 2, 56, 59, 28, 0, 0.06%, 9, 0, 11, 269.77
1734293300, 3, 12, 59, 27, 0, 0.06%, 9, 0, 11, 248.53
1734293305, 3, 13, 59, 27, 0, 0.06%, 9, 0, 11, 248.88
1734293320, 3, 14, 59, 26, 0, 0.06%, 9, 0, 11, 238.43
1734293325, 3, 15, 59, 26, 0, 0.06%, 9, 0, 11, 240.25
1734293330, 3, 20, 59, 26, 0, 0.06%, 9, 0, 11, 333.89
1734293366, 3, 25, 59, 25, 0, 0.06%, 9, 0, 11, 250.55
1734293371, 3, 30, 59, 25, 0, 0.06%, 9, 0, 11, 239.48
1734293376, 3, 31, 59, 25, 0, 0.06%, 9, 0, 11, 242.99
1734293381, 3, 35, 59, 25, 0, 0.06%, 9, 0, 11, 309.62
1734293386, 3, 35, 60, 26, 0, 0.06%, 9, 0, 11, 280.44
1734293391, 3, 35, 61, 27, 0, 0.06%, 9, 0, 11, 251.03
1734293401, 3, 35, 62, 28, 0, 0.06%, 9, 0, 11, 243.30
1734293457, 3, 35, 63, 29, 0, 0.06%, 9, 0, 11, 244.57
1734293524, 3, 41, 63, 28, 0, 0.06%, 9, 0, 11, 272.66
1734293534, 3, 49, 63, 28, 0, 0.06%, 9, 0, 11, 294.42
1734293549, 3, 49, 64, 29, 0, 0.06%, 9, 0, 11, 246.01
1734293580, 3, 62, 64, 28, 0, 0.06%, 9, 0, 11, 372.95
1734293615, 4, 12, 65, 28, 0, 0.06%, 9, 0, 11, 240.17
1734293620, 4, 14, 65, 28, 0, 0.06%, 9, 0, 11, 236.09
1734293625, 4, 15, 65, 28, 0, 0.06%, 9, 0, 11, 229.32
1734293630, 4, 21, 65, 28, 0, 0.06%, 9, 0, 11, 274.89
1734293666, 4, 25, 65, 27, 0, 0.06%, 9, 0, 11, 263.95
1734293671, 4, 28, 65, 27, 0, 0.06%, 9, 0, 11, 402.47
1734293701, 4, 30, 65, 26, 0, 0.06%, 9, 0, 11, 243.43
1734293706, 4, 31, 65, 26, 0, 0.06%, 9, 0, 11, 256.22
1734293711, 4, 40, 65, 26, 0, 0.06%, 9, 0, 11, 247.47
1734293773, 4, 51, 65, 25, 0, 0.06%, 9, 0, 11, 284.30
1734293788, 4, 57, 65, 25, 0, 0.06%, 9, 0, 11, 318.69
1734294033, 5, 2, 65, 24, 0, 0.06%, 9, 0, 11, 219.40
1734294038, 5, 12, 66, 24, 0, 0.06%, 9, 0, 11, 229.20
1734294043, 5, 14, 69, 27, 0, 0.06%, 9, 0, 11, 243.31
1734294049, 5, 15, 69, 27, 0, 0.06%, 9, 0, 11, 240.00
1734294054, 5, 25, 69, 27, 0, 0.06%, 9, 0, 11, 240.07
1734294059, 5, 28, 69, 27, 0, 0.06%, 9, 0, 11, 266.46
1734294069, 5, 30, 69, 27, 0, 0.06%, 9, 0, 11, 236.90
1734294074, 5, 31, 69, 27, 0, 0.06%, 9, 0, 11, 256.42
1734294079, 5, 44, 69, 27, 0, 0.06%, 9, 0, 11, 244.69
1734294084, 5, 55, 69, 27, 0, 0.06%, 9, 0, 11, 200.81
1734294628, 5, 65, 69, 26, 0, 0.06%, 9, 0, 11, 263.00
1734294714, 5, 67, 69, 25, 0, 0.06%, 9, 0, 11, 319.19
1734294770, 6, 11, 69, 24, 0, 0.06%, 9, 0, 11, 243.77
1734294775, 6, 14, 69, 24, 0, 0.06%, 9, 0, 11, 242.22
1734294780, 6, 15, 69, 24, 0, 0.06%, 9, 0, 11, 237.70
1734294790, 6, 23, 69, 24, 0, 0.06%, 9, 0, 11, 290.43
1734294815, 6, 24, 69, 23, 0, 0.06%, 9, 0, 11, 362.57
1734294846, 6, 25, 69, 22, 0, 0.06%, 9, 0, 11, 243.01
1734294851, 6, 26, 69, 22, 0, 0.06%, 9, 0, 11, 277.74
1734294881, 6, 27, 69, 21, 0, 0.06%, 9, 0, 11, 368.32
1734294912, 6, 30, 69, 20, 0, 0.06%, 9, 0, 11, 245.26
1734294917, 6, 31, 69, 20, 0, 0.06%, 9, 0, 11, 240.54
1734294922, 6, 33, 69, 20, 0, 0.06%, 9, 0, 11, 327.65
1734294952, 6, 44, 69, 19, 0, 0.06%, 9, 0, 11, 253.18
1734294957, 6, 64, 69, 19, 0, 0.06%, 9, 0, 11, 308.21
1734294983, 6, 64, 70, 20, 0, 0.06%, 9, 0, 11, 436.40
1734295079, 7, 11, 70, 19, 0, 0.06%, 9, 0, 11, 241.96
1734295084, 7, 14, 70, 19, 0, 0.06%, 9, 0, 11, 236.48
1734295095, 7, 15, 70, 19, 0, 0.06%, 9, 0, 11, 236.56
1734295100, 7, 22, 70, 19, 0, 0.06%, 9, 0, 11, 237.07
1734295105, 7, 25, 70, 19, 0, 0.06%, 9, 0, 11, 244.81
1734295110, 7, 30, 70, 19, 0, 0.06%, 9, 0, 11, 246.85
1734295115, 7, 31, 70, 19, 0, 0.06%, 9, 0, 11, 246.12
1734295120, 7, 39, 70, 19, 0, 0.06%, 9, 0, 11, 254.08
1734295156, 7, 48, 70, 18, 0, 0.06%, 9, 0, 11, 326.04
1734295186, 7, 52, 70, 17, 0, 0.06%, 9, 0, 11, 325.77
1734295196, 7, 54, 70, 17, 0, 0.06%, 9, 0, 11, 228.50
1734295871, 7, 63, 70, 16, 0, 0.06%, 9, 0, 11, 388.50
1734295897, 7, 63, 71, 17, 0, 0.06%, 9, 0, 11, 358.12
1734295932, 8, 12, 71, 16, 0, 0.06%, 9, 0, 11, 258.61
1734295938, 8, 14, 71, 16, 0, 0.06%, 9, 0, 11, 227.99
1734295943, 8, 15, 71, 16, 0, 0.06%, 9, 0, 11, 242.77
1734295948, 8, 21, 71, 16, 0, 0.06%, 9, 0, 11, 247.00
1734295953, 8, 25, 71, 16, 0, 0.06%, 9, 0, 11, 243.59
1734295958, 8, 30, 71, 16, 0, 0.06%, 9, 0, 11, 255.19
1734295963, 8, 31, 71, 16, 0, 0.06%, 9, 0, 11, 254.19
1734295973, 8, 34, 71, 16, 0, 0.06%, 9, 0, 11, 360.40
1734295998, 8, 50, 71, 15, 0, 0.06%, 9, 0, 11, 307.36
1734296079, 8, 61, 71, 14, 0, 0.06%, 9, 0, 11, 391.28
1734296120, 8, 68, 72, 14, 0, 0.06%, 9, 0, 11, 363.15
1734296252, 8, 69, 72, 13, 0, 0.06%, 9, 0, 11, 336.46
1734296374, 9, 11, 72, 12, 0, 0.06%, 9, 0, 11, 250.79
1734296379, 9, 13, 72, 12, 0, 0.06%, 9, 0, 11, 240.10
1734296384, 9, 14, 72, 12, 0, 0.06%, 9, 0, 11, 235.01
1734296389, 9, 15, 72, 12, 0, 0.06%, 9, 0, 11, 240.34
1734296394, 9, 20, 72, 12, 0, 0.06%, 9, 0, 11, 261.06
1734296399, 9, 25, 72, 12, 0, 0.06%, 9, 0, 11, 246.28
1734296405, 9, 30, 72, 12, 0, 0.06%, 9, 0, 11, 255.79
1734296415, 9, 31, 72, 12, 0, 0.06%, 9, 0, 11, 244.90
1734296420, 9, 42, 72, 12, 0, 0.06%, 9, 0, 11, 356.04
1734296450, 9, 46, 72, 11, 0, 0.06%, 9, 0, 11, 233.97
1734296455, 9, 55, 72, 11, 0, 0.06%, 9, 0, 11, 317.10
1734296471, 9, 58, 72, 11, 0, 0.06%, 9, 0, 11, 274.78
1734296717, 9, 68, 72, 10, 0, 0.06%, 9, 0, 11, 269.38
1734296732, 10, 11, 72, 10, 0, 0.06%, 9, 0, 11, 225.47
1734296737, 10, 14, 72, 10, 0, 0.06%, 9, 0, 11, 238.09
1734296747, 10, 15, 72, 10, 0, 0.06%, 9, 0, 11, 252.48
1734296753, 10, 25, 72, 10, 0, 0.06%, 9, 0, 11, 257.57
1734296758, 10, 30, 72, 10, 0, 0.06%, 9, 0, 11, 245.18
1734296763, 10, 31, 72, 10, 0, 0.06%, 9, 0, 11, 253.34
1734296768, 10, 51, 72, 10, 0, 0.06%, 9, 0, 11, 282.09
1734296778, 10, 52, 72, 10, 0, 0.06%, 9, 0, 11, 296.84
1734296783, 10, 71, 72, 10, 0, 0.06%, 9, 0, 11, 308.77
1734296915, 11, 11, 72, 9, 0, 0.06%, 9, 0, 11, 248.81
1734296920, 11, 14, 72, 9, 0, 0.06%, 9, 0, 11, 230.77
1734296925, 11, 15, 72, 9, 0, 0.06%, 9, 0, 11, 242.12
1734296931, 11, 25, 72, 9, 0, 0.06%, 9, 0, 11, 238.67
1734296936, 11, 30, 73, 10, 0, 0.06%, 9, 0, 11, 248.76
1734296941, 11, 31, 73, 10, 0, 0.06%, 9, 0, 11, 240.52
1734296951, 11, 36, 73, 10, 0, 0.06%, 9, 0, 11, 383.71
1734297007, 11, 43, 73, 9, 0, 0.06%, 9, 0, 11, 287.36
1734297068, 11, 59, 73, 8, 0, 0.06%, 9, 0, 11, 275.67
1734297098, 11, 60, 73, 7, 0, 0.06%, 9, 0, 11, 259.71
1734297393, 11, 63, 73, 6, 0, 0.06%, 9, 0, 11, 283.19
1734297403, 11, 68, 73, 6, 0, 0.06%, 9, 0, 11, 255.39
1734297408, 12, 11, 73, 6, 0, 0.06%, 9, 0, 11, 237.26
1734297413, 12, 14, 73, 6, 0, 0.06%, 9, 0, 11, 239.77
1734297418, 12, 15, 73, 6, 0, 0.06%, 9, 0, 11, 246.63
1734297428, 12, 16, 73, 6, 0, 0.06%, 9, 0, 11, 234.32
1734297453, 12, 25, 73, 5, 0, 0.06%, 9, 0, 11, 237.81
1734297458, 12, 30, 73, 5, 0, 0.06%, 9, 0, 11, 245.81
1734297463, 12, 31, 73, 5, 0, 0.06%, 9, 0, 11, 252.92
1734297469, 12, 36, 73, 5, 0, 0.06%, 9, 0, 11, 248.67
1734297479, 13, 12, 73, 5, 0, 0.06%, 9, 0, 11, 238.48
1734297484, 13, 14, 73, 5, 0, 0.06%, 9, 0, 11, 247.53
1734297489, 13, 15, 73, 5, 0, 0.06%, 9, 0, 11, 239.83
1734297494, 13, 17, 73, 5, 0, 0.06%, 9, 0, 11, 267.54
1734297520, 13, 25, 73, 4, 0, 0.06%, 9, 0, 11, 257.52
1734297530, 13, 30, 73, 4, 0, 0.06%, 9, 0, 11, 241.48
1734297535, 13, 31, 73, 4, 0, 0.06%, 9, 0, 11, 240.17
1734297540, 13, 36, 73, 4, 0, 0.06%, 9, 0, 11, 265.60
1734297545, 13, 53, 73, 4, 0, 0.06%, 9, 0, 11, 339.64
1734297560, 13, 64, 73, 4, 0, 0.06%, 9, 0, 11, 264.59
1734297565, 13, 66, 73, 4, 0, 0.06%, 9, 0, 11, 271.38
1734297621, 13, 70, 73, 3, 0, 0.06%, 9, 0, 11, 304.15
1734297631, 13, 70, 74, 4, 0, 0.06%, 9, 0, 11, 436.56
1734297737, 14, 11, 74, 3, 0, 0.06%, 9, 0, 11, 252.33
1734297743, 14, 14, 74, 3, 0, 0.06%, 9, 0, 11, 246.81
1734297748, 14, 15, 74, 3, 0, 0.06%, 9, 0, 11, 259.99
1734297758, 14, 25, 74, 3, 0, 0.06%, 9, 0, 11, 257.42
1734297763, 14, 30, 75, 4, 0, 0.06%, 9, 0, 11, 264.42
1734297768, 14, 31, 75, 4, 0, 0.06%, 9, 0, 11, 259.72
1734297773, 14, 34, 75, 4, 0, 0.06%, 9, 0, 11, 259.32
1734297778, 14, 51, 75, 4, 0, 0.06%, 9, 0, 11, 269.21
1734297788, 14, 70, 75, 4, 0, 0.06%, 9, 0, 11, 298.16
1734297804, 14, 73, 75, 4, 0, 0.06%, 9, 0, 11, 393.32
1734297916, 14, 74, 75, 3, 0, 0.06%, 9, 0, 11, 264.06
1734298043, 15, 11, 75, 2, 0, 0.06%, 9, 0, 11, 236.63
1734298048, 15, 14, 75, 2, 0, 0.06%, 9, 0, 11, 240.34
1734298053, 15, 15, 75, 2, 0, 0.06%, 9, 0, 11, 256.15
1734298058, 15, 21, 75, 2, 0, 0.06%, 9, 0, 11, 257.62
1734298068, 15, 23, 75, 2, 0, 0.06%, 9, 0, 11, 255.68
1734298073, 15, 25, 75, 2, 0, 0.06%, 9, 0, 11, 263.10
1734298079, 15, 30, 75, 2, 0, 0.06%, 9, 0, 11, 250.14
1734298084, 15, 31, 75, 2, 0, 0.06%, 9, 0, 11, 276.03
1734298089, 15, 41, 75, 2, 0, 0.06%, 9, 0, 11, 261.30
1734298094, 15, 47, 75, 2, 0, 0.06%, 9, 0, 11, 272.25
1734298099, 15, 53, 75, 2, 0, 0.06%, 9, 0, 11, 313.65
1734298109, 16, 12, 75, 2, 0, 0.06%, 9, 0, 11, 251.66
1734298114, 16, 14, 75, 2, 0, 0.06%, 9, 0, 11, 245.78
1734298119, 16, 15, 75, 2, 0, 0.06%, 9, 0, 11, 235.52
1734298124, 16, 16, 75, 2, 0, 0.06%, 9, 0, 11, 250.55
1734298129, 16, 25, 75, 2, 0, 0.06%, 9, 0, 11, 250.67
1734298134, 16, 29, 75, 2, 0, 0.06%, 9, 0, 11, 312.09
1734298165, 16, 30, 75, 1, 0, 0.06%, 9, 0, 11, 248.78
1734298170, 16, 31, 75, 1, 0, 0.06%, 9, 0, 11, 259.27
1734298175, 16, 39, 75, 1, 0, 0.06%, 9, 0, 11, 255.33
1734298180, 16, 53, 75, 1, 0, 0.06%, 9, 0, 11, 295.78
1734298185, 17, 10, 75, 1, 0, 0.06%, 9, 0, 11, 257.35
1734298190, 17, 12, 75, 1, 0, 0.06%, 9, 0, 11, 258.84
1734298195, 17, 14, 75, 1, 0, 0.06%, 9, 0, 11, 250.17
1734298200, 17, 15, 75, 1, 0, 0.06%, 9, 0, 11, 250.12
1734298205, 17, 25, 75, 1, 0, 0.06%, 9, 0, 11, 243.02
1734298210, 17, 30, 75, 1, 0, 0.06%, 9, 0, 11, 251.55
1734298220, 17, 31, 75, 1, 0, 0.06%, 9, 0, 11, 248.66
1734298225, 17, 48, 75, 1, 0, 0.06%, 9, 0, 11, 245.70
1734298236, 17, 70, 75, 1, 0, 0.06%, 9, 0, 11, 291.43
1734298251, 18, 11, 75, 1, 0, 0.06%, 9, 0, 11, 251.58
1734298256, 18, 14, 75, 1, 0, 0.06%, 9, 0, 11, 239.09
1734298261, 18, 15, 75, 1, 0, 0.06%, 9, 0, 11, 250.05
1734298266, 18, 25, 75, 1, 0, 0.06%, 9, 0, 11, 258.66
1734298271, 18, 27, 75, 1, 0, 0.06%, 9, 0, 11, 267.17
1734298276, 18, 30, 75, 1, 0, 0.06%, 9, 0, 11, 248.79
1734298286, 18, 31, 75, 1, 0, 0.06%, 9, 0, 11, 244.57
1734298291, 18, 45, 75, 1, 0, 0.06%, 9, 0, 11, 256.75
1734298296, 19, 12, 75, 1, 0, 0.06%, 9, 0, 11, 244.90
1734298301, 19, 14, 75, 1, 0, 0.06%, 9, 0, 11, 239.03
1734298307, 19, 15, 75, 1, 0, 0.06%, 9, 0, 11, 237.08
1734298312, 19, 19, 75, 1, 0, 0.06%, 9, 0, 11, 267.74
1734298317, 19, 25, 75, 1, 0, 0.06%, 9, 0, 11, 249.26
1734298322, 19, 30, 75, 1, 0, 0.06%, 9, 0, 11, 265.13
1734298327, 19, 31, 75, 1, 0, 0.06%, 9, 0, 11, 254.28
1734298337, 19, 37, 75, 1, 0, 0.06%, 9, 0, 11, 268.54
1734298342, 19, 41, 75, 1, 0, 0.06%, 9, 0, 11, 260.11
1734298347, 19, 54, 75, 1, 0, 0.06%, 9, 0, 11, 354.40
1734298357, 20, 11, 75, 1, 0, 0.06%, 9, 0, 11, 284.55
1734298362, 20, 12, 75, 1, 0, 0.06%, 9, 0, 11, 256.52
1734298367, 20, 14, 75, 1, 0, 0.06%, 9, 0, 11, 243.09
1734298373, 20, 15, 75, 1, 0, 0.06%, 9, 0, 11, 244.46
1734298378, 20, 21, 75, 1, 0, 0.06%, 9, 0, 11, 262.07
1734298383, 20, 25, 75, 1, 0, 0.06%, 9, 0, 11, 266.47
1734298388, 20, 28, 75, 1, 0, 0.06%, 9, 0, 11, 267.77
1734298393, 20, 30, 75, 1, 0, 0.06%, 9, 0, 11, 251.65
1734298398, 20, 31, 75, 1, 0, 0.06%, 9, 0, 11, 253.39
1734298403, 20, 41, 75, 1, 0, 0.06%, 9, 0, 11, 268.85
1734298408, 20, 59, 75, 1, 0, 0.06%, 9, 0, 11, 255.16
1734298418, 20, 70, 75, 1, 0, 0.06%, 9, 0, 11, 283.84
1734298433, 20, 71, 75, 1, 0, 0.06%, 9, 0, 11, 287.78
1734298454, 20, 72, 75, 1, 0, 0.06%, 9, 0, 11, 245.39
1734298586, 21, 12, 75, 0, 0, 0.06%, 9, 0, 11, 250.70
1734298592, 21, 14, 75, 0, 0, 0.06%, 9, 0, 11, 252.24
1734298597, 21, 15, 75, 0, 0, 0.06%, 9, 0, 11, 241.14
1734298602, 21, 17, 75, 0, 0, 0.06%, 9, 0, 11, 239.01
1734298607, 21, 18, 75, 0, 0, 0.06%, 9, 0, 11, 247.91
1734298612, 21, 23, 75, 0, 0, 0.06%, 9, 0, 11, 256.89
1734298622, 21, 25, 75, 0, 0, 0.06%, 9, 0, 11, 265.19
1734298627, 21, 30, 75, 0, 0, 0.06%, 9, 0, 11, 268.95
1734298632, 21, 31, 75, 0, 0, 0.06%, 9, 0, 11, 283.04
1734298638, 21, 40, 75, 0, 0, 0.06%, 9, 0, 11, 276.76
1734298643, 22, 12, 75, 0, 0, 0.06%, 9, 0, 11, 257.34
1734298648, 22, 14, 75, 0, 0, 0.06%, 9, 0, 11, 253.43
1734298653, 22, 15, 75, 0, 0, 0.06%, 9, 0, 11, 258.95
1734298658, 22, 25, 75, 0, 0, 0.06%, 9, 0, 11, 250.24
1734298663, 22, 30, 75, 0, 0, 0.06%, 9, 0, 11, 256.31
1734298668, 22, 31, 75, 0, 0, 0.06%, 9, 0, 11, 247.33
1734298673, 22, 53, 75, 0, 0, 0.06%, 9, 0, 11, 307.93
1734298678, 22, 61, 75, 0, 0, 0.06%, 9, 0, 11, 276.26
1734298688, 23, 9, 75, 0, 0, 0.06%, 9, 0, 11, 285.68
1734298693, 23, 12, 75, 0, 0, 0.06%, 9, 0, 11, 262.77
1734298699, 23, 14, 75, 0, 0, 0.06%, 9, 0, 11, 254.82
1734298704, 23, 15, 75, 0, 0, 0.06%, 9, 0, 11, 252.93
1734298709, 23, 24, 75, 0, 0, 0.06%, 9, 0, 11, 261.29
1734298714, 23, 25, 75, 0, 0, 0.06%, 9, 0, 11, 253.21
1734298719, 23, 26, 75, 0, 0, 0.06%, 9, 0, 11, 258.65
1734298724, 23, 30, 75, 0, 0, 0.06%, 9, 0, 11, 272.24
1734298729, 23, 31, 75, 0, 0, 0.06%, 9, 0, 11, 263.45
1734298734, 23, 43, 75, 0, 0, 0.06%, 9, 0, 11, 264.73
1734298739, 23, 60, 75, 0, 0, 0.06%, 9, 0, 11, 280.18
1734298749, 23, 64, 75, 0, 0, 0.06%, 9, 0, 11, 265.22
1734298760, 24, 12, 75, 0, 0, 0.06%, 9, 0, 11, 251.77
1734298765, 24, 14, 75, 0, 0, 0.06%, 9, 0, 11, 236.84
1734298770, 24, 15, 75, 0, 0, 0.06%, 9, 0, 11, 235.13
1734298775, 24, 18, 75, 0, 0, 0.06%, 9, 0, 11, 253.07
1734298780, 24, 25, 75, 0, 0, 0.06%, 9, 0, 11, 255.50
1734298785, 24, 30, 75, 0, 0, 0.06%, 9, 0, 11, 248.90
1734298795, 24, 31, 75, 0, 0, 0.06%, 9, 0, 11, 261.36
1734298800, 25, 12, 75, 0, 0, 0.06%, 9, 0, 11, 257.53
1734298805, 25, 14, 76, 1, 0, 0.06%, 9, 0, 11, 250.15
1734298810, 25, 15, 76, 1, 0, 0.06%, 9, 0, 11, 248.66
1734298816, 25, 25, 76, 1, 0, 0.06%, 9, 0, 11, 248.54
1734298821, 25, 30, 76, 1, 0, 0.06%, 9, 0, 11, 255.21
1734298826, 25, 31, 76, 1, 0, 0.06%, 9, 0, 11, 255.26
1734298831, 25, 60, 77, 2, 0, 0.06%, 9, 0, 11, 305.55
1734298836, 25, 60, 78, 3, 0, 0.06%, 9, 0, 11, 352.04
1734298851, 25, 61, 78, 3, 0, 0.06%, 9, 0, 11, 265.49
1734298862, 26, 11, 78, 3, 0, 0.06%, 9, 0, 11, 246.33
1734298867, 26, 14, 78, 3, 0, 0.06%, 9, 0, 11, 248.50
1734298877, 26, 15, 78, 3, 0, 0.06%, 9, 0, 11, 248.01
1734298882, 26, 25, 78, 3, 0, 0.06%, 9, 0, 11, 268.77
1734298887, 26, 30, 78, 3, 0, 0.06%, 9, 0, 11, 260.17
1734298892, 26, 31, 78, 3, 0, 0.06%, 9, 0, 11, 247.70
1734298897, 26, 33, 78, 3, 0, 0.06%, 9, 0, 11, 253.46
1734298902, 26, 34, 78, 3, 0, 0.06%, 9, 0, 11, 266.66
1734298907, 26, 43, 78, 3, 0, 0.06%, 9, 0, 11, 262.17
1734298912, 26, 44, 78, 3, 0, 0.06%, 9, 0, 11, 255.40
1734298917, 26, 55, 78, 3, 0, 0.06%, 9, 0, 11, 291.67
1734298928, 26, 76, 78, 3, 0, 0.06%, 9, 0, 11, 355.73
1734299277, 27, 7, 78, 2, 0, 0.06%, 9, 0, 11, 265.31
1734299282, 27, 12, 78, 2, 0, 0.06%, 9, 0, 11, 254.19
1734299287, 27, 14, 78, 2, 0, 0.06%, 9, 0, 11, 255.77
1734299292, 27, 15, 78, 2, 0, 0.06%, 9, 0, 11, 255.39
1734299297, 27, 25, 78, 2, 0, 0.06%, 9, 0, 11, 257.33
1734299302, 27, 30, 78, 2, 0, 0.06%, 9, 0, 11, 255.57
1734299307, 27, 31, 78, 2, 0, 0.06%, 9, 0, 11, 268.06
1734299312, 27, 54, 78, 2, 0, 0.06%, 9, 0, 11, 325.12
1734299317, 27, 58, 78, 2, 0, 0.06%, 9, 0, 11, 269.15
1734299333, 27, 70, 78, 2, 0, 0.06%, 9, 0, 11, 282.74
1734299343, 27, 77, 78, 2, 0, 0.06%, 9, 0, 11, 207.51
1734299946, 28, 11, 78, 1, 0, 0.06%, 9, 0, 11, 233.32
1734299951, 28, 14, 78, 1, 0, 0.06%, 9, 0, 11, 238.18
1734299961, 28, 15, 78, 1, 0, 0.06%, 9, 0, 11, 263.92
1734299966, 28, 17, 78, 1, 0, 0.06%, 9, 0, 11, 258.93
1734299972, 28, 25, 78, 1, 0, 0.06%, 9, 0, 11, 277.51
1734299977, 28, 30, 78, 1, 0, 0.06%, 9, 0, 11, 272.83
1734299982, 28, 31, 78, 1, 0, 0.06%, 9, 0, 11, 258.66
1734299987, 28, 40, 78, 1, 0, 0.06%, 9, 0, 11, 273.28
1734299992, 28, 41, 78, 1, 0, 0.06%, 9, 0, 11, 254.62
1734299997, 28, 43, 78, 1, 0, 0.06%, 9, 0, 11, 272.62
1734300002, 29, 11, 78, 1, 0, 0.06%, 9, 0, 11, 256.73
1734300007, 29, 14, 78, 1, 0, 0.06%, 9, 0, 11, 244.80
1734300012, 29, 15, 78, 1, 0, 0.06%, 9, 0, 11, 261.83
1734300017, 29, 19, 78, 1, 0, 0.06%, 9, 0, 11, 255.39
1734300022, 29, 25, 78, 1, 0, 0.06%, 9, 0, 11, 265.80
1734300032, 29, 30, 78, 1, 0, 0.06%, 9, 0, 11, 258.25
1734300037, 29, 31, 78, 1, 0, 0.06%, 9, 0, 11, 251.87
1734300042, 29, 35, 78, 1, 0, 0.06%, 9, 0, 11, 257.74
1734300047, 29, 36, 78, 1, 0, 0.06%, 9, 0, 11, 290.42
1734300052, 29, 48, 78, 1, 0, 0.06%, 9, 0, 11, 261.88
1734300058, 29, 62, 78, 1, 0, 0.06%, 9, 0, 11, 269.18
1734300068, 29, 67, 78, 1, 0, 0.06%, 9, 0, 11, 258.34
1734300078, 29, 75, 78, 1, 0, 0.06%, 9, 0, 11, 275.53
1734300083, 29, 75, 79, 2, 0, 0.06%, 9, 0, 11, 402.23
1734300194, 30, 12, 79, 1, 0, 0.06%, 9, 0, 11, 248.76
1734300200, 30, 14, 79, 1, 0, 0.06%, 9, 0, 11, 243.09
1734300210, 30, 15, 79, 1, 0, 0.06%, 9, 0, 11, 253.20
1734300215, 30, 16, 79, 1, 0, 0.06%, 9, 0, 11, 254.65
1734300220, 30, 25, 79, 1, 0, 0.06%, 9, 0, 11, 255.78
1734300225, 30, 29, 79, 1, 0, 0.06%, 9, 0, 11, 262.24
1734300230, 30, 30, 79, 1, 0, 0.06%, 9, 0, 11, 246.91
1734300235, 30, 31, 79, 1, 0, 0.06%, 9, 0, 11, 241.73
1734300240, 31, 11, 79, 1, 0, 0.06%, 9, 0, 11, 257.02
1734300246, 31, 14, 79, 1, 0, 0.06%, 9, 0, 11, 251.33
1734300251, 31, 15, 79, 1, 0, 0.06%, 9, 0, 11, 248.64
1734300256, 31, 16, 79, 1, 0, 0.06%, 9, 0, 11, 258.63
1734300266, 31, 21, 79, 1, 0, 0.06%, 9, 0, 11, 263.95
1734300271, 31, 25, 79, 1, 0, 0.06%, 9, 0, 11, 268.17
1734300276, 31, 30, 79, 1, 0, 0.06%, 9, 0, 11, 259.45
1734300281, 31, 31, 79, 1, 0, 0.06%, 9, 0, 11, 252.14
1734300286, 31, 32, 79, 1, 0, 0.06%, 9, 0, 11, 253.20
1734300291, 31, 47, 79, 1, 0, 0.06%, 9, 0, 11, 247.13
1734300297, 31, 60, 79, 1, 0, 0.06%, 9, 0, 11, 276.15
1734300302, 31, 63, 79, 1, 0, 0.06%, 9, 0, 11, 268.28
1734300312, 32, 11, 79, 1, 0, 0.06%, 9, 0, 11, 286.58
1734300317, 32, 14, 79, 1, 0, 0.06%, 9, 0, 11, 258.02
1734300327, 32, 15, 79, 1, 0, 0.06%, 9, 0, 11, 268.70
1734300332, 32, 24, 79, 1, 0, 0.06%, 9, 0, 11, 256.59
1734300337, 32, 25, 79, 1, 0, 0.06%, 9, 0, 11, 262.28
1734300342, 32, 30, 79, 1, 0, 0.06%, 9, 0, 11, 266.37
1734300348, 32, 31, 79, 1, 0, 0.06%, 9, 0, 11, 270.98
1734300353, 32, 42, 79, 1, 0, 0.06%, 9, 0, 11, 278.02
1734300358, 32, 67, 79, 1, 0, 0.06%, 9, 0, 11, 259.22
1734300363, 33, 11, 79, 1, 0, 0.06%, 9, 0, 11, 250.18
1734300368, 33, 14, 79, 1, 0, 0.06%, 9, 0, 11, 238.95
1734300373, 33, 15, 79, 1, 0, 0.06%, 9, 0, 11, 249.37
1734300378, 33, 25, 79, 1, 0, 0.06%, 9, 0, 11, 266.26
1734300388, 33, 30, 79, 1, 0, 0.06%, 9, 0, 11, 260.11
1734300393, 33, 31, 79, 1, 0, 0.06%, 9, 0, 11, 252.36
1734300398, 33, 45, 79, 1, 0, 0.06%, 9, 0, 11, 247.54
1734300403, 33, 47, 79, 1, 0, 0.06%, 9, 0, 11, 258.72
1734300408, 33, 71, 79, 1, 0, 0.06%, 9, 0, 11, 264.81
1734300413, 33, 73, 79, 1, 0, 0.06%, 9, 0, 11, 268.87
1734300443, 33, 75, 79, 1, 0, 0.06%, 9, 0, 11, 282.33
1734300464, 33, 76, 79, 1, 0, 0.06%, 9, 0, 11, 275.62
1734300484, 34, 10, 79, 1, 0, 0.06%, 9, 0, 11, 278.48
1734300489, 34, 12, 79, 1, 0, 0.06%, 9, 0, 11, 255.28
1734300494, 34, 14, 79, 1, 0, 0.06%, 9, 0, 11, 255.75
1734300499, 34, 15, 79, 1, 0, 0.06%, 9, 0, 11, 257.75
1734300509, 34, 25, 79, 1, 0, 0.06%, 9, 0, 11, 247.99
1734300514, 34, 27, 79, 1, 0, 0.06%, 9, 0, 11, 259.17
1734300519, 34, 30, 79, 1, 0, 0.06%, 9, 0, 11, 250.98
1734300524, 34, 31, 79, 1, 0, 0.06%, 9, 0, 11, 254.77
1734300529, 34, 41, 79, 1, 0, 0.06%, 9, 0, 11, 262.71
1734300535, 34, 62, 79, 1, 0, 0.06%, 9, 0, 11, 279.13
1734300545, 35, 11, 79, 1, 0, 0.06%, 9, 0, 11, 258.75
1734300550, 35, 14, 79, 1, 0, 0.06%, 9, 0, 11, 252.12
1734300555, 35, 15, 79, 1, 0, 0.06%, 9, 0, 11, 245.70
1734300560, 35, 25, 79, 1, 0, 0.06%, 9, 0, 11, 250.00
1734300565, 35, 30, 79, 1, 0, 0.06%, 9, 0, 11, 259.25
1734300570, 35, 31, 79, 1, 0, 0.06%, 9, 0, 11, 259.54
1734300575, 35, 45, 79, 1, 0, 0.06%, 9, 0, 11, 268.24
1734300580, 35, 47, 79, 1, 0, 0.06%, 9, 0, 11, 252.33
1734300590, 35, 67, 79, 1, 0, 0.06%, 9, 0, 11, 263.12
1734300595, 35, 68, 79, 1, 0, 0.06%, 9, 0, 11, 279.64
1734300600, 35, 70, 79, 1, 0, 0.06%, 9, 0, 11, 280.41
1734300605, 36, 11, 79, 1, 0, 0.06%, 9, 0, 11, 268.02
1734300610, 36, 14, 79, 1, 0, 0.06%, 9, 0, 11, 254.52
1734300615, 36, 15, 79, 1, 0, 0.06%, 9, 0, 11, 264.68
1734300626, 36, 25, 79, 1, 0, 0.06%, 9, 0, 11, 248.17
1734300631, 36, 30, 79, 1, 0, 0.06%, 9, 0, 11, 253.84
1734300636, 36, 31, 79, 1, 0, 0.06%, 9, 0, 11, 250.64
1734300641, 37, 12, 79, 1, 0, 0.06%, 9, 0, 11, 241.59
1734300646, 37, 14, 79, 1, 0, 0.06%, 9, 0, 11, 251.08
1734300651, 37, 15, 79, 1, 0, 0.06%, 9, 0, 11, 260.98
1734300656, 37, 25, 79, 1, 0, 0.06%, 9, 0, 11, 253.55
1734300661, 37, 30, 79, 1, 0, 0.06%, 9, 0, 11, 254.74
1734300666, 37, 31, 79, 1, 0, 0.06%, 9, 0, 11, 243.63
1734300671, 37, 38, 79, 1, 0, 0.06%, 9, 0, 11, 266.27
1734300676, 37, 55, 79, 1, 0, 0.06%, 9, 0, 11, 281.94
1734300686, 37, 72, 79, 1, 0, 0.06%, 9, 0, 11, 278.51
1734300706, 38, 11, 79, 1, 0, 0.06%, 9, 0, 11, 255.81
1734300712, 38, 14, 79, 1, 0, 0.06%, 9, 0, 11, 253.95
1734300717, 38, 15, 79, 1, 0, 0.06%, 9, 0, 11, 265.72
1734300722, 38, 20, 79, 1, 0, 0.06%, 9, 0, 11, 264.02
1734300732, 38, 28, 79, 1, 0, 0.06%, 9, 0, 11, 282.39
1734300742, 38, 30, 79, 1, 0, 0.06%, 9, 0, 11, 258.91
1734300747, 38, 31, 79, 1, 0, 0.06%, 9, 0, 11, 269.93
1734300752, 38, 56, 79, 1, 0, 0.06%, 9, 0, 11, 337.47
1734300767, 38, 72, 79, 1, 0, 0.06%, 9, 0, 11, 278.04
1734300778, 38, 78, 79, 1, 0, 0.06%, 9, 0, 11, 355.09
1734300890, 39, 11, 79, 0, 0, 0.06%, 9, 0, 11, 266.10
1734300895, 39, 14, 79, 0, 0, 0.06%, 9, 0, 11, 243.98
1734300900, 39, 15, 79, 0, 0, 0.06%, 9, 0, 11, 253.68
1734300905, 39, 16, 79, 0, 0, 0.06%, 9, 0, 11, 245.21
1734300915, 39, 25, 79, 0, 0, 0.06%, 9, 0, 11, 262.74
1734300920, 39, 30, 79, 0, 0, 0.06%, 9, 0, 11, 274.30
1734300925, 39, 31, 79, 0, 0, 0.06%, 9, 0, 11, 256.36
1734300930, 39, 69, 79, 0, 0, 0.06%, 9, 0, 11, 279.93
1734300940, 40, 11, 79, 0, 0, 0.06%, 9, 0, 11, 259.69
1734300946, 40, 14, 79, 0, 0, 0.06%, 9, 0, 11, 243.29
1734300951, 40, 15, 79, 0, 0, 0.06%, 9, 0, 11, 251.94
1734300956, 40, 25, 79, 0, 0, 0.06%, 9, 0, 11, 262.95
1734300961, 40, 30, 79, 0, 0, 0.06%, 9, 0, 11, 255.68
1734300966, 40, 31, 79, 0, 0, 0.06%, 9, 0, 11, 255.50
1734300976, 40, 48, 79, 0, 0, 0.06%, 9, 0, 11, 258.83
1734300981, 41, 11, 79, 0, 0, 0.06%, 9, 0, 11, 242.79
1734300986, 41, 14, 79, 0, 0, 0.06%, 9, 0, 11, 249.62
1734300996, 41, 15, 79, 0, 0, 0.06%, 9, 0, 11, 250.16
1734301001, 41, 25, 79, 0, 0, 0.06%, 9, 0, 11, 259.64
1734301006, 41, 30, 79, 0, 0, 0.06%, 9, 0, 11, 252.13
1734301012, 41, 31, 79, 0, 0, 0.06%, 9, 0, 11, 270.81
1734301017, 41, 74, 79, 0, 0, 0.06%, 9, 0, 11, 284.25
1734301037, 42, 11, 79, 0, 0, 0.06%, 9, 0, 11, 251.91
1734301042, 42, 14, 79, 0, 0, 0.06%, 9, 0, 11, 250.95
1734301047, 42, 15, 79, 0, 0, 0.06%, 9, 0, 11, 249.83
1734301052, 42, 25, 79, 0, 0, 0.06%, 9, 0, 11, 264.03
1734301057, 42, 27, 79, 0, 0, 0.06%, 9, 0, 11, 263.00
1734301062, 42, 30, 79, 0, 0, 0.06%, 9, 0, 11, 258.44
1734301067, 42, 31, 79, 0, 0, 0.06%, 9, 0, 11, 269.52
1734301077, 42, 38, 79, 0, 0, 0.06%, 9, 0, 11, 255.30
1734301082, 42, 43, 79, 0, 0, 0.06%, 9, 0, 11, 281.29
1734301087, 42, 46, 79, 0, 0, 0.06%, 9, 0, 11, 262.69
1734301092, 42, 74, 79, 0, 0, 0.06%, 9, 0, 11, 284.45
1734301113, 42, 76, 79, 0, 0, 0.06%, 9, 0, 11, 334.33
1734301134, 42, 77, 79, 0, 0, 0.06%, 9, 0, 11, 321.02
1734301154, 43, 12, 79, 0, 0, 0.06%, 9, 0, 11, 257.16
1734301159, 43, 14, 79, 0, 0, 0.06%, 9, 0, 11, 245.19
1734301164, 43, 15, 79, 0, 0, 0.06%, 9, 0, 11, 246.95
1734301169, 43, 16, 79, 0, 0, 0.06%, 9, 0, 11, 256.04
1734301174, 43, 25, 79, 0, 0, 0.06%, 9, 0, 11, 245.07
1734301179, 43, 30, 79, 0, 0, 0.06%, 9, 0, 11, 235.89
1734301184, 43, 31, 79, 0, 0, 0.06%, 9, 0, 11, 254.95
1734301195, 43, 55, 79, 0, 0, 0.06%, 9, 0, 11, 284.29
1734301200, 43, 56, 79, 0, 0, 0.06%, 9, 0, 11, 288.07
1734301205, 43, 59, 79, 0, 0, 0.06%, 9, 0, 11, 277.34
1734301220, 43, 71, 79, 0, 0, 0.06%, 9, 0, 11, 256.92
1734301225, 44, 11, 79, 0, 0, 0.06%, 9, 0, 11, 251.40
1734301230, 44, 14, 79, 0, 0, 0.06%, 9, 0, 11, 250.17
1734301235, 44, 15, 79, 0, 0, 0.06%, 9, 0, 11, 252.00
1734301240, 44, 20, 79, 0, 0, 0.06%, 9, 0, 11, 255.39
1734301246, 44, 25, 79, 0, 0, 0.06%, 9, 0, 11, 261.04
1734301251, 44, 30, 79, 0, 0, 0.06%, 9, 0, 11, 253.41
1734301256, 44, 31, 79, 0, 0, 0.06%, 9, 0, 11, 252.22
1734301261, 44, 39, 79, 0, 0, 0.06%, 9, 0, 11, 264.70
1734301266, 44, 40, 79, 0, 0, 0.06%, 9, 0, 11, 261.09
1734301271, 45, 11, 79, 0, 0, 0.06%, 9, 0, 11, 273.99
1734301276, 45, 12, 79, 0, 0, 0.06%, 9, 0, 11, 261.94
1734301281, 45, 14, 79, 0, 0, 0.06%, 9, 0, 11, 257.91
1734301286, 45, 15, 79, 0, 0, 0.06%, 9, 0, 11, 278.40
1734301291, 45, 25, 79, 0, 0, 0.06%, 9, 0, 11, 265.51
1734301296, 45, 30, 79, 0, 0, 0.06%, 9, 0, 11, 256.27
1734301301, 45, 31, 79, 0, 0, 0.06%, 9, 0, 11, 246.67
1734301307, 45, 54, 79, 0, 0, 0.06%, 9, 0, 11, 313.74
1734301312, 45, 77, 79, 0, 0, 0.06%, 9, 0, 11, 282.83
1734301332, 46, 11, 79, 0, 0, 0.06%, 9, 0, 11, 276.57
1734301337, 46, 14, 79, 0, 0, 0.06%, 9, 0, 11, 252.04
1734301342, 46, 15, 79, 0, 0, 0.06%, 9, 0, 11, 254.37
1734301347, 46, 25, 79, 0, 0, 0.06%, 9, 0, 11, 260.54
1734301357, 46, 30, 79, 0, 0, 0.06%, 9, 0, 11, 264.83
1734301362, 46, 31, 79, 0, 0, 0.06%, 9, 0, 11, 252.28
1734301367, 46, 39, 79, 0, 0, 0.06%, 9, 0, 11, 267.27
1734301373, 46, 68, 79, 0, 0, 0.06%, 9, 0, 11, 265.95
1734301378, 47, 12, 79, 0, 0, 0.06%, 9, 0, 11, 255.07
1734301383, 47, 14, 79, 0, 0, 0.06%, 9, 0, 11, 253.77
1734301388, 47, 15, 79, 0, 0, 0.06%, 9, 0, 11, 251.17
1734301393, 47, 16, 79, 0, 0, 0.06%, 9, 0, 11, 241.02
1734301398, 47, 25, 79, 0, 0, 0.06%, 9, 0, 11, 260.88
1734301403, 47, 30, 79, 0, 0, 0.06%, 9, 0, 11, 271.19
1734301408, 47, 31, 79, 0, 0, 0.06%, 9, 0, 11, 254.20
1734301419, 47, 32, 79, 0, 0, 0.06%, 9, 0, 11, 261.97
1734301424, 47, 59, 79, 0, 0, 0.06%, 9, 0, 11, 265.71
1734301429, 48, 12, 79, 0, 0, 0.06%, 9, 0, 11, 247.50
1734301434, 48, 14, 79, 0, 0, 0.06%, 9, 0, 11, 250.80
1734301439, 48, 15, 79, 0, 0, 0.06%, 9, 0, 11, 249.28
1734301444, 48, 25, 79, 0, 0, 0.06%, 9, 0, 11, 259.73
1734301449, 48, 30, 79, 0, 0, 0.06%, 9, 0, 11, 256.34
1734301454, 48, 31, 79, 0, 0, 0.06%, 9, 0, 11, 259.98
1734301459, 48, 32, 79, 0, 0, 0.06%, 9, 0, 11, 257.90
1734301464, 48, 51, 79, 0, 0, 0.06%, 9, 0, 11, 249.79
1734301475, 48, 78, 79, 0, 0, 0.06%, 9, 0, 11, 283.65
1734301495, 49, 11, 79, 0, 0, 0.06%, 9, 0, 11, 252.05
1734301500, 49, 12, 79, 0, 0, 0.06%, 9, 0, 11, 251.92
1734301505, 49, 14, 79, 0, 0, 0.06%, 9, 0, 11, 258.04
1734301510, 49, 15, 79, 0, 0, 0.06%, 9, 0, 11, 259.59
1734301516, 49, 25, 79, 0, 0, 0.06%, 9, 0, 11, 253.38
1734301521, 49, 30, 79, 0, 0, 0.06%, 9, 0, 11, 260.59
1734301526, 49, 31, 79, 0, 0, 0.06%, 9, 0, 11, 264.82
1734301531, 49, 35, 79, 0, 0, 0.06%, 9, 0, 11, 269.08
1734301536, 49, 44, 79, 0, 0, 0.06%, 9, 0, 11, 273.83
1734301541, 49, 53, 79, 0, 0, 0.06%, 9, 0, 11, 318.79
1734301551, 49, 61, 79, 0, 0, 0.06%, 9, 0, 11, 256.05
1734301556, 50, 11, 79, 0, 0, 0.06%, 9, 0, 11, 239.10
1734301561, 50, 14, 79, 0, 0, 0.06%, 9, 0, 11, 240.37
1734301571, 50, 15, 79, 0, 0, 0.06%, 9, 0, 11, 257.21
1734301577, 50, 25, 79, 0, 0, 0.06%, 9, 0, 11, 257.56
1734301582, 50, 30, 79, 0, 0, 0.06%, 9, 0, 11, 263.70
1734301587, 50, 31, 79, 0, 0, 0.06%, 9, 0, 11, 257.40
1734301592, 51, 11, 79, 0, 0, 0.06%, 9, 0, 11, 258.59
1734301597, 51, 14, 79, 0, 0, 0.06%, 9, 0, 11, 248.08
1734301602, 51, 15, 79, 0, 0, 0.06%, 9, 0, 11, 247.04
1734301607, 51, 25, 79, 0, 0, 0.06%, 9, 0, 11, 249.65
1734301612, 51, 30, 79, 0, 0, 0.06%, 9, 0, 11, 248.38
1734301617, 51, 31, 79, 0, 0, 0.06%, 9, 0, 11, 244.12
1734301622, 51, 55, 79, 0, 0, 0.06%, 9, 0, 11, 263.08
1734301633, 52, 11, 79, 0, 0, 0.06%, 9, 0, 11, 243.74
1734301638, 52, 14, 79, 0, 0, 0.06%, 9, 0, 11, 245.20
1734301643, 52, 15, 79, 0, 0, 0.06%, 9, 0, 11, 244.46
1734301648, 52, 25, 79, 0, 0, 0.06%, 9, 0, 11, 252.20
1734301658, 52, 30, 79, 0, 0, 0.06%, 9, 0, 11, 267.47
1734301663, 52, 31, 79, 0, 0, 0.06%, 9, 0, 11, 282.39
1734301668, 52, 41, 79, 0, 0, 0.06%, 9, 0, 11, 276.07
1734301673, 52, 47, 79, 0, 0, 0.06%, 9, 0, 11, 275.77
1734301678, 52, 61, 79, 0, 0, 0.06%, 9, 0, 11, 262.82
1734301683, 52, 68, 79, 0, 0, 0.06%, 9, 0, 11, 263.23
1734301688, 53, 12, 79, 0, 0, 0.06%, 9, 0, 11, 244.67
1734301693, 53, 14, 79, 0, 0, 0.06%, 9, 0, 11, 251.63
1734301698, 53, 15, 79, 0, 0, 0.06%, 9, 0, 11, 249.47
1734301704, 53, 20, 79, 0, 0, 0.06%, 9, 0, 11, 263.14
1734301709, 53, 25, 79, 0, 0, 0.06%, 9, 0, 11, 256.63
1734301714, 53, 27, 79, 0, 0, 0.06%, 9, 0, 11, 262.15
1734301719, 53, 29, 79, 0, 0, 0.06%, 9, 0, 11, 267.48
1734301729, 53, 30, 79, 0, 0, 0.06%, 9, 0, 11, 265.14
1734301734, 53, 31, 79, 0, 0, 0.06%, 9, 0, 11, 263.35
1734301739, 53, 55, 79, 0, 0, 0.06%, 9, 0, 11, 285.74
1734301744, 54, 11, 79, 0, 0, 0.06%, 9, 0, 11, 261.08
1734301749, 54, 14, 79, 0, 0, 0.06%, 9, 0, 11, 242.62
1734301754, 54, 15, 79, 0, 0, 0.06%, 9, 0, 11, 246.32
1734301759, 54, 24, 79, 0, 0, 0.06%, 9, 0, 11, 267.11
1734301769, 54, 25, 79, 0, 0, 0.06%, 9, 0, 11, 248.99
1734301774, 54, 30, 79, 0, 0, 0.06%, 9, 0, 11, 253.90
1734301779, 54, 31, 79, 0, 0, 0.06%, 9, 0, 11, 259.49
1734301784, 54, 58, 79, 0, 0, 0.06%, 9, 0, 11, 309.98
1734301789, 54, 74, 79, 0, 0, 0.06%, 9, 0, 11, 291.24
1734301805, 55, 12, 79, 0, 0, 0.06%, 9, 0, 11, 257.35
1734301810, 55, 14, 79, 0, 0, 0.06%, 9, 0, 11, 253.88
1734301815, 55, 15, 79, 0, 0, 0.06%, 9, 0, 11, 249.72
1734301820, 55, 25, 79, 0, 0, 0.06%, 9, 0, 11, 268.98
1734301825, 55, 27, 79, 0, 0, 0.06%, 9, 0, 11, 273.75
1734301830, 55, 30, 79, 0, 0, 0.06%, 9, 0, 11, 247.60
1734301835, 55, 31, 79, 0, 0, 0.06%, 9, 0, 11, 248.10
1734301840, 55, 59, 79, 0, 0, 0.06%, 9, 0, 11, 268.28
1734301845, 55, 74, 79, 0, 0, 0.06%, 9, 0, 11, 272.88
1734301855, 56, 11, 79, 0, 0, 0.06%, 9, 0, 11, 264.64
1734301860, 56, 14, 79, 0, 0, 0.06%, 9, 0, 11, 259.62
1734301871, 56, 15, 79, 0, 0, 0.06%, 9, 0, 11, 260.01
1734301876, 56, 30, 79, 0, 0, 0.06%, 9, 0, 11, 258.89
1734301886, 56, 31, 79, 0, 0, 0.06%, 9, 0, 11, 261.67
1734301891, 56, 37, 79, 0, 0, 0.06%, 9, 0, 11, 281.78
1734301896, 56, 55, 79, 0, 0, 0.06%, 9, 0, 11, 324.84
1734301901, 57, 11, 79, 0, 0, 0.06%, 9, 0, 11, 269.76
1734301906, 57, 14, 79, 0, 0, 0.06%, 9, 0, 11, 250.64
1734301911, 57, 15, 79, 0, 0, 0.06%, 9, 0, 11, 245.99
1734301916, 57, 25, 79, 0, 0, 0.06%, 9, 0, 11, 260.31
1734301922, 57, 30, 79, 0, 0, 0.06%, 9, 0, 11, 256.18
1734301927, 57, 31, 79, 0, 0, 0.06%, 9, 0, 11, 267.79
1734301932, 57, 41, 79, 0, 0, 0.06%, 9, 0, 11, 267.47
1734301942, 57, 60, 79, 0, 0, 0.06%, 9, 0, 11, 283.59
1734301947, 58, 12, 79, 0, 0, 0.06%, 9, 0, 11, 252.24
1734301952, 58, 14, 79, 0, 0, 0.06%, 9, 0, 11, 254.90
1734301957, 58, 15, 79, 0, 0, 0.06%, 9, 0, 11, 242.95
1734301962, 58, 17, 79, 0, 0, 0.06%, 9, 0, 11, 250.51
1734301967, 58, 25, 79, 0, 0, 0.06%, 9, 0, 11, 252.57
1734301972, 58, 27, 79, 0, 0, 0.06%, 9, 0, 11, 263.80
1734301977, 58, 30, 79, 0, 0, 0.06%, 9, 0, 11, 252.90
1734301982, 58, 31, 79, 0, 0, 0.06%, 9, 0, 11, 247.58
1734301993, 58, 36, 79, 0, 0, 0.06%, 9, 0, 11, 275.46
1734301998, 58, 61, 79, 0, 0, 0.06%, 9, 0, 11, 266.24
1734302003, 58, 66, 79, 0, 0, 0.06%, 9, 0, 11, 243.44
1734302013, 58, 70, 79, 0, 0, 0.06%, 9, 0, 11, 272.94
1734302018, 58, 74, 79, 0, 0, 0.06%, 9, 0, 11, 273.05
1734302023, 59, 1, 79, 0, 0, 0.06%, 9, 0, 11, 261.58
1734302028, 59, 12, 79, 0, 0, 0.06%, 9, 0, 11, 245.32
1734302033, 59, 14, 79, 0, 0, 0.06%, 9, 0, 11, 250.10
1734302038, 59, 15, 79, 0, 0, 0.06%, 9, 0, 11, 260.62
1734302043, 59, 18, 79, 0, 0, 0.06%, 9, 0, 11, 272.38
1734302048, 59, 25, 79, 0, 0, 0.06%, 9, 0, 11, 272.36
1734302053, 59, 30, 79, 0, 0, 0.06%, 9, 0, 11, 265.60
1734302058, 59, 31, 79, 0, 0, 0.06%, 9, 0, 11, 248.88
1734302064, 59, 42, 79, 0, 0, 0.06%, 9, 0, 11, 272.81
1734302069, 59, 75, 79, 0, 0, 0.06%, 9, 0, 11, 283.01
1734302094, 60, 12, 79, 0, 0, 0.06%, 9, 0, 11, 237.06
1734302099, 60, 14, 79, 0, 0, 0.06%, 9, 0, 11, 251.31
1734302104, 60, 15, 79, 0, 0, 0.06%, 9, 0, 11, 243.19
1734302110, 60, 23, 79, 0, 0, 0.06%, 9, 0, 11, 244.24
1734302115, 60, 25, 79, 0, 0, 0.06%, 9, 0, 11, 249.15
1734302120, 60, 30, 79, 0, 0, 0.06%, 9, 0, 11, 253.13
1734302125, 60, 31, 79, 0, 0, 0.06%, 9, 0, 11, 258.92
1734302130, 61, 11, 79, 0, 0, 0.06%, 9, 0, 11, 265.72
1734302135, 61, 14, 79, 0, 0, 0.06%, 9, 0, 11, 253.22
1734302140, 61, 15, 79, 0, 0, 0.06%, 9, 0, 11, 260.31
1734302150, 61, 21, 79, 0, 0, 0.06%, 9, 0, 11, 253.16
1734302155, 61, 25, 79, 0, 0, 0.06%, 9, 0, 11, 268.42
1734302160, 61, 30, 79, 0, 0, 0.06%, 9, 0, 11, 269.66
1734302165, 61, 31, 79, 0, 0, 0.06%, 9, 0, 11, 263.68
1734302170, 61, 68, 79, 0, 0, 0.06%, 9, 0, 11, 267.60
1734302175, 62, 11, 79, 0, 0, 0.06%, 9, 0, 11, 247.94
1734302180, 62, 14, 79, 0, 0, 0.06%, 9, 0, 11, 246.43
1734302186, 62, 15, 79, 0, 0, 0.06%, 9, 0, 11, 247.63
1734302191, 62, 25, 79, 0, 0, 0.06%, 9, 0, 11, 254.44
1734302196, 62, 30, 79, 0, 0, 0.06%, 9, 0, 11, 261.13
1734302201, 62, 31, 79, 0, 0, 0.06%, 9, 0, 11, 264.48
1734302211, 63, 12, 79, 0, 0, 0.06%, 9, 0, 11, 259.53
1734302216, 63, 14, 79, 0, 0, 0.06%, 9, 0, 11, 248.24
1734302221, 63, 15, 79, 0, 0, 0.06%, 9, 0, 11, 256.74
1734302226, 63, 25, 79, 0, 0, 0.06%, 9, 0, 11, 263.73
1734302231, 63, 30, 79, 0, 0, 0.06%, 9, 0, 11, 262.55
1734302236, 63, 31, 79, 0, 0, 0.06%, 9, 0, 11, 262.56
1734302241, 63, 46, 79, 0, 0, 0.06%, 9, 0, 11, 259.69
1734302246, 63, 51, 79, 0, 0, 0.06%, 9, 0, 11, 277.02
1734302256, 63, 69, 79, 0, 0, 0.06%, 9, 0, 11, 278.68
1734302267, 63, 71, 79, 0, 0, 0.06%, 9, 0, 11, 267.29
1734302272, 64, 11, 79, 0, 0, 0.06%, 9, 0, 11, 252.66
1734302277, 64, 14, 79, 0, 0, 0.06%, 9, 0, 11, 248.37
1734302282, 64, 15, 79, 0, 0, 0.06%, 9, 0, 11, 246.13
1734302287, 64, 25, 79, 0, 0, 0.06%, 9, 0, 11, 246.21
1734302292, 64, 30, 79, 0, 0, 0.06%, 9, 0, 11, 256.56
1734302297, 64, 31, 79, 0, 0, 0.06%, 9, 0, 11, 265.71
1734302307, 64, 52, 79, 0, 0, 0.06%, 9, 0, 11, 277.58
1734302312, 64, 59, 79, 0, 0, 0.06%, 9, 0, 11, 270.99
1734302317, 64, 62, 79, 0, 0, 0.06%, 9, 0, 11, 276.02
1734302322, 64, 75, 79, 0, 0, 0.06%, 9, 0, 11, 289.16
1734302342, 65, 11, 79, 0, 0, 0.06%, 9, 0, 11, 255.99
1734302347, 65, 14, 79, 0, 0, 0.06%, 9, 0, 11, 250.19
1734302352, 65, 15, 79, 0, 0, 0.06%, 9, 0, 11, 247.96
1734302358, 65, 25, 79, 0, 0, 0.06%, 9, 0, 11, 258.10
1734302363, 65, 30, 79, 0, 0, 0.06%, 9, 0, 11, 265.28
1734302368, 65, 31, 79, 0, 0, 0.06%, 9, 0, 11, 268.73
1734302378, 65, 54, 79, 0, 0, 0.06%, 9, 0, 11, 280.19
1734302383, 65, 61, 79, 0, 0, 0.06%, 9, 0, 11, 260.25
1734302388, 66, 6, 79, 0, 0, 0.06%, 9, 0, 11, 258.17
1734302393, 66, 12, 79, 0, 0, 0.06%, 9, 0, 11, 258.82
1734302398, 66, 14, 79, 0, 0, 0.06%, 9, 0, 11, 246.34
1734302403, 66, 15, 79, 0, 0, 0.06%, 9, 0, 11, 256.11
1734302408, 66, 25, 79, 0, 0, 0.06%, 9, 0, 11, 244.94
1734302413, 66, 30, 79, 0, 0, 0.06%, 9, 0, 11, 242.97
1734302418, 66, 31, 79, 0, 0, 0.06%, 9, 0, 11, 253.70
1734302423, 66, 71, 79, 0, 0, 0.06%, 9, 0, 11, 262.72
1734302428, 66, 73, 79, 0, 0, 0.06%, 9, 0, 11, 272.22
1734302433, 66, 73, 80, 1, 0, 0.06%, 9, 0, 11, 300.73
1734302469, 66, 79, 80, 1, 0, 0.06%, 9, 0, 11, 270.34
1734302479, 66, 79, 81, 2, 0, 0.06%, 9, 0, 11, 441.03
1734302601, 67, 12, 81, 1, 0, 0.06%, 9, 0, 11, 258.45
1734302606, 67, 14, 81, 1, 0, 0.06%, 9, 0, 11, 252.67
1734302611, 67, 15, 81, 1, 0, 0.06%, 9, 0, 11, 236.14
1734302616, 67, 25, 81, 1, 0, 0.06%, 9, 0, 11, 253.85
1734302621, 67, 30, 81, 1, 0, 0.06%, 9, 0, 11, 253.11
1734302626, 67, 31, 81, 1, 0, 0.06%, 9, 0, 11, 267.12
1734302631, 67, 34, 81, 1, 0, 0.06%, 9, 0, 11, 270.24
1734302636, 67, 53, 81, 1, 0, 0.06%, 9, 0, 11, 307.93
1734302641, 68, 2, 81, 1, 0, 0.06%, 9, 0, 11, 276.20
1734302646, 68, 12, 81, 1, 0, 0.06%, 9, 0, 11, 239.70
1734302652, 68, 14, 81, 1, 0, 0.06%, 9, 0, 11, 248.65
1734302657, 68, 15, 81, 1, 0, 0.06%, 9, 0, 11, 241.08
1734302662, 68, 25, 81, 1, 0, 0.06%, 9, 0, 11, 262.09
1734302667, 68, 30, 81, 1, 0, 0.06%, 9, 0, 11, 248.67
1734302672, 68, 31, 81, 1, 0, 0.06%, 9, 0, 11, 247.49
1734302677, 68, 69, 81, 1, 0, 0.06%, 9, 0, 11, 279.78
1734302682, 68, 77, 81, 1, 0, 0.06%, 9, 0, 11, 293.65
1734302702, 68, 80, 81, 1, 0, 0.06%, 9, 0, 11, 311.65
1734302835, 69, 11, 81, 0, 0, 0.06%, 9, 0, 11, 244.06
1734302840, 69, 14, 81, 0, 0, 0.06%, 9, 0, 11, 244.34
1734302845, 69, 15, 81, 0, 0, 0.06%, 9, 0, 11, 253.41
1734302855, 69, 25, 81, 0, 0, 0.06%, 9, 0, 11, 263.50
1734302860, 69, 30, 81, 0, 0, 0.06%, 9, 0, 11, 261.93
1734302865, 69, 31, 81, 0, 0, 0.06%, 9, 0, 11, 248.92
1734302870, 69, 40, 81, 0, 0, 0.06%, 9, 0, 11, 265.38
1734302875, 69, 57, 81, 0, 0, 0.06%, 9, 0, 11, 336.13
1734302891, 69, 66, 81, 0, 0, 0.06%, 9, 0, 11, 259.22
1734302896, 70, 11, 81, 0, 0, 0.06%, 9, 0, 11, 248.51
1734302901, 70, 14, 81, 0, 0, 0.06%, 9, 0, 11, 242.79
1734302906, 70, 15, 81, 0, 0, 0.06%, 9, 0, 11, 249.54
1734302911, 70, 25, 81, 0, 0, 0.06%, 9, 0, 11, 255.08
1734302916, 70, 30, 81, 0, 0, 0.06%, 9, 0, 11, 252.56
1734302921, 70, 31, 81, 0, 0, 0.06%, 9, 0, 11, 260.71
1734302926, 70, 57, 81, 0, 0, 0.06%, 9, 0, 11, 291.96
1734302936, 71, 12, 81, 0, 0, 0.06%, 9, 0, 11, 244.35
1734302941, 71, 14, 81, 0, 0, 0.06%, 9, 0, 11, 236.15
1734302946, 71, 15, 81, 0, 0, 0.06%, 9, 0, 11, 243.58
1734302951, 71, 22, 81, 0, 0, 0.06%, 9, 0, 11, 240.39
1734302956, 71, 25, 81, 0, 0, 0.06%, 9, 0, 11, 240.29
1734302962, 71, 30, 81, 0, 0, 0.06%, 9, 0, 11, 257.56
1734302967, 71, 31, 81, 0, 0, 0.06%, 9, 0, 11, 272.09
1734302972, 71, 37, 81, 0, 0, 0.06%, 9, 0, 11, 271.94
1734302977, 71, 41, 81, 0, 0, 0.06%, 9, 0, 11, 263.98
1734302987, 71, 57, 81, 0, 0, 0.06%, 9, 0, 11, 295.16
1734302992, 71, 76, 81, 0, 0, 0.06%, 9, 0, 11, 320.17
1734303012, 72, 11, 81, 0, 0, 0.06%, 9, 0, 11, 266.90
1734303017, 72, 14, 81, 0, 0, 0.06%, 9, 0, 11, 244.50
1734303022, 72, 15, 81, 0, 0, 0.06%, 9, 0, 11, 258.13
1734303028, 72, 25, 81, 0, 0, 0.06%, 9, 0, 11, 277.74
1734303033, 72, 30, 81, 0, 0, 0.06%, 9, 0, 11, 259.42
1734303038, 72, 31, 81, 0, 0, 0.06%, 9, 0, 11, 257.50
1734303048, 72, 32, 81, 0, 0, 0.06%, 9, 0, 11, 263.66
1734303053, 72, 52, 81, 0, 0, 0.06%, 9, 0, 11, 290.88
1734303058, 72, 63, 81, 0, 0, 0.06%, 9, 0, 11, 292.53
1734303063, 72, 73, 81, 0, 0, 0.06%, 9, 0, 11, 296.43
1734303078, 73, 8, 81, 0, 0, 0.06%, 9, 0, 11, 260.78
1734303083, 73, 12, 81, 0, 0, 0.06%, 9, 0, 11, 248.89
1734303088, 73, 14, 81, 0, 0, 0.06%, 9, 0, 11, 249.45
1734303093, 73, 15, 81, 0, 0, 0.06%, 9, 0, 11, 245.74
1734303098, 73, 25, 81, 0, 0, 0.06%, 9, 0, 11, 247.09
1734303104, 73, 30, 81, 0, 0, 0.06%, 9, 0, 11, 258.98
1734303109, 73, 31, 81, 0, 0, 0.06%, 9, 0, 11, 261.61
1734303114, 73, 48, 81, 0, 0, 0.06%, 9, 0, 11, 253.09
1734303119, 73, 60, 81, 0, 0, 0.06%, 9, 0, 11, 302.07
1734303124, 74, 11, 81, 0, 0, 0.06%, 9, 0, 11, 259.74
1734303129, 74, 14, 81, 0, 0, 0.06%, 9, 0, 11, 248.01
1734303134, 74, 15, 81, 0, 0, 0.06%, 9, 0, 11, 263.73
1734303139, 74, 18, 81, 0, 0, 0.06%, 9, 0, 11, 250.72
1734303144, 74, 25, 81, 0, 0, 0.06%, 9, 0, 11, 276.04
1734303149, 74, 30, 81, 0, 0, 0.06%, 9, 0, 11, 256.55
1734303159, 74, 31, 81, 0, 0, 0.06%, 9, 0, 11, 266.35
1734303164, 74, 36, 81, 0, 0, 0.06%, 9, 0, 11, 267.29
1734303169, 74, 45, 81, 0, 0, 0.06%, 9, 0, 11, 270.08
1734303174, 74, 66, 81, 0, 0, 0.06%, 9, 0, 11, 247.69
1734303179, 74, 71, 81, 0, 0, 0.06%, 9, 0, 11, 253.10
1734303184, 74, 76, 81, 0, 0, 0.06%, 9, 0, 11, 315.85
1734303204, 75, 11, 81, 0, 0, 0.06%, 9, 0, 11, 273.06
1734303209, 75, 14, 81, 0, 0, 0.06%, 9, 0, 11, 245.81
1734303214, 75, 15, 81, 0, 0, 0.06%, 9, 0, 11, 248.11
1734303220, 75, 25, 81, 0, 0, 0.06%, 9, 0, 11, 259.40
1734303230, 75, 30, 81, 0, 0, 0.06%, 9, 0, 11, 257.62
1734303235, 75, 31, 81, 0, 0, 0.06%, 9, 0, 11, 260.51
1734303240, 75, 47, 81, 0, 0, 0.06%, 9, 0, 11, 272.95
1734303245, 75, 56, 81, 0, 0, 0.06%, 9, 0, 11, 307.19
1734303250, 75, 63, 81, 0, 0, 0.06%, 9, 0, 11, 294.45
1734303255, 75, 70, 81, 0, 0, 0.06%, 9, 0, 11, 280.09
1734303265, 76, 11, 81, 0, 0, 0.06%, 9, 0, 11, 255.42
1734303270, 76, 14, 81, 0, 0, 0.06%, 9, 0, 11, 249.15
1734303275, 76, 15, 81, 0, 0, 0.06%, 9, 0, 11, 256.36
1734303285, 76, 19, 81, 0, 0, 0.06%, 9, 0, 11, 253.78
1734303290, 76, 24, 81, 0, 0, 0.06%, 9, 0, 11, 266.68
1734303295, 76, 25, 81, 0, 0, 0.06%, 9, 0, 11, 250.27
1734303300, 76, 30, 81, 0, 0, 0.06%, 9, 0, 11, 247.32
1734303305, 76, 31, 81, 0, 0, 0.06%, 9, 0, 11, 249.08
1734303310, 76, 36, 81, 0, 0, 0.06%, 9, 0, 11, 270.05
1734303315, 76, 49, 81, 0, 0, 0.06%, 9, 0, 11, 254.18
1734303326, 76, 57, 81, 0, 0, 0.06%, 9, 0, 11, 301.13
1734303336, 76, 67, 81, 0, 0, 0.06%, 9, 0, 11, 271.59
1734303341, 77, 12, 81, 0, 0, 0.06%, 9, 0, 11, 254.71
1734303346, 77, 14, 81, 0, 0, 0.06%, 9, 0, 11, 244.80
1734303351, 77, 15, 81, 0, 0, 0.06%, 9, 0, 11, 247.71
1734303356, 77, 25, 81, 0, 0, 0.06%, 9, 0, 11, 251.51
1734303361, 77, 30, 81, 0, 0, 0.06%, 9, 0, 11, 256.77
1734303366, 77, 31, 81, 0, 0, 0.06%, 9, 0, 11, 261.67
1734303371, 77, 53, 81, 0, 0, 0.06%, 9, 0, 11, 291.23
1734303381, 77, 75, 81, 0, 0, 0.06%, 9, 0, 11, 278.15
1734303402, 78, 12, 81, 0, 0, 0.06%, 9, 0, 11, 267.32
1734303407, 78, 14, 81, 0, 0, 0.06%, 9, 0, 11, 250.00
1734303412, 78, 15, 81, 0, 0, 0.06%, 9, 0, 11, 242.39
1734303417, 78, 25, 81, 0, 0, 0.06%, 9, 0, 11, 249.85
1734303422, 78, 30, 81, 0, 0, 0.06%, 9, 0, 11, 249.49
1734303427, 78, 31, 81, 0, 0, 0.06%, 9, 0, 11, 250.80
1734303432, 78, 34, 81, 0, 0, 0.06%, 9, 0, 11, 255.93
1734303437, 78, 61, 81, 0, 0, 0.06%, 9, 0, 11, 267.03
1734303447, 78, 62, 81, 0, 0, 0.06%, 9, 0, 11, 274.28
1734303452, 78, 66, 81, 0, 0, 0.06%, 9, 0, 11, 265.17
1734303457, 78, 72, 81, 0, 0, 0.06%, 9, 0, 11, 266.87
1734303467, 79, 12, 81, 0, 0, 0.06%, 9, 0, 11, 256.56
1734303472, 79, 14, 81, 0, 0, 0.06%, 9, 0, 11, 254.38
1734303478, 79, 15, 81, 0, 0, 0.06%, 9, 0, 11, 247.09
1734303483, 79, 19, 81, 0, 0, 0.06%, 9, 0, 11, 263.71
1734303488, 79, 25, 81, 0, 0, 0.06%, 9, 0, 11, 252.02
1734303493, 79, 30, 81, 0, 0, 0.06%, 9, 0, 11, 250.31
1734303498, 79, 31, 81, 0, 0, 0.06%, 9, 0, 11, 251.31
1734303508, 79, 48, 81, 0, 0, 0.06%, 9, 0, 11, 274.11
1734303513, 80, 11, 81, 0, 0, 0.06%, 9, 0, 11, 261.91
1734303518, 80, 14, 81, 0, 0, 0.06%, 9, 0, 11, 251.25
1734303523, 80, 15, 81, 0, 0, 0.06%, 9, 0, 11, 251.92
1734303528, 80, 25, 81, 0, 0, 0.06%, 9, 0, 11, 261.47
1734303533, 80, 30, 81, 0, 0, 0.06%, 9, 0, 11, 275.47
1734303538, 80, 31, 81, 0, 0, 0.06%, 9, 0, 11, 269.84
1734303549, 80, 66, 81, 0, 0, 0.06%, 9, 0, 11, 256.57
1734303554, 80, 79, 81, 0, 0, 0.06%, 9, 0, 11, 302.52
1734303584, 81, 11, 81, 0, 0, 0.06%, 9, 0, 11, 256.18
1734303589, 81, 14, 81, 0, 0, 0.06%, 9, 0, 11, 244.85
1734303594, 81, 15, 81, 0, 0, 0.06%, 9, 0, 11, 250.27
1734303599, 81, 21, 81, 0, 0, 0.06%, 9, 0, 11, 257.72
1734303604, 81, 23, 81, 0, 0, 0.06%, 9, 0, 11, 254.35
1734303609, 81, 24, 81, 0, 0, 0.06%, 9, 0, 11, 279.77
1734303614, 81, 25, 81, 0, 0, 0.06%, 9, 0, 11, 269.39
1734303624, 81, 30, 81, 0, 0, 0.06%, 9, 0, 11, 267.25
1734303629, 81, 31, 81, 0, 0, 0.06%, 9, 0, 11, 269.30
1734303635, 81, 58, 81, 0, 0, 0.06%, 9, 0, 11, 282.59
1734303640, 81, 76, 81, 0, 0, 0.06%, 9, 0, 11, 322.23
1734303660, 81, 79, 81, 0, 0, 0.06%, 9, 0, 11, 291.33
1734303691, 82, 11, 81, 0, 0, 0.06%, 9, 0, 11, 268.31
1734303696, 82, 14, 81, 0, 0, 0.06%, 9, 0, 11, 247.85
1734303701, 82, 15, 81, 0, 0, 0.06%, 9, 0, 11, 247.97
1734303711, 82, 25, 81, 0, 0, 0.06%, 9, 0, 11, 263.47
1734303716, 82, 30, 81, 0, 0, 0.06%, 9, 0, 11, 269.30
1734303721, 82, 31, 81, 0, 0, 0.06%, 9, 0, 11, 271.92
1734303726, 82, 55, 81, 0, 0, 0.06%, 9, 0, 11, 298.98
1734303731, 83, 11, 81, 0, 0, 0.06%, 9, 0, 11, 260.93
1734303736, 83, 14, 81, 0, 0, 0.06%, 9, 0, 11, 248.39
1734303741, 83, 15, 81, 0, 0, 0.06%, 9, 0, 11, 250.98
1734303746, 83, 25, 81, 0, 0, 0.06%, 9, 0, 11, 249.95
1734303751, 83, 27, 81, 0, 0, 0.06%, 9, 0, 11, 276.23
1734303756, 83, 30, 81, 0, 0, 0.06%, 9, 0, 11, 273.89
1734303761, 83, 31, 81, 0, 0, 0.06%, 9, 0, 11, 263.02
1734303771, 83, 50, 81, 0, 0, 0.06%, 9, 0, 11, 270.77
1734303787, 83, 57, 81, 0, 0, 0.06%, 9, 0, 11, 291.02
1734303792, 83, 58, 81, 0, 0, 0.06%, 9, 0, 11, 299.64
1734303802, 84, 12, 81, 0, 0, 0.06%, 9, 0, 11, 263.71
1734303807, 84, 14, 81, 0, 0, 0.06%, 9, 0, 11, 247.84
1734303812, 84, 15, 81, 0, 0, 0.06%, 9, 0, 11, 242.40
1734303818, 84, 25, 81, 0, 0, 0.06%, 9, 0, 11, 250.54
1734303823, 84, 30, 81, 0, 0, 0.06%, 9, 0, 11, 249.01
1734303828, 84, 31, 81, 0, 0, 0.06%, 9, 0, 11, 253.05
1734303833, 84, 37, 81, 0, 0, 0.06%, 9, 0, 11, 273.65
1734303838, 84, 51, 81, 0, 0, 0.06%, 9, 0, 11, 280.50
1734303848, 84, 64, 81, 0, 0, 0.06%, 9, 0, 11, 272.29
1734303853, 85, 10, 81, 0, 0, 0.06%, 9, 0, 11, 245.52
1734303858, 85, 12, 81, 0, 0, 0.06%, 9, 0, 11, 252.38
1734303863, 85, 14, 81, 0, 0, 0.06%, 9, 0, 11, 263.56
1734303869, 85, 15, 81, 0, 0, 0.06%, 9, 0, 11, 253.13
1734303874, 85, 19, 81, 0, 0, 0.06%, 9, 0, 11, 256.86
1734303879, 85, 23, 81, 0, 0, 0.06%, 9, 0, 11, 258.53
1734303884, 85, 25, 81, 0, 0, 0.06%, 9, 0, 11, 247.72
1734303889, 85, 30, 81, 0, 0, 0.06%, 9, 0, 11, 249.16
1734303894, 85, 31, 81, 0, 0, 0.06%, 9, 0, 11, 255.30
1734303899, 85, 35, 81, 0, 0, 0.06%, 9, 0, 11, 272.02
1734303909, 85, 37, 81, 0, 0, 0.06%, 9, 0, 11, 266.38
1734303914, 85, 51, 81, 0, 0, 0.06%, 9, 0, 11, 289.55
1734303919, 86, 11, 81, 0, 0, 0.06%, 9, 0, 11, 269.44
1734303924, 86, 14, 81, 0, 0, 0.06%, 9, 0, 11, 253.48
1734303934, 86, 15, 81, 0, 0, 0.06%, 9, 0, 11, 240.77
1734303939, 86, 25, 81, 0, 0, 0.06%, 9, 0, 11, 255.77
1734303945, 86, 28, 81, 0, 0, 0.06%, 9, 0, 11, 264.24
1734303950, 86, 30, 81, 0, 0, 0.06%, 9, 0, 11, 259.16
1734303955, 86, 31, 81, 0, 0, 0.06%, 9, 0, 11, 245.16
1734303960, 86, 32, 81, 0, 0, 0.06%, 9, 0, 11, 251.96
1734303965, 86, 35, 81, 0, 0, 0.06%, 9, 0, 11, 257.64
1734303970, 86, 46, 81, 0, 0, 0.06%, 9, 0, 11, 251.94
1734303975, 86, 49, 81, 0, 0, 0.06%, 9, 0, 11, 251.85
1734303980, 86, 58, 81, 0, 0, 0.06%, 9, 0, 11, 284.98
1734303990, 86, 59, 81, 0, 0, 0.06%, 9, 0, 11, 265.17
1734303995, 86, 74, 81, 0, 0, 0.06%, 9, 0, 11, 266.45
1734304000, 87, 11, 81, 0, 0, 0.06%, 9, 0, 11, 262.75
1734304005, 87, 14, 81, 0, 0, 0.06%, 9, 0, 11, 247.98
1734304010, 87, 15, 81, 0, 0, 0.06%, 9, 0, 11, 254.23
1734304016, 87, 16, 81, 0, 0, 0.06%, 9, 0, 11, 259.43
1734304021, 87, 25, 81, 0, 0, 0.06%, 9, 0, 11, 270.53
1734304026, 87, 29, 81, 0, 0, 0.06%, 9, 0, 11, 256.00
1734304031, 87, 30, 81, 0, 0, 0.06%, 9, 0, 11, 258.36
1734304036, 87, 31, 81, 0, 0, 0.06%, 9, 0, 11, 283.96
1734304046, 87, 56, 81, 0, 0, 0.06%, 9, 0, 11, 271.33
1734304051, 88, 11, 81, 0, 0, 0.06%, 9, 0, 11, 258.31
1734304056, 88, 14, 81, 0, 0, 0.06%, 9, 0, 11, 244.37
1734304061, 88, 15, 81, 0, 0, 0.06%, 9, 0, 11, 245.79
1734304066, 88, 20, 81, 0, 0, 0.06%, 9, 0, 11, 256.63
1734304071, 88, 25, 81, 0, 0, 0.06%, 9, 0, 11, 265.56
1734304076, 88, 30, 81, 0, 0, 0.06%, 9, 0, 11, 267.17
1734304086, 88, 31, 81, 0, 0, 0.06%, 9, 0, 11, 254.38
1734304091, 88, 35, 81, 0, 0, 0.06%, 9, 0, 11, 264.92
1734304096, 88, 62, 81, 0, 0, 0.06%, 9, 0, 11, 272.94
1734304101, 89, 11, 81, 0, 0, 0.06%, 9, 0, 11, 250.83
1734304107, 89, 14, 81, 0, 0, 0.06%, 9, 0, 11, 243.65
1734304112, 89, 15, 81, 0, 0, 0.06%, 9, 0, 11, 241.20
1734304117, 89, 25, 81, 0, 0, 0.06%, 9, 0, 11, 251.35
1734304122, 89, 26, 81, 0, 0, 0.06%, 9, 0, 11, 253.78
1734304132, 89, 30, 81, 0, 0, 0.06%, 9, 0, 11, 258.50
1734304137, 89, 31, 81, 0, 0, 0.06%, 9, 0, 11, 258.97
1734304142, 89, 69, 81, 0, 0, 0.06%, 9, 0, 11, 268.61
1734304147, 90, 12, 81, 0, 0, 0.06%, 9, 0, 11, 245.67
1734304152, 90, 14, 81, 0, 0, 0.06%, 9, 0, 11, 245.69
1734304157, 90, 15, 81, 0, 0, 0.06%, 9, 0, 11, 243.53
1734304162, 90, 25, 81, 0, 0, 0.06%, 9, 0, 11, 248.29
1734304168, 90, 30, 81, 0, 0, 0.06%, 9, 0, 11, 264.83
1734304173, 90, 31, 81, 0, 0, 0.06%, 9, 0, 11, 262.06
1734304178, 90, 33, 81, 0, 0, 0.06%, 9, 0, 11, 267.73
1734304183, 90, 75, 81, 0, 0, 0.06%, 9, 0, 11, 274.46
1734304203, 90, 79, 81, 0, 0, 0.06%, 9, 0, 11, 279.08
1734304234, 91, 11, 81, 0, 0, 0.06%, 9, 0, 11, 232.65
1734304239, 91, 12, 81, 0, 0, 0.06%, 9, 0, 11, 245.46
1734304244, 91, 14, 81, 0, 0, 0.06%, 9, 0, 11, 247.71
1734304249, 91, 15, 81, 0, 0, 0.06%, 9, 0, 11, 260.32
1734304254, 91, 25, 81, 0, 0, 0.06%, 9, 0, 11, 261.32
1734304259, 91, 30, 81, 0, 0, 0.06%, 9, 0, 11, 270.72
1734304264, 91, 31, 81, 0, 0, 0.06%, 9, 0, 11, 259.78
1734304269, 91, 44, 81, 0, 0, 0.06%, 9, 0, 11, 265.61
1734304274, 91, 56, 81, 0, 0, 0.06%, 9, 0, 11, 287.14
1734304279, 92, 6, 81, 0, 0, 0.06%, 9, 0, 11, 265.94
1734304284, 92, 12, 81, 0, 0, 0.06%, 9, 0, 11, 246.82
1734304290, 92, 14, 81, 0, 0, 0.06%, 9, 0, 11, 240.49
1734304295, 92, 15, 81, 0, 0, 0.06%, 9, 0, 11, 254.17
1734304300, 92, 22, 81, 0, 0, 0.06%, 9, 0, 11, 245.99
1734304305, 92, 25, 81, 0, 0, 0.06%, 9, 0, 11, 245.97
1734304310, 92, 30, 81, 0, 0, 0.06%, 9, 0, 11, 249.91
1734304315, 92, 31, 81, 0, 0, 0.06%, 9, 0, 11, 257.64
1734304320, 92, 65, 81, 0, 0, 0.06%, 9, 0, 11, 261.84
1734304330, 93, 11, 81, 0, 0, 0.06%, 9, 0, 11, 272.83
1734304335, 93, 12, 81, 0, 0, 0.06%, 9, 0, 11, 256.46
1734304340, 93, 14, 81, 0, 0, 0.06%, 9, 0, 11, 252.44
1734304345, 93, 15, 81, 0, 0, 0.06%, 9, 0, 11, 261.84
1734304350, 93, 19, 81, 0, 0, 0.06%, 9, 0, 11, 256.54
1734304355, 93, 20, 81, 0, 0, 0.06%, 9, 0, 11, 268.62
1734304360, 93, 25, 81, 0, 0, 0.06%, 9, 0, 11, 263.15
1734304365, 93, 27, 81, 0, 0, 0.06%, 9, 0, 11, 267.04
1734304370, 93, 30, 81, 0, 0, 0.06%, 9, 0, 11, 255.54
1734304376, 93, 31, 81, 0, 0, 0.06%, 9, 0, 11, 264.08
1734304381, 93, 44, 81, 0, 0, 0.06%, 9, 0, 11, 263.21
1734304386, 93, 58, 81, 0, 0, 0.06%, 9, 0, 11, 282.82
1734304396, 93, 68, 81, 0, 0, 0.06%, 9, 0, 11, 271.21
1734304401, 93, 71, 81, 0, 0, 0.06%, 9, 0, 11, 257.59
1734304406, 94, 11, 81, 0, 0, 0.06%, 9, 0, 11, 249.13
1734304411, 94, 14, 81, 0, 0, 0.06%, 9, 0, 11, 249.76
1734304416, 94, 15, 81, 0, 0, 0.06%, 9, 0, 11, 244.99
1734304421, 94, 25, 81, 0, 0, 0.06%, 9, 0, 11, 252.00
1734304426, 94, 27, 81, 0, 0, 0.06%, 9, 0, 11, 243.63
1734304431, 94, 30, 81, 0, 0, 0.06%, 9, 0, 11, 266.85
1734304441, 94, 31, 81, 0, 0, 0.06%, 9, 0, 11, 265.84
1734304447, 94, 43, 81, 0, 0, 0.06%, 9, 0, 11, 276.81
1734304452, 94, 47, 81, 0, 0, 0.06%, 9, 0, 11, 260.85
1734304457, 94, 55, 81, 0, 0, 0.06%, 9, 0, 11, 301.27
1734304462, 94, 56, 81, 0, 0, 0.06%, 9, 0, 11, 315.10
1734304472, 94, 77, 81, 0, 0, 0.06%, 9, 0, 11, 352.15
1734304492, 95, 12, 81, 0, 0, 0.06%, 9, 0, 11, 249.83
1734304497, 95, 14, 81, 0, 0, 0.06%, 9, 0, 11, 243.87
1734304502, 95, 15, 81, 0, 0, 0.06%, 9, 0, 11, 236.50
1734304508, 95, 25, 81, 0, 0, 0.06%, 9, 0, 11, 269.61
1734304513, 95, 30, 81, 0, 0, 0.06%, 9, 0, 11, 262.03
1734304518, 95, 31, 81, 0, 0, 0.06%, 9, 0, 11, 264.94
1734304523, 95, 35, 81, 0, 0, 0.06%, 9, 0, 11, 256.32
1734304528, 95, 71, 81, 0, 0, 0.06%, 9, 0, 11, 259.47
1734304533, 96, 11, 81, 0, 0, 0.06%, 9, 0, 11, 269.01
1734304538, 96, 14, 81, 0, 0, 0.06%, 9, 0, 11, 247.21
1734304548, 96, 15, 81, 0, 0, 0.06%, 9, 0, 11, 245.39
1734304553, 96, 25, 81, 0, 0, 0.06%, 9, 0, 11, 267.34
1734304558, 96, 30, 81, 0, 0, 0.06%, 9, 0, 11, 247.16
1734304563, 96, 31, 81, 0, 0, 0.06%, 9, 0, 11, 255.86
1734304568, 96, 37, 81, 0, 0, 0.06%, 9, 0, 11, 274.30
1734304574, 96, 41, 81, 0, 0, 0.06%, 9, 0, 11, 265.12
1734304579, 96, 55, 81, 0, 0, 0.06%, 9, 0, 11, 311.16
1734304584, 96, 62, 81, 0, 0, 0.06%, 9, 0, 11, 288.61
1734304589, 97, 6, 81, 0, 0, 0.06%, 9, 0, 11, 270.13
1734304594, 97, 12, 81, 0, 0, 0.06%, 9, 0, 11, 247.28
1734304599, 97, 14, 81, 0, 0, 0.06%, 9, 0, 11, 254.51
1734304604, 97, 15, 81, 0, 0, 0.06%, 9, 0, 11, 265.46
1734304609, 97, 25, 81, 0, 0, 0.06%, 9, 0, 11, 261.89
1734304614, 97, 30, 81, 0, 0, 0.06%, 9, 0, 11, 259.15
1734304619, 97, 31, 81, 0, 0, 0.06%, 9, 0, 11, 255.01
1734304624, 97, 32, 81, 0, 0, 0.06%, 9, 0, 11, 255.99
1734304629, 97, 35, 81, 0, 0, 0.06%, 9, 0, 11, 260.29
1734304635, 97, 36, 81, 0, 0, 0.06%, 9, 0, 11, 281.21
1734304640, 97, 74, 81, 0, 0, 0.06%, 9, 0, 11, 257.58
1734304645, 98, 11, 81, 0, 0, 0.06%, 9, 0, 11, 270.30
1734304650, 98, 12, 81, 0, 0, 0.06%, 9, 0, 11, 250.04
1734304655, 98, 14, 81, 0, 0, 0.06%, 9, 0, 11, 261.66
1734304660, 98, 15, 81, 0, 0, 0.06%, 9, 0, 11, 248.13
1734304665, 98, 25, 81, 0, 0, 0.06%, 9, 0, 11, 274.06
1734304670, 98, 30, 81, 0, 0, 0.06%, 9, 0, 11, 264.82
1734304675, 98, 31, 81, 0, 0, 0.06%, 9, 0, 11, 248.17
1734304680, 98, 32, 81, 0, 0, 0.06%, 9, 0, 11, 248.24
1734304685, 98, 48, 81, 0, 0, 0.06%, 9, 0, 11, 252.69
1734304690, 98, 76, 81, 0, 0, 0.06%, 9, 0, 11, 296.87
1734304700, 99, 11, 81, 0, 0, 0.06%, 9, 0, 11, 270.95
1734304705, 99, 12, 81, 0, 0, 0.06%, 9, 0, 11, 266.22
1734304710, 99, 14, 81, 0, 0, 0.06%, 9, 0, 11, 263.40
1734304715, 99, 15, 81, 0, 0, 0.06%, 9, 0, 11, 244.62
1734304720, 99, 24, 81, 0, 0, 0.06%, 9, 0, 11, 263.14
1734304726, 99, 25, 81, 0, 0, 0.06%, 9, 0, 11, 255.56
1734304731, 99, 30, 81, 0, 0, 0.06%, 9, 0, 11, 260.58
1734304736, 99, 31, 81, 0, 0, 0.06%, 9, 0, 11, 263.92
1734304741, 99, 32, 81, 0, 0, 0.06%, 9, 0, 11, 237.76
1734304746, 99, 51, 81, 0, 0, 0.06%, 9, 0, 11, 267.23
1734304756, 100, 12, 81, 0, 0, 0.06%, 9, 0, 11, 253.17
1734304761, 100, 14, 81, 0, 0, 0.06%, 9, 0, 11, 251.64
1734304766, 100, 15, 81, 0, 0, 0.06%, 9, 0, 11, 255.29
1734304771, 100, 25, 81, 0, 0, 0.06%, 9, 0, 11, 262.74
1734304776, 100, 27, 81, 0, 0, 0.06%, 9, 0, 11, 259.43
1734304781, 100, 30, 81, 0, 0, 0.06%, 9, 0, 11, 259.40
1734304786, 100, 31, 81, 0, 0, 0.06%, 9, 0, 11, 259.15
1734304792, 100, 36, 81, 0, 0, 0.06%, 9, 0, 11, 267.45
1734304797, 100, 45, 81, 0, 0, 0.06%, 9, 0, 11, 276.84
1734304802, 100, 60, 81, 0, 0, 0.06%, 9, 0, 11, 252.13
1734304807, 100, 73, 81, 0, 0, 0.06%, 9, 0, 11, 270.37
1734304817, 101, 11, 81, 0, 0, 0.06%, 9, 0, 11, 263.32
1734304822, 101, 14, 81, 0, 0, 0.06%, 9, 0, 11, 249.00
1734304827, 101, 15, 81, 0, 0, 0.06%, 9, 0, 11, 254.56
1734304837, 101, 25, 81, 0, 0, 0.06%, 9, 0, 11, 262.32
1734304842, 101, 30, 81, 0, 0, 0.06%, 9, 0, 11, 262.18
1734304847, 101, 31, 81, 0, 0, 0.06%, 9, 0, 11, 249.82
1734304852, 101, 50, 81, 0, 0, 0.06%, 9, 0, 11, 276.26
1734304857, 101, 51, 81, 0, 0, 0.06%, 9, 0, 11, 276.91
1734304868, 101, 55, 81, 0, 0, 0.06%, 9, 0, 11, 291.54
1734304873, 101, 65, 81, 0, 0, 0.06%, 9, 0, 11, 282.70
1734304878, 101, 80, 81, 0, 0, 0.06%, 9, 0, 11, 282.86
1734304908, 102, 11, 81, 0, 0, 0.06%, 9, 0, 11, 278.60
1734304913, 102, 14, 81, 0, 0, 0.06%, 9, 0, 11, 263.38
1734304918, 102, 15, 81, 0, 0, 0.06%, 9, 0, 11, 250.30
1734304928, 102, 16, 81, 0, 0, 0.06%, 9, 0, 11, 253.55
1734304933, 102, 25, 81, 0, 0, 0.06%, 9, 0, 11, 261.49
1734304938, 102, 30, 81, 0, 0, 0.06%, 9, 0, 11, 263.26
1734304943, 102, 31, 81, 0, 0, 0.06%, 9, 0, 11, 254.16
1734304948, 102, 75, 81, 0, 0, 0.06%, 9, 0, 11, 279.79
1734304959, 103, 11, 81, 0, 0, 0.06%, 9, 0, 11, 244.95
1734304964, 103, 14, 81, 0, 0, 0.06%, 9, 0, 11, 239.48
1734304969, 103, 15, 81, 0, 0, 0.06%, 9, 0, 11, 251.07
1734304974, 103, 17, 81, 0, 0, 0.06%, 9, 0, 11, 258.02
1734304984, 103, 25, 81, 0, 0, 0.06%, 9, 0, 11, 269.43
1734304989, 103, 30, 81, 0, 0, 0.06%, 9, 0, 11, 259.39
1734304994, 103, 31, 81, 0, 0, 0.06%, 9, 0, 11, 269.54
1734305000, 103, 36, 81, 0, 0, 0.06%, 9, 0, 11, 265.71
1734305005, 103, 39, 81, 0, 0, 0.06%, 9, 0, 11, 259.23
1734305010, 103, 40, 81, 0, 0, 0.06%, 9, 0, 11, 281.68
1734305015, 104, 12, 81, 0, 0, 0.06%, 9, 0, 11, 264.24
1734305020, 104, 14, 81, 0, 0, 0.06%, 9, 0, 11, 245.47
1734305025, 104, 15, 81, 0, 0, 0.06%, 9, 0, 11, 251.10
1734305030, 104, 25, 81, 0, 0, 0.06%, 9, 0, 11, 256.42
1734305035, 104, 30, 81, 0, 0, 0.06%, 9, 0, 11, 260.20
1734305040, 104, 31, 81, 0, 0, 0.06%, 9, 0, 11, 250.41
1734305046, 104, 78, 81, 0, 0, 0.06%, 9, 0, 11, 281.20
1734305066, 105, 1, 81, 0, 0, 0.06%, 9, 0, 11, 265.96
1734305071, 105, 12, 81, 0, 0, 0.06%, 9, 0, 11, 242.80
1734305076, 105, 14, 81, 0, 0, 0.06%, 9, 0, 11, 244.01
1734305081, 105, 15, 81, 0, 0, 0.06%, 9, 0, 11, 247.78
1734305086, 105, 25, 81, 0, 0, 0.06%, 9, 0, 11, 254.13
1734305091, 105, 30, 81, 0, 0, 0.06%, 9, 0, 11, 260.91
1734305096, 105, 31, 81, 0, 0, 0.06%, 9, 0, 11, 252.43
1734305101, 105, 34, 81, 0, 0, 0.06%, 9, 0, 11, 259.91
1734305107, 105, 64, 81, 0, 0, 0.06%, 9, 0, 11, 282.40
1734305112, 106, 1, 81, 0, 0, 0.06%, 9, 0, 11, 259.44
1734305117, 106, 12, 81, 0, 0, 0.06%, 9, 0, 11, 252.22
1734305122, 106, 14, 81, 0, 0, 0.06%, 9, 0, 11, 252.09
1734305127, 106, 15, 81, 0, 0, 0.06%, 9, 0, 11, 238.69
1734305132, 106, 25, 81, 0, 0, 0.06%, 9, 0, 11, 250.20
1734305137, 106, 30, 81, 0, 0, 0.06%, 9, 0, 11, 247.34
1734305142, 106, 31, 81, 0, 0, 0.06%, 9, 0, 11, 269.11
1734305152, 106, 41, 81, 0, 0, 0.06%, 9, 0, 11, 256.66
1734305157, 106, 56, 81, 0, 0, 0.06%, 9, 0, 11, 297.68
1734305163, 106, 68, 81, 0, 0, 0.06%, 9, 0, 11, 267.56
1734305168, 107, 11, 81, 0, 0, 0.06%, 9, 0, 11, 249.07
1734305173, 107, 12, 81, 0, 0, 0.06%, 9, 0, 11, 260.86
1734305178, 107, 14, 81, 0, 0, 0.06%, 9, 0, 11, 267.26
1734305183, 107, 15, 81, 0, 0, 0.06%, 9, 0, 11, 262.18
1734305188, 107, 25, 81, 0, 0, 0.06%, 9, 0, 11, 286.44
1734305193, 107, 28, 81, 0, 0, 0.06%, 9, 0, 11, 265.25
1734305198, 107, 29, 81, 0, 0, 0.06%, 9, 0, 11, 264.79
1734305203, 107, 30, 81, 0, 0, 0.06%, 9, 0, 11, 252.65
1734305208, 107, 31, 81, 0, 0, 0.06%, 9, 0, 11, 252.23
1734305213, 107, 60, 81, 0, 0, 0.06%, 9, 0, 11, 286.99
1734305218, 107, 61, 81, 0, 0, 0.06%, 9, 0, 11, 274.44
1734305224, 107, 62, 81, 0, 0, 0.06%, 9, 0, 11, 267.86
1734305229, 108, 11, 81, 0, 0, 0.06%, 9, 0, 11, 255.63
1734305234, 108, 14, 81, 0, 0, 0.06%, 9, 0, 11, 248.52
1734305239, 108, 15, 81, 0, 0, 0.06%, 9, 0, 11, 255.87
1734305244, 108, 25, 81, 0, 0, 0.06%, 9, 0, 11, 254.67
1734305249, 108, 30, 81, 0, 0, 0.06%, 9, 0, 11, 259.47
1734305254, 108, 31, 81, 0, 0, 0.06%, 9, 0, 11, 267.80
1734305259, 108, 42, 81, 0, 0, 0.06%, 9, 0, 11, 268.03
1734305264, 108, 46, 81, 0, 0, 0.06%, 9, 0, 11, 258.82
1734305275, 108, 61, 81, 0, 0, 0.06%, 9, 0, 11, 265.08
1734305280, 109, 12, 81, 0, 0, 0.06%, 9, 0, 11, 263.67
1734305285, 109, 14, 81, 0, 0, 0.06%, 9, 0, 11, 245.31
1734305290, 109, 15, 81, 0, 0, 0.06%, 9, 0, 11, 244.64
1734305295, 109, 25, 81, 0, 0, 0.06%, 9, 0, 11, 249.24
1734305301, 109, 30, 81, 0, 0, 0.06%, 9, 0, 11, 247.77
1734305306, 109, 31, 81, 0, 0, 0.06%, 9, 0, 11, 254.63
1734305311, 109, 32, 81, 0, 0, 0.06%, 9, 0, 11, 256.65
1734305316, 109, 57, 81, 0, 0, 0.06%, 9, 0, 11, 303.24
1734305326, 110, 12, 81, 0, 0, 0.06%, 9, 0, 11, 260.31
1734305331, 110, 14, 81, 0, 0, 0.06%, 9, 0, 11, 248.71
1734305336, 110, 15, 81, 0, 0, 0.06%, 9, 0, 11, 246.91
1734305341, 110, 25, 81, 0, 0, 0.06%, 9, 0, 11, 256.58
1734305346, 110, 30, 81, 0, 0, 0.06%, 9, 0, 11, 252.32
1734305351, 110, 31, 81, 0, 0, 0.06%, 9, 0, 11, 258.57
1734305356, 110, 72, 81, 0, 0, 0.06%, 9, 0, 11, 279.38
1734305366, 111, 5, 81, 0, 0, 0.06%, 9, 0, 11, 261.82
1734305371, 111, 12, 81, 0, 0, 0.06%, 9, 0, 11, 257.20
1734305376, 111, 14, 81, 0, 0, 0.06%, 9, 0, 11, 258.78
1734305381, 111, 15, 81, 0, 0, 0.06%, 9, 0, 11, 241.66
1734305386, 111, 18, 81, 0, 0, 0.06%, 9, 0, 11, 263.64
1734305391, 111, 25, 81, 0, 0, 0.06%, 9, 0, 11, 255.93
1734305396, 111, 30, 81, 0, 0, 0.06%, 9, 0, 11, 257.47
1734305402, 111, 31, 81, 0, 0, 0.06%, 9, 0, 11, 260.16
1734305407, 111, 55, 81, 0, 0, 0.06%, 9, 0, 11, 287.71
1734305417, 111, 74, 81, 0, 0, 0.06%, 9, 0, 11, 272.30
1734305422, 112, 12, 81, 0, 0, 0.06%, 9, 0, 11, 257.13
1734305427, 112, 14, 81, 0, 0, 0.06%, 9, 0, 11, 252.97
1734305432, 112, 15, 81, 0, 0, 0.06%, 9, 0, 11, 252.86
1734305437, 112, 25, 81, 0, 0, 0.06%, 9, 0, 11, 245.51
1734305442, 112, 30, 81, 0, 0, 0.06%, 9, 0, 11, 251.72
1734305447, 112, 31, 81, 0, 0, 0.06%, 9, 0, 11, 260.83
1734305453, 112, 48, 81, 0, 0, 0.06%, 9, 0, 11, 253.03
1734305458, 113, 11, 81, 0, 0, 0.06%, 9, 0, 11, 259.60
1734305463, 113, 14, 81, 0, 0, 0.06%, 9, 0, 11, 244.22
1734305468, 113, 15, 81, 0, 0, 0.06%, 9, 0, 11, 254.16
1734305473, 113, 25, 81, 0, 0, 0.06%, 9, 0, 11, 258.59
1734305478, 113, 30, 81, 0, 0, 0.06%, 9, 0, 11, 247.29
1734305488, 113, 31, 81, 0, 0, 0.06%, 9, 0, 11, 262.01
1734305493, 113, 41, 81, 0, 0, 0.06%, 9, 0, 11, 260.52
1734305498, 113, 45, 81, 0, 0, 0.06%, 9, 0, 11, 255.90
1734305504, 113, 50, 81, 0, 0, 0.06%, 9, 0, 11, 277.45
1734305509, 113, 73, 81, 0, 0, 0.06%, 9, 0, 11, 286.25
1734305519, 113, 75, 81, 0, 0, 0.06%, 9, 0, 11, 253.54
1734305524, 114, 11, 81, 0, 0, 0.06%, 9, 0, 11, 247.63
1734305529, 114, 14, 81, 0, 0, 0.06%, 9, 0, 11, 239.16
1734305534, 114, 15, 81, 0, 0, 0.06%, 9, 0, 11, 252.31
1734305539, 114, 25, 81, 0, 0, 0.06%, 9, 0, 11, 265.28
1734305544, 114, 29, 81, 0, 0, 0.06%, 9, 0, 11, 264.12
1734305549, 114, 30, 81, 0, 0, 0.06%, 9, 0, 11, 258.54
1734305560, 114, 31, 81, 0, 0, 0.06%, 9, 0, 11, 257.43
1734305565, 114, 61, 81, 0, 0, 0.06%, 9, 0, 11, 262.70
1734305570, 114, 72, 81, 0, 0, 0.06%, 9, 0, 11, 251.41
1734305575, 114, 79, 81, 0, 0, 0.06%, 9, 0, 11, 285.57
1734305600, 114, 80, 81, 0, 0, 0.06%, 9, 0, 11, 301.72
1734305636, 115, 11, 81, 0, 0, 0.06%, 9, 0, 11, 243.62
1734305641, 115, 14, 81, 0, 0, 0.06%, 9, 0, 11, 243.44
1734305646, 115, 15, 81, 0, 0, 0.06%, 9, 0, 11, 250.96
1734305651, 115, 25, 81, 0, 0, 0.06%, 9, 0, 11, 249.47
1734305656, 115, 26, 81, 0, 0, 0.06%, 9, 0, 11, 260.23
1734305661, 115, 30, 81, 0, 0, 0.06%, 9, 0, 11, 248.44
1734305672, 115, 31, 81, 0, 0, 0.06%, 9, 0, 11, 269.00
1734305677, 115, 42, 81, 0, 0, 0.06%, 9, 0, 11, 287.46
1734305682, 115, 43, 81, 0, 0, 0.06%, 9, 0, 11, 267.47
1734305687, 115, 60, 81, 0, 0, 0.06%, 9, 0, 11, 280.93
1734305692, 116, 12, 81, 0, 0, 0.06%, 9, 0, 11, 257.51
1734305697, 116, 14, 81, 0, 0, 0.06%, 9, 0, 11, 249.61
1734305702, 116, 15, 81, 0, 0, 0.06%, 9, 0, 11, 272.31
1734305707, 116, 24, 81, 0, 0, 0.06%, 9, 0, 11, 261.66
1734305712, 116, 25, 81, 0, 0, 0.06%, 9, 0, 11, 249.87
1734305717, 116, 30, 81, 0, 0, 0.06%, 9, 0, 11, 255.29
1734305722, 116, 31, 81, 0, 0, 0.06%, 9, 0, 11, 256.74
1734305727, 116, 62, 81, 0, 0, 0.06%, 9, 0, 11, 267.07
1734305733, 116, 74, 81, 0, 0, 0.06%, 9, 0, 11, 282.77
1734305738, 116, 78, 81, 0, 0, 0.06%, 9, 0, 11, 273.89
1734305763, 117, 11, 81, 0, 0, 0.06%, 9, 0, 11, 259.10
1734305768, 117, 13, 81, 0, 0, 0.06%, 9, 0, 11, 252.87
1734305773, 117, 14, 81, 0, 0, 0.06%, 9, 0, 11, 259.25
1734305778, 117, 15, 81, 0, 0, 0.06%, 9, 0, 11, 268.68
1734305783, 117, 25, 81, 0, 0, 0.06%, 9, 0, 11, 255.90
1734305788, 117, 26, 81, 0, 0, 0.06%, 9, 0, 11, 249.44
1734305793, 117, 29, 81, 0, 0, 0.06%, 9, 0, 11, 259.29
1734305798, 117, 30, 81, 0, 0, 0.06%, 9, 0, 11, 259.39
1734305803, 117, 31, 81, 0, 0, 0.06%, 9, 0, 11, 257.61
1734305808, 117, 38, 81, 0, 0, 0.06%, 9, 0, 11, 282.71
1734305818, 117, 58, 81, 0, 0, 0.06%, 9, 0, 11, 285.33
1734305824, 117, 63, 81, 0, 0, 0.06%, 9, 0, 11, 285.15
1734305829, 118, 6, 81, 0, 0, 0.06%, 9, 0, 11, 263.85
1734305834, 118, 12, 81, 0, 0, 0.06%, 9, 0, 11, 249.77
1734305839, 118, 14, 81, 0, 0, 0.06%, 9, 0, 11, 258.33
1734305844, 118, 15, 81, 0, 0, 0.06%, 9, 0, 11, 248.52
1734305849, 118, 25, 81, 0, 0, 0.06%, 9, 0, 11, 261.89
1734305854, 118, 28, 81, 0, 0, 0.06%, 9, 0, 11, 263.64
1734305859, 118, 30, 81, 0, 0, 0.06%, 9, 0, 11, 266.54
1734305864, 118, 31, 81, 0, 0, 0.06%, 9, 0, 11, 253.30
1734305869, 118, 34, 81, 0, 0, 0.06%, 9, 0, 11, 266.64
1734305875, 118, 58, 81, 0, 0, 0.06%, 9, 0, 11, 313.36
1734305885, 119, 12, 81, 0, 0, 0.06%, 9, 0, 11, 248.20
1734305890, 119, 14, 81, 0, 0, 0.06%, 9, 0, 11, 247.54
1734305895, 119, 15, 81, 0, 0, 0.06%, 9, 0, 11, 238.52
1734305900, 119, 25, 81, 0, 0, 0.06%, 9, 0, 11, 240.65
1734305905, 119, 30, 81, 0, 0, 0.06%, 9, 0, 11, 249.71
1734305911, 119, 31, 81, 0, 0, 0.06%, 9, 0, 11, 255.79
1734305916, 119, 34, 81, 0, 0, 0.06%, 9, 0, 11, 258.20
1734305921, 119, 40, 81, 0, 0, 0.06%, 9, 0, 11, 286.87
1734305926, 119, 50, 81, 0, 0, 0.06%, 9, 0, 11, 269.21
1734305936, 120, 11, 81, 0, 0, 0.06%, 9, 0, 11, 261.12
1734305941, 120, 14, 81, 0, 0, 0.06%, 9, 0, 11, 250.62
1734305946, 120, 15, 81, 0, 0, 0.06%, 9, 0, 11, 256.23
1734305951, 120, 25, 81, 0, 0, 0.06%, 9, 0, 11, 251.49
1734305956, 120, 30, 81, 0, 0, 0.06%, 9, 0, 11, 239.67
1734305961, 120, 31, 81, 0, 0, 0.06%, 9, 0, 11, 258.44
1734305971, 120, 41, 81, 0, 0, 0.06%, 9, 0, 11, 267.19
1734305976, 120, 46, 81, 0, 0, 0.06%, 9, 0, 11, 256.65
1734305982, 120, 63, 81, 0, 0, 0.06%, 9, 0, 11, 281.01
1734305987, 121, 11, 81, 0, 0, 0.06%, 9, 0, 11, 263.69
1734305992, 121, 14, 81, 0, 0, 0.06%, 9, 0, 11, 237.74
1734305997, 121, 15, 81, 0, 0, 0.06%, 9, 0, 11, 255.13
1734306002, 121, 25, 81, 0, 0, 0.06%, 9, 0, 11, 255.95
1734306007, 121, 30, 81, 0, 0, 0.06%, 9, 0, 11, 261.41
1734306012, 121, 31, 81, 0, 0, 0.06%, 9, 0, 11, 269.35
1734306022, 121, 50, 81, 0, 0, 0.06%, 9, 0, 11, 253.58
1734306027, 121, 69, 81, 0, 0, 0.06%, 9, 0, 11, 279.46
1734306032, 121, 72, 81, 0, 0, 0.06%, 9, 0, 11, 274.14
1734306037, 122, 5, 81, 0, 0, 0.06%, 9, 0, 11, 257.30
1734306043, 122, 12, 81, 0, 0, 0.06%, 9, 0, 11, 261.79
1734306048, 122, 14, 81, 0, 0, 0.06%, 9, 0, 11, 254.70
1734306053, 122, 15, 81, 0, 0, 0.06%, 9, 0, 11, 245.90
1734306058, 122, 25, 81, 0, 0, 0.06%, 9, 0, 11, 251.61
1734306063, 122, 28, 81, 0, 0, 0.06%, 9, 0, 11, 259.48
1734306068, 122, 30, 81, 0, 0, 0.06%, 9, 0, 11, 251.56
1734306073, 122, 31, 81, 0, 0, 0.06%, 9, 0, 11, 263.03
1734306078, 122, 34, 81, 0, 0, 0.06%, 9, 0, 11, 260.48
1734306083, 122, 40, 81, 0, 0, 0.06%, 9, 0, 11, 282.94
1734306088, 122, 62, 81, 0, 0, 0.06%, 9, 0, 11, 275.23
1734306093, 122, 64, 81, 0, 0, 0.06%, 9, 0, 11, 286.43
1734306098, 123, 4, 81, 0, 0, 0.06%, 9, 0, 11, 255.88
1734306103, 123, 12, 81, 0, 0, 0.06%, 9, 0, 11, 250.09
1734306109, 123, 14, 81, 0, 0, 0.06%, 9, 0, 11, 238.05
1734306114, 123, 15, 81, 0, 0, 0.06%, 9, 0, 11, 246.12
1734306119, 123, 25, 81, 0, 0, 0.06%, 9, 0, 11, 255.99
1734306124, 123, 30, 81, 0, 0, 0.06%, 9, 0, 11, 260.25
1734306129, 123, 31, 81, 0, 0, 0.06%, 9, 0, 11, 270.14
1734306139, 123, 43, 81, 0, 0, 0.06%, 9, 0, 11, 280.74
1734306144, 123, 57, 81, 0, 0, 0.06%, 9, 0, 11, 280.24
1734306149, 124, 11, 81, 0, 0, 0.06%, 9, 0, 11, 267.12
1734306154, 124, 14, 81, 0, 0, 0.06%, 9, 0, 11, 256.62
1734306159, 124, 15, 81, 0, 0, 0.06%, 9, 0, 11, 261.85
1734306164, 124, 20, 81, 0, 0, 0.06%, 9, 0, 11, 273.72
1734306169, 124, 25, 81, 0, 0, 0.06%, 9, 0, 11, 262.65
1734306174, 124, 29, 81, 0, 0, 0.06%, 9, 0, 11, 263.22
1734306185, 124, 30, 81, 0, 0, 0.06%, 9, 0, 11, 254.27
1734306190, 124, 31, 81, 0, 0, 0.06%, 9, 0, 11, 262.10
1734306195, 124, 40, 81, 0, 0, 0.06%, 9, 0, 11, 265.97
1734306200, 125, 11, 81, 0, 0, 0.06%, 9, 0, 11, 252.87
1734306205, 125, 12, 81, 0, 0, 0.06%, 9, 0, 11, 260.71
1734306210, 125, 14, 81, 0, 0, 0.06%, 9, 0, 11, 250.20
1734306215, 125, 15, 81, 0, 0, 0.06%, 9, 0, 11, 231.18
1734306220, 125, 25, 81, 0, 0, 0.06%, 9, 0, 11, 257.08
1734306225, 125, 30, 81, 0, 0, 0.06%, 9, 0, 11, 243.40
1734306230, 125, 31, 81, 0, 0, 0.06%, 9, 0, 11, 247.15
1734306236, 125, 40, 81, 0, 0, 0.06%, 9, 0, 11, 272.76
1734306241, 126, 11, 81, 0, 0, 0.06%, 9, 0, 11, 265.42
1734306246, 126, 14, 81, 0, 0, 0.06%, 9, 0, 11, 254.42
1734306251, 126, 15, 81, 0, 0, 0.06%, 9, 0, 11, 258.34
1734306256, 126, 20, 81, 0, 0, 0.06%, 9, 0, 11, 268.95
1734306261, 126, 25, 81, 0, 0, 0.06%, 9, 0, 11, 257.90
1734306266, 126, 30, 81, 0, 0, 0.06%, 9, 0, 11, 256.00
1734306271, 126, 31, 81, 0, 0, 0.06%, 9, 0, 11, 258.99
1734306276, 126, 50, 81, 0, 0, 0.06%, 9, 0, 11, 256.99
1734306286, 126, 77, 81, 0, 0, 0.06%, 9, 0, 11, 322.04
1734306306, 126, 79, 81, 0, 0, 0.06%, 9, 0, 11, 291.95
1734306337, 127, 11, 81, 0, 0, 0.06%, 9, 0, 11, 286.64
1734306342, 127, 14, 81, 0, 0, 0.06%, 9, 0, 11, 273.86
1734306352, 127, 15, 81, 0, 0, 0.06%, 9, 0, 11, 239.40
1734306358, 127, 18, 81, 0, 0, 0.06%, 9, 0, 11, 261.86
1734306363, 127, 25, 81, 0, 0, 0.06%, 9, 0, 11, 262.86
1734306368, 127, 30, 81, 0, 0, 0.06%, 9, 0, 11, 258.20
1734306373, 127, 31, 81, 0, 0, 0.06%, 9, 0, 11, 276.24
1734306378, 127, 35, 81, 0, 0, 0.06%, 9, 0, 11, 257.26
1734306383, 127, 40, 81, 0, 0, 0.06%, 9, 0, 11, 269.38
1734306388, 127, 67, 81, 0, 0, 0.06%, 9, 0, 11, 270.31
1734306393, 127, 70, 81, 0, 0, 0.06%, 9, 0, 11, 268.80
1734306398, 127, 77, 81, 0, 0, 0.06%, 9, 0, 11, 284.94
1734306408, 128, 11, 81, 0, 0, 0.06%, 9, 0, 11, 272.38
1734306413, 128, 12, 81, 0, 0, 0.06%, 9, 0, 11, 257.70
1734306418, 128, 15, 81, 0, 0, 0.06%, 9, 0, 11, 262.65
1734306429, 128, 25, 81, 0, 0, 0.06%, 9, 0, 11, 259.28
1734306434, 128, 30, 81, 0, 0, 0.06%, 9, 0, 11, 262.73
1734306439, 128, 31, 81, 0, 0, 0.06%, 9, 0, 11, 270.97
1734306444, 128, 33, 81, 0, 0, 0.06%, 9, 0, 11, 278.50
1734306449, 128, 56, 81, 0, 0, 0.06%, 9, 0, 11, 293.27
1734306454, 128, 74, 81, 0, 0, 0.06%, 9, 0, 11, 279.03
1734306459, 128, 80, 81, 0, 0, 0.06%, 9, 0, 11, 275.84
1734306495, 129, 12, 81, 0, 0, 0.06%, 9, 0, 11, 259.35
1734306500, 129, 14, 81, 0, 0, 0.06%, 9, 0, 11, 249.35
1734306505, 129, 15, 81, 0, 0, 0.06%, 9, 0, 11, 248.39
1734306510, 129, 25, 81, 0, 0, 0.06%, 9, 0, 11, 254.33
1734306515, 129, 30, 81, 0, 0, 0.06%, 9, 0, 11, 267.15
1734306520, 129, 31, 81, 0, 0, 0.06%, 9, 0, 11, 254.82
1734306525, 129, 37, 81, 0, 0, 0.06%, 9, 0, 11, 276.25
1734306530, 129, 39, 81, 0, 0, 0.06%, 9, 0, 11, 276.73
1734306535, 129, 73, 81, 0, 0, 0.06%, 9, 0, 11, 287.82
1734306545, 130, 11, 81, 0, 0, 0.06%, 9, 0, 11, 271.31
1734306550, 130, 14, 81, 0, 0, 0.06%, 9, 0, 11, 249.47
1734306556, 130, 15, 81, 0, 0, 0.06%, 9, 0, 11, 247.03
1734306561, 130, 24, 81, 0, 0, 0.06%, 9, 0, 11, 268.05
1734306566, 130, 25, 81, 0, 0, 0.06%, 9, 0, 11, 267.48
1734306571, 130, 26, 81, 0, 0, 0.06%, 9, 0, 11, 257.11
1734306581, 130, 30, 81, 0, 0, 0.06%, 9, 0, 11, 264.86
1734306586, 130, 31, 81, 0, 0, 0.06%, 9, 0, 11, 266.97
1734306591, 131, 11, 81, 0, 0, 0.06%, 9, 0, 11, 263.37
1734306596, 131, 14, 81, 0, 0, 0.06%, 9, 0, 11, 246.23
1734306601, 131, 15, 81, 0, 0, 0.06%, 9, 0, 11, 248.24
1734306606, 131, 25, 81, 0, 0, 0.06%, 9, 0, 11, 253.86
1734306611, 131, 30, 81, 0, 0, 0.06%, 9, 0, 11, 267.12
1734306616, 131, 31, 81, 0, 0, 0.06%, 9, 0, 11, 273.42
1734306621, 131, 42, 81, 0, 0, 0.06%, 9, 0, 11, 262.49
1734306631, 131, 80, 81, 0, 0, 0.06%, 9, 0, 11, 300.24
1734306657, 132, 0, 81, 0, 0, 0.06%, 9, 0, 11, 299.13
1734306662, 132, 12, 81, 0, 0, 0.06%, 9, 0, 11, 264.33
1734306667, 132, 14, 81, 0, 0, 0.06%, 9, 0, 11, 255.78
1734306672, 132, 15, 81, 0, 0, 0.06%, 9, 0, 11, 240.88
1734306677, 132, 25, 81, 0, 0, 0.06%, 9, 0, 11, 255.45
1734306682, 132, 30, 81, 0, 0, 0.06%, 9, 0, 11, 259.27
1734306687, 132, 31, 81, 0, 0, 0.06%, 9, 0, 11, 247.90
1734306692, 132, 38, 81, 0, 0, 0.06%, 9, 0, 11, 264.89
1734306702, 132, 63, 81, 0, 0, 0.06%, 9, 0, 11, 266.86
1734306707, 132, 71, 81, 0, 0, 0.06%, 9, 0, 11, 278.59
1734306712, 133, 12, 81, 0, 0, 0.06%, 9, 0, 11, 260.40
1734306718, 133, 14, 81, 0, 0, 0.06%, 9, 0, 11, 270.01
1734306723, 133, 15, 81, 0, 0, 0.06%, 9, 0, 11, 247.03
1734306728, 133, 25, 81, 0, 0, 0.06%, 9, 0, 11, 256.49
1734306733, 133, 27, 81, 0, 0, 0.06%, 9, 0, 11, 263.43
1734306738, 133, 30, 81, 0, 0, 0.06%, 9, 0, 11, 245.16
1734306743, 133, 31, 81, 0, 0, 0.06%, 9, 0, 11, 262.49
1734306748, 133, 40, 81, 0, 0, 0.06%, 9, 0, 11, 258.76
1734306753, 133, 73, 81, 0, 0, 0.06%, 9, 0, 11, 274.85
1734306763, 134, 12, 81, 0, 0, 0.06%, 9, 0, 11, 249.66
1734306768, 134, 14, 81, 0, 0, 0.06%, 9, 0, 11, 246.52
1734306773, 134, 15, 81, 0, 0, 0.06%, 9, 0, 11, 239.81
1734306778, 134, 25, 81, 0, 0, 0.06%, 9, 0, 11, 255.77
1734306783, 134, 30, 81, 0, 0, 0.06%, 9, 0, 11, 246.00
1734306789, 134, 31, 81, 0, 0, 0.06%, 9, 0, 11, 253.23
1734306794, 134, 34, 81, 0, 0, 0.06%, 9, 0, 11, 264.20
1734306799, 134, 40, 81, 0, 0, 0.06%, 9, 0, 11, 268.27
1734306804, 134, 49, 81, 0, 0, 0.06%, 9, 0, 11, 260.16
1734306814, 134, 76, 81, 0, 0, 0.06%, 9, 0, 11, 281.11
1734306819, 135, 12, 81, 0, 0, 0.06%, 9, 0, 11, 266.57
1734306824, 135, 14, 81, 0, 0, 0.06%, 9, 0, 11, 264.80
1734306829, 135, 15, 81, 0, 0, 0.06%, 9, 0, 11, 271.61
1734306834, 135, 25, 81, 0, 0, 0.06%, 9, 0, 11, 251.46
1734306839, 135, 30, 81, 0, 0, 0.06%, 9, 0, 11, 257.81
1734306844, 135, 31, 81, 0, 0, 0.06%, 9, 0, 11, 259.45
1734306849, 135, 74, 81, 0, 0, 0.06%, 9, 0, 11, 267.58
1734306854, 135, 79, 81, 0, 0, 0.06%, 9, 0, 11, 290.11
1734306885, 136, 11, 81, 0, 0, 0.06%, 9, 0, 11, 265.16
1734306890, 136, 14, 81, 0, 0, 0.06%, 9, 0, 11, 242.32
1734306895, 136, 15, 81, 0, 0, 0.06%, 9, 0, 11, 258.24
1734306900, 136, 18, 81, 0, 0, 0.06%, 9, 0, 11, 266.39
1734306905, 136, 25, 81, 0, 0, 0.06%, 9, 0, 11, 252.01
1734306910, 136, 29, 81, 0, 0, 0.06%, 9, 0, 11, 248.05
1734306920, 136, 30, 81, 0, 0, 0.06%, 9, 0, 11, 268.64
1734306925, 136, 31, 81, 0, 0, 0.06%, 9, 0, 11, 270.51
1734306931, 136, 42, 81, 0, 0, 0.06%, 9, 0, 11, 275.90
1734306936, 136, 50, 81, 0, 0, 0.06%, 9, 0, 11, 268.27
1734306941, 136, 73, 81, 0, 0, 0.06%, 9, 0, 11, 278.28
1734306951, 137, 11, 81, 0, 0, 0.06%, 9, 0, 11, 257.91
1734306956, 137, 14, 81, 0, 0, 0.06%, 9, 0, 11, 249.86
1734306966, 137, 15, 81, 0, 0, 0.06%, 9, 0, 11, 262.86
1734306971, 137, 25, 81, 0, 0, 0.06%, 9, 0, 11, 251.74
1734306976, 137, 30, 81, 0, 0, 0.06%, 9, 0, 11, 273.73
1734306981, 137, 31, 81, 0, 0, 0.06%, 9, 0, 11, 259.58
1734306986, 137, 60, 81, 0, 0, 0.06%, 9, 0, 11, 279.35
1734306992, 138, 12, 81, 0, 0, 0.06%, 9, 0, 11, 258.19
1734306997, 138, 14, 81, 0, 0, 0.06%, 9, 0, 11, 261.99
1734307002, 138, 15, 81, 0, 0, 0.06%, 9, 0, 11, 247.71
1734307007, 138, 25, 81, 0, 0, 0.06%, 9, 0, 11, 265.75
1734307012, 138, 30, 81, 0, 0, 0.06%, 9, 0, 11, 256.80
1734307017, 138, 31, 81, 0, 0, 0.06%, 9, 0, 11, 245.87
1734307022, 138, 33, 81, 0, 0, 0.06%, 9, 0, 11, 258.26
1734307027, 138, 45, 81, 0, 0, 0.06%, 9, 0, 11, 264.78
1734307033, 138, 76, 81, 0, 0, 0.06%, 9, 0, 11, 298.64
1734307038, 139, 11, 81, 0, 0, 0.06%, 9, 0, 11, 263.07
1734307043, 139, 12, 81, 0, 0, 0.06%, 9, 0, 11, 254.05
1734307048, 139, 14, 81, 0, 0, 0.06%, 9, 0, 11, 272.57
1734307053, 139, 15, 81, 0, 0, 0.06%, 9, 0, 11, 255.67
1734307058, 139, 25, 81, 0, 0, 0.06%, 9, 0, 11, 253.95
1734307063, 139, 28, 81, 0, 0, 0.06%, 9, 0, 11, 258.99
1734307068, 139, 30, 81, 0, 0, 0.06%, 9, 0, 11, 270.67
1734307073, 139, 31, 81, 0, 0, 0.06%, 9, 0, 11, 277.03
1734307078, 139, 66, 81, 0, 0, 0.06%, 9, 0, 11, 255.13
1734307083, 140, 11, 81, 0, 0, 0.06%, 9, 0, 11, 260.18
1734307089, 140, 14, 81, 0, 0, 0.06%, 9, 0, 11, 239.78
1734307094, 140, 15, 81, 0, 0, 0.06%, 9, 0, 11, 245.92
1734307099, 140, 25, 81, 0, 0, 0.06%, 9, 0, 11, 257.12
1734307104, 140, 30, 81, 0, 0, 0.06%, 9, 0, 11, 248.39
1734307109, 140, 31, 81, 0, 0, 0.06%, 9, 0, 11, 254.50
1734307114, 140, 41, 81, 0, 0, 0.06%, 9, 0, 11, 258.49
1734307119, 140, 47, 81, 0, 0, 0.06%, 9, 0, 11, 274.24
1734307129, 140, 50, 81, 0, 0, 0.06%, 9, 0, 11, 289.58
1734307134, 140, 57, 81, 0, 0, 0.06%, 9, 0, 11, 313.00
1734307139, 140, 68, 81, 0, 0, 0.06%, 9, 0, 11, 287.98
1734307150, 141, 12, 81, 0, 0, 0.06%, 9, 0, 11, 255.87
1734307155, 141, 14, 81, 0, 0, 0.06%, 9, 0, 11, 269.79
1734307160, 141, 15, 81, 0, 0, 0.06%, 9, 0, 11, 253.94
1734307165, 141, 25, 81, 0, 0, 0.06%, 9, 0, 11, 247.09
1734307170, 141, 30, 81, 0, 0, 0.06%, 9, 0, 11, 247.48
1734307175, 141, 31, 81, 0, 0, 0.06%, 9, 0, 11, 263.52
1734307180, 141, 60, 81, 0, 0, 0.06%, 9, 0, 11, 283.86
1734307185, 141, 65, 81, 0, 0, 0.06%, 9, 0, 11, 274.66
1734307190, 141, 71, 81, 0, 0, 0.06%, 9, 0, 11, 264.04
1734307195, 142, 11, 81, 0, 0, 0.06%, 9, 0, 11, 251.90
1734307200, 142, 14, 81, 0, 0, 0.06%, 9, 0, 11, 251.23
1734307205, 142, 15, 81, 0, 0, 0.06%, 9, 0, 11, 257.01
1734307210, 142, 25, 81, 0, 0, 0.06%, 9, 0, 11, 269.13
1734307220, 142, 30, 81, 0, 0, 0.06%, 9, 0, 11, 245.70
1734307225, 142, 31, 81, 0, 0, 0.06%, 9, 0, 11, 261.21
1734307230, 142, 32, 81, 0, 0, 0.06%, 9, 0, 11, 267.13
1734307235, 142, 49, 81, 0, 0, 0.06%, 9, 0, 11, 264.57
1734307240, 143, 11, 81, 0, 0, 0.06%, 9, 0, 11, 254.88
1734307245, 143, 14, 81, 0, 0, 0.06%, 9, 0, 11, 242.82
1734307250, 143, 15, 81, 0, 0, 0.06%, 9, 0, 11, 261.47
1734307256, 143, 25, 81, 0, 0, 0.06%, 9, 0, 11, 264.63
1734307266, 143, 30, 81, 0, 0, 0.06%, 9, 0, 11, 266.98
1734307271, 143, 31, 81, 0, 0, 0.06%, 9, 0, 11, 279.02
1734307276, 143, 38, 81, 0, 0, 0.06%, 9, 0, 11, 277.72
1734307281, 144, 12, 81, 0, 0, 0.06%, 9, 0, 11, 264.05
1734307286, 144, 14, 81, 0, 0, 0.06%, 9, 0, 11, 258.23
1734307291, 144, 15, 81, 0, 0, 0.06%, 9, 0, 11, 259.72
1734307296, 144, 25, 81, 0, 0, 0.06%, 9, 0, 11, 264.81
1734307301, 144, 30, 81, 0, 0, 0.06%, 9, 0, 11, 259.93
1734307306, 144, 31, 81, 0, 0, 0.06%, 9, 0, 11, 258.81
1734307311, 144, 53, 81, 0, 0, 0.06%, 9, 0, 11, 300.35
1734307316, 145, 11, 81, 0, 0, 0.06%, 9, 0, 11, 290.50
1734307322, 145, 12, 81, 0, 0, 0.06%, 9, 0, 11, 258.40
1734307327, 145, 14, 81, 0, 0, 0.06%, 9, 0, 11, 267.37
1734307332, 145, 15, 81, 0, 0, 0.06%, 9, 0, 11, 259.69
1734307337, 145, 21, 81, 0, 0, 0.06%, 9, 0, 11, 258.05
1734307342, 145, 23, 81, 0, 0, 0.06%, 9, 0, 11, 256.14
1734307347, 145, 25, 81, 0, 0, 0.06%, 9, 0, 11, 249.40
1734307352, 145, 30, 81, 0, 0, 0.06%, 9, 0, 11, 248.04
1734307357, 145, 31, 81, 0, 0, 0.06%, 9, 0, 11, 249.14
1734307362, 146, 11, 81, 0, 0, 0.06%, 9, 0, 11, 253.75
1734307367, 146, 14, 81, 0, 0, 0.06%, 9, 0, 11, 245.60
1734307372, 146, 15, 81, 0, 0, 0.06%, 9, 0, 11, 248.21
1734307377, 146, 25, 81, 0, 0, 0.06%, 9, 0, 11, 259.67
1734307383, 146, 30, 81, 0, 0, 0.06%, 9, 0, 11, 257.03
1734307388, 146, 31, 81, 0, 0, 0.06%, 9, 0, 11, 254.68
1734307398, 147, 12, 81, 0, 0, 0.06%, 9, 0, 11, 257.87
1734307403, 147, 14, 81, 0, 0, 0.06%, 9, 0, 11, 251.61
1734307408, 147, 15, 81, 0, 0, 0.06%, 9, 0, 11, 255.77
1734307413, 147, 25, 81, 0, 0, 0.06%, 9, 0, 11, 261.57
1734307418, 147, 30, 81, 0, 0, 0.06%, 9, 0, 11, 253.03
1734307423, 147, 31, 81, 0, 0, 0.06%, 9, 0, 11, 258.28
1734307428, 147, 42, 81, 0, 0, 0.06%, 9, 0, 11, 264.34
1734307434, 147, 47, 81, 0, 0, 0.06%, 9, 0, 11, 279.77
1734307439, 147, 57, 81, 0, 0, 0.06%, 9, 0, 11, 318.14
1734307444, 148, 9, 81, 0, 0, 0.06%, 9, 0, 11, 275.81
1734307449, 148, 11, 81, 0, 0, 0.06%, 9, 0, 11, 250.14
1734307454, 148, 14, 81, 0, 0, 0.06%, 9, 0, 11, 245.39
1734307459, 148, 15, 81, 0, 0, 0.06%, 9, 0, 11, 237.59
1734307469, 148, 25, 81, 0, 0, 0.06%, 9, 0, 11, 268.12
1734307474, 148, 30, 81, 0, 0, 0.06%, 9, 0, 11, 259.50
1734307479, 148, 31, 81, 0, 0, 0.06%, 9, 0, 11, 257.44
1734307484, 148, 33, 81, 0, 0, 0.06%, 9, 0, 11, 262.62
1734307489, 148, 34, 81, 0, 0, 0.06%, 9, 0, 11, 269.73
1734307494, 148, 51, 81, 0, 0, 0.06%, 9, 0, 11, 280.82
1734307505, 148, 59, 81, 0, 0, 0.06%, 9, 0, 11, 281.88
1734307510, 148, 62, 81, 0, 0, 0.06%, 9, 0, 11, 287.04
1734307515, 148, 69, 81, 0, 0, 0.06%, 9, 0, 11, 265.52
1734307520, 149, 11, 81, 0, 0, 0.06%, 9, 0, 11, 261.60
1734307525, 149, 13, 81, 0, 0, 0.06%, 9, 0, 11, 261.13
1734307530, 149, 14, 81, 0, 0, 0.06%, 9, 0, 11, 261.48
1734307535, 149, 15, 81, 0, 0, 0.06%, 9, 0, 11, 256.51
1734307540, 149, 20, 81, 0, 0, 0.06%, 9, 0, 11, 255.42
1734307545, 149, 25, 81, 0, 0, 0.06%, 9, 0, 11, 263.82
1734307550, 149, 30, 81, 0, 0, 0.06%, 9, 0, 11, 257.60
1734307555, 149, 31, 81, 0, 0, 0.06%, 9, 0, 11, 262.73
1734307560, 149, 35, 81, 0, 0, 0.06%, 9, 0, 11, 270.80
1734307565, 149, 51, 81, 0, 0, 0.06%, 9, 0, 11, 270.98
1734307571, 149, 68, 81, 0, 0, 0.06%, 9, 0, 11, 275.09
1734307581, 149, 80, 81, 0, 0, 0.06%, 9, 0, 11, 303.34
1734307611, 150, 12, 81, 0, 0, 0.06%, 9, 0, 11, 259.54
1734307616, 150, 14, 81, 0, 0, 0.06%, 9, 0, 11, 260.79
1734307621, 150, 15, 81, 0, 0, 0.06%, 9, 0, 11, 250.35
1734307626, 150, 22, 81, 0, 0, 0.06%, 9, 0, 11, 238.43
1734307631, 150, 25, 81, 0, 0, 0.06%, 9, 0, 11, 255.17
1734307636, 150, 30, 81, 0, 0, 0.06%, 9, 0, 11, 255.85
1734307642, 150, 31, 81, 0, 0, 0.06%, 9, 0, 11, 259.39
1734307652, 150, 39, 81, 0, 0, 0.06%, 9, 0, 11, 272.61
1734307657, 150, 43, 81, 0, 0, 0.06%, 9, 0, 11, 269.20
1734307662, 150, 65, 81, 0, 0, 0.06%, 9, 0, 11, 262.52
1734307667, 151, 11, 81, 0, 0, 0.06%, 9, 0, 11, 254.17
1734307672, 151, 14, 81, 0, 0, 0.06%, 9, 0, 11, 240.57
1734307677, 151, 15, 81, 0, 0, 0.06%, 9, 0, 11, 246.66
1734307682, 151, 25, 81, 0, 0, 0.06%, 9, 0, 11, 253.67
1734307687, 151, 30, 81, 0, 0, 0.06%, 9, 0, 11, 240.49
1734307692, 151, 31, 81, 0, 0, 0.06%, 9, 0, 11, 244.33
1734307702, 151, 62, 81, 0, 0, 0.06%, 9, 0, 11, 263.19
1734307707, 151, 68, 81, 0, 0, 0.06%, 9, 0, 11, 267.35
1734307712, 151, 76, 81, 0, 0, 0.06%, 9, 0, 11, 276.93
1734307718, 152, 12, 81, 0, 0, 0.06%, 9, 0, 11, 249.73
1734307723, 152, 14, 81, 0, 0, 0.06%, 9, 0, 11, 252.06
1734307728, 152, 15, 81, 0, 0, 0.06%, 9, 0, 11, 253.91
1734307733, 152, 25, 81, 0, 0, 0.06%, 9, 0, 11, 280.63
1734307738, 152, 30, 81, 0, 0, 0.06%, 9, 0, 11, 275.46
1734307743, 152, 31, 81, 0, 0, 0.06%, 9, 0, 11, 271.83
1734307748, 152, 67, 81, 0, 0, 0.06%, 9, 0, 11, 253.99
1734307753, 153, 11, 81, 0, 0, 0.06%, 9, 0, 11, 255.86
1734307758, 153, 14, 81, 0, 0, 0.06%, 9, 0, 11, 243.46
1734307763, 153, 15, 81, 0, 0, 0.06%, 9, 0, 11, 240.39
1734307768, 153, 25, 81, 0, 0, 0.06%, 9, 0, 11, 252.18
1734307773, 153, 30, 81, 0, 0, 0.06%, 9, 0, 11, 263.04
1734307778, 153, 31, 81, 0, 0, 0.06%, 9, 0, 11, 268.46
1734307789, 153, 41, 81, 0, 0, 0.06%, 9, 0, 11, 253.08
1734307794, 153, 57, 81, 0, 0, 0.06%, 9, 0, 11, 288.78
1734307799, 153, 61, 81, 0, 0, 0.06%, 9, 0, 11, 270.05
1734307804, 153, 79, 81, 0, 0, 0.06%, 9, 0, 11, 265.00
1734307835, 154, 11, 81, 0, 0, 0.06%, 9, 0, 11, 244.00
1734307840, 154, 14, 81, 0, 0, 0.06%, 9, 0, 11, 246.53
1734307845, 154, 15, 81, 0, 0, 0.06%, 9, 0, 11, 253.71
1734307850, 154, 25, 81, 0, 0, 0.06%, 9, 0, 11, 255.28
1734307855, 154, 30, 81, 0, 0, 0.06%, 9, 0, 11, 246.91
1734307860, 154, 31, 81, 0, 0, 0.06%, 9, 0, 11, 252.18
1734307870, 154, 49, 81, 0, 0, 0.06%, 9, 0, 11, 261.31
1734307875, 154, 72, 81, 0, 0, 0.06%, 9, 0, 11, 264.32
1734307880, 154, 74, 81, 0, 0, 0.06%, 9, 0, 11, 267.66
1734307886, 155, 11, 81, 0, 0, 0.06%, 9, 0, 11, 255.78
1734307891, 155, 14, 81, 0, 0, 0.06%, 9, 0, 11, 243.47
1734307896, 155, 15, 81, 0, 0, 0.06%, 9, 0, 11, 248.82
1734307901, 155, 25, 81, 0, 0, 0.06%, 9, 0, 11, 246.71
1734307911, 155, 31, 81, 0, 0, 0.06%, 9, 0, 11, 262.33
1734307921, 155, 69, 81, 0, 0, 0.06%, 9, 0, 11, 262.21
1734307926, 156, 12, 81, 0, 0, 0.06%, 9, 0, 11, 259.34
1734307931, 156, 14, 81, 0, 0, 0.06%, 9, 0, 11, 262.77
1734307936, 156, 15, 81, 0, 0, 0.06%, 9, 0, 11, 254.80
1734307941, 156, 24, 81, 0, 0, 0.06%, 9, 0, 11, 276.38
1734307946, 156, 25, 81, 0, 0, 0.06%, 9, 0, 11, 256.97
1734307951, 156, 30, 81, 0, 0, 0.06%, 9, 0, 11, 259.80
1734307956, 156, 31, 81, 0, 0, 0.06%, 9, 0, 11, 261.01
1734307961, 156, 32, 81, 0, 0, 0.06%, 9, 0, 11, 263.57
1734307967, 156, 40, 81, 0, 0, 0.06%, 9, 0, 11, 274.20
1734307972, 156, 70, 81, 0, 0, 0.06%, 9, 0, 11, 293.79
1734307982, 156, 79, 81, 0, 0, 0.06%, 9, 0, 11, 303.88
1734308012, 157, 12, 81, 0, 0, 0.06%, 9, 0, 11, 267.28
1734308017, 157, 14, 81, 0, 0, 0.06%, 9, 0, 11, 248.40
1734308023, 157, 15, 81, 0, 0, 0.06%, 9, 0, 11, 254.81
1734308028, 157, 25, 81, 0, 0, 0.06%, 9, 0, 11, 264.33
1734308033, 157, 30, 81, 0, 0, 0.06%, 9, 0, 11, 252.73
1734308038, 157, 31, 81, 0, 0, 0.06%, 9, 0, 11, 259.25
1734308043, 157, 42, 81, 0, 0, 0.06%, 9, 0, 11, 262.26
1734308048, 157, 64, 81, 0, 0, 0.06%, 9, 0, 11, 273.63
1734308053, 158, 11, 81, 0, 0, 0.06%, 9, 0, 11, 262.39
1734308058, 158, 14, 81, 0, 0, 0.06%, 9, 0, 11, 243.63
1734308063, 158, 15, 81, 0, 0, 0.06%, 9, 0, 11, 242.00
1734308068, 158, 25, 81, 0, 0, 0.06%, 9, 0, 11, 252.28
1734308073, 158, 30, 81, 0, 0, 0.06%, 9, 0, 11, 261.59
1734308078, 158, 31, 81, 0, 0, 0.06%, 9, 0, 11, 259.82
1734308083, 158, 47, 81, 0, 0, 0.06%, 9, 0, 11, 259.00
1734308088, 158, 54, 81, 0, 0, 0.06%, 9, 0, 11, 272.15
1734308099, 158, 56, 81, 0, 0, 0.06%, 9, 0, 11, 301.39
1734308104, 158, 59, 81, 0, 0, 0.06%, 9, 0, 11, 270.76
1734308109, 158, 63, 81, 0, 0, 0.06%, 9, 0, 11, 284.38
1734308114, 158, 70, 81, 0, 0, 0.06%, 9, 0, 11, 284.95
1734308124, 159, 12, 81, 0, 0, 0.06%, 9, 0, 11, 265.08
1734308130, 159, 14, 81, 0, 0, 0.06%, 9, 0, 11, 249.79
1734308135, 159, 15, 81, 0, 0, 0.06%, 9, 0, 11, 244.01
1734308140, 159, 25, 81, 0, 0, 0.06%, 9, 0, 11, 246.57
1734308145, 159, 30, 81, 0, 0, 0.06%, 9, 0, 11, 256.06
1734308150, 159, 31, 81, 0, 0, 0.06%, 9, 0, 11, 254.39
1734308155, 159, 51, 81, 0, 0, 0.06%, 9, 0, 11, 276.93
1734308165, 159, 64, 81, 0, 0, 0.06%, 9, 0, 11, 274.62
1734308170, 159, 76, 81, 0, 0, 0.06%, 9, 0, 11, 307.75
1734308175, 159, 77, 81, 0, 0, 0.06%, 9, 0, 11, 296.64
1734308180, 159, 79, 81, 0, 0, 0.06%, 9, 0, 11, 304.22
1734308211, 160, 12, 81, 0, 0, 0.06%, 9, 0, 11, 258.00
1734308216, 160, 14, 81, 0, 0, 0.06%, 9, 0, 11, 243.89
1734308221, 160, 15, 81, 0, 0, 0.06%, 9, 0, 11, 261.11
1734308226, 160, 18, 81, 0, 0, 0.06%, 9, 0, 11, 265.36
1734308231, 160, 25, 81, 0, 0, 0.06%, 9, 0, 11, 253.20
1734308236, 160, 28, 81, 0, 0, 0.06%, 9, 0, 11, 263.08
1734308241, 160, 30, 81, 0, 0, 0.06%, 9, 0, 11, 266.65
1734308246, 160, 31, 81, 0, 0, 0.06%, 9, 0, 11, 258.21
1734308251, 160, 40, 81, 0, 0, 0.06%, 9, 0, 11, 268.78
1734308256, 160, 44, 81, 0, 0, 0.06%, 9, 0, 11, 262.66
1734308261, 160, 75, 81, 0, 0, 0.06%, 9, 0, 11, 258.33
1734308272, 161, 10, 81, 0, 0, 0.06%, 9, 0, 11, 254.25
1734308277, 161, 12, 81, 0, 0, 0.06%, 9, 0, 11, 250.21
1734308282, 161, 14, 81, 0, 0, 0.06%, 9, 0, 11, 239.28
1734308287, 161, 15, 81, 0, 0, 0.06%, 9, 0, 11, 256.44
1734308292, 161, 24, 81, 0, 0, 0.06%, 9, 0, 11, 256.62
1734308297, 161, 25, 81, 0, 0, 0.06%, 9, 0, 11, 281.90
