# unix_time, cycles_done, cur_path, paths_total, pending_total, pending_favs, map_size, unique_crashes, unique_hangs, max_depth, execs_per_sec
1735504302, 0, 0, 10, 10, 1, 0.00%, 0, 0, 1, 158.73
1735504307, 0, 1, 10, 10, 1, 0.00%, 0, 0, 1, 197.99
1735504312, 0, 4, 10, 9, 1, 0.00%, 0, 0, 1, 202.49
1735504317, 0, 5, 10, 8, 0, 0.00%, 0, 0, 1, 196.68
1735504328, 0, 6, 10, 7, 0, 0.00%, 0, 0, 1, 202.45
1735504333, 0, 7, 10, 6, 0, 0.00%, 0, 0, 1, 194.70
1735504343, 0, 8, 10, 5, 0, 0.00%, 0, 0, 1, 201.57
1735504348, 0, 9, 10, 4, 0, 0.00%, 0, 0, 1, 193.81
1735504358, 1, 0, 10, 3, 0, 0.00%, 0, 0, 1, 200.76
1735504368, 1, 1, 10, 2, 0, 0.00%, 0, 0, 1, 197.50
1735504373, 1, 2, 10, 2, 0, 0.00%, 0, 0, 1, 198.75
1735504384, 1, 3, 10, 1, 0, 0.00%, 0, 0, 1, 198.36
1735504394, 1, 5, 10, 0, 0, 0.00%, 0, 0, 1, 195.44
1735504399, 1, 6, 10, 0, 0, 0.00%, 0, 0, 1, 194.92
1735504405, 1, 7, 10, 0, 0, 0.00%, 0, 0, 1, 198.45
1735504410, 1, 9, 10, 0, 0, 0.00%, 0, 0, 1, 193.84
1735504415, 2, 0, 10, 0, 0, 0.00%, 0, 0, 1, 193.41
1735504420, 2, 1, 10, 0, 0, 0.00%, 0, 0, 1, 192.81
1735504425, 2, 3, 10, 0, 0, 0.00%, 0, 0, 1, 195.12
1735504430, 2, 4, 10, 0, 0, 0.00%, 0, 0, 1, 194.04
1735504435, 2, 6, 10, 0, 0, 0.00%, 0, 0, 1, 194.83
1735504440, 2, 7, 10, 0, 0, 0.00%, 0, 0, 1, 202.48
1735504446, 2, 8, 10, 0, 0, 0.00%, 0, 0, 1, 197.16
1735504451, 3, 0, 10, 0, 0, 0.00%, 0, 0, 1, 195.09
1735504456, 3, 1, 10, 0, 0, 0.00%, 0, 0, 1, 196.28
1735504461, 3, 2, 10, 0, 0, 0.00%, 0, 0, 1, 198.75
1735504466, 3, 4, 10, 0, 0, 0.00%, 0, 0, 1, 199.14
1735504471, 3, 5, 10, 0, 0, 0.00%, 0, 0, 1, 198.97
1735504477, 3, 7, 10, 0, 0, 0.00%, 0, 0, 1, 196.81
1735504482, 3, 8, 10, 0, 0, 0.00%, 0, 0, 1, 196.20
1735504487, 3, 9, 10, 0, 0, 0.00%, 0, 0, 1, 196.71
1735504492, 4, 1, 10, 0, 0, 0.00%, 0, 0, 1, 198.29
1735504497, 4, 2, 10, 0, 0, 0.00%, 0, 0, 1, 197.07
1735504503, 4, 4, 10, 0, 0, 0.00%, 0, 0, 1, 195.00
1735504508, 4, 5, 10, 0, 0, 0.00%, 0, 0, 1, 194.27
1735504513, 4, 6, 10, 0, 0, 0.00%, 0, 0, 1, 197.43
1735504518, 4, 8, 10, 0, 0, 0.00%, 0, 0, 1, 192.97
1735504523, 4, 9, 10, 0, 0, 0.00%, 0, 0, 1, 194.35
1735504528, 5, 0, 10, 0, 0, 0.00%, 0, 0, 1, 192.91
1735504533, 5, 2, 10, 0, 0, 0.00%, 0, 0, 1, 196.64
1735504539, 5, 3, 10, 0, 0, 0.00%, 0, 0, 1, 197.35
1735504544, 5, 5, 10, 0, 0, 0.00%, 0, 0, 1, 199.34
1735504549, 5, 6, 10, 0, 0, 0.00%, 0, 0, 1, 195.61
1735504554, 5, 7, 10, 0, 0, 0.00%, 0, 0, 1, 197.35
1735504559, 5, 9, 10, 0, 0, 0.00%, 0, 0, 1, 198.83
1735504564, 6, 0, 10, 0, 0, 0.00%, 0, 0, 1, 195.82
1735504569, 6, 1, 10, 0, 0, 0.00%, 0, 0, 1, 197.98
1735504574, 6, 3, 10, 0, 0, 0.00%, 0, 0, 1, 196.19
1735504579, 6, 4, 10, 0, 0, 0.00%, 0, 0, 1, 198.09
1735504585, 6, 6, 10, 0, 0, 0.00%, 0, 0, 1, 198.39
1735504590, 6, 7, 10, 0, 0, 0.00%, 0, 0, 1, 196.25
1735504595, 6, 8, 10, 0, 0, 0.00%, 0, 0, 1, 199.60
1735504600, 7, 0, 10, 0, 0, 0.00%, 0, 0, 1, 199.65
1735504605, 7, 1, 10, 0, 0, 0.00%, 0, 0, 1, 196.86
1735504610, 7, 2, 10, 0, 0, 0.00%, 0, 0, 1, 196.10
1735504616, 7, 4, 10, 0, 0, 0.00%, 0, 0, 1, 197.22
1735504621, 7, 5, 10, 0, 0, 0.00%, 0, 0, 1, 200.36
1735504626, 7, 7, 10, 0, 0, 0.00%, 0, 0, 1, 199.86
1735504631, 7, 8, 10, 0, 0, 0.00%, 0, 0, 1, 198.61
1735504636, 7, 9, 10, 0, 0, 0.00%, 0, 0, 1, 195.97
1735504641, 8, 1, 10, 0, 0, 0.00%, 0, 0, 1, 199.37
1735504646, 8, 2, 11, 1, 0, 0.05%, 1, 0, 2, 196.75
1735504651, 8, 10, 12, 2, 1, 0.05%, 2, 0, 3, 215.26
1735504743, 8, 11, 15, 4, 1, 0.06%, 5, 0, 4, 224.78
1735504758, 8, 11, 16, 5, 1, 0.06%, 5, 0, 4, 216.06
1735504773, 8, 11, 17, 6, 1, 0.06%, 5, 0, 4, 215.28
1735504808, 8, 11, 18, 7, 1, 0.06%, 5, 0, 4, 218.54
1735504813, 8, 11, 19, 8, 1, 0.06%, 5, 0, 4, 211.76
1735504859, 8, 11, 20, 9, 1, 0.06%, 6, 0, 4, 203.31
1735504864, 8, 11, 21, 10, 1, 0.06%, 7, 0, 4, 226.49
1735504874, 8, 12, 21, 9, 5, 0.06%, 7, 0, 4, 211.18
1735504885, 8, 12, 22, 10, 5, 0.06%, 7, 0, 5, 214.48
1735504890, 8, 12, 23, 11, 5, 0.06%, 7, 0, 5, 214.31
1735504956, 8, 12, 25, 13, 5, 0.06%, 8, 0, 5, 217.94
1735504966, 8, 12, 26, 14, 5, 0.06%, 8, 0, 5, 227.04
1735504997, 8, 12, 28, 16, 5, 0.06%, 8, 0, 5, 229.75
1735505002, 8, 12, 29, 17, 5, 0.06%, 8, 0, 5, 231.81
1735505017, 8, 13, 29, 16, 5, 0.06%, 8, 0, 5, 253.64
1735505032, 8, 13, 30, 17, 5, 0.06%, 8, 0, 5, 224.35
1735505042, 8, 13, 32, 19, 5, 0.06%, 8, 0, 5, 221.53
1735505052, 8, 13, 33, 20, 5, 0.06%, 8, 0, 5, 222.87
1735505134, 8, 13, 35, 22, 5, 0.06%, 8, 0, 5, 262.58
1735505144, 8, 13, 36, 23, 5, 0.06%, 8, 0, 5, 224.46
1735505149, 8, 14, 40, 26, 4, 0.06%, 8, 0, 5, 274.80
1735505170, 8, 14, 41, 27, 4, 0.06%, 9, 0, 5, 219.97
1735505180, 8, 14, 42, 28, 4, 0.06%, 9, 0, 5, 221.78
1735505195, 8, 14, 44, 30, 4, 0.06%, 9, 0, 5, 223.02
1735505205, 8, 14, 45, 31, 4, 0.06%, 9, 0, 5, 220.63
1735505230, 8, 14, 46, 32, 4, 0.06%, 9, 0, 5, 221.89
1735505276, 8, 14, 48, 34, 4, 0.06%, 9, 0, 5, 230.21
1735505286, 8, 19, 50, 35, 4, 0.06%, 9, 0, 5, 261.21
1735505296, 8, 19, 51, 36, 4, 0.06%, 9, 0, 5, 259.44
1735505373, 8, 20, 51, 35, 4, 0.06%, 9, 0, 5, 267.84
1735505419, 8, 20, 52, 36, 4, 0.06%, 9, 0, 5, 255.78
1735505424, 8, 20, 55, 39, 4, 0.06%, 9, 0, 5, 242.13
1735505429, 8, 23, 55, 38, 3, 0.06%, 9, 0, 5, 261.54
1735505439, 8, 23, 56, 39, 3, 0.06%, 9, 0, 6, 221.41
1735505454, 8, 23, 57, 40, 3, 0.06%, 9, 0, 6, 221.43
1735505479, 8, 23, 58, 41, 3, 0.06%, 9, 0, 6, 224.27
1735505581, 8, 23, 59, 42, 3, 0.06%, 9, 0, 6, 265.26
1735505586, 8, 23, 61, 44, 3, 0.06%, 9, 0, 6, 290.69
1735505596, 8, 44, 61, 43, 2, 0.06%, 9, 0, 6, 283.52
1735505647, 8, 50, 61, 42, 1, 0.06%, 9, 0, 6, 290.20
1735505652, 8, 50, 62, 43, 1, 0.06%, 9, 0, 6, 280.89
1735505723, 8, 50, 63, 44, 1, 0.06%, 9, 0, 6, 263.84
1735505733, 8, 61, 63, 43, 1, 0.06%, 9, 0, 6, 344.23
1735505784, 9, 10, 63, 42, 0, 0.06%, 9, 0, 6, 231.87
1735505799, 9, 11, 63, 42, 0, 0.06%, 9, 0, 6, 228.28
1735505809, 9, 12, 63, 42, 0, 0.06%, 9, 0, 6, 230.06
1735505825, 9, 12, 64, 43, 0, 0.06%, 9, 0, 6, 253.80
1735505830, 9, 13, 64, 43, 0, 0.06%, 9, 0, 6, 242.06
1735505855, 9, 14, 64, 43, 0, 0.06%, 9, 0, 6, 229.38
1735505876, 9, 15, 64, 43, 0, 0.06%, 9, 0, 6, 242.32
1735505921, 9, 15, 65, 44, 0, 0.06%, 9, 0, 6, 235.60
1735505931, 9, 17, 65, 43, 0, 0.06%, 9, 0, 6, 242.75
1735505982, 9, 20, 65, 42, 0, 0.06%, 9, 0, 6, 239.01
1735506003, 9, 20, 67, 44, 0, 0.06%, 9, 0, 6, 284.95
1735506008, 9, 22, 67, 44, 0, 0.06%, 9, 0, 6, 316.58
1735506063, 9, 23, 67, 43, 0, 0.06%, 9, 0, 6, 226.33
1735506089, 9, 26, 67, 43, 0, 0.06%, 9, 0, 6, 272.17
1735506125, 9, 26, 68, 44, 0, 0.06%, 9, 0, 6, 263.17
1735506140, 9, 27, 68, 43, 0, 0.06%, 9, 0, 6, 307.67
1735506181, 9, 27, 69, 44, 0, 0.06%, 9, 0, 6, 283.39
1735506186, 9, 28, 69, 43, 0, 0.06%, 9, 0, 6, 259.56
1735506257, 9, 29, 69, 42, 0, 0.06%, 9, 0, 6, 382.76
1735506302, 9, 30, 69, 41, 0, 0.06%, 9, 0, 6, 332.02
1735506799, 9, 33, 69, 40, 0, 0.06%, 9, 0, 6, 409.70
1735506875, 9, 35, 69, 39, 0, 0.06%, 9, 0, 6, 348.90
1735506926, 9, 36, 69, 38, 0, 0.06%, 9, 0, 6, 417.43
1735506992, 9, 36, 70, 39, 0, 0.06%, 9, 0, 6, 290.76
1735507002, 9, 37, 70, 38, 0, 0.06%, 9, 0, 6, 291.68
1735507038, 9, 37, 71, 39, 0, 0.06%, 9, 0, 6, 267.87
1735507048, 9, 42, 71, 38, 0, 0.06%, 9, 0, 6, 328.16
1735507129, 9, 44, 71, 37, 0, 0.06%, 9, 0, 6, 271.03
1735507149, 9, 48, 71, 37, 0, 0.06%, 9, 0, 6, 315.13
1735507205, 9, 56, 71, 36, 0, 0.06%, 9, 0, 6, 283.91
1735507251, 9, 61, 71, 35, 0, 0.06%, 9, 0, 6, 280.37
1735507271, 9, 66, 71, 35, 0, 0.06%, 9, 0, 6, 384.60
1735507388, 10, 10, 71, 34, 0, 0.06%, 9, 0, 6, 273.89
1735507393, 10, 12, 71, 34, 0, 0.06%, 9, 0, 6, 271.44
1735507398, 10, 13, 71, 34, 0, 0.06%, 9, 0, 6, 269.04
1735507403, 10, 14, 71, 34, 0, 0.06%, 9, 0, 6, 266.18
1735507408, 10, 20, 71, 34, 0, 0.06%, 9, 0, 6, 281.11
1735507413, 10, 21, 71, 34, 0, 0.06%, 9, 0, 6, 306.13
1735507459, 10, 23, 71, 33, 0, 0.06%, 9, 0, 6, 273.87
1735507464, 10, 31, 71, 33, 0, 0.06%, 9, 0, 6, 297.13
1735507835, 10, 39, 71, 32, 0, 0.06%, 9, 0, 6, 270.90
1735508022, 10, 40, 71, 31, 0, 0.06%, 9, 0, 6, 292.52
1735508073, 10, 44, 71, 30, 0, 0.06%, 9, 0, 6, 268.95
1735508078, 10, 53, 71, 30, 0, 0.06%, 9, 0, 6, 332.87
1735508124, 10, 57, 71, 29, 0, 0.06%, 9, 0, 6, 267.15
1735508302, 10, 57, 72, 30, 0, 0.06%, 9, 0, 7, 382.43
1735508347, 10, 61, 72, 29, 0, 0.06%, 9, 0, 7, 291.76
1735508357, 10, 62, 72, 29, 0, 0.06%, 9, 0, 7, 343.28
1735508408, 10, 63, 72, 28, 0, 0.06%, 9, 0, 7, 386.08
1735508525, 10, 65, 72, 27, 0, 0.06%, 9, 0, 7, 401.00
1735508713, 10, 68, 72, 26, 0, 0.06%, 9, 0, 7, 353.38
1735508825, 10, 69, 72, 25, 0, 0.06%, 9, 0, 7, 257.60
1735508947, 11, 10, 72, 24, 0, 0.06%, 9, 0, 7, 257.79
1735508952, 11, 12, 72, 24, 0, 0.06%, 9, 0, 7, 258.31
1735508957, 11, 13, 72, 24, 0, 0.06%, 9, 0, 7, 259.94
1735508962, 11, 14, 72, 24, 0, 0.06%, 9, 0, 7, 275.61
1735508967, 11, 23, 72, 24, 0, 0.06%, 9, 0, 7, 269.37
1735508972, 11, 24, 72, 24, 0, 0.06%, 9, 0, 7, 320.73
1735509023, 11, 25, 72, 23, 0, 0.06%, 9, 0, 7, 227.54
1735509520, 11, 30, 72, 22, 0, 0.06%, 9, 0, 7, 316.58
1735509541, 11, 43, 72, 22, 0, 0.06%, 9, 0, 7, 368.39
1735509597, 11, 44, 72, 21, 0, 0.06%, 9, 0, 7, 298.41
1735509602, 11, 47, 72, 21, 0, 0.06%, 9, 0, 7, 420.57
1735509678, 11, 51, 72, 20, 0, 0.06%, 9, 0, 7, 328.38
1735509724, 11, 53, 72, 19, 0, 0.06%, 9, 0, 7, 259.06
1735509750, 11, 54, 72, 19, 0, 0.06%, 9, 0, 7, 384.89
1735509811, 11, 55, 72, 18, 0, 0.06%, 9, 0, 7, 368.49
1735509856, 11, 61, 72, 17, 0, 0.06%, 9, 0, 7, 296.60
1735509861, 12, 10, 72, 17, 0, 0.06%, 9, 0, 7, 281.26
1735509866, 12, 12, 72, 17, 0, 0.06%, 9, 0, 7, 263.65
1735509872, 12, 13, 72, 17, 0, 0.06%, 9, 0, 7, 259.77
1735509877, 12, 14, 72, 17, 0, 0.06%, 9, 0, 7, 259.30
1735509882, 12, 23, 72, 17, 0, 0.06%, 9, 0, 7, 258.95
1735509887, 12, 32, 72, 17, 0, 0.06%, 9, 0, 7, 300.17
1735509937, 12, 44, 72, 16, 0, 0.06%, 9, 0, 7, 280.81
1735509943, 12, 45, 72, 16, 0, 0.06%, 9, 0, 7, 387.64
1735509989, 12, 46, 72, 15, 0, 0.06%, 9, 0, 7, 347.54
1735510040, 12, 49, 72, 14, 0, 0.06%, 9, 0, 7, 320.21
1735510085, 12, 53, 72, 13, 0, 0.06%, 9, 0, 7, 289.85
1735510090, 12, 58, 72, 13, 0, 0.06%, 9, 0, 7, 267.22
1735510238, 12, 58, 73, 14, 0, 0.06%, 9, 0, 7, 362.30
1735510294, 12, 59, 73, 13, 0, 0.06%, 9, 0, 7, 432.23
1735510477, 12, 60, 73, 12, 0, 0.06%, 9, 0, 7, 246.27
1735511125, 12, 60, 74, 13, 0, 0.06%, 9, 0, 7, 362.00
1735511175, 12, 61, 74, 12, 0, 0.06%, 9, 0, 7, 304.90
1735511180, 12, 70, 74, 12, 0, 0.06%, 9, 0, 7, 265.25
1735511298, 13, 6, 74, 11, 0, 0.06%, 9, 0, 7, 281.60
1735511303, 13, 12, 74, 11, 0, 0.06%, 9, 0, 7, 274.12
1735511308, 13, 13, 74, 11, 0, 0.06%, 9, 0, 7, 275.69
1735511313, 13, 14, 74, 11, 0, 0.06%, 9, 0, 7, 258.22
1735511323, 13, 23, 74, 11, 0, 0.06%, 9, 0, 7, 263.16
1735511328, 13, 27, 74, 11, 0, 0.06%, 9, 0, 7, 295.68
1735511343, 13, 41, 74, 11, 0, 0.06%, 9, 0, 7, 251.43
1735511409, 13, 44, 74, 10, 0, 0.06%, 9, 0, 7, 277.32
1735511414, 13, 45, 74, 10, 0, 0.06%, 9, 0, 7, 282.13
1735511435, 13, 53, 74, 10, 0, 0.06%, 9, 0, 7, 267.85
1735511440, 13, 59, 74, 10, 0, 0.06%, 9, 0, 7, 327.11
1735511460, 13, 61, 74, 10, 0, 0.06%, 9, 0, 7, 283.40
1735511466, 13, 64, 74, 10, 0, 0.06%, 9, 0, 7, 338.83
1735511582, 13, 71, 74, 9, 0, 0.06%, 9, 0, 7, 256.47
1735511792, 14, 11, 74, 8, 0, 0.06%, 9, 0, 7, 268.26
1735511797, 14, 12, 74, 8, 0, 0.06%, 9, 0, 7, 262.88
1735511802, 14, 13, 74, 8, 0, 0.06%, 9, 0, 7, 258.23
1735511807, 14, 14, 74, 8, 0, 0.06%, 9, 0, 7, 269.99
1735511812, 14, 23, 74, 8, 0, 0.06%, 9, 0, 7, 257.65
1735511817, 14, 39, 74, 8, 0, 0.06%, 9, 0, 7, 310.28
1735511837, 14, 44, 74, 8, 0, 0.06%, 9, 0, 7, 273.40
1735511843, 14, 52, 74, 8, 0, 0.06%, 9, 0, 7, 371.72
1735511888, 14, 53, 74, 7, 0, 0.06%, 9, 0, 7, 295.17
1735511894, 14, 61, 74, 7, 0, 0.06%, 9, 0, 7, 286.15
1735511899, 15, 10, 74, 7, 0, 0.06%, 9, 0, 7, 286.47
1735511904, 15, 12, 74, 7, 0, 0.06%, 9, 0, 7, 263.86
1735511909, 15, 13, 74, 7, 0, 0.06%, 9, 0, 7, 269.67
1735511914, 15, 14, 74, 7, 0, 0.06%, 9, 0, 7, 269.72
1735511919, 15, 16, 74, 7, 0, 0.06%, 9, 0, 7, 334.57
1735511970, 15, 23, 74, 6, 0, 0.06%, 9, 0, 7, 269.95
1735511975, 15, 29, 74, 6, 0, 0.06%, 9, 0, 7, 290.78
1735511995, 15, 37, 74, 6, 0, 0.06%, 9, 0, 7, 257.69
1735512015, 15, 44, 74, 6, 0, 0.06%, 9, 0, 7, 281.96
1735512020, 15, 49, 74, 6, 0, 0.06%, 9, 0, 7, 291.55
1735512040, 15, 53, 74, 6, 0, 0.06%, 9, 0, 7, 258.17
1735512045, 15, 57, 74, 6, 0, 0.06%, 9, 0, 7, 293.78
1735512066, 15, 61, 74, 6, 0, 0.06%, 9, 0, 7, 267.05
1735512071, 16, 10, 74, 6, 0, 0.06%, 9, 0, 7, 277.89
1735512076, 16, 12, 74, 6, 0, 0.06%, 9, 0, 7, 270.31
1735512081, 16, 13, 74, 6, 0, 0.06%, 9, 0, 7, 276.42
1735512086, 16, 14, 74, 6, 0, 0.06%, 9, 0, 7, 275.70
1735512091, 16, 15, 74, 6, 0, 0.06%, 9, 0, 7, 274.52
1735512116, 16, 17, 74, 6, 0, 0.06%, 9, 0, 7, 267.50
1735512137, 16, 18, 74, 6, 0, 0.06%, 9, 0, 7, 311.28
1735512183, 16, 23, 74, 5, 0, 0.06%, 9, 0, 7, 268.11
1735512188, 16, 33, 74, 5, 0, 0.06%, 9, 0, 7, 312.13
1735512208, 16, 44, 74, 5, 0, 0.06%, 9, 0, 7, 288.01
1735512213, 16, 53, 74, 5, 0, 0.06%, 9, 0, 7, 275.54
1735512218, 16, 61, 74, 5, 0, 0.06%, 9, 0, 7, 285.03
1735512223, 17, 10, 74, 5, 0, 0.06%, 9, 0, 7, 280.17
1735512228, 17, 12, 74, 5, 0, 0.06%, 9, 0, 7, 256.56
1735512233, 17, 13, 74, 5, 0, 0.06%, 9, 0, 7, 257.05
1735512239, 17, 14, 74, 5, 0, 0.06%, 9, 0, 7, 258.83
1735512244, 17, 23, 74, 5, 0, 0.06%, 9, 0, 7, 265.72
1735512249, 17, 38, 74, 5, 0, 0.06%, 9, 0, 7, 322.09
1735512366, 17, 42, 74, 4, 0, 0.06%, 9, 0, 7, 276.41
1735512386, 17, 44, 74, 4, 0, 0.06%, 9, 0, 7, 270.35
1735512391, 17, 53, 74, 4, 0, 0.06%, 9, 0, 7, 280.84
1735512401, 17, 61, 74, 4, 0, 0.06%, 9, 0, 7, 285.56
1735512406, 18, 11, 74, 4, 0, 0.06%, 9, 0, 7, 275.93
1735512411, 18, 12, 74, 4, 0, 0.06%, 9, 0, 7, 269.28
1735512416, 18, 13, 74, 4, 0, 0.06%, 9, 0, 7, 267.57
1735512421, 18, 14, 74, 4, 0, 0.06%, 9, 0, 7, 279.03
1735512427, 18, 22, 74, 4, 0, 0.06%, 9, 0, 7, 286.24
1735512447, 18, 23, 74, 4, 0, 0.06%, 9, 0, 7, 250.88
1735512452, 18, 38, 74, 4, 0, 0.06%, 9, 0, 7, 288.01
1735512472, 18, 44, 74, 4, 0, 0.06%, 9, 0, 7, 274.77
1735512477, 18, 53, 74, 4, 0, 0.06%, 9, 0, 7, 291.21
1735512482, 18, 61, 74, 4, 0, 0.06%, 9, 0, 7, 285.90
1735512487, 19, 10, 74, 4, 0, 0.06%, 9, 0, 7, 280.60
1735512492, 19, 12, 74, 4, 0, 0.06%, 9, 0, 7, 266.01
1735512497, 19, 13, 74, 4, 0, 0.06%, 9, 0, 7, 266.73
1735512502, 19, 14, 74, 4, 0, 0.06%, 9, 0, 7, 249.94
1735512507, 19, 21, 74, 4, 0, 0.06%, 9, 0, 7, 280.59
1735512528, 19, 23, 74, 4, 0, 0.06%, 9, 0, 7, 247.92
1735512533, 19, 29, 74, 4, 0, 0.06%, 9, 0, 7, 283.72
1735512538, 19, 33, 74, 4, 0, 0.06%, 9, 0, 7, 307.82
1735512543, 19, 37, 74, 4, 0, 0.06%, 9, 0, 7, 289.23
1735512548, 19, 44, 74, 4, 0, 0.06%, 9, 0, 7, 278.33
1735512553, 19, 53, 74, 4, 0, 0.06%, 9, 0, 7, 285.69
1735512558, 19, 57, 74, 4, 0, 0.06%, 9, 0, 7, 321.38
1735512563, 19, 61, 74, 4, 0, 0.06%, 9, 0, 7, 285.23
1735512568, 20, 10, 74, 4, 0, 0.06%, 9, 0, 7, 276.68
1735512573, 20, 12, 74, 4, 0, 0.06%, 9, 0, 7, 266.32
1735512578, 20, 13, 74, 4, 0, 0.06%, 9, 0, 7, 262.86
1735512584, 20, 14, 74, 4, 0, 0.06%, 9, 0, 7, 276.29
1735512589, 20, 23, 74, 4, 0, 0.06%, 9, 0, 7, 275.46
1735512594, 20, 43, 74, 4, 0, 0.06%, 9, 0, 7, 297.57
1735512614, 20, 44, 74, 4, 0, 0.06%, 9, 0, 7, 266.81
1735512619, 20, 46, 74, 4, 0, 0.06%, 9, 0, 7, 290.39
1735512639, 20, 52, 74, 4, 0, 0.06%, 9, 0, 7, 275.78
1735512660, 20, 53, 74, 4, 0, 0.06%, 9, 0, 7, 275.79
1735512665, 20, 61, 74, 4, 0, 0.06%, 9, 0, 7, 293.59
1735512670, 20, 67, 74, 4, 0, 0.06%, 9, 0, 7, 364.23
1735512787, 20, 68, 74, 3, 0, 0.06%, 9, 0, 7, 309.26
1735512807, 20, 71, 74, 3, 0, 0.06%, 9, 0, 7, 284.20
1735512827, 21, 10, 74, 3, 0, 0.06%, 9, 0, 7, 279.98
1735512832, 21, 12, 74, 3, 0, 0.06%, 9, 0, 7, 269.52
1735512837, 21, 13, 74, 3, 0, 0.06%, 9, 0, 7, 274.47
1735512842, 21, 14, 74, 3, 0, 0.06%, 9, 0, 7, 261.91
1735512848, 21, 23, 74, 3, 0, 0.06%, 9, 0, 7, 262.08
1735512853, 21, 34, 74, 3, 0, 0.06%, 9, 0, 7, 282.59
1735512959, 21, 44, 74, 2, 0, 0.06%, 9, 0, 7, 275.11
1735512964, 21, 51, 74, 2, 0, 0.06%, 9, 0, 7, 268.40
1735512984, 21, 53, 74, 2, 0, 0.06%, 9, 0, 7, 284.49
1735512989, 21, 61, 74, 2, 0, 0.06%, 9, 0, 7, 272.11
1735512994, 21, 70, 74, 2, 0, 0.06%, 9, 0, 7, 298.80
1735513015, 22, 10, 74, 2, 0, 0.06%, 9, 0, 7, 276.65
1735513020, 22, 12, 74, 2, 0, 0.06%, 9, 0, 7, 257.49
1735513025, 22, 13, 74, 2, 0, 0.06%, 9, 0, 7, 265.04
1735513030, 22, 14, 74, 2, 0, 0.06%, 9, 0, 7, 274.13
1735513035, 22, 15, 74, 2, 0, 0.06%, 9, 0, 7, 257.89
1735513040, 22, 23, 74, 2, 0, 0.06%, 9, 0, 7, 255.10
1735513045, 22, 38, 74, 2, 0, 0.06%, 9, 0, 7, 288.82
1735513050, 22, 43, 74, 2, 0, 0.06%, 9, 0, 7, 288.80
1735513055, 22, 44, 74, 2, 0, 0.06%, 9, 0, 7, 278.74
1735513060, 22, 53, 74, 2, 0, 0.06%, 9, 0, 7, 293.05
1735513065, 22, 61, 74, 2, 0, 0.06%, 9, 0, 7, 284.29
1735513070, 22, 70, 74, 2, 0, 0.06%, 9, 0, 7, 287.56
1735513080, 22, 71, 74, 2, 0, 0.06%, 9, 0, 7, 338.96
1735513091, 23, 10, 74, 2, 0, 0.06%, 9, 0, 7, 276.11
1735513096, 23, 12, 74, 2, 0, 0.06%, 9, 0, 7, 265.36
1735513101, 23, 13, 74, 2, 0, 0.06%, 9, 0, 7, 263.72
1735513106, 23, 14, 74, 2, 0, 0.06%, 9, 0, 7, 266.36
1735513111, 23, 23, 74, 2, 0, 0.06%, 9, 0, 7, 266.59
1735513116, 23, 24, 74, 2, 0, 0.06%, 9, 0, 7, 283.53
1735513136, 23, 44, 74, 2, 0, 0.06%, 9, 0, 7, 264.18
1735513141, 23, 51, 74, 2, 0, 0.06%, 9, 0, 7, 275.30
1735513146, 23, 53, 74, 2, 0, 0.06%, 9, 0, 7, 276.76
1735513151, 23, 59, 74, 2, 0, 0.06%, 9, 0, 7, 268.46
1735513156, 23, 61, 74, 2, 0, 0.06%, 9, 0, 7, 293.89
1735513162, 24, 10, 74, 2, 0, 0.06%, 9, 0, 7, 282.46
1735513167, 24, 12, 74, 2, 0, 0.06%, 9, 0, 7, 268.30
1735513172, 24, 13, 74, 2, 0, 0.06%, 9, 0, 7, 258.28
1735513177, 24, 14, 74, 2, 0, 0.06%, 9, 0, 7, 271.53
1735513182, 24, 23, 74, 2, 0, 0.06%, 9, 0, 7, 261.94
1735513187, 24, 44, 74, 2, 0, 0.06%, 9, 0, 7, 264.93
1735513192, 24, 53, 74, 2, 0, 0.06%, 9, 0, 7, 260.46
1735513197, 24, 61, 74, 2, 0, 0.06%, 9, 0, 7, 282.98
1735513202, 25, 10, 74, 2, 0, 0.06%, 9, 0, 7, 276.62
1735513207, 25, 12, 74, 2, 0, 0.06%, 9, 0, 7, 267.38
1735513217, 25, 13, 74, 2, 0, 0.06%, 9, 0, 7, 278.62
1735513222, 25, 14, 74, 2, 0, 0.06%, 9, 0, 7, 274.35
1735513227, 25, 23, 74, 2, 0, 0.06%, 9, 0, 7, 272.28
1735513232, 25, 44, 74, 2, 0, 0.06%, 9, 0, 7, 277.86
1735513237, 25, 48, 74, 2, 0, 0.06%, 9, 0, 7, 272.19
1735513258, 25, 49, 74, 2, 0, 0.06%, 9, 0, 7, 278.64
1735513263, 25, 53, 74, 2, 0, 0.06%, 9, 0, 7, 281.21
1735513268, 25, 61, 74, 2, 0, 0.06%, 9, 0, 7, 290.29
1735513273, 25, 72, 74, 2, 0, 0.06%, 9, 0, 7, 357.92
1735513370, 25, 73, 74, 1, 0, 0.06%, 9, 0, 7, 226.07
1735514064, 26, 11, 74, 0, 0, 0.06%, 9, 0, 7, 266.46
1735514069, 26, 12, 74, 0, 0, 0.06%, 9, 0, 7, 261.54
1735514074, 26, 13, 74, 0, 0, 0.06%, 9, 0, 7, 274.66
1735514079, 26, 23, 74, 0, 0, 0.06%, 9, 0, 7, 279.81
1735514090, 26, 39, 74, 0, 0, 0.06%, 9, 0, 7, 278.43
1735514095, 26, 44, 74, 0, 0, 0.06%, 9, 0, 7, 270.66
1735514100, 26, 53, 74, 0, 0, 0.06%, 9, 0, 7, 293.42
1735514105, 26, 61, 74, 0, 0, 0.06%, 9, 0, 7, 284.11
1735514110, 26, 64, 74, 0, 0, 0.06%, 9, 0, 7, 306.04
1735514131, 26, 67, 74, 0, 0, 0.06%, 9, 0, 7, 305.86
1735514146, 26, 73, 74, 0, 0, 0.06%, 9, 0, 7, 295.72
1735514166, 27, 11, 74, 0, 0, 0.06%, 9, 0, 7, 287.48
1735514171, 27, 12, 74, 0, 0, 0.06%, 9, 0, 7, 268.14
1735514176, 27, 13, 74, 0, 0, 0.06%, 9, 0, 7, 279.33
1735514181, 27, 14, 74, 0, 0, 0.06%, 9, 0, 7, 274.17
1735514187, 27, 23, 74, 0, 0, 0.06%, 9, 0, 7, 267.06
1735514192, 27, 25, 74, 0, 0, 0.06%, 9, 0, 7, 327.73
1735514207, 27, 28, 74, 0, 0, 0.06%, 9, 0, 7, 300.87
1735514227, 27, 44, 74, 0, 0, 0.06%, 9, 0, 7, 292.54
1735514232, 27, 47, 74, 0, 0, 0.06%, 9, 0, 7, 291.68
1735514253, 27, 53, 74, 0, 0, 0.06%, 9, 0, 7, 268.41
1735514258, 27, 61, 74, 0, 0, 0.06%, 9, 0, 7, 276.32
1735514263, 28, 10, 74, 0, 0, 0.06%, 9, 0, 7, 266.85
1735514268, 28, 12, 74, 0, 0, 0.06%, 9, 0, 7, 265.43
1735514273, 28, 13, 74, 0, 0, 0.06%, 9, 0, 7, 269.35
1735514278, 28, 14, 74, 0, 0, 0.06%, 9, 0, 7, 263.20
1735514283, 28, 23, 74, 0, 0, 0.06%, 9, 0, 7, 273.73
1735514288, 28, 25, 74, 0, 0, 0.06%, 9, 0, 7, 303.46
1735514293, 28, 44, 74, 0, 0, 0.06%, 9, 0, 7, 267.61
1735514299, 28, 49, 74, 0, 0, 0.06%, 9, 0, 7, 275.02
1735514304, 28, 53, 74, 0, 0, 0.06%, 9, 0, 7, 275.85
1735514309, 28, 61, 74, 0, 0, 0.06%, 9, 0, 7, 286.88
1735514314, 29, 2, 74, 0, 0, 0.06%, 9, 0, 7, 276.79
1735514319, 29, 11, 74, 0, 0, 0.06%, 9, 0, 7, 270.30
1735514324, 29, 12, 74, 0, 0, 0.06%, 9, 0, 7, 267.68
1735514329, 29, 13, 74, 0, 0, 0.06%, 9, 0, 7, 272.66
1735514334, 29, 14, 74, 0, 0, 0.06%, 9, 0, 7, 274.99
1735514339, 29, 23, 74, 0, 0, 0.06%, 9, 0, 7, 263.41
1735514344, 29, 44, 74, 0, 0, 0.06%, 9, 0, 7, 264.67
1735514349, 29, 53, 74, 0, 0, 0.06%, 9, 0, 7, 264.03
1735514355, 29, 61, 74, 0, 0, 0.06%, 9, 0, 7, 279.61
1735514360, 29, 68, 74, 0, 0, 0.06%, 9, 0, 7, 298.45
1735514370, 30, 10, 74, 0, 0, 0.06%, 9, 0, 7, 268.34
1735514375, 30, 12, 74, 0, 0, 0.06%, 9, 0, 7, 258.15
1735514380, 30, 13, 74, 0, 0, 0.06%, 9, 0, 7, 278.84
1735514385, 30, 14, 74, 0, 0, 0.06%, 9, 0, 7, 258.48
1735514390, 30, 23, 74, 0, 0, 0.06%, 9, 0, 7, 260.49
1735514395, 30, 44, 74, 0, 0, 0.06%, 9, 0, 7, 274.66
1735514400, 30, 47, 74, 0, 0, 0.06%, 9, 0, 7, 294.59
1735514405, 30, 53, 74, 0, 0, 0.06%, 9, 0, 7, 275.14
1735514410, 30, 61, 74, 0, 0, 0.06%, 9, 0, 7, 280.00
1735514416, 31, 4, 74, 0, 0, 0.06%, 9, 0, 7, 277.68
1735514421, 31, 11, 74, 0, 0, 0.06%, 9, 0, 7, 265.46
1735514426, 31, 12, 74, 0, 0, 0.06%, 9, 0, 7, 272.29
1735514431, 31, 13, 74, 0, 0, 0.06%, 9, 0, 7, 282.14
1735514436, 31, 14, 74, 0, 0, 0.06%, 9, 0, 7, 279.27
1735514441, 31, 23, 74, 0, 0, 0.06%, 9, 0, 7, 292.16
1735514446, 31, 35, 74, 0, 0, 0.06%, 9, 0, 7, 293.76
1735514466, 31, 44, 74, 0, 0, 0.06%, 9, 0, 7, 276.80
1735514471, 31, 53, 74, 0, 0, 0.06%, 9, 0, 7, 294.14
1735514476, 31, 61, 74, 0, 0, 0.06%, 9, 0, 7, 284.59
1735514481, 31, 64, 74, 0, 0, 0.06%, 9, 0, 7, 292.78
1735514492, 32, 11, 74, 0, 0, 0.06%, 9, 0, 7, 270.34
1735514497, 32, 12, 74, 0, 0, 0.06%, 9, 0, 7, 259.82
1735514502, 32, 13, 74, 0, 0, 0.06%, 9, 0, 7, 258.70
1735514507, 32, 14, 74, 0, 0, 0.06%, 9, 0, 7, 261.68
1735514512, 32, 16, 74, 0, 0, 0.06%, 9, 0, 7, 288.15
1735514527, 32, 23, 74, 0, 0, 0.06%, 9, 0, 7, 284.48
1735514537, 32, 39, 74, 0, 0, 0.06%, 9, 0, 7, 287.92
1735514543, 32, 40, 74, 0, 0, 0.06%, 9, 0, 7, 306.70
1735514563, 32, 44, 74, 0, 0, 0.06%, 9, 0, 7, 258.71
1735514568, 32, 53, 74, 0, 0, 0.06%, 9, 0, 7, 284.18
1735514573, 32, 61, 74, 0, 0, 0.06%, 9, 0, 7, 283.15
1735514578, 33, 11, 74, 0, 0, 0.06%, 9, 0, 7, 275.76
1735514583, 33, 12, 74, 0, 0, 0.06%, 9, 0, 7, 276.09
1735514588, 33, 13, 74, 0, 0, 0.06%, 9, 0, 7, 264.05
1735514593, 33, 14, 74, 0, 0, 0.06%, 9, 0, 7, 258.42
1735514598, 33, 23, 74, 0, 0, 0.06%, 9, 0, 7, 272.05
1735514604, 33, 30, 74, 0, 0, 0.06%, 9, 0, 7, 297.20
1735514609, 33, 35, 74, 0, 0, 0.06%, 9, 0, 7, 289.97
1735514614, 33, 44, 74, 0, 0, 0.06%, 9, 0, 7, 288.21
1735514619, 33, 53, 74, 0, 0, 0.06%, 9, 0, 7, 289.82
1735514624, 33, 61, 74, 0, 0, 0.06%, 9, 0, 7, 278.71
1735514629, 34, 11, 74, 0, 0, 0.06%, 9, 0, 7, 263.24
1735514634, 34, 12, 74, 0, 0, 0.06%, 9, 0, 7, 261.16
1735514639, 34, 13, 74, 0, 0, 0.06%, 9, 0, 7, 268.78
1735514644, 34, 14, 74, 0, 0, 0.06%, 9, 0, 7, 272.48
1735514650, 34, 23, 74, 0, 0, 0.06%, 9, 0, 7, 267.14
1735514655, 34, 25, 74, 0, 0, 0.06%, 9, 0, 7, 290.95
1735514660, 34, 33, 74, 0, 0, 0.06%, 9, 0, 7, 287.66
1735514665, 34, 44, 74, 0, 0, 0.06%, 9, 0, 7, 286.78
1735514670, 34, 53, 74, 0, 0, 0.06%, 9, 0, 7, 285.40
1735514675, 34, 61, 74, 0, 0, 0.06%, 9, 0, 7, 291.52
1735514680, 35, 11, 74, 0, 0, 0.06%, 9, 0, 7, 276.32
1735514685, 35, 12, 74, 0, 0, 0.06%, 9, 0, 7, 279.20
1735514690, 35, 13, 74, 0, 0, 0.06%, 9, 0, 7, 269.52
1735514695, 35, 14, 74, 0, 0, 0.06%, 9, 0, 7, 264.62
1735514700, 35, 16, 74, 0, 0, 0.06%, 9, 0, 7, 274.92
1735514705, 35, 23, 74, 0, 0, 0.06%, 9, 0, 7, 277.09
1735514710, 35, 35, 74, 0, 0, 0.06%, 9, 0, 7, 288.68
1735514715, 35, 44, 74, 0, 0, 0.06%, 9, 0, 7, 268.44
1735514720, 35, 53, 74, 0, 0, 0.06%, 9, 0, 7, 281.91
1735514726, 35, 61, 74, 0, 0, 0.06%, 9, 0, 7, 278.20
1735514731, 35, 64, 74, 0, 0, 0.06%, 9, 0, 7, 299.94
1735514736, 36, 10, 74, 0, 0, 0.06%, 9, 0, 7, 278.61
1735514741, 36, 12, 74, 0, 0, 0.06%, 9, 0, 7, 262.50
1735514746, 36, 13, 74, 0, 0, 0.06%, 9, 0, 7, 254.73
1735514751, 36, 14, 74, 0, 0, 0.06%, 9, 0, 7, 262.39
1735514756, 36, 23, 74, 0, 0, 0.06%, 9, 0, 7, 274.21
1735514761, 36, 44, 74, 0, 0, 0.06%, 9, 0, 7, 277.48
1735514766, 36, 53, 74, 0, 0, 0.06%, 9, 0, 7, 286.34
1735514771, 36, 58, 74, 0, 0, 0.06%, 9, 0, 7, 318.16
1735514792, 36, 61, 74, 0, 0, 0.06%, 9, 0, 7, 288.78
1735514797, 37, 11, 74, 0, 0, 0.06%, 9, 0, 7, 272.72
1735514802, 37, 12, 74, 0, 0, 0.06%, 9, 0, 7, 281.88
1735514807, 37, 13, 74, 0, 0, 0.06%, 9, 0, 7, 281.63
1735514812, 37, 14, 74, 0, 0, 0.06%, 9, 0, 7, 278.82
1735514817, 37, 23, 74, 0, 0, 0.06%, 9, 0, 7, 266.67
1735514822, 37, 37, 74, 0, 0, 0.06%, 9, 0, 7, 271.07
1735514827, 37, 44, 74, 0, 0, 0.06%, 9, 0, 7, 268.67
1735514832, 37, 53, 74, 0, 0, 0.06%, 9, 0, 7, 289.31
1735514837, 37, 61, 74, 0, 0, 0.06%, 9, 0, 7, 285.30
1735514842, 38, 10, 74, 0, 0, 0.06%, 9, 0, 7, 283.14
1735514848, 38, 12, 74, 0, 0, 0.06%, 9, 0, 7, 267.10
1735514853, 38, 13, 74, 0, 0, 0.06%, 9, 0, 7, 264.60
1735514858, 38, 14, 74, 0, 0, 0.06%, 9, 0, 7, 264.69
1735514863, 38, 23, 74, 0, 0, 0.06%, 9, 0, 7, 261.68
1735514868, 38, 40, 74, 0, 0, 0.06%, 9, 0, 7, 298.69
1735514873, 38, 44, 74, 0, 0, 0.06%, 9, 0, 7, 274.46
1735514878, 38, 53, 74, 0, 0, 0.06%, 9, 0, 7, 277.41
1735514883, 38, 61, 74, 0, 0, 0.06%, 9, 0, 7, 279.60
1735514888, 39, 4, 74, 0, 0, 0.06%, 9, 0, 7, 280.00
1735514893, 39, 12, 74, 0, 0, 0.06%, 9, 0, 7, 273.36
1735514898, 39, 13, 74, 0, 0, 0.06%, 9, 0, 7, 263.88
1735514903, 39, 14, 74, 0, 0, 0.06%, 9, 0, 7, 269.92
1735514909, 39, 15, 74, 0, 0, 0.06%, 9, 0, 7, 274.40
1735514919, 39, 19, 74, 0, 0, 0.06%, 9, 0, 7, 273.42
1735514939, 39, 20, 74, 0, 0, 0.06%, 9, 0, 7, 260.58
1735514944, 39, 23, 74, 0, 0, 0.06%, 9, 0, 7, 266.61
1735514949, 39, 38, 74, 0, 0, 0.06%, 9, 0, 7, 280.05
1735514954, 39, 44, 74, 0, 0, 0.06%, 9, 0, 7, 281.01
1735514959, 39, 53, 74, 0, 0, 0.06%, 9, 0, 7, 266.02
1735514965, 39, 58, 74, 0, 0, 0.06%, 9, 0, 7, 305.33
1735514970, 39, 61, 74, 0, 0, 0.06%, 9, 0, 7, 284.37
1735514975, 39, 65, 74, 0, 0, 0.06%, 9, 0, 7, 317.80
1735514990, 40, 10, 74, 0, 0, 0.06%, 9, 0, 7, 284.55
1735514995, 40, 11, 74, 0, 0, 0.06%, 9, 0, 7, 277.69
1735515000, 40, 12, 74, 0, 0, 0.06%, 9, 0, 7, 275.88
1735515005, 40, 13, 74, 0, 0, 0.06%, 9, 0, 7, 277.19
1735515010, 40, 14, 74, 0, 0, 0.06%, 9, 0, 7, 261.48
1735515015, 40, 23, 74, 0, 0, 0.06%, 9, 0, 7, 264.70
1735515020, 40, 44, 74, 0, 0, 0.06%, 9, 0, 7, 271.45
1735515025, 40, 53, 74, 0, 0, 0.06%, 9, 0, 7, 283.14
1735515030, 40, 61, 74, 0, 0, 0.06%, 9, 0, 7, 270.10
1735515035, 40, 65, 74, 0, 0, 0.06%, 9, 0, 7, 309.34
1735515045, 40, 68, 74, 0, 0, 0.06%, 9, 0, 7, 284.60
1735515050, 41, 11, 74, 0, 0, 0.06%, 9, 0, 7, 282.66
1735515055, 41, 12, 74, 0, 0, 0.06%, 9, 0, 7, 274.20
1735515061, 41, 13, 74, 0, 0, 0.06%, 9, 0, 7, 266.22
1735515066, 41, 14, 74, 0, 0, 0.06%, 9, 0, 7, 256.42
1735515071, 41, 23, 74, 0, 0, 0.06%, 9, 0, 7, 269.41
1735515076, 41, 44, 74, 0, 0, 0.06%, 9, 0, 7, 280.41
1735515081, 41, 53, 74, 0, 0, 0.06%, 9, 0, 7, 281.11
1735515086, 41, 60, 74, 0, 0, 0.06%, 9, 0, 7, 364.13
