# unix_time, cycles_done, cur_path, paths_total, pending_total, pending_favs, map_size, unique_crashes, unique_hangs, max_depth, execs_per_sec
1734541104, 0, 0, 10, 10, 1, 0.00%, 0, 0, 1, 150.66
1734541109, 0, 2, 10, 10, 1, 0.00%, 0, 0, 1, 185.60
1734541115, 0, 3, 10, 9, 0, 0.00%, 0, 0, 1, 172.68
1734541125, 0, 4, 10, 8, 0, 0.00%, 0, 0, 1, 189.50
1734541130, 0, 5, 10, 7, 0, 0.00%, 0, 0, 1, 180.13
1734541140, 0, 6, 10, 6, 0, 0.00%, 0, 0, 1, 189.69
1734541145, 0, 7, 10, 5, 0, 0.00%, 0, 0, 1, 181.19
1734541156, 0, 7, 11, 6, 0, 0.05%, 1, 0, 2, 186.55
1734541161, 0, 10, 12, 6, 1, 0.05%, 2, 0, 3, 207.10
1734541181, 0, 11, 15, 8, 1, 0.06%, 5, 0, 4, 217.15
1734541197, 0, 12, 15, 7, 3, 0.06%, 5, 0, 4, 218.81
1734541207, 0, 12, 17, 9, 3, 0.06%, 6, 0, 5, 198.56
1734541222, 0, 12, 18, 10, 3, 0.06%, 7, 0, 5, 200.75
1734541227, 0, 12, 19, 11, 3, 0.06%, 7, 0, 5, 203.30
1734541283, 0, 12, 20, 12, 3, 0.06%, 7, 0, 5, 206.45
1734541314, 0, 12, 21, 13, 3, 0.06%, 8, 0, 5, 203.41
1734541360, 0, 13, 21, 12, 4, 0.06%, 8, 0, 5, 237.12
1734541375, 0, 14, 21, 11, 3, 0.06%, 8, 0, 5, 209.96
1734541380, 0, 14, 22, 12, 3, 0.06%, 8, 0, 5, 214.66
1734541405, 0, 14, 23, 13, 3, 0.06%, 8, 0, 5, 200.92
1734541441, 0, 17, 24, 13, 2, 0.06%, 9, 0, 6, 253.29
1734541446, 0, 17, 25, 14, 2, 0.06%, 9, 0, 6, 239.93
1734541472, 0, 20, 27, 15, 3, 0.06%, 9, 0, 6, 266.30
1734541477, 0, 20, 28, 16, 3, 0.06%, 9, 0, 6, 235.22
1734541502, 0, 23, 28, 15, 3, 0.06%, 9, 0, 6, 233.71
1734541512, 0, 23, 29, 16, 3, 0.06%, 9, 0, 7, 237.11
1734541527, 0, 23, 30, 17, 3, 0.06%, 9, 0, 7, 227.03
1734541538, 0, 23, 31, 18, 3, 0.06%, 9, 0, 7, 223.84
1734541553, 0, 23, 32, 19, 3, 0.06%, 9, 0, 7, 225.34
1734541604, 0, 23, 33, 20, 3, 0.06%, 9, 0, 7, 227.59
1734541619, 0, 24, 33, 19, 2, 0.06%, 9, 0, 7, 237.01
1734541629, 0, 24, 34, 20, 2, 0.06%, 9, 0, 7, 214.13
1734541644, 0, 24, 35, 21, 2, 0.06%, 9, 0, 7, 206.55
1734541649, 0, 24, 36, 22, 2, 0.06%, 9, 0, 7, 209.26
1734541665, 0, 24, 37, 23, 2, 0.06%, 9, 0, 7, 205.20
1734541670, 0, 24, 38, 24, 2, 0.06%, 9, 0, 7, 204.94
1734541705, 0, 24, 39, 25, 2, 0.06%, 9, 0, 7, 211.64
1734541710, 0, 24, 40, 26, 2, 0.06%, 9, 0, 7, 206.38
1734541715, 0, 24, 41, 27, 2, 0.06%, 9, 0, 7, 209.46
1734541740, 0, 26, 41, 26, 1, 0.06%, 9, 0, 7, 285.74
1734541756, 1, 0, 41, 25, 0, 0.06%, 9, 0, 7, 196.77
1734541761, 1, 12, 41, 24, 0, 0.06%, 9, 0, 7, 199.75
1734541766, 1, 14, 41, 24, 0, 0.06%, 9, 0, 7, 204.76
1734541771, 1, 18, 41, 24, 0, 0.06%, 9, 0, 7, 341.62
1734541787, 1, 18, 42, 25, 0, 0.06%, 9, 0, 7, 247.47
1734541802, 1, 18, 43, 26, 0, 0.06%, 9, 0, 7, 237.97
1734541833, 1, 21, 43, 25, 0, 0.06%, 9, 0, 7, 261.47
1734541848, 1, 24, 43, 24, 0, 0.06%, 9, 0, 7, 224.14
1734541853, 1, 26, 43, 24, 0, 0.06%, 9, 0, 7, 219.53
1734541858, 1, 29, 43, 24, 0, 0.06%, 9, 0, 7, 258.96
1734541873, 1, 30, 43, 23, 0, 0.06%, 9, 0, 7, 270.32
1734541879, 1, 30, 44, 24, 0, 0.06%, 9, 0, 8, 243.43
1734541894, 1, 31, 44, 23, 0, 0.06%, 9, 0, 8, 325.63
1734541899, 1, 31, 45, 24, 0, 0.06%, 9, 0, 8, 362.22
1734541914, 1, 31, 46, 25, 0, 0.06%, 9, 0, 8, 252.92
1734541934, 1, 34, 46, 24, 0, 0.06%, 9, 0, 8, 280.74
1734541939, 1, 34, 47, 25, 0, 0.06%, 9, 0, 8, 251.35
1734541954, 1, 35, 47, 24, 0, 0.06%, 9, 0, 8, 248.94
1734541959, 1, 35, 48, 25, 0, 0.06%, 9, 0, 8, 399.48
1734541969, 1, 35, 49, 26, 0, 0.06%, 9, 0, 8, 276.61
1734541980, 1, 37, 49, 25, 0, 0.06%, 9, 0, 8, 281.92
1734542000, 1, 38, 49, 24, 0, 0.06%, 9, 0, 8, 373.60
1734542020, 1, 39, 49, 23, 0, 0.06%, 9, 0, 8, 337.83
1734542041, 2, 12, 49, 22, 0, 0.06%, 9, 0, 8, 249.04
1734542046, 2, 14, 49, 22, 0, 0.06%, 9, 0, 8, 230.75
1734542051, 2, 19, 49, 22, 0, 0.06%, 9, 0, 8, 279.32
1734542061, 2, 20, 49, 21, 0, 0.06%, 9, 0, 8, 240.11
1734542066, 2, 22, 50, 22, 0, 0.06%, 9, 0, 8, 270.77
1734542076, 2, 22, 51, 23, 0, 0.06%, 9, 0, 8, 239.57
1734542096, 2, 22, 52, 24, 0, 0.06%, 9, 0, 8, 237.26
1734542137, 2, 26, 52, 23, 0, 0.06%, 9, 0, 8, 233.34
1734542143, 2, 40, 52, 23, 0, 0.06%, 9, 0, 8, 373.76
1734542158, 2, 45, 52, 22, 0, 0.06%, 9, 0, 8, 319.33
1734542178, 2, 45, 53, 23, 0, 0.06%, 9, 0, 9, 281.52
1734542214, 2, 50, 53, 22, 0, 0.06%, 9, 0, 9, 308.11
1734542239, 2, 50, 58, 27, 0, 0.06%, 9, 0, 9, 425.37
1734542311, 2, 50, 59, 28, 0, 0.06%, 9, 0, 9, 280.76
1734542336, 2, 54, 59, 27, 0, 0.06%, 9, 0, 9, 341.44
1734542433, 2, 56, 59, 26, 0, 0.06%, 9, 0, 9, 296.02
1734542530, 3, 1, 59, 25, 0, 0.06%, 9, 0, 9, 226.07
1734542535, 3, 12, 59, 24, 0, 0.06%, 9, 0, 9, 221.48
1734542540, 3, 14, 59, 24, 0, 0.06%, 9, 0, 9, 216.66
1734542545, 3, 23, 59, 24, 0, 0.06%, 9, 0, 9, 236.36
1734542550, 3, 25, 59, 24, 0, 0.06%, 9, 0, 9, 288.49
1734542560, 3, 26, 59, 23, 0, 0.06%, 9, 0, 9, 234.01
1734542565, 3, 28, 59, 23, 0, 0.06%, 9, 0, 9, 300.94
1734542576, 3, 33, 59, 22, 0, 0.06%, 9, 0, 9, 277.76
1734542591, 3, 34, 59, 21, 0, 0.06%, 9, 0, 9, 245.72
1734542596, 3, 48, 59, 21, 0, 0.06%, 9, 0, 9, 336.99
1734542646, 3, 57, 59, 20, 0, 0.06%, 9, 0, 9, 309.02
1734542743, 4, 11, 59, 19, 0, 0.06%, 9, 0, 9, 262.83
1734542748, 4, 12, 59, 19, 0, 0.06%, 9, 0, 9, 231.76
1734542754, 4, 13, 59, 19, 0, 0.06%, 9, 0, 9, 226.78
1734542759, 4, 14, 59, 19, 0, 0.06%, 9, 0, 9, 223.03
1734542764, 4, 16, 59, 19, 0, 0.06%, 9, 0, 9, 267.05
1734542779, 4, 20, 59, 18, 0, 0.06%, 9, 0, 9, 249.87
1734542784, 4, 23, 59, 18, 0, 0.06%, 9, 0, 9, 245.17
1734542790, 4, 24, 59, 18, 0, 0.06%, 9, 0, 9, 235.85
1734542795, 4, 26, 59, 18, 0, 0.06%, 9, 0, 9, 245.22
1734542805, 4, 27, 59, 18, 0, 0.06%, 9, 0, 9, 295.69
1734542815, 4, 27, 60, 19, 0, 0.06%, 9, 0, 9, 251.72
1734542820, 4, 32, 60, 18, 0, 0.06%, 9, 0, 9, 360.94
1734542840, 4, 36, 60, 17, 0, 0.06%, 9, 0, 9, 274.94
1734542856, 4, 42, 60, 16, 0, 0.06%, 9, 0, 9, 290.46
1734542917, 4, 44, 60, 15, 0, 0.06%, 9, 0, 9, 247.63
1734542958, 4, 47, 60, 14, 0, 0.06%, 9, 0, 9, 267.18
1734543004, 4, 52, 60, 13, 0, 0.06%, 9, 0, 9, 324.37
1734543070, 4, 53, 60, 12, 0, 0.06%, 9, 0, 9, 319.68
1734543171, 5, 9, 60, 11, 0, 0.06%, 9, 0, 9, 215.09
1734543176, 5, 11, 60, 10, 0, 0.06%, 9, 0, 9, 227.49
1734543181, 5, 12, 60, 10, 0, 0.06%, 9, 0, 9, 234.20
1734543186, 5, 13, 60, 10, 0, 0.06%, 9, 0, 9, 226.55
1734543191, 5, 14, 61, 11, 0, 0.06%, 9, 0, 9, 231.93
1734543197, 5, 20, 61, 11, 0, 0.06%, 9, 0, 9, 246.26
1734543207, 5, 23, 61, 11, 0, 0.06%, 9, 0, 9, 247.41
1734543212, 5, 24, 62, 12, 0, 0.06%, 9, 0, 9, 234.19
1734543217, 5, 26, 62, 12, 0, 0.06%, 9, 0, 9, 234.96
1734543222, 5, 35, 63, 13, 0, 0.06%, 9, 0, 9, 257.14
1734543227, 5, 41, 63, 13, 0, 0.06%, 9, 0, 9, 278.79
1734543288, 5, 51, 63, 12, 0, 0.06%, 9, 0, 9, 328.65
1734543319, 5, 52, 63, 11, 0, 0.06%, 9, 0, 9, 288.70
1734543334, 5, 61, 63, 11, 0, 0.06%, 9, 0, 9, 320.55
1734543447, 5, 63, 64, 11, 0, 0.06%, 9, 0, 9, 312.70
1734543553, 6, 0, 65, 11, 0, 0.06%, 9, 0, 9, 249.24
1734543558, 6, 12, 65, 11, 0, 0.06%, 9, 0, 9, 248.29
1734543568, 6, 13, 65, 11, 0, 0.06%, 9, 0, 9, 246.61
1734543573, 6, 14, 65, 11, 0, 0.06%, 9, 0, 9, 242.91
1734543578, 6, 20, 65, 11, 0, 0.06%, 9, 0, 9, 237.79
1734543583, 6, 23, 66, 12, 0, 0.06%, 9, 0, 9, 249.02
1734543589, 6, 24, 66, 12, 0, 0.06%, 9, 0, 9, 243.91
1734543594, 6, 26, 66, 12, 0, 0.06%, 9, 0, 9, 252.97
1734543599, 6, 43, 66, 12, 0, 0.06%, 9, 0, 9, 267.14
1734543614, 6, 43, 67, 13, 0, 0.06%, 9, 0, 9, 247.22
1734543665, 6, 49, 67, 12, 0, 0.06%, 9, 0, 9, 279.25
1734543803, 6, 49, 68, 13, 0, 0.06%, 9, 0, 9, 293.91
1734543824, 6, 55, 68, 12, 0, 0.06%, 9, 0, 9, 279.06
1734543935, 7, 12, 68, 11, 0, 0.06%, 9, 0, 9, 240.68
1734543946, 7, 13, 68, 11, 0, 0.06%, 9, 0, 9, 249.15
1734543951, 7, 14, 68, 11, 0, 0.06%, 9, 0, 9, 247.51
1734543956, 7, 15, 68, 11, 0, 0.06%, 9, 0, 9, 257.53
1734543971, 7, 18, 68, 10, 0, 0.06%, 9, 0, 9, 252.86
1734543976, 7, 19, 68, 10, 0, 0.06%, 9, 0, 9, 250.91
1734543981, 7, 20, 68, 10, 0, 0.06%, 9, 0, 9, 245.68
1734543986, 7, 23, 68, 10, 0, 0.06%, 9, 0, 9, 251.06
1734543991, 7, 24, 68, 10, 0, 0.06%, 9, 0, 9, 239.98
1734543996, 7, 45, 68, 10, 0, 0.06%, 9, 0, 9, 255.83
1734544006, 7, 46, 68, 10, 0, 0.06%, 9, 0, 9, 342.18
1734544088, 7, 56, 68, 9, 0, 0.06%, 9, 0, 9, 267.67
1734544098, 7, 65, 68, 9, 0, 0.06%, 9, 0, 9, 317.13
1734544139, 7, 65, 69, 10, 0, 0.06%, 9, 0, 9, 262.57
1734544194, 7, 66, 69, 9, 0, 0.06%, 9, 0, 9, 297.90
1734544199, 7, 66, 71, 11, 0, 0.06%, 9, 0, 10, 345.49
1734544439, 7, 68, 71, 10, 0, 0.06%, 9, 0, 10, 373.29
1734544561, 8, 11, 71, 9, 0, 0.06%, 9, 0, 10, 235.19
1734544566, 8, 12, 71, 9, 0, 0.06%, 9, 0, 10, 251.55
1734544571, 8, 13, 71, 9, 0, 0.06%, 9, 0, 10, 240.10
1734544576, 8, 14, 71, 9, 0, 0.06%, 9, 0, 10, 244.26
1734544581, 8, 15, 71, 9, 0, 0.06%, 9, 0, 10, 239.59
1734544586, 8, 19, 71, 9, 0, 0.06%, 9, 0, 10, 246.81
1734544591, 8, 20, 71, 9, 0, 0.06%, 9, 0, 10, 240.75
1734544596, 8, 23, 71, 9, 0, 0.06%, 9, 0, 10, 253.15
1734544606, 8, 24, 71, 9, 0, 0.06%, 9, 0, 10, 244.84
1734544612, 8, 27, 71, 9, 0, 0.06%, 9, 0, 10, 266.94
1734544617, 8, 47, 71, 9, 0, 0.06%, 9, 0, 10, 259.79
1734544627, 8, 58, 71, 9, 0, 0.06%, 9, 0, 10, 350.33
1734544719, 8, 69, 71, 8, 0, 0.06%, 9, 0, 10, 272.98
1734544861, 8, 70, 71, 7, 0, 0.06%, 9, 0, 10, 341.27
1734545059, 9, 6, 71, 6, 0, 0.06%, 9, 0, 10, 250.97
1734545065, 9, 12, 71, 6, 0, 0.06%, 9, 0, 10, 245.46
1734545070, 9, 13, 71, 6, 0, 0.06%, 9, 0, 10, 242.37
1734545080, 9, 14, 71, 6, 0, 0.06%, 9, 0, 10, 250.42
1734545085, 9, 15, 71, 6, 0, 0.06%, 9, 0, 10, 247.84
1734545090, 9, 18, 71, 6, 0, 0.06%, 9, 0, 10, 262.38
1734545095, 9, 20, 71, 6, 0, 0.06%, 9, 0, 10, 252.20
1734545100, 9, 23, 71, 6, 0, 0.06%, 9, 0, 10, 255.69
1734545105, 9, 24, 71, 6, 0, 0.06%, 9, 0, 10, 239.23
1734545110, 9, 36, 71, 6, 0, 0.06%, 9, 0, 10, 243.60
1734545120, 9, 38, 71, 6, 0, 0.06%, 9, 0, 10, 267.80
1734545126, 9, 48, 71, 6, 0, 0.06%, 9, 0, 10, 281.38
1734545131, 9, 59, 71, 6, 0, 0.06%, 9, 0, 10, 315.05
1734545186, 9, 62, 71, 5, 0, 0.06%, 9, 0, 10, 396.36
1734545263, 10, 0, 71, 4, 0, 0.06%, 9, 0, 10, 266.15
1734545268, 10, 11, 71, 4, 0, 0.06%, 9, 0, 10, 248.36
1734545273, 10, 12, 71, 4, 0, 0.06%, 9, 0, 10, 251.67
1734545278, 10, 13, 71, 4, 0, 0.06%, 9, 0, 10, 245.16
1734545283, 10, 14, 71, 4, 0, 0.06%, 9, 0, 10, 240.37
1734545288, 10, 15, 71, 4, 0, 0.06%, 9, 0, 10, 236.01
1734545293, 10, 20, 71, 4, 0, 0.06%, 9, 0, 10, 250.01
1734545299, 10, 23, 71, 4, 0, 0.06%, 9, 0, 10, 248.14
1734545309, 10, 24, 71, 4, 0, 0.06%, 9, 0, 10, 253.28
1734545314, 10, 31, 71, 4, 0, 0.06%, 9, 0, 10, 272.43
1734545319, 10, 56, 71, 4, 0, 0.06%, 9, 0, 10, 253.30
1734545324, 10, 67, 71, 4, 0, 0.06%, 9, 0, 10, 297.24
1734545533, 11, 11, 71, 3, 0, 0.06%, 9, 0, 10, 234.71
1734545539, 11, 12, 71, 3, 0, 0.06%, 9, 0, 10, 242.82
1734545544, 11, 13, 71, 3, 0, 0.06%, 9, 0, 10, 249.09
1734545549, 11, 14, 71, 3, 0, 0.06%, 9, 0, 10, 242.77
1734545554, 11, 15, 71, 3, 0, 0.06%, 9, 0, 10, 245.37
1734545559, 11, 20, 71, 3, 0, 0.06%, 9, 0, 10, 245.28
1734545564, 11, 23, 71, 3, 0, 0.06%, 9, 0, 10, 251.70
1734545569, 11, 24, 71, 3, 0, 0.06%, 9, 0, 10, 235.93
1734545579, 11, 41, 71, 3, 0, 0.06%, 9, 0, 10, 282.56
1734545585, 11, 59, 71, 3, 0, 0.06%, 9, 0, 10, 259.89
1734545590, 11, 62, 71, 3, 0, 0.06%, 9, 0, 10, 281.15
1734545605, 11, 64, 71, 3, 0, 0.06%, 9, 0, 10, 374.11
1734545686, 12, 8, 71, 2, 0, 0.06%, 9, 0, 10, 218.04
1734545692, 12, 12, 71, 1, 0, 0.06%, 9, 0, 10, 239.70
1734545702, 12, 13, 71, 1, 0, 0.06%, 9, 0, 10, 249.87
1734545707, 12, 14, 71, 1, 0, 0.06%, 9, 0, 10, 248.14
1734545712, 12, 15, 71, 1, 0, 0.06%, 9, 0, 10, 255.08
1734545717, 12, 20, 71, 1, 0, 0.06%, 9, 0, 10, 251.24
1734545722, 12, 23, 71, 1, 0, 0.06%, 9, 0, 10, 256.89
1734545728, 12, 24, 71, 1, 0, 0.06%, 9, 0, 10, 240.64
1734545733, 13, 11, 71, 1, 0, 0.06%, 9, 0, 10, 243.42
1734545738, 13, 12, 71, 1, 0, 0.06%, 9, 0, 10, 245.06
1734545743, 13, 13, 71, 1, 0, 0.06%, 9, 0, 10, 241.36
1734545748, 13, 14, 71, 1, 0, 0.06%, 9, 0, 10, 247.24
1734545753, 13, 15, 71, 1, 0, 0.06%, 9, 0, 10, 236.35
1734545758, 13, 20, 71, 1, 0, 0.06%, 9, 0, 10, 239.03
1734545763, 13, 23, 71, 1, 0, 0.06%, 9, 0, 10, 249.71
1734545773, 13, 24, 71, 1, 0, 0.06%, 9, 0, 10, 236.90
1734545778, 13, 38, 71, 1, 0, 0.06%, 9, 0, 10, 235.35
1734545783, 13, 48, 71, 1, 0, 0.06%, 9, 0, 10, 272.92
1734545794, 13, 52, 71, 1, 0, 0.06%, 9, 0, 10, 281.26
1734545799, 13, 56, 71, 1, 0, 0.06%, 9, 0, 10, 268.13
1734545804, 14, 11, 71, 1, 0, 0.06%, 9, 0, 10, 246.58
1734545809, 14, 12, 71, 1, 0, 0.06%, 9, 0, 10, 254.48
1734545814, 14, 13, 71, 1, 0, 0.06%, 9, 0, 10, 234.47
1734545819, 14, 14, 71, 1, 0, 0.06%, 9, 0, 10, 236.04
1734545824, 14, 15, 71, 1, 0, 0.06%, 9, 0, 10, 235.08
1734545829, 14, 20, 71, 1, 0, 0.06%, 9, 0, 10, 236.62
1734545839, 14, 23, 71, 1, 0, 0.06%, 9, 0, 10, 250.21
1734545844, 14, 24, 71, 1, 0, 0.06%, 9, 0, 10, 237.74
1734545849, 14, 29, 71, 1, 0, 0.06%, 9, 0, 10, 238.94
1734545855, 14, 53, 71, 1, 0, 0.06%, 9, 0, 10, 271.95
1734545865, 14, 65, 71, 1, 0, 0.06%, 9, 0, 10, 260.91
1734545875, 15, 11, 71, 1, 0, 0.06%, 9, 0, 10, 245.42
1734545880, 15, 12, 71, 1, 0, 0.06%, 9, 0, 10, 233.28
1734545885, 15, 13, 71, 1, 0, 0.06%, 9, 0, 10, 241.56
1734545890, 15, 14, 71, 1, 0, 0.06%, 9, 0, 10, 246.71
1734545895, 15, 15, 71, 1, 0, 0.06%, 9, 0, 10, 241.60
1734545900, 15, 20, 71, 1, 0, 0.06%, 9, 0, 10, 255.78
1734545911, 15, 23, 71, 1, 0, 0.06%, 9, 0, 10, 248.35
1734545916, 15, 24, 71, 1, 0, 0.06%, 9, 0, 10, 234.95
1734545921, 15, 38, 71, 1, 0, 0.06%, 9, 0, 10, 248.97
1734545926, 15, 48, 71, 1, 0, 0.06%, 9, 0, 10, 274.56
1734545936, 15, 60, 71, 1, 0, 0.06%, 9, 0, 10, 397.60
1734546007, 16, 12, 71, 0, 0, 0.06%, 9, 0, 10, 248.13
1734546012, 16, 13, 71, 0, 0, 0.06%, 9, 0, 10, 246.58
1734546017, 16, 14, 71, 0, 0, 0.06%, 9, 0, 10, 256.58
1734546023, 16, 15, 71, 0, 0, 0.06%, 9, 0, 10, 247.32
1734546033, 16, 20, 71, 0, 0, 0.06%, 9, 0, 10, 261.08
1734546038, 16, 23, 71, 0, 0, 0.06%, 9, 0, 10, 249.83
1734546043, 16, 24, 71, 0, 0, 0.06%, 9, 0, 10, 234.67
1734546048, 16, 27, 71, 0, 0, 0.06%, 9, 0, 10, 241.66
1734546053, 16, 32, 71, 0, 0, 0.06%, 9, 0, 10, 264.98
1734546058, 17, 11, 71, 0, 0, 0.06%, 9, 0, 10, 258.34
1734546063, 17, 12, 71, 0, 0, 0.06%, 9, 0, 10, 243.05
1734546068, 17, 13, 71, 0, 0, 0.06%, 9, 0, 10, 238.98
1734546073, 17, 14, 71, 0, 0, 0.06%, 9, 0, 10, 241.35
1734546078, 17, 15, 71, 0, 0, 0.06%, 9, 0, 10, 234.53
1734546083, 17, 20, 71, 0, 0, 0.06%, 9, 0, 10, 250.43
1734546088, 17, 23, 71, 0, 0, 0.06%, 9, 0, 10, 254.62
1734546094, 17, 24, 71, 0, 0, 0.06%, 9, 0, 10, 241.85
1734546104, 17, 39, 71, 0, 0, 0.06%, 9, 0, 10, 252.77
1734546109, 17, 48, 71, 0, 0, 0.06%, 9, 0, 10, 273.00
1734546114, 18, 11, 71, 0, 0, 0.06%, 9, 0, 10, 252.52
1734546119, 18, 12, 71, 0, 0, 0.06%, 9, 0, 10, 236.49
1734546124, 18, 13, 71, 0, 0, 0.06%, 9, 0, 10, 235.80
1734546129, 18, 14, 71, 0, 0, 0.06%, 9, 0, 10, 238.44
1734546134, 18, 15, 71, 0, 0, 0.06%, 9, 0, 10, 234.96
1734546144, 18, 20, 71, 0, 0, 0.06%, 9, 0, 10, 246.96
1734546150, 18, 23, 71, 0, 0, 0.06%, 9, 0, 10, 262.93
1734546155, 18, 24, 71, 0, 0, 0.06%, 9, 0, 10, 251.06
1734546160, 18, 62, 71, 0, 0, 0.06%, 9, 0, 10, 273.64
1734546170, 19, 12, 71, 0, 0, 0.06%, 9, 0, 10, 244.77
1734546175, 19, 13, 71, 0, 0, 0.06%, 9, 0, 10, 243.77
1734546180, 19, 14, 71, 0, 0, 0.06%, 9, 0, 10, 242.12
1734546185, 19, 15, 71, 0, 0, 0.06%, 9, 0, 10, 245.77
1734546196, 19, 20, 71, 0, 0, 0.06%, 9, 0, 10, 254.24
1734546201, 19, 23, 71, 0, 0, 0.06%, 9, 0, 10, 254.33
1734546206, 19, 24, 71, 0, 0, 0.06%, 9, 0, 10, 241.80
1734546211, 19, 35, 71, 0, 0, 0.06%, 9, 0, 10, 258.52
1734546216, 19, 55, 71, 0, 0, 0.06%, 9, 0, 10, 263.34
1734546226, 19, 57, 71, 0, 0, 0.06%, 9, 0, 10, 251.72
1734546236, 19, 69, 71, 0, 0, 0.06%, 9, 0, 10, 266.58
1734546251, 20, 11, 71, 0, 0, 0.06%, 9, 0, 10, 247.37
1734546256, 20, 12, 71, 0, 0, 0.06%, 9, 0, 10, 236.62
1734546261, 20, 13, 71, 0, 0, 0.06%, 9, 0, 10, 239.46
1734546267, 20, 14, 71, 0, 0, 0.06%, 9, 0, 10, 254.08
1734546272, 20, 15, 71, 0, 0, 0.06%, 9, 0, 10, 250.08
1734546282, 20, 17, 71, 0, 0, 0.06%, 9, 0, 10, 253.35
1734546287, 20, 20, 71, 0, 0, 0.06%, 9, 0, 10, 235.73
1734546292, 20, 23, 71, 0, 0, 0.06%, 9, 0, 10, 245.51
1734546297, 20, 24, 71, 0, 0, 0.06%, 9, 0, 10, 232.76
1734546302, 20, 46, 71, 0, 0, 0.06%, 9, 0, 10, 246.76
1734546312, 20, 53, 71, 0, 0, 0.06%, 9, 0, 10, 268.31
1734546317, 21, 11, 71, 0, 0, 0.06%, 9, 0, 10, 243.92
1734546322, 21, 12, 71, 0, 0, 0.06%, 9, 0, 10, 238.01
1734546327, 21, 13, 71, 0, 0, 0.06%, 9, 0, 10, 243.40
1734546332, 21, 14, 71, 0, 0, 0.06%, 9, 0, 10, 239.25
1734546337, 21, 15, 71, 0, 0, 0.06%, 9, 0, 10, 238.66
1734546343, 21, 20, 71, 0, 0, 0.06%, 9, 0, 10, 247.99
1734546348, 21, 23, 71, 0, 0, 0.06%, 9, 0, 10, 235.24
1734546358, 21, 24, 71, 0, 0, 0.06%, 9, 0, 10, 235.94
1734546363, 21, 56, 71, 0, 0, 0.06%, 9, 0, 10, 260.67
1734546368, 22, 12, 71, 0, 0, 0.06%, 9, 0, 10, 242.19
1734546373, 22, 13, 71, 0, 0, 0.06%, 9, 0, 10, 250.53
1734546378, 22, 14, 71, 0, 0, 0.06%, 9, 0, 10, 247.27
1734546383, 22, 15, 71, 0, 0, 0.06%, 9, 0, 10, 240.22
1734546394, 22, 20, 71, 0, 0, 0.06%, 9, 0, 10, 256.77
1734546399, 22, 23, 71, 0, 0, 0.06%, 9, 0, 10, 260.16
1734546404, 22, 24, 71, 0, 0, 0.06%, 9, 0, 10, 241.49
1734546409, 22, 35, 71, 0, 0, 0.06%, 9, 0, 10, 244.72
1734546414, 23, 11, 71, 0, 0, 0.06%, 9, 0, 10, 249.36
1734546419, 23, 12, 71, 0, 0, 0.06%, 9, 0, 10, 241.23
1734546424, 23, 13, 71, 0, 0, 0.06%, 9, 0, 10, 237.09
1734546429, 23, 14, 71, 0, 0, 0.06%, 9, 0, 10, 231.89
1734546434, 23, 15, 71, 0, 0, 0.06%, 9, 0, 10, 234.27
1734546439, 23, 20, 71, 0, 0, 0.06%, 9, 0, 10, 247.48
1734546445, 23, 23, 71, 0, 0, 0.06%, 9, 0, 10, 245.43
1734546455, 23, 24, 71, 0, 0, 0.06%, 9, 0, 10, 242.68
1734546460, 23, 48, 72, 1, 0, 0.06%, 9, 0, 10, 287.22
1734546470, 23, 54, 72, 1, 0, 0.06%, 9, 0, 10, 274.15
1734546480, 23, 55, 72, 1, 0, 0.06%, 9, 0, 10, 260.18
1734546485, 23, 65, 72, 1, 0, 0.06%, 9, 0, 10, 257.43
1734546500, 23, 66, 72, 1, 0, 0.06%, 9, 0, 10, 286.10
1734546516, 23, 71, 73, 2, 0, 0.06%, 9, 0, 10, 361.99
1734546647, 24, 0, 73, 1, 0, 0.06%, 9, 0, 10, 257.65
1734546653, 24, 12, 73, 1, 0, 0.06%, 9, 0, 10, 231.83
1734546658, 24, 13, 73, 1, 0, 0.06%, 9, 0, 10, 242.02
1734546663, 24, 14, 73, 1, 0, 0.06%, 9, 0, 10, 253.86
1734546668, 24, 15, 73, 1, 0, 0.06%, 9, 0, 10, 255.00
1734546678, 24, 20, 73, 1, 0, 0.06%, 9, 0, 10, 258.39
1734546683, 24, 21, 73, 1, 0, 0.06%, 9, 0, 10, 255.72
1734546688, 24, 22, 73, 1, 0, 0.06%, 9, 0, 10, 251.05
1734546693, 24, 23, 73, 1, 0, 0.06%, 9, 0, 10, 256.46
1734546698, 24, 24, 73, 1, 0, 0.06%, 9, 0, 10, 246.99
1734546704, 24, 68, 73, 1, 0, 0.06%, 9, 0, 10, 270.47
1734546714, 25, 11, 73, 1, 0, 0.06%, 9, 0, 10, 255.93
1734546719, 25, 12, 73, 1, 0, 0.06%, 9, 0, 10, 246.52
1734546724, 25, 13, 73, 1, 0, 0.06%, 9, 0, 10, 241.07
1734546729, 25, 14, 73, 1, 0, 0.06%, 9, 0, 10, 243.45
1734546734, 25, 15, 73, 1, 0, 0.06%, 9, 0, 10, 234.83
1734546739, 25, 18, 73, 1, 0, 0.06%, 9, 0, 10, 243.61
1734546744, 25, 20, 73, 1, 0, 0.06%, 9, 0, 10, 252.70
1734546754, 25, 23, 73, 1, 0, 0.06%, 9, 0, 10, 259.45
1734546759, 25, 24, 73, 1, 0, 0.06%, 9, 0, 10, 243.98
1734546764, 25, 55, 73, 1, 0, 0.06%, 9, 0, 10, 262.83
1734546769, 25, 63, 73, 1, 0, 0.06%, 9, 0, 10, 295.13
1734546785, 26, 11, 73, 1, 0, 0.06%, 9, 0, 10, 253.74
1734546790, 26, 12, 73, 1, 0, 0.06%, 9, 0, 10, 240.04
1734546795, 26, 13, 73, 1, 0, 0.06%, 9, 0, 10, 241.54
1734546800, 26, 14, 73, 1, 0, 0.06%, 9, 0, 10, 242.14
1734546805, 26, 15, 73, 1, 0, 0.06%, 9, 0, 10, 239.05
1734546810, 26, 20, 73, 1, 0, 0.06%, 9, 0, 10, 249.27
1734546815, 26, 23, 73, 1, 0, 0.06%, 9, 0, 10, 248.62
1734546825, 26, 24, 73, 1, 0, 0.06%, 9, 0, 10, 242.66
1734546830, 26, 51, 73, 1, 0, 0.06%, 9, 0, 10, 242.29
1734546841, 26, 66, 73, 1, 0, 0.06%, 9, 0, 10, 279.09
1734546856, 26, 71, 73, 1, 0, 0.06%, 9, 0, 10, 280.21
1734546886, 26, 72, 73, 1, 0, 0.06%, 9, 0, 10, 291.18
1734547023, 27, 10, 73, 0, 0, 0.06%, 9, 0, 10, 271.01
1734547028, 27, 11, 73, 0, 0, 0.06%, 9, 0, 10, 258.56
1734547033, 27, 12, 73, 0, 0, 0.06%, 9, 0, 10, 254.56
1734547038, 27, 13, 73, 0, 0, 0.06%, 9, 0, 10, 241.63
1734547043, 27, 14, 73, 0, 0, 0.06%, 9, 0, 10, 248.42
1734547048, 27, 15, 73, 0, 0, 0.06%, 9, 0, 10, 242.12
1734547053, 27, 20, 73, 0, 0, 0.06%, 9, 0, 10, 256.93
1734547058, 27, 23, 73, 0, 0, 0.06%, 9, 0, 10, 263.27
1734547063, 27, 24, 73, 0, 0, 0.06%, 9, 0, 10, 238.36
1734547068, 27, 28, 73, 0, 0, 0.06%, 9, 0, 10, 257.23
1734547079, 27, 43, 73, 0, 0, 0.06%, 9, 0, 10, 255.07
1734547084, 27, 62, 73, 0, 0, 0.06%, 9, 0, 10, 267.03
1734547094, 27, 72, 73, 0, 0, 0.06%, 9, 0, 10, 295.47
1734547124, 28, 2, 73, 0, 0, 0.06%, 9, 0, 10, 242.19
1734547129, 28, 12, 73, 0, 0, 0.06%, 9, 0, 10, 243.90
1734547134, 28, 13, 73, 0, 0, 0.06%, 9, 0, 10, 252.24
1734547144, 28, 14, 73, 0, 0, 0.06%, 9, 0, 10, 254.27
1734547149, 28, 15, 73, 0, 0, 0.06%, 9, 0, 10, 251.32
1734547155, 28, 20, 73, 0, 0, 0.06%, 9, 0, 10, 247.20
1734547160, 28, 23, 73, 0, 0, 0.06%, 9, 0, 10, 255.75
1734547165, 28, 24, 73, 0, 0, 0.06%, 9, 0, 10, 234.90
1734547170, 28, 53, 73, 0, 0, 0.06%, 9, 0, 10, 255.39
1734547175, 28, 60, 73, 0, 0, 0.06%, 9, 0, 10, 271.32
1734547185, 28, 61, 73, 0, 0, 0.06%, 9, 0, 10, 255.57
1734547200, 28, 62, 73, 0, 0, 0.06%, 9, 0, 10, 281.17
1734547205, 29, 11, 73, 0, 0, 0.06%, 9, 0, 10, 258.86
1734547210, 29, 12, 73, 0, 0, 0.06%, 9, 0, 10, 254.55
1734547215, 29, 13, 73, 0, 0, 0.06%, 9, 0, 10, 238.20
1734547220, 29, 14, 73, 0, 0, 0.06%, 9, 0, 10, 234.05
1734547225, 29, 15, 73, 0, 0, 0.06%, 9, 0, 10, 237.85
1734547231, 29, 20, 73, 0, 0, 0.06%, 9, 0, 10, 249.84
1734547236, 29, 23, 73, 0, 0, 0.06%, 9, 0, 10, 260.26
1734547246, 29, 24, 73, 0, 0, 0.06%, 9, 0, 10, 250.87
1734547251, 29, 38, 73, 0, 0, 0.06%, 9, 0, 10, 241.60
1734547256, 29, 49, 73, 0, 0, 0.06%, 9, 0, 10, 282.12
1734547266, 30, 10, 73, 0, 0, 0.06%, 9, 0, 10, 247.96
1734547271, 30, 12, 73, 0, 0, 0.06%, 9, 0, 10, 239.17
1734547277, 30, 13, 73, 0, 0, 0.06%, 9, 0, 10, 240.23
1734547282, 30, 14, 73, 0, 0, 0.06%, 9, 0, 10, 240.77
1734547292, 30, 15, 73, 0, 0, 0.06%, 9, 0, 10, 253.37
1734547297, 30, 20, 73, 0, 0, 0.06%, 9, 0, 10, 263.49
1734547302, 30, 21, 73, 0, 0, 0.06%, 9, 0, 10, 260.03
1734547307, 30, 23, 73, 0, 0, 0.06%, 9, 0, 10, 257.70
1734547312, 30, 24, 73, 0, 0, 0.06%, 9, 0, 10, 240.05
1734547317, 30, 30, 73, 0, 0, 0.06%, 9, 0, 10, 247.45
1734547323, 30, 40, 73, 0, 0, 0.06%, 9, 0, 10, 259.33
1734547328, 30, 62, 73, 0, 0, 0.06%, 9, 0, 10, 277.89
1734547338, 31, 11, 73, 0, 0, 0.06%, 9, 0, 10, 257.40
1734547343, 31, 12, 73, 0, 0, 0.06%, 9, 0, 10, 246.53
1734547348, 31, 13, 73, 0, 0, 0.06%, 9, 0, 10, 243.06
1734547353, 31, 14, 73, 0, 0, 0.06%, 9, 0, 10, 236.06
1734547358, 31, 15, 73, 0, 0, 0.06%, 9, 0, 10, 241.10
1734547363, 31, 20, 73, 0, 0, 0.06%, 9, 0, 10, 240.78
1734547368, 31, 23, 73, 0, 0, 0.06%, 9, 0, 10, 247.21
1734547373, 31, 24, 73, 0, 0, 0.06%, 9, 0, 10, 252.33
1734547378, 31, 53, 73, 0, 0, 0.06%, 9, 0, 10, 258.70
1734547389, 31, 72, 73, 0, 0, 0.06%, 9, 0, 10, 298.87
1734547419, 32, 12, 73, 0, 0, 0.06%, 9, 0, 10, 266.93
1734547424, 32, 13, 73, 0, 0, 0.06%, 9, 0, 10, 260.42
1734547434, 32, 14, 73, 0, 0, 0.06%, 9, 0, 10, 235.95
1734547439, 32, 15, 73, 0, 0, 0.06%, 9, 0, 10, 253.85
1734547444, 32, 20, 73, 0, 0, 0.06%, 9, 0, 10, 260.49
1734547449, 32, 23, 73, 0, 0, 0.06%, 9, 0, 10, 259.53
1734547455, 32, 24, 73, 0, 0, 0.06%, 9, 0, 10, 251.02
1734547460, 32, 32, 73, 0, 0, 0.06%, 9, 0, 10, 263.21
1734547465, 32, 41, 73, 0, 0, 0.06%, 9, 0, 10, 275.21
1734547470, 32, 44, 73, 0, 0, 0.06%, 9, 0, 10, 272.06
1734547480, 32, 46, 73, 0, 0, 0.06%, 9, 0, 10, 274.01
1734547485, 32, 46, 74, 1, 0, 0.06%, 9, 0, 10, 275.74
1734547490, 32, 50, 74, 1, 0, 0.06%, 9, 0, 10, 279.74
1734547500, 32, 65, 74, 1, 0, 0.06%, 9, 0, 10, 243.47
1734547505, 33, 12, 74, 1, 0, 0.06%, 9, 0, 10, 254.20
1734547515, 33, 13, 74, 1, 0, 0.06%, 9, 0, 10, 241.21
1734547521, 33, 14, 74, 1, 0, 0.06%, 9, 0, 10, 239.27
1734547526, 33, 15, 74, 1, 0, 0.06%, 9, 0, 10, 251.81
1734547531, 33, 20, 74, 1, 0, 0.06%, 9, 0, 10, 256.19
1734547536, 33, 23, 74, 1, 0, 0.06%, 9, 0, 10, 244.59
1734547541, 33, 24, 74, 1, 0, 0.06%, 9, 0, 10, 245.51
1734547546, 33, 59, 74, 1, 0, 0.06%, 9, 0, 10, 265.49
1734547551, 34, 3, 74, 1, 0, 0.06%, 9, 0, 10, 273.21
1734547556, 34, 12, 74, 1, 0, 0.06%, 9, 0, 10, 250.15
1734547561, 34, 13, 74, 1, 0, 0.06%, 9, 0, 10, 249.21
1734547566, 34, 14, 74, 1, 0, 0.06%, 9, 0, 10, 260.89
1734547571, 34, 15, 74, 1, 0, 0.06%, 9, 0, 10, 249.39
1734547577, 34, 17, 74, 1, 0, 0.06%, 9, 0, 10, 249.99
1734547587, 34, 20, 74, 1, 0, 0.06%, 9, 0, 10, 252.49
1734547592, 34, 23, 74, 1, 0, 0.06%, 9, 0, 10, 248.89
1734547597, 34, 24, 74, 1, 0, 0.06%, 9, 0, 10, 243.93
1734547602, 34, 32, 74, 1, 0, 0.06%, 9, 0, 10, 257.32
1734547607, 34, 73, 74, 1, 0, 0.06%, 9, 0, 10, 211.29
1734547628, 34, 73, 75, 2, 0, 0.06%, 9, 0, 10, 408.64
1734548387, 35, 11, 75, 1, 0, 0.06%, 9, 0, 10, 244.62
1734548392, 35, 12, 75, 1, 0, 0.06%, 9, 0, 10, 248.03
1734548397, 35, 13, 75, 1, 0, 0.06%, 9, 0, 10, 244.71
1734548402, 35, 14, 75, 1, 0, 0.06%, 9, 0, 10, 243.60
1734548407, 35, 15, 75, 1, 0, 0.06%, 9, 0, 10, 247.78
1734548413, 35, 20, 75, 1, 0, 0.06%, 9, 0, 10, 255.44
1734548418, 35, 23, 75, 1, 0, 0.06%, 9, 0, 10, 276.00
1734548428, 35, 24, 75, 1, 0, 0.06%, 9, 0, 10, 238.77
1734548433, 35, 34, 75, 1, 0, 0.06%, 9, 0, 10, 258.77
1734548438, 36, 12, 75, 1, 0, 0.06%, 9, 0, 10, 243.91
1734548448, 36, 13, 75, 1, 0, 0.06%, 9, 0, 10, 260.93
1734548453, 36, 14, 75, 1, 0, 0.06%, 9, 0, 10, 248.57
1734548458, 36, 15, 75, 1, 0, 0.06%, 9, 0, 10, 253.80
1734548463, 36, 20, 75, 1, 0, 0.06%, 9, 0, 10, 250.89
1734548468, 36, 23, 75, 1, 0, 0.06%, 9, 0, 10, 261.48
1734548473, 36, 24, 75, 1, 0, 0.06%, 9, 0, 10, 236.21
1734548478, 37, 11, 75, 1, 0, 0.06%, 9, 0, 10, 244.19
1734548484, 37, 12, 75, 1, 0, 0.06%, 9, 0, 10, 242.92
1734548489, 37, 13, 75, 1, 0, 0.06%, 9, 0, 10, 240.23
1734548494, 37, 14, 75, 1, 0, 0.06%, 9, 0, 10, 247.25
1734548499, 37, 15, 75, 1, 0, 0.06%, 9, 0, 10, 244.53
1734548504, 37, 19, 75, 1, 0, 0.06%, 9, 0, 10, 251.74
1734548509, 37, 20, 75, 1, 0, 0.06%, 9, 0, 10, 260.36
1734548514, 37, 23, 75, 1, 0, 0.06%, 9, 0, 10, 264.60
1734548524, 37, 24, 75, 1, 0, 0.06%, 9, 0, 10, 242.75
1734548529, 37, 49, 75, 1, 0, 0.06%, 9, 0, 10, 258.50
1734548535, 37, 67, 75, 1, 0, 0.06%, 9, 0, 10, 286.55
1734548545, 37, 74, 76, 2, 0, 0.06%, 9, 0, 10, 245.49
1734549327, 38, 12, 76, 1, 0, 0.06%, 9, 0, 10, 251.43
1734549332, 38, 13, 76, 1, 0, 0.06%, 9, 0, 10, 246.88
1734549342, 38, 14, 76, 1, 0, 0.06%, 9, 0, 10, 257.27
1734549347, 38, 15, 76, 1, 0, 0.06%, 9, 0, 10, 246.26
1734549352, 38, 20, 76, 1, 0, 0.06%, 9, 0, 10, 244.31
1734549357, 38, 23, 76, 1, 0, 0.06%, 9, 0, 10, 260.19
1734549362, 38, 24, 76, 1, 0, 0.06%, 9, 0, 10, 240.75
1734549367, 38, 32, 76, 1, 0, 0.06%, 9, 0, 10, 259.47
1734549372, 38, 37, 76, 1, 0, 0.06%, 9, 0, 10, 257.94
1734549382, 38, 55, 76, 1, 0, 0.06%, 9, 0, 10, 258.84
1734549387, 38, 57, 76, 1, 0, 0.06%, 9, 0, 10, 260.91
1734549392, 39, 12, 76, 1, 0, 0.06%, 9, 0, 10, 247.66
1734549403, 39, 13, 76, 1, 0, 0.06%, 9, 0, 10, 253.91
1734549408, 39, 15, 76, 1, 0, 0.06%, 9, 0, 10, 251.68
1734549418, 39, 20, 76, 1, 0, 0.06%, 9, 0, 10, 251.74
1734549423, 39, 23, 76, 1, 0, 0.06%, 9, 0, 10, 257.50
1734549428, 39, 24, 76, 1, 0, 0.06%, 9, 0, 10, 238.13
1734549433, 39, 74, 76, 1, 0, 0.06%, 9, 0, 10, 287.17
1734549464, 40, 11, 76, 1, 0, 0.06%, 9, 0, 10, 260.49
1734549469, 40, 12, 76, 1, 0, 0.06%, 9, 0, 10, 236.69
1734549474, 40, 13, 76, 1, 0, 0.06%, 9, 0, 10, 251.44
1734549479, 40, 14, 76, 1, 0, 0.06%, 9, 0, 10, 252.23
1734549484, 40, 15, 76, 1, 0, 0.06%, 9, 0, 10, 252.18
1734549489, 40, 18, 76, 1, 0, 0.06%, 9, 0, 10, 257.04
1734549499, 40, 20, 76, 1, 0, 0.06%, 9, 0, 10, 256.43
1734549504, 40, 23, 76, 1, 0, 0.06%, 9, 0, 10, 253.01
1734549510, 40, 24, 76, 1, 0, 0.06%, 9, 0, 10, 253.51
1734549515, 40, 31, 76, 1, 0, 0.06%, 9, 0, 10, 261.86
1734549520, 40, 45, 76, 1, 0, 0.06%, 9, 0, 10, 272.50
1734549530, 40, 48, 76, 1, 0, 0.06%, 9, 0, 10, 267.85
1734549535, 40, 73, 76, 1, 0, 0.06%, 9, 0, 10, 270.06
1734549570, 41, 12, 76, 1, 0, 0.06%, 9, 0, 10, 244.09
1734549575, 41, 13, 76, 1, 0, 0.06%, 9, 0, 10, 256.47
1734549580, 41, 14, 76, 1, 0, 0.06%, 9, 0, 10, 259.05
1734549590, 41, 15, 76, 1, 0, 0.06%, 9, 0, 10, 252.14
1734549595, 41, 20, 76, 1, 0, 0.06%, 9, 0, 10, 249.53
1734549600, 41, 23, 76, 1, 0, 0.06%, 9, 0, 10, 250.71
1734549605, 41, 24, 76, 1, 0, 0.06%, 9, 0, 10, 243.01
1734549611, 41, 45, 76, 1, 0, 0.06%, 9, 0, 10, 257.16
1734549621, 41, 76, 77, 2, 0, 0.06%, 9, 0, 10, 329.21
1734549707, 41, 76, 78, 3, 0, 0.06%, 9, 0, 10, 314.67
1734549799, 42, 12, 78, 2, 0, 0.06%, 9, 0, 10, 239.21
1734549804, 42, 13, 78, 2, 0, 0.06%, 9, 0, 10, 249.52
1734549809, 42, 14, 78, 2, 0, 0.06%, 9, 0, 10, 251.09
1734549819, 42, 15, 78, 2, 0, 0.06%, 9, 0, 10, 263.13
1734549824, 42, 20, 78, 2, 0, 0.06%, 9, 0, 10, 253.50
1734549829, 42, 23, 78, 2, 0, 0.06%, 9, 0, 10, 249.03
1734549834, 42, 24, 78, 2, 0, 0.06%, 9, 0, 10, 239.53
1734549840, 42, 43, 78, 2, 0, 0.06%, 9, 0, 10, 244.82
1734549850, 42, 71, 78, 2, 0, 0.06%, 9, 0, 10, 293.59
1734549880, 43, 11, 78, 2, 0, 0.06%, 9, 0, 10, 269.96
1734549885, 43, 12, 78, 2, 0, 0.06%, 9, 0, 10, 246.16
1734549890, 43, 13, 78, 2, 0, 0.06%, 9, 0, 10, 255.99
1734549895, 43, 14, 78, 2, 0, 0.06%, 9, 0, 10, 241.52
1734549900, 43, 15, 78, 2, 0, 0.06%, 9, 0, 10, 246.16
1734549905, 43, 19, 78, 2, 0, 0.06%, 9, 0, 10, 250.76
1734549911, 43, 20, 78, 2, 0, 0.06%, 9, 0, 10, 256.51
1734549916, 43, 23, 78, 2, 0, 0.06%, 9, 0, 10, 239.39
1734549926, 43, 24, 78, 2, 0, 0.06%, 9, 0, 10, 255.21
1734549931, 43, 25, 78, 2, 0, 0.06%, 9, 0, 10, 258.91
1734549936, 43, 69, 78, 2, 0, 0.06%, 9, 0, 10, 277.02
1734549952, 43, 75, 78, 2, 0, 0.06%, 9, 0, 10, 320.50
1734550089, 44, 12, 78, 1, 0, 0.06%, 9, 0, 10, 235.96
1734550094, 44, 13, 78, 1, 0, 0.06%, 9, 0, 10, 239.20
1734550099, 44, 14, 78, 1, 0, 0.06%, 9, 0, 10, 247.14
1734550104, 44, 15, 78, 1, 0, 0.06%, 9, 0, 10, 240.97
1734550109, 44, 20, 78, 1, 0, 0.06%, 9, 0, 10, 245.65
1734550119, 44, 22, 78, 1, 0, 0.06%, 9, 0, 10, 251.57
1734550124, 44, 23, 78, 1, 0, 0.06%, 9, 0, 10, 237.85
1734550130, 44, 24, 78, 1, 0, 0.06%, 9, 0, 10, 238.66
1734550135, 44, 40, 78, 1, 0, 0.06%, 9, 0, 10, 255.97
1734550140, 44, 63, 78, 1, 0, 0.06%, 9, 0, 10, 287.40
1734550150, 45, 12, 78, 1, 0, 0.06%, 9, 0, 10, 244.19
1734550155, 45, 13, 78, 1, 0, 0.06%, 9, 0, 10, 242.61
1734550160, 45, 14, 78, 1, 0, 0.06%, 9, 0, 10, 257.68
1734550165, 45, 15, 78, 1, 0, 0.06%, 9, 0, 10, 248.40
1734550175, 45, 18, 78, 1, 0, 0.06%, 9, 0, 10, 265.51
1734550180, 45, 20, 78, 1, 0, 0.06%, 9, 0, 10, 269.84
1734550185, 45, 23, 78, 1, 0, 0.06%, 9, 0, 10, 244.77
1734550190, 45, 24, 78, 1, 0, 0.06%, 9, 0, 10, 243.88
1734550196, 45, 45, 78, 1, 0, 0.06%, 9, 0, 10, 267.39
1734550206, 45, 60, 78, 1, 0, 0.06%, 9, 0, 10, 266.69
1734550211, 46, 11, 78, 1, 0, 0.06%, 9, 0, 10, 272.14
1734550216, 46, 12, 78, 1, 0, 0.06%, 9, 0, 10, 242.86
1734550221, 46, 13, 78, 1, 0, 0.06%, 9, 0, 10, 246.73
1734550226, 46, 14, 78, 1, 0, 0.06%, 9, 0, 10, 247.20
1734550231, 46, 15, 78, 1, 0, 0.06%, 9, 0, 10, 255.00
1734550236, 46, 20, 78, 1, 0, 0.06%, 9, 0, 10, 259.28
1734550241, 46, 22, 78, 1, 0, 0.06%, 9, 0, 10, 259.40
1734550251, 46, 23, 78, 1, 0, 0.06%, 9, 0, 10, 244.90
1734550256, 46, 24, 78, 1, 0, 0.06%, 9, 0, 10, 245.32
1734550261, 47, 11, 78, 1, 0, 0.06%, 9, 0, 10, 248.11
1734550267, 47, 12, 78, 1, 0, 0.06%, 9, 0, 10, 249.50
1734550272, 47, 13, 78, 1, 0, 0.06%, 9, 0, 10, 262.43
1734550277, 47, 14, 78, 1, 0, 0.06%, 9, 0, 10, 254.53
1734550282, 47, 15, 78, 1, 0, 0.06%, 9, 0, 10, 258.94
1734550287, 47, 20, 78, 1, 0, 0.06%, 9, 0, 10, 262.85
1734550292, 47, 23, 78, 1, 0, 0.06%, 9, 0, 10, 258.58
1734550297, 47, 24, 78, 1, 0, 0.06%, 9, 0, 10, 242.75
1734550302, 47, 59, 78, 1, 0, 0.06%, 9, 0, 10, 246.70
1734550312, 47, 66, 78, 1, 0, 0.06%, 9, 0, 10, 260.08
1734550317, 48, 11, 78, 1, 0, 0.06%, 9, 0, 10, 257.76
1734550322, 48, 12, 78, 1, 0, 0.06%, 9, 0, 10, 241.84
1734550327, 48, 13, 78, 1, 0, 0.06%, 9, 0, 10, 236.05
1734550332, 48, 14, 78, 1, 0, 0.06%, 9, 0, 10, 240.26
1734550338, 48, 15, 78, 1, 0, 0.06%, 9, 0, 10, 249.62
1734550343, 48, 20, 78, 1, 0, 0.06%, 9, 0, 10, 254.55
1734550348, 48, 21, 78, 1, 0, 0.06%, 9, 0, 10, 256.55
1734550358, 48, 23, 78, 1, 0, 0.06%, 9, 0, 10, 253.32
1734550363, 48, 24, 78, 1, 0, 0.06%, 9, 0, 10, 243.35
1734550368, 48, 53, 78, 1, 0, 0.06%, 9, 0, 10, 260.13
1734550373, 48, 72, 79, 2, 0, 0.06%, 9, 0, 11, 288.14
1734550413, 49, 11, 79, 2, 0, 0.06%, 9, 0, 11, 260.86
1734550418, 49, 12, 79, 2, 0, 0.06%, 9, 0, 11, 254.63
1734550423, 49, 13, 79, 2, 0, 0.06%, 9, 0, 11, 257.56
1734550429, 49, 14, 79, 2, 0, 0.06%, 9, 0, 11, 248.35
1734550434, 49, 15, 79, 2, 0, 0.06%, 9, 0, 11, 245.27
1734550439, 49, 20, 79, 2, 0, 0.06%, 9, 0, 11, 258.35
1734550444, 49, 23, 79, 2, 0, 0.06%, 9, 0, 11, 259.49
1734550454, 49, 24, 79, 2, 0, 0.06%, 9, 0, 11, 265.73
1734550459, 49, 36, 79, 2, 0, 0.06%, 9, 0, 11, 261.14
1734550464, 50, 12, 79, 2, 0, 0.06%, 9, 0, 11, 247.35
1734550469, 50, 13, 79, 2, 0, 0.06%, 9, 0, 11, 263.67
1734550479, 50, 14, 79, 2, 0, 0.06%, 9, 0, 11, 259.62
1734550484, 50, 15, 79, 2, 0, 0.06%, 9, 0, 11, 271.96
1734550489, 50, 20, 79, 2, 0, 0.06%, 9, 0, 11, 271.33
1734550494, 50, 23, 79, 2, 0, 0.06%, 9, 0, 11, 254.63
1734550499, 50, 24, 79, 2, 0, 0.06%, 9, 0, 11, 236.35
1734550505, 50, 33, 79, 2, 0, 0.06%, 9, 0, 11, 250.52
1734550510, 50, 35, 79, 2, 0, 0.06%, 9, 0, 11, 250.81
1734550515, 50, 44, 79, 2, 0, 0.06%, 9, 0, 11, 265.01
1734550525, 51, 11, 79, 2, 0, 0.06%, 9, 0, 11, 250.59
1734550530, 51, 12, 79, 2, 0, 0.06%, 9, 0, 11, 247.90
1734550535, 51, 13, 79, 2, 0, 0.06%, 9, 0, 11, 234.06
1734550540, 51, 14, 79, 2, 0, 0.06%, 9, 0, 11, 238.70
1734550545, 51, 15, 79, 2, 0, 0.06%, 9, 0, 11, 239.95
1734550550, 51, 20, 79, 2, 0, 0.06%, 9, 0, 11, 248.45
1734550555, 51, 23, 79, 2, 0, 0.06%, 9, 0, 11, 256.02
1734550560, 51, 24, 79, 2, 0, 0.06%, 9, 0, 11, 253.15
1734550570, 51, 47, 79, 2, 0, 0.06%, 9, 0, 11, 257.43
1734550575, 51, 55, 79, 2, 0, 0.06%, 9, 0, 11, 278.84
1734550581, 51, 57, 79, 2, 0, 0.06%, 9, 0, 11, 276.35
1734550586, 51, 78, 79, 2, 0, 0.06%, 9, 0, 11, 271.31
1734550717, 52, 12, 79, 1, 0, 0.06%, 9, 0, 11, 254.65
1734550722, 52, 13, 79, 1, 0, 0.06%, 9, 0, 11, 246.49
1734550728, 52, 14, 79, 1, 0, 0.06%, 9, 0, 11, 250.56
1734550733, 52, 15, 79, 1, 0, 0.06%, 9, 0, 11, 245.04
1734550738, 52, 20, 79, 1, 0, 0.06%, 9, 0, 11, 248.10
1734550743, 52, 21, 79, 1, 0, 0.06%, 9, 0, 11, 264.10
1734550753, 52, 23, 79, 1, 0, 0.06%, 9, 0, 11, 239.57
1734550758, 52, 24, 79, 1, 0, 0.06%, 9, 0, 11, 238.92
1734550763, 52, 25, 79, 1, 0, 0.06%, 9, 0, 11, 248.72
1734550768, 52, 31, 79, 1, 0, 0.06%, 9, 0, 11, 250.79
1734550773, 52, 51, 79, 1, 0, 0.06%, 9, 0, 11, 251.29
1734550778, 52, 76, 79, 1, 0, 0.06%, 9, 0, 11, 295.04
1734550809, 53, 11, 79, 1, 0, 0.06%, 9, 0, 11, 260.04
1734550814, 53, 12, 79, 1, 0, 0.06%, 9, 0, 11, 248.53
1734550819, 53, 13, 79, 1, 0, 0.06%, 9, 0, 11, 246.87
1734550824, 53, 14, 79, 1, 0, 0.06%, 9, 0, 11, 245.93
1734550829, 53, 15, 79, 1, 0, 0.06%, 9, 0, 11, 242.66
1734550835, 53, 18, 79, 1, 0, 0.06%, 9, 0, 11, 259.23
1734550840, 53, 20, 79, 1, 0, 0.06%, 9, 0, 11, 257.07
1734550850, 53, 21, 79, 1, 0, 0.06%, 9, 0, 11, 251.28
1734550855, 53, 23, 79, 1, 0, 0.06%, 9, 0, 11, 263.99
1734550860, 53, 24, 79, 1, 0, 0.06%, 9, 0, 11, 243.82
1734550865, 53, 39, 79, 1, 0, 0.06%, 9, 0, 11, 261.25
1734550870, 53, 43, 79, 1, 0, 0.06%, 9, 0, 11, 252.53
1734550880, 53, 44, 79, 1, 0, 0.06%, 9, 0, 11, 250.53
1734550890, 54, 12, 79, 1, 0, 0.06%, 9, 0, 11, 243.54
1734550895, 54, 13, 79, 1, 0, 0.06%, 9, 0, 11, 242.11
1734550900, 54, 14, 79, 1, 0, 0.06%, 9, 0, 11, 247.32
1734550905, 54, 15, 79, 1, 0, 0.06%, 9, 0, 11, 249.06
1734550910, 54, 20, 79, 1, 0, 0.06%, 9, 0, 11, 265.90
1734550921, 54, 23, 79, 1, 0, 0.06%, 9, 0, 11, 265.66
1734550926, 54, 24, 79, 1, 0, 0.06%, 9, 0, 11, 256.37
1734550931, 54, 26, 79, 1, 0, 0.06%, 9, 0, 11, 258.76
1734550936, 54, 73, 79, 1, 0, 0.06%, 9, 0, 11, 318.30
1734550966, 54, 77, 79, 1, 0, 0.06%, 9, 0, 11, 386.68
1734551089, 55, 11, 79, 0, 0, 0.06%, 9, 0, 11, 260.21
1734551094, 55, 12, 79, 0, 0, 0.06%, 9, 0, 11, 238.84
1734551099, 55, 13, 79, 0, 0, 0.06%, 9, 0, 11, 253.44
1734551104, 55, 14, 79, 0, 0, 0.06%, 9, 0, 11, 253.30
1734551109, 55, 15, 79, 0, 0, 0.06%, 9, 0, 11, 249.17
1734551114, 55, 16, 79, 0, 0, 0.06%, 9, 0, 11, 254.13
1734551119, 55, 20, 79, 0, 0, 0.06%, 9, 0, 11, 245.04
1734551124, 55, 21, 79, 0, 0, 0.06%, 9, 0, 11, 250.58
1734551130, 55, 23, 79, 0, 0, 0.06%, 9, 0, 11, 256.94
1734551135, 55, 24, 79, 0, 0, 0.06%, 9, 0, 11, 244.18
1734551145, 55, 42, 79, 0, 0, 0.06%, 9, 0, 11, 260.53
1734551150, 56, 12, 79, 0, 0, 0.06%, 9, 0, 11, 247.14
1734551155, 56, 13, 79, 0, 0, 0.06%, 9, 0, 11, 254.77
1734551165, 56, 14, 79, 0, 0, 0.06%, 9, 0, 11, 243.60
1734551170, 56, 15, 79, 0, 0, 0.06%, 9, 0, 11, 251.07
1734551176, 56, 20, 79, 0, 0, 0.06%, 9, 0, 11, 249.28
1734551181, 56, 23, 79, 0, 0, 0.06%, 9, 0, 11, 242.83
1734551186, 56, 24, 79, 0, 0, 0.06%, 9, 0, 11, 237.15
1734551191, 56, 40, 79, 0, 0, 0.06%, 9, 0, 11, 247.53
1734551196, 56, 66, 79, 0, 0, 0.06%, 9, 0, 11, 263.15
1734551206, 56, 68, 79, 0, 0, 0.06%, 9, 0, 11, 280.38
1734551216, 57, 11, 79, 0, 0, 0.06%, 9, 0, 11, 256.55
1734551221, 57, 12, 79, 0, 0, 0.06%, 9, 0, 11, 240.51
1734551226, 57, 13, 79, 0, 0, 0.06%, 9, 0, 11, 242.30
1734551231, 57, 14, 79, 0, 0, 0.06%, 9, 0, 11, 244.04
1734551236, 57, 15, 79, 0, 0, 0.06%, 9, 0, 11, 246.37
1734551241, 57, 16, 79, 0, 0, 0.06%, 9, 0, 11, 255.19
1734551252, 57, 20, 79, 0, 0, 0.06%, 9, 0, 11, 258.46
1734551257, 57, 23, 79, 0, 0, 0.06%, 9, 0, 11, 240.89
1734551262, 57, 24, 79, 0, 0, 0.06%, 9, 0, 11, 232.34
1734551267, 57, 38, 79, 0, 0, 0.06%, 9, 0, 11, 250.47
1734551272, 58, 9, 79, 0, 0, 0.06%, 9, 0, 11, 254.71
1734551277, 58, 12, 79, 0, 0, 0.06%, 9, 0, 11, 247.62
1734551282, 58, 13, 79, 0, 0, 0.06%, 9, 0, 11, 247.41
1734551287, 58, 14, 79, 0, 0, 0.06%, 9, 0, 11, 257.37
1734551292, 58, 15, 79, 0, 0, 0.06%, 9, 0, 11, 261.06
1734551302, 58, 20, 79, 0, 0, 0.06%, 9, 0, 11, 272.66
1734551307, 58, 23, 79, 0, 0, 0.06%, 9, 0, 11, 257.20
1734551312, 58, 24, 79, 0, 0, 0.06%, 9, 0, 11, 245.68
1734551317, 58, 36, 79, 0, 0, 0.06%, 9, 0, 11, 260.69
1734551322, 58, 38, 79, 0, 0, 0.06%, 9, 0, 11, 262.19
1734551327, 58, 55, 79, 0, 0, 0.06%, 9, 0, 11, 264.73
1734551333, 59, 11, 79, 0, 0, 0.06%, 9, 0, 11, 255.77
1734551338, 59, 12, 79, 0, 0, 0.06%, 9, 0, 11, 254.78
1734551343, 59, 13, 79, 0, 0, 0.06%, 9, 0, 11, 257.37
1734551348, 59, 14, 79, 0, 0, 0.06%, 9, 0, 11, 252.98
1734551353, 59, 15, 79, 0, 0, 0.06%, 9, 0, 11, 250.08
1734551358, 59, 20, 79, 0, 0, 0.06%, 9, 0, 11, 252.35
1734551363, 59, 23, 79, 0, 0, 0.06%, 9, 0, 11, 251.83
1734551368, 59, 24, 79, 0, 0, 0.06%, 9, 0, 11, 246.97
1734551373, 59, 29, 79, 0, 0, 0.06%, 9, 0, 11, 250.93
1734551383, 59, 42, 79, 0, 0, 0.06%, 9, 0, 11, 253.39
1734551388, 59, 48, 79, 0, 0, 0.06%, 9, 0, 11, 274.51
1734551393, 60, 11, 79, 0, 0, 0.06%, 9, 0, 11, 263.89
1734551398, 60, 12, 79, 0, 0, 0.06%, 9, 0, 11, 256.07
1734551403, 60, 13, 79, 0, 0, 0.06%, 9, 0, 11, 238.23
1734551409, 60, 14, 79, 0, 0, 0.06%, 9, 0, 11, 243.16
1734551414, 60, 15, 79, 0, 0, 0.06%, 9, 0, 11, 253.68
1734551424, 60, 20, 79, 0, 0, 0.06%, 9, 0, 11, 269.50
1734551429, 60, 23, 79, 0, 0, 0.06%, 9, 0, 11, 259.92
1734551434, 60, 24, 79, 0, 0, 0.06%, 9, 0, 11, 240.32
1734551439, 60, 68, 79, 0, 0, 0.06%, 9, 0, 11, 261.36
1734551449, 61, 11, 79, 0, 0, 0.06%, 9, 0, 11, 248.09
1734551454, 61, 12, 79, 0, 0, 0.06%, 9, 0, 11, 249.32
1734551459, 61, 13, 80, 1, 0, 0.06%, 9, 0, 11, 251.34
1734551464, 61, 14, 80, 1, 0, 0.06%, 9, 0, 11, 239.58
1734551470, 61, 15, 80, 1, 0, 0.06%, 9, 0, 11, 240.48
1734551475, 61, 20, 80, 1, 0, 0.06%, 9, 0, 11, 253.56
1734551480, 61, 23, 80, 1, 0, 0.06%, 9, 0, 11, 266.92
1734551490, 61, 24, 80, 1, 0, 0.06%, 9, 0, 11, 253.77
1734551495, 61, 28, 80, 1, 0, 0.06%, 9, 0, 11, 248.97
1734551500, 61, 43, 80, 1, 0, 0.06%, 9, 0, 11, 252.19
1734551510, 61, 53, 80, 1, 0, 0.06%, 9, 0, 11, 259.33
1734551515, 62, 11, 80, 1, 0, 0.06%, 9, 0, 11, 253.97
1734551520, 62, 12, 80, 1, 0, 0.06%, 9, 0, 11, 234.93
1734551525, 62, 13, 80, 1, 0, 0.06%, 9, 0, 11, 246.42
1734551530, 62, 14, 80, 1, 0, 0.06%, 9, 0, 11, 256.18
1734551535, 62, 15, 80, 1, 0, 0.06%, 9, 0, 11, 253.36
1734551545, 62, 20, 80, 1, 0, 0.06%, 9, 0, 11, 257.61
1734551550, 62, 23, 80, 1, 0, 0.06%, 9, 0, 11, 250.81
1734551556, 62, 24, 80, 1, 0, 0.06%, 9, 0, 11, 235.76
1734551561, 62, 65, 80, 1, 0, 0.06%, 9, 0, 11, 246.80
1734551566, 62, 71, 80, 1, 0, 0.06%, 9, 0, 11, 280.41
1734551601, 63, 12, 80, 1, 0, 0.06%, 9, 0, 11, 238.00
1734551607, 63, 13, 80, 1, 0, 0.06%, 9, 0, 11, 249.30
1734551612, 63, 14, 80, 1, 0, 0.06%, 9, 0, 11, 240.09
1734551617, 63, 15, 80, 1, 0, 0.06%, 9, 0, 11, 239.40
1734551627, 63, 20, 80, 1, 0, 0.06%, 9, 0, 11, 253.90
1734551632, 63, 22, 80, 1, 0, 0.06%, 9, 0, 11, 272.99
1734551637, 63, 23, 80, 1, 0, 0.06%, 9, 0, 11, 259.17
1734551642, 63, 24, 80, 1, 0, 0.06%, 9, 0, 11, 241.28
1734551647, 63, 37, 80, 1, 0, 0.06%, 9, 0, 11, 253.75
1734551652, 63, 47, 80, 1, 0, 0.06%, 9, 0, 11, 258.04
1734551662, 63, 54, 80, 1, 0, 0.06%, 9, 0, 11, 258.21
1734551668, 64, 12, 80, 1, 0, 0.06%, 9, 0, 11, 246.79
1734551678, 64, 13, 80, 1, 0, 0.06%, 9, 0, 11, 238.90
1734551683, 64, 14, 80, 1, 0, 0.06%, 9, 0, 11, 245.60
1734551688, 64, 15, 80, 1, 0, 0.06%, 9, 0, 11, 238.74
1734551693, 64, 20, 80, 1, 0, 0.06%, 9, 0, 11, 251.87
1734551698, 64, 23, 80, 1, 0, 0.06%, 9, 0, 11, 256.83
1734551703, 64, 24, 80, 1, 0, 0.06%, 9, 0, 11, 253.66
1734551708, 65, 9, 80, 1, 0, 0.06%, 9, 0, 11, 242.56
1734551713, 65, 12, 80, 1, 0, 0.06%, 9, 0, 11, 239.30
1734551719, 65, 13, 80, 1, 0, 0.06%, 9, 0, 11, 243.43
1734551724, 65, 14, 80, 1, 0, 0.06%, 9, 0, 11, 244.18
1734551729, 65, 15, 80, 1, 0, 0.06%, 9, 0, 11, 247.18
1734551734, 65, 20, 80, 1, 0, 0.06%, 9, 0, 11, 245.76
1734551739, 65, 23, 80, 1, 0, 0.06%, 9, 0, 11, 267.17
1734551749, 65, 24, 80, 1, 0, 0.06%, 9, 0, 11, 240.57
1734551754, 65, 35, 80, 1, 0, 0.06%, 9, 0, 11, 257.51
1734551759, 65, 72, 80, 1, 0, 0.06%, 9, 0, 11, 287.02
1734551790, 65, 74, 80, 1, 0, 0.06%, 9, 0, 11, 303.66
1734551820, 65, 79, 81, 2, 0, 0.06%, 9, 0, 11, 316.21
1734551958, 66, 12, 81, 1, 0, 0.06%, 9, 0, 11, 237.78
1734551963, 66, 13, 81, 1, 0, 0.06%, 9, 0, 11, 245.84
1734551968, 66, 14, 81, 1, 0, 0.06%, 9, 0, 11, 254.17
1734551973, 66, 15, 81, 1, 0, 0.06%, 9, 0, 11, 251.57
1734551983, 66, 20, 81, 1, 0, 0.06%, 9, 0, 11, 256.93
1734551988, 66, 21, 81, 1, 0, 0.06%, 9, 0, 11, 252.71
1734551994, 66, 23, 81, 1, 0, 0.06%, 9, 0, 11, 253.30
1734551999, 66, 24, 81, 1, 0, 0.06%, 9, 0, 11, 249.79
1734552004, 66, 38, 81, 1, 0, 0.06%, 9, 0, 11, 255.46
1734552009, 66, 42, 81, 1, 0, 0.06%, 9, 0, 11, 268.52
1734552014, 66, 77, 81, 1, 0, 0.06%, 9, 0, 11, 264.41
1734552049, 67, 12, 81, 1, 0, 0.06%, 9, 0, 11, 262.38
1734552060, 67, 13, 81, 1, 0, 0.06%, 9, 0, 11, 258.44
1734552065, 67, 14, 81, 1, 0, 0.06%, 9, 0, 11, 250.76
1734552070, 67, 15, 81, 1, 0, 0.06%, 9, 0, 11, 250.75
1734552075, 67, 20, 81, 1, 0, 0.06%, 9, 0, 11, 249.60
1734552080, 67, 23, 81, 1, 0, 0.06%, 9, 0, 11, 252.71
1734552085, 67, 24, 81, 1, 0, 0.06%, 9, 0, 11, 234.40
1734552095, 67, 54, 81, 1, 0, 0.06%, 9, 0, 11, 258.62
1734552100, 67, 73, 81, 1, 0, 0.06%, 9, 0, 11, 322.95
1734552130, 68, 12, 81, 1, 0, 0.06%, 9, 0, 11, 244.56
1734552136, 68, 13, 81, 1, 0, 0.06%, 9, 0, 11, 238.07
1734552141, 68, 14, 81, 1, 0, 0.06%, 9, 0, 11, 252.65
1734552146, 68, 15, 81, 1, 0, 0.06%, 9, 0, 11, 247.50
1734552151, 68, 20, 81, 1, 0, 0.06%, 9, 0, 11, 264.91
1734552161, 68, 23, 81, 1, 0, 0.06%, 9, 0, 11, 246.74
1734552166, 68, 24, 81, 1, 0, 0.06%, 9, 0, 11, 230.68
1734552171, 68, 25, 81, 1, 0, 0.06%, 9, 0, 11, 252.62
1734552176, 68, 38, 81, 1, 0, 0.06%, 9, 0, 11, 259.30
1734552181, 68, 57, 81, 1, 0, 0.06%, 9, 0, 11, 263.23
1734552186, 68, 70, 81, 1, 0, 0.06%, 9, 0, 11, 281.86
1734552202, 68, 80, 81, 1, 0, 0.06%, 9, 0, 11, 251.77
1734552339, 69, 11, 81, 0, 0, 0.06%, 9, 0, 11, 258.73
1734552344, 69, 12, 81, 0, 0, 0.06%, 9, 0, 11, 265.36
1734552349, 69, 13, 81, 0, 0, 0.06%, 9, 0, 11, 250.96
1734552354, 69, 14, 81, 0, 0, 0.06%, 9, 0, 11, 252.62
1734552360, 69, 15, 81, 0, 0, 0.06%, 9, 0, 11, 244.94
1734552365, 69, 20, 81, 0, 0, 0.06%, 9, 0, 11, 249.68
1734552370, 69, 23, 81, 0, 0, 0.06%, 9, 0, 11, 262.85
1734552375, 69, 24, 81, 0, 0, 0.06%, 9, 0, 11, 256.77
1734552385, 69, 44, 81, 0, 0, 0.06%, 9, 0, 11, 246.08
1734552390, 69, 52, 81, 0, 0, 0.06%, 9, 0, 11, 259.39
1734552400, 70, 11, 81, 0, 0, 0.06%, 9, 0, 11, 244.76
1734552405, 70, 12, 81, 0, 0, 0.06%, 9, 0, 11, 250.80
1734552410, 70, 13, 81, 0, 0, 0.06%, 9, 0, 11, 252.97
1734552415, 70, 14, 81, 0, 0, 0.06%, 9, 0, 11, 247.73
1734552421, 70, 15, 81, 0, 0, 0.06%, 9, 0, 11, 238.70
1734552426, 70, 20, 81, 0, 0, 0.06%, 9, 0, 11, 252.01
1734552431, 70, 23, 81, 0, 0, 0.06%, 9, 0, 11, 255.52
1734552436, 70, 24, 81, 0, 0, 0.06%, 9, 0, 11, 245.38
1734552446, 70, 32, 81, 0, 0, 0.06%, 9, 0, 11, 266.73
1734552451, 70, 43, 81, 0, 0, 0.06%, 9, 0, 11, 254.90
1734552456, 70, 45, 81, 0, 0, 0.06%, 9, 0, 11, 257.39
1734552466, 70, 46, 81, 0, 0, 0.06%, 9, 0, 11, 275.59
1734552476, 70, 48, 81, 0, 0, 0.06%, 9, 0, 11, 287.30
1734552482, 70, 74, 81, 0, 0, 0.06%, 9, 0, 11, 294.47
1734552512, 71, 3, 81, 0, 0, 0.06%, 9, 0, 11, 239.95
1734552517, 71, 12, 81, 0, 0, 0.06%, 9, 0, 11, 244.64
1734552522, 71, 13, 81, 0, 0, 0.06%, 9, 0, 11, 246.40
1734552527, 71, 14, 81, 0, 0, 0.06%, 9, 0, 11, 264.73
1734552537, 71, 15, 81, 0, 0, 0.06%, 9, 0, 11, 250.74
1734552542, 71, 20, 81, 0, 0, 0.06%, 9, 0, 11, 259.12
1734552547, 71, 23, 81, 0, 0, 0.06%, 9, 0, 11, 248.90
1734552552, 71, 24, 81, 0, 0, 0.06%, 9, 0, 11, 243.41
1734552557, 71, 43, 81, 0, 0, 0.06%, 9, 0, 11, 247.88
1734552567, 71, 52, 81, 0, 0, 0.06%, 9, 0, 11, 283.78
1734552572, 72, 9, 81, 0, 0, 0.06%, 9, 0, 11, 275.83
1734552578, 72, 12, 81, 0, 0, 0.06%, 9, 0, 11, 254.85
1734552583, 72, 13, 81, 0, 0, 0.06%, 9, 0, 11, 246.30
1734552588, 72, 14, 81, 0, 0, 0.06%, 9, 0, 11, 253.70
1734552593, 72, 15, 81, 0, 0, 0.06%, 9, 0, 11, 237.26
1734552603, 72, 20, 81, 0, 0, 0.06%, 9, 0, 11, 273.90
1734552608, 72, 21, 81, 0, 0, 0.06%, 9, 0, 11, 257.56
1734552613, 72, 23, 81, 0, 0, 0.06%, 9, 0, 11, 257.47
1734552618, 72, 24, 81, 0, 0, 0.06%, 9, 0, 11, 245.54
1734552623, 72, 37, 81, 0, 0, 0.06%, 9, 0, 11, 247.75
1734552628, 72, 47, 81, 0, 0, 0.06%, 9, 0, 11, 252.41
1734552639, 72, 54, 81, 0, 0, 0.06%, 9, 0, 11, 265.11
1734552644, 72, 72, 81, 0, 0, 0.06%, 9, 0, 11, 299.25
1734552659, 73, 11, 81, 0, 0, 0.06%, 9, 0, 11, 263.67
1734552664, 73, 12, 81, 0, 0, 0.06%, 9, 0, 11, 259.63
1734552669, 73, 13, 81, 0, 0, 0.06%, 9, 0, 11, 254.76
1734552674, 73, 14, 81, 0, 0, 0.06%, 9, 0, 11, 251.53
1734552679, 73, 15, 81, 0, 0, 0.06%, 9, 0, 11, 246.39
1734552684, 73, 20, 81, 0, 0, 0.06%, 9, 0, 11, 241.10
1734552689, 73, 23, 81, 0, 0, 0.06%, 9, 0, 11, 253.68
1734552694, 73, 24, 81, 0, 0, 0.06%, 9, 0, 11, 249.60
1734552704, 73, 26, 81, 0, 0, 0.06%, 9, 0, 11, 254.41
1734552709, 73, 43, 81, 0, 0, 0.06%, 9, 0, 11, 241.85
1734552715, 73, 53, 81, 0, 0, 0.06%, 9, 0, 11, 265.02
1734552720, 73, 59, 81, 0, 0, 0.06%, 9, 0, 11, 253.63
1734552730, 73, 77, 81, 0, 0, 0.06%, 9, 0, 11, 300.12
1734552760, 74, 12, 81, 0, 0, 0.06%, 9, 0, 11, 247.33
1734552766, 74, 13, 81, 0, 0, 0.06%, 9, 0, 11, 247.12
1734552771, 74, 14, 81, 0, 0, 0.06%, 9, 0, 11, 266.20
1734552776, 74, 15, 81, 0, 0, 0.06%, 9, 0, 11, 257.52
1734552786, 74, 16, 81, 0, 0, 0.06%, 9, 0, 11, 253.78
1734552791, 74, 20, 81, 0, 0, 0.06%, 9, 0, 11, 262.87
1734552796, 74, 23, 81, 0, 0, 0.06%, 9, 0, 11, 260.71
1734552801, 74, 24, 81, 0, 0, 0.06%, 9, 0, 11, 241.80
1734552806, 74, 27, 81, 0, 0, 0.06%, 9, 0, 11, 252.47
1734552811, 74, 39, 81, 0, 0, 0.06%, 9, 0, 11, 251.68
1734552816, 74, 44, 81, 0, 0, 0.06%, 9, 0, 11, 259.57
1734552826, 74, 47, 81, 0, 0, 0.06%, 9, 0, 11, 267.37
1734552836, 74, 56, 81, 0, 0, 0.06%, 9, 0, 11, 276.25
1734552842, 74, 67, 81, 0, 0, 0.06%, 9, 0, 11, 285.23
1734552852, 74, 76, 81, 0, 0, 0.06%, 9, 0, 11, 296.72
1734552882, 75, 12, 81, 0, 0, 0.06%, 9, 0, 11, 258.50
1734552887, 75, 13, 81, 0, 0, 0.06%, 9, 0, 11, 260.20
1734552892, 75, 14, 81, 0, 0, 0.06%, 9, 0, 11, 252.29
1734552897, 75, 15, 81, 0, 0, 0.06%, 9, 0, 11, 235.97
1734552908, 75, 20, 81, 0, 0, 0.06%, 9, 0, 11, 271.82
1734552913, 75, 23, 81, 0, 0, 0.06%, 9, 0, 11, 254.12
1734552918, 75, 24, 81, 0, 0, 0.06%, 9, 0, 11, 234.70
1734552923, 75, 36, 81, 0, 0, 0.06%, 9, 0, 11, 242.20
1734552928, 75, 37, 81, 0, 0, 0.06%, 9, 0, 11, 252.34
1734552933, 75, 38, 81, 0, 0, 0.06%, 9, 0, 11, 250.03
1734552938, 76, 1, 81, 0, 0, 0.06%, 9, 0, 11, 244.36
1734552943, 76, 12, 81, 0, 0, 0.06%, 9, 0, 11, 248.29
1734552949, 76, 13, 81, 0, 0, 0.06%, 9, 0, 11, 250.79
1734552959, 76, 14, 81, 0, 0, 0.06%, 9, 0, 11, 253.33
1734552964, 76, 15, 81, 0, 0, 0.06%, 9, 0, 11, 261.19
1734552969, 76, 20, 81, 0, 0, 0.06%, 9, 0, 11, 256.82
1734552974, 76, 23, 81, 0, 0, 0.06%, 9, 0, 11, 255.63
1734552979, 76, 24, 81, 0, 0, 0.06%, 9, 0, 11, 244.50
1734552984, 76, 42, 81, 0, 0, 0.06%, 9, 0, 11, 259.88
1734552989, 76, 47, 81, 0, 0, 0.06%, 9, 0, 11, 256.88
1734552999, 76, 55, 81, 0, 0, 0.06%, 9, 0, 11, 258.44
1734553004, 76, 66, 81, 0, 0, 0.06%, 9, 0, 11, 285.16
1734553009, 76, 77, 81, 0, 0, 0.06%, 9, 0, 11, 275.15
1734553045, 77, 11, 81, 0, 0, 0.06%, 9, 0, 11, 271.62
1734553050, 77, 12, 81, 0, 0, 0.06%, 9, 0, 11, 246.42
1734553055, 77, 13, 81, 0, 0, 0.06%, 9, 0, 11, 252.01
1734553060, 77, 14, 81, 0, 0, 0.06%, 9, 0, 11, 239.21
1734553066, 77, 15, 81, 0, 0, 0.06%, 9, 0, 11, 246.79
1734553071, 77, 20, 81, 0, 0, 0.06%, 9, 0, 11, 246.29
1734553076, 77, 23, 81, 0, 0, 0.06%, 9, 0, 11, 261.21
1734553081, 77, 24, 81, 0, 0, 0.06%, 9, 0, 11, 243.22
1734553086, 77, 55, 81, 0, 0, 0.06%, 9, 0, 11, 254.04
1734553091, 78, 8, 81, 0, 0, 0.06%, 9, 0, 11, 245.22
1734553096, 78, 12, 81, 0, 0, 0.06%, 9, 0, 11, 243.42
1734553101, 78, 13, 81, 0, 0, 0.06%, 9, 0, 11, 251.02
1734553106, 78, 14, 81, 0, 0, 0.06%, 9, 0, 11, 262.03
1734553116, 78, 15, 81, 0, 0, 0.06%, 9, 0, 11, 253.54
1734553121, 78, 19, 81, 0, 0, 0.06%, 9, 0, 11, 252.28
1734553126, 78, 20, 81, 0, 0, 0.06%, 9, 0, 11, 257.89
1734553132, 78, 23, 81, 0, 0, 0.06%, 9, 0, 11, 265.19
1734553137, 78, 24, 81, 0, 0, 0.06%, 9, 0, 11, 250.03
1734553142, 79, 11, 81, 0, 0, 0.06%, 9, 0, 11, 237.66
1734553147, 79, 12, 81, 0, 0, 0.06%, 9, 0, 11, 251.66
1734553152, 79, 13, 81, 0, 0, 0.06%, 9, 0, 11, 243.33
1734553157, 79, 14, 81, 0, 0, 0.06%, 9, 0, 11, 247.93
1734553162, 79, 15, 81, 0, 0, 0.06%, 9, 0, 11, 254.57
1734553167, 79, 20, 81, 0, 0, 0.06%, 9, 0, 11, 263.89
1734553177, 79, 23, 81, 0, 0, 0.06%, 9, 0, 11, 255.33
1734553182, 79, 24, 81, 0, 0, 0.06%, 9, 0, 11, 251.35
1734553187, 80, 11, 81, 0, 0, 0.06%, 9, 0, 11, 257.40
1734553192, 80, 12, 81, 0, 0, 0.06%, 9, 0, 11, 254.94
1734553197, 80, 13, 81, 0, 0, 0.06%, 9, 0, 11, 237.77
1734553202, 80, 14, 81, 0, 0, 0.06%, 9, 0, 11, 242.38
1734553207, 80, 15, 81, 0, 0, 0.06%, 9, 0, 11, 247.01
1734553212, 80, 20, 81, 0, 0, 0.06%, 9, 0, 11, 255.94
1734553217, 80, 23, 81, 0, 0, 0.06%, 9, 0, 11, 257.69
1734553223, 80, 24, 81, 0, 0, 0.06%, 9, 0, 11, 256.04
1734553233, 80, 25, 81, 0, 0, 0.06%, 9, 0, 11, 245.76
1734553238, 80, 40, 81, 0, 0, 0.06%, 9, 0, 11, 255.16
1734553243, 80, 42, 81, 0, 0, 0.06%, 9, 0, 11, 266.04
1734553248, 80, 66, 81, 0, 0, 0.06%, 9, 0, 11, 276.27
1734553253, 80, 74, 81, 0, 0, 0.06%, 9, 0, 11, 286.77
1734553283, 81, 2, 81, 0, 0, 0.06%, 9, 0, 11, 257.28
1734553288, 81, 12, 81, 0, 0, 0.06%, 9, 0, 11, 245.40
1734553293, 81, 13, 81, 0, 0, 0.06%, 9, 0, 11, 248.38
1734553298, 81, 14, 81, 0, 0, 0.06%, 9, 0, 11, 256.04
1734553304, 81, 15, 81, 0, 0, 0.06%, 9, 0, 11, 249.09
1734553309, 81, 20, 81, 0, 0, 0.06%, 9, 0, 11, 258.03
1734553319, 81, 23, 81, 0, 0, 0.06%, 9, 0, 11, 256.18
1734553324, 81, 24, 81, 0, 0, 0.06%, 9, 0, 11, 245.21
1734553329, 81, 46, 81, 0, 0, 0.06%, 9, 0, 11, 268.14
1734553334, 81, 59, 81, 0, 0, 0.06%, 9, 0, 11, 274.71
1734553344, 82, 12, 81, 0, 0, 0.06%, 9, 0, 11, 245.25
1734553349, 82, 13, 81, 0, 0, 0.06%, 9, 0, 11, 250.74
1734553354, 82, 14, 81, 0, 0, 0.06%, 9, 0, 11, 255.12
1734553359, 82, 15, 81, 0, 0, 0.06%, 9, 0, 11, 241.84
1734553369, 82, 20, 81, 0, 0, 0.06%, 9, 0, 11, 258.11
1734553375, 82, 23, 81, 0, 0, 0.06%, 9, 0, 11, 251.16
1734553380, 82, 24, 81, 0, 0, 0.06%, 9, 0, 11, 240.90
1734553385, 82, 34, 81, 0, 0, 0.06%, 9, 0, 11, 239.33
1734553390, 82, 46, 81, 0, 0, 0.06%, 9, 0, 11, 276.74
1734553400, 82, 50, 81, 0, 0, 0.06%, 9, 0, 11, 261.96
1734553405, 82, 57, 81, 0, 0, 0.06%, 9, 0, 11, 263.22
1734553410, 82, 69, 81, 0, 0, 0.06%, 9, 0, 11, 271.63
1734553425, 82, 70, 81, 0, 0, 0.06%, 9, 0, 11, 293.59
1734553440, 82, 77, 81, 0, 0, 0.06%, 9, 0, 11, 286.09
1734553471, 83, 11, 81, 0, 0, 0.06%, 9, 0, 11, 259.27
1734553476, 83, 12, 81, 0, 0, 0.06%, 9, 0, 11, 260.60
1734553481, 83, 13, 81, 0, 0, 0.06%, 9, 0, 11, 250.83
1734553486, 83, 14, 81, 0, 0, 0.06%, 9, 0, 11, 253.91
1734553491, 83, 15, 81, 0, 0, 0.06%, 9, 0, 11, 248.56
1734553496, 83, 20, 81, 0, 0, 0.06%, 9, 0, 11, 247.88
1734553501, 83, 23, 81, 0, 0, 0.06%, 9, 0, 11, 265.64
1734553511, 83, 24, 81, 0, 0, 0.06%, 9, 0, 11, 238.53
1734553516, 83, 33, 81, 0, 0, 0.06%, 9, 0, 11, 247.08
1734553521, 83, 46, 81, 0, 0, 0.06%, 9, 0, 11, 266.57
1734553526, 83, 47, 81, 0, 0, 0.06%, 9, 0, 11, 269.39
1734553537, 84, 11, 81, 0, 0, 0.06%, 9, 0, 11, 257.18
1734553542, 84, 12, 81, 0, 0, 0.06%, 9, 0, 11, 244.14
1734553547, 84, 13, 81, 0, 0, 0.06%, 9, 0, 11, 248.09
1734553552, 84, 14, 81, 0, 0, 0.06%, 9, 0, 11, 248.69
1734553557, 84, 15, 81, 0, 0, 0.06%, 9, 0, 11, 247.15
1734553562, 84, 20, 81, 0, 0, 0.06%, 9, 0, 11, 253.99
1734553567, 84, 23, 81, 0, 0, 0.06%, 9, 0, 11, 268.16
1734553572, 84, 24, 81, 0, 0, 0.06%, 9, 0, 11, 253.36
1734553577, 84, 45, 81, 0, 0, 0.06%, 9, 0, 11, 262.34
1734553587, 84, 62, 81, 0, 0, 0.06%, 9, 0, 11, 284.67
1734553598, 84, 69, 81, 0, 0, 0.06%, 9, 0, 11, 268.56
1734553603, 85, 11, 81, 0, 0, 0.06%, 9, 0, 11, 244.72
1734553608, 85, 12, 81, 0, 0, 0.06%, 9, 0, 11, 246.48
1734553613, 85, 13, 81, 0, 0, 0.06%, 9, 0, 11, 244.45
1734553618, 85, 14, 81, 0, 0, 0.06%, 9, 0, 11, 248.54
1734553623, 85, 15, 81, 0, 0, 0.06%, 9, 0, 11, 242.77
1734553628, 85, 20, 81, 0, 0, 0.06%, 9, 0, 11, 240.02
1734553633, 85, 23, 81, 0, 0, 0.06%, 9, 0, 11, 259.65
1734553638, 85, 24, 81, 0, 0, 0.06%, 9, 0, 11, 256.31
1734553648, 85, 46, 81, 0, 0, 0.06%, 9, 0, 11, 269.47
1734553653, 85, 62, 81, 0, 0, 0.06%, 9, 0, 11, 271.91
1734553663, 86, 12, 81, 0, 0, 0.06%, 9, 0, 11, 261.13
1734553669, 86, 13, 81, 0, 0, 0.06%, 9, 0, 11, 257.89
1734553674, 86, 14, 81, 0, 0, 0.06%, 9, 0, 11, 264.17
1734553684, 86, 15, 81, 0, 0, 0.06%, 9, 0, 11, 264.70
1734553689, 86, 20, 81, 0, 0, 0.06%, 9, 0, 11, 258.25
1734553694, 86, 23, 81, 0, 0, 0.06%, 9, 0, 11, 254.91
1734553699, 86, 24, 81, 0, 0, 0.06%, 9, 0, 11, 247.21
1734553704, 86, 54, 81, 0, 0, 0.06%, 9, 0, 11, 259.34
1734553709, 86, 76, 81, 0, 0, 0.06%, 9, 0, 11, 269.21
1734553745, 87, 12, 81, 0, 0, 0.06%, 9, 0, 11, 245.56
1734553750, 87, 13, 81, 0, 0, 0.06%, 9, 0, 11, 241.25
1734553755, 87, 14, 81, 0, 0, 0.06%, 9, 0, 11, 243.36
1734553765, 87, 15, 81, 0, 0, 0.06%, 9, 0, 11, 247.92
1734553770, 87, 20, 81, 0, 0, 0.06%, 9, 0, 11, 258.19
1734553775, 87, 23, 81, 0, 0, 0.06%, 9, 0, 11, 257.00
1734553780, 87, 24, 81, 0, 0, 0.06%, 9, 0, 11, 243.67
1734553785, 87, 31, 81, 0, 0, 0.06%, 9, 0, 11, 255.04
1734553790, 87, 45, 81, 0, 0, 0.06%, 9, 0, 11, 282.12
1734553800, 87, 58, 81, 0, 0, 0.06%, 9, 0, 11, 301.43
1734553810, 87, 63, 81, 0, 0, 0.06%, 9, 0, 11, 293.72
1734553815, 87, 65, 81, 0, 0, 0.06%, 9, 0, 11, 291.04
1734553821, 87, 76, 81, 0, 0, 0.06%, 9, 0, 11, 280.15
1734553851, 88, 2, 81, 0, 0, 0.06%, 9, 0, 11, 275.88
1734553857, 88, 12, 81, 0, 0, 0.06%, 9, 0, 11, 261.12
1734553862, 88, 13, 81, 0, 0, 0.06%, 9, 0, 11, 248.86
1734553872, 88, 14, 81, 0, 0, 0.06%, 9, 0, 11, 252.84
1734553877, 88, 15, 81, 0, 0, 0.06%, 9, 0, 11, 259.12
1734553882, 88, 20, 81, 0, 0, 0.06%, 9, 0, 11, 263.96
1734553887, 88, 21, 81, 0, 0, 0.06%, 9, 0, 11, 253.96
1734553892, 88, 23, 81, 0, 0, 0.06%, 9, 0, 11, 252.76
1734553897, 88, 24, 81, 0, 0, 0.06%, 9, 0, 11, 240.82
1734553902, 88, 39, 81, 0, 0, 0.06%, 9, 0, 11, 261.65
1734553907, 88, 47, 81, 0, 0, 0.06%, 9, 0, 11, 266.24
1734553918, 89, 12, 81, 0, 0, 0.06%, 9, 0, 11, 247.32
1734553923, 89, 13, 81, 0, 0, 0.06%, 9, 0, 11, 264.83
1734553933, 89, 14, 81, 0, 0, 0.06%, 9, 0, 11, 250.89
1734553938, 89, 15, 81, 0, 0, 0.06%, 9, 0, 11, 262.09
1734553943, 89, 17, 81, 0, 0, 0.06%, 9, 0, 11, 260.35
1734553948, 89, 20, 81, 0, 0, 0.06%, 9, 0, 11, 266.96
1734553953, 89, 23, 81, 0, 0, 0.06%, 9, 0, 11, 251.30
1734553958, 89, 24, 81, 0, 0, 0.06%, 9, 0, 11, 243.36
1734553964, 89, 44, 81, 0, 0, 0.06%, 9, 0, 11, 252.88
1734553974, 90, 11, 81, 0, 0, 0.06%, 9, 0, 11, 257.11
1734553979, 90, 12, 81, 0, 0, 0.06%, 9, 0, 11, 256.28
1734553984, 90, 13, 81, 0, 0, 0.06%, 9, 0, 11, 254.45
1734553989, 90, 14, 81, 0, 0, 0.06%, 9, 0, 11, 237.66
1734553994, 90, 15, 81, 0, 0, 0.06%, 9, 0, 11, 237.39
1734553999, 90, 19, 81, 0, 0, 0.06%, 9, 0, 11, 246.36
1734554004, 90, 20, 81, 0, 0, 0.06%, 9, 0, 11, 261.45
1734554009, 90, 23, 81, 0, 0, 0.06%, 9, 0, 11, 261.36
1734554020, 90, 24, 81, 0, 0, 0.06%, 9, 0, 11, 236.57
1734554025, 90, 29, 81, 0, 0, 0.06%, 9, 0, 11, 252.30
1734554030, 90, 51, 81, 0, 0, 0.06%, 9, 0, 11, 250.30
1734554035, 90, 67, 81, 0, 0, 0.06%, 9, 0, 11, 267.78
1734554040, 90, 71, 81, 0, 0, 0.06%, 9, 0, 11, 289.63
1734554070, 90, 72, 81, 0, 0, 0.06%, 9, 0, 11, 257.84
1734554091, 91, 12, 81, 0, 0, 0.06%, 9, 0, 11, 256.90
1734554096, 91, 13, 81, 0, 0, 0.06%, 9, 0, 11, 234.62
1734554101, 91, 14, 81, 0, 0, 0.06%, 9, 0, 11, 246.56
1734554106, 91, 15, 81, 0, 0, 0.06%, 9, 0, 11, 260.82
1734554116, 91, 20, 81, 0, 0, 0.06%, 9, 0, 11, 247.92
1734554121, 91, 22, 81, 0, 0, 0.06%, 9, 0, 11, 243.60
1734554126, 91, 23, 81, 0, 0, 0.06%, 9, 0, 11, 250.22
1734554131, 91, 24, 81, 0, 0, 0.06%, 9, 0, 11, 251.32
1734554136, 91, 25, 81, 0, 0, 0.06%, 9, 0, 11, 253.34
1734554141, 91, 28, 81, 0, 0, 0.06%, 9, 0, 11, 263.45
1734554146, 91, 39, 81, 0, 0, 0.06%, 9, 0, 11, 265.77
1734554151, 91, 45, 81, 0, 0, 0.06%, 9, 0, 11, 267.09
1734554162, 91, 50, 81, 0, 0, 0.06%, 9, 0, 11, 273.00
1734554167, 91, 58, 81, 0, 0, 0.06%, 9, 0, 11, 279.15
1734554172, 91, 59, 81, 0, 0, 0.06%, 9, 0, 11, 267.55
1734554177, 91, 80, 81, 0, 0, 0.06%, 9, 0, 11, 272.85
1734554197, 92, 8, 81, 0, 0, 0.06%, 9, 0, 11, 259.90
1734554202, 92, 12, 81, 0, 0, 0.06%, 9, 0, 11, 240.94
1734554207, 92, 13, 81, 0, 0, 0.06%, 9, 0, 11, 248.61
1734554212, 92, 14, 81, 0, 0, 0.06%, 9, 0, 11, 250.31
1734554218, 92, 15, 81, 0, 0, 0.06%, 9, 0, 11, 243.79
1734554223, 92, 20, 81, 0, 0, 0.06%, 9, 0, 11, 267.86
1734554233, 92, 23, 81, 0, 0, 0.06%, 9, 0, 11, 255.42
1734554238, 92, 24, 81, 0, 0, 0.06%, 9, 0, 11, 257.77
1734554243, 92, 44, 81, 0, 0, 0.06%, 9, 0, 11, 261.13
1734554248, 92, 62, 81, 0, 0, 0.06%, 9, 0, 11, 275.93
1734554258, 93, 11, 81, 0, 0, 0.06%, 9, 0, 11, 260.81
1734554263, 93, 12, 81, 0, 0, 0.06%, 9, 0, 11, 244.55
1734554268, 93, 13, 81, 0, 0, 0.06%, 9, 0, 11, 252.84
1734554274, 93, 14, 81, 0, 0, 0.06%, 9, 0, 11, 244.69
1734554279, 93, 15, 81, 0, 0, 0.06%, 9, 0, 11, 247.91
1734554284, 93, 20, 81, 0, 0, 0.06%, 9, 0, 11, 249.09
1734554289, 93, 23, 81, 0, 0, 0.06%, 9, 0, 11, 257.74
1734554294, 93, 24, 81, 0, 0, 0.06%, 9, 0, 11, 251.20
1734554299, 93, 34, 81, 0, 0, 0.06%, 9, 0, 11, 264.23
1734554309, 93, 35, 81, 0, 0, 0.06%, 9, 0, 11, 260.40
1734554314, 94, 12, 81, 0, 0, 0.06%, 9, 0, 11, 248.77
1734554320, 94, 13, 81, 0, 0, 0.06%, 9, 0, 11, 243.48
1734554330, 94, 14, 81, 0, 0, 0.06%, 9, 0, 11, 250.18
1734554335, 94, 15, 81, 0, 0, 0.06%, 9, 0, 11, 252.45
1734554340, 94, 20, 81, 0, 0, 0.06%, 9, 0, 11, 246.08
1734554345, 94, 23, 81, 0, 0, 0.06%, 9, 0, 11, 258.51
1734554350, 94, 24, 81, 0, 0, 0.06%, 9, 0, 11, 246.08
1734554355, 94, 46, 81, 0, 0, 0.06%, 9, 0, 11, 260.45
1734554365, 94, 49, 81, 0, 0, 0.06%, 9, 0, 11, 260.61
1734554370, 94, 51, 81, 0, 0, 0.06%, 9, 0, 11, 256.39
1734554375, 94, 65, 81, 0, 0, 0.06%, 9, 0, 11, 258.75
1734554381, 94, 77, 81, 0, 0, 0.06%, 9, 0, 11, 281.93
1734554411, 95, 12, 81, 0, 0, 0.06%, 9, 0, 11, 270.53
1734554421, 95, 13, 81, 0, 0, 0.06%, 9, 0, 11, 237.01
1734554426, 95, 14, 81, 0, 0, 0.06%, 9, 0, 11, 255.64
1734554431, 95, 15, 81, 0, 0, 0.06%, 9, 0, 11, 250.98
1734554436, 95, 20, 81, 0, 0, 0.06%, 9, 0, 11, 255.66
1734554442, 95, 23, 81, 0, 0, 0.06%, 9, 0, 11, 269.07
1734554447, 95, 24, 81, 0, 0, 0.06%, 9, 0, 11, 238.21
1734554452, 95, 49, 81, 0, 0, 0.06%, 9, 0, 11, 256.21
1734554457, 95, 80, 81, 0, 0, 0.06%, 9, 0, 11, 270.31
1734554482, 96, 11, 81, 0, 0, 0.06%, 9, 0, 11, 245.90
1734554487, 96, 12, 81, 0, 0, 0.06%, 9, 0, 11, 245.69
1734554492, 96, 13, 81, 0, 0, 0.06%, 9, 0, 11, 234.23
1734554497, 96, 14, 81, 0, 0, 0.06%, 9, 0, 11, 244.39
1734554502, 96, 15, 81, 0, 0, 0.06%, 9, 0, 11, 249.53
1734554507, 96, 20, 81, 0, 0, 0.06%, 9, 0, 11, 256.81
1734554512, 96, 23, 81, 0, 0, 0.06%, 9, 0, 11, 279.14
1734554522, 96, 24, 81, 0, 0, 0.06%, 9, 0, 11, 245.74
1734554527, 96, 27, 81, 0, 0, 0.06%, 9, 0, 11, 246.64
1734554532, 96, 34, 81, 0, 0, 0.06%, 9, 0, 11, 252.20
1734554538, 96, 48, 81, 0, 0, 0.06%, 9, 0, 11, 286.60
1734554548, 96, 68, 81, 0, 0, 0.06%, 9, 0, 11, 273.77
1734554553, 97, 12, 81, 0, 0, 0.06%, 9, 0, 11, 260.27
1734554558, 97, 13, 81, 0, 0, 0.06%, 9, 0, 11, 253.13
1734554568, 97, 15, 81, 0, 0, 0.06%, 9, 0, 11, 251.60
1734554578, 97, 20, 81, 0, 0, 0.06%, 9, 0, 11, 254.63
1734554583, 97, 23, 81, 0, 0, 0.06%, 9, 0, 11, 260.07
1734554588, 97, 24, 81, 0, 0, 0.06%, 9, 0, 11, 245.40
1734554594, 97, 29, 81, 0, 0, 0.06%, 9, 0, 11, 237.94
1734554599, 97, 32, 81, 0, 0, 0.06%, 9, 0, 11, 251.64
1734554604, 98, 11, 81, 0, 0, 0.06%, 9, 0, 11, 244.08
1734554609, 98, 12, 81, 0, 0, 0.06%, 9, 0, 11, 245.31
1734554614, 98, 13, 81, 0, 0, 0.06%, 9, 0, 11, 237.91
1734554619, 98, 14, 81, 0, 0, 0.06%, 9, 0, 11, 239.89
1734554624, 98, 15, 81, 0, 0, 0.06%, 9, 0, 11, 237.58
1734554630, 98, 20, 81, 0, 0, 0.06%, 9, 0, 11, 252.98
1734554635, 98, 23, 81, 0, 0, 0.06%, 9, 0, 11, 266.72
1734554645, 98, 24, 81, 0, 0, 0.06%, 9, 0, 11, 254.71
1734554650, 98, 56, 81, 0, 0, 0.06%, 9, 0, 11, 259.38
1734554655, 99, 12, 81, 0, 0, 0.06%, 9, 0, 11, 246.17
1734554665, 99, 13, 81, 0, 0, 0.06%, 9, 0, 11, 249.96
1734554670, 99, 14, 81, 0, 0, 0.06%, 9, 0, 11, 251.91
1734554675, 99, 15, 81, 0, 0, 0.06%, 9, 0, 11, 253.79
1734554681, 99, 20, 81, 0, 0, 0.06%, 9, 0, 11, 242.02
1734554686, 99, 23, 81, 0, 0, 0.06%, 9, 0, 11, 250.67
1734554691, 99, 24, 81, 0, 0, 0.06%, 9, 0, 11, 243.62
1734554696, 99, 40, 81, 0, 0, 0.06%, 9, 0, 11, 260.86
1734554701, 99, 75, 81, 0, 0, 0.06%, 9, 0, 11, 272.72
1734554736, 100, 12, 81, 0, 0, 0.06%, 9, 0, 11, 245.79
1734554741, 100, 13, 81, 0, 0, 0.06%, 9, 0, 11, 260.79
1734554746, 100, 14, 81, 0, 0, 0.06%, 9, 0, 11, 259.42
1734554757, 100, 15, 81, 0, 0, 0.06%, 9, 0, 11, 254.53
1734554762, 100, 17, 81, 0, 0, 0.06%, 9, 0, 11, 248.18
1734554767, 100, 20, 81, 0, 0, 0.06%, 9, 0, 11, 246.69
1734554772, 100, 23, 81, 0, 0, 0.06%, 9, 0, 11, 255.91
1734554777, 100, 24, 81, 0, 0, 0.06%, 9, 0, 11, 234.90
1734554782, 100, 31, 81, 0, 0, 0.06%, 9, 0, 11, 256.26
1734554787, 100, 32, 81, 0, 0, 0.06%, 9, 0, 11, 267.93
1734554793, 100, 80, 81, 0, 0, 0.06%, 9, 0, 11, 260.39
1734554818, 101, 11, 81, 0, 0, 0.06%, 9, 0, 11, 252.53
1734554823, 101, 12, 81, 0, 0, 0.06%, 9, 0, 11, 235.52
1734554828, 101, 13, 81, 0, 0, 0.06%, 9, 0, 11, 245.68
1734554833, 101, 14, 81, 0, 0, 0.06%, 9, 0, 11, 254.04
1734554838, 101, 15, 81, 0, 0, 0.06%, 9, 0, 11, 245.53
1734554843, 101, 20, 81, 0, 0, 0.06%, 9, 0, 11, 255.72
1734554848, 101, 23, 81, 0, 0, 0.06%, 9, 0, 11, 282.19
1734554858, 101, 24, 81, 0, 0, 0.06%, 9, 0, 11, 233.68
1734554863, 101, 25, 81, 0, 0, 0.06%, 9, 0, 11, 250.91
1734554868, 101, 36, 81, 0, 0, 0.06%, 9, 0, 11, 258.35
1734554873, 101, 53, 81, 0, 0, 0.06%, 9, 0, 11, 266.30
1734554879, 101, 76, 81, 0, 0, 0.06%, 9, 0, 11, 288.38
1734554914, 102, 12, 81, 0, 0, 0.06%, 9, 0, 11, 242.77
1734554920, 102, 13, 81, 0, 0, 0.06%, 9, 0, 11, 253.93
1734554925, 102, 14, 81, 0, 0, 0.06%, 9, 0, 11, 243.65
1734554930, 102, 15, 81, 0, 0, 0.06%, 9, 0, 11, 250.23
1734554940, 102, 20, 81, 0, 0, 0.06%, 9, 0, 11, 251.48
1734554945, 102, 23, 81, 0, 0, 0.06%, 9, 0, 11, 255.93
1734554950, 102, 24, 81, 0, 0, 0.06%, 9, 0, 11, 247.48
1734554955, 102, 30, 81, 0, 0, 0.06%, 9, 0, 11, 237.47
1734554960, 102, 44, 81, 0, 0, 0.06%, 9, 0, 11, 257.14
1734554970, 102, 49, 81, 0, 0, 0.06%, 9, 0, 11, 264.06
1734554976, 103, 11, 81, 0, 0, 0.06%, 9, 0, 11, 248.18
1734554981, 103, 12, 81, 0, 0, 0.06%, 9, 0, 11, 260.65
1734554986, 103, 13, 81, 0, 0, 0.06%, 9, 0, 11, 242.00
1734554991, 103, 14, 81, 0, 0, 0.06%, 9, 0, 11, 260.12
1734554996, 103, 15, 81, 0, 0, 0.06%, 9, 0, 11, 244.79
1734555001, 103, 17, 81, 0, 0, 0.06%, 9, 0, 11, 256.20
1734555006, 103, 19, 81, 0, 0, 0.06%, 9, 0, 11, 261.52
1734555011, 103, 20, 81, 0, 0, 0.06%, 9, 0, 11, 264.96
1734555016, 103, 23, 81, 0, 0, 0.06%, 9, 0, 11, 256.86
1734555026, 103, 24, 81, 0, 0, 0.06%, 9, 0, 11, 244.95
1734555031, 103, 26, 81, 0, 0, 0.06%, 9, 0, 11, 235.49
1734555037, 103, 40, 81, 0, 0, 0.06%, 9, 0, 11, 261.63
1734555042, 104, 11, 81, 0, 0, 0.06%, 9, 0, 11, 253.93
1734555047, 104, 12, 81, 0, 0, 0.06%, 9, 0, 11, 251.80
1734555052, 104, 13, 81, 0, 0, 0.06%, 9, 0, 11, 248.58
1734555057, 104, 14, 81, 0, 0, 0.06%, 9, 0, 11, 241.79
1734555062, 104, 15, 81, 0, 0, 0.06%, 9, 0, 11, 246.84
1734555067, 104, 19, 81, 0, 0, 0.06%, 9, 0, 11, 258.12
1734555072, 104, 20, 81, 0, 0, 0.06%, 9, 0, 11, 261.70
1734555082, 104, 23, 81, 0, 0, 0.06%, 9, 0, 11, 252.97
1734555087, 104, 24, 81, 0, 0, 0.06%, 9, 0, 11, 240.41
1734555092, 104, 28, 81, 0, 0, 0.06%, 9, 0, 11, 261.78
1734555097, 104, 32, 81, 0, 0, 0.06%, 9, 0, 11, 261.26
1734555102, 104, 42, 81, 0, 0, 0.06%, 9, 0, 11, 265.67
1734555107, 104, 49, 81, 0, 0, 0.06%, 9, 0, 11, 267.24
1734555112, 105, 11, 81, 0, 0, 0.06%, 9, 0, 11, 262.67
1734555117, 105, 12, 81, 0, 0, 0.06%, 9, 0, 11, 239.40
1734555123, 105, 13, 81, 0, 0, 0.06%, 9, 0, 11, 242.83
1734555128, 105, 14, 81, 0, 0, 0.06%, 9, 0, 11, 244.47
1734555133, 105, 15, 81, 0, 0, 0.06%, 9, 0, 11, 240.15
1734555138, 105, 18, 81, 0, 0, 0.06%, 9, 0, 11, 260.73
1734555143, 105, 20, 81, 0, 0, 0.06%, 9, 0, 11, 261.97
1734555148, 105, 23, 81, 0, 0, 0.06%, 9, 0, 11, 265.49
1734555158, 105, 24, 81, 0, 0, 0.06%, 9, 0, 11, 243.84
1734555163, 105, 76, 81, 0, 0, 0.06%, 9, 0, 11, 301.20
1734555194, 106, 5, 81, 0, 0, 0.06%, 9, 0, 11, 258.35
1734555199, 106, 12, 81, 0, 0, 0.06%, 9, 0, 11, 240.14
1734555204, 106, 13, 81, 0, 0, 0.06%, 9, 0, 11, 238.76
1734555214, 106, 14, 81, 0, 0, 0.06%, 9, 0, 11, 256.53
1734555219, 106, 15, 81, 0, 0, 0.06%, 9, 0, 11, 239.50
1734555225, 106, 20, 81, 0, 0, 0.06%, 9, 0, 11, 249.35
1734555230, 106, 23, 81, 0, 0, 0.06%, 9, 0, 11, 252.77
1734555235, 106, 24, 81, 0, 0, 0.06%, 9, 0, 11, 254.14
1734555240, 106, 67, 81, 0, 0, 0.06%, 9, 0, 11, 267.22
1734555245, 107, 11, 81, 0, 0, 0.06%, 9, 0, 11, 263.09
1734555250, 107, 12, 81, 0, 0, 0.06%, 9, 0, 11, 246.31
1734555255, 107, 13, 81, 0, 0, 0.06%, 9, 0, 11, 247.95
1734555260, 107, 14, 81, 0, 0, 0.06%, 9, 0, 11, 241.44
1734555265, 107, 15, 81, 0, 0, 0.06%, 9, 0, 11, 250.60
1734555270, 107, 20, 81, 0, 0, 0.06%, 9, 0, 11, 241.23
1734555276, 107, 23, 81, 0, 0, 0.06%, 9, 0, 11, 249.71
1734555281, 107, 24, 81, 0, 0, 0.06%, 9, 0, 11, 245.46
1734555286, 107, 33, 81, 0, 0, 0.06%, 9, 0, 11, 243.42
1734555296, 108, 12, 81, 0, 0, 0.06%, 9, 0, 11, 238.95
1734555301, 108, 13, 81, 0, 0, 0.06%, 9, 0, 11, 242.14
1734555306, 108, 14, 81, 0, 0, 0.06%, 9, 0, 11, 251.83
1734555311, 108, 15, 81, 0, 0, 0.06%, 9, 0, 11, 255.59
1734555321, 108, 20, 81, 0, 0, 0.06%, 9, 0, 11, 264.97
1734555326, 108, 23, 81, 0, 0, 0.06%, 9, 0, 11, 247.51
1734555331, 108, 24, 81, 0, 0, 0.06%, 9, 0, 11, 248.46
1734555336, 108, 38, 81, 0, 0, 0.06%, 9, 0, 11, 252.55
1734555341, 108, 42, 81, 0, 0, 0.06%, 9, 0, 11, 282.15
1734555346, 108, 43, 81, 0, 0, 0.06%, 9, 0, 11, 268.24
1734555357, 108, 48, 81, 0, 0, 0.06%, 9, 0, 11, 279.03
1734555362, 109, 11, 81, 0, 0, 0.06%, 9, 0, 11, 268.89
1734555367, 109, 12, 81, 0, 0, 0.06%, 9, 0, 11, 247.95
1734555372, 109, 13, 81, 0, 0, 0.06%, 9, 0, 11, 238.72
1734555377, 109, 14, 81, 0, 0, 0.06%, 9, 0, 11, 248.61
1734555382, 109, 15, 81, 0, 0, 0.06%, 9, 0, 11, 237.22
1734555387, 109, 20, 81, 0, 0, 0.06%, 9, 0, 11, 248.16
1734555393, 109, 22, 81, 0, 0, 0.06%, 9, 0, 11, 261.31
1734555403, 109, 23, 81, 0, 0, 0.06%, 9, 0, 11, 258.65
1734555408, 109, 24, 81, 0, 0, 0.06%, 9, 0, 11, 254.07
1734555413, 109, 40, 81, 0, 0, 0.06%, 9, 0, 11, 260.44
1734555418, 110, 12, 81, 0, 0, 0.06%, 9, 0, 11, 257.21
1734555428, 110, 13, 81, 0, 0, 0.06%, 9, 0, 11, 246.94
1734555434, 110, 14, 81, 0, 0, 0.06%, 9, 0, 11, 254.20
1734555439, 110, 15, 81, 0, 0, 0.06%, 9, 0, 11, 254.86
1734555444, 110, 20, 81, 0, 0, 0.06%, 9, 0, 11, 266.94
1734555449, 110, 23, 81, 0, 0, 0.06%, 9, 0, 11, 250.85
1734555454, 110, 24, 81, 0, 0, 0.06%, 9, 0, 11, 239.19
1734555459, 110, 32, 81, 0, 0, 0.06%, 9, 0, 11, 247.56
1734555469, 110, 62, 81, 0, 0, 0.06%, 9, 0, 11, 283.05
1734555474, 111, 11, 81, 0, 0, 0.06%, 9, 0, 11, 262.27
1734555479, 111, 12, 81, 0, 0, 0.06%, 9, 0, 11, 262.08
1734555484, 111, 13, 81, 0, 0, 0.06%, 9, 0, 11, 252.69
1734555489, 111, 14, 81, 0, 0, 0.06%, 9, 0, 11, 242.22
1734555494, 111, 15, 81, 0, 0, 0.06%, 9, 0, 11, 239.96
1734555499, 111, 20, 81, 0, 0, 0.06%, 9, 0, 11, 249.64
1734555504, 111, 21, 81, 0, 0, 0.06%, 9, 0, 11, 242.41
1734555510, 111, 23, 81, 0, 0, 0.06%, 9, 0, 11, 249.07
1734555515, 111, 24, 81, 0, 0, 0.06%, 9, 0, 11, 254.01
1734555525, 111, 40, 81, 0, 0, 0.06%, 9, 0, 11, 266.42
1734555530, 111, 63, 81, 0, 0, 0.06%, 9, 0, 11, 279.50
1734555535, 111, 74, 81, 0, 0, 0.06%, 9, 0, 11, 276.99
1734555566, 112, 11, 81, 0, 0, 0.06%, 9, 0, 11, 272.76
1734555571, 112, 12, 81, 0, 0, 0.06%, 9, 0, 11, 249.50
1734555576, 112, 13, 81, 0, 0, 0.06%, 9, 0, 11, 240.85
1734555581, 112, 14, 81, 0, 0, 0.06%, 9, 0, 11, 250.57
1734555586, 112, 15, 81, 0, 0, 0.06%, 9, 0, 11, 244.37
1734555596, 112, 20, 81, 0, 0, 0.06%, 9, 0, 11, 267.05
1734555601, 112, 23, 81, 0, 0, 0.06%, 9, 0, 11, 256.29
1734555606, 112, 24, 81, 0, 0, 0.06%, 9, 0, 11, 244.96
1734555611, 112, 29, 81, 0, 0, 0.06%, 9, 0, 11, 238.79
1734555616, 112, 32, 81, 0, 0, 0.06%, 9, 0, 11, 259.41
1734555621, 112, 45, 81, 0, 0, 0.06%, 9, 0, 11, 278.54
1734555631, 112, 73, 81, 0, 0, 0.06%, 9, 0, 11, 322.09
1734555661, 113, 11, 81, 0, 0, 0.06%, 9, 0, 11, 251.47
1734555666, 113, 12, 81, 0, 0, 0.06%, 9, 0, 11, 248.31
1734555672, 113, 13, 81, 0, 0, 0.06%, 9, 0, 11, 242.63
1734555677, 113, 14, 81, 0, 0, 0.06%, 9, 0, 11, 253.48
1734555682, 113, 15, 81, 0, 0, 0.06%, 9, 0, 11, 243.98
1734555687, 113, 20, 81, 0, 0, 0.06%, 9, 0, 11, 247.95
1734555692, 113, 23, 81, 0, 0, 0.06%, 9, 0, 11, 261.84
1734555702, 113, 24, 81, 0, 0, 0.06%, 9, 0, 11, 255.47
1734555707, 113, 79, 81, 0, 0, 0.06%, 9, 0, 11, 272.54
1734555727, 114, 8, 81, 0, 0, 0.06%, 9, 0, 11, 255.45
1734555732, 114, 12, 81, 0, 0, 0.06%, 9, 0, 11, 244.04
1734555737, 114, 13, 81, 0, 0, 0.06%, 9, 0, 11, 242.94
1734555742, 114, 14, 81, 0, 0, 0.06%, 9, 0, 11, 254.97
1734555748, 114, 15, 81, 0, 0, 0.06%, 9, 0, 11, 251.15
1734555758, 114, 20, 81, 0, 0, 0.06%, 9, 0, 11, 259.29
1734555763, 114, 23, 81, 0, 0, 0.06%, 9, 0, 11, 260.46
1734555768, 114, 24, 81, 0, 0, 0.06%, 9, 0, 11, 240.61
1734555773, 114, 29, 81, 0, 0, 0.06%, 9, 0, 11, 254.85
1734555778, 115, 11, 81, 0, 0, 0.06%, 9, 0, 11, 258.17
1734555783, 115, 12, 81, 0, 0, 0.06%, 9, 0, 11, 257.05
1734555788, 115, 13, 81, 0, 0, 0.06%, 9, 0, 11, 241.41
1734555793, 115, 14, 81, 0, 0, 0.06%, 9, 0, 11, 239.93
1734555798, 115, 15, 81, 0, 0, 0.06%, 9, 0, 11, 247.74
1734555803, 115, 20, 81, 0, 0, 0.06%, 9, 0, 11, 243.48
1734555808, 115, 23, 81, 0, 0, 0.06%, 9, 0, 11, 259.46
1734555813, 115, 24, 81, 0, 0, 0.06%, 9, 0, 11, 246.69
1734555824, 115, 50, 81, 0, 0, 0.06%, 9, 0, 11, 266.09
1734555829, 116, 6, 81, 0, 0, 0.06%, 9, 0, 11, 271.32
1734555834, 116, 12, 81, 0, 0, 0.06%, 9, 0, 11, 254.13
1734555839, 116, 13, 81, 0, 0, 0.06%, 9, 0, 11, 248.94
1734555849, 116, 15, 81, 0, 0, 0.06%, 9, 0, 11, 257.22
1734555859, 116, 20, 81, 0, 0, 0.06%, 9, 0, 11, 262.78
1734555864, 116, 23, 81, 0, 0, 0.06%, 9, 0, 11, 259.17
1734555869, 116, 24, 81, 0, 0, 0.06%, 9, 0, 11, 245.75
1734555874, 116, 25, 81, 0, 0, 0.06%, 9, 0, 11, 250.75
1734555880, 116, 45, 81, 0, 0, 0.06%, 9, 0, 11, 271.96
1734555890, 116, 49, 81, 0, 0, 0.06%, 9, 0, 11, 267.65
1734555895, 116, 73, 81, 0, 0, 0.06%, 9, 0, 11, 332.28
1734555925, 117, 12, 81, 0, 0, 0.06%, 9, 0, 11, 254.20
1734555930, 117, 13, 81, 0, 0, 0.06%, 9, 0, 11, 268.82
1734555940, 117, 14, 81, 0, 0, 0.06%, 9, 0, 11, 246.23
1734555946, 117, 15, 81, 0, 0, 0.06%, 9, 0, 11, 242.66
1734555951, 117, 20, 81, 0, 0, 0.06%, 9, 0, 11, 242.41
1734555956, 117, 21, 81, 0, 0, 0.06%, 9, 0, 11, 245.12
1734555961, 117, 23, 81, 0, 0, 0.06%, 9, 0, 11, 254.73
1734555966, 117, 24, 81, 0, 0, 0.06%, 9, 0, 11, 242.70
1734555971, 117, 64, 81, 0, 0, 0.06%, 9, 0, 11, 277.41
1734555986, 117, 74, 81, 0, 0, 0.06%, 9, 0, 11, 277.46
1734556022, 117, 79, 81, 0, 0, 0.06%, 9, 0, 11, 287.34
1734556042, 117, 80, 81, 0, 0, 0.06%, 9, 0, 11, 272.33
1734556063, 118, 11, 81, 0, 0, 0.06%, 9, 0, 11, 254.06
1734556068, 118, 12, 81, 0, 0, 0.06%, 9, 0, 11, 251.92
1734556073, 118, 13, 81, 0, 0, 0.06%, 9, 0, 11, 234.82
1734556078, 118, 14, 81, 0, 0, 0.06%, 9, 0, 11, 239.28
1734556083, 118, 15, 81, 0, 0, 0.06%, 9, 0, 11, 232.13
1734556093, 118, 20, 81, 0, 0, 0.06%, 9, 0, 11, 242.02
1734556099, 118, 23, 81, 0, 0, 0.06%, 9, 0, 11, 256.44
1734556104, 118, 24, 81, 0, 0, 0.06%, 9, 0, 11, 253.35
1734556109, 118, 39, 81, 0, 0, 0.06%, 9, 0, 11, 259.99
1734556114, 118, 65, 81, 0, 0, 0.06%, 9, 0, 11, 258.00
1734556119, 118, 75, 81, 0, 0, 0.06%, 9, 0, 11, 274.68
1734556149, 119, 11, 81, 0, 0, 0.06%, 9, 0, 11, 269.75
1734556154, 119, 12, 81, 0, 0, 0.06%, 9, 0, 11, 252.21
1734556159, 119, 13, 81, 0, 0, 0.06%, 9, 0, 11, 253.44
1734556164, 119, 14, 81, 0, 0, 0.06%, 9, 0, 11, 253.52
1734556169, 119, 15, 81, 0, 0, 0.06%, 9, 0, 11, 251.77
1734556175, 119, 20, 81, 0, 0, 0.06%, 9, 0, 11, 258.12
1734556185, 119, 23, 81, 0, 0, 0.06%, 9, 0, 11, 253.10
1734556190, 119, 24, 81, 0, 0, 0.06%, 9, 0, 11, 240.82
1734556195, 119, 26, 81, 0, 0, 0.06%, 9, 0, 11, 256.55
1734556200, 119, 29, 81, 0, 0, 0.06%, 9, 0, 11, 246.65
1734556205, 119, 52, 81, 0, 0, 0.06%, 9, 0, 11, 278.94
1734556210, 119, 56, 81, 0, 0, 0.06%, 9, 0, 11, 285.36
1734556221, 120, 12, 81, 0, 0, 0.06%, 9, 0, 11, 236.99
1734556226, 120, 13, 81, 0, 0, 0.06%, 9, 0, 11, 239.56
1734556231, 120, 14, 81, 0, 0, 0.06%, 9, 0, 11, 239.99
1734556236, 120, 15, 81, 0, 0, 0.06%, 9, 0, 11, 256.54
1734556246, 120, 18, 81, 0, 0, 0.06%, 9, 0, 11, 247.73
1734556252, 120, 20, 81, 0, 0, 0.06%, 9, 0, 11, 250.21
1734556257, 120, 23, 81, 0, 0, 0.06%, 9, 0, 11, 253.65
1734556262, 120, 24, 81, 0, 0, 0.06%, 9, 0, 11, 249.92
1734556267, 120, 29, 81, 0, 0, 0.06%, 9, 0, 11, 239.21
1734556272, 120, 38, 81, 0, 0, 0.06%, 9, 0, 11, 253.44
1734556277, 120, 52, 81, 0, 0, 0.06%, 9, 0, 11, 273.85
1734556287, 120, 61, 81, 0, 0, 0.06%, 9, 0, 11, 276.49
1734556292, 120, 62, 81, 0, 0, 0.06%, 9, 0, 11, 269.80
1734556302, 121, 12, 81, 0, 0, 0.06%, 9, 0, 11, 237.56
1734556307, 121, 13, 81, 0, 0, 0.06%, 9, 0, 11, 238.54
1734556312, 121, 14, 81, 0, 0, 0.06%, 9, 0, 11, 256.61
1734556317, 121, 15, 81, 0, 0, 0.06%, 9, 0, 11, 253.94
1734556328, 121, 20, 81, 0, 0, 0.06%, 9, 0, 11, 268.86
1734556333, 121, 23, 81, 0, 0, 0.06%, 9, 0, 11, 255.78
1734556338, 121, 24, 81, 0, 0, 0.06%, 9, 0, 11, 239.70
1734556343, 122, 11, 81, 0, 0, 0.06%, 9, 0, 11, 246.75
1734556348, 122, 12, 81, 0, 0, 0.06%, 9, 0, 11, 259.80
1734556353, 122, 13, 81, 0, 0, 0.06%, 9, 0, 11, 248.75
1734556358, 122, 14, 81, 0, 0, 0.06%, 9, 0, 11, 246.02
1734556363, 122, 15, 81, 0, 0, 0.06%, 9, 0, 11, 247.65
1734556369, 122, 20, 81, 0, 0, 0.06%, 9, 0, 11, 243.95
1734556374, 122, 23, 81, 0, 0, 0.06%, 9, 0, 11, 251.88
1734556379, 122, 24, 81, 0, 0, 0.06%, 9, 0, 11, 242.28
1734556384, 122, 28, 81, 0, 0, 0.06%, 9, 0, 11, 254.71
1734556389, 122, 46, 81, 0, 0, 0.06%, 9, 0, 11, 265.79
1734556399, 122, 61, 81, 0, 0, 0.06%, 9, 0, 11, 291.28
1734556404, 122, 78, 81, 0, 0, 0.06%, 9, 0, 11, 291.43
1734556434, 123, 11, 81, 0, 0, 0.06%, 9, 0, 11, 267.91
1734556439, 123, 12, 81, 0, 0, 0.06%, 9, 0, 11, 241.77
1734556445, 123, 13, 81, 0, 0, 0.06%, 9, 0, 11, 252.15
1734556450, 123, 14, 81, 0, 0, 0.06%, 9, 0, 11, 249.38
1734556455, 123, 15, 81, 0, 0, 0.06%, 9, 0, 11, 251.71
1734556460, 123, 20, 81, 0, 0, 0.06%, 9, 0, 11, 258.25
1734556465, 123, 23, 81, 0, 0, 0.06%, 9, 0, 11, 268.90
1734556475, 123, 24, 81, 0, 0, 0.06%, 9, 0, 11, 244.79
1734556480, 124, 11, 81, 0, 0, 0.06%, 9, 0, 11, 248.75
1734556485, 124, 12, 81, 0, 0, 0.06%, 9, 0, 11, 249.69
1734556490, 124, 13, 81, 0, 0, 0.06%, 9, 0, 11, 243.76
1734556495, 124, 14, 81, 0, 0, 0.06%, 9, 0, 11, 258.17
1734556500, 124, 15, 81, 0, 0, 0.06%, 9, 0, 11, 264.33
1734556505, 124, 20, 81, 0, 0, 0.06%, 9, 0, 11, 254.53
1734556510, 124, 23, 81, 0, 0, 0.06%, 9, 0, 11, 257.52
1734556515, 124, 24, 81, 0, 0, 0.06%, 9, 0, 11, 251.59
1734556520, 124, 72, 81, 0, 0, 0.06%, 9, 0, 11, 258.58
1734556536, 125, 11, 81, 0, 0, 0.06%, 9, 0, 11, 262.30
1734556541, 125, 12, 81, 0, 0, 0.06%, 9, 0, 11, 218.51
1734556546, 125, 13, 81, 0, 0, 0.06%, 9, 0, 11, 241.03
1734556551, 125, 14, 81, 0, 0, 0.06%, 9, 0, 11, 253.79
1734556561, 125, 15, 81, 0, 0, 0.06%, 9, 0, 11, 257.02
1734556566, 125, 20, 81, 0, 0, 0.06%, 9, 0, 11, 256.72
1734556571, 125, 23, 81, 0, 0, 0.06%, 9, 0, 11, 247.37
1734556576, 125, 24, 81, 0, 0, 0.06%, 9, 0, 11, 253.85
1734556581, 125, 27, 81, 0, 0, 0.06%, 9, 0, 11, 251.06
1734556586, 125, 43, 81, 0, 0, 0.06%, 9, 0, 11, 253.54
1734556597, 125, 51, 81, 0, 0, 0.06%, 9, 0, 11, 251.06
1734556602, 126, 10, 81, 0, 0, 0.06%, 9, 0, 11, 246.32
1734556607, 126, 12, 81, 0, 0, 0.06%, 9, 0, 11, 251.83
1734556612, 126, 13, 81, 0, 0, 0.06%, 9, 0, 11, 255.59
1734556622, 126, 14, 81, 0, 0, 0.06%, 9, 0, 11, 250.19
1734556627, 126, 15, 81, 0, 0, 0.06%, 9, 0, 11, 256.81
1734556632, 126, 20, 81, 0, 0, 0.06%, 9, 0, 11, 248.22
1734556637, 126, 23, 81, 0, 0, 0.06%, 9, 0, 11, 253.93
1734556643, 126, 24, 81, 0, 0, 0.06%, 9, 0, 11, 240.92
1734556648, 126, 35, 81, 0, 0, 0.06%, 9, 0, 11, 256.12
1734556653, 126, 40, 81, 0, 0, 0.06%, 9, 0, 11, 266.95
1734556658, 126, 61, 81, 0, 0, 0.06%, 9, 0, 11, 282.54
1734556663, 127, 11, 81, 0, 0, 0.06%, 9, 0, 11, 272.13
1734556668, 127, 12, 81, 0, 0, 0.06%, 9, 0, 11, 244.21
1734556673, 127, 13, 81, 0, 0, 0.06%, 9, 0, 11, 243.64
1734556678, 127, 14, 81, 0, 0, 0.06%, 9, 0, 11, 245.16
1734556683, 127, 15, 81, 0, 0, 0.06%, 9, 0, 11, 249.59
1734556693, 127, 20, 81, 0, 0, 0.06%, 9, 0, 11, 265.57
1734556698, 127, 23, 81, 0, 0, 0.06%, 9, 0, 11, 261.23
1734556703, 127, 24, 81, 0, 0, 0.06%, 9, 0, 11, 252.44
1734556708, 128, 11, 81, 0, 0, 0.06%, 9, 0, 11, 239.66
1734556714, 128, 12, 81, 0, 0, 0.06%, 9, 0, 11, 255.38
1734556719, 128, 13, 81, 0, 0, 0.06%, 9, 0, 11, 251.38
1734556724, 128, 14, 81, 0, 0, 0.06%, 9, 0, 11, 251.29
1734556729, 128, 15, 81, 0, 0, 0.06%, 9, 0, 11, 248.65
1734556734, 128, 20, 81, 0, 0, 0.06%, 9, 0, 11, 254.93
1734556739, 128, 23, 81, 0, 0, 0.06%, 9, 0, 11, 254.23
1734556744, 128, 24, 81, 0, 0, 0.06%, 9, 0, 11, 244.75
1734556754, 128, 36, 81, 0, 0, 0.06%, 9, 0, 11, 256.32
1734556759, 128, 37, 81, 0, 0, 0.06%, 9, 0, 11, 243.36
1734556765, 128, 43, 81, 0, 0, 0.06%, 9, 0, 11, 253.68
1734556770, 128, 46, 81, 0, 0, 0.06%, 9, 0, 11, 266.16
1734556780, 128, 63, 81, 0, 0, 0.06%, 9, 0, 11, 291.90
1734556790, 128, 68, 81, 0, 0, 0.06%, 9, 0, 11, 272.35
1734556795, 129, 12, 81, 0, 0, 0.06%, 9, 0, 11, 258.35
1734556805, 129, 13, 81, 0, 0, 0.06%, 9, 0, 11, 257.89
1734556810, 129, 14, 81, 0, 0, 0.06%, 9, 0, 11, 251.25
1734556815, 129, 15, 81, 0, 0, 0.06%, 9, 0, 11, 246.64
1734556820, 129, 20, 81, 0, 0, 0.06%, 9, 0, 11, 256.93
1734556825, 129, 21, 81, 0, 0, 0.06%, 9, 0, 11, 245.74
1734556830, 129, 23, 81, 0, 0, 0.06%, 9, 0, 11, 252.83
1734556835, 129, 24, 81, 0, 0, 0.06%, 9, 0, 11, 239.12
1734556841, 129, 40, 81, 0, 0, 0.06%, 9, 0, 11, 256.37
1734556846, 130, 1, 81, 0, 0, 0.06%, 9, 0, 11, 257.74
1734556851, 130, 12, 81, 0, 0, 0.06%, 9, 0, 11, 255.47
1734556856, 130, 13, 81, 0, 0, 0.06%, 9, 0, 11, 255.60
1734556866, 130, 14, 81, 0, 0, 0.06%, 9, 0, 11, 247.86
1734556871, 130, 15, 81, 0, 0, 0.06%, 9, 0, 11, 253.70
1734556876, 130, 18, 81, 0, 0, 0.06%, 9, 0, 11, 247.74
1734556881, 130, 20, 81, 0, 0, 0.06%, 9, 0, 11, 245.37
1734556886, 130, 23, 81, 0, 0, 0.06%, 9, 0, 11, 245.81
1734556892, 130, 24, 81, 0, 0, 0.06%, 9, 0, 11, 236.24
1734556897, 130, 27, 81, 0, 0, 0.06%, 9, 0, 11, 239.90
1734556907, 130, 70, 81, 0, 0, 0.06%, 9, 0, 11, 293.47
1734556922, 131, 12, 81, 0, 0, 0.06%, 9, 0, 11, 248.92
1734556927, 131, 13, 81, 0, 0, 0.06%, 9, 0, 11, 252.71
1734556937, 131, 14, 81, 0, 0, 0.06%, 9, 0, 11, 247.86
1734556943, 131, 15, 81, 0, 0, 0.06%, 9, 0, 11, 250.30
1734556948, 131, 20, 81, 0, 0, 0.06%, 9, 0, 11, 251.29
1734556953, 131, 23, 81, 0, 0, 0.06%, 9, 0, 11, 259.10
1734556958, 131, 24, 81, 0, 0, 0.06%, 9, 0, 11, 243.81
1734556963, 131, 63, 81, 0, 0, 0.06%, 9, 0, 11, 254.17
1734556973, 131, 77, 81, 0, 0, 0.06%, 9, 0, 11, 296.97
1734557004, 132, 12, 81, 0, 0, 0.06%, 9, 0, 11, 256.39
1734557009, 132, 13, 81, 0, 0, 0.06%, 9, 0, 11, 245.77
1734557019, 132, 14, 81, 0, 0, 0.06%, 9, 0, 11, 243.84
1734557024, 132, 15, 81, 0, 0, 0.06%, 9, 0, 11, 251.92
1734557029, 132, 20, 81, 0, 0, 0.06%, 9, 0, 11, 267.64
1734557035, 132, 23, 81, 0, 0, 0.06%, 9, 0, 11, 245.34
1734557040, 132, 24, 81, 0, 0, 0.06%, 9, 0, 11, 246.92
1734557045, 132, 27, 81, 0, 0, 0.06%, 9, 0, 11, 256.24
1734557050, 132, 58, 81, 0, 0, 0.06%, 9, 0, 11, 285.24
1734557055, 133, 11, 81, 0, 0, 0.06%, 9, 0, 11, 263.86
1734557060, 133, 12, 81, 0, 0, 0.06%, 9, 0, 11, 240.89
1734557065, 133, 13, 81, 0, 0, 0.06%, 9, 0, 11, 248.18
1734557070, 133, 14, 81, 0, 0, 0.06%, 9, 0, 11, 249.42
1734557075, 133, 15, 81, 0, 0, 0.06%, 9, 0, 11, 245.12
1734557080, 133, 20, 81, 0, 0, 0.06%, 9, 0, 11, 270.11
1734557090, 133, 23, 81, 0, 0, 0.06%, 9, 0, 11, 253.60
1734557095, 133, 24, 81, 0, 0, 0.06%, 9, 0, 11, 250.02
1734557100, 133, 61, 81, 0, 0, 0.06%, 9, 0, 11, 270.31
1734557106, 133, 77, 81, 0, 0, 0.06%, 9, 0, 11, 286.81
1734557141, 134, 12, 81, 0, 0, 0.06%, 9, 0, 11, 247.20
1734557146, 134, 13, 81, 0, 0, 0.06%, 9, 0, 11, 250.47
1734557156, 134, 15, 81, 0, 0, 0.06%, 9, 0, 11, 266.65
1734557166, 134, 20, 81, 0, 0, 0.06%, 9, 0, 11, 247.16
1734557171, 134, 23, 81, 0, 0, 0.06%, 9, 0, 11, 257.33
1734557176, 134, 24, 81, 0, 0, 0.06%, 9, 0, 11, 251.66
1734557181, 134, 28, 81, 0, 0, 0.06%, 9, 0, 11, 258.15
1734557186, 134, 30, 81, 0, 0, 0.06%, 9, 0, 11, 248.09
1734557191, 134, 31, 81, 0, 0, 0.06%, 9, 0, 11, 266.16
1734557197, 134, 45, 81, 0, 0, 0.06%, 9, 0, 11, 271.78
1734557207, 134, 46, 81, 0, 0, 0.06%, 9, 0, 11, 287.99
1734557217, 135, 12, 81, 0, 0, 0.06%, 9, 0, 11, 235.09
1734557222, 135, 13, 81, 0, 0, 0.06%, 9, 0, 11, 243.92
1734557227, 135, 14, 81, 0, 0, 0.06%, 9, 0, 11, 248.17
1734557232, 135, 15, 81, 0, 0, 0.06%, 9, 0, 11, 246.87
1734557237, 135, 20, 81, 0, 0, 0.06%, 9, 0, 11, 256.14
1734557247, 135, 21, 81, 0, 0, 0.06%, 9, 0, 11, 252.03
1734557252, 135, 23, 81, 0, 0, 0.06%, 9, 0, 11, 245.37
1734557257, 135, 24, 81, 0, 0, 0.06%, 9, 0, 11, 235.67
1734557262, 135, 69, 81, 0, 0, 0.06%, 9, 0, 11, 264.43
1734557273, 136, 11, 81, 0, 0, 0.06%, 9, 0, 11, 251.37
1734557278, 136, 12, 81, 0, 0, 0.06%, 9, 0, 11, 237.34
1734557283, 136, 13, 81, 0, 0, 0.06%, 9, 0, 11, 237.84
1734557288, 136, 14, 81, 0, 0, 0.06%, 9, 0, 11, 251.97
1734557293, 136, 15, 81, 0, 0, 0.06%, 9, 0, 11, 243.14
1734557298, 136, 20, 81, 0, 0, 0.06%, 9, 0, 11, 258.81
1734557303, 136, 23, 81, 0, 0, 0.06%, 9, 0, 11, 268.08
1734557313, 136, 24, 81, 0, 0, 0.06%, 9, 0, 11, 244.88
1734557318, 136, 28, 81, 0, 0, 0.06%, 9, 0, 11, 253.41
1734557323, 136, 77, 81, 0, 0, 0.06%, 9, 0, 11, 276.77
1734557354, 137, 11, 81, 0, 0, 0.06%, 9, 0, 11, 245.30
1734557359, 137, 12, 81, 0, 0, 0.06%, 9, 0, 11, 248.54
1734557364, 137, 13, 81, 0, 0, 0.06%, 9, 0, 11, 247.22
1734557369, 137, 14, 81, 0, 0, 0.06%, 9, 0, 11, 232.84
1734557374, 137, 15, 81, 0, 0, 0.06%, 9, 0, 11, 235.85
1734557379, 137, 20, 81, 0, 0, 0.06%, 9, 0, 11, 253.98
1734557384, 137, 23, 81, 0, 0, 0.06%, 9, 0, 11, 251.57
1734557395, 137, 24, 81, 0, 0, 0.06%, 9, 0, 11, 257.64
1734557400, 137, 46, 81, 0, 0, 0.06%, 9, 0, 11, 263.21
1734557405, 137, 51, 81, 0, 0, 0.06%, 9, 0, 11, 262.64
1734557410, 137, 56, 81, 0, 0, 0.06%, 9, 0, 11, 267.47
1734557415, 137, 69, 81, 0, 0, 0.06%, 9, 0, 11, 276.73
1734557425, 138, 11, 81, 0, 0, 0.06%, 9, 0, 11, 244.39
1734557430, 138, 12, 81, 0, 0, 0.06%, 9, 0, 11, 245.15
1734557435, 138, 13, 81, 0, 0, 0.06%, 9, 0, 11, 257.16
1734557441, 138, 14, 81, 0, 0, 0.06%, 9, 0, 11, 255.56
1734557446, 138, 15, 81, 0, 0, 0.06%, 9, 0, 11, 251.35
1734557451, 138, 20, 81, 0, 0, 0.06%, 9, 0, 11, 256.22
1734557456, 138, 23, 81, 0, 0, 0.06%, 9, 0, 11, 264.22
1734557461, 138, 24, 81, 0, 0, 0.06%, 9, 0, 11, 244.21
1734557466, 138, 37, 81, 0, 0, 0.06%, 9, 0, 11, 257.40
1734557471, 138, 61, 81, 0, 0, 0.06%, 9, 0, 11, 272.07
1734557481, 139, 12, 81, 0, 0, 0.06%, 9, 0, 11, 256.52
1734557486, 139, 13, 81, 0, 0, 0.06%, 9, 0, 11, 253.23
1734557492, 139, 14, 81, 0, 0, 0.06%, 9, 0, 11, 258.61
1734557497, 139, 15, 81, 0, 0, 0.06%, 9, 0, 11, 252.24
1734557507, 139, 20, 81, 0, 0, 0.06%, 9, 0, 11, 266.92
1734557512, 139, 23, 81, 0, 0, 0.06%, 9, 0, 11, 248.12
1734557517, 139, 24, 81, 0, 0, 0.06%, 9, 0, 11, 249.84
1734557522, 139, 29, 81, 0, 0, 0.06%, 9, 0, 11, 252.87
1734557527, 139, 70, 81, 0, 0, 0.06%, 9, 0, 11, 289.35
1734557532, 140, 11, 81, 0, 0, 0.06%, 9, 0, 11, 267.07
1734557537, 140, 12, 81, 0, 0, 0.06%, 9, 0, 11, 249.29
1734557542, 140, 13, 81, 0, 0, 0.06%, 9, 0, 11, 247.80
1734557547, 140, 14, 81, 0, 0, 0.06%, 9, 0, 11, 252.82
1734557552, 140, 15, 81, 0, 0, 0.06%, 9, 0, 11, 242.84
1734557557, 140, 20, 81, 0, 0, 0.06%, 9, 0, 11, 246.39
1734557567, 140, 23, 81, 0, 0, 0.06%, 9, 0, 11, 250.45
1734557572, 140, 24, 81, 0, 0, 0.06%, 9, 0, 11, 243.21
1734557577, 140, 34, 81, 0, 0, 0.06%, 9, 0, 11, 248.77
1734557582, 140, 57, 81, 0, 0, 0.06%, 9, 0, 11, 263.67
1734557587, 140, 69, 81, 0, 0, 0.06%, 9, 0, 11, 257.74
1734557598, 141, 12, 81, 0, 0, 0.06%, 9, 0, 11, 250.68
1734557603, 141, 13, 81, 0, 0, 0.06%, 9, 0, 11, 247.53
1734557613, 141, 14, 81, 0, 0, 0.06%, 9, 0, 11, 240.47
1734557618, 141, 15, 81, 0, 0, 0.06%, 9, 0, 11, 244.24
1734557623, 141, 16, 81, 0, 0, 0.06%, 9, 0, 11, 260.34
1734557628, 141, 20, 81, 0, 0, 0.06%, 9, 0, 11, 250.95
1734557633, 141, 23, 81, 0, 0, 0.06%, 9, 0, 11, 255.47
1734557638, 141, 24, 81, 0, 0, 0.06%, 9, 0, 11, 241.30
1734557648, 141, 27, 81, 0, 0, 0.06%, 9, 0, 11, 250.61
1734557653, 141, 69, 81, 0, 0, 0.06%, 9, 0, 11, 269.90
1734557658, 141, 76, 81, 0, 0, 0.06%, 9, 0, 11, 278.09
1734557689, 142, 11, 81, 0, 0, 0.06%, 9, 0, 11, 282.60
1734557694, 142, 12, 81, 0, 0, 0.06%, 9, 0, 11, 254.25
1734557699, 142, 13, 81, 0, 0, 0.06%, 9, 0, 11, 251.84
1734557704, 142, 14, 81, 0, 0, 0.06%, 9, 0, 11, 252.15
1734557709, 142, 15, 81, 0, 0, 0.06%, 9, 0, 11, 241.23
1734557714, 142, 20, 81, 0, 0, 0.06%, 9, 0, 11, 251.53
1734557719, 142, 23, 81, 0, 0, 0.06%, 9, 0, 11, 247.05
1734557729, 142, 24, 81, 0, 0, 0.06%, 9, 0, 11, 243.72
1734557735, 142, 61, 81, 0, 0, 0.06%, 9, 0, 11, 271.84
1734557740, 142, 67, 81, 0, 0, 0.06%, 9, 0, 11, 276.89
1734557745, 142, 76, 81, 0, 0, 0.06%, 9, 0, 11, 295.16
1734557775, 143, 1, 81, 0, 0, 0.06%, 9, 0, 11, 262.98
1734557780, 143, 12, 81, 0, 0, 0.06%, 9, 0, 11, 242.28
1734557785, 143, 13, 81, 0, 0, 0.06%, 9, 0, 11, 240.70
1734557790, 143, 14, 81, 0, 0, 0.06%, 9, 0, 11, 248.66
1734557801, 143, 15, 81, 0, 0, 0.06%, 9, 0, 11, 254.91
1734557806, 143, 20, 81, 0, 0, 0.06%, 9, 0, 11, 250.37
1734557811, 143, 23, 81, 0, 0, 0.06%, 9, 0, 11, 249.50
1734557816, 143, 24, 81, 0, 0, 0.06%, 9, 0, 11, 243.41
1734557821, 143, 37, 81, 0, 0, 0.06%, 9, 0, 11, 245.05
1734557826, 143, 73, 81, 0, 0, 0.06%, 9, 0, 11, 281.17
1734557856, 143, 74, 81, 0, 0, 0.06%, 9, 0, 11, 289.31
1734557887, 144, 11, 81, 0, 0, 0.06%, 9, 0, 11, 251.52
1734557892, 144, 12, 81, 0, 0, 0.06%, 9, 0, 11, 253.35
1734557897, 144, 13, 81, 0, 0, 0.06%, 9, 0, 11, 254.79
1734557902, 144, 14, 81, 0, 0, 0.06%, 9, 0, 11, 243.38
1734557907, 144, 15, 81, 0, 0, 0.06%, 9, 0, 11, 238.58
1734557912, 144, 20, 81, 0, 0, 0.06%, 9, 0, 11, 255.06
1734557917, 144, 23, 81, 0, 0, 0.06%, 9, 0, 11, 253.17
1734557922, 144, 24, 81, 0, 0, 0.06%, 9, 0, 11, 248.79
1734557932, 144, 45, 81, 0, 0, 0.06%, 9, 0, 11, 268.51
1734557938, 144, 64, 81, 0, 0, 0.06%, 9, 0, 11, 263.12
1734557948, 144, 74, 81, 0, 0, 0.06%, 9, 0, 11, 314.24
1734557963, 145, 12, 81, 0, 0, 0.06%, 9, 0, 11, 242.56
1734557973, 145, 13, 81, 0, 0, 0.06%, 9, 0, 11, 242.71
1734557978, 145, 14, 81, 0, 0, 0.06%, 9, 0, 11, 258.71
1734557983, 145, 15, 81, 0, 0, 0.06%, 9, 0, 11, 260.14
1734557989, 145, 20, 81, 0, 0, 0.06%, 9, 0, 11, 264.10
1734557994, 145, 23, 81, 0, 0, 0.06%, 9, 0, 11, 258.94
1734557999, 145, 24, 81, 0, 0, 0.06%, 9, 0, 11, 247.19
1734558004, 145, 64, 81, 0, 0, 0.06%, 9, 0, 11, 267.92
1734558014, 146, 6, 81, 0, 0, 0.06%, 9, 0, 11, 248.49
1734558019, 146, 12, 81, 0, 0, 0.06%, 9, 0, 11, 237.93
1734558024, 146, 13, 81, 0, 0, 0.06%, 9, 0, 11, 239.13
1734558029, 146, 14, 81, 0, 0, 0.06%, 9, 0, 11, 251.24
1734558034, 146, 15, 81, 0, 0, 0.06%, 9, 0, 11, 250.63
1734558039, 146, 20, 81, 0, 0, 0.06%, 9, 0, 11, 258.62
1734558049, 146, 23, 81, 0, 0, 0.06%, 9, 0, 11, 264.82
1734558055, 146, 24, 81, 0, 0, 0.06%, 9, 0, 11, 246.59
1734558060, 146, 61, 81, 0, 0, 0.06%, 9, 0, 11, 281.42
1734558065, 146, 68, 81, 0, 0, 0.06%, 9, 0, 11, 277.03
1734558070, 147, 11, 81, 0, 0, 0.06%, 9, 0, 11, 247.44
1734558075, 147, 12, 81, 0, 0, 0.06%, 9, 0, 11, 248.38
1734558080, 147, 13, 81, 0, 0, 0.06%, 9, 0, 11, 255.56
1734558085, 147, 14, 81, 0, 0, 0.06%, 9, 0, 11, 254.53
1734558090, 147, 15, 81, 0, 0, 0.06%, 9, 0, 11, 249.96
1734558095, 147, 20, 81, 0, 0, 0.06%, 9, 0, 11, 250.78
1734558100, 147, 23, 81, 0, 0, 0.06%, 9, 0, 11, 244.27
1734558105, 147, 24, 81, 0, 0, 0.06%, 9, 0, 11, 258.51
1734558116, 147, 29, 81, 0, 0, 0.06%, 9, 0, 11, 242.14
1734558121, 147, 49, 81, 0, 0, 0.06%, 9, 0, 11, 269.35
1734558126, 147, 59, 81, 0, 0, 0.06%, 9, 0, 11, 252.69
1734558131, 147, 61, 81, 0, 0, 0.06%, 9, 0, 11, 274.63
1734558136, 148, 11, 81, 0, 0, 0.06%, 9, 0, 11, 261.68
1734558141, 148, 12, 81, 0, 0, 0.06%, 9, 0, 11, 246.43
1734558146, 148, 13, 81, 0, 0, 0.06%, 9, 0, 11, 233.15
1734558151, 148, 14, 81, 0, 0, 0.06%, 9, 0, 11, 246.95
1734558156, 148, 15, 81, 0, 0, 0.06%, 9, 0, 11, 244.09
1734558161, 148, 20, 81, 0, 0, 0.06%, 9, 0, 11, 250.46
1734558166, 148, 23, 81, 0, 0, 0.06%, 9, 0, 11, 245.37
1734558171, 148, 24, 81, 0, 0, 0.06%, 9, 0, 11, 244.50
1734558181, 149, 12, 81, 0, 0, 0.06%, 9, 0, 11, 248.22
1734558187, 149, 13, 81, 0, 0, 0.06%, 9, 0, 11, 247.71
1734558192, 149, 14, 81, 0, 0, 0.06%, 9, 0, 11, 264.71
1734558202, 149, 15, 81, 0, 0, 0.06%, 9, 0, 11, 257.84
1734558207, 149, 20, 81, 0, 0, 0.06%, 9, 0, 11, 276.49
1734558212, 149, 23, 81, 0, 0, 0.06%, 9, 0, 11, 255.00
1734558217, 149, 24, 81, 0, 0, 0.06%, 9, 0, 11, 246.35
1734558222, 149, 39, 81, 0, 0, 0.06%, 9, 0, 11, 270.39
1734558227, 149, 47, 81, 0, 0, 0.06%, 9, 0, 11, 265.87
1734558237, 149, 63, 81, 0, 0, 0.06%, 9, 0, 11, 280.75
1734558242, 149, 67, 81, 0, 0, 0.06%, 9, 0, 11, 282.88
1734558247, 150, 11, 81, 0, 0, 0.06%, 9, 0, 11, 274.60
1734558252, 150, 12, 81, 0, 0, 0.06%, 9, 0, 11, 255.62
1734558258, 150, 13, 81, 0, 0, 0.06%, 9, 0, 11, 243.43
1734558263, 150, 14, 81, 0, 0, 0.06%, 9, 0, 11, 250.21
1734558268, 150, 15, 81, 0, 0, 0.06%, 9, 0, 11, 255.76
1734558273, 150, 19, 81, 0, 0, 0.06%, 9, 0, 11, 256.78
1734558278, 150, 20, 81, 0, 0, 0.06%, 9, 0, 11, 257.30
1734558283, 150, 23, 81, 0, 0, 0.06%, 9, 0, 11, 269.76
1734558293, 150, 24, 81, 0, 0, 0.06%, 9, 0, 11, 247.33
1734558298, 150, 43, 81, 0, 0, 0.06%, 9, 0, 11, 260.27
1734558303, 150, 53, 81, 0, 0, 0.06%, 9, 0, 11, 270.86
1734558308, 150, 63, 81, 0, 0, 0.06%, 9, 0, 11, 278.92
1734558318, 150, 71, 81, 0, 0, 0.06%, 9, 0, 11, 295.58
1734558333, 150, 80, 81, 0, 0, 0.06%, 9, 0, 11, 277.40
1734558354, 151, 11, 81, 0, 0, 0.06%, 9, 0, 11, 251.68
1734558359, 151, 12, 81, 0, 0, 0.06%, 9, 0, 11, 250.09
1734558364, 151, 13, 81, 0, 0, 0.06%, 9, 0, 11, 255.21
1734558369, 151, 14, 81, 0, 0, 0.06%, 9, 0, 11, 237.93
1734558374, 151, 15, 81, 0, 0, 0.06%, 9, 0, 11, 247.40
1734558379, 151, 20, 81, 0, 0, 0.06%, 9, 0, 11, 250.98
1734558384, 151, 23, 81, 0, 0, 0.06%, 9, 0, 11, 254.16
1734558389, 151, 24, 81, 0, 0, 0.06%, 9, 0, 11, 245.29
1734558395, 151, 30, 81, 0, 0, 0.06%, 9, 0, 11, 237.88
1734558405, 151, 34, 81, 0, 0, 0.06%, 9, 0, 11, 255.61
1734558410, 151, 51, 81, 0, 0, 0.06%, 9, 0, 11, 263.28
1734558415, 152, 12, 81, 0, 0, 0.06%, 9, 0, 11, 248.64
1734558425, 152, 13, 81, 0, 0, 0.06%, 9, 0, 11, 271.00
1734558430, 152, 14, 81, 0, 0, 0.06%, 9, 0, 11, 258.91
1734558435, 152, 15, 81, 0, 0, 0.06%, 9, 0, 11, 270.42
1734558440, 152, 17, 81, 0, 0, 0.06%, 9, 0, 11, 263.54
1734558445, 152, 20, 81, 0, 0, 0.06%, 9, 0, 11, 247.91
1734558450, 152, 23, 81, 0, 0, 0.06%, 9, 0, 11, 247.77
1734558455, 152, 24, 81, 0, 0, 0.06%, 9, 0, 11, 247.29
1734558460, 152, 31, 81, 0, 0, 0.06%, 9, 0, 11, 250.09
1734558465, 152, 41, 81, 0, 0, 0.06%, 9, 0, 11, 283.48
1734558470, 152, 64, 81, 0, 0, 0.06%, 9, 0, 11, 275.63
1734558480, 152, 69, 81, 0, 0, 0.06%, 9, 0, 11, 265.53
1734558491, 153, 11, 81, 0, 0, 0.06%, 9, 0, 11, 256.46
1734558496, 153, 12, 81, 0, 0, 0.06%, 9, 0, 11, 250.59
1734558501, 153, 13, 81, 0, 0, 0.06%, 9, 0, 11, 246.05
1734558506, 153, 14, 81, 0, 0, 0.06%, 9, 0, 11, 244.07
1734558511, 153, 15, 81, 0, 0, 0.06%, 9, 0, 11, 250.33
1734558516, 153, 20, 81, 0, 0, 0.06%, 9, 0, 11, 254.93
1734558521, 153, 23, 81, 0, 0, 0.06%, 9, 0, 11, 268.50
1734558527, 153, 24, 81, 0, 0, 0.06%, 9, 0, 11, 243.80
1734558532, 153, 27, 81, 0, 0, 0.06%, 9, 0, 11, 247.02
1734558537, 153, 42, 81, 0, 0, 0.06%, 9, 0, 11, 260.17
1734558542, 153, 53, 81, 0, 0, 0.06%, 9, 0, 11, 269.06
1734558547, 153, 65, 81, 0, 0, 0.06%, 9, 0, 11, 276.27
1734558557, 154, 12, 81, 0, 0, 0.06%, 9, 0, 11, 235.90
1734558562, 154, 13, 81, 0, 0, 0.06%, 9, 0, 11, 246.02
1734558567, 154, 14, 81, 0, 0, 0.06%, 9, 0, 11, 257.03
1734558572, 154, 15, 81, 0, 0, 0.06%, 9, 0, 11, 251.90
1734558577, 154, 20, 81, 0, 0, 0.06%, 9, 0, 11, 256.43
1734558587, 154, 23, 81, 0, 0, 0.06%, 9, 0, 11, 243.93
1734558592, 154, 24, 81, 0, 0, 0.06%, 9, 0, 11, 249.02
1734558598, 154, 29, 81, 0, 0, 0.06%, 9, 0, 11, 245.60
1734558603, 154, 42, 81, 0, 0, 0.06%, 9, 0, 11, 269.19
1734558608, 154, 44, 81, 0, 0, 0.06%, 9, 0, 11, 259.57
1734558618, 154, 76, 81, 0, 0, 0.06%, 9, 0, 11, 292.13
1734558648, 155, 11, 81, 0, 0, 0.06%, 9, 0, 11, 273.09
1734558654, 155, 12, 81, 0, 0, 0.06%, 9, 0, 11, 258.57
1734558659, 155, 13, 81, 0, 0, 0.06%, 9, 0, 11, 261.42
1734558664, 155, 14, 81, 0, 0, 0.06%, 9, 0, 11, 257.00
1734558669, 155, 15, 81, 0, 0, 0.06%, 9, 0, 11, 262.24
1734558674, 155, 20, 81, 0, 0, 0.06%, 9, 0, 11, 265.25
1734558679, 155, 23, 81, 0, 0, 0.06%, 9, 0, 11, 266.35
1734558684, 155, 24, 81, 0, 0, 0.06%, 9, 0, 11, 255.88
1734558689, 155, 69, 81, 0, 0, 0.06%, 9, 0, 11, 259.28
1734558699, 156, 12, 81, 0, 0, 0.06%, 9, 0, 11, 258.01
1734558704, 156, 13, 81, 0, 0, 0.06%, 9, 0, 11, 252.49
1734558715, 156, 14, 81, 0, 0, 0.06%, 9, 0, 11, 241.11
1734558720, 156, 15, 81, 0, 0, 0.06%, 9, 0, 11, 252.40
1734558725, 156, 20, 81, 0, 0, 0.06%, 9, 0, 11, 259.64
1734558730, 156, 23, 81, 0, 0, 0.06%, 9, 0, 11, 246.50
1734558735, 156, 24, 81, 0, 0, 0.06%, 9, 0, 11, 242.90
1734558740, 156, 26, 81, 0, 0, 0.06%, 9, 0, 11, 251.89
1734558745, 156, 47, 81, 0, 0, 0.06%, 9, 0, 11, 274.02
1734558755, 156, 52, 81, 0, 0, 0.06%, 9, 0, 11, 274.35
1734558760, 157, 11, 81, 0, 0, 0.06%, 9, 0, 11, 269.65
1734558765, 157, 12, 81, 0, 0, 0.06%, 9, 0, 11, 260.19
1734558770, 157, 13, 81, 0, 0, 0.06%, 9, 0, 11, 249.57
1734558775, 157, 14, 81, 0, 0, 0.06%, 9, 0, 11, 238.92
1734558781, 157, 15, 81, 0, 0, 0.06%, 9, 0, 11, 241.52
1734558786, 157, 20, 81, 0, 0, 0.06%, 9, 0, 11, 259.39
1734558791, 157, 23, 81, 0, 0, 0.06%, 9, 0, 11, 261.47
1734558796, 157, 24, 81, 0, 0, 0.06%, 9, 0, 11, 254.64
1734558806, 157, 35, 81, 0, 0, 0.06%, 9, 0, 11, 257.13
1734558812, 157, 50, 81, 0, 0, 0.06%, 9, 0, 11, 273.75
1734558817, 157, 79, 81, 0, 0, 0.06%, 9, 0, 11, 287.03
1734558837, 158, 11, 81, 0, 0, 0.06%, 9, 0, 11, 255.12
1734558842, 158, 12, 81, 0, 0, 0.06%, 9, 0, 11, 245.08
1734558847, 158, 13, 81, 0, 0, 0.06%, 9, 0, 11, 265.56
1734558852, 158, 14, 81, 0, 0, 0.06%, 9, 0, 11, 241.53
1734558858, 158, 15, 81, 0, 0, 0.06%, 9, 0, 11, 244.72
1734558863, 158, 20, 81, 0, 0, 0.06%, 9, 0, 11, 247.32
1734558868, 158, 23, 81, 0, 0, 0.06%, 9, 0, 11, 259.28
1734558873, 158, 24, 81, 0, 0, 0.06%, 9, 0, 11, 245.80
1734558878, 158, 34, 81, 0, 0, 0.06%, 9, 0, 11, 243.07
1734558888, 158, 36, 81, 0, 0, 0.06%, 9, 0, 11, 258.86
1734558893, 158, 66, 81, 0, 0, 0.06%, 9, 0, 11, 279.47
1734558899, 158, 69, 81, 0, 0, 0.06%, 9, 0, 11, 278.37
1734558909, 159, 12, 81, 0, 0, 0.06%, 9, 0, 11, 252.30
1734558914, 159, 13, 81, 0, 0, 0.06%, 9, 0, 11, 258.41
1734558924, 159, 14, 81, 0, 0, 0.06%, 9, 0, 11, 250.96
1734558929, 159, 15, 81, 0, 0, 0.06%, 9, 0, 11, 255.27
1734558934, 159, 20, 81, 0, 0, 0.06%, 9, 0, 11, 259.27
1734558939, 159, 23, 81, 0, 0, 0.06%, 9, 0, 11, 259.43
1734558944, 159, 24, 81, 0, 0, 0.06%, 9, 0, 11, 247.38
1734558949, 159, 30, 81, 0, 0, 0.06%, 9, 0, 11, 251.66
1734558954, 159, 31, 81, 0, 0, 0.06%, 9, 0, 11, 256.75
1734558964, 160, 12, 81, 0, 0, 0.06%, 9, 0, 11, 252.96
1734558969, 160, 13, 81, 0, 0, 0.06%, 9, 0, 11, 259.93
1734558974, 160, 14, 81, 0, 0, 0.06%, 9, 0, 11, 262.33
1734558984, 160, 15, 81, 0, 0, 0.06%, 9, 0, 11, 266.59
1734558989, 160, 17, 81, 0, 0, 0.06%, 9, 0, 11, 254.58
1734558995, 160, 18, 81, 0, 0, 0.06%, 9, 0, 11, 257.25
1734559000, 160, 20, 81, 0, 0, 0.06%, 9, 0, 11, 255.90
1734559005, 160, 23, 81, 0, 0, 0.06%, 9, 0, 11, 260.05
1734559010, 160, 24, 81, 0, 0, 0.06%, 9, 0, 11, 249.32
1734559015, 160, 30, 81, 0, 0, 0.06%, 9, 0, 11, 241.91
1734559025, 160, 64, 81, 0, 0, 0.06%, 9, 0, 11, 258.08
1734559030, 160, 68, 81, 0, 0, 0.06%, 9, 0, 11, 268.92
1734559035, 160, 71, 81, 0, 0, 0.06%, 9, 0, 11, 283.14
1734559050, 161, 11, 81, 0, 0, 0.06%, 9, 0, 11, 267.92
1734559056, 161, 12, 81, 0, 0, 0.06%, 9, 0, 11, 256.31
1734559061, 161, 13, 81, 0, 0, 0.06%, 9, 0, 11, 250.21
1734559066, 161, 14, 81, 0, 0, 0.06%, 9, 0, 11, 244.92
1734559071, 161, 15, 81, 0, 0, 0.06%, 9, 0, 11, 244.30
1734559076, 161, 20, 81, 0, 0, 0.06%, 9, 0, 11, 257.74
1734559081, 161, 23, 81, 0, 0, 0.06%, 9, 0, 11, 256.15
1734559086, 161, 24, 81, 0, 0, 0.06%, 9, 0, 11, 237.72
1734559096, 161, 58, 81, 0, 0, 0.06%, 9, 0, 11, 274.22
