# unix_time, cycles_done, cur_path, paths_total, pending_total, pending_favs, map_size, unique_crashes, unique_hangs, max_depth, execs_per_sec
1735342053, 0, 0, 10, 10, 1, 0.00%, 0, 0, 1, 166.67
1735342058, 0, 2, 10, 10, 1, 0.00%, 0, 0, 1, 200.59
1735342063, 0, 3, 10, 9, 0, 0.00%, 0, 0, 1, 201.81
1735342074, 0, 4, 10, 8, 0, 0.00%, 0, 0, 1, 201.96
1735342079, 0, 5, 10, 7, 0, 0.00%, 0, 0, 1, 188.12
1735342089, 0, 6, 10, 6, 0, 0.00%, 0, 0, 1, 200.29
1735342094, 0, 7, 10, 5, 0, 0.00%, 0, 0, 1, 200.00
1735342104, 0, 8, 10, 4, 0, 0.00%, 0, 0, 1, 199.33
1735342109, 0, 9, 10, 3, 0, 0.00%, 0, 0, 1, 194.97
1735342120, 1, 0, 10, 2, 0, 0.00%, 0, 0, 1, 198.54
1735342130, 1, 1, 10, 1, 0, 0.00%, 0, 0, 1, 199.41
1735342140, 1, 3, 10, 0, 0, 0.00%, 0, 0, 1, 194.57
1735342145, 1, 4, 10, 0, 0, 0.00%, 0, 0, 1, 193.25
1735342151, 1, 6, 10, 0, 0, 0.00%, 0, 0, 1, 196.56
1735342156, 1, 7, 10, 0, 0, 0.00%, 0, 0, 1, 199.85
1735342161, 1, 8, 10, 0, 0, 0.00%, 0, 0, 1, 197.36
1735342166, 2, 0, 10, 0, 0, 0.00%, 0, 0, 1, 198.10
1735342171, 2, 1, 10, 0, 0, 0.00%, 0, 0, 1, 192.40
1735342176, 2, 3, 10, 0, 0, 0.00%, 0, 0, 1, 197.03
1735342182, 2, 4, 10, 0, 0, 0.00%, 0, 0, 1, 196.81
1735342187, 2, 5, 10, 0, 0, 0.00%, 0, 0, 1, 195.15
1735342192, 2, 7, 10, 0, 0, 0.00%, 0, 0, 1, 196.53
1735342197, 2, 8, 10, 0, 0, 0.00%, 0, 0, 1, 198.29
1735342202, 2, 9, 10, 0, 0, 0.00%, 0, 0, 1, 192.94
1735342207, 3, 1, 10, 0, 0, 0.00%, 0, 0, 1, 198.64
1735342212, 3, 2, 10, 0, 0, 0.00%, 0, 0, 1, 198.88
1735342217, 3, 3, 10, 0, 0, 0.00%, 0, 0, 1, 196.36
1735342222, 3, 5, 10, 0, 0, 0.00%, 0, 0, 1, 194.46
1735342228, 3, 6, 10, 0, 0, 0.00%, 0, 0, 1, 196.50
1735342233, 3, 8, 10, 0, 0, 0.00%, 0, 0, 1, 201.14
1735342238, 3, 9, 10, 0, 0, 0.00%, 0, 0, 1, 197.67
1735342243, 4, 0, 10, 0, 0, 0.00%, 0, 0, 1, 195.72
1735342248, 4, 2, 10, 0, 0, 0.00%, 0, 0, 1, 198.00
1735342253, 4, 3, 10, 0, 0, 0.00%, 0, 0, 1, 194.92
1735342258, 4, 4, 10, 0, 0, 0.00%, 0, 0, 1, 197.97
1735342264, 4, 6, 10, 0, 0, 0.00%, 0, 0, 1, 197.85
1735342269, 4, 7, 10, 0, 0, 0.00%, 0, 0, 1, 194.84
1735342274, 4, 9, 10, 0, 0, 0.00%, 0, 0, 1, 195.30
1735342279, 5, 0, 10, 0, 0, 0.00%, 0, 0, 1, 196.86
1735342284, 5, 1, 10, 0, 0, 0.00%, 0, 0, 1, 200.63
1735342290, 5, 3, 10, 0, 0, 0.00%, 0, 0, 1, 200.06
1735342295, 5, 4, 10, 0, 0, 0.00%, 0, 0, 1, 199.20
1735342300, 5, 6, 10, 0, 0, 0.00%, 0, 0, 1, 198.64
1735342305, 5, 7, 10, 0, 0, 0.00%, 0, 0, 1, 194.99
1735342310, 5, 8, 10, 0, 0, 0.00%, 0, 0, 1, 194.93
1735342315, 6, 0, 10, 0, 0, 0.00%, 0, 0, 1, 199.21
1735342321, 6, 1, 10, 0, 0, 0.00%, 0, 0, 1, 198.04
1735342326, 6, 3, 10, 0, 0, 0.00%, 0, 0, 1, 194.60
1735342331, 6, 4, 10, 0, 0, 0.00%, 0, 0, 1, 195.24
1735342336, 6, 5, 10, 0, 0, 0.00%, 0, 0, 1, 194.69
1735342341, 6, 7, 10, 0, 0, 0.00%, 0, 0, 1, 199.66
1735342346, 6, 8, 10, 0, 0, 0.00%, 0, 0, 1, 196.43
1735342351, 6, 9, 10, 0, 0, 0.00%, 0, 0, 1, 197.56
1735342357, 7, 1, 10, 0, 0, 0.00%, 0, 0, 1, 196.12
1735342362, 7, 2, 10, 0, 0, 0.00%, 0, 0, 1, 193.53
1735342367, 7, 4, 10, 0, 0, 0.00%, 0, 0, 1, 195.63
1735342372, 7, 5, 10, 0, 0, 0.00%, 0, 0, 1, 198.32
1735342377, 7, 6, 10, 0, 0, 0.00%, 0, 0, 1, 199.93
1735342382, 7, 8, 10, 0, 0, 0.00%, 0, 0, 1, 199.99
1735342387, 7, 9, 10, 0, 0, 0.00%, 0, 0, 1, 194.75
1735342393, 8, 0, 10, 0, 0, 0.00%, 0, 0, 1, 198.98
1735342398, 8, 2, 10, 0, 0, 0.00%, 0, 0, 1, 196.51
1735342403, 8, 3, 10, 0, 0, 0.00%, 0, 0, 1, 196.18
1735342408, 8, 5, 10, 0, 0, 0.00%, 0, 0, 1, 197.94
1735342413, 8, 6, 10, 0, 0, 0.00%, 0, 0, 1, 198.20
1735342418, 8, 7, 10, 0, 0, 0.00%, 0, 0, 1, 193.36
1735342423, 8, 9, 10, 0, 0, 0.00%, 0, 0, 1, 196.11
1735342429, 9, 0, 10, 0, 0, 0.00%, 0, 0, 1, 199.38
1735342434, 9, 1, 10, 0, 0, 0.00%, 0, 0, 1, 202.59
1735342439, 9, 3, 10, 0, 0, 0.00%, 0, 0, 1, 198.00
1735342444, 9, 4, 10, 0, 0, 0.00%, 0, 0, 1, 198.76
1735342449, 9, 6, 10, 0, 0, 0.00%, 0, 0, 1, 195.25
1735342454, 9, 7, 10, 0, 0, 0.00%, 0, 0, 1, 194.45
1735342459, 9, 8, 10, 0, 0, 0.00%, 0, 0, 1, 196.32
1735342465, 10, 0, 10, 0, 0, 0.00%, 0, 0, 1, 199.90
1735342470, 10, 1, 10, 0, 0, 0.00%, 0, 0, 1, 194.98
1735342475, 10, 2, 10, 0, 0, 0.00%, 0, 0, 1, 194.95
1735342480, 10, 4, 10, 0, 0, 0.00%, 0, 0, 1, 195.25
1735342485, 10, 5, 10, 0, 0, 0.00%, 0, 0, 1, 194.79
1735342490, 10, 6, 10, 0, 0, 0.00%, 0, 0, 1, 196.24
1735342495, 10, 8, 10, 0, 0, 0.00%, 0, 0, 1, 201.52
1735342500, 10, 9, 10, 0, 0, 0.00%, 0, 0, 1, 195.84
1735342505, 11, 1, 10, 0, 0, 0.00%, 0, 0, 1, 195.91
1735342511, 11, 2, 10, 0, 0, 0.00%, 0, 0, 1, 197.04
1735342516, 11, 3, 10, 0, 0, 0.00%, 0, 0, 1, 199.83
1735342521, 11, 5, 10, 0, 0, 0.00%, 0, 0, 1, 198.82
1735342526, 11, 6, 10, 0, 0, 0.00%, 0, 0, 1, 199.57
1735342531, 11, 7, 10, 0, 0, 0.00%, 0, 0, 1, 198.43
1735342536, 11, 9, 10, 0, 0, 0.00%, 0, 0, 1, 202.69
1735342541, 12, 0, 10, 0, 0, 0.00%, 0, 0, 1, 196.24
1735342546, 12, 1, 10, 0, 0, 0.00%, 0, 0, 1, 199.63
1735342551, 12, 3, 10, 0, 0, 0.00%, 0, 0, 1, 197.82
1735342556, 12, 4, 10, 0, 0, 0.00%, 0, 0, 1, 199.57
1735342561, 12, 6, 10, 0, 0, 0.00%, 0, 0, 1, 195.62
1735342566, 12, 7, 10, 0, 0, 0.00%, 0, 0, 1, 197.29
1735342571, 12, 8, 10, 0, 0, 0.00%, 0, 0, 1, 194.21
1735342577, 13, 0, 10, 0, 0, 0.00%, 0, 0, 1, 197.43
1735342582, 13, 1, 10, 0, 0, 0.00%, 0, 0, 1, 195.91
1735342587, 13, 3, 10, 0, 0, 0.00%, 0, 0, 1, 198.76
1735342592, 13, 4, 10, 0, 0, 0.00%, 0, 0, 1, 197.06
1735342597, 13, 5, 10, 0, 0, 0.00%, 0, 0, 1, 197.99
1735342602, 13, 7, 10, 0, 0, 0.00%, 0, 0, 1, 198.33
1735342607, 13, 8, 10, 0, 0, 0.00%, 0, 0, 1, 194.85
1735342612, 13, 9, 10, 0, 0, 0.00%, 0, 0, 1, 194.02
1735342618, 14, 1, 10, 0, 0, 0.00%, 0, 0, 1, 194.21
1735342623, 14, 2, 10, 0, 0, 0.00%, 0, 0, 1, 196.31
1735342628, 14, 3, 10, 0, 0, 0.00%, 0, 0, 1, 196.53
1735342633, 14, 5, 10, 0, 0, 0.00%, 0, 0, 1, 194.26
1735342638, 14, 6, 10, 0, 0, 0.00%, 0, 0, 1, 195.69
1735342643, 14, 8, 10, 0, 0, 0.00%, 0, 0, 1, 197.55
1735342648, 14, 9, 10, 0, 0, 0.00%, 0, 0, 1, 196.61
1735342654, 15, 0, 10, 0, 0, 0.00%, 0, 0, 1, 202.19
1735342659, 15, 2, 10, 0, 0, 0.00%, 0, 0, 1, 203.06
1735342664, 15, 3, 10, 0, 0, 0.00%, 0, 0, 1, 206.78
1735342669, 15, 5, 10, 0, 0, 0.00%, 0, 0, 1, 206.80
1735342674, 15, 6, 10, 0, 0, 0.00%, 0, 0, 1, 199.01
1735342679, 15, 7, 10, 0, 0, 0.00%, 0, 0, 1, 200.75
1735342684, 15, 9, 10, 0, 0, 0.00%, 0, 0, 1, 201.33
1735342689, 16, 0, 10, 0, 0, 0.00%, 0, 0, 1, 204.39
1735342695, 16, 2, 10, 0, 0, 0.00%, 0, 0, 1, 202.96
1735342700, 16, 3, 10, 0, 0, 0.00%, 0, 0, 1, 204.97
1735342705, 16, 5, 10, 0, 0, 0.00%, 0, 0, 1, 203.49
1735342710, 16, 6, 10, 0, 0, 0.00%, 0, 0, 1, 202.97
1735342715, 16, 7, 10, 0, 0, 0.00%, 0, 0, 1, 207.98
1735342720, 16, 9, 10, 0, 0, 0.00%, 0, 0, 1, 206.05
1735342725, 17, 0, 10, 0, 0, 0.00%, 0, 0, 1, 204.62
1735342730, 17, 2, 10, 0, 0, 0.00%, 0, 0, 1, 204.00
1735342735, 17, 3, 10, 0, 0, 0.00%, 0, 0, 1, 205.76
1735342740, 17, 4, 10, 0, 0, 0.00%, 0, 0, 1, 202.73
1735342745, 17, 6, 11, 1, 0, 0.05%, 1, 0, 2, 207.65
1735342750, 17, 10, 11, 1, 1, 0.05%, 1, 0, 2, 223.91
1735342761, 17, 10, 12, 2, 1, 0.05%, 2, 0, 3, 213.44
1735342776, 17, 10, 13, 3, 1, 0.05%, 3, 0, 3, 219.59
1735342791, 17, 10, 14, 4, 1, 0.05%, 4, 0, 3, 218.09
1735342826, 17, 10, 15, 5, 1, 0.06%, 5, 0, 3, 216.61
1735342892, 17, 11, 17, 6, 4, 0.06%, 7, 0, 4, 240.51
1735342907, 17, 11, 18, 7, 4, 0.06%, 7, 0, 4, 225.65
1735342948, 17, 11, 19, 8, 4, 0.06%, 7, 0, 4, 221.30
1735342958, 17, 11, 20, 9, 4, 0.06%, 7, 0, 4, 223.25
1735342963, 17, 11, 21, 10, 4, 0.06%, 7, 0, 4, 225.45
1735342968, 17, 11, 22, 11, 4, 0.06%, 7, 0, 4, 223.00
1735343013, 17, 11, 23, 12, 4, 0.06%, 8, 0, 4, 225.29
1735343054, 17, 12, 23, 11, 6, 0.06%, 8, 0, 4, 238.75
1735343079, 17, 12, 24, 12, 6, 0.06%, 8, 0, 4, 224.03
1735343084, 17, 12, 25, 13, 6, 0.06%, 8, 0, 4, 221.62
1735343105, 17, 12, 26, 14, 6, 0.06%, 8, 0, 4, 222.76
1735343115, 17, 12, 27, 15, 6, 0.06%, 8, 0, 4, 227.16
1735343171, 17, 12, 28, 16, 6, 0.06%, 8, 0, 4, 210.36
1735343176, 17, 13, 30, 17, 5, 0.06%, 9, 0, 4, 249.22
1735343181, 17, 13, 31, 18, 5, 0.06%, 9, 0, 4, 224.57
1735343201, 17, 13, 32, 19, 5, 0.06%, 9, 0, 4, 223.50
1735343298, 17, 13, 37, 24, 5, 0.06%, 9, 0, 4, 260.34
1735343303, 17, 14, 37, 23, 5, 0.06%, 9, 0, 4, 246.09
1735343323, 17, 14, 38, 24, 5, 0.06%, 9, 0, 4, 224.25
1735343364, 17, 14, 41, 27, 5, 0.06%, 9, 0, 4, 246.33
1735343374, 17, 15, 41, 26, 4, 0.06%, 9, 0, 4, 244.03
1735343389, 17, 15, 43, 28, 4, 0.06%, 9, 0, 5, 221.57
1735343405, 17, 15, 44, 29, 4, 0.06%, 9, 0, 5, 223.94
1735343481, 17, 15, 45, 30, 4, 0.06%, 9, 0, 5, 220.73
1735343537, 17, 16, 46, 30, 3, 0.06%, 9, 0, 5, 271.53
1735343583, 17, 16, 47, 31, 3, 0.06%, 9, 0, 5, 265.31
1735343588, 17, 16, 49, 33, 3, 0.06%, 9, 0, 5, 261.72
1735343593, 17, 22, 49, 32, 2, 0.06%, 9, 0, 5, 267.20
1735343633, 17, 22, 50, 33, 2, 0.06%, 9, 0, 5, 264.55
1735343638, 17, 22, 51, 34, 2, 0.06%, 9, 0, 5, 255.87
1735343644, 17, 22, 52, 35, 2, 0.06%, 9, 0, 5, 259.15
1735343649, 17, 29, 52, 34, 1, 0.06%, 9, 0, 5, 248.51
1735343699, 17, 33, 52, 33, 0, 0.06%, 9, 0, 5, 273.97
1735343750, 17, 36, 52, 32, 0, 0.06%, 9, 0, 5, 320.55
1735343806, 17, 38, 52, 31, 0, 0.06%, 9, 0, 5, 255.67
1735343832, 17, 38, 53, 32, 0, 0.06%, 9, 0, 5, 259.32
1735343892, 17, 45, 53, 31, 0, 0.06%, 9, 0, 5, 324.28
1735343954, 17, 45, 54, 32, 0, 0.06%, 9, 0, 6, 286.85
1735343959, 17, 45, 55, 33, 0, 0.06%, 9, 0, 6, 286.10
1735344056, 18, 10, 55, 32, 0, 0.06%, 9, 0, 6, 254.50
1735344071, 18, 11, 55, 32, 0, 0.06%, 9, 0, 6, 225.40
1735344081, 18, 12, 55, 32, 0, 0.06%, 9, 0, 6, 224.73
1735344086, 18, 12, 57, 34, 0, 0.06%, 9, 0, 6, 238.80
1735344097, 18, 13, 57, 34, 0, 0.06%, 9, 0, 6, 228.64
1735344107, 18, 14, 57, 34, 0, 0.06%, 9, 0, 6, 240.12
1735344117, 18, 15, 57, 34, 0, 0.06%, 9, 0, 6, 248.53
1735344137, 18, 16, 57, 34, 0, 0.06%, 9, 0, 6, 245.16
1735344163, 18, 20, 57, 34, 0, 0.06%, 9, 0, 6, 317.49
1735344183, 18, 20, 58, 35, 0, 0.06%, 9, 0, 6, 254.22
1735344249, 18, 21, 58, 34, 0, 0.06%, 9, 0, 6, 280.96
1735344254, 18, 21, 59, 35, 0, 0.06%, 9, 0, 6, 425.45
1735344361, 18, 22, 59, 34, 0, 0.06%, 9, 0, 6, 238.33
1735344387, 18, 29, 59, 34, 0, 0.06%, 9, 0, 6, 233.49
1735344407, 18, 30, 59, 34, 0, 0.06%, 9, 0, 6, 289.06
1735344463, 18, 37, 59, 33, 0, 0.06%, 9, 0, 6, 271.46
1735344519, 18, 40, 59, 32, 0, 0.06%, 9, 0, 6, 241.85
1735344560, 18, 40, 60, 33, 0, 0.06%, 9, 0, 6, 225.06
1735344600, 18, 40, 61, 34, 0, 0.06%, 9, 0, 6, 240.10
1735344615, 18, 43, 61, 33, 0, 0.06%, 9, 0, 6, 380.69
1735344697, 18, 52, 61, 32, 0, 0.06%, 9, 0, 6, 391.15
1735344722, 18, 52, 62, 33, 0, 0.06%, 9, 0, 6, 445.67
1735344727, 18, 52, 63, 34, 0, 0.06%, 9, 0, 6, 441.44
1735344850, 18, 56, 63, 33, 0, 0.06%, 9, 0, 6, 257.78
1735344906, 18, 59, 63, 32, 0, 0.06%, 9, 0, 6, 371.20
1735344916, 18, 59, 65, 34, 0, 0.06%, 9, 0, 6, 324.55
1735344946, 18, 59, 66, 35, 0, 0.06%, 9, 0, 6, 285.63
1735345048, 19, 10, 66, 34, 0, 0.06%, 9, 0, 6, 241.76
1735345058, 19, 11, 66, 34, 0, 0.06%, 9, 0, 6, 244.15
1735345068, 19, 12, 66, 34, 0, 0.06%, 9, 0, 6, 237.50
1735345078, 19, 13, 66, 34, 0, 0.06%, 9, 0, 6, 243.76
1735345088, 19, 14, 66, 34, 0, 0.06%, 9, 0, 6, 247.17
1735345098, 19, 15, 66, 34, 0, 0.06%, 9, 0, 6, 254.77
1735345123, 19, 16, 66, 34, 0, 0.06%, 9, 0, 6, 241.65
1735345149, 19, 19, 66, 34, 0, 0.06%, 9, 0, 6, 393.14
1735345200, 19, 22, 66, 33, 0, 0.06%, 9, 0, 6, 275.47
1735345221, 19, 23, 66, 33, 0, 0.06%, 9, 0, 6, 345.79
1735345302, 19, 23, 67, 34, 0, 0.06%, 9, 0, 6, 350.28
1735345307, 19, 23, 68, 35, 0, 0.06%, 9, 0, 6, 345.04
1735345337, 19, 23, 69, 36, 0, 0.06%, 9, 0, 6, 353.23
1735345352, 19, 23, 70, 37, 0, 0.06%, 9, 0, 6, 341.36
1735345382, 19, 27, 70, 36, 0, 0.06%, 9, 0, 6, 372.88
1735345418, 19, 27, 71, 37, 0, 0.06%, 9, 0, 6, 294.05
1735345433, 19, 29, 71, 36, 0, 0.06%, 9, 0, 6, 266.68
1735345448, 19, 34, 71, 36, 0, 0.06%, 9, 0, 6, 302.91
1735345494, 19, 39, 71, 35, 0, 0.06%, 9, 0, 6, 300.34
1735345545, 19, 46, 71, 34, 0, 0.06%, 9, 0, 6, 339.63
1735345651, 19, 49, 71, 33, 0, 0.06%, 9, 0, 6, 356.59
1735345707, 19, 53, 71, 32, 0, 0.06%, 9, 0, 6, 320.13
1735345798, 19, 56, 71, 31, 0, 0.06%, 9, 0, 6, 285.68
1735345819, 19, 60, 71, 31, 0, 0.06%, 9, 0, 6, 401.93
1735345865, 19, 63, 71, 30, 0, 0.06%, 9, 0, 6, 379.86
1735345910, 20, 10, 71, 29, 0, 0.06%, 9, 0, 6, 277.30
1735345921, 20, 11, 71, 29, 0, 0.06%, 9, 0, 6, 273.65
1735345931, 20, 12, 72, 30, 0, 0.06%, 9, 0, 6, 282.95
1735345941, 20, 13, 72, 30, 0, 0.06%, 9, 0, 6, 258.70
1735345951, 20, 14, 72, 30, 0, 0.06%, 9, 0, 6, 267.71
1735345961, 20, 15, 72, 30, 0, 0.06%, 9, 0, 6, 269.37
1735345982, 20, 16, 72, 30, 0, 0.06%, 9, 0, 6, 257.66
1735346002, 20, 18, 72, 30, 0, 0.06%, 9, 0, 6, 310.67
1735346048, 20, 22, 72, 29, 0, 0.06%, 9, 0, 6, 270.45
1735346068, 20, 24, 72, 29, 0, 0.06%, 9, 0, 6, 304.14
1735346114, 20, 29, 72, 28, 0, 0.06%, 9, 0, 6, 275.31
1735346134, 20, 35, 72, 28, 0, 0.06%, 9, 0, 6, 326.40
1735346180, 20, 37, 72, 27, 0, 0.06%, 9, 0, 6, 284.91
1735346200, 20, 50, 72, 27, 0, 0.06%, 9, 0, 6, 346.36
1735346317, 20, 55, 72, 26, 0, 0.06%, 9, 0, 6, 364.04
1735346363, 20, 55, 73, 27, 0, 0.06%, 9, 0, 6, 329.49
1735346408, 20, 58, 73, 26, 0, 0.06%, 9, 0, 6, 271.55
1735346521, 20, 61, 73, 25, 0, 0.06%, 9, 0, 6, 365.88
1735346643, 20, 64, 73, 24, 0, 0.06%, 9, 0, 6, 346.69
1735346688, 20, 68, 73, 23, 0, 0.06%, 9, 0, 6, 327.49
1735346785, 21, 10, 73, 22, 0, 0.06%, 9, 0, 6, 267.69
1735346791, 21, 11, 73, 22, 0, 0.06%, 9, 0, 6, 267.95
1735346796, 21, 12, 73, 22, 0, 0.06%, 9, 0, 6, 259.73
1735346801, 21, 13, 73, 22, 0, 0.06%, 9, 0, 6, 267.55
1735346806, 21, 14, 73, 22, 0, 0.06%, 9, 0, 6, 270.79
1735346811, 21, 15, 74, 23, 0, 0.06%, 9, 0, 6, 276.68
1735346821, 21, 16, 74, 23, 0, 0.06%, 9, 0, 6, 257.23
1735346832, 21, 22, 74, 23, 0, 0.06%, 9, 0, 6, 264.15
1735346842, 21, 29, 74, 23, 0, 0.06%, 9, 0, 6, 277.13
1735346852, 21, 30, 74, 23, 0, 0.06%, 9, 0, 6, 262.96
1735346872, 21, 31, 74, 23, 0, 0.06%, 9, 0, 6, 299.14
1735346897, 21, 31, 75, 24, 0, 0.06%, 9, 0, 6, 306.50
1735346948, 21, 36, 75, 23, 0, 0.06%, 9, 0, 6, 267.15
1735346968, 21, 47, 75, 23, 0, 0.06%, 9, 0, 6, 290.48
1735347013, 21, 51, 75, 22, 0, 0.06%, 9, 0, 6, 302.63
1735347120, 21, 65, 75, 21, 0, 0.06%, 9, 0, 6, 404.96
1735347227, 21, 65, 76, 22, 0, 0.06%, 9, 0, 7, 348.49
1735347273, 21, 73, 76, 21, 0, 0.06%, 9, 0, 7, 306.28
1735347714, 22, 10, 76, 20, 0, 0.06%, 9, 0, 7, 262.65
1735347719, 22, 12, 76, 20, 0, 0.06%, 9, 0, 7, 268.46
1735347724, 22, 14, 76, 20, 0, 0.06%, 9, 0, 7, 272.59
1735347729, 22, 15, 77, 21, 0, 0.06%, 9, 0, 7, 276.08
1735347734, 22, 16, 77, 21, 0, 0.06%, 9, 0, 7, 278.75
1735347739, 22, 17, 77, 21, 0, 0.06%, 9, 0, 7, 260.90
1735347790, 22, 22, 77, 20, 0, 0.06%, 9, 0, 7, 252.48
1735347795, 22, 24, 77, 20, 0, 0.06%, 9, 0, 7, 268.48
1735347815, 22, 26, 77, 20, 0, 0.06%, 9, 0, 7, 344.71
1735347871, 22, 28, 77, 19, 0, 0.06%, 9, 0, 7, 262.51
1735347921, 22, 29, 77, 18, 0, 0.06%, 9, 0, 7, 267.13
1735347926, 22, 42, 77, 18, 0, 0.06%, 9, 0, 7, 256.46
1735347977, 22, 56, 77, 17, 0, 0.06%, 9, 0, 7, 276.73
1735347998, 22, 64, 77, 17, 0, 0.06%, 9, 0, 7, 270.65
1735348018, 22, 66, 77, 17, 0, 0.06%, 9, 0, 7, 229.98
1735348175, 22, 67, 77, 16, 0, 0.06%, 9, 0, 7, 322.81
1735348277, 22, 72, 78, 16, 0, 0.06%, 9, 0, 7, 315.28
1735348379, 22, 76, 78, 15, 0, 0.06%, 9, 0, 7, 380.47
1735348475, 22, 77, 78, 14, 0, 0.06%, 9, 0, 7, 406.03
1735348577, 23, 11, 78, 13, 0, 0.06%, 9, 0, 7, 275.61
1735348582, 23, 13, 78, 13, 0, 0.06%, 9, 0, 7, 256.12
1735348587, 23, 15, 78, 13, 0, 0.06%, 9, 0, 7, 271.21
1735348592, 23, 16, 78, 13, 0, 0.06%, 9, 0, 7, 272.31
1735348597, 23, 17, 78, 13, 0, 0.06%, 9, 0, 7, 281.01
1735348622, 23, 22, 78, 13, 0, 0.06%, 9, 0, 7, 271.45
1735348628, 23, 29, 78, 13, 0, 0.06%, 9, 0, 7, 277.22
1735348633, 23, 52, 78, 13, 0, 0.06%, 9, 0, 7, 308.05
1735348653, 23, 54, 78, 13, 0, 0.06%, 9, 0, 7, 356.67
1735348760, 23, 62, 78, 12, 0, 0.06%, 9, 0, 7, 310.34
1735348887, 23, 70, 78, 11, 0, 0.06%, 9, 0, 7, 354.78
1735349009, 24, 11, 78, 10, 0, 0.06%, 9, 0, 7, 262.44
1735349014, 24, 13, 78, 10, 0, 0.06%, 9, 0, 7, 263.48
1735349019, 24, 15, 78, 10, 0, 0.06%, 9, 0, 7, 260.14
1735349024, 24, 16, 78, 10, 0, 0.06%, 9, 0, 7, 270.61
1735349029, 24, 22, 78, 10, 0, 0.06%, 9, 0, 7, 269.92
1735349040, 24, 25, 78, 10, 0, 0.06%, 9, 0, 7, 189.03
