# unix_time, cycles_done, cur_path, paths_total, pending_total, pending_favs, map_size, unique_crashes, unique_hangs, max_depth, execs_per_sec
1734086702, 0, 0, 10, 10, 1, 0.00%, 0, 0, 1, 158.73
1734086707, 0, 2, 10, 10, 1, 0.00%, 0, 0, 1, 186.83
1734086712, 0, 3, 10, 9, 0, 0.00%, 0, 0, 1, 172.23
1734086722, 0, 4, 10, 8, 0, 0.00%, 0, 0, 1, 185.66
1734086727, 0, 5, 10, 7, 0, 0.00%, 0, 0, 1, 178.84
1734086737, 0, 6, 10, 6, 0, 0.00%, 0, 0, 1, 186.26
1734086748, 0, 7, 10, 5, 0, 0.00%, 0, 0, 1, 183.99
1734086753, 0, 8, 10, 4, 0, 0.00%, 0, 0, 1, 170.93
1734086763, 0, 9, 10, 3, 0, 0.00%, 0, 0, 1, 190.93
1734086768, 1, 0, 10, 2, 0, 0.00%, 0, 0, 1, 181.02
1734086784, 1, 1, 10, 1, 0, 0.00%, 0, 0, 1, 185.90
1734086794, 1, 3, 10, 0, 0, 0.00%, 0, 0, 1, 186.06
1734086799, 1, 4, 10, 0, 0, 0.00%, 0, 0, 1, 184.55
1734086804, 1, 5, 10, 0, 0, 0.00%, 0, 0, 1, 183.19
1734086809, 1, 6, 10, 0, 0, 0.00%, 0, 0, 1, 181.69
1734086814, 1, 8, 10, 0, 0, 0.00%, 0, 0, 1, 181.25
1734086820, 1, 9, 10, 0, 0, 0.00%, 0, 0, 1, 184.21
1734086825, 2, 0, 10, 0, 0, 0.00%, 0, 0, 1, 183.48
1734086830, 2, 2, 10, 0, 0, 0.00%, 0, 0, 1, 186.17
1734086835, 2, 3, 10, 0, 0, 0.00%, 0, 0, 1, 185.19
1734086840, 2, 4, 10, 0, 0, 0.00%, 0, 0, 1, 184.59
1734086845, 2, 5, 10, 0, 0, 0.00%, 0, 0, 1, 185.44
1734086850, 2, 7, 10, 0, 0, 0.00%, 0, 0, 1, 185.94
1734086855, 2, 8, 10, 0, 0, 0.00%, 0, 0, 1, 183.41
1734086860, 2, 9, 10, 0, 0, 0.00%, 0, 0, 1, 178.77
1734086865, 3, 1, 10, 0, 0, 0.00%, 0, 0, 1, 187.21
1734086871, 3, 2, 10, 0, 0, 0.00%, 0, 0, 1, 182.71
1734086876, 3, 3, 10, 0, 0, 0.00%, 0, 0, 1, 182.27
1734086881, 3, 4, 10, 0, 0, 0.00%, 0, 0, 1, 179.43
1734086886, 3, 6, 10, 0, 0, 0.00%, 0, 0, 1, 183.58
1734086891, 3, 7, 10, 0, 0, 0.00%, 0, 0, 1, 184.34
1734086896, 3, 8, 10, 0, 0, 0.00%, 0, 0, 1, 180.47
1734086902, 3, 9, 10, 0, 0, 0.00%, 0, 0, 1, 183.32
1734086907, 4, 1, 10, 0, 0, 0.00%, 0, 0, 1, 180.60
1734086912, 4, 2, 10, 0, 0, 0.00%, 0, 0, 1, 180.58
1734086917, 4, 3, 10, 0, 0, 0.00%, 0, 0, 1, 180.42
1734086922, 4, 5, 10, 0, 0, 0.00%, 0, 0, 1, 185.83
1734086927, 4, 6, 10, 0, 0, 0.00%, 0, 0, 1, 183.45
1734086932, 4, 7, 10, 0, 0, 0.00%, 0, 0, 1, 186.14
1734086937, 4, 8, 10, 0, 0, 0.00%, 0, 0, 1, 182.87
1734086943, 5, 0, 10, 0, 0, 0.00%, 0, 0, 1, 181.37
1734086948, 5, 1, 10, 0, 0, 0.00%, 0, 0, 1, 184.74
1734086953, 5, 2, 10, 0, 0, 0.00%, 0, 0, 1, 181.26
1734086958, 5, 3, 11, 1, 0, 0.05%, 1, 0, 2, 184.08
1734086963, 5, 10, 15, 5, 1, 0.06%, 5, 0, 3, 211.95
1734086984, 5, 10, 17, 7, 1, 0.06%, 6, 0, 3, 196.92
1734086989, 5, 10, 18, 8, 1, 0.06%, 7, 0, 3, 193.76
1734086994, 5, 10, 19, 9, 1, 0.06%, 8, 0, 3, 200.13
1734087055, 5, 10, 20, 10, 1, 0.06%, 8, 0, 3, 201.94
1734087101, 5, 11, 20, 9, 7, 0.06%, 8, 0, 3, 218.90
1734087137, 5, 11, 22, 11, 7, 0.06%, 8, 0, 4, 222.41
1734087142, 5, 11, 24, 13, 7, 0.06%, 8, 0, 4, 214.32
1734087147, 5, 12, 24, 12, 6, 0.06%, 8, 0, 4, 213.46
1734087177, 5, 12, 25, 13, 6, 0.06%, 8, 0, 4, 198.81
1734087228, 5, 13, 25, 12, 5, 0.06%, 8, 0, 4, 229.36
1734087233, 5, 13, 26, 13, 5, 0.06%, 8, 0, 4, 204.10
1734087254, 5, 13, 28, 15, 5, 0.06%, 8, 0, 4, 195.39
1734087269, 5, 13, 29, 16, 5, 0.06%, 8, 0, 4, 197.76
1734087326, 5, 13, 30, 17, 5, 0.06%, 8, 0, 4, 207.77
1734087356, 5, 13, 31, 18, 5, 0.06%, 8, 0, 4, 203.92
1734087366, 5, 14, 31, 17, 4, 0.06%, 8, 0, 4, 218.48
1734087401, 5, 14, 33, 19, 4, 0.06%, 8, 0, 4, 222.90
1734087412, 5, 16, 38, 23, 3, 0.06%, 9, 0, 4, 253.35
1734087442, 5, 16, 39, 24, 3, 0.06%, 9, 0, 4, 243.66
1734087457, 5, 17, 39, 23, 3, 0.06%, 9, 0, 4, 255.50
1734087462, 5, 17, 41, 25, 3, 0.06%, 9, 0, 4, 237.22
1734087523, 5, 17, 42, 26, 3, 0.06%, 9, 0, 4, 228.56
1734087548, 5, 17, 43, 27, 3, 0.06%, 9, 0, 4, 229.93
1734087574, 5, 17, 48, 32, 3, 0.06%, 9, 0, 4, 238.66
1734087584, 5, 22, 48, 31, 2, 0.06%, 9, 0, 4, 279.10
1734087609, 5, 22, 49, 32, 2, 0.06%, 9, 0, 5, 219.92
1734087675, 5, 37, 49, 31, 1, 0.06%, 9, 0, 5, 273.28
1734087685, 5, 37, 50, 32, 1, 0.06%, 9, 0, 5, 236.79
1734087690, 5, 37, 51, 33, 1, 0.06%, 9, 0, 5, 232.22
1734087715, 5, 37, 52, 34, 1, 0.06%, 9, 0, 5, 231.32
1734087838, 5, 49, 52, 33, 1, 0.06%, 9, 0, 5, 251.58
1734087848, 5, 49, 53, 34, 1, 0.06%, 9, 0, 6, 219.37
1734087934, 6, 10, 53, 33, 0, 0.06%, 9, 0, 6, 216.83
1734087939, 6, 11, 53, 33, 0, 0.06%, 9, 0, 6, 224.40
1734087944, 6, 12, 53, 33, 0, 0.06%, 9, 0, 6, 226.61
1734087950, 6, 12, 55, 35, 0, 0.06%, 9, 0, 6, 245.40
1734087955, 6, 14, 55, 35, 0, 0.06%, 9, 0, 6, 235.28
1734087965, 6, 15, 55, 35, 0, 0.06%, 9, 0, 6, 351.28
1734087995, 6, 16, 55, 34, 0, 0.06%, 9, 0, 6, 239.00
1734088000, 6, 17, 55, 34, 0, 0.06%, 9, 0, 6, 234.19
1734088011, 6, 20, 55, 34, 0, 0.06%, 9, 0, 6, 256.91
1734088062, 6, 22, 55, 33, 0, 0.06%, 9, 0, 6, 242.69
1734088077, 6, 25, 55, 33, 0, 0.06%, 9, 0, 6, 264.85
1734088133, 6, 27, 55, 32, 0, 0.06%, 9, 0, 6, 389.79
1734088148, 6, 27, 57, 34, 0, 0.06%, 9, 0, 6, 241.84
1734088168, 6, 27, 58, 35, 0, 0.06%, 9, 0, 6, 250.49
1734088290, 6, 45, 58, 34, 0, 0.06%, 9, 0, 6, 291.27
1734088295, 6, 45, 60, 36, 0, 0.06%, 9, 0, 6, 354.07
1734088524, 6, 46, 60, 35, 0, 0.06%, 9, 0, 6, 236.99
1734088641, 6, 48, 60, 34, 0, 0.06%, 9, 0, 6, 259.41
1734088777, 6, 48, 62, 36, 0, 0.06%, 9, 0, 6, 265.46
1734088787, 6, 49, 62, 35, 0, 0.06%, 9, 0, 6, 233.54
1734088792, 6, 49, 63, 36, 0, 0.06%, 9, 0, 6, 232.83
1734088798, 6, 55, 63, 36, 0, 0.06%, 9, 0, 6, 315.15
1734088828, 6, 55, 64, 37, 0, 0.06%, 9, 0, 6, 260.07
1734088889, 7, 10, 64, 36, 0, 0.06%, 9, 0, 6, 255.81
1734088894, 7, 11, 64, 36, 0, 0.06%, 9, 0, 6, 249.57
1734088900, 7, 13, 64, 36, 0, 0.06%, 9, 0, 6, 237.41
1734088905, 7, 16, 64, 36, 0, 0.06%, 9, 0, 6, 237.82
1734088910, 7, 22, 64, 36, 0, 0.06%, 9, 0, 6, 227.58
1734088920, 7, 24, 64, 36, 0, 0.06%, 9, 0, 6, 265.04
1734088966, 7, 24, 65, 37, 0, 0.06%, 9, 0, 6, 239.86
1734088976, 7, 33, 65, 36, 0, 0.06%, 9, 0, 6, 253.25
1734089042, 7, 40, 65, 35, 0, 0.06%, 9, 0, 6, 238.80
1734089103, 7, 42, 65, 34, 0, 0.06%, 9, 0, 6, 336.52
1734089214, 7, 49, 65, 33, 0, 0.06%, 9, 0, 6, 237.53
1734089225, 7, 58, 65, 33, 0, 0.06%, 9, 0, 6, 336.75
1734089336, 7, 62, 65, 32, 0, 0.06%, 9, 0, 6, 360.11
1734089357, 7, 62, 66, 33, 0, 0.06%, 9, 0, 7, 243.77
1734089367, 7, 62, 67, 34, 0, 0.06%, 9, 0, 7, 245.38
1734089494, 7, 63, 67, 33, 0, 0.06%, 9, 0, 7, 316.71
1734089555, 7, 64, 68, 33, 0, 0.06%, 9, 0, 7, 381.44
1734089677, 7, 65, 68, 32, 0, 0.06%, 9, 0, 7, 282.73
1734089733, 7, 66, 68, 31, 0, 0.06%, 9, 0, 7, 374.89
1734089809, 8, 10, 68, 30, 0, 0.06%, 9, 0, 7, 246.36
1734089814, 8, 12, 68, 30, 0, 0.06%, 9, 0, 7, 238.03
1734089819, 8, 14, 68, 30, 0, 0.06%, 9, 0, 7, 241.94
1734089825, 8, 22, 68, 30, 0, 0.06%, 9, 0, 7, 239.09
1734089830, 8, 30, 68, 30, 0, 0.06%, 9, 0, 7, 254.16
1734089886, 8, 32, 68, 29, 0, 0.06%, 9, 0, 7, 337.40
1734089942, 8, 40, 68, 28, 0, 0.06%, 9, 0, 7, 237.62
1734089952, 8, 43, 68, 28, 0, 0.06%, 9, 0, 7, 291.34
1734090008, 8, 44, 68, 27, 0, 0.06%, 9, 0, 7, 284.63
1734090242, 8, 47, 68, 26, 0, 0.06%, 9, 0, 7, 212.84
1734090533, 8, 49, 68, 25, 0, 0.06%, 9, 0, 7, 236.29
1734090538, 8, 50, 68, 25, 0, 0.06%, 9, 0, 7, 251.32
1734090595, 8, 51, 68, 24, 0, 0.06%, 9, 0, 7, 279.80
1734090656, 8, 52, 68, 23, 0, 0.06%, 9, 0, 7, 307.41
1734090859, 8, 52, 69, 24, 0, 0.06%, 9, 0, 7, 338.35
1734090900, 8, 53, 69, 23, 0, 0.06%, 9, 0, 7, 283.31
1734091063, 8, 62, 69, 22, 0, 0.06%, 9, 0, 7, 250.39
1734091073, 8, 67, 69, 22, 0, 0.06%, 9, 0, 7, 317.34
1734091196, 9, 1, 69, 21, 0, 0.06%, 9, 0, 7, 275.31
1734091201, 9, 11, 69, 21, 0, 0.06%, 9, 0, 7, 256.50
1734091206, 9, 13, 69, 21, 0, 0.06%, 9, 0, 7, 252.38
1734091211, 9, 16, 69, 21, 0, 0.06%, 9, 0, 7, 246.49
1734091216, 9, 21, 69, 21, 0, 0.06%, 9, 0, 7, 320.40
1734091267, 9, 22, 69, 20, 0, 0.06%, 9, 0, 7, 243.21
1734091277, 9, 23, 69, 20, 0, 0.06%, 9, 0, 7, 301.05
1734091332, 9, 26, 69, 19, 0, 0.06%, 9, 0, 7, 317.15
1734091383, 9, 29, 69, 18, 0, 0.06%, 9, 0, 7, 252.57
1734091438, 9, 34, 69, 17, 0, 0.06%, 9, 0, 7, 275.31
1734091494, 9, 36, 69, 16, 0, 0.06%, 9, 0, 7, 283.06
1734091560, 9, 40, 69, 15, 0, 0.06%, 9, 0, 7, 242.55
1734091565, 9, 49, 69, 15, 0, 0.06%, 9, 0, 7, 234.42
1734091570, 9, 57, 69, 15, 0, 0.06%, 9, 0, 7, 335.77
1734091626, 9, 61, 69, 14, 0, 0.06%, 9, 0, 7, 360.50
1734091677, 9, 63, 69, 13, 0, 0.06%, 9, 0, 7, 273.26
1734091692, 10, 11, 69, 13, 0, 0.06%, 9, 0, 7, 251.08
1734091697, 10, 13, 69, 13, 0, 0.06%, 9, 0, 7, 236.39
1734091702, 10, 16, 69, 13, 0, 0.06%, 9, 0, 7, 240.37
1734091707, 10, 20, 69, 13, 0, 0.06%, 9, 0, 7, 242.03
1734091717, 10, 22, 69, 13, 0, 0.06%, 9, 0, 7, 249.74
1734091722, 10, 39, 69, 13, 0, 0.06%, 9, 0, 7, 268.33
1734091809, 10, 40, 69, 12, 0, 0.06%, 9, 0, 7, 237.48
1734091814, 10, 46, 69, 12, 0, 0.06%, 9, 0, 7, 279.59
1734091824, 10, 49, 69, 12, 0, 0.06%, 9, 0, 7, 236.74
1734091830, 10, 59, 69, 12, 0, 0.06%, 9, 0, 7, 267.23
1734092002, 11, 10, 69, 11, 0, 0.06%, 9, 0, 7, 234.92
1734092007, 11, 11, 69, 11, 0, 0.06%, 9, 0, 7, 238.39
1734092012, 11, 13, 69, 11, 0, 0.06%, 9, 0, 7, 239.18
1734092017, 11, 16, 69, 11, 0, 0.06%, 9, 0, 7, 245.40
1734092022, 11, 22, 69, 11, 0, 0.06%, 9, 0, 7, 238.78
1734092032, 11, 27, 69, 11, 0, 0.06%, 9, 0, 7, 240.48
1734092043, 11, 35, 69, 11, 0, 0.06%, 9, 0, 7, 270.76
1734092098, 11, 36, 69, 10, 0, 0.06%, 9, 0, 7, 249.89
1734092108, 11, 40, 69, 10, 0, 0.06%, 9, 0, 7, 239.83
1734092114, 11, 47, 69, 10, 0, 0.06%, 9, 0, 7, 277.06
1734092124, 11, 49, 69, 10, 0, 0.06%, 9, 0, 7, 255.49
1734092129, 11, 54, 69, 10, 0, 0.06%, 9, 0, 7, 240.27
1734092267, 12, 10, 69, 9, 0, 0.06%, 9, 0, 7, 250.25
1734092272, 12, 12, 69, 9, 0, 0.06%, 9, 0, 7, 233.04
1734092277, 12, 14, 69, 9, 0, 0.06%, 9, 0, 7, 243.09
1734092282, 12, 18, 69, 9, 0, 0.06%, 9, 0, 7, 247.38
1734092313, 12, 22, 69, 8, 0, 0.06%, 9, 0, 7, 242.49
1734092318, 12, 36, 69, 8, 0, 0.06%, 9, 0, 7, 241.49
1734092323, 12, 40, 69, 8, 0, 0.06%, 9, 0, 7, 239.75
1734092328, 12, 49, 69, 8, 0, 0.06%, 9, 0, 7, 242.38
1734092338, 13, 10, 69, 8, 0, 0.06%, 9, 0, 7, 251.08
1734092343, 13, 12, 69, 8, 0, 0.06%, 9, 0, 7, 239.79
1734092348, 13, 14, 69, 8, 0, 0.06%, 9, 0, 7, 239.32
1734092353, 13, 19, 69, 8, 0, 0.06%, 9, 0, 7, 269.36
1734092384, 13, 22, 69, 7, 0, 0.06%, 9, 0, 7, 250.47
1734092389, 13, 31, 69, 7, 0, 0.06%, 9, 0, 7, 341.26
1734092470, 13, 40, 69, 6, 0, 0.06%, 9, 0, 7, 248.52
1734092475, 13, 43, 69, 6, 0, 0.06%, 9, 0, 7, 254.74
1734092490, 13, 47, 69, 6, 0, 0.06%, 9, 0, 7, 253.02
1734092496, 13, 49, 69, 6, 0, 0.06%, 9, 0, 7, 244.01
1734092501, 13, 54, 69, 6, 0, 0.06%, 9, 0, 7, 267.72
1734092511, 13, 56, 69, 6, 0, 0.06%, 9, 0, 7, 271.86
1734092790, 13, 56, 70, 7, 0, 0.06%, 9, 0, 7, 386.58
1734092820, 13, 56, 71, 8, 0, 0.06%, 9, 0, 7, 363.50
1734092896, 13, 66, 71, 7, 0, 0.06%, 9, 0, 7, 292.13
1734092906, 14, 10, 71, 7, 0, 0.06%, 9, 0, 7, 249.16
1734092911, 14, 12, 71, 7, 0, 0.06%, 9, 0, 7, 240.42
1734092916, 14, 14, 71, 7, 0, 0.06%, 9, 0, 7, 242.04
1734092921, 14, 22, 71, 7, 0, 0.06%, 9, 0, 7, 241.63
1734092926, 14, 26, 71, 7, 0, 0.06%, 9, 0, 7, 270.10
1734092942, 14, 34, 72, 8, 0, 0.06%, 9, 0, 7, 264.44
1734092952, 14, 40, 72, 8, 0, 0.06%, 9, 0, 7, 251.75
1734092957, 14, 41, 72, 8, 0, 0.06%, 9, 0, 7, 306.77
1734093073, 14, 49, 72, 7, 0, 0.06%, 9, 0, 7, 252.26
1734093083, 14, 60, 72, 7, 0, 0.06%, 9, 0, 7, 365.04
1734093257, 14, 60, 73, 8, 0, 0.06%, 9, 0, 7, 339.57
1734093292, 14, 60, 74, 9, 0, 0.06%, 9, 0, 7, 336.96
1734093307, 14, 60, 75, 10, 0, 0.06%, 9, 0, 7, 337.45
1734093363, 14, 63, 75, 9, 0, 0.06%, 9, 0, 7, 281.86
1734093378, 14, 70, 75, 9, 0, 0.06%, 9, 0, 7, 369.42
1734093729, 14, 71, 75, 8, 0, 0.06%, 9, 0, 7, 363.88
1734093785, 14, 71, 76, 9, 0, 0.06%, 9, 0, 7, 416.79
1734094176, 15, 10, 76, 8, 0, 0.06%, 9, 0, 7, 240.48
1734094181, 15, 12, 76, 8, 0, 0.06%, 9, 0, 7, 246.81
1734094187, 15, 14, 76, 8, 0, 0.06%, 9, 0, 7, 232.67
1734094192, 15, 22, 76, 8, 0, 0.06%, 9, 0, 7, 237.40
1734094202, 15, 40, 76, 8, 0, 0.06%, 9, 0, 7, 246.50
1734094207, 15, 49, 76, 8, 0, 0.06%, 9, 0, 7, 243.03
1734094212, 15, 57, 76, 8, 0, 0.06%, 9, 0, 7, 259.28
1734094222, 15, 62, 76, 8, 0, 0.06%, 9, 0, 7, 266.98
1734094233, 15, 74, 76, 8, 0, 0.06%, 9, 0, 7, 224.22
1734094563, 15, 75, 76, 7, 0, 0.06%, 9, 0, 7, 277.42
1734094695, 16, 10, 76, 6, 0, 0.06%, 9, 0, 7, 247.42
1734094700, 16, 12, 76, 6, 0, 0.06%, 9, 0, 7, 252.65
1734094705, 16, 14, 76, 6, 0, 0.06%, 9, 0, 7, 243.54
1734094710, 16, 22, 76, 6, 0, 0.06%, 9, 0, 7, 258.61
1734094715, 16, 28, 76, 6, 0, 0.06%, 9, 0, 7, 280.66
1734094771, 16, 40, 76, 5, 0, 0.06%, 9, 0, 7, 253.66
1734094776, 16, 49, 76, 5, 0, 0.06%, 9, 0, 7, 242.39
1734094782, 16, 72, 76, 5, 0, 0.06%, 9, 0, 7, 335.65
1734094964, 17, 11, 76, 4, 0, 0.06%, 9, 0, 7, 264.63
1734094969, 17, 12, 76, 4, 0, 0.06%, 9, 0, 7, 261.10
1734094974, 17, 14, 76, 4, 0, 0.06%, 9, 0, 7, 251.53
1734094980, 17, 18, 76, 4, 0, 0.06%, 9, 0, 7, 248.22
1734094985, 17, 20, 77, 5, 0, 0.06%, 9, 0, 7, 253.45
1734094990, 17, 22, 77, 5, 0, 0.06%, 9, 0, 7, 270.61
1734095000, 17, 40, 77, 5, 0, 0.06%, 9, 0, 7, 257.15
1734095005, 17, 49, 77, 5, 0, 0.06%, 9, 0, 7, 261.99
1734095010, 17, 76, 77, 5, 0, 0.06%, 9, 0, 7, 317.71
1734095020, 17, 76, 78, 6, 0, 0.06%, 9, 0, 7, 423.61
1734095143, 17, 77, 78, 5, 0, 0.06%, 9, 0, 7, 261.42
1734095280, 18, 11, 78, 4, 0, 0.06%, 9, 0, 7, 251.89
1734095285, 18, 13, 78, 4, 0, 0.06%, 9, 0, 7, 253.15
1734095291, 18, 16, 78, 4, 0, 0.06%, 9, 0, 7, 260.48
1734095296, 18, 22, 78, 4, 0, 0.06%, 9, 0, 7, 253.79
1734095301, 18, 23, 78, 4, 0, 0.06%, 9, 0, 7, 255.10
1734095311, 18, 30, 78, 4, 0, 0.06%, 9, 0, 7, 257.39
1734095321, 18, 34, 78, 4, 0, 0.06%, 9, 0, 7, 266.22
1734095331, 18, 38, 78, 4, 0, 0.06%, 9, 0, 7, 357.09
1734095418, 18, 40, 78, 3, 0, 0.06%, 9, 0, 7, 253.60
1734095428, 18, 43, 78, 3, 0, 0.06%, 9, 0, 7, 252.28
1734095433, 18, 49, 78, 3, 0, 0.06%, 9, 0, 7, 249.33
1734095438, 18, 67, 78, 3, 0, 0.06%, 9, 0, 7, 281.85
1734095448, 18, 69, 78, 3, 0, 0.06%, 9, 0, 7, 205.59
1734095940, 19, 11, 78, 2, 0, 0.06%, 9, 0, 7, 261.40
1734095945, 19, 13, 78, 2, 0, 0.06%, 9, 0, 7, 261.68
1734095950, 19, 14, 78, 2, 0, 0.06%, 9, 0, 7, 259.21
1734095955, 19, 22, 78, 2, 0, 0.06%, 9, 0, 7, 252.15
1734095960, 19, 40, 78, 2, 0, 0.06%, 9, 0, 7, 251.25
1734095965, 19, 44, 78, 2, 0, 0.06%, 9, 0, 7, 263.22
1734095975, 19, 49, 78, 2, 0, 0.06%, 9, 0, 7, 255.65
1734095985, 19, 52, 78, 2, 0, 0.06%, 9, 0, 7, 288.45
1734095995, 19, 60, 78, 2, 0, 0.06%, 9, 0, 7, 288.16
1734096005, 20, 11, 78, 2, 0, 0.06%, 9, 0, 7, 264.97
1734096010, 20, 13, 78, 2, 0, 0.06%, 9, 0, 7, 257.10
1734096015, 20, 16, 78, 2, 0, 0.06%, 9, 0, 7, 255.23
1734096020, 20, 22, 78, 2, 0, 0.06%, 9, 0, 7, 245.79
1734096026, 20, 31, 78, 2, 0, 0.06%, 9, 0, 7, 265.21
1734096036, 20, 40, 78, 2, 0, 0.06%, 9, 0, 7, 239.38
1734096041, 20, 45, 78, 2, 0, 0.06%, 9, 0, 7, 285.35
1734096051, 20, 49, 78, 2, 0, 0.06%, 9, 0, 7, 249.39
1734096061, 20, 64, 78, 2, 0, 0.06%, 9, 0, 7, 275.86
1734096071, 21, 11, 78, 2, 0, 0.06%, 9, 0, 7, 253.97
1734096076, 21, 13, 78, 2, 0, 0.06%, 9, 0, 7, 254.39
1734096081, 21, 16, 78, 2, 0, 0.06%, 9, 0, 7, 253.33
1734096087, 21, 22, 78, 2, 0, 0.06%, 9, 0, 7, 252.55
1734096092, 21, 28, 78, 2, 0, 0.06%, 9, 0, 7, 258.91
1734096102, 21, 36, 78, 2, 0, 0.06%, 9, 0, 7, 264.15
1734096107, 21, 40, 78, 2, 0, 0.06%, 9, 0, 7, 252.72
1734096112, 21, 41, 78, 2, 0, 0.06%, 9, 0, 7, 275.67
1734096127, 21, 45, 78, 2, 0, 0.06%, 9, 0, 7, 257.83
1734096132, 21, 49, 78, 2, 0, 0.06%, 9, 0, 7, 256.75
1734096138, 21, 73, 78, 2, 0, 0.06%, 9, 0, 7, 344.89
1734096361, 22, 11, 78, 1, 0, 0.06%, 9, 0, 7, 258.76
1734096366, 22, 13, 78, 1, 0, 0.06%, 9, 0, 7, 253.92
1734096371, 22, 16, 78, 1, 0, 0.06%, 9, 0, 7, 254.15
1734096376, 22, 20, 78, 1, 0, 0.06%, 9, 0, 7, 246.31
1734096381, 22, 22, 78, 1, 0, 0.06%, 9, 0, 7, 247.56
1734096387, 22, 40, 78, 1, 0, 0.06%, 9, 0, 7, 238.25
1734096392, 22, 44, 78, 1, 0, 0.06%, 9, 0, 7, 260.22
1734096397, 22, 47, 78, 1, 0, 0.06%, 9, 0, 7, 259.71
1734096402, 22, 49, 78, 1, 0, 0.06%, 9, 0, 7, 269.15
1734096412, 22, 66, 78, 1, 0, 0.06%, 9, 0, 7, 284.23
1734096422, 22, 68, 78, 1, 0, 0.06%, 9, 0, 7, 374.59
1734096529, 23, 10, 78, 0, 0, 0.06%, 9, 0, 7, 268.36
1734096534, 23, 12, 78, 0, 0, 0.06%, 9, 0, 7, 252.46
1734096539, 23, 14, 78, 0, 0, 0.06%, 9, 0, 7, 258.51
1734096544, 23, 22, 78, 0, 0, 0.06%, 9, 0, 7, 247.89
1734096554, 23, 31, 78, 0, 0, 0.06%, 9, 0, 7, 264.51
1734096559, 23, 40, 78, 0, 0, 0.06%, 9, 0, 7, 263.22
1734096564, 23, 42, 78, 0, 0, 0.06%, 9, 0, 7, 259.99
1734096574, 23, 49, 78, 0, 0, 0.06%, 9, 0, 7, 245.96
1734096579, 24, 10, 78, 0, 0, 0.06%, 9, 0, 7, 248.11
1734096585, 24, 12, 78, 0, 0, 0.06%, 9, 0, 7, 238.81
1734096590, 24, 14, 78, 0, 0, 0.06%, 9, 0, 7, 237.29
1734096595, 24, 16, 78, 0, 0, 0.06%, 9, 0, 7, 243.57
1734096600, 24, 22, 78, 0, 0, 0.06%, 9, 0, 7, 257.75
1734096605, 24, 25, 78, 0, 0, 0.06%, 9, 0, 7, 260.66
1734096615, 24, 40, 78, 0, 0, 0.06%, 9, 0, 7, 258.73
1734096625, 24, 45, 78, 0, 0, 0.06%, 9, 0, 7, 265.66
1734096630, 24, 49, 78, 0, 0, 0.06%, 9, 0, 7, 246.67
1734096635, 24, 56, 78, 0, 0, 0.06%, 9, 0, 7, 303.91
1734096646, 25, 11, 78, 0, 0, 0.06%, 9, 0, 7, 262.72
1734096651, 25, 13, 78, 0, 0, 0.06%, 9, 0, 7, 244.93
1734096656, 25, 16, 78, 0, 0, 0.06%, 9, 0, 7, 250.82
1734096661, 25, 22, 78, 0, 0, 0.06%, 9, 0, 7, 234.64
1734096666, 25, 36, 78, 0, 0, 0.06%, 9, 0, 7, 249.69
1734096671, 25, 38, 78, 0, 0, 0.06%, 9, 0, 7, 254.41
1734096681, 25, 40, 78, 0, 0, 0.06%, 9, 0, 7, 264.47
1734096691, 25, 49, 78, 0, 0, 0.06%, 9, 0, 7, 242.12
1734096696, 25, 68, 78, 0, 0, 0.06%, 9, 0, 7, 272.37
1734096717, 25, 74, 78, 0, 0, 0.06%, 9, 0, 7, 315.95
1734096737, 26, 6, 78, 0, 0, 0.06%, 9, 0, 7, 237.28
1734096742, 26, 11, 78, 0, 0, 0.06%, 9, 0, 7, 260.65
1734096747, 26, 13, 78, 0, 0, 0.06%, 9, 0, 7, 258.14
1734096752, 26, 16, 78, 0, 0, 0.06%, 9, 0, 7, 250.93
1734096757, 26, 21, 78, 0, 0, 0.06%, 9, 0, 7, 260.12
1734096767, 26, 22, 78, 0, 0, 0.06%, 9, 0, 7, 256.72
1734096772, 26, 40, 78, 0, 0, 0.06%, 9, 0, 7, 253.25
1734096777, 26, 43, 78, 0, 0, 0.06%, 9, 0, 7, 250.86
1734096782, 26, 49, 78, 0, 0, 0.06%, 9, 0, 7, 252.67
1734096787, 27, 10, 78, 0, 0, 0.06%, 9, 0, 7, 249.41
1734096793, 27, 12, 78, 0, 0, 0.06%, 9, 0, 7, 244.54
1734096798, 27, 14, 78, 0, 0, 0.06%, 9, 0, 7, 244.47
1734096803, 27, 22, 78, 0, 0, 0.06%, 9, 0, 7, 252.49
1734096813, 27, 23, 78, 0, 0, 0.06%, 9, 0, 7, 241.52
1734096818, 27, 27, 78, 0, 0, 0.06%, 9, 0, 7, 249.69
1734096823, 27, 32, 78, 0, 0, 0.06%, 9, 0, 7, 260.32
1734096833, 27, 40, 78, 0, 0, 0.06%, 9, 0, 7, 246.90
1734096838, 27, 49, 78, 0, 0, 0.06%, 9, 0, 7, 255.07
1734096848, 27, 51, 78, 0, 0, 0.06%, 9, 0, 7, 278.72
1734096859, 27, 55, 78, 0, 0, 0.06%, 9, 0, 7, 260.05
1734096869, 27, 59, 78, 0, 0, 0.06%, 9, 0, 7, 289.06
1734096879, 28, 11, 78, 0, 0, 0.06%, 9, 0, 7, 249.15
1734096884, 28, 13, 78, 0, 0, 0.06%, 9, 0, 7, 251.66
1734096889, 28, 16, 78, 0, 0, 0.06%, 9, 0, 7, 259.67
1734096894, 28, 22, 78, 0, 0, 0.06%, 9, 0, 7, 250.35
1734096899, 28, 27, 78, 0, 0, 0.06%, 9, 0, 7, 256.19
1734096904, 28, 40, 78, 0, 0, 0.06%, 9, 0, 7, 252.10
1734096910, 28, 43, 78, 0, 0, 0.06%, 9, 0, 7, 260.42
1734096915, 28, 49, 78, 0, 0, 0.06%, 9, 0, 7, 263.45
1734096925, 28, 52, 78, 0, 0, 0.06%, 9, 0, 7, 278.60
1734096930, 28, 73, 78, 0, 0, 0.06%, 9, 0, 7, 334.13
1734096950, 29, 11, 78, 0, 0, 0.06%, 9, 0, 7, 243.77
1734096955, 29, 13, 78, 0, 0, 0.06%, 9, 0, 7, 241.15
1734096960, 29, 16, 78, 0, 0, 0.06%, 9, 0, 7, 246.73
1734096966, 29, 22, 78, 0, 0, 0.06%, 9, 0, 7, 251.59
1734096971, 29, 37, 78, 0, 0, 0.06%, 9, 0, 7, 246.30
1734096981, 29, 39, 78, 0, 0, 0.06%, 9, 0, 7, 241.47
1734096996, 29, 40, 78, 0, 0, 0.06%, 9, 0, 7, 245.23
1734097001, 29, 49, 78, 0, 0, 0.06%, 9, 0, 7, 255.45
1734097006, 30, 10, 78, 0, 0, 0.06%, 9, 0, 7, 262.66
1734097011, 30, 12, 78, 0, 0, 0.06%, 9, 0, 7, 255.65
1734097017, 30, 14, 78, 0, 0, 0.06%, 9, 0, 7, 256.90
1734097022, 30, 22, 78, 0, 0, 0.06%, 9, 0, 7, 250.19
1734097027, 30, 26, 78, 0, 0, 0.06%, 9, 0, 7, 257.94
1734097032, 30, 40, 78, 0, 0, 0.06%, 9, 0, 7, 261.18
1734097042, 30, 49, 78, 0, 0, 0.06%, 9, 0, 7, 258.19
1734097047, 30, 69, 78, 0, 0, 0.06%, 9, 0, 7, 348.16
1734097067, 31, 11, 78, 0, 0, 0.06%, 9, 0, 7, 256.00
1734097072, 31, 13, 78, 0, 0, 0.06%, 9, 0, 7, 245.65
1734097077, 31, 16, 78, 0, 0, 0.06%, 9, 0, 7, 253.34
1734097082, 31, 22, 78, 0, 0, 0.06%, 9, 0, 7, 252.89
1734097087, 31, 36, 78, 0, 0, 0.06%, 9, 0, 7, 245.71
1734097092, 31, 40, 78, 0, 0, 0.06%, 9, 0, 7, 242.10
1734097098, 31, 49, 78, 0, 0, 0.06%, 9, 0, 7, 252.71
1734097108, 31, 53, 78, 0, 0, 0.06%, 9, 0, 7, 271.00
1734097113, 31, 70, 78, 0, 0, 0.06%, 9, 0, 7, 285.16
1734097133, 32, 10, 78, 0, 0, 0.06%, 9, 0, 7, 270.18
1734097138, 32, 12, 78, 0, 0, 0.06%, 9, 0, 7, 257.56
1734097143, 32, 13, 78, 0, 0, 0.06%, 9, 0, 7, 257.25
1734097148, 32, 16, 78, 0, 0, 0.06%, 9, 0, 7, 249.54
1734097153, 32, 22, 78, 0, 0, 0.06%, 9, 0, 7, 250.02
1734097159, 32, 23, 78, 0, 0, 0.06%, 9, 0, 7, 247.88
1734097164, 32, 40, 78, 0, 0, 0.06%, 9, 0, 7, 262.95
1734097169, 32, 49, 78, 0, 0, 0.06%, 9, 0, 7, 245.49
1734097174, 33, 2, 78, 0, 0, 0.06%, 9, 0, 7, 246.15
1734097179, 33, 11, 78, 0, 0, 0.06%, 9, 0, 7, 255.76
1734097184, 33, 14, 78, 0, 0, 0.06%, 9, 0, 7, 256.32
1734097189, 33, 16, 78, 0, 0, 0.06%, 9, 0, 7, 250.22
1734097194, 33, 22, 78, 0, 0, 0.06%, 9, 0, 7, 268.20
1734097199, 33, 40, 78, 0, 0, 0.06%, 9, 0, 7, 252.31
1734097204, 33, 47, 78, 0, 0, 0.06%, 9, 0, 7, 273.09
1734097210, 33, 49, 78, 0, 0, 0.06%, 9, 0, 7, 254.98
1734097215, 34, 11, 78, 0, 0, 0.06%, 9, 0, 7, 254.66
1734097220, 34, 12, 78, 0, 0, 0.06%, 9, 0, 7, 248.91
1734097225, 34, 14, 78, 0, 0, 0.06%, 9, 0, 7, 251.19
1734097230, 34, 19, 78, 0, 0, 0.06%, 9, 0, 7, 248.98
1734097235, 34, 22, 78, 0, 0, 0.06%, 9, 0, 7, 257.51
1734097240, 34, 31, 78, 0, 0, 0.06%, 9, 0, 7, 256.23
1734097245, 34, 32, 78, 0, 0, 0.06%, 9, 0, 7, 272.41
1734097255, 34, 40, 78, 0, 0, 0.06%, 9, 0, 7, 265.90
1734097260, 34, 49, 78, 0, 0, 0.06%, 9, 0, 7, 248.93
1734097265, 34, 51, 78, 0, 0, 0.06%, 9, 0, 7, 246.81
1734097270, 34, 62, 78, 0, 0, 0.06%, 9, 0, 7, 260.93
1734097275, 35, 10, 78, 0, 0, 0.06%, 9, 0, 7, 252.18
1734097280, 35, 11, 78, 0, 0, 0.06%, 9, 0, 7, 251.09
1734097285, 35, 13, 78, 0, 0, 0.06%, 9, 0, 7, 249.72
1734097290, 35, 16, 78, 0, 0, 0.06%, 9, 0, 7, 252.26
1734097295, 35, 22, 78, 0, 0, 0.06%, 9, 0, 7, 248.27
1734097301, 35, 40, 78, 0, 0, 0.06%, 9, 0, 7, 255.78
1734097306, 35, 42, 78, 0, 0, 0.06%, 9, 0, 7, 260.62
1734097311, 35, 49, 78, 0, 0, 0.06%, 9, 0, 7, 252.44
1734097316, 35, 51, 78, 0, 0, 0.06%, 9, 0, 7, 267.74
1734097321, 36, 10, 78, 0, 0, 0.06%, 9, 0, 7, 254.48
1734097326, 36, 12, 78, 0, 0, 0.06%, 9, 0, 7, 256.02
1734097331, 36, 14, 78, 0, 0, 0.06%, 9, 0, 7, 251.01
1734097336, 36, 22, 78, 0, 0, 0.06%, 9, 0, 7, 240.99
1734097346, 36, 33, 78, 0, 0, 0.06%, 9, 0, 7, 252.97
1734097356, 36, 40, 78, 0, 0, 0.06%, 9, 0, 7, 269.89
1734097362, 36, 49, 78, 0, 0, 0.06%, 9, 0, 7, 238.78
1734097367, 36, 69, 78, 0, 0, 0.06%, 9, 0, 7, 301.60
1734097387, 36, 76, 78, 0, 0, 0.06%, 9, 0, 7, 268.00
1734097407, 37, 1, 78, 0, 0, 0.06%, 9, 0, 7, 245.22
1734097412, 37, 11, 78, 0, 0, 0.06%, 9, 0, 7, 244.69
1734097417, 37, 13, 78, 0, 0, 0.06%, 9, 0, 7, 249.20
1734097422, 37, 16, 78, 0, 0, 0.06%, 9, 0, 7, 255.07
1734097427, 37, 22, 78, 0, 0, 0.06%, 9, 0, 7, 251.91
1734097432, 37, 26, 78, 0, 0, 0.06%, 9, 0, 7, 248.60
1734097437, 37, 40, 78, 0, 0, 0.06%, 9, 0, 7, 249.18
1734097442, 37, 49, 78, 0, 0, 0.06%, 9, 0, 7, 251.25
1734097452, 37, 75, 78, 0, 0, 0.06%, 9, 0, 7, 283.41
1734097473, 38, 11, 78, 0, 0, 0.06%, 9, 0, 7, 261.95
1734097478, 38, 12, 78, 0, 0, 0.06%, 9, 0, 7, 259.03
1734097483, 38, 14, 78, 0, 0, 0.06%, 9, 0, 7, 247.67
1734097488, 38, 22, 78, 0, 0, 0.06%, 9, 0, 7, 243.03
1734097493, 38, 40, 78, 0, 0, 0.06%, 9, 0, 7, 247.47
1734097503, 38, 44, 78, 0, 0, 0.06%, 9, 0, 7, 260.47
1734097508, 38, 49, 78, 0, 0, 0.06%, 9, 0, 7, 249.07
1734097513, 39, 10, 78, 0, 0, 0.06%, 9, 0, 7, 248.27
1734097518, 39, 12, 78, 0, 0, 0.06%, 9, 0, 7, 253.26
1734097524, 39, 14, 78, 0, 0, 0.06%, 9, 0, 7, 250.85
1734097529, 39, 22, 78, 0, 0, 0.06%, 9, 0, 7, 256.61
1734097534, 39, 40, 78, 0, 0, 0.06%, 9, 0, 7, 256.25
1734097544, 39, 49, 78, 0, 0, 0.06%, 9, 0, 7, 267.80
1734097549, 40, 11, 78, 0, 0, 0.06%, 9, 0, 7, 267.19
1734097554, 40, 12, 78, 0, 0, 0.06%, 9, 0, 7, 255.05
1734097559, 40, 14, 78, 0, 0, 0.06%, 9, 0, 7, 264.53
1734097564, 40, 21, 78, 0, 0, 0.06%, 9, 0, 7, 252.19
1734097569, 40, 22, 78, 0, 0, 0.06%, 9, 0, 7, 247.10
1734097579, 40, 40, 78, 0, 0, 0.06%, 9, 0, 7, 246.84
1734097584, 40, 49, 78, 0, 0, 0.06%, 9, 0, 7, 243.86
1734097590, 40, 74, 78, 0, 0, 0.06%, 9, 0, 7, 313.09
1734097610, 40, 75, 78, 0, 0, 0.06%, 9, 0, 7, 267.82
1734097630, 41, 10, 78, 0, 0, 0.06%, 9, 0, 7, 255.70
1734097635, 41, 12, 78, 0, 0, 0.06%, 9, 0, 7, 249.52
1734097640, 41, 14, 78, 0, 0, 0.06%, 9, 0, 7, 246.96
1734097645, 41, 22, 78, 0, 0, 0.06%, 9, 0, 7, 253.26
1734097650, 41, 31, 78, 0, 0, 0.06%, 9, 0, 7, 266.51
1734097655, 41, 33, 78, 0, 0, 0.06%, 9, 0, 7, 269.92
1734097661, 41, 40, 78, 0, 0, 0.06%, 9, 0, 7, 259.25
1734097671, 41, 49, 78, 0, 0, 0.06%, 9, 0, 7, 258.31
1734097676, 41, 64, 78, 0, 0, 0.06%, 9, 0, 7, 272.48
1734097686, 41, 75, 78, 0, 0, 0.06%, 9, 0, 7, 275.68
1734097696, 42, 11, 78, 0, 0, 0.06%, 9, 0, 7, 247.36
1734097701, 42, 13, 78, 0, 0, 0.06%, 9, 0, 7, 244.06
1734097706, 42, 14, 78, 0, 0, 0.06%, 9, 0, 7, 250.02
1734097711, 42, 15, 78, 0, 0, 0.06%, 9, 0, 7, 251.96
1734097717, 42, 22, 78, 0, 0, 0.06%, 9, 0, 7, 251.86
1734097722, 42, 40, 78, 0, 0, 0.06%, 9, 0, 7, 264.42
1734097727, 42, 41, 78, 0, 0, 0.06%, 9, 0, 7, 258.57
1734097737, 42, 49, 78, 0, 0, 0.06%, 9, 0, 7, 254.22
1734097742, 43, 10, 78, 0, 0, 0.06%, 9, 0, 7, 258.57
1734097747, 43, 12, 78, 0, 0, 0.06%, 9, 0, 7, 260.88
1734097752, 43, 14, 78, 0, 0, 0.06%, 9, 0, 7, 253.18
1734097757, 43, 16, 78, 0, 0, 0.06%, 9, 0, 7, 247.74
1734097762, 43, 22, 78, 0, 0, 0.06%, 9, 0, 7, 241.10
1734097767, 43, 30, 78, 0, 0, 0.06%, 9, 0, 7, 265.97
1734097772, 43, 36, 78, 0, 0, 0.06%, 9, 0, 7, 264.70
1734097777, 43, 40, 78, 0, 0, 0.06%, 9, 0, 7, 253.17
1734097782, 43, 49, 78, 0, 0, 0.06%, 9, 0, 7, 247.89
1734097788, 43, 54, 78, 0, 0, 0.06%, 9, 0, 7, 267.13
1734097798, 43, 59, 78, 0, 0, 0.06%, 9, 0, 7, 280.08
1734097808, 44, 10, 78, 0, 0, 0.06%, 9, 0, 7, 243.15
1734097813, 44, 12, 78, 0, 0, 0.06%, 9, 0, 7, 262.05
1734097818, 44, 14, 78, 0, 0, 0.06%, 9, 0, 7, 252.88
1734097823, 44, 20, 78, 0, 0, 0.06%, 9, 0, 7, 256.83
1734097833, 44, 22, 78, 0, 0, 0.06%, 9, 0, 7, 254.76
1734097838, 44, 32, 78, 0, 0, 0.06%, 9, 0, 7, 268.60
1734097843, 44, 40, 78, 0, 0, 0.06%, 9, 0, 7, 249.95
1734097848, 44, 49, 78, 0, 0, 0.06%, 9, 0, 7, 245.28
1734097853, 44, 61, 78, 0, 0, 0.06%, 9, 0, 7, 258.60
1734097863, 44, 76, 78, 0, 0, 0.06%, 9, 0, 7, 274.48
1734097888, 45, 11, 78, 0, 0, 0.06%, 9, 0, 7, 248.63
1734097893, 45, 13, 78, 0, 0, 0.06%, 9, 0, 7, 257.00
1734097899, 45, 16, 78, 0, 0, 0.06%, 9, 0, 7, 257.93
1734097904, 45, 22, 78, 0, 0, 0.06%, 9, 0, 7, 247.62
1734097909, 45, 25, 78, 0, 0, 0.06%, 9, 0, 7, 260.72
1734097914, 45, 29, 78, 0, 0, 0.06%, 9, 0, 7, 264.93
1734097924, 45, 36, 78, 0, 0, 0.06%, 9, 0, 7, 266.78
1734097934, 45, 40, 78, 0, 0, 0.06%, 9, 0, 7, 257.35
1734097939, 45, 48, 78, 0, 0, 0.06%, 9, 0, 7, 298.81
1734097949, 45, 49, 78, 0, 0, 0.06%, 9, 0, 7, 271.65
1734097954, 45, 58, 78, 0, 0, 0.06%, 9, 0, 7, 274.67
1734097964, 45, 73, 78, 0, 0, 0.06%, 9, 0, 7, 311.07
1734097984, 46, 11, 78, 0, 0, 0.06%, 9, 0, 7, 249.98
1734097989, 46, 13, 78, 0, 0, 0.06%, 9, 0, 7, 253.87
1734097995, 46, 14, 78, 0, 0, 0.06%, 9, 0, 7, 253.65
1734098000, 46, 22, 78, 0, 0, 0.06%, 9, 0, 7, 241.73
1734098005, 46, 40, 78, 0, 0, 0.06%, 9, 0, 7, 252.03
1734098010, 46, 49, 78, 0, 0, 0.06%, 9, 0, 7, 246.08
1734098015, 46, 51, 78, 0, 0, 0.06%, 9, 0, 7, 242.80
1734098025, 47, 11, 78, 0, 0, 0.06%, 9, 0, 7, 257.65
1734098030, 47, 13, 78, 0, 0, 0.06%, 9, 0, 7, 256.10
1734098035, 47, 16, 78, 0, 0, 0.06%, 9, 0, 7, 263.61
1734098040, 47, 20, 78, 0, 0, 0.06%, 9, 0, 7, 262.73
1734098045, 47, 22, 78, 0, 0, 0.06%, 9, 0, 7, 250.05
1734098051, 47, 24, 78, 0, 0, 0.06%, 9, 0, 7, 245.96
1734098061, 47, 40, 78, 0, 0, 0.06%, 9, 0, 7, 271.86
1734098071, 47, 43, 78, 0, 0, 0.06%, 9, 0, 7, 274.12
1734098076, 47, 49, 78, 0, 0, 0.06%, 9, 0, 7, 256.47
1734098081, 47, 58, 78, 0, 0, 0.06%, 9, 0, 7, 281.17
1734098091, 47, 60, 78, 0, 0, 0.06%, 9, 0, 7, 305.67
1734098101, 47, 68, 78, 0, 0, 0.06%, 9, 0, 7, 272.24
1734098106, 48, 11, 78, 0, 0, 0.06%, 9, 0, 7, 254.20
1734098111, 48, 13, 78, 0, 0, 0.06%, 9, 0, 7, 260.29
1734098116, 48, 14, 78, 0, 0, 0.06%, 9, 0, 7, 249.43
1734098122, 48, 22, 78, 0, 0, 0.06%, 9, 0, 7, 258.20
1734098127, 48, 27, 78, 0, 0, 0.06%, 9, 0, 7, 270.98
1734098132, 48, 33, 78, 0, 0, 0.06%, 9, 0, 7, 263.57
1734098137, 48, 40, 78, 0, 0, 0.06%, 9, 0, 7, 251.51
1734098142, 48, 49, 78, 0, 0, 0.06%, 9, 0, 7, 256.32
1734098147, 48, 55, 78, 0, 0, 0.06%, 9, 0, 7, 253.85
1734098162, 49, 11, 78, 0, 0, 0.06%, 9, 0, 7, 264.59
1734098167, 49, 13, 78, 0, 0, 0.06%, 9, 0, 7, 239.93
1734098172, 49, 16, 78, 0, 0, 0.06%, 9, 0, 7, 250.30
1734098177, 49, 22, 78, 0, 0, 0.06%, 9, 0, 7, 246.24
1734098182, 49, 40, 78, 0, 0, 0.06%, 9, 0, 7, 252.56
1734098188, 49, 42, 78, 0, 0, 0.06%, 9, 0, 7, 265.88
1734098193, 49, 49, 78, 0, 0, 0.06%, 9, 0, 7, 243.21
1734098198, 49, 66, 78, 0, 0, 0.06%, 9, 0, 7, 252.06
1734098208, 50, 6, 78, 0, 0, 0.06%, 9, 0, 7, 253.45
1734098213, 50, 11, 78, 0, 0, 0.06%, 9, 0, 7, 255.22
1734098218, 50, 13, 78, 0, 0, 0.06%, 9, 0, 7, 250.42
1734098223, 50, 16, 78, 0, 0, 0.06%, 9, 0, 7, 261.97
1734098228, 50, 22, 78, 0, 0, 0.06%, 9, 0, 7, 240.33
1734098233, 50, 40, 78, 0, 0, 0.06%, 9, 0, 7, 245.94
1734098238, 50, 49, 78, 0, 0, 0.06%, 9, 0, 7, 257.60
1734098243, 50, 55, 78, 0, 0, 0.06%, 9, 0, 7, 266.13
1734098248, 51, 10, 78, 0, 0, 0.06%, 9, 0, 7, 261.96
1734098253, 51, 12, 78, 0, 0, 0.06%, 9, 0, 7, 256.67
1734098258, 51, 14, 78, 0, 0, 0.06%, 9, 0, 7, 256.82
1734098263, 51, 16, 78, 0, 0, 0.06%, 9, 0, 7, 259.56
1734098268, 51, 22, 78, 0, 0, 0.06%, 9, 0, 7, 264.98
1734098274, 51, 40, 78, 0, 0, 0.06%, 9, 0, 7, 259.41
1734098279, 51, 41, 78, 0, 0, 0.06%, 9, 0, 7, 290.89
1734098284, 51, 42, 78, 0, 0, 0.06%, 9, 0, 7, 268.65
1734098289, 51, 49, 78, 0, 0, 0.06%, 9, 0, 7, 256.13
1734098294, 52, 11, 78, 0, 0, 0.06%, 9, 0, 7, 255.52
1734098299, 52, 13, 78, 0, 0, 0.06%, 9, 0, 7, 255.81
1734098304, 52, 14, 78, 0, 0, 0.06%, 9, 0, 7, 259.90
1734098309, 52, 22, 78, 0, 0, 0.06%, 9, 0, 7, 240.51
1734098315, 52, 34, 78, 0, 0, 0.06%, 9, 0, 7, 254.88
1734098320, 52, 35, 78, 0, 0, 0.06%, 9, 0, 7, 257.07
1734098330, 52, 40, 78, 0, 0, 0.06%, 9, 0, 7, 263.63
1734098340, 52, 49, 78, 0, 0, 0.06%, 9, 0, 7, 243.10
1734098345, 52, 55, 78, 0, 0, 0.06%, 9, 0, 7, 267.73
1734098350, 53, 10, 78, 0, 0, 0.06%, 9, 0, 7, 259.59
1734098355, 53, 12, 78, 0, 0, 0.06%, 9, 0, 7, 244.81
1734098360, 53, 14, 78, 0, 0, 0.06%, 9, 0, 7, 249.12
1734098365, 53, 22, 78, 0, 0, 0.06%, 9, 0, 7, 247.90
1734098370, 53, 26, 78, 0, 0, 0.06%, 9, 0, 7, 265.07
1734098381, 53, 40, 78, 0, 0, 0.06%, 9, 0, 7, 255.93
1734098386, 53, 49, 78, 0, 0, 0.06%, 9, 0, 7, 264.84
1734098391, 54, 11, 78, 0, 0, 0.06%, 9, 0, 7, 256.53
1734098396, 54, 13, 78, 0, 0, 0.06%, 9, 0, 7, 262.51
1734098401, 54, 16, 78, 0, 0, 0.06%, 9, 0, 7, 260.42
1734098406, 54, 22, 78, 0, 0, 0.06%, 9, 0, 7, 245.23
1734098411, 54, 30, 78, 0, 0, 0.06%, 9, 0, 7, 246.46
1734098416, 54, 37, 78, 0, 0, 0.06%, 9, 0, 7, 253.29
1734098426, 54, 40, 78, 0, 0, 0.06%, 9, 0, 7, 252.64
1734098431, 54, 42, 78, 0, 0, 0.06%, 9, 0, 7, 262.87
1734098436, 54, 47, 78, 0, 0, 0.06%, 9, 0, 7, 261.57
1734098441, 54, 49, 78, 0, 0, 0.06%, 9, 0, 7, 262.50
1734098447, 54, 68, 78, 0, 0, 0.06%, 9, 0, 7, 280.04
1734098452, 54, 77, 78, 0, 0, 0.06%, 9, 0, 7, 281.61
1734098472, 55, 10, 78, 0, 0, 0.06%, 9, 0, 7, 251.71
1734098477, 55, 12, 78, 0, 0, 0.06%, 9, 0, 7, 253.67
1734098482, 55, 14, 78, 0, 0, 0.06%, 9, 0, 7, 250.22
1734098488, 55, 16, 78, 0, 0, 0.06%, 9, 0, 7, 247.35
1734098493, 55, 22, 78, 0, 0, 0.06%, 9, 0, 7, 261.94
1734098498, 55, 40, 78, 0, 0, 0.06%, 9, 0, 7, 263.15
1734098503, 55, 44, 78, 0, 0, 0.06%, 9, 0, 7, 283.09
1734098508, 55, 49, 78, 0, 0, 0.06%, 9, 0, 7, 261.26
1734098513, 55, 53, 78, 0, 0, 0.06%, 9, 0, 7, 283.14
1734098523, 56, 10, 78, 0, 0, 0.06%, 9, 0, 7, 258.68
1734098528, 56, 12, 78, 0, 0, 0.06%, 9, 0, 7, 240.71
1734098533, 56, 14, 78, 0, 0, 0.06%, 9, 0, 7, 240.01
1734098539, 56, 22, 78, 0, 0, 0.06%, 9, 0, 7, 257.02
1734098544, 56, 29, 78, 0, 0, 0.06%, 9, 0, 7, 260.33
1734098554, 56, 40, 78, 0, 0, 0.06%, 9, 0, 7, 254.16
1734098559, 56, 49, 78, 0, 0, 0.06%, 9, 0, 7, 238.35
1734098564, 57, 10, 78, 0, 0, 0.06%, 9, 0, 7, 248.10
1734098569, 57, 12, 78, 0, 0, 0.06%, 9, 0, 7, 245.20
1734098574, 57, 14, 78, 0, 0, 0.06%, 9, 0, 7, 240.69
1734098579, 57, 17, 78, 0, 0, 0.06%, 9, 0, 7, 255.75
1734098584, 57, 22, 78, 0, 0, 0.06%, 9, 0, 7, 259.58
1734098589, 57, 40, 78, 0, 0, 0.06%, 9, 0, 7, 251.00
1734098594, 57, 49, 78, 0, 0, 0.06%, 9, 0, 7, 245.62
1734098600, 57, 76, 78, 0, 0, 0.06%, 9, 0, 7, 263.62
1734098625, 58, 11, 78, 0, 0, 0.06%, 9, 0, 7, 240.68
1734098630, 58, 13, 78, 0, 0, 0.06%, 9, 0, 7, 251.42
1734098636, 58, 16, 78, 0, 0, 0.06%, 9, 0, 7, 255.55
1734098641, 58, 22, 78, 0, 0, 0.06%, 9, 0, 7, 245.46
1734098646, 58, 40, 78, 0, 0, 0.06%, 9, 0, 7, 250.96
1734098651, 58, 41, 78, 0, 0, 0.06%, 9, 0, 7, 286.93
1734098656, 58, 49, 78, 0, 0, 0.06%, 9, 0, 7, 265.22
1734098666, 58, 72, 78, 0, 0, 0.06%, 9, 0, 7, 323.81
1734098686, 59, 10, 78, 0, 0, 0.06%, 9, 0, 7, 258.72
1734098691, 59, 12, 78, 0, 0, 0.06%, 9, 0, 7, 255.87
1734098696, 59, 14, 78, 0, 0, 0.06%, 9, 0, 7, 242.27
1734098702, 59, 22, 78, 0, 0, 0.06%, 9, 0, 7, 256.24
1734098707, 59, 40, 78, 0, 0, 0.06%, 9, 0, 7, 261.63
1734098717, 59, 49, 78, 0, 0, 0.06%, 9, 0, 7, 251.47
1734098722, 59, 52, 78, 0, 0, 0.06%, 9, 0, 7, 267.39
1734098727, 60, 10, 78, 0, 0, 0.06%, 9, 0, 7, 256.51
1734098732, 60, 12, 78, 0, 0, 0.06%, 9, 0, 7, 262.94
1734098737, 60, 14, 78, 0, 0, 0.06%, 9, 0, 7, 239.26
1734098742, 60, 22, 78, 0, 0, 0.06%, 9, 0, 7, 239.08
1734098747, 60, 24, 78, 0, 0, 0.06%, 9, 0, 7, 261.45
1734098757, 60, 40, 78, 0, 0, 0.06%, 9, 0, 7, 266.27
1734098762, 60, 49, 78, 0, 0, 0.06%, 9, 0, 7, 248.93
1734098767, 60, 60, 78, 0, 0, 0.06%, 9, 0, 7, 276.31
1734098772, 60, 69, 78, 0, 0, 0.06%, 9, 0, 7, 311.72
1734098783, 61, 11, 78, 0, 0, 0.06%, 9, 0, 7, 265.03
1734098788, 61, 13, 78, 0, 0, 0.06%, 9, 0, 7, 243.75
1734098793, 61, 15, 78, 0, 0, 0.06%, 9, 0, 7, 264.36
1734098798, 61, 22, 78, 0, 0, 0.06%, 9, 0, 7, 255.60
1734098809, 61, 28, 78, 0, 0, 0.06%, 9, 0, 7, 256.71
1734098814, 61, 40, 78, 0, 0, 0.06%, 9, 0, 7, 254.01
1734098819, 61, 48, 78, 0, 0, 0.06%, 9, 0, 7, 267.74
1734098824, 61, 49, 78, 0, 0, 0.06%, 9, 0, 7, 260.33
1734098829, 61, 71, 78, 0, 0, 0.06%, 9, 0, 7, 299.42
1734098849, 62, 11, 78, 0, 0, 0.06%, 9, 0, 7, 250.24
1734098854, 62, 13, 78, 0, 0, 0.06%, 9, 0, 7, 247.06
1734098859, 62, 14, 78, 0, 0, 0.06%, 9, 0, 7, 251.12
1734098864, 62, 22, 78, 0, 0, 0.06%, 9, 0, 7, 242.27
1734098869, 62, 40, 78, 0, 0, 0.06%, 9, 0, 7, 256.98
1734098875, 62, 49, 78, 0, 0, 0.06%, 9, 0, 7, 254.68
1734098880, 62, 54, 78, 0, 0, 0.06%, 9, 0, 7, 234.86
1734098890, 62, 71, 78, 0, 0, 0.06%, 9, 0, 7, 310.09
1734098910, 62, 76, 78, 0, 0, 0.06%, 9, 0, 7, 274.16
1734098920, 63, 10, 78, 0, 0, 0.06%, 9, 0, 7, 253.73
1734098925, 63, 12, 78, 0, 0, 0.06%, 9, 0, 7, 248.26
1734098930, 63, 14, 78, 0, 0, 0.06%, 9, 0, 7, 256.77
1734098935, 63, 22, 78, 0, 0, 0.06%, 9, 0, 7, 257.48
1734098945, 63, 28, 78, 0, 0, 0.06%, 9, 0, 7, 256.24
1734098950, 63, 39, 78, 0, 0, 0.06%, 9, 0, 7, 249.84
1734098956, 63, 40, 78, 0, 0, 0.06%, 9, 0, 7, 261.63
1734098961, 63, 49, 78, 0, 0, 0.06%, 9, 0, 7, 255.76
1734098966, 63, 64, 78, 0, 0, 0.06%, 9, 0, 7, 273.10
1734098976, 64, 10, 78, 0, 0, 0.06%, 9, 0, 7, 264.44
1734098981, 64, 12, 78, 0, 0, 0.06%, 9, 0, 7, 253.04
1734098986, 64, 14, 78, 0, 0, 0.06%, 9, 0, 7, 255.11
1734098991, 64, 22, 78, 0, 0, 0.06%, 9, 0, 7, 251.12
1734098996, 64, 26, 78, 0, 0, 0.06%, 9, 0, 7, 263.86
1734099001, 64, 38, 78, 0, 0, 0.06%, 9, 0, 7, 260.75
1734099011, 64, 40, 78, 0, 0, 0.06%, 9, 0, 7, 259.21
1734099016, 64, 47, 78, 0, 0, 0.06%, 9, 0, 7, 270.89
1734099021, 64, 49, 78, 0, 0, 0.06%, 9, 0, 7, 256.68
1734099027, 64, 63, 78, 0, 0, 0.06%, 9, 0, 7, 274.35
1734099032, 64, 67, 78, 0, 0, 0.06%, 9, 0, 7, 283.42
1734099042, 65, 11, 78, 0, 0, 0.06%, 9, 0, 7, 257.39
1734099047, 65, 13, 78, 0, 0, 0.06%, 9, 0, 7, 259.72
1734099052, 65, 16, 78, 0, 0, 0.06%, 9, 0, 7, 254.21
1734099057, 65, 22, 78, 0, 0, 0.06%, 9, 0, 7, 255.79
1734099062, 65, 24, 78, 0, 0, 0.06%, 9, 0, 7, 251.59
1734099067, 65, 40, 78, 0, 0, 0.06%, 9, 0, 7, 264.03
1734099072, 65, 49, 78, 0, 0, 0.06%, 9, 0, 7, 259.78
1734099077, 66, 0, 78, 0, 0, 0.06%, 9, 0, 7, 253.71
1734099082, 66, 11, 78, 0, 0, 0.06%, 9, 0, 7, 262.45
1734099087, 66, 13, 78, 0, 0, 0.06%, 9, 0, 7, 260.71
1734099093, 66, 16, 78, 0, 0, 0.06%, 9, 0, 7, 260.91
1734099098, 66, 22, 78, 0, 0, 0.06%, 9, 0, 7, 238.41
1734099103, 66, 40, 78, 0, 0, 0.06%, 9, 0, 7, 250.11
1734099108, 66, 49, 78, 0, 0, 0.06%, 9, 0, 7, 244.61
1734099113, 67, 10, 78, 0, 0, 0.06%, 9, 0, 7, 260.00
1734099118, 67, 12, 78, 0, 0, 0.06%, 9, 0, 7, 258.30
1734099123, 67, 14, 78, 0, 0, 0.06%, 9, 0, 7, 252.83
1734099128, 67, 16, 78, 0, 0, 0.06%, 9, 0, 7, 257.33
1734099133, 67, 21, 78, 0, 0, 0.06%, 9, 0, 7, 247.82
1734099138, 67, 22, 78, 0, 0, 0.06%, 9, 0, 7, 258.43
1734099143, 67, 29, 78, 0, 0, 0.06%, 9, 0, 7, 262.45
1734099148, 67, 40, 78, 0, 0, 0.06%, 9, 0, 7, 259.35
1734099153, 67, 44, 78, 0, 0, 0.06%, 9, 0, 7, 288.20
1734099158, 67, 49, 78, 0, 0, 0.06%, 9, 0, 7, 259.27
1734099163, 67, 57, 78, 0, 0, 0.06%, 9, 0, 7, 257.94
1734099174, 68, 3, 78, 0, 0, 0.06%, 9, 0, 7, 260.37
1734099179, 68, 11, 78, 0, 0, 0.06%, 9, 0, 7, 248.93
1734099184, 68, 13, 78, 0, 0, 0.06%, 9, 0, 7, 247.29
1734099189, 68, 14, 78, 0, 0, 0.06%, 9, 0, 7, 249.36
1734099194, 68, 17, 78, 0, 0, 0.06%, 9, 0, 7, 246.94
1734099199, 68, 22, 78, 0, 0, 0.06%, 9, 0, 7, 265.05
1734099204, 68, 34, 78, 0, 0, 0.06%, 9, 0, 7, 253.13
1734099209, 68, 40, 78, 0, 0, 0.06%, 9, 0, 7, 244.34
1734099214, 68, 49, 78, 0, 0, 0.06%, 9, 0, 7, 244.03
1734099219, 68, 50, 78, 0, 0, 0.06%, 9, 0, 7, 248.31
1734099229, 68, 72, 78, 0, 0, 0.06%, 9, 0, 7, 266.19
1734099255, 68, 75, 78, 0, 0, 0.06%, 9, 0, 7, 272.31
1734099265, 69, 11, 78, 0, 0, 0.06%, 9, 0, 7, 262.29
1734099270, 69, 12, 78, 0, 0, 0.06%, 9, 0, 7, 252.99
1734099275, 69, 14, 78, 0, 0, 0.06%, 9, 0, 7, 255.31
1734099280, 69, 22, 78, 0, 0, 0.06%, 9, 0, 7, 247.73
1734099285, 69, 34, 78, 0, 0, 0.06%, 9, 0, 7, 267.64
1734099290, 69, 40, 78, 0, 0, 0.06%, 9, 0, 7, 259.59
1734099295, 69, 49, 78, 0, 0, 0.06%, 9, 0, 7, 261.40
1734099300, 70, 1, 78, 0, 0, 0.06%, 9, 0, 7, 259.77
1734099306, 70, 11, 78, 0, 0, 0.06%, 9, 0, 7, 261.82
1734099311, 70, 13, 78, 0, 0, 0.06%, 9, 0, 7, 246.74
1734099316, 70, 16, 78, 0, 0, 0.06%, 9, 0, 7, 263.40
1734099321, 70, 19, 78, 0, 0, 0.06%, 9, 0, 7, 254.51
1734099326, 70, 22, 78, 0, 0, 0.06%, 9, 0, 7, 253.20
1734099331, 70, 40, 78, 0, 0, 0.06%, 9, 0, 7, 243.44
1734099336, 70, 43, 78, 0, 0, 0.06%, 9, 0, 7, 263.53
1734099341, 70, 45, 78, 0, 0, 0.06%, 9, 0, 7, 270.63
1734099346, 70, 49, 78, 0, 0, 0.06%, 9, 0, 7, 248.58
1734099351, 71, 10, 78, 0, 0, 0.06%, 9, 0, 7, 250.70
1734099356, 71, 12, 78, 0, 0, 0.06%, 9, 0, 7, 253.08
1734099361, 71, 14, 78, 0, 0, 0.06%, 9, 0, 7, 251.72
1734099367, 71, 16, 78, 0, 0, 0.06%, 9, 0, 7, 244.13
1734099372, 71, 22, 78, 0, 0, 0.06%, 9, 0, 7, 269.78
1734099377, 71, 32, 78, 0, 0, 0.06%, 9, 0, 7, 267.34
1734099382, 71, 40, 78, 0, 0, 0.06%, 9, 0, 7, 266.20
1734099387, 71, 49, 78, 0, 0, 0.06%, 9, 0, 7, 255.63
1734099392, 71, 56, 78, 0, 0, 0.06%, 9, 0, 7, 316.22
1734099402, 71, 68, 78, 0, 0, 0.06%, 9, 0, 7, 278.21
1734099407, 72, 10, 78, 0, 0, 0.06%, 9, 0, 7, 259.38
1734099412, 72, 12, 78, 0, 0, 0.06%, 9, 0, 7, 250.81
1734099417, 72, 14, 78, 0, 0, 0.06%, 9, 0, 7, 244.70
1734099422, 72, 22, 78, 0, 0, 0.06%, 9, 0, 7, 256.80
1734099427, 72, 40, 78, 0, 0, 0.06%, 9, 0, 7, 252.99
1734099437, 72, 49, 78, 0, 0, 0.06%, 9, 0, 7, 267.64
1734099443, 72, 53, 78, 0, 0, 0.06%, 9, 0, 7, 267.18
1734099448, 72, 57, 78, 0, 0, 0.06%, 9, 0, 7, 250.34
1734099453, 73, 10, 78, 0, 0, 0.06%, 9, 0, 7, 248.03
1734099458, 73, 12, 78, 0, 0, 0.06%, 9, 0, 7, 253.65
1734099463, 73, 14, 78, 0, 0, 0.06%, 9, 0, 7, 261.91
1734099468, 73, 16, 78, 0, 0, 0.06%, 9, 0, 7, 255.02
1734099473, 73, 22, 78, 0, 0, 0.06%, 9, 0, 7, 246.41
1734099478, 73, 35, 78, 0, 0, 0.06%, 9, 0, 7, 262.35
1734099483, 73, 40, 78, 0, 0, 0.06%, 9, 0, 7, 250.24
1734099493, 73, 49, 78, 0, 0, 0.06%, 9, 0, 7, 252.10
1734099498, 74, 11, 78, 0, 0, 0.06%, 9, 0, 7, 252.13
1734099503, 74, 13, 78, 0, 0, 0.06%, 9, 0, 7, 251.01
1734099509, 74, 16, 78, 0, 0, 0.06%, 9, 0, 7, 248.74
1734099514, 74, 22, 78, 0, 0, 0.06%, 9, 0, 7, 254.05
1734099519, 74, 32, 78, 0, 0, 0.06%, 9, 0, 7, 262.69
1734099524, 74, 40, 78, 0, 0, 0.06%, 9, 0, 7, 253.68
1734099529, 74, 43, 78, 0, 0, 0.06%, 9, 0, 7, 256.67
1734099539, 74, 49, 78, 0, 0, 0.06%, 9, 0, 7, 266.79
1734099549, 75, 11, 78, 0, 0, 0.06%, 9, 0, 7, 247.13
1734099554, 75, 13, 78, 0, 0, 0.06%, 9, 0, 7, 249.53
1734099559, 75, 16, 78, 0, 0, 0.06%, 9, 0, 7, 257.53
1734099564, 75, 22, 78, 0, 0, 0.06%, 9, 0, 7, 262.22
1734099569, 75, 40, 78, 0, 0, 0.06%, 9, 0, 7, 243.27
1734099574, 75, 49, 78, 0, 0, 0.06%, 9, 0, 7, 255.11
1734099579, 75, 53, 78, 0, 0, 0.06%, 9, 0, 7, 281.35
1734099584, 76, 10, 78, 0, 0, 0.06%, 9, 0, 7, 263.76
1734099589, 76, 12, 78, 0, 0, 0.06%, 9, 0, 7, 259.86
1734099595, 76, 14, 78, 0, 0, 0.06%, 9, 0, 7, 250.30
1734099600, 76, 15, 78, 0, 0, 0.06%, 9, 0, 7, 263.58
1734099605, 76, 22, 78, 0, 0, 0.06%, 9, 0, 7, 244.26
1734099610, 76, 33, 78, 0, 0, 0.06%, 9, 0, 7, 256.67
1734099615, 76, 40, 78, 0, 0, 0.06%, 9, 0, 7, 254.74
1734099625, 76, 42, 78, 0, 0, 0.06%, 9, 0, 7, 266.70
1734099630, 76, 49, 78, 0, 0, 0.06%, 9, 0, 7, 253.37
1734099636, 77, 11, 78, 0, 0, 0.06%, 9, 0, 7, 246.52
1734099641, 77, 13, 78, 0, 0, 0.06%, 9, 0, 7, 245.95
1734099646, 77, 16, 78, 0, 0, 0.06%, 9, 0, 7, 249.83
1734099651, 77, 22, 78, 0, 0, 0.06%, 9, 0, 7, 260.47
1734099656, 77, 40, 78, 0, 0, 0.06%, 9, 0, 7, 244.71
1734099661, 77, 43, 78, 0, 0, 0.06%, 9, 0, 7, 245.99
1734099666, 77, 49, 78, 0, 0, 0.06%, 9, 0, 7, 255.93
1734099676, 77, 63, 78, 0, 0, 0.06%, 9, 0, 7, 268.86
1734099681, 78, 11, 78, 0, 0, 0.06%, 9, 0, 7, 263.99
1734099686, 78, 13, 78, 0, 0, 0.06%, 9, 0, 7, 249.65
1734099691, 78, 16, 78, 0, 0, 0.06%, 9, 0, 7, 250.09
1734099696, 78, 22, 78, 0, 0, 0.06%, 9, 0, 7, 251.44
1734099701, 78, 40, 78, 0, 0, 0.06%, 9, 0, 7, 248.21
1734099706, 78, 49, 78, 0, 0, 0.06%, 9, 0, 7, 245.57
1734099711, 78, 50, 78, 0, 0, 0.06%, 9, 0, 7, 241.01
1734099721, 78, 74, 78, 0, 0, 0.06%, 9, 0, 7, 278.74
1734099731, 79, 10, 78, 0, 0, 0.06%, 9, 0, 7, 242.49
1734099737, 79, 11, 78, 0, 0, 0.06%, 9, 0, 7, 251.62
1734099742, 79, 13, 78, 0, 0, 0.06%, 9, 0, 7, 244.53
1734099747, 79, 16, 78, 0, 0, 0.06%, 9, 0, 7, 249.19
1734099752, 79, 22, 78, 0, 0, 0.06%, 9, 0, 7, 246.84
1734099757, 79, 33, 78, 0, 0, 0.06%, 9, 0, 7, 260.41
1734099762, 79, 38, 78, 0, 0, 0.06%, 9, 0, 7, 266.30
1734099767, 79, 40, 78, 0, 0, 0.06%, 9, 0, 7, 250.27
1734099772, 79, 49, 78, 0, 0, 0.06%, 9, 0, 7, 243.60
1734099777, 79, 59, 78, 0, 0, 0.06%, 9, 0, 7, 252.10
1734099782, 79, 70, 78, 0, 0, 0.06%, 9, 0, 7, 265.51
1734099802, 80, 7, 78, 0, 0, 0.06%, 9, 0, 7, 260.38
1734099808, 80, 11, 78, 0, 0, 0.06%, 9, 0, 7, 252.37
1734099813, 80, 13, 78, 0, 0, 0.06%, 9, 0, 7, 244.97
1734099818, 80, 16, 78, 0, 0, 0.06%, 9, 0, 7, 258.97
1734099823, 80, 22, 78, 0, 0, 0.06%, 9, 0, 7, 245.53
1734099828, 80, 26, 78, 0, 0, 0.06%, 9, 0, 7, 259.59
1734099833, 80, 28, 78, 0, 0, 0.06%, 9, 0, 7, 250.03
1734099838, 80, 40, 78, 0, 0, 0.06%, 9, 0, 7, 243.44
1734099844, 80, 42, 78, 0, 0, 0.06%, 9, 0, 7, 252.31
1734099849, 80, 49, 78, 0, 0, 0.06%, 9, 0, 7, 254.63
1734099859, 80, 56, 78, 0, 0, 0.06%, 9, 0, 7, 257.71
1734099864, 80, 76, 78, 0, 0, 0.06%, 9, 0, 7, 272.24
1734099869, 81, 11, 78, 0, 0, 0.06%, 9, 0, 7, 250.59
1734099874, 81, 13, 78, 0, 0, 0.06%, 9, 0, 7, 247.39
1734099879, 81, 16, 78, 0, 0, 0.06%, 9, 0, 7, 254.55
1734099884, 81, 22, 78, 0, 0, 0.06%, 9, 0, 7, 249.97
1734099889, 81, 40, 78, 0, 0, 0.06%, 9, 0, 7, 252.15
1734099894, 81, 49, 78, 0, 0, 0.06%, 9, 0, 7, 259.14
1734099899, 81, 63, 78, 0, 0, 0.06%, 9, 0, 7, 257.01
1734099904, 82, 10, 78, 0, 0, 0.06%, 9, 0, 7, 261.05
1734099909, 82, 12, 78, 0, 0, 0.06%, 9, 0, 7, 262.63
1734099914, 82, 13, 78, 0, 0, 0.06%, 9, 0, 7, 259.26
1734099919, 82, 15, 78, 0, 0, 0.06%, 9, 0, 7, 269.61
1734099924, 82, 22, 78, 0, 0, 0.06%, 9, 0, 7, 250.75
1734099929, 82, 33, 78, 0, 0, 0.06%, 9, 0, 7, 266.14
1734099934, 82, 40, 78, 0, 0, 0.06%, 9, 0, 7, 248.87
1734099945, 82, 49, 78, 0, 0, 0.06%, 9, 0, 7, 252.19
1734099950, 83, 11, 78, 0, 0, 0.06%, 9, 0, 7, 258.40
1734099955, 83, 13, 78, 0, 0, 0.06%, 9, 0, 7, 244.79
1734099960, 83, 16, 78, 0, 0, 0.06%, 9, 0, 7, 250.04
1734099965, 83, 22, 78, 0, 0, 0.06%, 9, 0, 7, 249.61
1734099970, 83, 40, 78, 0, 0, 0.06%, 9, 0, 7, 242.82
1734099975, 83, 49, 78, 0, 0, 0.06%, 9, 0, 7, 256.76
1734099980, 83, 55, 78, 0, 0, 0.06%, 9, 0, 7, 272.38
1734099985, 83, 57, 78, 0, 0, 0.06%, 9, 0, 7, 274.43
1734099995, 84, 11, 78, 0, 0, 0.06%, 9, 0, 7, 257.41
1734100000, 84, 13, 78, 0, 0, 0.06%, 9, 0, 7, 253.93
1734100005, 84, 16, 78, 0, 0, 0.06%, 9, 0, 7, 243.27
1734100010, 84, 22, 78, 0, 0, 0.06%, 9, 0, 7, 252.95
1734100015, 84, 40, 78, 0, 0, 0.06%, 9, 0, 7, 259.68
1734100020, 84, 49, 78, 0, 0, 0.06%, 9, 0, 7, 250.51
1734100026, 85, 4, 78, 0, 0, 0.06%, 9, 0, 7, 248.14
1734100031, 85, 11, 78, 0, 0, 0.06%, 9, 0, 7, 244.78
1734100036, 85, 13, 78, 0, 0, 0.06%, 9, 0, 7, 247.49
1734100041, 85, 16, 78, 0, 0, 0.06%, 9, 0, 7, 258.54
1734100046, 85, 22, 78, 0, 0, 0.06%, 9, 0, 7, 259.00
1734100051, 85, 24, 78, 0, 0, 0.06%, 9, 0, 7, 261.91
1734100056, 85, 40, 78, 0, 0, 0.06%, 9, 0, 7, 245.10
1734100061, 85, 43, 78, 0, 0, 0.06%, 9, 0, 7, 247.63
1734100066, 85, 49, 78, 0, 0, 0.06%, 9, 0, 7, 254.80
1734100071, 85, 64, 78, 0, 0, 0.06%, 9, 0, 7, 273.45
1734100077, 85, 69, 78, 0, 0, 0.06%, 9, 0, 7, 288.57
1734100082, 86, 9, 78, 0, 0, 0.06%, 9, 0, 7, 291.27
1734100087, 86, 11, 78, 0, 0, 0.06%, 9, 0, 7, 270.69
1734100092, 86, 13, 78, 0, 0, 0.06%, 9, 0, 7, 252.09
1734100097, 86, 16, 78, 0, 0, 0.06%, 9, 0, 7, 259.15
1734100102, 86, 22, 78, 0, 0, 0.06%, 9, 0, 7, 260.92
1734100107, 86, 25, 78, 0, 0, 0.06%, 9, 0, 7, 251.29
1734100112, 86, 32, 78, 0, 0, 0.06%, 9, 0, 7, 262.89
1734100117, 86, 34, 78, 0, 0, 0.06%, 9, 0, 7, 252.09
1734100122, 86, 40, 78, 0, 0, 0.06%, 9, 0, 7, 255.79
1734100132, 86, 45, 78, 0, 0, 0.06%, 9, 0, 7, 263.59
1734100138, 86, 49, 78, 0, 0, 0.06%, 9, 0, 7, 252.36
1734100143, 86, 56, 78, 0, 0, 0.06%, 9, 0, 7, 282.57
1734100148, 86, 75, 78, 0, 0, 0.06%, 9, 0, 7, 274.74
1734100153, 87, 11, 78, 0, 0, 0.06%, 9, 0, 7, 244.69
1734100158, 87, 13, 78, 0, 0, 0.06%, 9, 0, 7, 259.77
1734100163, 87, 16, 78, 0, 0, 0.06%, 9, 0, 7, 252.19
1734100168, 87, 22, 78, 0, 0, 0.06%, 9, 0, 7, 244.36
1734100173, 87, 40, 78, 0, 0, 0.06%, 9, 0, 7, 244.18
1734100179, 87, 49, 78, 0, 0, 0.06%, 9, 0, 7, 243.63
1734100184, 87, 75, 78, 0, 0, 0.06%, 9, 0, 7, 269.98
1734100189, 88, 1, 78, 0, 0, 0.06%, 9, 0, 7, 260.57
1734100194, 88, 11, 78, 0, 0, 0.06%, 9, 0, 7, 257.08
1734100199, 88, 13, 78, 0, 0, 0.06%, 9, 0, 7, 250.17
1734100204, 88, 16, 78, 0, 0, 0.06%, 9, 0, 7, 253.76
1734100209, 88, 22, 78, 0, 0, 0.06%, 9, 0, 7, 249.29
1734100214, 88, 40, 78, 0, 0, 0.06%, 9, 0, 7, 236.30
1734100219, 88, 49, 78, 0, 0, 0.06%, 9, 0, 7, 245.22
1734100224, 88, 52, 78, 0, 0, 0.06%, 9, 0, 7, 274.58
1734100229, 88, 66, 78, 0, 0, 0.06%, 9, 0, 7, 286.62
1734100234, 89, 2, 78, 0, 0, 0.06%, 9, 0, 7, 277.17
1734100239, 89, 11, 78, 0, 0, 0.06%, 9, 0, 7, 258.45
1734100244, 89, 13, 78, 0, 0, 0.06%, 9, 0, 7, 249.13
1734100249, 89, 16, 78, 0, 0, 0.06%, 9, 0, 7, 254.37
1734100254, 89, 22, 78, 0, 0, 0.06%, 9, 0, 7, 249.01
1734100260, 89, 38, 78, 0, 0, 0.06%, 9, 0, 7, 276.91
1734100265, 89, 40, 78, 0, 0, 0.06%, 9, 0, 7, 249.06
1734100270, 89, 49, 78, 0, 0, 0.06%, 9, 0, 7, 238.34
1734100280, 90, 11, 78, 0, 0, 0.06%, 9, 0, 7, 260.55
1734100285, 90, 13, 78, 0, 0, 0.06%, 9, 0, 7, 252.32
1734100290, 90, 16, 78, 0, 0, 0.06%, 9, 0, 7, 249.53
1734100295, 90, 19, 78, 0, 0, 0.06%, 9, 0, 7, 236.89
1734100300, 90, 22, 78, 0, 0, 0.06%, 9, 0, 7, 249.70
1734100305, 90, 28, 78, 0, 0, 0.06%, 9, 0, 7, 255.78
1734100310, 90, 40, 78, 0, 0, 0.06%, 9, 0, 7, 259.96
1734100316, 90, 46, 78, 0, 0, 0.06%, 9, 0, 7, 267.60
1734100321, 90, 49, 78, 0, 0, 0.06%, 9, 0, 7, 251.44
1734100326, 90, 57, 78, 0, 0, 0.06%, 9, 0, 7, 253.85
1734100331, 90, 64, 78, 0, 0, 0.06%, 9, 0, 7, 258.61
1734100336, 90, 77, 78, 0, 0, 0.06%, 9, 0, 7, 280.25
1734100361, 91, 10, 78, 0, 0, 0.06%, 9, 0, 7, 251.28
1734100366, 91, 12, 78, 0, 0, 0.06%, 9, 0, 7, 248.69
1734100371, 91, 14, 78, 0, 0, 0.06%, 9, 0, 7, 242.94
1734100376, 91, 20, 78, 0, 0, 0.06%, 9, 0, 7, 243.65
1734100382, 91, 22, 78, 0, 0, 0.06%, 9, 0, 7, 249.52
1734100392, 91, 26, 78, 0, 0, 0.06%, 9, 0, 7, 261.12
1734100397, 91, 33, 78, 0, 0, 0.06%, 9, 0, 7, 258.69
1734100402, 91, 40, 78, 0, 0, 0.06%, 9, 0, 7, 253.35
1734100407, 91, 49, 78, 0, 0, 0.06%, 9, 0, 7, 256.35
1734100412, 91, 55, 78, 0, 0, 0.06%, 9, 0, 7, 277.85
1734100417, 91, 62, 78, 0, 0, 0.06%, 9, 0, 7, 260.69
1734100422, 91, 66, 78, 0, 0, 0.06%, 9, 0, 7, 270.74
1734100427, 91, 70, 78, 0, 0, 0.06%, 9, 0, 7, 286.10
1734100437, 91, 77, 78, 0, 0, 0.06%, 9, 0, 7, 254.92
1734100463, 92, 10, 78, 0, 0, 0.06%, 9, 0, 7, 260.89
1734100468, 92, 12, 78, 0, 0, 0.06%, 9, 0, 7, 246.92
1734100473, 92, 14, 78, 0, 0, 0.06%, 9, 0, 7, 248.37
1734100478, 92, 22, 78, 0, 0, 0.06%, 9, 0, 7, 256.62
1734100483, 92, 40, 78, 0, 0, 0.06%, 9, 0, 7, 257.09
1734100493, 92, 41, 78, 0, 0, 0.06%, 9, 0, 7, 267.04
1734100498, 92, 49, 78, 0, 0, 0.06%, 9, 0, 7, 256.34
1734100503, 92, 71, 78, 0, 0, 0.06%, 9, 0, 7, 294.79
1734100513, 92, 73, 78, 0, 0, 0.06%, 9, 0, 7, 308.92
1734100523, 93, 10, 78, 0, 0, 0.06%, 9, 0, 7, 253.88
1734100528, 93, 12, 78, 0, 0, 0.06%, 9, 0, 7, 251.29
1734100534, 93, 14, 78, 0, 0, 0.06%, 9, 0, 7, 257.54
1734100539, 93, 22, 78, 0, 0, 0.06%, 9, 0, 7, 253.60
1734100544, 93, 40, 78, 0, 0, 0.06%, 9, 0, 7, 256.13
1734100549, 93, 49, 78, 0, 0, 0.06%, 9, 0, 7, 260.63
1734100559, 93, 75, 78, 0, 0, 0.06%, 9, 0, 7, 256.68
1734100564, 94, 11, 78, 0, 0, 0.06%, 9, 0, 7, 252.29
1734100569, 94, 13, 78, 0, 0, 0.06%, 9, 0, 7, 247.06
1734100574, 94, 16, 78, 0, 0, 0.06%, 9, 0, 7, 249.10
1734100579, 94, 21, 78, 0, 0, 0.06%, 9, 0, 7, 269.17
1734100585, 94, 22, 78, 0, 0, 0.06%, 9, 0, 7, 263.68
1734100590, 94, 27, 78, 0, 0, 0.06%, 9, 0, 7, 262.43
1734100595, 94, 32, 78, 0, 0, 0.06%, 9, 0, 7, 259.54
1734100600, 94, 40, 78, 0, 0, 0.06%, 9, 0, 7, 255.88
1734100605, 94, 49, 78, 0, 0, 0.06%, 9, 0, 7, 258.98
1734100610, 94, 54, 78, 0, 0, 0.06%, 9, 0, 7, 264.65
1734100615, 95, 5, 78, 0, 0, 0.06%, 9, 0, 7, 263.73
1734100620, 95, 11, 78, 0, 0, 0.06%, 9, 0, 7, 253.70
1734100625, 95, 13, 78, 0, 0, 0.06%, 9, 0, 7, 251.20
1734100630, 95, 16, 78, 0, 0, 0.06%, 9, 0, 7, 255.42
1734100635, 95, 22, 78, 0, 0, 0.06%, 9, 0, 7, 250.24
1734100641, 95, 40, 78, 0, 0, 0.06%, 9, 0, 7, 253.40
1734100646, 95, 49, 78, 0, 0, 0.06%, 9, 0, 7, 250.92
1734100651, 95, 57, 78, 0, 0, 0.06%, 9, 0, 7, 257.12
1734100656, 95, 67, 78, 0, 0, 0.06%, 9, 0, 7, 269.86
1734100666, 96, 5, 78, 0, 0, 0.06%, 9, 0, 7, 257.88
1734100671, 96, 11, 78, 0, 0, 0.06%, 9, 0, 7, 248.08
1734100676, 96, 13, 78, 0, 0, 0.06%, 9, 0, 7, 252.61
1734100681, 96, 16, 78, 0, 0, 0.06%, 9, 0, 7, 262.78
1734100686, 96, 22, 78, 0, 0, 0.06%, 9, 0, 7, 261.23
1734100691, 96, 40, 78, 0, 0, 0.06%, 9, 0, 7, 260.87
1734100696, 96, 49, 78, 0, 0, 0.06%, 9, 0, 7, 243.11
1734100701, 96, 51, 78, 0, 0, 0.06%, 9, 0, 7, 275.75
1734100706, 96, 52, 78, 0, 0, 0.06%, 9, 0, 7, 301.09
1734100711, 96, 66, 78, 0, 0, 0.06%, 9, 0, 7, 289.02
1734100716, 96, 73, 78, 0, 0, 0.06%, 9, 0, 7, 290.34
1734100726, 97, 10, 78, 0, 0, 0.06%, 9, 0, 7, 257.71
1734100731, 97, 12, 78, 0, 0, 0.06%, 9, 0, 7, 256.58
1734100737, 97, 14, 78, 0, 0, 0.06%, 9, 0, 7, 252.18
1734100742, 97, 22, 78, 0, 0, 0.06%, 9, 0, 7, 250.29
1734100752, 97, 40, 78, 0, 0, 0.06%, 9, 0, 7, 254.98
1734100757, 97, 41, 78, 0, 0, 0.06%, 9, 0, 7, 290.61
1734100762, 97, 49, 78, 0, 0, 0.06%, 9, 0, 7, 262.25
1734100767, 97, 50, 78, 0, 0, 0.06%, 9, 0, 7, 252.66
1734100772, 97, 65, 78, 0, 0, 0.06%, 9, 0, 7, 251.29
1734100782, 97, 74, 78, 0, 0, 0.06%, 9, 0, 7, 304.96
1734100793, 98, 10, 78, 0, 0, 0.06%, 9, 0, 7, 255.18
1734100798, 98, 12, 78, 0, 0, 0.06%, 9, 0, 7, 253.04
1734100803, 98, 14, 78, 0, 0, 0.06%, 9, 0, 7, 244.13
1734100808, 98, 22, 78, 0, 0, 0.06%, 9, 0, 7, 258.46
1734100818, 98, 28, 78, 0, 0, 0.06%, 9, 0, 7, 254.86
1734100823, 98, 36, 78, 0, 0, 0.06%, 9, 0, 7, 275.61
1734100828, 98, 40, 78, 0, 0, 0.06%, 9, 0, 7, 265.91
1734100833, 98, 44, 78, 0, 0, 0.06%, 9, 0, 7, 267.05
1734100838, 98, 49, 78, 0, 0, 0.06%, 9, 0, 7, 243.72
1734100844, 98, 72, 78, 0, 0, 0.06%, 9, 0, 7, 311.91
1734100854, 99, 11, 78, 0, 0, 0.06%, 9, 0, 7, 260.17
1734100859, 99, 13, 78, 0, 0, 0.06%, 9, 0, 7, 258.96
1734100864, 99, 14, 78, 0, 0, 0.06%, 9, 0, 7, 243.35
1734100869, 99, 22, 78, 0, 0, 0.06%, 9, 0, 7, 245.83
1734100874, 99, 40, 78, 0, 0, 0.06%, 9, 0, 7, 243.17
1734100884, 99, 49, 78, 0, 0, 0.06%, 9, 0, 7, 248.87
1734100889, 100, 11, 78, 0, 0, 0.06%, 9, 0, 7, 250.39
1734100894, 100, 13, 78, 0, 0, 0.06%, 9, 0, 7, 246.51
1734100900, 100, 16, 78, 0, 0, 0.06%, 9, 0, 7, 247.21
1734100905, 100, 22, 78, 0, 0, 0.06%, 9, 0, 7, 248.15
1734100910, 100, 33, 78, 0, 0, 0.06%, 9, 0, 7, 256.57
1734100915, 100, 40, 78, 0, 0, 0.06%, 9, 0, 7, 258.85
1734100920, 100, 49, 78, 0, 0, 0.06%, 9, 0, 7, 246.64
1734100925, 100, 60, 78, 0, 0, 0.06%, 9, 0, 7, 251.36
1734100930, 100, 61, 78, 0, 0, 0.06%, 9, 0, 7, 280.10
1734100945, 101, 11, 78, 0, 0, 0.06%, 9, 0, 7, 248.02
1734100950, 101, 13, 78, 0, 0, 0.06%, 9, 0, 7, 255.62
1734100955, 101, 16, 78, 0, 0, 0.06%, 9, 0, 7, 266.11
1734100960, 101, 22, 78, 0, 0, 0.06%, 9, 0, 7, 246.74
1734100965, 101, 40, 78, 0, 0, 0.06%, 9, 0, 7, 243.53
1734100970, 101, 44, 78, 0, 0, 0.06%, 9, 0, 7, 281.16
1734100975, 101, 48, 78, 0, 0, 0.06%, 9, 0, 7, 289.29
1734100980, 101, 49, 78, 0, 0, 0.06%, 9, 0, 7, 262.78
1734100985, 101, 50, 78, 0, 0, 0.06%, 9, 0, 7, 248.13
1734100991, 101, 58, 78, 0, 0, 0.06%, 9, 0, 7, 262.72
1734100996, 101, 74, 78, 0, 0, 0.06%, 9, 0, 7, 293.61
1734101001, 102, 5, 78, 0, 0, 0.06%, 9, 0, 7, 282.57
1734101006, 102, 11, 78, 0, 0, 0.06%, 9, 0, 7, 260.73
1734101011, 102, 13, 78, 0, 0, 0.06%, 9, 0, 7, 251.21
1734101016, 102, 16, 78, 0, 0, 0.06%, 9, 0, 7, 248.53
1734101021, 102, 22, 78, 0, 0, 0.06%, 9, 0, 7, 252.63
1734101026, 102, 38, 78, 0, 0, 0.06%, 9, 0, 7, 264.57
1734101031, 102, 40, 78, 0, 0, 0.06%, 9, 0, 7, 247.51
1734101036, 102, 49, 78, 0, 0, 0.06%, 9, 0, 7, 249.35
1734101041, 103, 10, 78, 0, 0, 0.06%, 9, 0, 7, 241.41
1734101046, 103, 12, 78, 0, 0, 0.06%, 9, 0, 7, 256.58
1734101051, 103, 14, 78, 0, 0, 0.06%, 9, 0, 7, 251.52
1734101056, 103, 16, 78, 0, 0, 0.06%, 9, 0, 7, 242.43
1734101061, 103, 19, 78, 0, 0, 0.06%, 9, 0, 7, 254.09
1734101067, 103, 22, 78, 0, 0, 0.06%, 9, 0, 7, 263.95
1734101072, 103, 40, 78, 0, 0, 0.06%, 9, 0, 7, 255.40
1734101077, 103, 41, 78, 0, 0, 0.06%, 9, 0, 7, 268.02
1734101082, 103, 49, 78, 0, 0, 0.06%, 9, 0, 7, 246.96
1734101087, 104, 10, 78, 0, 0, 0.06%, 9, 0, 7, 247.10
1734101092, 104, 12, 78, 0, 0, 0.06%, 9, 0, 7, 249.32
1734101097, 104, 14, 78, 0, 0, 0.06%, 9, 0, 7, 261.24
1734101102, 104, 17, 78, 0, 0, 0.06%, 9, 0, 7, 254.07
1734101107, 104, 22, 78, 0, 0, 0.06%, 9, 0, 7, 243.76
1734101112, 104, 37, 78, 0, 0, 0.06%, 9, 0, 7, 262.92
1734101117, 104, 40, 78, 0, 0, 0.06%, 9, 0, 7, 250.17
1734101122, 104, 49, 78, 0, 0, 0.06%, 9, 0, 7, 249.21
1734101127, 104, 76, 78, 0, 0, 0.06%, 9, 0, 7, 262.10
1734101137, 105, 10, 78, 0, 0, 0.06%, 9, 0, 7, 266.03
1734101142, 105, 12, 78, 0, 0, 0.06%, 9, 0, 7, 252.71
1734101147, 105, 14, 78, 0, 0, 0.06%, 9, 0, 7, 251.47
1734101152, 105, 22, 78, 0, 0, 0.06%, 9, 0, 7, 245.23
1734101162, 105, 40, 78, 0, 0, 0.06%, 9, 0, 7, 260.39
1734101168, 105, 49, 78, 0, 0, 0.06%, 9, 0, 7, 263.23
1734101173, 105, 50, 78, 0, 0, 0.06%, 9, 0, 7, 261.17
1734101178, 105, 62, 78, 0, 0, 0.06%, 9, 0, 7, 258.60
1734101183, 105, 69, 78, 0, 0, 0.06%, 9, 0, 7, 290.42
1734101188, 106, 10, 78, 0, 0, 0.06%, 9, 0, 7, 261.15
1734101193, 106, 12, 78, 0, 0, 0.06%, 9, 0, 7, 255.14
1734101198, 106, 14, 78, 0, 0, 0.06%, 9, 0, 7, 248.21
1734101203, 106, 22, 78, 0, 0, 0.06%, 9, 0, 7, 253.33
1734101213, 106, 40, 78, 0, 0, 0.06%, 9, 0, 7, 263.72
1734101218, 106, 49, 78, 0, 0, 0.06%, 9, 0, 7, 253.13
1734101223, 106, 68, 78, 0, 0, 0.06%, 9, 0, 7, 276.26
1734101228, 107, 11, 78, 0, 0, 0.06%, 9, 0, 7, 254.00
1734101234, 107, 12, 78, 0, 0, 0.06%, 9, 0, 7, 254.38
1734101239, 107, 14, 78, 0, 0, 0.06%, 9, 0, 7, 253.70
1734101244, 107, 17, 78, 0, 0, 0.06%, 9, 0, 7, 250.49
1734101249, 107, 21, 78, 0, 0, 0.06%, 9, 0, 7, 253.90
1734101254, 107, 22, 78, 0, 0, 0.06%, 9, 0, 7, 260.73
1734101259, 107, 25, 78, 0, 0, 0.06%, 9, 0, 7, 272.27
1734101264, 107, 33, 78, 0, 0, 0.06%, 9, 0, 7, 251.71
1734101269, 107, 38, 78, 0, 0, 0.06%, 9, 0, 7, 257.75
1734101274, 107, 40, 78, 0, 0, 0.06%, 9, 0, 7, 253.29
1734101284, 107, 47, 78, 0, 0, 0.06%, 9, 0, 7, 258.80
1734101289, 107, 49, 78, 0, 0, 0.06%, 9, 0, 7, 254.20
1734101295, 108, 11, 78, 0, 0, 0.06%, 9, 0, 7, 252.28
1734101300, 108, 13, 78, 0, 0, 0.06%, 9, 0, 7, 252.70
1734101305, 108, 14, 78, 0, 0, 0.06%, 9, 0, 7, 243.20
1734101310, 108, 20, 78, 0, 0, 0.06%, 9, 0, 7, 255.79
1734101315, 108, 22, 78, 0, 0, 0.06%, 9, 0, 7, 250.61
1734101320, 108, 40, 78, 0, 0, 0.06%, 9, 0, 7, 251.43
1734101325, 108, 43, 78, 0, 0, 0.06%, 9, 0, 7, 255.96
1734101335, 108, 49, 78, 0, 0, 0.06%, 9, 0, 7, 246.72
1734101340, 108, 53, 78, 0, 0, 0.06%, 9, 0, 7, 273.49
1734101346, 108, 57, 78, 0, 0, 0.06%, 9, 0, 7, 262.01
1734101351, 108, 64, 78, 0, 0, 0.06%, 9, 0, 7, 264.10
1734101356, 109, 10, 78, 0, 0, 0.06%, 9, 0, 7, 250.65
1734101361, 109, 12, 78, 0, 0, 0.06%, 9, 0, 7, 242.08
1734101366, 109, 14, 78, 0, 0, 0.06%, 9, 0, 7, 246.60
1734101371, 109, 16, 78, 0, 0, 0.06%, 9, 0, 7, 250.53
1734101376, 109, 22, 78, 0, 0, 0.06%, 9, 0, 7, 246.90
1734101381, 109, 24, 78, 0, 0, 0.06%, 9, 0, 7, 255.25
1734101386, 109, 30, 78, 0, 0, 0.06%, 9, 0, 7, 257.24
1734101391, 109, 40, 78, 0, 0, 0.06%, 9, 0, 7, 263.81
1734101396, 109, 43, 78, 0, 0, 0.06%, 9, 0, 7, 256.24
1734101401, 109, 44, 78, 0, 0, 0.06%, 9, 0, 7, 275.78
1734101406, 109, 45, 78, 0, 0, 0.06%, 9, 0, 7, 279.80
1734101412, 109, 49, 78, 0, 0, 0.06%, 9, 0, 7, 254.90
1734101417, 109, 67, 78, 0, 0, 0.06%, 9, 0, 7, 268.09
1734101422, 109, 71, 78, 0, 0, 0.06%, 9, 0, 7, 262.61
1734101432, 110, 10, 78, 0, 0, 0.06%, 9, 0, 7, 255.95
1734101437, 110, 11, 78, 0, 0, 0.06%, 9, 0, 7, 245.41
1734101442, 110, 13, 78, 0, 0, 0.06%, 9, 0, 7, 257.37
1734101447, 110, 16, 78, 0, 0, 0.06%, 9, 0, 7, 257.96
1734101452, 110, 22, 78, 0, 0, 0.06%, 9, 0, 7, 258.01
1734101457, 110, 23, 78, 0, 0, 0.06%, 9, 0, 7, 259.19
1734101462, 110, 40, 78, 0, 0, 0.06%, 9, 0, 7, 256.45
1734101467, 110, 49, 78, 0, 0, 0.06%, 9, 0, 7, 247.31
1734101472, 110, 67, 78, 0, 0, 0.06%, 9, 0, 7, 260.26
1734101477, 111, 9, 78, 0, 0, 0.06%, 9, 0, 7, 262.84
1734101482, 111, 11, 78, 0, 0, 0.06%, 9, 0, 7, 246.50
1734101487, 111, 13, 78, 0, 0, 0.06%, 9, 0, 7, 247.01
1734101492, 111, 16, 78, 0, 0, 0.06%, 9, 0, 7, 252.62
1734101497, 111, 22, 78, 0, 0, 0.06%, 9, 0, 7, 252.30
1734101503, 111, 34, 78, 0, 0, 0.06%, 9, 0, 7, 270.10
1734101508, 111, 40, 78, 0, 0, 0.06%, 9, 0, 7, 250.40
1734101513, 111, 49, 78, 0, 0, 0.06%, 9, 0, 7, 255.71
1734101518, 111, 59, 78, 0, 0, 0.06%, 9, 0, 7, 258.30
1734101523, 111, 77, 78, 0, 0, 0.06%, 9, 0, 7, 268.84
1734101538, 112, 11, 78, 0, 0, 0.06%, 9, 0, 7, 249.94
1734101543, 112, 13, 78, 0, 0, 0.06%, 9, 0, 7, 245.30
1734101549, 112, 14, 78, 0, 0, 0.06%, 9, 0, 7, 250.63
1734101554, 112, 22, 78, 0, 0, 0.06%, 9, 0, 7, 251.47
1734101559, 112, 40, 78, 0, 0, 0.06%, 9, 0, 7, 251.10
1734101564, 112, 49, 78, 0, 0, 0.06%, 9, 0, 7, 241.09
1734101569, 112, 70, 78, 0, 0, 0.06%, 9, 0, 7, 261.95
1734101574, 112, 75, 78, 0, 0, 0.06%, 9, 0, 7, 267.01
1734101579, 113, 5, 78, 0, 0, 0.06%, 9, 0, 7, 257.44
1734101584, 113, 11, 78, 0, 0, 0.06%, 9, 0, 7, 251.61
1734101589, 113, 13, 78, 0, 0, 0.06%, 9, 0, 7, 245.99
1734101594, 113, 14, 78, 0, 0, 0.06%, 9, 0, 7, 253.95
1734101600, 113, 22, 78, 0, 0, 0.06%, 9, 0, 7, 248.43
1734101605, 113, 40, 78, 0, 0, 0.06%, 9, 0, 7, 249.25
1734101610, 113, 49, 78, 0, 0, 0.06%, 9, 0, 7, 262.23
1734101615, 113, 65, 78, 0, 0, 0.06%, 9, 0, 7, 277.36
1734101630, 114, 11, 78, 0, 0, 0.06%, 9, 0, 7, 264.51
1734101635, 114, 13, 78, 0, 0, 0.06%, 9, 0, 7, 260.27
1734101640, 114, 16, 78, 0, 0, 0.06%, 9, 0, 7, 255.12
1734101645, 114, 22, 78, 0, 0, 0.06%, 9, 0, 7, 238.64
1734101650, 114, 40, 78, 0, 0, 0.06%, 9, 0, 7, 250.36
1734101656, 114, 46, 78, 0, 0, 0.06%, 9, 0, 7, 284.47
1734101661, 114, 49, 78, 0, 0, 0.06%, 9, 0, 7, 252.43
1734101666, 114, 58, 78, 0, 0, 0.06%, 9, 0, 7, 269.77
1734101676, 115, 11, 78, 0, 0, 0.06%, 9, 0, 7, 254.17
1734101681, 115, 13, 78, 0, 0, 0.06%, 9, 0, 7, 247.86
1734101686, 115, 16, 78, 0, 0, 0.06%, 9, 0, 7, 250.03
1734101691, 115, 22, 78, 0, 0, 0.06%, 9, 0, 7, 263.05
1734101696, 115, 40, 78, 0, 0, 0.06%, 9, 0, 7, 250.65
1734101701, 115, 49, 78, 0, 0, 0.06%, 9, 0, 7, 253.74
1734101706, 115, 50, 78, 0, 0, 0.06%, 9, 0, 7, 252.72
1734101711, 115, 53, 78, 0, 0, 0.06%, 9, 0, 7, 280.12
1734101716, 115, 72, 78, 0, 0, 0.06%, 9, 0, 7, 293.86
1734101726, 116, 10, 78, 0, 0, 0.06%, 9, 0, 7, 268.23
1734101731, 116, 12, 78, 0, 0, 0.06%, 9, 0, 7, 253.35
1734101736, 116, 14, 78, 0, 0, 0.06%, 9, 0, 7, 255.64
1734101741, 116, 16, 78, 0, 0, 0.06%, 9, 0, 7, 253.80
1734101746, 116, 22, 78, 0, 0, 0.06%, 9, 0, 7, 269.95
1734101752, 116, 40, 78, 0, 0, 0.06%, 9, 0, 7, 254.44
1734101757, 116, 49, 78, 0, 0, 0.06%, 9, 0, 7, 252.62
1734101762, 116, 59, 78, 0, 0, 0.06%, 9, 0, 7, 270.48
1734101767, 116, 63, 78, 0, 0, 0.06%, 9, 0, 7, 284.75
1734101772, 116, 76, 78, 0, 0, 0.06%, 9, 0, 7, 274.76
1734101777, 117, 10, 78, 0, 0, 0.06%, 9, 0, 7, 257.21
1734101782, 117, 12, 78, 0, 0, 0.06%, 9, 0, 7, 249.04
1734101787, 117, 14, 78, 0, 0, 0.06%, 9, 0, 7, 246.23
1734101792, 117, 22, 78, 0, 0, 0.06%, 9, 0, 7, 252.83
1734101797, 117, 40, 78, 0, 0, 0.06%, 9, 0, 7, 254.81
1734101807, 117, 49, 78, 0, 0, 0.06%, 9, 0, 7, 250.43
1734101812, 117, 52, 78, 0, 0, 0.06%, 9, 0, 7, 278.53
1734101818, 118, 11, 78, 0, 0, 0.06%, 9, 0, 7, 270.15
1734101823, 118, 13, 78, 0, 0, 0.06%, 9, 0, 7, 256.05
1734101828, 118, 14, 78, 0, 0, 0.06%, 9, 0, 7, 257.31
1734101833, 118, 22, 78, 0, 0, 0.06%, 9, 0, 7, 255.97
1734101838, 118, 26, 78, 0, 0, 0.06%, 9, 0, 7, 265.36
1734101843, 118, 40, 78, 0, 0, 0.06%, 9, 0, 7, 249.52
1734101848, 118, 49, 78, 0, 0, 0.06%, 9, 0, 7, 257.54
1734101858, 118, 61, 78, 0, 0, 0.06%, 9, 0, 7, 239.02
1734101863, 119, 10, 78, 0, 0, 0.06%, 9, 0, 7, 258.27
1734101868, 119, 12, 78, 0, 0, 0.06%, 9, 0, 7, 257.63
1734101873, 119, 14, 78, 0, 0, 0.06%, 9, 0, 7, 246.13
1734101879, 119, 22, 78, 0, 0, 0.06%, 9, 0, 7, 254.08
1734101884, 119, 40, 78, 0, 0, 0.06%, 9, 0, 7, 255.00
1734101889, 119, 49, 78, 0, 0, 0.06%, 9, 0, 7, 250.13
1734101899, 119, 57, 78, 0, 0, 0.06%, 9, 0, 7, 270.59
1734101904, 119, 71, 78, 0, 0, 0.06%, 9, 0, 7, 272.42
1734101909, 119, 73, 78, 0, 0, 0.06%, 9, 0, 7, 290.01
1734101914, 119, 74, 78, 0, 0, 0.06%, 9, 0, 7, 279.66
1734101919, 120, 10, 78, 0, 0, 0.06%, 9, 0, 7, 262.27
1734101924, 120, 12, 78, 0, 0, 0.06%, 9, 0, 7, 256.53
1734101929, 120, 14, 78, 0, 0, 0.06%, 9, 0, 7, 250.61
1734101934, 120, 22, 78, 0, 0, 0.06%, 9, 0, 7, 257.00
1734101944, 120, 40, 78, 0, 0, 0.06%, 9, 0, 7, 250.34
1734101949, 120, 44, 78, 0, 0, 0.06%, 9, 0, 7, 267.43
1734101955, 120, 49, 78, 0, 0, 0.06%, 9, 0, 7, 235.22
1734101960, 120, 65, 78, 0, 0, 0.06%, 9, 0, 7, 251.90
1734101970, 121, 10, 78, 0, 0, 0.06%, 9, 0, 7, 259.18
1734101975, 121, 12, 78, 0, 0, 0.06%, 9, 0, 7, 251.73
1734101980, 121, 14, 78, 0, 0, 0.06%, 9, 0, 7, 253.05
1734101985, 121, 22, 78, 0, 0, 0.06%, 9, 0, 7, 253.11
1734101995, 121, 24, 78, 0, 0, 0.06%, 9, 0, 7, 263.96
1734102000, 121, 34, 78, 0, 0, 0.06%, 9, 0, 7, 251.16
1734102006, 121, 40, 78, 0, 0, 0.06%, 9, 0, 7, 251.93
1734102011, 121, 49, 78, 0, 0, 0.06%, 9, 0, 7, 237.40
1734102016, 121, 60, 78, 0, 0, 0.06%, 9, 0, 7, 279.08
1734102021, 121, 64, 78, 0, 0, 0.06%, 9, 0, 7, 273.78
1734102026, 121, 74, 78, 0, 0, 0.06%, 9, 0, 7, 289.06
1734102031, 121, 77, 78, 0, 0, 0.06%, 9, 0, 7, 277.42
1734102036, 122, 6, 78, 0, 0, 0.06%, 9, 0, 7, 246.64
1734102041, 122, 11, 78, 0, 0, 0.06%, 9, 0, 7, 241.06
1734102046, 122, 13, 78, 0, 0, 0.06%, 9, 0, 7, 250.11
1734102051, 122, 16, 78, 0, 0, 0.06%, 9, 0, 7, 254.63
1734102056, 122, 22, 78, 0, 0, 0.06%, 9, 0, 7, 243.76
1734102061, 122, 28, 78, 0, 0, 0.06%, 9, 0, 7, 263.36
1734102066, 122, 40, 78, 0, 0, 0.06%, 9, 0, 7, 260.59
1734102071, 122, 46, 78, 0, 0, 0.06%, 9, 0, 7, 279.45
1734102076, 122, 49, 78, 0, 0, 0.06%, 9, 0, 7, 251.57
1734102081, 122, 68, 78, 0, 0, 0.06%, 9, 0, 7, 261.56
1734102086, 122, 73, 78, 0, 0, 0.06%, 9, 0, 7, 281.87
1734102091, 123, 10, 78, 0, 0, 0.06%, 9, 0, 7, 273.57
1734102097, 123, 11, 78, 0, 0, 0.06%, 9, 0, 7, 264.49
1734102102, 123, 13, 78, 0, 0, 0.06%, 9, 0, 7, 244.86
1734102107, 123, 16, 78, 0, 0, 0.06%, 9, 0, 7, 253.36
1734102112, 123, 22, 78, 0, 0, 0.06%, 9, 0, 7, 251.82
1734102117, 123, 40, 78, 0, 0, 0.06%, 9, 0, 7, 243.85
1734102122, 123, 49, 78, 0, 0, 0.06%, 9, 0, 7, 247.00
1734102127, 123, 75, 78, 0, 0, 0.06%, 9, 0, 7, 270.14
1734102132, 124, 10, 78, 0, 0, 0.06%, 9, 0, 7, 259.76
1734102137, 124, 12, 78, 0, 0, 0.06%, 9, 0, 7, 248.52
1734102142, 124, 14, 78, 0, 0, 0.06%, 9, 0, 7, 247.20
1734102147, 124, 21, 78, 0, 0, 0.06%, 9, 0, 7, 243.55
1734102152, 124, 22, 78, 0, 0, 0.06%, 9, 0, 7, 257.05
1734102162, 124, 40, 78, 0, 0, 0.06%, 9, 0, 7, 266.50
1734102167, 124, 49, 78, 0, 0, 0.06%, 9, 0, 7, 252.59
1734102173, 124, 71, 78, 0, 0, 0.06%, 9, 0, 7, 266.30
1734102178, 125, 11, 78, 0, 0, 0.06%, 9, 0, 7, 266.03
1734102183, 125, 13, 78, 0, 0, 0.06%, 9, 0, 7, 263.90
1734102188, 125, 14, 78, 0, 0, 0.06%, 9, 0, 7, 264.50
1734102193, 125, 22, 78, 0, 0, 0.06%, 9, 0, 7, 250.34
1734102198, 125, 39, 78, 0, 0, 0.06%, 9, 0, 7, 264.42
1734102203, 125, 40, 78, 0, 0, 0.06%, 9, 0, 7, 258.45
1734102208, 125, 49, 78, 0, 0, 0.06%, 9, 0, 7, 259.75
1734102218, 125, 65, 78, 0, 0, 0.06%, 9, 0, 7, 261.31
1734102223, 125, 75, 78, 0, 0, 0.06%, 9, 0, 7, 263.85
1734102228, 125, 77, 78, 0, 0, 0.06%, 9, 0, 7, 246.59
1734102233, 126, 11, 78, 0, 0, 0.06%, 9, 0, 7, 244.17
1734102238, 126, 12, 78, 0, 0, 0.06%, 9, 0, 7, 245.00
1734102243, 126, 14, 78, 0, 0, 0.06%, 9, 0, 7, 245.64
1734102248, 126, 22, 78, 0, 0, 0.06%, 9, 0, 7, 251.32
1734102254, 126, 28, 78, 0, 0, 0.06%, 9, 0, 7, 270.41
1734102259, 126, 40, 78, 0, 0, 0.06%, 9, 0, 7, 266.91
1734102264, 126, 49, 78, 0, 0, 0.06%, 9, 0, 7, 249.54
1734102274, 126, 57, 78, 0, 0, 0.06%, 9, 0, 7, 244.66
1734102279, 127, 11, 78, 0, 0, 0.06%, 9, 0, 7, 245.97
1734102284, 127, 13, 78, 0, 0, 0.06%, 9, 0, 7, 249.87
1734102289, 127, 16, 78, 0, 0, 0.06%, 9, 0, 7, 258.40
1734102294, 127, 22, 78, 0, 0, 0.06%, 9, 0, 7, 251.02
1734102299, 127, 40, 78, 0, 0, 0.06%, 9, 0, 7, 260.83
1734102304, 127, 42, 78, 0, 0, 0.06%, 9, 0, 7, 272.43
1734102309, 127, 49, 78, 0, 0, 0.06%, 9, 0, 7, 257.90
1734102314, 127, 61, 78, 0, 0, 0.06%, 9, 0, 7, 260.50
1734102319, 127, 63, 78, 0, 0, 0.06%, 9, 0, 7, 277.34
1734102324, 127, 73, 78, 0, 0, 0.06%, 9, 0, 7, 288.25
1734102329, 128, 10, 78, 0, 0, 0.06%, 9, 0, 7, 287.09
1734102335, 128, 12, 78, 0, 0, 0.06%, 9, 0, 7, 266.72
1734102340, 128, 13, 78, 0, 0, 0.06%, 9, 0, 7, 264.35
1734102345, 128, 16, 78, 0, 0, 0.06%, 9, 0, 7, 263.89
1734102350, 128, 22, 78, 0, 0, 0.06%, 9, 0, 7, 255.52
1734102355, 128, 34, 78, 0, 0, 0.06%, 9, 0, 7, 277.67
1734102360, 128, 40, 78, 0, 0, 0.06%, 9, 0, 7, 256.18
1734102365, 128, 49, 78, 0, 0, 0.06%, 9, 0, 7, 249.55
1734102370, 129, 10, 78, 0, 0, 0.06%, 9, 0, 7, 248.08
1734102375, 129, 12, 78, 0, 0, 0.06%, 9, 0, 7, 259.66
1734102380, 129, 14, 78, 0, 0, 0.06%, 9, 0, 7, 255.42
1734102385, 129, 22, 78, 0, 0, 0.06%, 9, 0, 7, 250.33
1734102395, 129, 34, 78, 0, 0, 0.06%, 9, 0, 7, 246.04
1734102400, 129, 40, 78, 0, 0, 0.06%, 9, 0, 7, 255.01
1734102405, 129, 49, 78, 0, 0, 0.06%, 9, 0, 7, 256.95
1734102410, 130, 10, 78, 0, 0, 0.06%, 9, 0, 7, 259.24
1734102416, 130, 12, 78, 0, 0, 0.06%, 9, 0, 7, 253.16
1734102421, 130, 14, 78, 0, 0, 0.06%, 9, 0, 7, 261.08
1734102426, 130, 22, 78, 0, 0, 0.06%, 9, 0, 7, 248.69
1734102431, 130, 40, 78, 0, 0, 0.06%, 9, 0, 7, 253.63
1734102436, 130, 49, 78, 0, 0, 0.06%, 9, 0, 7, 247.11
1734102441, 130, 74, 78, 0, 0, 0.06%, 9, 0, 7, 264.60
1734102446, 131, 1, 78, 0, 0, 0.06%, 9, 0, 7, 282.57
1734102451, 131, 11, 78, 0, 0, 0.06%, 9, 0, 7, 256.54
1734102456, 131, 13, 78, 0, 0, 0.06%, 9, 0, 7, 253.53
1734102461, 131, 16, 78, 0, 0, 0.06%, 9, 0, 7, 254.42
1734102466, 131, 22, 78, 0, 0, 0.06%, 9, 0, 7, 242.82
1734102477, 131, 40, 78, 0, 0, 0.06%, 9, 0, 7, 249.10
1734102482, 131, 47, 78, 0, 0, 0.06%, 9, 0, 7, 280.54
1734102487, 131, 49, 78, 0, 0, 0.06%, 9, 0, 7, 262.37
1734102492, 132, 11, 78, 0, 0, 0.06%, 9, 0, 7, 258.87
1734102497, 132, 13, 78, 0, 0, 0.06%, 9, 0, 7, 249.17
1734102502, 132, 16, 78, 0, 0, 0.06%, 9, 0, 7, 257.00
1734102507, 132, 22, 78, 0, 0, 0.06%, 9, 0, 7, 255.06
1734102512, 132, 25, 78, 0, 0, 0.06%, 9, 0, 7, 256.90
1734102517, 132, 29, 78, 0, 0, 0.06%, 9, 0, 7, 249.05
1734102522, 132, 36, 78, 0, 0, 0.06%, 9, 0, 7, 263.86
1734102527, 132, 40, 78, 0, 0, 0.06%, 9, 0, 7, 267.89
1734102537, 132, 49, 78, 0, 0, 0.06%, 9, 0, 7, 259.71
1734102543, 133, 11, 78, 0, 0, 0.06%, 9, 0, 7, 253.65
1734102548, 133, 13, 78, 0, 0, 0.06%, 9, 0, 7, 242.53
1734102553, 133, 15, 78, 0, 0, 0.06%, 9, 0, 7, 259.34
1734102558, 133, 20, 78, 0, 0, 0.06%, 9, 0, 7, 260.04
1734102568, 133, 22, 78, 0, 0, 0.06%, 9, 0, 7, 250.63
1734102573, 133, 29, 78, 0, 0, 0.06%, 9, 0, 7, 257.31
1734102578, 133, 40, 78, 0, 0, 0.06%, 9, 0, 7, 246.62
1734102584, 133, 44, 78, 0, 0, 0.06%, 9, 0, 7, 273.13
1734102589, 133, 47, 78, 0, 0, 0.06%, 9, 0, 7, 286.57
1734102594, 133, 49, 78, 0, 0, 0.06%, 9, 0, 7, 258.74
1734102599, 134, 10, 78, 0, 0, 0.06%, 9, 0, 7, 258.81
1734102604, 134, 12, 78, 0, 0, 0.06%, 9, 0, 7, 243.84
1734102609, 134, 14, 78, 0, 0, 0.06%, 9, 0, 7, 248.75
1734102614, 134, 22, 78, 0, 0, 0.06%, 9, 0, 7, 258.28
1734102619, 134, 26, 78, 0, 0, 0.06%, 9, 0, 7, 284.34
1734102629, 134, 29, 78, 0, 0, 0.06%, 9, 0, 7, 266.46
1734102640, 134, 36, 78, 0, 0, 0.06%, 9, 0, 7, 257.38
1734102645, 134, 40, 78, 0, 0, 0.06%, 9, 0, 7, 245.06
1734102650, 134, 49, 78, 0, 0, 0.06%, 9, 0, 7, 255.46
1734102655, 134, 50, 78, 0, 0, 0.06%, 9, 0, 7, 261.75
1734102660, 134, 54, 78, 0, 0, 0.06%, 9, 0, 7, 269.33
1734102665, 134, 66, 78, 0, 0, 0.06%, 9, 0, 7, 265.06
1734102670, 134, 75, 78, 0, 0, 0.06%, 9, 0, 7, 286.19
1734102675, 135, 2, 78, 0, 0, 0.06%, 9, 0, 7, 252.60
1734102680, 135, 11, 78, 0, 0, 0.06%, 9, 0, 7, 249.75
1734102685, 135, 13, 78, 0, 0, 0.06%, 9, 0, 7, 245.14
1734102690, 135, 16, 78, 0, 0, 0.06%, 9, 0, 7, 247.52
1734102695, 135, 19, 78, 0, 0, 0.06%, 9, 0, 7, 252.99
1734102700, 135, 20, 78, 0, 0, 0.06%, 9, 0, 7, 261.12
1734102705, 135, 22, 78, 0, 0, 0.06%, 9, 0, 7, 248.08
1734102710, 135, 25, 78, 0, 0, 0.06%, 9, 0, 7, 254.40
1734102716, 135, 32, 78, 0, 0, 0.06%, 9, 0, 7, 257.56
1734102721, 135, 40, 78, 0, 0, 0.06%, 9, 0, 7, 253.73
1734102726, 135, 49, 78, 0, 0, 0.06%, 9, 0, 7, 246.94
1734102731, 136, 10, 78, 0, 0, 0.06%, 9, 0, 7, 241.32
1734102736, 136, 11, 78, 0, 0, 0.06%, 9, 0, 7, 242.24
1734102741, 136, 13, 78, 0, 0, 0.06%, 9, 0, 7, 247.13
1734102746, 136, 16, 78, 0, 0, 0.06%, 9, 0, 7, 249.10
1734102751, 136, 20, 78, 0, 0, 0.06%, 9, 0, 7, 241.46
1734102756, 136, 22, 78, 0, 0, 0.06%, 9, 0, 7, 256.37
1734102761, 136, 40, 78, 0, 0, 0.06%, 9, 0, 7, 253.59
1734102771, 136, 49, 78, 0, 0, 0.06%, 9, 0, 7, 257.11
1734102776, 137, 11, 78, 0, 0, 0.06%, 9, 0, 7, 263.58
1734102781, 137, 12, 78, 0, 0, 0.06%, 9, 0, 7, 246.95
1734102786, 137, 14, 78, 0, 0, 0.06%, 9, 0, 7, 264.17
1734102792, 137, 22, 78, 0, 0, 0.06%, 9, 0, 7, 251.67
1734102797, 137, 40, 78, 0, 0, 0.06%, 9, 0, 7, 258.94
1734102807, 137, 49, 78, 0, 0, 0.06%, 9, 0, 7, 255.43
1734102812, 137, 69, 78, 0, 0, 0.06%, 9, 0, 7, 281.31
1734102817, 138, 10, 78, 0, 0, 0.06%, 9, 0, 7, 262.41
1734102822, 138, 12, 78, 0, 0, 0.06%, 9, 0, 7, 252.49
1734102827, 138, 14, 78, 0, 0, 0.06%, 9, 0, 7, 250.48
1734102832, 138, 22, 78, 0, 0, 0.06%, 9, 0, 7, 245.17
1734102838, 138, 31, 78, 0, 0, 0.06%, 9, 0, 7, 263.85
1734102848, 138, 40, 78, 0, 0, 0.06%, 9, 0, 7, 266.52
1734102853, 138, 49, 78, 0, 0, 0.06%, 9, 0, 7, 257.23
1734102858, 138, 77, 78, 0, 0, 0.06%, 9, 0, 7, 248.45
1734102863, 139, 10, 78, 0, 0, 0.06%, 9, 0, 7, 249.51
1734102868, 139, 11, 78, 0, 0, 0.06%, 9, 0, 7, 254.75
1734102873, 139, 13, 78, 0, 0, 0.06%, 9, 0, 7, 253.60
1734102878, 139, 16, 78, 0, 0, 0.06%, 9, 0, 7, 252.41
1734102883, 139, 20, 78, 0, 0, 0.06%, 9, 0, 7, 251.77
1734102888, 139, 22, 78, 0, 0, 0.06%, 9, 0, 7, 247.33
1734102893, 139, 28, 78, 0, 0, 0.06%, 9, 0, 7, 253.21
1734102899, 139, 30, 78, 0, 0, 0.06%, 9, 0, 7, 252.38
1734102904, 139, 40, 78, 0, 0, 0.06%, 9, 0, 7, 249.57
1734102909, 139, 41, 78, 0, 0, 0.06%, 9, 0, 7, 270.95
1734102914, 139, 49, 78, 0, 0, 0.06%, 9, 0, 7, 272.94
1734102919, 140, 0, 78, 0, 0, 0.06%, 9, 0, 7, 269.43
1734102924, 140, 11, 78, 0, 0, 0.06%, 9, 0, 7, 253.61
1734102929, 140, 13, 78, 0, 0, 0.06%, 9, 0, 7, 252.99
1734102934, 140, 14, 78, 0, 0, 0.06%, 9, 0, 7, 251.32
1734102939, 140, 22, 78, 0, 0, 0.06%, 9, 0, 7, 240.84
1734102944, 140, 40, 78, 0, 0, 0.06%, 9, 0, 7, 250.01
1734102949, 140, 47, 78, 0, 0, 0.06%, 9, 0, 7, 265.44
1734102954, 140, 49, 78, 0, 0, 0.06%, 9, 0, 7, 258.76
1734102959, 141, 4, 78, 0, 0, 0.06%, 9, 0, 7, 265.10
1734102964, 141, 11, 78, 0, 0, 0.06%, 9, 0, 7, 256.19
1734102970, 141, 13, 78, 0, 0, 0.06%, 9, 0, 7, 245.76
1734102975, 141, 16, 78, 0, 0, 0.06%, 9, 0, 7, 266.05
1734102980, 141, 22, 78, 0, 0, 0.06%, 9, 0, 7, 261.46
1734102985, 141, 25, 78, 0, 0, 0.06%, 9, 0, 7, 269.34
1734102990, 141, 40, 78, 0, 0, 0.06%, 9, 0, 7, 238.98
1734102995, 141, 49, 78, 0, 0, 0.06%, 9, 0, 7, 250.23
1734103000, 141, 55, 78, 0, 0, 0.06%, 9, 0, 7, 256.27
1734103005, 141, 67, 78, 0, 0, 0.06%, 9, 0, 7, 273.22
1734103010, 142, 10, 78, 0, 0, 0.06%, 9, 0, 7, 268.53
1734103015, 142, 12, 78, 0, 0, 0.06%, 9, 0, 7, 258.85
1734103020, 142, 13, 78, 0, 0, 0.06%, 9, 0, 7, 251.65
1734103025, 142, 16, 78, 0, 0, 0.06%, 9, 0, 7, 258.70
1734103030, 142, 22, 78, 0, 0, 0.06%, 9, 0, 7, 250.77
1734103035, 142, 32, 78, 0, 0, 0.06%, 9, 0, 7, 265.80
1734103041, 142, 40, 78, 0, 0, 0.06%, 9, 0, 7, 242.58
1734103046, 142, 49, 78, 0, 0, 0.06%, 9, 0, 7, 251.16
1734103051, 142, 72, 78, 0, 0, 0.06%, 9, 0, 7, 288.55
1734103056, 143, 5, 78, 0, 0, 0.06%, 9, 0, 7, 259.61
1734103061, 143, 11, 78, 0, 0, 0.06%, 9, 0, 7, 254.11
1734103066, 143, 13, 78, 0, 0, 0.06%, 9, 0, 7, 257.62
1734103071, 143, 16, 78, 0, 0, 0.06%, 9, 0, 7, 256.39
1734103076, 143, 22, 78, 0, 0, 0.06%, 9, 0, 7, 266.73
1734103081, 143, 39, 78, 0, 0, 0.06%, 9, 0, 7, 263.33
1734103086, 143, 40, 78, 0, 0, 0.06%, 9, 0, 7, 249.09
1734103091, 143, 48, 78, 0, 0, 0.06%, 9, 0, 7, 302.00
1734103096, 143, 49, 78, 0, 0, 0.06%, 9, 0, 7, 258.79
1734103102, 144, 10, 78, 0, 0, 0.06%, 9, 0, 7, 255.65
1734103107, 144, 12, 78, 0, 0, 0.06%, 9, 0, 7, 250.01
1734103112, 144, 14, 78, 0, 0, 0.06%, 9, 0, 7, 244.39
1734103117, 144, 16, 78, 0, 0, 0.06%, 9, 0, 7, 254.27
1734103122, 144, 22, 78, 0, 0, 0.06%, 9, 0, 7, 268.40
1734103127, 144, 40, 78, 0, 0, 0.06%, 9, 0, 7, 248.08
1734103132, 144, 49, 78, 0, 0, 0.06%, 9, 0, 7, 255.73
1734103137, 145, 11, 78, 0, 0, 0.06%, 9, 0, 7, 268.12
1734103142, 145, 13, 78, 0, 0, 0.06%, 9, 0, 7, 265.68
1734103147, 145, 16, 78, 0, 0, 0.06%, 9, 0, 7, 257.10
1734103152, 145, 22, 78, 0, 0, 0.06%, 9, 0, 7, 244.27
1734103157, 145, 33, 78, 0, 0, 0.06%, 9, 0, 7, 250.72
1734103162, 145, 40, 78, 0, 0, 0.06%, 9, 0, 7, 255.18
1734103173, 145, 49, 78, 0, 0, 0.06%, 9, 0, 7, 251.34
1734103178, 145, 72, 78, 0, 0, 0.06%, 9, 0, 7, 280.31
1734103183, 146, 11, 78, 0, 0, 0.06%, 9, 0, 7, 253.86
1734103188, 146, 12, 78, 0, 0, 0.06%, 9, 0, 7, 256.66
1734103193, 146, 14, 78, 0, 0, 0.06%, 9, 0, 7, 266.16
1734103198, 146, 22, 78, 0, 0, 0.06%, 9, 0, 7, 252.53
1734103203, 146, 24, 78, 0, 0, 0.06%, 9, 0, 7, 254.50
1734103208, 146, 40, 78, 0, 0, 0.06%, 9, 0, 7, 253.61
1734103213, 146, 41, 78, 0, 0, 0.06%, 9, 0, 7, 266.75
1734103219, 146, 49, 78, 0, 0, 0.06%, 9, 0, 7, 278.18
1734103229, 146, 67, 78, 0, 0, 0.06%, 9, 0, 7, 254.61
1734103234, 147, 11, 78, 0, 0, 0.06%, 9, 0, 7, 243.20
1734103239, 147, 13, 78, 0, 0, 0.06%, 9, 0, 7, 235.27
1734103244, 147, 16, 78, 0, 0, 0.06%, 9, 0, 7, 244.36
1734103249, 147, 17, 78, 0, 0, 0.06%, 9, 0, 7, 245.01
1734103254, 147, 22, 78, 0, 0, 0.06%, 9, 0, 7, 260.19
1734103260, 147, 35, 78, 0, 0, 0.06%, 9, 0, 7, 258.06
1734103265, 147, 40, 78, 0, 0, 0.06%, 9, 0, 7, 261.32
1734103270, 147, 49, 78, 0, 0, 0.06%, 9, 0, 7, 244.53
1734103275, 148, 10, 78, 0, 0, 0.06%, 9, 0, 7, 240.15
1734103280, 148, 11, 78, 0, 0, 0.06%, 9, 0, 7, 255.60
1734103285, 148, 13, 78, 0, 0, 0.06%, 9, 0, 7, 254.11
1734103290, 148, 16, 78, 0, 0, 0.06%, 9, 0, 7, 252.75
1734103295, 148, 22, 78, 0, 0, 0.06%, 9, 0, 7, 247.16
1734103300, 148, 40, 78, 0, 0, 0.06%, 9, 0, 7, 245.83
1734103305, 148, 49, 78, 0, 0, 0.06%, 9, 0, 7, 246.10
1734103310, 148, 69, 78, 0, 0, 0.06%, 9, 0, 7, 261.25
1734103315, 148, 75, 78, 0, 0, 0.06%, 9, 0, 7, 286.67
1734103320, 148, 76, 78, 0, 0, 0.06%, 9, 0, 7, 275.33
1734103325, 149, 1, 78, 0, 0, 0.06%, 9, 0, 7, 257.09
1734103330, 149, 11, 78, 0, 0, 0.06%, 9, 0, 7, 250.73
1734103335, 149, 13, 78, 0, 0, 0.06%, 9, 0, 7, 246.22
1734103341, 149, 16, 78, 0, 0, 0.06%, 9, 0, 7, 258.09
1734103346, 149, 22, 78, 0, 0, 0.06%, 9, 0, 7, 249.30
1734103351, 149, 40, 78, 0, 0, 0.06%, 9, 0, 7, 250.49
1734103356, 149, 49, 78, 0, 0, 0.06%, 9, 0, 7, 254.83
1734103361, 149, 76, 78, 0, 0, 0.06%, 9, 0, 7, 247.35
1734103366, 150, 10, 78, 0, 0, 0.06%, 9, 0, 7, 252.46
1734103371, 150, 11, 78, 0, 0, 0.06%, 9, 0, 7, 258.58
1734103376, 150, 13, 78, 0, 0, 0.06%, 9, 0, 7, 252.43
1734103381, 150, 16, 78, 0, 0, 0.06%, 9, 0, 7, 248.57
1734103386, 150, 22, 78, 0, 0, 0.06%, 9, 0, 7, 249.30
1734103391, 150, 25, 78, 0, 0, 0.06%, 9, 0, 7, 270.39
1734103396, 150, 40, 78, 0, 0, 0.06%, 9, 0, 7, 259.64
1734103402, 150, 46, 78, 0, 0, 0.06%, 9, 0, 7, 276.12
1734103407, 150, 49, 78, 0, 0, 0.06%, 9, 0, 7, 262.79
1734103412, 150, 71, 78, 0, 0, 0.06%, 9, 0, 7, 289.72
1734103417, 151, 10, 78, 0, 0, 0.06%, 9, 0, 7, 248.10
1734103422, 151, 12, 78, 0, 0, 0.06%, 9, 0, 7, 249.98
1734103427, 151, 14, 78, 0, 0, 0.06%, 9, 0, 7, 239.49
1734103432, 151, 17, 78, 0, 0, 0.06%, 9, 0, 7, 248.06
1734103437, 151, 22, 78, 0, 0, 0.06%, 9, 0, 7, 244.34
1734103442, 151, 35, 78, 0, 0, 0.06%, 9, 0, 7, 245.90
1734103447, 151, 40, 78, 0, 0, 0.06%, 9, 0, 7, 254.85
1734103452, 151, 49, 78, 0, 0, 0.06%, 9, 0, 7, 246.13
1734103462, 151, 51, 78, 0, 0, 0.06%, 9, 0, 7, 251.67
1734103467, 152, 10, 78, 0, 0, 0.06%, 9, 0, 7, 253.81
1734103472, 152, 12, 78, 0, 0, 0.06%, 9, 0, 7, 251.74
1734103477, 152, 14, 78, 0, 0, 0.06%, 9, 0, 7, 246.82
1734103482, 152, 16, 78, 0, 0, 0.06%, 9, 0, 7, 236.40
1734103487, 152, 22, 78, 0, 0, 0.06%, 9, 0, 7, 260.26
1734103492, 152, 25, 78, 0, 0, 0.06%, 9, 0, 7, 278.04
1734103497, 152, 40, 78, 0, 0, 0.06%, 9, 0, 7, 266.50
1734103502, 152, 49, 78, 0, 0, 0.06%, 9, 0, 7, 257.96
1734103507, 153, 10, 78, 0, 0, 0.06%, 9, 0, 7, 260.13
1734103512, 153, 12, 78, 0, 0, 0.06%, 9, 0, 7, 266.03
1734103518, 153, 14, 78, 0, 0, 0.06%, 9, 0, 7, 257.23
1734103523, 153, 22, 78, 0, 0, 0.06%, 9, 0, 7, 244.25
1734103528, 153, 35, 78, 0, 0, 0.06%, 9, 0, 7, 260.68
1734103533, 153, 40, 78, 0, 0, 0.06%, 9, 0, 7, 252.57
1734103543, 153, 49, 78, 0, 0, 0.06%, 9, 0, 7, 243.97
1734103548, 154, 8, 78, 0, 0, 0.06%, 9, 0, 7, 241.69
1734103553, 154, 11, 78, 0, 0, 0.06%, 9, 0, 7, 244.46
1734103558, 154, 13, 78, 0, 0, 0.06%, 9, 0, 7, 245.59
1734103563, 154, 16, 78, 0, 0, 0.06%, 9, 0, 7, 253.80
1734103568, 154, 22, 78, 0, 0, 0.06%, 9, 0, 7, 259.28
1734103573, 154, 26, 78, 0, 0, 0.06%, 9, 0, 7, 257.69
1734103578, 154, 40, 78, 0, 0, 0.06%, 9, 0, 7, 254.28
1734103583, 154, 45, 78, 0, 0, 0.06%, 9, 0, 7, 263.63
1734103588, 154, 46, 78, 0, 0, 0.06%, 9, 0, 7, 267.72
1734103593, 154, 49, 78, 0, 0, 0.06%, 9, 0, 7, 262.76
1734103604, 154, 64, 78, 0, 0, 0.06%, 9, 0, 7, 263.73
1734103609, 154, 70, 78, 0, 0, 0.06%, 9, 0, 7, 265.38
1734103614, 155, 11, 78, 0, 0, 0.06%, 9, 0, 7, 244.39
1734103619, 155, 12, 78, 0, 0, 0.06%, 9, 0, 7, 263.88
1734103624, 155, 14, 78, 0, 0, 0.06%, 9, 0, 7, 252.18
1734103629, 155, 22, 78, 0, 0, 0.06%, 9, 0, 7, 250.39
1734103634, 155, 40, 78, 0, 0, 0.06%, 9, 0, 7, 252.35
1734103639, 155, 49, 78, 0, 0, 0.06%, 9, 0, 7, 251.50
1734103649, 156, 11, 78, 0, 0, 0.06%, 9, 0, 7, 252.61
1734103654, 156, 13, 78, 0, 0, 0.06%, 9, 0, 7, 250.54
1734103659, 156, 16, 78, 0, 0, 0.06%, 9, 0, 7, 258.36
1734103664, 156, 22, 78, 0, 0, 0.06%, 9, 0, 7, 242.91
1734103669, 156, 35, 78, 0, 0, 0.06%, 9, 0, 7, 253.64
1734103675, 156, 40, 78, 0, 0, 0.06%, 9, 0, 7, 249.56
1734103680, 156, 49, 78, 0, 0, 0.06%, 9, 0, 7, 246.80
1734103685, 157, 10, 78, 0, 0, 0.06%, 9, 0, 7, 242.38
1734103690, 157, 12, 78, 0, 0, 0.06%, 9, 0, 7, 245.80
1734103695, 157, 14, 78, 0, 0, 0.06%, 9, 0, 7, 255.06
1734103700, 157, 16, 78, 0, 0, 0.06%, 9, 0, 7, 252.84
1734103705, 157, 22, 78, 0, 0, 0.06%, 9, 0, 7, 258.95
1734103710, 157, 31, 78, 0, 0, 0.06%, 9, 0, 7, 277.56
1734103715, 157, 33, 78, 0, 0, 0.06%, 9, 0, 7, 271.32
1734103720, 157, 34, 78, 0, 0, 0.06%, 9, 0, 7, 247.37
1734103725, 157, 36, 78, 0, 0, 0.06%, 9, 0, 7, 254.54
1734103730, 157, 40, 78, 0, 0, 0.06%, 9, 0, 7, 249.30
1734103735, 157, 48, 78, 0, 0, 0.06%, 9, 0, 7, 288.09
1734103740, 157, 49, 78, 0, 0, 0.06%, 9, 0, 7, 255.19
1734103745, 158, 0, 78, 0, 0, 0.06%, 9, 0, 7, 243.94
1734103750, 158, 11, 78, 0, 0, 0.06%, 9, 0, 7, 249.42
1734103755, 158, 13, 78, 0, 0, 0.06%, 9, 0, 7, 237.88
1734103761, 158, 16, 78, 0, 0, 0.06%, 9, 0, 7, 250.87
1734103766, 158, 22, 78, 0, 0, 0.06%, 9, 0, 7, 246.49
1734103776, 158, 23, 78, 0, 0, 0.06%, 9, 0, 7, 243.81
1734103781, 158, 40, 78, 0, 0, 0.06%, 9, 0, 7, 258.47
1734103786, 158, 49, 78, 0, 0, 0.06%, 9, 0, 7, 263.13
1734103791, 158, 73, 78, 0, 0, 0.06%, 9, 0, 7, 280.86
1734103796, 159, 10, 78, 0, 0, 0.06%, 9, 0, 7, 257.29
1734103801, 159, 12, 78, 0, 0, 0.06%, 9, 0, 7, 257.97
1734103806, 159, 14, 78, 0, 0, 0.06%, 9, 0, 7, 249.24
1734103811, 159, 22, 78, 0, 0, 0.06%, 9, 0, 7, 257.44
1734103816, 159, 27, 78, 0, 0, 0.06%, 9, 0, 7, 259.58
1734103826, 159, 40, 78, 0, 0, 0.06%, 9, 0, 7, 250.33
1734103831, 159, 45, 78, 0, 0, 0.06%, 9, 0, 7, 262.00
1734103836, 159, 49, 78, 0, 0, 0.06%, 9, 0, 7, 250.07
1734103841, 160, 11, 78, 0, 0, 0.06%, 9, 0, 7, 247.30
1734103847, 160, 13, 78, 0, 0, 0.06%, 9, 0, 7, 246.03
1734103852, 160, 14, 78, 0, 0, 0.06%, 9, 0, 7, 254.39
1734103857, 160, 22, 78, 0, 0, 0.06%, 9, 0, 7, 257.47
1734103862, 160, 40, 78, 0, 0, 0.06%, 9, 0, 7, 253.18
1734103867, 160, 49, 78, 0, 0, 0.06%, 9, 0, 7, 258.59
1734103877, 160, 50, 78, 0, 0, 0.06%, 9, 0, 7, 254.05
1734103882, 160, 77, 78, 0, 0, 0.06%, 9, 0, 7, 258.46
1734103887, 161, 10, 78, 0, 0, 0.06%, 9, 0, 7, 266.26
1734103892, 161, 12, 78, 0, 0, 0.06%, 9, 0, 7, 259.66
1734103897, 161, 14, 78, 0, 0, 0.06%, 9, 0, 7, 254.77
1734103903, 161, 22, 78, 0, 0, 0.06%, 9, 0, 7, 250.25
1734103908, 161, 25, 78, 0, 0, 0.06%, 9, 0, 7, 264.62
1734103913, 161, 26, 78, 0, 0, 0.06%, 9, 0, 7, 257.51
1734103923, 161, 27, 78, 0, 0, 0.06%, 9, 0, 7, 256.60
1734103928, 161, 40, 78, 0, 0, 0.06%, 9, 0, 7, 255.25
1734103933, 161, 49, 78, 0, 0, 0.06%, 9, 0, 7, 240.73
1734103938, 161, 54, 78, 0, 0, 0.06%, 9, 0, 7, 262.41
1734103943, 162, 10, 78, 0, 0, 0.06%, 9, 0, 7, 261.46
1734103948, 162, 12, 78, 0, 0, 0.06%, 9, 0, 7, 258.31
1734103953, 162, 13, 78, 0, 0, 0.06%, 9, 0, 7, 248.39
1734103958, 162, 16, 78, 0, 0, 0.06%, 9, 0, 7, 248.28
1734103963, 162, 22, 78, 0, 0, 0.06%, 9, 0, 7, 257.07
1734103968, 162, 40, 78, 0, 0, 0.06%, 9, 0, 7, 256.77
1734103974, 162, 48, 78, 0, 0, 0.06%, 9, 0, 7, 291.67
1734103979, 162, 49, 78, 0, 0, 0.06%, 9, 0, 7, 243.06
1734103984, 162, 52, 78, 0, 0, 0.06%, 9, 0, 7, 282.18
1734103989, 162, 66, 78, 0, 0, 0.06%, 9, 0, 7, 294.65
1734103994, 163, 10, 78, 0, 0, 0.06%, 9, 0, 7, 272.67
1734103999, 163, 12, 78, 0, 0, 0.06%, 9, 0, 7, 262.29
1734104004, 163, 14, 78, 0, 0, 0.06%, 9, 0, 7, 239.46
1734104009, 163, 22, 78, 0, 0, 0.06%, 9, 0, 7, 251.09
1734104014, 163, 29, 78, 0, 0, 0.06%, 9, 0, 7, 253.16
1734104019, 163, 32, 78, 0, 0, 0.06%, 9, 0, 7, 257.00
1734104030, 163, 40, 78, 0, 0, 0.06%, 9, 0, 7, 264.37
1734104035, 163, 49, 78, 0, 0, 0.06%, 9, 0, 7, 256.72
1734104040, 163, 67, 78, 0, 0, 0.06%, 9, 0, 7, 262.57
1734104045, 163, 75, 78, 0, 0, 0.06%, 9, 0, 7, 257.47
1734104050, 164, 11, 78, 0, 0, 0.06%, 9, 0, 7, 248.79
1734104055, 164, 12, 78, 0, 0, 0.06%, 9, 0, 7, 243.94
1734104060, 164, 14, 78, 0, 0, 0.06%, 9, 0, 7, 241.65
1734104065, 164, 22, 78, 0, 0, 0.06%, 9, 0, 7, 240.73
1734104070, 164, 28, 78, 0, 0, 0.06%, 9, 0, 7, 256.70
1734104081, 164, 40, 78, 0, 0, 0.06%, 9, 0, 7, 246.76
1734104086, 164, 49, 78, 0, 0, 0.06%, 9, 0, 7, 256.08
1734104091, 164, 51, 78, 0, 0, 0.06%, 9, 0, 7, 277.93
1734104096, 164, 59, 78, 0, 0, 0.06%, 9, 0, 7, 267.06
1734104101, 165, 11, 78, 0, 0, 0.06%, 9, 0, 7, 256.83
1734104106, 165, 13, 78, 0, 0, 0.06%, 9, 0, 7, 257.50
1734104111, 165, 14, 78, 0, 0, 0.06%, 9, 0, 7, 253.87
1734104116, 165, 22, 78, 0, 0, 0.06%, 9, 0, 7, 260.52
1734104121, 165, 40, 78, 0, 0, 0.06%, 9, 0, 7, 256.21
1734104126, 165, 44, 78, 0, 0, 0.06%, 9, 0, 7, 277.92
1734104131, 165, 49, 78, 0, 0, 0.06%, 9, 0, 7, 261.49
1734104136, 165, 70, 78, 0, 0, 0.06%, 9, 0, 7, 267.66
1734104141, 165, 75, 78, 0, 0, 0.06%, 9, 0, 7, 270.98
1734104146, 166, 3, 78, 0, 0, 0.06%, 9, 0, 7, 266.98
1734104151, 166, 11, 78, 0, 0, 0.06%, 9, 0, 7, 248.75
1734104156, 166, 13, 78, 0, 0, 0.06%, 9, 0, 7, 257.82
1734104161, 166, 16, 78, 0, 0, 0.06%, 9, 0, 7, 258.55
1734104167, 166, 19, 78, 0, 0, 0.06%, 9, 0, 7, 258.15
1734104172, 166, 22, 78, 0, 0, 0.06%, 9, 0, 7, 256.61
1734104177, 166, 40, 78, 0, 0, 0.06%, 9, 0, 7, 252.72
1734104182, 166, 49, 78, 0, 0, 0.06%, 9, 0, 7, 255.22
1734104187, 167, 10, 78, 0, 0, 0.06%, 9, 0, 7, 247.67
1734104192, 167, 12, 78, 0, 0, 0.06%, 9, 0, 7, 252.48
1734104197, 167, 14, 78, 0, 0, 0.06%, 9, 0, 7, 258.30
1734104202, 167, 16, 78, 0, 0, 0.06%, 9, 0, 7, 263.68
1734104207, 167, 22, 78, 0, 0, 0.06%, 9, 0, 7, 255.20
1734104212, 167, 40, 78, 0, 0, 0.06%, 9, 0, 7, 243.42
1734104217, 167, 45, 78, 0, 0, 0.06%, 9, 0, 7, 271.07
1734104222, 167, 49, 78, 0, 0, 0.06%, 9, 0, 7, 256.78
1734104227, 167, 53, 78, 0, 0, 0.06%, 9, 0, 7, 270.72
1734104232, 167, 66, 78, 0, 0, 0.06%, 9, 0, 7, 278.11
1734104238, 167, 71, 78, 0, 0, 0.06%, 9, 0, 7, 297.94
1734104243, 168, 11, 78, 0, 0, 0.06%, 9, 0, 7, 257.04
1734104248, 168, 13, 78, 0, 0, 0.06%, 9, 0, 7, 254.57
1734104253, 168, 16, 78, 0, 0, 0.06%, 9, 0, 7, 262.88
1734104258, 168, 22, 78, 0, 0, 0.06%, 9, 0, 7, 249.02
1734104263, 168, 40, 78, 0, 0, 0.06%, 9, 0, 7, 248.02
1734104268, 168, 49, 78, 0, 0, 0.06%, 9, 0, 7, 248.99
1734104278, 169, 10, 78, 0, 0, 0.06%, 9, 0, 7, 247.22
1734104283, 169, 12, 78, 0, 0, 0.06%, 9, 0, 7, 254.72
1734104288, 169, 14, 78, 0, 0, 0.06%, 9, 0, 7, 249.19
1734104293, 169, 22, 78, 0, 0, 0.06%, 9, 0, 7, 248.20
1734104304, 169, 34, 78, 0, 0, 0.06%, 9, 0, 7, 261.23
1734104309, 169, 40, 78, 0, 0, 0.06%, 9, 0, 7, 249.35
1734104314, 169, 49, 78, 0, 0, 0.06%, 9, 0, 7, 238.18
1734104319, 170, 10, 78, 0, 0, 0.06%, 9, 0, 7, 249.07
1734104324, 170, 12, 78, 0, 0, 0.06%, 9, 0, 7, 248.47
1734104329, 170, 14, 78, 0, 0, 0.06%, 9, 0, 7, 243.70
1734104334, 170, 22, 78, 0, 0, 0.06%, 9, 0, 7, 252.67
1734104344, 170, 40, 78, 0, 0, 0.06%, 9, 0, 7, 258.72
1734104349, 170, 49, 78, 0, 0, 0.06%, 9, 0, 7, 239.95
1734104354, 170, 67, 78, 0, 0, 0.06%, 9, 0, 7, 266.19
1734104360, 171, 11, 78, 0, 0, 0.06%, 9, 0, 7, 260.76
1734104365, 171, 12, 78, 0, 0, 0.06%, 9, 0, 7, 249.06
1734104370, 171, 14, 78, 0, 0, 0.06%, 9, 0, 7, 256.40
1734104375, 171, 22, 78, 0, 0, 0.06%, 9, 0, 7, 252.90
1734104380, 171, 39, 78, 0, 0, 0.06%, 9, 0, 7, 272.33
1734104385, 171, 40, 78, 0, 0, 0.06%, 9, 0, 7, 253.47
1734104395, 171, 49, 78, 0, 0, 0.06%, 9, 0, 7, 256.57
1734104400, 171, 63, 78, 0, 0, 0.06%, 9, 0, 7, 263.12
1734104406, 171, 68, 78, 0, 0, 0.06%, 9, 0, 7, 274.35
1734104411, 172, 11, 78, 0, 0, 0.06%, 9, 0, 7, 249.07
1734104416, 172, 13, 78, 0, 0, 0.06%, 9, 0, 7, 255.64
1734104421, 172, 16, 78, 0, 0, 0.06%, 9, 0, 7, 256.84
1734104426, 172, 22, 78, 0, 0, 0.06%, 9, 0, 7, 251.75
1734104431, 172, 40, 78, 0, 0, 0.06%, 9, 0, 7, 247.05
1734104436, 172, 49, 78, 0, 0, 0.06%, 9, 0, 7, 247.56
1734104446, 172, 59, 78, 0, 0, 0.06%, 9, 0, 7, 260.91
1734104451, 172, 65, 78, 0, 0, 0.06%, 9, 0, 7, 263.61
1734104456, 173, 11, 78, 0, 0, 0.06%, 9, 0, 7, 250.16
1734104461, 173, 13, 78, 0, 0, 0.06%, 9, 0, 7, 256.59
1734104466, 173, 16, 78, 0, 0, 0.06%, 9, 0, 7, 252.65
1734104471, 173, 22, 78, 0, 0, 0.06%, 9, 0, 7, 254.68
1734104476, 173, 40, 78, 0, 0, 0.06%, 9, 0, 7, 248.13
1734104482, 173, 49, 78, 0, 0, 0.06%, 9, 0, 7, 246.02
1734104487, 173, 53, 78, 0, 0, 0.06%, 9, 0, 7, 248.03
1734104497, 173, 77, 78, 0, 0, 0.06%, 9, 0, 7, 252.41
1734104502, 174, 11, 78, 0, 0, 0.06%, 9, 0, 7, 254.42
1734104507, 174, 13, 78, 0, 0, 0.06%, 9, 0, 7, 251.24
1734104512, 174, 16, 78, 0, 0, 0.06%, 9, 0, 7, 247.45
1734104517, 174, 22, 78, 0, 0, 0.06%, 9, 0, 7, 248.26
1734104522, 174, 40, 78, 0, 0, 0.06%, 9, 0, 7, 243.97
1734104527, 174, 45, 78, 0, 0, 0.06%, 9, 0, 7, 283.54
1734104533, 174, 49, 78, 0, 0, 0.06%, 9, 0, 7, 250.34
1734104538, 174, 61, 78, 0, 0, 0.06%, 9, 0, 7, 234.40
1734104543, 175, 10, 78, 0, 0, 0.06%, 9, 0, 7, 268.39
1734104548, 175, 12, 78, 0, 0, 0.06%, 9, 0, 7, 277.58
1734104553, 175, 13, 78, 0, 0, 0.06%, 9, 0, 7, 257.24
1734104558, 175, 16, 78, 0, 0, 0.06%, 9, 0, 7, 255.59
1734104563, 175, 21, 78, 0, 0, 0.06%, 9, 0, 7, 262.53
1734104568, 175, 22, 78, 0, 0, 0.06%, 9, 0, 7, 253.58
1734104573, 175, 40, 78, 0, 0, 0.06%, 9, 0, 7, 249.57
1734104578, 175, 49, 78, 0, 0, 0.06%, 9, 0, 7, 250.63
1734104583, 175, 68, 78, 0, 0, 0.06%, 9, 0, 7, 272.44
1734104588, 176, 10, 78, 0, 0, 0.06%, 9, 0, 7, 262.45
1734104593, 176, 12, 78, 0, 0, 0.06%, 9, 0, 7, 249.09
1734104599, 176, 14, 78, 0, 0, 0.06%, 9, 0, 7, 248.68
1734104604, 176, 22, 78, 0, 0, 0.06%, 9, 0, 7, 261.66
1734104614, 176, 25, 78, 0, 0, 0.06%, 9, 0, 7, 274.22
1734104619, 176, 40, 78, 0, 0, 0.06%, 9, 0, 7, 267.82
1734104624, 176, 49, 78, 0, 0, 0.06%, 9, 0, 7, 255.29
1734104629, 176, 51, 78, 0, 0, 0.06%, 9, 0, 7, 267.94
1734104634, 177, 10, 78, 0, 0, 0.06%, 9, 0, 7, 251.61
1734104639, 177, 11, 78, 0, 0, 0.06%, 9, 0, 7, 265.45
1734104645, 177, 13, 78, 0, 0, 0.06%, 9, 0, 7, 255.91
1734104650, 177, 16, 78, 0, 0, 0.06%, 9, 0, 7, 263.32
1734104655, 177, 22, 78, 0, 0, 0.06%, 9, 0, 7, 253.85
1734104660, 177, 31, 78, 0, 0, 0.06%, 9, 0, 7, 265.70
1734104665, 177, 33, 78, 0, 0, 0.06%, 9, 0, 7, 245.76
1734104670, 177, 40, 78, 0, 0, 0.06%, 9, 0, 7, 250.45
1734104675, 177, 49, 78, 0, 0, 0.06%, 9, 0, 7, 253.17
1734104680, 177, 59, 78, 0, 0, 0.06%, 9, 0, 7, 271.65
1734104685, 177, 68, 78, 0, 0, 0.06%, 9, 0, 7, 277.36
1734104690, 178, 10, 78, 0, 0, 0.06%, 9, 0, 7, 257.15
1734104695, 178, 11, 78, 0, 0, 0.06%, 9, 0, 7, 253.94
