# unix_time, cycles_done, cur_path, paths_total, pending_total, pending_favs, map_size, unique_crashes, unique_hangs, max_depth, execs_per_sec
1735352853, 0, 0, 10, 10, 1, 0.00%, 0, 0, 1, 161.29
1735352858, 0, 3, 10, 10, 1, 0.00%, 0, 0, 1, 191.80
1735352863, 0, 4, 10, 9, 0, 0.00%, 0, 0, 1, 191.97
1735352874, 0, 5, 10, 8, 0, 0.00%, 0, 0, 1, 196.98
1735352879, 0, 6, 10, 7, 0, 0.00%, 0, 0, 1, 182.17
1735352889, 0, 7, 10, 6, 0, 0.00%, 0, 0, 1, 195.30
1735352894, 0, 8, 10, 5, 0, 0.00%, 0, 0, 1, 179.79
1735352904, 0, 9, 10, 4, 0, 0.00%, 0, 0, 1, 194.96
1735352909, 1, 0, 10, 3, 0, 0.00%, 0, 0, 1, 180.60
1735352920, 1, 1, 10, 2, 0, 0.00%, 0, 0, 1, 182.14
1735352930, 1, 2, 10, 1, 0, 0.00%, 0, 0, 1, 184.29
1735352940, 1, 3, 10, 0, 0, 0.00%, 0, 0, 1, 192.12
1735352946, 1, 4, 10, 0, 0, 0.00%, 0, 0, 1, 192.05
1735352951, 1, 6, 10, 0, 0, 0.00%, 0, 0, 1, 191.60
1735352956, 1, 7, 10, 0, 0, 0.00%, 0, 0, 1, 191.22
1735352961, 1, 8, 10, 0, 0, 0.00%, 0, 0, 1, 193.34
1735352966, 2, 0, 10, 0, 0, 0.00%, 0, 0, 1, 192.77
1735352971, 2, 1, 10, 0, 0, 0.00%, 0, 0, 1, 194.53
1735352976, 2, 2, 10, 0, 0, 0.00%, 0, 0, 1, 198.53
1735352982, 2, 4, 10, 0, 0, 0.00%, 0, 0, 1, 200.48
1735352987, 2, 5, 10, 0, 0, 0.00%, 0, 0, 1, 196.26
1735352992, 2, 6, 10, 0, 0, 0.00%, 0, 0, 1, 194.21
1735352997, 2, 8, 10, 0, 0, 0.00%, 0, 0, 1, 197.31
1735353002, 2, 9, 10, 0, 0, 0.00%, 0, 0, 1, 197.32
1735353007, 3, 1, 10, 0, 0, 0.00%, 0, 0, 1, 193.53
1735353012, 3, 2, 10, 0, 0, 0.00%, 0, 0, 1, 192.29
1735353018, 3, 3, 10, 0, 0, 0.00%, 0, 0, 1, 199.32
1735353023, 3, 5, 10, 0, 0, 0.00%, 0, 0, 1, 193.50
1735353028, 3, 6, 10, 0, 0, 0.00%, 0, 0, 1, 194.81
1735353033, 3, 7, 10, 0, 0, 0.00%, 0, 0, 1, 199.13
1735353038, 3, 9, 10, 0, 0, 0.00%, 0, 0, 1, 192.09
1735353043, 3, 10, 15, 5, 1, 0.06%, 4, 0, 3, 234.16
1735353054, 3, 10, 16, 6, 1, 0.06%, 4, 0, 3, 208.05
1735353074, 3, 10, 17, 7, 1, 0.06%, 5, 0, 3, 208.57
1735353079, 3, 10, 18, 8, 1, 0.06%, 5, 0, 3, 209.38
1735353084, 3, 10, 19, 9, 1, 0.06%, 6, 0, 3, 208.96
1735353114, 3, 10, 20, 10, 1, 0.06%, 6, 0, 3, 212.69
1735353120, 3, 10, 21, 11, 1, 0.06%, 6, 0, 3, 204.52
1735353125, 3, 10, 22, 12, 1, 0.06%, 6, 0, 3, 210.29
1735353130, 3, 10, 23, 13, 1, 0.06%, 6, 0, 3, 210.15
1735353170, 3, 11, 23, 12, 5, 0.06%, 6, 0, 3, 223.45
1735353175, 3, 11, 24, 13, 5, 0.06%, 6, 0, 4, 212.55
1735353186, 3, 11, 25, 14, 5, 0.06%, 6, 0, 4, 205.34
1735353201, 3, 11, 26, 15, 5, 0.06%, 6, 0, 4, 204.95
1735353292, 3, 12, 26, 14, 5, 0.06%, 6, 0, 4, 235.13
1735353307, 3, 12, 27, 15, 5, 0.06%, 6, 0, 4, 218.01
1735353312, 3, 12, 28, 16, 5, 0.06%, 6, 0, 4, 209.79
1735353317, 3, 14, 28, 15, 4, 0.06%, 6, 0, 4, 227.09
1735353337, 3, 16, 30, 16, 3, 0.06%, 8, 0, 4, 234.66
1735353358, 3, 18, 30, 15, 4, 0.06%, 8, 0, 4, 245.48
1735353383, 3, 23, 30, 14, 3, 0.06%, 8, 0, 4, 241.97
1735353403, 3, 23, 31, 15, 3, 0.06%, 8, 0, 5, 215.71
1735353444, 3, 23, 32, 16, 3, 0.06%, 8, 0, 5, 215.58
1735353454, 3, 28, 32, 15, 2, 0.06%, 8, 0, 5, 225.54
1735353459, 3, 28, 33, 16, 2, 0.06%, 8, 0, 5, 215.70
1735353520, 3, 29, 34, 16, 1, 0.06%, 8, 0, 5, 247.43
1735353566, 3, 30, 34, 15, 0, 0.06%, 8, 0, 5, 395.29
1735353607, 3, 30, 35, 16, 0, 0.06%, 8, 0, 6, 219.76
1735353612, 3, 31, 35, 15, 0, 0.06%, 8, 0, 6, 308.47
1735353642, 3, 31, 36, 16, 0, 0.06%, 8, 0, 6, 235.94
1735353652, 3, 31, 38, 18, 0, 0.06%, 8, 0, 6, 237.93
1735353663, 3, 31, 39, 19, 0, 0.06%, 8, 0, 6, 240.29
1735353673, 3, 31, 40, 20, 0, 0.06%, 8, 0, 6, 235.70
1735353683, 3, 31, 41, 21, 0, 0.06%, 8, 0, 6, 237.75
1735353719, 3, 31, 42, 22, 0, 0.06%, 8, 0, 6, 238.35
1735353734, 3, 32, 42, 21, 0, 0.06%, 8, 0, 6, 248.36
1735353760, 3, 40, 42, 20, 0, 0.06%, 8, 0, 6, 334.88
1735353795, 4, 10, 42, 19, 0, 0.06%, 8, 0, 6, 228.19
1735353800, 4, 10, 43, 20, 0, 0.06%, 8, 0, 6, 234.49
1735353805, 4, 12, 43, 20, 0, 0.06%, 8, 0, 6, 226.43
1735353810, 4, 14, 43, 20, 0, 0.06%, 8, 0, 6, 219.51
1735353816, 4, 16, 43, 20, 0, 0.06%, 8, 0, 6, 225.80
1735353821, 4, 18, 44, 21, 0, 0.06%, 8, 0, 6, 228.13
1735353826, 4, 23, 44, 21, 0, 0.06%, 8, 0, 6, 226.35
1735353836, 4, 26, 44, 21, 0, 0.06%, 8, 0, 6, 218.07
1735353871, 4, 28, 44, 20, 0, 0.06%, 8, 0, 6, 229.16
1735353882, 4, 28, 45, 21, 0, 0.06%, 8, 0, 6, 238.88
1735353887, 4, 29, 45, 21, 0, 0.06%, 8, 0, 6, 233.64
1735353897, 4, 37, 47, 23, 0, 0.06%, 8, 0, 6, 318.31
1735353927, 4, 39, 47, 22, 0, 0.06%, 8, 0, 6, 316.34
1735353958, 4, 39, 51, 26, 0, 0.06%, 8, 0, 7, 433.14
1735354049, 4, 39, 52, 27, 0, 0.06%, 8, 0, 7, 265.62
1735354064, 4, 39, 53, 28, 0, 0.06%, 8, 0, 7, 282.95
1735354110, 4, 42, 53, 27, 0, 0.06%, 8, 0, 7, 234.41
1735354140, 4, 48, 53, 26, 0, 0.06%, 8, 0, 7, 264.50
1735354262, 4, 48, 54, 27, 0, 0.06%, 8, 0, 8, 245.97
1735354267, 4, 52, 54, 26, 0, 0.06%, 8, 0, 8, 373.60
1735354313, 4, 52, 55, 27, 0, 0.06%, 8, 0, 8, 435.52
1735354445, 4, 52, 56, 28, 0, 0.06%, 8, 0, 8, 282.11
1735354451, 4, 52, 57, 29, 0, 0.06%, 8, 0, 8, 293.65
1735354476, 4, 52, 58, 30, 0, 0.06%, 8, 0, 8, 288.45
1735354547, 4, 52, 59, 31, 0, 0.06%, 8, 0, 8, 228.57
1735354553, 4, 54, 59, 30, 0, 0.06%, 8, 0, 8, 397.38
1735354766, 5, 10, 59, 29, 0, 0.06%, 8, 0, 8, 225.57
1735354771, 5, 12, 59, 29, 0, 0.06%, 8, 0, 8, 234.98
1735354776, 5, 14, 59, 29, 0, 0.06%, 8, 0, 8, 229.07
1735354786, 5, 15, 59, 29, 0, 0.06%, 8, 0, 8, 258.44
1735354796, 5, 15, 60, 30, 0, 0.06%, 8, 0, 8, 235.75
1735354801, 5, 16, 61, 30, 0, 0.06%, 8, 0, 8, 241.97
1735354806, 5, 17, 61, 30, 0, 0.06%, 8, 0, 8, 311.25
1735354822, 5, 18, 62, 30, 0, 0.06%, 8, 0, 8, 237.37
1735354827, 5, 21, 62, 30, 0, 0.06%, 8, 0, 8, 307.18
1735354847, 5, 23, 62, 29, 0, 0.06%, 8, 0, 8, 236.11
1735354857, 5, 28, 62, 29, 0, 0.06%, 8, 0, 8, 225.88
1735354872, 5, 29, 62, 29, 0, 0.06%, 8, 0, 8, 229.63
1735354882, 5, 31, 62, 29, 0, 0.06%, 8, 0, 8, 246.30
1735354893, 5, 33, 62, 29, 0, 0.06%, 8, 0, 8, 250.79
1735354954, 5, 45, 62, 28, 0, 0.06%, 8, 0, 8, 305.90
1735354964, 5, 45, 63, 29, 0, 0.06%, 8, 0, 8, 447.99
1735355061, 5, 50, 63, 28, 0, 0.06%, 8, 0, 8, 375.05
1735355183, 5, 57, 63, 27, 0, 0.06%, 8, 0, 8, 379.74
1735355279, 5, 62, 63, 26, 0, 0.06%, 8, 0, 8, 383.56
1735355380, 6, 10, 63, 25, 0, 0.06%, 8, 0, 8, 262.22
1735355385, 6, 13, 63, 25, 0, 0.06%, 8, 0, 8, 256.56
1735355401, 6, 14, 63, 24, 0, 0.06%, 8, 0, 8, 235.65
1735355406, 6, 18, 63, 24, 0, 0.06%, 8, 0, 8, 236.68
1735355411, 6, 19, 63, 24, 0, 0.06%, 8, 0, 8, 301.09
1735355426, 6, 23, 63, 23, 0, 0.06%, 8, 0, 8, 236.64
1735355431, 6, 28, 63, 23, 0, 0.06%, 8, 0, 8, 235.36
1735355436, 6, 29, 63, 23, 0, 0.06%, 8, 0, 8, 237.60
1735355442, 6, 38, 63, 23, 0, 0.06%, 8, 0, 8, 292.02
1735355452, 6, 38, 64, 24, 0, 0.06%, 8, 0, 8, 287.42
1735355472, 6, 38, 65, 25, 0, 0.06%, 8, 0, 8, 255.94
1735355513, 6, 38, 66, 26, 0, 0.06%, 8, 0, 8, 265.12
1735355584, 6, 43, 66, 25, 0, 0.06%, 8, 0, 8, 320.86
1735355685, 6, 44, 66, 24, 0, 0.06%, 8, 0, 8, 252.90
1735355741, 6, 49, 66, 23, 0, 0.06%, 8, 0, 8, 318.15
1735355863, 6, 50, 66, 22, 0, 0.06%, 8, 0, 8, 269.34
1735355868, 6, 51, 66, 22, 0, 0.06%, 8, 0, 8, 363.65
1735356031, 7, 10, 66, 21, 0, 0.06%, 8, 0, 8, 254.16
1735356036, 7, 11, 66, 21, 0, 0.06%, 8, 0, 8, 240.14
1735356041, 7, 14, 66, 21, 0, 0.06%, 8, 0, 8, 241.92
1735356046, 7, 18, 66, 21, 0, 0.06%, 8, 0, 8, 247.61
1735356051, 7, 20, 66, 21, 0, 0.06%, 8, 0, 8, 363.95
1735356072, 7, 23, 66, 20, 0, 0.06%, 8, 0, 8, 252.92
1735356077, 7, 25, 67, 21, 0, 0.06%, 8, 0, 8, 288.73
1735356113, 7, 28, 67, 20, 0, 0.06%, 8, 0, 8, 258.55
1735356118, 7, 29, 67, 20, 0, 0.06%, 8, 0, 8, 239.32
1735356123, 7, 35, 67, 20, 0, 0.06%, 8, 0, 8, 349.57
1735356184, 7, 36, 67, 19, 0, 0.06%, 8, 0, 8, 384.30
1735356219, 7, 58, 67, 18, 0, 0.06%, 8, 0, 8, 319.15
1735356229, 7, 58, 68, 19, 0, 0.06%, 8, 0, 9, 256.08
1735356239, 7, 58, 69, 20, 0, 0.06%, 8, 0, 9, 256.08
1735356270, 7, 58, 70, 21, 0, 0.06%, 8, 0, 9, 252.84
1735356336, 8, 10, 70, 20, 0, 0.06%, 8, 0, 9, 270.59
1735356341, 8, 12, 70, 20, 0, 0.06%, 8, 0, 9, 252.69
1735356347, 8, 16, 70, 20, 0, 0.06%, 8, 0, 9, 257.29
1735356352, 8, 23, 70, 20, 0, 0.06%, 8, 0, 9, 239.42
1735356357, 8, 24, 70, 20, 0, 0.06%, 8, 0, 9, 291.74
1735356388, 8, 28, 70, 19, 0, 0.06%, 8, 0, 9, 247.93
1735356393, 8, 29, 70, 19, 0, 0.06%, 8, 0, 9, 239.83
1735356398, 8, 39, 70, 19, 0, 0.06%, 8, 0, 9, 280.03
1735356408, 8, 41, 70, 19, 0, 0.06%, 8, 0, 9, 293.95
1735356443, 8, 50, 70, 18, 0, 0.06%, 8, 0, 9, 273.71
1735356448, 8, 56, 70, 18, 0, 0.06%, 8, 0, 9, 301.35
1735356590, 8, 61, 70, 17, 0, 0.06%, 8, 0, 9, 333.33
1735356708, 8, 66, 70, 16, 0, 0.06%, 8, 0, 9, 347.54
1735356820, 9, 10, 70, 15, 0, 0.06%, 8, 0, 9, 261.55
1735356825, 9, 12, 70, 15, 0, 0.06%, 8, 0, 9, 240.98
1735356830, 9, 16, 70, 15, 0, 0.06%, 8, 0, 9, 239.94
1735356835, 9, 21, 70, 15, 0, 0.06%, 8, 0, 9, 255.29
1735356845, 9, 23, 70, 15, 0, 0.06%, 8, 0, 9, 251.37
1735356850, 9, 27, 70, 15, 0, 0.06%, 8, 0, 9, 284.46
1735356875, 9, 28, 70, 14, 0, 0.06%, 8, 0, 9, 236.39
1735356880, 9, 29, 70, 14, 0, 0.06%, 8, 0, 9, 241.26
1735356885, 9, 32, 70, 14, 0, 0.06%, 8, 0, 9, 251.23
1735356895, 9, 37, 70, 14, 0, 0.06%, 8, 0, 9, 268.42
1735356910, 9, 39, 70, 14, 0, 0.06%, 8, 0, 9, 284.93
1735356921, 9, 50, 70, 14, 0, 0.06%, 8, 0, 9, 270.03
1735356926, 9, 55, 70, 14, 0, 0.06%, 8, 0, 9, 274.84
1735357002, 9, 59, 70, 13, 0, 0.06%, 8, 0, 9, 322.66
1735357150, 9, 67, 70, 12, 0, 0.06%, 8, 0, 9, 403.00
1735357236, 10, 12, 70, 11, 0, 0.06%, 8, 0, 9, 257.38
1735357241, 10, 16, 70, 11, 0, 0.06%, 8, 0, 9, 256.48
1735357246, 10, 23, 70, 11, 0, 0.06%, 8, 0, 9, 253.94
1735357256, 10, 28, 70, 11, 0, 0.06%, 8, 0, 9, 244.84
1735357262, 10, 29, 70, 11, 0, 0.06%, 8, 0, 9, 263.22
1735357267, 10, 54, 70, 11, 0, 0.06%, 8, 0, 9, 285.67
1735357272, 10, 66, 70, 11, 0, 0.06%, 8, 0, 9, 270.27
1735357282, 11, 10, 70, 11, 0, 0.06%, 8, 0, 9, 238.38
1735357287, 11, 12, 70, 11, 0, 0.06%, 8, 0, 9, 246.44
1735357292, 11, 16, 70, 11, 0, 0.06%, 8, 0, 9, 248.76
1735357297, 11, 23, 70, 11, 0, 0.06%, 8, 0, 9, 244.07
1735357302, 11, 28, 70, 11, 0, 0.06%, 8, 0, 9, 251.66
1735357307, 11, 29, 70, 11, 0, 0.06%, 8, 0, 9, 260.10
1735357312, 11, 52, 70, 11, 0, 0.06%, 8, 0, 9, 271.28
1735357322, 11, 68, 70, 11, 0, 0.06%, 8, 0, 9, 313.67
1735357333, 11, 68, 71, 12, 0, 0.06%, 8, 0, 10, 265.70
1735357445, 12, 10, 71, 11, 0, 0.06%, 8, 0, 10, 244.68
1735357450, 12, 16, 71, 11, 0, 0.06%, 8, 0, 10, 247.89
1735357455, 12, 18, 71, 11, 0, 0.06%, 8, 0, 10, 254.97
1735357460, 12, 23, 71, 11, 0, 0.06%, 8, 0, 10, 252.51
1735357465, 12, 28, 71, 11, 0, 0.06%, 8, 0, 10, 249.72
1735357470, 12, 29, 71, 11, 0, 0.06%, 8, 0, 10, 261.96
1735357475, 12, 52, 71, 11, 0, 0.06%, 8, 0, 10, 271.41
1735357480, 12, 57, 71, 11, 0, 0.06%, 8, 0, 10, 298.41
1735357485, 12, 69, 71, 11, 0, 0.06%, 8, 0, 10, 256.96
1735357734, 12, 70, 71, 10, 0, 0.06%, 8, 0, 10, 224.16
1735357759, 12, 70, 72, 11, 0, 0.06%, 8, 0, 11, 450.46
1735357932, 13, 3, 72, 10, 0, 0.06%, 8, 0, 11, 236.13
1735357937, 13, 12, 72, 10, 0, 0.06%, 8, 0, 11, 248.76
1735357943, 13, 13, 72, 10, 0, 0.06%, 8, 0, 11, 258.78
1735357948, 13, 16, 72, 10, 0, 0.06%, 8, 0, 11, 253.17
1735357953, 13, 22, 72, 10, 0, 0.06%, 8, 0, 11, 275.21
1735357968, 13, 23, 72, 9, 0, 0.06%, 8, 0, 11, 260.02
1735357973, 13, 28, 72, 9, 0, 0.06%, 8, 0, 11, 257.58
1735357978, 13, 29, 72, 9, 0, 0.06%, 8, 0, 11, 246.36
1735357983, 13, 47, 72, 9, 0, 0.06%, 8, 0, 11, 269.96
1735358105, 14, 10, 72, 8, 0, 0.06%, 8, 0, 11, 251.77
1735358110, 14, 14, 72, 8, 0, 0.06%, 8, 0, 11, 253.21
1735358115, 14, 18, 72, 8, 0, 0.06%, 8, 0, 11, 252.97
1735358120, 14, 23, 72, 8, 0, 0.06%, 8, 0, 11, 265.09
1735358125, 14, 28, 72, 8, 0, 0.06%, 8, 0, 11, 244.49
1735358130, 14, 29, 72, 8, 0, 0.06%, 8, 0, 11, 250.29
1735358135, 14, 45, 72, 8, 0, 0.06%, 8, 0, 11, 283.56
1735358140, 14, 46, 72, 8, 0, 0.06%, 8, 0, 11, 304.07
1735358191, 15, 10, 72, 7, 0, 0.06%, 8, 0, 11, 256.30
1735358196, 15, 14, 72, 7, 0, 0.06%, 8, 0, 11, 254.45
1735358201, 15, 18, 72, 7, 0, 0.06%, 8, 0, 11, 254.51
1735358206, 15, 23, 72, 7, 0, 0.06%, 8, 0, 11, 263.95
1735358212, 15, 28, 72, 7, 0, 0.06%, 8, 0, 11, 265.38
1735358217, 15, 29, 72, 7, 0, 0.06%, 8, 0, 11, 251.71
1735358222, 15, 34, 72, 7, 0, 0.06%, 8, 0, 11, 288.59
1735358252, 15, 40, 72, 6, 0, 0.06%, 8, 0, 11, 258.28
1735358262, 15, 60, 72, 6, 0, 0.06%, 8, 0, 11, 378.91
1735358318, 16, 0, 72, 5, 0, 0.06%, 8, 0, 11, 265.37
1735358323, 16, 12, 72, 5, 0, 0.06%, 8, 0, 11, 256.63
1735358328, 16, 16, 72, 5, 0, 0.06%, 8, 0, 11, 265.76
1735358333, 16, 23, 72, 5, 0, 0.06%, 8, 0, 11, 250.53
1735358338, 16, 26, 72, 5, 0, 0.06%, 8, 0, 11, 276.16
1735358348, 16, 28, 72, 5, 0, 0.06%, 8, 0, 11, 249.12
1735358353, 16, 29, 72, 5, 0, 0.06%, 8, 0, 11, 246.92
1735358359, 17, 10, 72, 5, 0, 0.06%, 8, 0, 11, 251.26
1735358364, 17, 14, 72, 5, 0, 0.06%, 8, 0, 11, 247.07
1735358369, 17, 18, 72, 5, 0, 0.06%, 8, 0, 11, 249.43
1735358374, 17, 23, 72, 5, 0, 0.06%, 8, 0, 11, 248.88
1735358379, 17, 28, 72, 5, 0, 0.06%, 8, 0, 11, 251.31
1735358384, 17, 29, 72, 5, 0, 0.06%, 8, 0, 11, 249.27
1735358389, 17, 36, 72, 5, 0, 0.06%, 8, 0, 11, 276.33
1735358399, 17, 39, 72, 5, 0, 0.06%, 8, 0, 11, 271.84
1735358404, 17, 40, 72, 5, 0, 0.06%, 8, 0, 11, 257.20
1735358419, 17, 49, 72, 5, 0, 0.06%, 8, 0, 11, 269.24
1735358425, 17, 53, 72, 5, 0, 0.06%, 8, 0, 11, 365.38
1735358495, 17, 63, 72, 4, 0, 0.06%, 8, 0, 11, 375.21
1735358546, 18, 1, 72, 3, 0, 0.06%, 8, 0, 11, 249.08
1735358551, 18, 12, 72, 3, 0, 0.06%, 8, 0, 11, 244.95
1735358557, 18, 16, 72, 3, 0, 0.06%, 8, 0, 11, 247.94
1735358562, 18, 23, 72, 3, 0, 0.06%, 8, 0, 11, 239.46
1735358567, 18, 28, 72, 3, 0, 0.06%, 8, 0, 11, 236.83
1735358577, 18, 29, 72, 3, 0, 0.06%, 8, 0, 11, 266.25
1735358582, 18, 64, 72, 3, 0, 0.06%, 8, 0, 11, 408.31
1735358633, 18, 65, 72, 2, 0, 0.06%, 8, 0, 11, 348.70
1735358709, 19, 12, 72, 1, 0, 0.06%, 8, 0, 11, 255.67
1735358714, 19, 16, 72, 1, 0, 0.06%, 8, 0, 11, 257.91
1735358720, 19, 18, 72, 1, 0, 0.06%, 8, 0, 11, 252.66
1735358725, 19, 23, 72, 1, 0, 0.06%, 8, 0, 11, 262.45
1735358730, 19, 25, 72, 1, 0, 0.06%, 8, 0, 11, 255.87
1735358740, 19, 28, 72, 1, 0, 0.06%, 8, 0, 11, 265.30
1735358745, 19, 29, 72, 1, 0, 0.06%, 8, 0, 11, 261.23
1735358750, 19, 57, 72, 1, 0, 0.06%, 8, 0, 11, 286.90
1735358755, 19, 58, 72, 1, 0, 0.06%, 8, 0, 11, 281.40
1735358765, 19, 64, 72, 1, 0, 0.06%, 8, 0, 11, 268.49
1735358775, 20, 10, 72, 1, 0, 0.06%, 8, 0, 11, 257.90
1735358780, 20, 14, 72, 1, 0, 0.06%, 8, 0, 11, 249.76
1735358786, 20, 15, 72, 1, 0, 0.06%, 8, 0, 11, 244.47
1735358791, 20, 16, 72, 1, 0, 0.06%, 8, 0, 11, 255.60
1735358796, 20, 23, 72, 1, 0, 0.06%, 8, 0, 11, 257.70
1735358801, 20, 28, 72, 1, 0, 0.06%, 8, 0, 11, 248.78
1735358806, 20, 29, 72, 1, 0, 0.06%, 8, 0, 11, 255.11
1735358816, 21, 12, 72, 1, 0, 0.06%, 8, 0, 11, 250.54
1735358821, 21, 16, 72, 1, 0, 0.06%, 8, 0, 11, 259.61
1735358826, 21, 23, 72, 1, 0, 0.06%, 8, 0, 11, 256.09
1735358831, 21, 28, 72, 1, 0, 0.06%, 8, 0, 11, 245.92
1735358836, 21, 29, 72, 1, 0, 0.06%, 8, 0, 11, 258.78
1735358841, 21, 64, 72, 1, 0, 0.06%, 8, 0, 11, 256.70
1735358857, 22, 10, 72, 1, 0, 0.06%, 8, 0, 11, 258.52
1735358862, 22, 14, 72, 1, 0, 0.06%, 8, 0, 11, 263.64
1735358867, 22, 18, 72, 1, 0, 0.06%, 8, 0, 11, 260.33
1735358872, 22, 23, 72, 1, 0, 0.06%, 8, 0, 11, 250.45
1735358877, 22, 24, 72, 1, 0, 0.06%, 8, 0, 11, 268.22
1735358887, 22, 28, 72, 1, 0, 0.06%, 8, 0, 11, 255.81
1735358892, 22, 29, 72, 1, 0, 0.06%, 8, 0, 11, 234.47
1735358897, 22, 34, 72, 1, 0, 0.06%, 8, 0, 11, 245.27
1735358908, 22, 57, 72, 1, 0, 0.06%, 8, 0, 11, 270.45
1735358918, 22, 60, 72, 1, 0, 0.06%, 8, 0, 11, 265.72
1735358928, 23, 10, 72, 1, 0, 0.06%, 8, 0, 11, 259.98
1735358933, 23, 14, 72, 1, 0, 0.06%, 8, 0, 11, 259.33
1735358938, 23, 18, 72, 1, 0, 0.06%, 8, 0, 11, 254.98
1735358943, 23, 19, 72, 1, 0, 0.06%, 8, 0, 11, 266.47
1735358948, 23, 23, 72, 1, 0, 0.06%, 8, 0, 11, 249.30
1735358953, 23, 28, 72, 1, 0, 0.06%, 8, 0, 11, 251.17
1735358958, 23, 29, 72, 1, 0, 0.06%, 8, 0, 11, 247.51
1735358963, 23, 71, 72, 1, 0, 0.06%, 8, 0, 11, 316.21
1735359166, 24, 12, 72, 0, 0, 0.06%, 8, 0, 11, 243.84
1735359171, 24, 16, 72, 0, 0, 0.06%, 8, 0, 11, 244.82
1735359176, 24, 18, 72, 0, 0, 0.06%, 8, 0, 11, 249.13
1735359181, 24, 23, 72, 0, 0, 0.06%, 8, 0, 11, 252.43
1735359187, 24, 28, 72, 0, 0, 0.06%, 8, 0, 11, 265.05
1735359192, 24, 29, 72, 0, 0, 0.06%, 8, 0, 11, 260.09
1735359197, 24, 52, 72, 0, 0, 0.06%, 8, 0, 11, 271.14
1735359202, 25, 12, 72, 0, 0, 0.06%, 8, 0, 11, 251.15
1735359207, 25, 16, 72, 0, 0, 0.06%, 8, 0, 11, 254.64
1735359212, 25, 18, 72, 0, 0, 0.06%, 8, 0, 11, 250.73
1735359217, 25, 19, 72, 0, 0, 0.06%, 8, 0, 11, 249.70
1735359222, 25, 23, 72, 0, 0, 0.06%, 8, 0, 11, 244.87
1735359227, 25, 28, 72, 0, 0, 0.06%, 8, 0, 11, 242.98
1735359232, 25, 29, 72, 0, 0, 0.06%, 8, 0, 11, 244.67
1735359237, 25, 33, 72, 0, 0, 0.06%, 8, 0, 11, 273.79
1735359248, 25, 41, 72, 0, 0, 0.06%, 8, 0, 11, 252.24
1735359258, 25, 48, 72, 0, 0, 0.06%, 8, 0, 11, 270.52
1735359263, 25, 71, 72, 0, 0, 0.06%, 8, 0, 11, 268.95
1735359293, 26, 10, 72, 0, 0, 0.06%, 8, 0, 11, 254.93
1735359299, 26, 14, 72, 0, 0, 0.06%, 8, 0, 11, 248.79
1735359304, 26, 18, 72, 0, 0, 0.06%, 8, 0, 11, 256.75
1735359309, 26, 23, 72, 0, 0, 0.06%, 8, 0, 11, 255.66
1735359314, 26, 28, 73, 1, 0, 0.07%, 9, 0, 11, 243.79
1735359324, 26, 72, 73, 1, 1, 0.07%, 9, 0, 11, 234.26
1735359329, 26, 72, 75, 3, 1, 0.08%, 10, 0, 11, 224.68
1735359480, 26, 73, 75, 2, 1, 0.08%, 10, 0, 11, 283.81
1735359485, 26, 73, 76, 3, 1, 0.08%, 10, 0, 11, 258.94
1735359501, 26, 73, 77, 4, 1, 0.08%, 10, 0, 11, 238.94
1735359506, 26, 73, 78, 5, 1, 0.08%, 10, 0, 11, 241.47
1735359572, 26, 73, 79, 6, 1, 0.08%, 10, 0, 11, 232.45
1735359638, 26, 75, 79, 5, 0, 0.08%, 10, 0, 11, 274.66
1735359668, 26, 75, 80, 6, 0, 0.08%, 10, 0, 11, 237.67
1735359725, 27, 12, 80, 5, 0, 0.08%, 10, 0, 11, 257.34
1735359730, 27, 16, 80, 5, 0, 0.08%, 10, 0, 11, 252.30
1735359735, 27, 18, 80, 5, 0, 0.08%, 10, 0, 11, 249.63
1735359740, 27, 23, 80, 5, 0, 0.08%, 10, 0, 11, 255.98
1735359745, 27, 24, 80, 5, 0, 0.08%, 10, 0, 11, 251.58
1735359755, 27, 28, 80, 5, 0, 0.08%, 10, 0, 11, 251.55
1735359760, 27, 29, 80, 5, 0, 0.08%, 10, 0, 11, 244.70
1735359765, 27, 72, 80, 5, 0, 0.08%, 10, 0, 11, 238.37
1735359791, 27, 73, 80, 5, 0, 0.08%, 10, 0, 11, 253.68
1735359816, 27, 79, 80, 5, 0, 0.08%, 10, 0, 11, 346.33
1735359887, 28, 10, 80, 4, 0, 0.08%, 10, 0, 11, 276.00
1735359892, 28, 14, 80, 4, 0, 0.08%, 10, 0, 11, 257.16
1735359897, 28, 16, 80, 4, 0, 0.08%, 10, 0, 11, 259.12
1735359902, 28, 23, 80, 4, 0, 0.08%, 10, 0, 11, 247.18
1735359907, 28, 28, 80, 4, 0, 0.08%, 10, 0, 11, 250.06
1735359913, 28, 29, 80, 4, 0, 0.08%, 10, 0, 11, 257.35
1735359923, 28, 38, 80, 4, 0, 0.08%, 10, 0, 11, 249.82
1735359933, 28, 71, 80, 4, 0, 0.08%, 10, 0, 11, 316.34
1735359963, 28, 72, 80, 4, 0, 0.08%, 10, 0, 11, 229.61
1735359984, 28, 73, 80, 4, 0, 0.08%, 10, 0, 11, 258.58
1735360009, 28, 74, 81, 5, 0, 0.08%, 10, 0, 11, 254.61
1735360065, 28, 76, 81, 4, 0, 0.08%, 10, 0, 11, 335.33
1735360116, 29, 12, 81, 3, 0, 0.08%, 10, 0, 11, 238.56
1735360121, 29, 16, 81, 3, 0, 0.08%, 10, 0, 11, 249.66
1735360126, 29, 18, 81, 3, 0, 0.08%, 10, 0, 11, 250.06
1735360131, 29, 23, 81, 3, 0, 0.08%, 10, 0, 11, 250.06
1735360136, 29, 28, 81, 3, 0, 0.08%, 10, 0, 11, 270.37
1735360141, 29, 29, 81, 3, 0, 0.08%, 10, 0, 11, 264.30
1735360146, 29, 46, 81, 3, 0, 0.08%, 10, 0, 11, 265.86
1735360151, 29, 72, 81, 3, 0, 0.08%, 10, 0, 11, 249.89
1735360166, 29, 72, 82, 4, 0, 0.08%, 10, 0, 11, 295.28
1735360176, 29, 73, 82, 4, 0, 0.08%, 10, 0, 11, 250.88
1735360197, 30, 12, 82, 4, 0, 0.08%, 10, 0, 11, 259.51
1735360202, 30, 14, 82, 4, 0, 0.08%, 10, 0, 11, 248.39
1735360207, 30, 18, 82, 4, 0, 0.08%, 10, 0, 11, 261.02
1735360212, 30, 23, 82, 4, 0, 0.08%, 10, 0, 11, 250.21
1735360217, 30, 26, 82, 4, 0, 0.08%, 10, 0, 11, 263.02
1735360227, 30, 28, 82, 4, 0, 0.08%, 10, 0, 11, 237.83
1735360232, 30, 29, 82, 4, 0, 0.08%, 10, 0, 11, 237.48
1735360242, 30, 31, 82, 4, 0, 0.08%, 10, 0, 11, 238.21
1735360252, 30, 32, 82, 4, 0, 0.08%, 10, 0, 11, 241.99
1735360262, 30, 37, 82, 4, 0, 0.08%, 10, 0, 11, 255.29
1735360272, 30, 72, 82, 4, 0, 0.08%, 10, 0, 11, 248.49
1735360298, 30, 73, 82, 4, 0, 0.08%, 10, 0, 11, 252.20
1735360324, 30, 77, 84, 6, 0, 0.08%, 11, 0, 11, 380.03
1735360344, 30, 77, 85, 7, 0, 0.08%, 11, 0, 11, 264.28
1735360359, 30, 77, 86, 8, 0, 0.09%, 12, 0, 11, 269.88
1735360445, 30, 77, 87, 9, 0, 0.11%, 13, 0, 11, 263.95
1735360466, 30, 82, 89, 10, 3, 0.12%, 15, 0, 11, 371.92
1735360491, 30, 82, 91, 12, 3, 0.12%, 17, 0, 11, 262.84
1735360501, 30, 82, 92, 13, 3, 0.12%, 17, 0, 11, 273.37
1735360506, 30, 82, 94, 15, 3, 0.12%, 17, 0, 11, 265.47
1735360532, 30, 82, 95, 16, 3, 0.12%, 17, 0, 11, 267.10
1735360552, 30, 82, 96, 17, 3, 0.12%, 18, 0, 11, 265.86
1735360583, 30, 85, 96, 16, 6, 0.12%, 18, 0, 11, 335.98
1735360674, 30, 87, 96, 15, 5, 0.12%, 18, 0, 11, 291.25
1735360770, 30, 88, 96, 14, 4, 0.12%, 18, 0, 11, 374.08
1735360841, 30, 89, 96, 13, 3, 0.12%, 18, 0, 11, 301.76
1735360852, 30, 89, 98, 15, 3, 0.12%, 18, 0, 11, 306.54
1735360867, 30, 89, 100, 17, 3, 0.12%, 18, 0, 11, 277.42
1735360877, 30, 89, 101, 18, 3, 0.12%, 18, 0, 11, 277.64
1735360888, 30, 89, 102, 19, 3, 0.12%, 18, 0, 11, 280.42
1735360893, 30, 89, 103, 20, 3, 0.12%, 18, 0, 11, 274.85
1735360949, 30, 89, 105, 22, 3, 0.13%, 20, 0, 11, 282.92
1735360959, 30, 90, 106, 22, 4, 0.13%, 20, 0, 11, 309.74
1735360990, 30, 90, 107, 23, 4, 0.13%, 20, 0, 11, 275.01
1735361117, 30, 95, 109, 24, 3, 0.14%, 22, 0, 11, 384.17
1735361137, 30, 95, 110, 25, 3, 0.14%, 22, 0, 11, 293.70
1735361158, 30, 95, 111, 26, 3, 0.14%, 22, 0, 11, 284.90
1735361173, 30, 95, 112, 27, 3, 0.14%, 22, 0, 11, 290.90
1735361209, 30, 95, 113, 28, 3, 0.14%, 23, 0, 11, 281.72
1735361265, 30, 104, 116, 30, 4, 0.14%, 24, 0, 11, 292.81
1735361280, 30, 104, 119, 33, 4, 0.14%, 24, 0, 11, 336.74
1735361285, 30, 104, 120, 34, 4, 0.14%, 24, 0, 11, 307.87
1735361295, 30, 104, 121, 35, 4, 0.14%, 24, 0, 11, 299.06
1735361305, 30, 104, 122, 36, 4, 0.14%, 24, 0, 11, 286.63
1735361422, 30, 107, 122, 35, 6, 0.14%, 24, 0, 11, 390.50
1735361483, 30, 107, 123, 36, 6, 0.14%, 24, 0, 11, 275.43
1735361575, 30, 108, 123, 35, 6, 0.14%, 24, 0, 11, 374.45
1735361666, 30, 112, 123, 34, 5, 0.14%, 24, 0, 11, 288.79
1735361682, 30, 112, 124, 35, 5, 0.14%, 25, 0, 11, 339.16
1735361767, 30, 114, 124, 34, 5, 0.14%, 25, 0, 11, 269.02
1735361772, 30, 114, 127, 37, 5, 0.15%, 28, 0, 12, 248.15
1735361777, 30, 114, 128, 38, 5, 0.16%, 29, 0, 12, 308.31
1735361808, 30, 114, 129, 39, 5, 0.16%, 29, 0, 12, 293.03
1735361924, 30, 116, 129, 38, 8, 0.16%, 29, 0, 12, 321.48
1735362021, 30, 119, 129, 37, 7, 0.16%, 29, 0, 12, 339.87
1735362118, 30, 122, 129, 36, 6, 0.16%, 29, 0, 12, 401.46
1735362128, 30, 122, 130, 37, 6, 0.16%, 29, 0, 12, 322.54
1735362169, 30, 122, 131, 38, 6, 0.16%, 29, 0, 12, 284.00
1735362189, 30, 122, 132, 39, 6, 0.16%, 29, 0, 12, 274.10
1735362194, 30, 122, 133, 40, 6, 0.16%, 29, 0, 12, 281.63
1735362271, 30, 123, 133, 39, 6, 0.16%, 29, 0, 12, 379.72
1735362362, 30, 124, 133, 38, 5, 0.16%, 29, 0, 12, 305.99
1735362393, 30, 124, 134, 39, 5, 0.16%, 29, 0, 13, 294.06
1735362398, 30, 124, 135, 40, 5, 0.16%, 29, 0, 13, 291.15
1735362484, 30, 124, 136, 41, 5, 0.16%, 29, 0, 13, 294.90
1735362520, 30, 125, 136, 40, 4, 0.16%, 29, 0, 13, 314.57
1735362540, 30, 125, 137, 41, 4, 0.16%, 29, 0, 13, 294.96
1735362591, 30, 125, 138, 42, 4, 0.16%, 29, 0, 13, 288.52
1735362678, 30, 126, 138, 41, 3, 0.16%, 29, 0, 13, 279.44
1735362698, 30, 126, 139, 42, 3, 0.16%, 29, 0, 13, 296.26
1735362835, 30, 127, 139, 41, 2, 0.16%, 29, 0, 13, 286.29
1735362856, 30, 127, 140, 42, 2, 0.16%, 29, 0, 13, 292.59
1735362989, 30, 129, 141, 42, 1, 0.16%, 29, 0, 13, 336.15
1735362999, 30, 129, 142, 43, 1, 0.16%, 29, 0, 13, 330.05
1735363101, 30, 129, 143, 44, 1, 0.16%, 29, 0, 13, 278.87
1735363141, 30, 130, 143, 43, 0, 0.16%, 29, 0, 13, 406.13
1735363177, 30, 130, 144, 44, 0, 0.16%, 29, 0, 13, 295.51
1735363192, 30, 130, 145, 45, 0, 0.16%, 29, 0, 13, 286.81
1735363228, 30, 130, 146, 46, 0, 0.16%, 30, 0, 13, 296.27
1735363294, 30, 144, 146, 45, 1, 0.16%, 30, 0, 13, 349.79
1735363339, 30, 144, 147, 46, 1, 0.16%, 30, 0, 14, 304.41
1735363344, 30, 144, 148, 47, 1, 0.16%, 30, 0, 14, 299.20
1735363365, 30, 144, 150, 49, 1, 0.16%, 30, 0, 14, 301.29
1735363375, 30, 144, 151, 50, 1, 0.16%, 30, 0, 14, 300.54
1735363405, 30, 144, 152, 51, 1, 0.16%, 30, 0, 14, 297.28
1735363451, 30, 145, 152, 50, 1, 0.16%, 30, 0, 14, 286.66
1735363522, 30, 145, 153, 51, 1, 0.16%, 30, 0, 14, 293.14
1735363609, 30, 147, 153, 50, 0, 0.16%, 30, 0, 14, 345.06
