# unix_time, cycles_done, cur_path, paths_total, pending_total, pending_favs, map_size, unique_crashes, unique_hangs, max_depth, execs_per_sec
1735244567, 0, 0, 10, 10, 1, 0.00%, 0, 0, 1, 160.97
1735244572, 0, 3, 10, 10, 1, 0.00%, 0, 0, 1, 197.95
1735244577, 0, 4, 10, 9, 0, 0.00%, 0, 0, 1, 197.27
1735244587, 0, 5, 10, 8, 0, 0.00%, 0, 0, 1, 198.94
1735244592, 0, 6, 10, 7, 0, 0.00%, 0, 0, 1, 181.42
1735244603, 0, 7, 10, 6, 0, 0.00%, 0, 0, 1, 197.85
1735244608, 0, 8, 10, 5, 0, 0.00%, 0, 0, 1, 180.86
1735244618, 0, 9, 10, 4, 0, 0.00%, 0, 0, 1, 194.80
1735244623, 1, 0, 10, 3, 0, 0.00%, 0, 0, 1, 183.04
1735244633, 1, 1, 10, 2, 0, 0.00%, 0, 0, 1, 184.60
1735244644, 1, 2, 10, 1, 0, 0.00%, 0, 0, 1, 181.94
1735244654, 1, 3, 10, 0, 0, 0.00%, 0, 0, 1, 193.72
1735244659, 1, 4, 10, 0, 0, 0.00%, 0, 0, 1, 192.67
1735244664, 1, 6, 10, 0, 0, 0.00%, 0, 0, 1, 192.30
1735244670, 1, 7, 10, 0, 0, 0.00%, 0, 0, 1, 195.31
1735244675, 1, 8, 10, 0, 0, 0.00%, 0, 0, 1, 189.21
1735244680, 2, 0, 10, 0, 0, 0.00%, 0, 0, 1, 186.06
1735244685, 2, 1, 10, 0, 0, 0.00%, 0, 0, 1, 189.67
1735244690, 2, 2, 10, 0, 0, 0.00%, 0, 0, 1, 192.47
1735244696, 2, 4, 10, 0, 0, 0.00%, 0, 0, 1, 190.72
1735244701, 2, 5, 10, 0, 0, 0.00%, 0, 0, 1, 194.53
1735244706, 2, 6, 10, 0, 0, 0.00%, 0, 0, 1, 190.33
1735244711, 2, 8, 10, 0, 0, 0.00%, 0, 0, 1, 191.17
1735244716, 2, 9, 10, 0, 0, 0.00%, 0, 0, 1, 195.15
1735244721, 3, 0, 10, 0, 0, 0.00%, 0, 0, 1, 192.21
1735244727, 3, 2, 10, 0, 0, 0.00%, 0, 0, 1, 192.29
1735244732, 3, 3, 10, 0, 0, 0.00%, 0, 0, 1, 194.57
1735244737, 3, 4, 10, 0, 0, 0.00%, 0, 0, 1, 190.71
1735244742, 3, 6, 10, 0, 0, 0.00%, 0, 0, 1, 196.42
1735244747, 3, 7, 10, 0, 0, 0.00%, 0, 0, 1, 196.06
1735244752, 3, 9, 10, 0, 0, 0.00%, 0, 0, 1, 197.73
1735244758, 4, 0, 10, 0, 0, 0.00%, 0, 0, 1, 196.53
1735244763, 4, 1, 10, 0, 0, 0.00%, 0, 0, 1, 198.48
1735244768, 4, 3, 10, 0, 0, 0.00%, 0, 0, 1, 195.51
1735244773, 4, 4, 10, 0, 0, 0.00%, 0, 0, 1, 196.06
1735244778, 4, 6, 10, 0, 0, 0.00%, 0, 0, 1, 196.48
1735244783, 4, 7, 10, 0, 0, 0.00%, 0, 0, 1, 201.93
1735244788, 4, 8, 10, 0, 0, 0.00%, 0, 0, 1, 194.04
1735244793, 5, 0, 10, 0, 0, 0.00%, 0, 0, 1, 197.29
1735244798, 5, 1, 10, 0, 0, 0.00%, 0, 0, 1, 197.32
1735244803, 5, 2, 10, 0, 0, 0.00%, 0, 0, 1, 200.03
1735244809, 5, 4, 10, 0, 0, 0.00%, 0, 0, 1, 198.33
1735244814, 5, 5, 10, 0, 0, 0.00%, 0, 0, 1, 194.10
1735244819, 5, 7, 10, 0, 0, 0.00%, 0, 0, 1, 194.18
1735244824, 5, 8, 10, 0, 0, 0.00%, 0, 0, 1, 192.07
1735244829, 5, 9, 10, 0, 0, 0.00%, 0, 0, 1, 195.25
1735244834, 6, 1, 10, 0, 0, 0.00%, 0, 0, 1, 197.39
1735244839, 6, 2, 10, 0, 0, 0.00%, 0, 0, 1, 195.43
1735244845, 6, 3, 10, 0, 0, 0.00%, 0, 0, 1, 194.31
1735244850, 6, 5, 10, 0, 0, 0.00%, 0, 0, 1, 194.81
1735244855, 6, 6, 10, 0, 0, 0.00%, 0, 0, 1, 198.03
1735244860, 6, 7, 10, 0, 0, 0.00%, 0, 0, 1, 195.47
1735244865, 6, 9, 10, 0, 0, 0.00%, 0, 0, 1, 196.11
1735244870, 7, 0, 10, 0, 0, 0.00%, 0, 0, 1, 196.25
1735244875, 7, 1, 10, 0, 0, 0.00%, 0, 0, 1, 196.83
1735244881, 7, 3, 10, 0, 0, 0.00%, 0, 0, 1, 195.94
1735244886, 7, 4, 10, 0, 0, 0.00%, 0, 0, 1, 197.66
1735244891, 7, 6, 10, 0, 0, 0.00%, 0, 0, 1, 196.85
1735244896, 7, 7, 10, 0, 0, 0.00%, 0, 0, 1, 196.66
1735244901, 7, 8, 10, 0, 0, 0.00%, 0, 0, 1, 198.61
1735244906, 8, 0, 10, 0, 0, 0.00%, 0, 0, 1, 200.24
1735244912, 8, 1, 10, 0, 0, 0.00%, 0, 0, 1, 198.80
1735244917, 8, 3, 10, 0, 0, 0.00%, 0, 0, 1, 194.67
1735244922, 8, 4, 10, 0, 0, 0.00%, 0, 0, 1, 194.66
1735244927, 8, 5, 10, 0, 0, 0.00%, 0, 0, 1, 198.85
1735244932, 8, 7, 10, 0, 0, 0.00%, 0, 0, 1, 199.07
1735244937, 8, 8, 10, 0, 0, 0.00%, 0, 0, 1, 200.20
1735244942, 8, 9, 10, 0, 0, 0.00%, 0, 0, 1, 198.17
1735244947, 9, 1, 10, 0, 0, 0.00%, 0, 0, 1, 193.86
1735244952, 9, 2, 10, 0, 0, 0.00%, 0, 0, 1, 198.48
1735244957, 9, 3, 10, 0, 0, 0.00%, 0, 0, 1, 199.60
1735244962, 9, 5, 10, 0, 0, 0.00%, 0, 0, 1, 198.30
1735244967, 9, 6, 10, 0, 0, 0.00%, 0, 0, 1, 197.44
1735244973, 9, 8, 10, 0, 0, 0.00%, 0, 0, 1, 198.46
1735244978, 9, 9, 10, 0, 0, 0.00%, 0, 0, 1, 195.19
1735244983, 10, 0, 10, 0, 0, 0.00%, 0, 0, 1, 196.31
1735244988, 10, 2, 10, 0, 0, 0.00%, 0, 0, 1, 197.29
1735244993, 10, 3, 10, 0, 0, 0.00%, 0, 0, 1, 195.06
1735244998, 10, 4, 10, 0, 0, 0.00%, 0, 0, 1, 199.00
1735245003, 10, 6, 10, 0, 0, 0.00%, 0, 0, 1, 194.46
1735245009, 10, 7, 10, 0, 0, 0.00%, 0, 0, 1, 199.19
1735245014, 10, 8, 11, 1, 0, 0.05%, 1, 0, 2, 196.32
1735245019, 10, 10, 12, 2, 1, 0.05%, 2, 0, 3, 214.19
1735245044, 10, 10, 13, 3, 1, 0.05%, 3, 0, 3, 209.06
1735245095, 10, 10, 14, 4, 1, 0.05%, 4, 0, 3, 212.77
1735245120, 10, 10, 15, 5, 1, 0.06%, 5, 0, 3, 211.57
1735245135, 10, 10, 16, 6, 1, 0.06%, 6, 0, 3, 203.01
1735245146, 10, 10, 17, 7, 1, 0.06%, 7, 0, 3, 208.81
1735245166, 10, 11, 19, 8, 6, 0.06%, 9, 0, 4, 224.30
1735245186, 10, 11, 20, 9, 6, 0.06%, 9, 0, 4, 219.92
1735245192, 10, 11, 21, 10, 6, 0.06%, 9, 0, 4, 209.07
1735245247, 10, 11, 22, 11, 6, 0.06%, 9, 0, 4, 225.15
1735245329, 10, 12, 22, 10, 7, 0.06%, 9, 0, 4, 201.31
1735245334, 10, 12, 23, 11, 7, 0.06%, 9, 0, 4, 229.06
1735245360, 10, 12, 24, 12, 7, 0.06%, 9, 0, 4, 226.24
1735245365, 10, 12, 25, 13, 7, 0.06%, 9, 0, 4, 223.97
1735245386, 10, 12, 26, 14, 7, 0.06%, 9, 0, 4, 220.29
1735245416, 10, 12, 27, 15, 7, 0.06%, 9, 0, 4, 217.08
1735245457, 10, 13, 27, 14, 6, 0.06%, 9, 0, 4, 245.49
1735245462, 10, 13, 28, 15, 6, 0.06%, 9, 0, 4, 228.40
1735245492, 10, 13, 29, 16, 6, 0.06%, 9, 0, 4, 223.26
1735245583, 10, 14, 29, 15, 5, 0.06%, 9, 0, 4, 240.48
1735245594, 10, 14, 30, 16, 5, 0.06%, 9, 0, 4, 222.75
1735245599, 10, 14, 31, 17, 5, 0.06%, 9, 0, 4, 221.56
1735245655, 10, 14, 32, 18, 5, 0.06%, 9, 0, 4, 217.47
1735245670, 10, 14, 33, 19, 5, 0.06%, 9, 0, 4, 225.97
1735245696, 10, 14, 36, 22, 5, 0.06%, 9, 0, 4, 263.58
1735245706, 10, 15, 36, 21, 4, 0.06%, 9, 0, 4, 242.95
1735245737, 10, 15, 39, 24, 4, 0.06%, 9, 0, 4, 272.98
1735245742, 10, 15, 41, 26, 4, 0.06%, 9, 0, 4, 237.39
1735245747, 10, 17, 41, 25, 3, 0.06%, 9, 0, 4, 285.11
1735245798, 10, 17, 42, 26, 3, 0.06%, 9, 0, 5, 226.36
1735245803, 10, 18, 43, 26, 2, 0.06%, 9, 0, 5, 257.24
1735245829, 10, 18, 45, 28, 2, 0.06%, 9, 0, 5, 223.27
1735245921, 10, 18, 46, 29, 2, 0.06%, 9, 0, 5, 216.94
1735245966, 10, 18, 47, 30, 2, 0.06%, 9, 0, 5, 255.19
1735245971, 10, 22, 47, 29, 1, 0.06%, 9, 0, 5, 317.60
1735246012, 10, 22, 48, 30, 1, 0.06%, 9, 0, 5, 236.50
1735246022, 10, 22, 50, 32, 1, 0.06%, 9, 0, 5, 232.18
1735246032, 10, 25, 50, 31, 0, 0.06%, 9, 0, 5, 249.46
1735246073, 10, 25, 51, 32, 0, 0.06%, 9, 0, 5, 236.52
1735246078, 10, 25, 52, 33, 0, 0.06%, 9, 0, 5, 260.61
1735246083, 10, 26, 52, 32, 0, 0.06%, 9, 0, 5, 371.11
1735246134, 10, 26, 53, 33, 0, 0.06%, 9, 0, 5, 265.20
1735246159, 10, 26, 54, 34, 0, 0.06%, 9, 0, 5, 264.04
1735246230, 10, 26, 55, 35, 0, 0.06%, 9, 0, 5, 272.71
1735246265, 10, 29, 55, 34, 0, 0.06%, 9, 0, 5, 364.39
1735246326, 10, 29, 56, 35, 0, 0.06%, 9, 0, 5, 433.47
1735246351, 10, 29, 57, 36, 0, 0.06%, 9, 0, 5, 341.33
1735246356, 10, 29, 58, 37, 0, 0.06%, 9, 0, 5, 332.76
1735246438, 10, 41, 58, 36, 0, 0.06%, 9, 0, 5, 326.81
1735246479, 10, 41, 60, 38, 0, 0.06%, 9, 0, 6, 267.11
1735246489, 10, 47, 60, 37, 0, 0.06%, 9, 0, 6, 249.52
1735246606, 10, 48, 60, 36, 0, 0.06%, 9, 0, 6, 290.84
1735246799, 10, 49, 60, 35, 0, 0.06%, 9, 0, 6, 338.43
1735246906, 10, 49, 61, 36, 0, 0.06%, 9, 0, 6, 251.50
1735246916, 10, 50, 61, 35, 0, 0.06%, 9, 0, 6, 287.21
1735246926, 10, 50, 62, 36, 0, 0.06%, 9, 0, 6, 253.53
1735247002, 10, 52, 62, 35, 0, 0.06%, 9, 0, 6, 374.96
1735247027, 10, 52, 63, 36, 0, 0.06%, 9, 0, 6, 310.64
1735247083, 10, 54, 63, 35, 0, 0.06%, 9, 0, 6, 349.37
1735247159, 11, 11, 63, 34, 0, 0.06%, 9, 0, 6, 249.04
1735247174, 11, 12, 63, 34, 0, 0.06%, 9, 0, 6, 256.86
1735247179, 11, 13, 63, 34, 0, 0.06%, 9, 0, 6, 255.86
1735247189, 11, 14, 63, 34, 0, 0.06%, 9, 0, 6, 290.60
1735247199, 11, 15, 63, 34, 0, 0.06%, 9, 0, 6, 291.16
1735247209, 11, 16, 63, 34, 0, 0.06%, 9, 0, 6, 300.29
1735247230, 11, 16, 64, 35, 0, 0.06%, 9, 0, 6, 300.17
1735247235, 11, 17, 64, 34, 0, 0.06%, 9, 0, 6, 270.57
1735247255, 11, 18, 64, 34, 0, 0.06%, 9, 0, 6, 294.24
1735247270, 11, 18, 65, 35, 0, 0.06%, 9, 0, 6, 292.83
1735247281, 11, 39, 65, 35, 0, 0.06%, 9, 0, 6, 330.53
1735247549, 11, 43, 65, 34, 0, 0.06%, 9, 0, 6, 290.77
1735247595, 11, 49, 65, 33, 0, 0.06%, 9, 0, 6, 282.67
1735247615, 11, 53, 65, 33, 0, 0.06%, 9, 0, 6, 362.89
1735247671, 11, 60, 65, 32, 0, 0.06%, 9, 0, 6, 358.39
1735248067, 11, 64, 65, 31, 0, 0.06%, 9, 0, 6, 387.00
1735248112, 12, 11, 65, 30, 0, 0.06%, 9, 0, 6, 258.82
1735248117, 12, 12, 65, 30, 0, 0.06%, 9, 0, 6, 256.00
1735248122, 12, 13, 65, 30, 0, 0.06%, 9, 0, 6, 256.72
1735248128, 12, 14, 65, 30, 0, 0.06%, 9, 0, 6, 272.93
1735248133, 12, 15, 65, 30, 0, 0.06%, 9, 0, 6, 266.83
1735248138, 12, 16, 65, 30, 0, 0.06%, 9, 0, 6, 291.33
1735248148, 12, 17, 65, 30, 0, 0.06%, 9, 0, 6, 289.97
1735248158, 12, 18, 65, 30, 0, 0.06%, 9, 0, 6, 264.25
1735248168, 12, 24, 65, 30, 0, 0.06%, 9, 0, 6, 291.40
1735248219, 12, 30, 65, 29, 0, 0.06%, 9, 0, 6, 297.56
1735248270, 12, 33, 65, 28, 0, 0.06%, 9, 0, 6, 362.14
1735248321, 12, 36, 65, 27, 0, 0.06%, 9, 0, 6, 255.78
1735248453, 12, 38, 66, 27, 0, 0.06%, 9, 0, 6, 227.15
1735249271, 12, 46, 66, 26, 0, 0.06%, 9, 0, 6, 294.33
1735249322, 12, 59, 66, 25, 0, 0.06%, 9, 0, 6, 272.62
1735249372, 12, 60, 66, 24, 0, 0.06%, 9, 0, 6, 297.08
1735249393, 12, 61, 66, 24, 0, 0.06%, 9, 0, 6, 356.46
1735249403, 12, 61, 68, 26, 0, 0.06%, 9, 0, 7, 295.49
1735249530, 13, 11, 68, 25, 0, 0.06%, 9, 0, 7, 273.43
1735249535, 13, 12, 68, 25, 0, 0.06%, 9, 0, 7, 258.16
1735249540, 13, 13, 68, 25, 0, 0.06%, 9, 0, 7, 269.57
1735249545, 13, 14, 68, 25, 0, 0.06%, 9, 0, 7, 272.69
1735249550, 13, 15, 68, 25, 0, 0.06%, 9, 0, 7, 286.67
1735249556, 13, 16, 68, 25, 0, 0.06%, 9, 0, 7, 275.50
1735249561, 13, 17, 68, 25, 0, 0.06%, 9, 0, 7, 270.05
1735249571, 13, 18, 68, 25, 0, 0.06%, 9, 0, 7, 261.92
1735249581, 13, 19, 68, 25, 0, 0.06%, 9, 0, 7, 284.16
1735249626, 13, 23, 68, 24, 0, 0.06%, 9, 0, 7, 233.54
