# unix_time, cycles_done, cur_path, paths_total, pending_total, pending_favs, map_size, unique_crashes, unique_hangs, max_depth, execs_per_sec
1735622496, 0, 0, 10, 10, 1, 0.00%, 0, 0, 1, 151.52
1735622501, 0, 4, 10, 10, 1, 0.00%, 0, 0, 1, 188.29
1735622506, 0, 5, 10, 9, 0, 0.00%, 0, 0, 1, 187.23
1735622517, 0, 6, 10, 8, 0, 0.00%, 0, 0, 1, 198.34
1735622522, 0, 7, 10, 7, 0, 0.00%, 0, 0, 1, 180.11
1735622532, 0, 8, 10, 6, 0, 0.00%, 0, 0, 1, 192.85
1735622537, 0, 9, 10, 5, 0, 0.00%, 0, 0, 1, 177.82
1735622547, 1, 0, 10, 4, 0, 0.00%, 0, 0, 1, 194.51
1735622558, 1, 1, 10, 3, 0, 0.00%, 0, 0, 1, 192.94
1735622568, 1, 2, 10, 2, 0, 0.00%, 0, 0, 1, 194.27
1735622578, 1, 3, 10, 1, 0, 0.00%, 0, 0, 1, 192.17
1735622589, 1, 4, 10, 0, 0, 0.00%, 0, 0, 1, 189.69
1735622594, 1, 6, 10, 0, 0, 0.00%, 0, 0, 1, 190.06
1735622599, 1, 7, 10, 0, 0, 0.00%, 0, 0, 1, 194.93
1735622604, 1, 8, 10, 0, 0, 0.00%, 0, 0, 1, 193.54
1735622609, 2, 0, 10, 0, 0, 0.00%, 0, 0, 1, 192.86
1735622614, 2, 1, 10, 0, 0, 0.00%, 0, 0, 1, 190.77
1735622620, 2, 2, 10, 0, 0, 0.00%, 0, 0, 1, 193.38
1735622625, 2, 4, 10, 0, 0, 0.00%, 0, 0, 1, 190.05
1735622630, 2, 5, 10, 0, 0, 0.00%, 0, 0, 1, 191.49
1735622635, 2, 6, 10, 0, 0, 0.00%, 0, 0, 1, 191.33
1735622640, 2, 8, 10, 0, 0, 0.00%, 0, 0, 1, 194.33
1735622645, 2, 9, 10, 0, 0, 0.00%, 0, 0, 1, 193.81
1735622650, 3, 1, 10, 0, 0, 0.00%, 0, 0, 1, 191.13
1735622656, 3, 2, 10, 0, 0, 0.00%, 0, 0, 1, 191.67
1735622661, 3, 3, 10, 0, 0, 0.00%, 0, 0, 1, 195.29
1735622666, 3, 5, 10, 0, 0, 0.00%, 0, 0, 1, 192.89
1735622671, 3, 6, 10, 0, 0, 0.00%, 0, 0, 1, 191.83
1735622676, 3, 7, 10, 0, 0, 0.00%, 0, 0, 1, 190.01
1735622681, 3, 9, 10, 0, 0, 0.00%, 0, 0, 1, 192.79
1735622687, 4, 0, 10, 0, 0, 0.00%, 0, 0, 1, 193.63
1735622692, 4, 1, 10, 0, 0, 0.00%, 0, 0, 1, 193.94
1735622697, 4, 3, 10, 0, 0, 0.00%, 0, 0, 1, 196.31
1735622702, 4, 4, 10, 0, 0, 0.00%, 0, 0, 1, 194.09
1735622707, 4, 5, 10, 0, 0, 0.00%, 0, 0, 1, 191.65
1735622712, 4, 7, 10, 0, 0, 0.00%, 0, 0, 1, 189.94
1735622717, 4, 8, 10, 0, 0, 0.00%, 0, 0, 1, 191.22
1735622722, 4, 9, 10, 0, 0, 0.00%, 0, 0, 1, 194.41
1735622727, 5, 1, 10, 0, 0, 0.00%, 0, 0, 1, 192.78
1735622732, 5, 2, 10, 0, 0, 0.00%, 0, 0, 1, 189.71
1735622737, 5, 3, 10, 0, 0, 0.00%, 0, 0, 1, 195.88
1735622743, 5, 5, 10, 0, 0, 0.00%, 0, 0, 1, 190.59
1735622748, 5, 6, 10, 0, 0, 0.00%, 0, 0, 1, 190.94
1735622753, 5, 7, 10, 0, 0, 0.00%, 0, 0, 1, 190.07
1735622758, 5, 8, 10, 0, 0, 0.00%, 0, 0, 1, 186.26
1735622763, 6, 0, 10, 0, 0, 0.00%, 0, 0, 1, 188.99
1735622768, 6, 1, 10, 0, 0, 0.00%, 0, 0, 1, 190.40
1735622773, 6, 2, 10, 0, 0, 0.00%, 0, 0, 1, 189.74
1735622779, 6, 4, 10, 0, 0, 0.00%, 0, 0, 1, 189.97
1735622784, 6, 5, 10, 0, 0, 0.00%, 0, 0, 1, 189.74
1735622789, 6, 6, 10, 0, 0, 0.00%, 0, 0, 1, 192.47
1735622794, 6, 8, 10, 0, 0, 0.00%, 0, 0, 1, 189.14
1735622799, 6, 9, 10, 0, 0, 0.00%, 0, 0, 1, 192.74
1735622804, 7, 0, 10, 0, 0, 0.00%, 0, 0, 1, 192.63
1735622809, 7, 2, 10, 0, 0, 0.00%, 0, 0, 1, 192.58
1735622814, 7, 3, 10, 0, 0, 0.00%, 0, 0, 1, 195.47
1735622819, 7, 4, 10, 0, 0, 0.00%, 0, 0, 1, 192.43
1735622824, 7, 6, 10, 0, 0, 0.00%, 0, 0, 1, 191.66
1735622830, 7, 7, 10, 0, 0, 0.00%, 0, 0, 1, 191.78
1735622835, 7, 9, 10, 0, 0, 0.00%, 0, 0, 1, 191.94
1735622840, 8, 0, 10, 0, 0, 0.00%, 0, 0, 1, 189.06
1735622845, 8, 1, 10, 0, 0, 0.00%, 0, 0, 1, 193.39
1735622850, 8, 3, 10, 0, 0, 0.00%, 0, 0, 1, 192.67
1735622856, 8, 4, 10, 0, 0, 0.00%, 0, 0, 1, 192.11
1735622861, 8, 5, 10, 0, 0, 0.00%, 0, 0, 1, 191.52
1735622866, 8, 7, 10, 0, 0, 0.00%, 0, 0, 1, 188.89
1735622871, 8, 8, 10, 0, 0, 0.00%, 0, 0, 1, 192.73
1735622876, 8, 9, 10, 0, 0, 0.00%, 0, 0, 1, 191.63
1735622881, 9, 1, 10, 0, 0, 0.00%, 0, 0, 1, 193.64
1735622886, 9, 10, 11, 1, 1, 0.05%, 1, 0, 2, 205.85
1735622892, 9, 10, 12, 2, 1, 0.05%, 2, 0, 3, 204.94
1735622978, 9, 11, 12, 1, 1, 0.05%, 2, 0, 3, 196.94
1735622983, 9, 11, 16, 5, 1, 0.06%, 5, 0, 4, 215.54
1735622993, 9, 11, 17, 6, 1, 0.06%, 6, 0, 4, 210.53
1735623028, 9, 11, 18, 7, 1, 0.06%, 6, 0, 4, 205.51
1735623069, 9, 11, 19, 8, 1, 0.06%, 7, 0, 4, 204.98
1735623125, 9, 12, 19, 7, 5, 0.06%, 7, 0, 4, 225.66
1735623130, 9, 12, 20, 8, 5, 0.06%, 7, 0, 5, 214.36
1735623175, 9, 12, 21, 9, 5, 0.06%, 7, 0, 5, 215.48
1735623180, 9, 12, 23, 11, 5, 0.06%, 7, 0, 5, 211.87
1735623242, 9, 12, 24, 12, 5, 0.06%, 8, 0, 5, 219.05
1735623262, 9, 12, 25, 13, 5, 0.06%, 8, 0, 5, 219.61
1735623288, 9, 12, 26, 14, 5, 0.06%, 8, 0, 5, 233.91
1735623303, 9, 12, 27, 15, 5, 0.06%, 8, 0, 5, 208.11
1735623308, 9, 12, 30, 18, 5, 0.06%, 8, 0, 5, 242.56
1735623313, 9, 13, 30, 17, 5, 0.06%, 8, 0, 5, 237.20
1735623318, 9, 13, 31, 18, 5, 0.06%, 8, 0, 5, 221.99
1735623339, 9, 13, 32, 19, 5, 0.06%, 8, 0, 5, 219.60
1735623359, 9, 13, 34, 21, 5, 0.06%, 9, 0, 5, 216.19
1735623379, 9, 13, 35, 22, 5, 0.06%, 9, 0, 5, 217.27
1735623389, 9, 13, 36, 23, 5, 0.06%, 9, 0, 5, 217.01
1735623404, 9, 13, 37, 24, 5, 0.06%, 9, 0, 5, 216.30
1735623440, 9, 13, 39, 26, 5, 0.06%, 9, 0, 5, 240.01
1735623445, 9, 13, 41, 28, 5, 0.06%, 9, 0, 5, 238.91
1735623450, 9, 14, 41, 27, 5, 0.06%, 9, 0, 5, 250.91
1735623475, 9, 14, 42, 28, 5, 0.06%, 9, 0, 5, 219.07
1735623531, 9, 14, 43, 29, 5, 0.06%, 9, 0, 5, 253.16
1735623541, 9, 18, 43, 28, 4, 0.06%, 9, 0, 5, 253.00
1735623576, 9, 18, 44, 29, 4, 0.06%, 9, 0, 5, 217.92
1735623581, 9, 18, 45, 30, 4, 0.06%, 9, 0, 5, 215.78
1735623632, 9, 18, 46, 31, 4, 0.06%, 9, 0, 5, 215.72
1735623693, 9, 18, 47, 32, 4, 0.06%, 9, 0, 5, 218.04
1735623698, 9, 18, 50, 35, 4, 0.06%, 9, 0, 5, 298.70
1735623708, 9, 18, 53, 38, 4, 0.06%, 9, 0, 5, 257.82
1735623713, 9, 18, 56, 41, 4, 0.06%, 9, 0, 5, 255.91
1735623718, 9, 20, 56, 40, 3, 0.06%, 9, 0, 5, 284.55
1735623754, 9, 20, 57, 41, 3, 0.06%, 9, 0, 6, 226.27
1735623805, 9, 23, 57, 40, 2, 0.06%, 9, 0, 6, 261.10
1735623861, 9, 38, 57, 39, 1, 0.06%, 9, 0, 6, 288.53
1735623912, 9, 38, 58, 40, 1, 0.06%, 9, 0, 6, 260.79
1735623917, 9, 42, 60, 41, 0, 0.06%, 9, 0, 6, 216.89
1735623983, 9, 42, 62, 43, 0, 0.06%, 9, 0, 6, 431.97
1735624405, 9, 42, 63, 44, 0, 0.06%, 9, 0, 6, 262.86
1735624421, 9, 44, 63, 43, 0, 0.06%, 9, 0, 6, 374.41
1735624451, 9, 44, 66, 46, 0, 0.06%, 9, 0, 6, 350.15
1735624507, 9, 44, 67, 47, 0, 0.06%, 9, 0, 6, 289.01
1735624518, 9, 44, 68, 48, 0, 0.06%, 9, 0, 6, 284.02
1735624579, 9, 49, 68, 47, 0, 0.06%, 9, 0, 6, 339.57
1735624629, 9, 50, 68, 46, 0, 0.06%, 9, 0, 6, 302.36
1735624665, 9, 50, 69, 47, 0, 0.06%, 9, 0, 6, 240.42
1735624695, 9, 50, 70, 48, 0, 0.06%, 9, 0, 6, 238.08
1735624726, 9, 50, 71, 49, 0, 0.06%, 9, 0, 6, 234.26
1735624787, 9, 53, 71, 48, 0, 0.06%, 9, 0, 6, 221.31
1735624909, 9, 53, 72, 49, 0, 0.06%, 9, 0, 6, 242.42
1735624914, 9, 60, 72, 48, 0, 0.06%, 9, 0, 6, 286.92
1735625041, 9, 62, 72, 47, 0, 0.06%, 9, 0, 6, 289.46
1735625086, 9, 62, 73, 48, 0, 0.06%, 9, 0, 7, 264.22
1735625096, 9, 64, 73, 47, 0, 0.06%, 9, 0, 7, 406.92
1735625147, 9, 65, 73, 46, 0, 0.06%, 9, 0, 7, 271.97
1735625203, 9, 68, 73, 45, 0, 0.06%, 9, 0, 7, 397.87
1735625259, 10, 11, 73, 44, 0, 0.06%, 9, 0, 7, 234.34
1735625269, 10, 12, 73, 44, 0, 0.06%, 9, 0, 7, 231.23
1735625290, 10, 13, 73, 44, 0, 0.06%, 9, 0, 7, 262.09
1735625315, 10, 14, 73, 44, 0, 0.06%, 9, 0, 7, 236.43
1735625335, 10, 15, 73, 44, 0, 0.06%, 9, 0, 7, 328.33
1735625391, 10, 18, 73, 43, 0, 0.06%, 9, 0, 7, 240.44
1735625412, 10, 20, 73, 43, 0, 0.06%, 9, 0, 7, 296.97
1735625437, 10, 21, 73, 43, 0, 0.06%, 9, 0, 7, 285.92
1735625487, 10, 23, 73, 42, 0, 0.06%, 9, 0, 7, 242.51
1735625513, 10, 26, 73, 42, 0, 0.06%, 9, 0, 7, 277.70
1735625564, 10, 27, 73, 41, 0, 0.06%, 9, 0, 7, 294.76
1735625569, 10, 27, 74, 42, 0, 0.06%, 9, 0, 7, 242.52
1735625651, 10, 31, 74, 41, 0, 0.06%, 9, 0, 7, 368.48
1735625732, 10, 34, 74, 40, 0, 0.06%, 9, 0, 7, 288.65
1735625783, 10, 38, 74, 39, 0, 0.06%, 9, 0, 7, 252.06
1735625803, 10, 41, 74, 39, 0, 0.06%, 9, 0, 7, 329.48
1735625829, 10, 41, 76, 41, 0, 0.06%, 9, 0, 7, 420.39
1735625935, 10, 47, 76, 40, 0, 0.06%, 9, 0, 7, 402.36
1735625987, 10, 47, 77, 41, 0, 0.06%, 9, 0, 7, 328.74
1735626047, 10, 51, 77, 40, 0, 0.06%, 9, 0, 7, 249.43
1735626164, 10, 52, 77, 39, 0, 0.06%, 9, 0, 7, 296.76
1735626287, 10, 54, 77, 38, 0, 0.06%, 9, 0, 7, 336.18
1735626476, 10, 58, 77, 37, 0, 0.06%, 9, 0, 7, 263.05
1735626750, 10, 67, 77, 36, 0, 0.06%, 9, 0, 7, 299.86
1735626857, 10, 69, 77, 35, 0, 0.06%, 9, 0, 7, 309.89
1735627045, 10, 71, 77, 34, 0, 0.06%, 9, 0, 7, 333.78
1735627132, 10, 74, 77, 33, 0, 0.06%, 9, 0, 7, 232.50
1735627259, 11, 11, 77, 32, 0, 0.06%, 9, 0, 7, 259.62
1735627264, 11, 12, 77, 32, 0, 0.06%, 9, 0, 7, 246.88
1735627274, 11, 13, 77, 32, 0, 0.06%, 9, 0, 7, 260.89
1735627284, 11, 14, 77, 32, 0, 0.06%, 9, 0, 7, 252.03
1735627294, 11, 16, 77, 32, 0, 0.06%, 9, 0, 7, 294.90
1735627345, 11, 17, 77, 31, 0, 0.06%, 9, 0, 7, 309.27
1735627395, 11, 18, 77, 30, 0, 0.06%, 9, 0, 7, 239.47
1735627405, 11, 20, 77, 30, 0, 0.06%, 9, 0, 7, 246.90
1735627416, 11, 23, 77, 30, 0, 0.06%, 9, 0, 7, 284.92
1735627431, 11, 25, 77, 30, 0, 0.06%, 9, 0, 7, 274.41
1735627477, 11, 25, 78, 31, 0, 0.06%, 9, 0, 7, 275.10
1735627482, 11, 28, 78, 30, 0, 0.06%, 9, 0, 7, 311.21
1735627538, 11, 38, 78, 29, 0, 0.06%, 9, 0, 7, 250.63
1735627548, 11, 40, 78, 29, 0, 0.06%, 9, 0, 7, 260.69
1735627624, 11, 41, 78, 28, 0, 0.06%, 9, 0, 7, 297.97
1735627645, 11, 48, 78, 28, 0, 0.06%, 9, 0, 7, 377.53
1735627696, 11, 61, 78, 27, 0, 0.06%, 9, 0, 7, 371.71
1735627817, 11, 66, 78, 26, 0, 0.06%, 9, 0, 7, 311.05
1735627919, 11, 70, 78, 25, 0, 0.06%, 9, 0, 7, 299.72
1735627975, 11, 71, 78, 24, 0, 0.06%, 9, 0, 7, 287.09
1735627995, 11, 77, 78, 24, 0, 0.06%, 9, 0, 7, 408.81
1735628086, 12, 12, 78, 23, 0, 0.06%, 9, 0, 7, 243.96
1735628091, 12, 13, 78, 23, 0, 0.06%, 9, 0, 7, 253.89
1735628096, 12, 14, 78, 23, 0, 0.06%, 9, 0, 7, 259.46
1735628101, 12, 18, 78, 23, 0, 0.06%, 9, 0, 7, 259.18
1735628107, 12, 19, 78, 23, 0, 0.06%, 9, 0, 7, 257.41
1735628244, 12, 20, 78, 22, 0, 0.06%, 9, 0, 7, 263.40
1735628249, 12, 23, 78, 22, 0, 0.06%, 9, 0, 7, 270.03
1735628254, 12, 30, 78, 22, 0, 0.06%, 9, 0, 7, 266.50
1735628299, 12, 30, 79, 23, 0, 0.06%, 9, 0, 7, 292.62
1735628310, 12, 36, 79, 22, 0, 0.06%, 9, 0, 7, 285.03
1735628360, 12, 38, 79, 21, 0, 0.06%, 9, 0, 7, 271.42
1735628365, 12, 61, 79, 21, 0, 0.06%, 9, 0, 7, 285.89
1735628386, 12, 71, 79, 21, 0, 0.06%, 9, 0, 7, 267.15
1735628396, 12, 76, 79, 21, 0, 0.06%, 9, 0, 7, 329.81
1735628487, 13, 11, 79, 20, 0, 0.06%, 9, 0, 7, 269.13
1735628493, 13, 12, 79, 20, 0, 0.06%, 9, 0, 7, 247.34
1735628498, 13, 13, 79, 20, 0, 0.06%, 9, 0, 7, 240.56
1735628503, 13, 14, 79, 20, 0, 0.06%, 9, 0, 7, 243.01
1735628508, 13, 18, 79, 20, 0, 0.06%, 9, 0, 7, 252.65
1735628513, 13, 20, 79, 20, 0, 0.06%, 9, 0, 7, 258.26
1735628518, 13, 21, 79, 20, 0, 0.06%, 9, 0, 7, 260.10
1735628538, 13, 23, 79, 20, 0, 0.06%, 9, 0, 7, 260.41
1735628543, 13, 30, 79, 20, 0, 0.06%, 9, 0, 7, 258.22
1735628569, 13, 32, 79, 20, 0, 0.06%, 9, 0, 7, 346.00
1735628732, 13, 38, 79, 19, 0, 0.06%, 9, 0, 7, 273.37
1735628737, 13, 39, 79, 19, 0, 0.06%, 9, 0, 7, 325.56
1735628793, 13, 46, 79, 18, 0, 0.06%, 9, 0, 7, 360.41
1735629092, 13, 55, 79, 17, 0, 0.06%, 9, 0, 7, 343.66
1735629198, 13, 56, 79, 16, 0, 0.06%, 9, 0, 7, 383.35
1735629280, 14, 12, 79, 15, 0, 0.06%, 9, 0, 7, 243.82
1735629290, 14, 13, 79, 15, 0, 0.06%, 9, 0, 7, 252.12
1735629295, 14, 14, 79, 15, 0, 0.06%, 9, 0, 7, 255.82
1735629300, 14, 15, 79, 15, 0, 0.06%, 9, 0, 7, 270.64
1735629320, 14, 18, 79, 15, 0, 0.06%, 9, 0, 7, 254.18
1735629325, 14, 20, 79, 15, 0, 0.06%, 9, 0, 7, 250.75
1735629330, 14, 22, 79, 15, 0, 0.06%, 9, 0, 7, 298.56
1735629381, 14, 23, 79, 14, 0, 0.06%, 9, 0, 7, 230.34
1735629386, 14, 24, 79, 14, 0, 0.06%, 9, 0, 7, 246.91
1735629686, 14, 38, 79, 13, 0, 0.06%, 9, 0, 7, 277.17
1735629696, 14, 42, 79, 13, 0, 0.06%, 9, 0, 7, 308.87
1735629717, 14, 43, 79, 13, 0, 0.06%, 9, 0, 7, 288.64
1735629757, 14, 59, 79, 12, 0, 0.06%, 9, 0, 7, 385.44
1735629834, 14, 72, 79, 11, 0, 0.06%, 9, 0, 7, 271.55
1735629940, 14, 78, 79, 10, 0, 0.06%, 9, 0, 7, 298.83
1735630052, 15, 11, 79, 9, 0, 0.06%, 9, 0, 7, 243.81
1735630057, 15, 12, 79, 9, 0, 0.06%, 9, 0, 7, 247.27
1735630062, 15, 13, 79, 9, 0, 0.06%, 9, 0, 7, 239.54
1735630067, 15, 14, 79, 9, 0, 0.06%, 9, 0, 7, 253.59
1735630072, 15, 18, 79, 9, 0, 0.06%, 9, 0, 7, 244.95
1735630077, 15, 20, 79, 9, 0, 0.06%, 9, 0, 7, 261.23
1735630082, 15, 23, 79, 9, 0, 0.06%, 9, 0, 7, 264.89
1735630087, 15, 38, 79, 9, 0, 0.06%, 9, 0, 7, 271.89
1735630092, 15, 46, 79, 9, 0, 0.06%, 9, 0, 7, 300.48
1735630112, 15, 57, 79, 9, 0, 0.06%, 9, 0, 7, 319.33
1735630397, 16, 11, 79, 8, 0, 0.06%, 9, 0, 7, 261.03
1735630402, 16, 12, 79, 8, 0, 0.06%, 9, 0, 7, 267.01
1735630407, 16, 13, 79, 8, 0, 0.06%, 9, 0, 7, 259.97
1735630412, 16, 14, 79, 8, 0, 0.06%, 9, 0, 7, 245.44
1735630417, 16, 18, 79, 8, 0, 0.06%, 9, 0, 7, 271.77
1735630422, 16, 20, 79, 8, 0, 0.06%, 9, 0, 7, 271.66
1735630427, 16, 23, 79, 8, 0, 0.06%, 9, 0, 7, 238.09
1735630432, 16, 37, 79, 8, 0, 0.06%, 9, 0, 7, 371.16
1735630483, 16, 38, 79, 7, 0, 0.06%, 9, 0, 7, 267.18
1735630488, 16, 45, 79, 7, 0, 0.06%, 9, 0, 7, 345.61
1735630539, 16, 49, 79, 6, 0, 0.06%, 9, 0, 7, 280.10
1735630559, 16, 75, 79, 6, 0, 0.06%, 9, 0, 7, 270.44
1735630686, 17, 11, 79, 5, 0, 0.06%, 9, 0, 7, 259.63
1735630691, 17, 12, 79, 5, 0, 0.06%, 9, 0, 7, 250.30
1735630696, 17, 13, 79, 5, 0, 0.06%, 9, 0, 7, 254.50
1735630701, 17, 14, 79, 5, 0, 0.06%, 9, 0, 7, 257.68
1735630707, 17, 18, 79, 5, 0, 0.06%, 9, 0, 7, 261.98
1735630712, 17, 20, 79, 5, 0, 0.06%, 9, 0, 7, 261.94
1735630717, 17, 21, 79, 5, 0, 0.06%, 9, 0, 7, 257.01
1735630727, 17, 23, 79, 5, 0, 0.06%, 9, 0, 7, 250.83
1735630732, 17, 38, 79, 5, 0, 0.06%, 9, 0, 7, 259.81
1735630737, 17, 49, 79, 5, 0, 0.06%, 9, 0, 7, 268.93
1735630752, 17, 50, 79, 5, 0, 0.06%, 9, 0, 7, 258.99
1735630772, 17, 73, 79, 5, 0, 0.06%, 9, 0, 7, 266.36
1735631290, 18, 12, 79, 4, 0, 0.06%, 9, 0, 7, 254.42
1735631295, 18, 13, 79, 4, 0, 0.06%, 9, 0, 7, 259.31
1735631300, 18, 14, 79, 4, 0, 0.06%, 9, 0, 7, 270.57
1735631310, 18, 18, 79, 4, 0, 0.06%, 9, 0, 7, 267.96
1735631315, 18, 20, 79, 4, 0, 0.06%, 9, 0, 7, 267.34
1735631320, 18, 23, 79, 4, 0, 0.06%, 9, 0, 7, 266.60
1735631325, 18, 38, 79, 4, 0, 0.06%, 9, 0, 7, 279.24
1735631331, 18, 44, 79, 4, 0, 0.06%, 9, 0, 7, 300.43
1735631351, 18, 46, 79, 4, 0, 0.06%, 9, 0, 7, 339.07
1735631361, 18, 61, 79, 4, 0, 0.06%, 9, 0, 7, 290.33
1735631371, 19, 12, 79, 4, 0, 0.06%, 9, 0, 7, 248.02
1735631376, 19, 13, 79, 4, 0, 0.06%, 9, 0, 7, 255.16
1735631381, 19, 14, 79, 4, 0, 0.06%, 9, 0, 7, 252.79
1735631386, 19, 18, 79, 4, 0, 0.06%, 9, 0, 7, 246.08
1735631391, 19, 20, 79, 4, 0, 0.06%, 9, 0, 7, 260.57
1735631396, 19, 23, 79, 4, 0, 0.06%, 9, 0, 7, 274.01
1735631401, 19, 38, 79, 4, 0, 0.06%, 9, 0, 7, 270.69
1735631406, 19, 49, 79, 4, 0, 0.06%, 9, 0, 7, 275.59
1735631417, 20, 12, 79, 4, 0, 0.06%, 9, 0, 7, 253.99
1735631422, 20, 13, 79, 4, 0, 0.06%, 9, 0, 7, 263.79
1735631427, 20, 14, 79, 4, 0, 0.06%, 9, 0, 7, 246.12
1735631437, 20, 18, 79, 4, 0, 0.06%, 9, 0, 7, 272.72
1735631442, 20, 20, 79, 4, 0, 0.06%, 9, 0, 7, 266.11
1735631447, 20, 23, 79, 4, 0, 0.06%, 9, 0, 7, 258.07
1735631452, 20, 33, 79, 4, 0, 0.06%, 9, 0, 7, 384.28
1735631503, 20, 35, 79, 3, 0, 0.06%, 9, 0, 7, 319.76
1735631559, 20, 38, 79, 2, 0, 0.06%, 9, 0, 7, 265.91
1735631564, 20, 55, 79, 2, 0, 0.06%, 9, 0, 7, 301.11
1735631584, 21, 11, 79, 2, 0, 0.06%, 9, 0, 7, 263.59
1735631589, 21, 12, 79, 2, 0, 0.06%, 9, 0, 7, 259.19
1735631594, 21, 13, 79, 2, 0, 0.06%, 9, 0, 7, 265.61
1735631599, 21, 14, 79, 2, 0, 0.06%, 9, 0, 7, 263.49
1735631604, 21, 18, 79, 2, 0, 0.06%, 9, 0, 7, 270.54
1735631609, 21, 19, 79, 2, 0, 0.06%, 9, 0, 7, 288.93
1735631630, 21, 20, 79, 2, 0, 0.06%, 9, 0, 7, 283.60
1735631635, 21, 23, 79, 2, 0, 0.06%, 9, 0, 7, 260.58
1735631640, 21, 25, 79, 2, 0, 0.06%, 9, 0, 7, 249.78
1735631660, 21, 38, 79, 2, 0, 0.06%, 9, 0, 7, 257.33
1735631665, 21, 58, 79, 2, 0, 0.06%, 9, 0, 7, 273.33
1735631690, 22, 12, 79, 2, 0, 0.06%, 9, 0, 7, 260.28
1735631696, 22, 13, 79, 2, 0, 0.06%, 9, 0, 7, 245.58
1735631701, 22, 14, 79, 2, 0, 0.06%, 9, 0, 7, 252.73
1735631706, 22, 16, 79, 2, 0, 0.06%, 9, 0, 7, 264.29
1735631731, 22, 17, 79, 2, 0, 0.06%, 9, 0, 7, 251.65
1735631751, 22, 18, 79, 2, 0, 0.06%, 9, 0, 7, 271.42
1735631756, 22, 20, 79, 2, 0, 0.06%, 9, 0, 7, 261.88
1735631761, 22, 23, 79, 2, 0, 0.06%, 9, 0, 7, 245.33
1735631766, 22, 38, 79, 2, 0, 0.06%, 9, 0, 7, 269.52
1735631771, 22, 40, 79, 2, 0, 0.06%, 9, 0, 7, 292.63
1735631792, 22, 48, 79, 2, 0, 0.06%, 9, 0, 7, 298.18
1735631812, 23, 3, 79, 2, 0, 0.06%, 9, 0, 7, 263.51
1735631817, 23, 12, 79, 2, 0, 0.06%, 9, 0, 7, 252.57
1735631822, 23, 13, 79, 2, 0, 0.06%, 9, 0, 7, 246.19
1735631827, 23, 14, 79, 2, 0, 0.06%, 9, 0, 7, 268.95
1735631832, 23, 18, 79, 2, 0, 0.06%, 9, 0, 7, 254.81
1735631838, 23, 20, 79, 2, 0, 0.06%, 9, 0, 7, 268.64
1735631843, 23, 23, 79, 2, 0, 0.06%, 9, 0, 7, 266.73
1735631848, 23, 26, 79, 2, 0, 0.06%, 9, 0, 7, 258.72
1735631873, 23, 29, 79, 2, 0, 0.06%, 9, 0, 7, 310.27
1735631924, 23, 38, 79, 1, 0, 0.06%, 9, 0, 7, 285.42
1735631929, 23, 39, 79, 1, 0, 0.06%, 9, 0, 7, 262.27
1735631949, 23, 41, 79, 1, 0, 0.06%, 9, 0, 7, 287.70
1735631959, 23, 68, 79, 1, 0, 0.06%, 9, 0, 7, 284.46
1735631980, 24, 10, 79, 1, 0, 0.06%, 9, 0, 7, 263.23
1735631990, 24, 11, 79, 1, 0, 0.06%, 9, 0, 7, 269.88
1735631995, 24, 12, 79, 1, 0, 0.06%, 9, 0, 7, 265.83
1735632000, 24, 13, 79, 1, 0, 0.06%, 9, 0, 7, 262.73
1735632005, 24, 14, 79, 1, 0, 0.06%, 9, 0, 7, 274.35
1735632010, 24, 18, 79, 1, 0, 0.06%, 9, 0, 7, 259.31
1735632016, 24, 20, 79, 1, 0, 0.06%, 9, 0, 7, 272.91
1735632021, 24, 23, 79, 1, 0, 0.06%, 9, 0, 7, 256.20
1735632026, 24, 26, 79, 1, 0, 0.06%, 9, 0, 7, 261.15
1735632036, 24, 38, 79, 1, 0, 0.06%, 9, 0, 7, 267.49
1735632041, 24, 48, 79, 1, 0, 0.06%, 9, 0, 7, 259.50
1735632051, 24, 49, 79, 1, 0, 0.06%, 9, 0, 7, 276.22
1735632056, 25, 11, 79, 1, 0, 0.06%, 9, 0, 7, 286.79
1735632061, 25, 12, 79, 1, 0, 0.06%, 9, 0, 7, 263.39
1735632066, 25, 13, 79, 1, 0, 0.06%, 9, 0, 7, 261.40
1735632071, 25, 14, 79, 1, 0, 0.06%, 9, 0, 7, 253.99
1735632076, 25, 18, 79, 1, 0, 0.06%, 9, 0, 7, 265.38
1735632081, 25, 20, 79, 1, 0, 0.06%, 9, 0, 7, 256.56
1735632087, 25, 23, 79, 1, 0, 0.06%, 9, 0, 7, 263.57
1735632092, 25, 38, 79, 1, 0, 0.06%, 9, 0, 7, 268.34
1735632097, 25, 55, 79, 1, 0, 0.06%, 9, 0, 7, 288.52
1735632107, 26, 11, 79, 1, 0, 0.06%, 9, 0, 7, 280.84
1735632112, 26, 12, 79, 1, 0, 0.06%, 9, 0, 7, 262.62
1735632117, 26, 13, 79, 1, 0, 0.06%, 9, 0, 7, 275.59
1735632122, 26, 14, 79, 1, 0, 0.06%, 9, 0, 7, 253.77
1735632127, 26, 18, 79, 1, 0, 0.06%, 9, 0, 7, 260.95
1735632132, 26, 20, 79, 1, 0, 0.06%, 9, 0, 7, 275.52
1735632137, 26, 23, 79, 1, 0, 0.06%, 9, 0, 7, 273.92
1735632142, 26, 25, 79, 1, 0, 0.06%, 9, 0, 7, 257.80
1735632153, 26, 32, 79, 1, 0, 0.06%, 9, 0, 7, 307.37
1735632173, 26, 38, 79, 1, 0, 0.06%, 9, 0, 7, 259.09
1735632178, 26, 39, 79, 1, 0, 0.06%, 9, 0, 7, 269.74
1735632188, 26, 69, 79, 1, 0, 0.06%, 9, 0, 7, 298.32
1735632208, 27, 11, 79, 1, 0, 0.06%, 9, 0, 7, 274.83
1735632213, 27, 12, 79, 1, 0, 0.06%, 9, 0, 7, 266.35
1735632218, 27, 13, 79, 1, 0, 0.06%, 9, 0, 7, 263.11
1735632223, 27, 14, 79, 1, 0, 0.06%, 9, 0, 7, 264.89
1735632228, 27, 18, 79, 1, 0, 0.06%, 9, 0, 7, 268.83
1735632234, 27, 20, 79, 1, 0, 0.06%, 9, 0, 7, 278.02
1735632239, 27, 23, 79, 1, 0, 0.06%, 9, 0, 7, 281.69
1735632244, 27, 38, 79, 1, 0, 0.06%, 9, 0, 7, 275.67
1735632249, 27, 68, 79, 1, 0, 0.06%, 9, 0, 7, 285.15
1735632259, 27, 69, 79, 1, 0, 0.06%, 9, 0, 7, 322.60
1735632269, 27, 72, 79, 1, 0, 0.06%, 9, 0, 7, 302.41
1735632289, 27, 77, 79, 1, 0, 0.06%, 9, 0, 7, 306.50
1735632310, 28, 12, 79, 1, 0, 0.06%, 9, 0, 7, 262.88
1735632315, 28, 13, 79, 1, 0, 0.06%, 9, 0, 7, 254.14
1735632320, 28, 14, 79, 1, 0, 0.06%, 9, 0, 7, 259.86
1735632325, 28, 18, 79, 1, 0, 0.06%, 9, 0, 7, 252.95
1735632330, 28, 20, 79, 1, 0, 0.06%, 9, 0, 7, 264.73
1735632336, 28, 22, 79, 1, 0, 0.06%, 9, 0, 7, 271.39
1735632356, 28, 23, 79, 1, 0, 0.06%, 9, 0, 7, 270.60
1735632361, 28, 38, 79, 1, 0, 0.06%, 9, 0, 7, 280.97
1735632366, 28, 63, 79, 1, 0, 0.06%, 9, 0, 7, 295.11
1735632473, 29, 11, 79, 0, 0, 0.06%, 9, 0, 7, 276.27
1735632478, 29, 12, 79, 0, 0, 0.06%, 9, 0, 7, 270.59
1735632483, 29, 13, 79, 0, 0, 0.06%, 9, 0, 7, 265.50
1735632488, 29, 14, 79, 0, 0, 0.06%, 9, 0, 7, 276.07
1735632493, 29, 18, 79, 0, 0, 0.06%, 9, 0, 7, 266.17
1735632498, 29, 20, 79, 0, 0, 0.06%, 9, 0, 7, 259.37
1735632504, 29, 22, 79, 0, 0, 0.06%, 9, 0, 7, 262.36
1735632514, 29, 23, 79, 0, 0, 0.06%, 9, 0, 7, 256.38
1735632519, 29, 38, 79, 0, 0, 0.06%, 9, 0, 7, 282.50
1735632524, 30, 11, 79, 0, 0, 0.06%, 9, 0, 7, 265.99
1735632529, 30, 12, 79, 0, 0, 0.06%, 9, 0, 7, 253.33
1735632534, 30, 13, 79, 0, 0, 0.06%, 9, 0, 7, 252.93
1735632539, 30, 14, 79, 0, 0, 0.06%, 9, 0, 7, 259.02
1735632544, 30, 18, 79, 0, 0, 0.06%, 9, 0, 7, 258.00
1735632549, 30, 20, 79, 0, 0, 0.06%, 9, 0, 7, 267.56
1735632554, 30, 23, 79, 0, 0, 0.06%, 9, 0, 7, 267.74
1735632560, 30, 37, 79, 0, 0, 0.06%, 9, 0, 7, 279.95
1735632580, 30, 38, 79, 0, 0, 0.06%, 9, 0, 7, 278.86
1735632585, 30, 55, 79, 0, 0, 0.06%, 9, 0, 7, 288.21
1735632590, 30, 64, 79, 0, 0, 0.06%, 9, 0, 7, 286.33
1735632610, 30, 66, 79, 0, 0, 0.06%, 9, 0, 7, 285.84
1735632630, 31, 0, 79, 0, 0, 0.06%, 9, 0, 7, 268.75
1735632635, 31, 12, 79, 0, 0, 0.06%, 9, 0, 7, 267.27
1735632640, 31, 13, 79, 0, 0, 0.06%, 9, 0, 7, 258.89
1735632645, 31, 14, 79, 0, 0, 0.06%, 9, 0, 7, 250.39
1735632650, 31, 18, 79, 0, 0, 0.06%, 9, 0, 7, 261.68
1735632656, 31, 20, 79, 0, 0, 0.06%, 9, 0, 7, 267.07
1735632661, 31, 23, 79, 0, 0, 0.06%, 9, 0, 7, 262.88
1735632666, 31, 32, 79, 0, 0, 0.06%, 9, 0, 7, 285.29
1735632676, 31, 38, 79, 0, 0, 0.06%, 9, 0, 7, 269.48
1735632686, 32, 12, 79, 0, 0, 0.06%, 9, 0, 7, 257.19
1735632691, 32, 13, 79, 0, 0, 0.06%, 9, 0, 7, 267.65
1735632696, 32, 14, 79, 0, 0, 0.06%, 9, 0, 7, 264.58
1735632701, 32, 18, 79, 0, 0, 0.06%, 9, 0, 7, 265.04
1735632706, 32, 20, 79, 0, 0, 0.06%, 9, 0, 7, 280.80
1735632711, 32, 23, 79, 0, 0, 0.06%, 9, 0, 7, 276.59
1735632721, 32, 38, 79, 0, 0, 0.06%, 9, 0, 7, 281.93
1735632727, 32, 45, 79, 0, 0, 0.06%, 9, 0, 7, 274.02
1735632747, 32, 62, 79, 0, 0, 0.06%, 9, 0, 7, 270.60
1735632768, 33, 12, 79, 0, 0, 0.06%, 9, 0, 7, 268.37
1735632773, 33, 13, 79, 0, 0, 0.06%, 9, 0, 7, 265.53
1735632778, 33, 14, 79, 0, 0, 0.06%, 9, 0, 7, 275.29
1735632783, 33, 18, 79, 0, 0, 0.06%, 9, 0, 7, 276.10
1735632788, 33, 20, 79, 0, 0, 0.06%, 9, 0, 7, 285.31
1735632793, 33, 23, 79, 0, 0, 0.06%, 9, 0, 7, 273.63
1735632803, 33, 38, 79, 0, 0, 0.06%, 9, 0, 7, 280.82
1735632808, 33, 40, 79, 0, 0, 0.06%, 9, 0, 7, 306.38
1735632818, 33, 65, 79, 0, 0, 0.06%, 9, 0, 7, 275.40
1735632838, 33, 67, 79, 0, 0, 0.06%, 9, 0, 7, 300.85
1735632858, 34, 11, 79, 0, 0, 0.06%, 9, 0, 7, 276.34
1735632863, 34, 13, 79, 0, 0, 0.06%, 9, 0, 7, 280.32
1735632869, 34, 14, 79, 0, 0, 0.06%, 9, 0, 7, 275.32
1735632874, 34, 18, 79, 0, 0, 0.06%, 9, 0, 7, 255.71
1735632879, 34, 20, 79, 0, 0, 0.06%, 9, 0, 7, 275.54
1735632884, 34, 23, 79, 0, 0, 0.06%, 9, 0, 7, 270.53
1735632894, 34, 28, 79, 0, 0, 0.06%, 9, 0, 7, 252.51
1735632914, 34, 30, 79, 0, 0, 0.06%, 9, 0, 7, 254.88
1735632924, 34, 38, 79, 0, 0, 0.06%, 9, 0, 7, 269.62
1735632929, 34, 65, 79, 0, 0, 0.06%, 9, 0, 7, 288.95
1735632940, 34, 72, 79, 0, 0, 0.06%, 9, 0, 7, 307.96
1735632950, 34, 73, 79, 0, 0, 0.06%, 9, 0, 7, 299.89
1735632970, 34, 76, 79, 0, 0, 0.06%, 9, 0, 7, 311.86
1735632986, 35, 11, 79, 0, 0, 0.06%, 9, 0, 7, 321.36
1735632991, 35, 12, 79, 0, 0, 0.06%, 9, 0, 7, 266.93
1735632996, 35, 13, 79, 0, 0, 0.06%, 9, 0, 7, 255.11
1735633001, 35, 14, 79, 0, 0, 0.06%, 9, 0, 7, 246.85
1735633006, 35, 18, 79, 0, 0, 0.06%, 9, 0, 7, 256.85
1735633011, 35, 20, 79, 0, 0, 0.06%, 9, 0, 7, 260.22
1735633016, 35, 23, 79, 0, 0, 0.06%, 9, 0, 7, 262.99
1735633021, 35, 38, 79, 0, 0, 0.06%, 9, 0, 7, 269.26
1735633026, 35, 65, 79, 0, 0, 0.06%, 9, 0, 7, 272.24
1735633031, 36, 5, 79, 0, 0, 0.06%, 9, 0, 7, 270.68
1735633036, 36, 10, 79, 0, 0, 0.06%, 9, 0, 7, 281.38
1735633041, 36, 12, 79, 0, 0, 0.06%, 9, 0, 7, 263.09
1735633047, 36, 13, 79, 0, 0, 0.06%, 9, 0, 7, 256.49
1735633052, 36, 14, 79, 0, 0, 0.06%, 9, 0, 7, 254.61
1735633057, 36, 18, 79, 0, 0, 0.06%, 9, 0, 7, 255.99
1735633062, 36, 20, 79, 0, 0, 0.06%, 9, 0, 7, 261.63
1735633067, 36, 23, 79, 0, 0, 0.06%, 9, 0, 7, 264.74
1735633072, 36, 38, 79, 0, 0, 0.06%, 9, 0, 7, 262.50
1735633082, 36, 42, 79, 0, 0, 0.06%, 9, 0, 7, 285.71
1735633087, 36, 73, 79, 0, 0, 0.06%, 9, 0, 7, 283.16
1735633097, 36, 76, 79, 0, 0, 0.06%, 9, 0, 7, 288.18
1735633108, 37, 11, 79, 0, 0, 0.06%, 9, 0, 7, 272.28
1735633113, 37, 12, 79, 0, 0, 0.06%, 9, 0, 7, 264.75
1735633118, 37, 13, 79, 0, 0, 0.06%, 9, 0, 7, 260.31
1735633123, 37, 14, 79, 0, 0, 0.06%, 9, 0, 7, 261.52
1735633128, 37, 18, 79, 0, 0, 0.06%, 9, 0, 7, 255.83
1735633133, 37, 20, 79, 0, 0, 0.06%, 9, 0, 7, 276.24
1735633138, 37, 23, 79, 0, 0, 0.06%, 9, 0, 7, 257.75
1735633143, 37, 29, 79, 0, 0, 0.06%, 9, 0, 7, 273.95
1735633164, 37, 38, 79, 0, 0, 0.06%, 9, 0, 7, 268.12
1735633169, 37, 39, 79, 0, 0, 0.06%, 9, 0, 7, 270.43
1735633174, 37, 44, 79, 0, 0, 0.06%, 9, 0, 7, 282.05
1735633184, 37, 50, 79, 0, 0, 0.06%, 9, 0, 7, 277.88
1735633194, 37, 52, 79, 0, 0, 0.06%, 9, 0, 7, 281.16
1735633214, 37, 62, 79, 0, 0, 0.06%, 9, 0, 7, 279.04
1735633224, 37, 64, 79, 0, 0, 0.06%, 9, 0, 7, 282.68
1735633235, 38, 2, 79, 0, 0, 0.06%, 9, 0, 7, 273.04
1735633240, 38, 11, 79, 0, 0, 0.06%, 9, 0, 7, 264.49
1735633245, 38, 12, 79, 0, 0, 0.06%, 9, 0, 7, 259.50
1735633250, 38, 13, 79, 0, 0, 0.06%, 9, 0, 7, 264.81
1735633255, 38, 14, 79, 0, 0, 0.06%, 9, 0, 7, 270.80
1735633260, 38, 18, 79, 0, 0, 0.06%, 9, 0, 7, 279.36
1735633265, 38, 20, 79, 0, 0, 0.06%, 9, 0, 7, 275.97
1735633270, 38, 23, 79, 0, 0, 0.06%, 9, 0, 7, 260.52
1735633275, 38, 38, 79, 0, 0, 0.06%, 9, 0, 7, 275.47
1735633280, 38, 53, 79, 0, 0, 0.06%, 9, 0, 7, 284.42
