# unix_time, cycles_done, cur_path, paths_total, pending_total, pending_favs, map_size, unique_crashes, unique_hangs, max_depth, execs_per_sec
1735482702, 0, 0, 10, 10, 1, 0.00%, 0, 0, 1, 164.27
1735482707, 0, 4, 10, 10, 1, 0.00%, 0, 0, 1, 198.81
1735482712, 0, 5, 10, 9, 0, 0.00%, 0, 0, 1, 203.60
1735482722, 0, 6, 10, 8, 0, 0.00%, 0, 0, 1, 200.53
1735482727, 0, 7, 10, 7, 0, 0.00%, 0, 0, 1, 199.47
1735482733, 0, 8, 10, 6, 0, 0.00%, 0, 0, 1, 197.28
1735482743, 0, 9, 10, 5, 0, 0.00%, 0, 0, 1, 199.68
1735482753, 1, 0, 10, 4, 0, 0.00%, 0, 0, 1, 198.33
1735482758, 1, 1, 10, 3, 0, 0.00%, 0, 0, 1, 197.39
1735482769, 1, 2, 10, 2, 0, 0.00%, 0, 0, 1, 193.29
1735482779, 1, 10, 12, 3, 1, 0.05%, 1, 0, 3, 199.93
1735482784, 1, 10, 15, 6, 1, 0.06%, 5, 0, 3, 222.47
1735482794, 1, 10, 16, 7, 1, 0.06%, 5, 0, 3, 212.65
1735482814, 1, 10, 17, 8, 1, 0.06%, 6, 0, 3, 219.01
1735482835, 1, 10, 18, 9, 1, 0.06%, 6, 0, 3, 220.20
1735482855, 1, 10, 19, 10, 1, 0.06%, 6, 0, 3, 215.96
1735482896, 1, 10, 20, 11, 1, 0.06%, 6, 0, 3, 211.39
1735482911, 1, 12, 20, 10, 4, 0.06%, 6, 0, 3, 231.23
1735482921, 1, 12, 21, 11, 4, 0.06%, 6, 0, 4, 210.32
1735482946, 1, 13, 21, 10, 3, 0.06%, 6, 0, 4, 241.90
1735482966, 1, 14, 21, 9, 2, 0.06%, 6, 0, 4, 247.73
1735482981, 1, 14, 23, 11, 2, 0.06%, 7, 0, 4, 216.45
1735483032, 1, 14, 26, 14, 2, 0.06%, 8, 0, 4, 209.80
1735483037, 1, 16, 28, 15, 3, 0.06%, 9, 0, 4, 250.63
1735483058, 1, 22, 28, 14, 3, 0.06%, 9, 0, 4, 269.63
1735483063, 1, 22, 29, 15, 3, 0.06%, 9, 0, 5, 229.70
1735483118, 1, 22, 32, 18, 3, 0.06%, 9, 0, 5, 238.81
1735483124, 1, 22, 33, 19, 3, 0.06%, 9, 0, 5, 244.46
1735483129, 1, 25, 33, 18, 3, 0.06%, 9, 0, 5, 252.71
1735483154, 1, 25, 34, 19, 3, 0.06%, 9, 0, 5, 228.66
1735483180, 1, 25, 35, 20, 3, 0.06%, 9, 0, 5, 231.47
1735483231, 1, 25, 36, 21, 3, 0.06%, 9, 0, 5, 230.27
1735483256, 1, 25, 39, 24, 3, 0.06%, 9, 0, 5, 248.05
1735483261, 1, 27, 39, 23, 2, 0.06%, 9, 0, 5, 271.44
1735483266, 1, 27, 40, 24, 2, 0.06%, 9, 0, 5, 229.05
1735483276, 1, 27, 41, 25, 2, 0.06%, 9, 0, 5, 224.71
1735483317, 1, 27, 42, 26, 2, 0.06%, 9, 0, 5, 226.08
1735483327, 1, 27, 43, 27, 2, 0.06%, 9, 0, 5, 229.84
1735483388, 1, 28, 43, 26, 1, 0.06%, 9, 0, 5, 241.38
1735483408, 1, 28, 44, 27, 1, 0.06%, 9, 0, 6, 224.92
1735483414, 1, 31, 44, 26, 0, 0.06%, 9, 0, 6, 284.83
1735483449, 1, 35, 44, 25, 0, 0.06%, 9, 0, 6, 311.09
1735483460, 1, 35, 45, 26, 0, 0.06%, 9, 0, 6, 251.26
1735483475, 1, 35, 46, 27, 0, 0.06%, 9, 0, 6, 234.26
1735483537, 1, 35, 47, 28, 0, 0.06%, 9, 0, 6, 236.04
1735483572, 1, 39, 47, 27, 0, 0.06%, 9, 0, 6, 388.51
1735483598, 1, 39, 48, 28, 0, 0.06%, 9, 0, 6, 255.40
1735483603, 1, 42, 48, 27, 0, 0.06%, 9, 0, 6, 400.10
1735483649, 1, 46, 48, 26, 0, 0.06%, 9, 0, 6, 345.90
1735483725, 1, 46, 49, 27, 0, 0.06%, 9, 0, 7, 318.03
1735483750, 2, 4, 49, 26, 0, 0.06%, 9, 0, 7, 245.35
1735483755, 2, 13, 49, 26, 0, 0.06%, 9, 0, 7, 242.55
1735483761, 2, 16, 49, 26, 0, 0.06%, 9, 0, 7, 245.28
1735483766, 2, 24, 49, 26, 0, 0.06%, 9, 0, 7, 289.09
1735483791, 2, 25, 49, 25, 0, 0.06%, 9, 0, 7, 251.31
1735483796, 2, 25, 52, 28, 0, 0.06%, 9, 0, 7, 265.11
1735483801, 2, 27, 52, 28, 0, 0.06%, 9, 0, 7, 241.30
1735483807, 2, 28, 52, 28, 0, 0.06%, 9, 0, 7, 246.74
1735483812, 2, 34, 52, 28, 0, 0.06%, 9, 0, 7, 377.28
1735483842, 2, 36, 52, 27, 0, 0.06%, 9, 0, 7, 294.62
1735483873, 2, 45, 52, 26, 0, 0.06%, 9, 0, 7, 347.27
1735483924, 2, 51, 52, 25, 0, 0.06%, 9, 0, 7, 342.47
1735483934, 2, 51, 53, 26, 0, 0.06%, 9, 0, 7, 293.88
1735483959, 2, 51, 54, 27, 0, 0.06%, 9, 0, 7, 275.22
1735483990, 2, 51, 55, 28, 0, 0.06%, 9, 0, 7, 282.26
1735483995, 2, 51, 56, 29, 0, 0.06%, 9, 0, 7, 282.42
1735484021, 2, 51, 57, 30, 0, 0.06%, 9, 0, 7, 285.67
1735484056, 2, 56, 57, 29, 0, 0.06%, 9, 0, 7, 430.93
1735484087, 3, 8, 57, 28, 0, 0.06%, 9, 0, 7, 285.77
1735484092, 3, 13, 57, 28, 0, 0.06%, 9, 0, 7, 274.08
1735484097, 3, 16, 57, 28, 0, 0.06%, 9, 0, 7, 262.39
1735484102, 3, 26, 57, 28, 0, 0.06%, 9, 0, 7, 355.56
1735484133, 3, 27, 57, 27, 0, 0.06%, 9, 0, 7, 256.17
1735484138, 3, 28, 57, 27, 0, 0.06%, 9, 0, 7, 266.35
1735484143, 3, 30, 57, 27, 0, 0.06%, 9, 0, 7, 270.25
1735484173, 3, 36, 57, 26, 0, 0.06%, 9, 0, 7, 262.42
1735484178, 3, 38, 57, 26, 0, 0.06%, 9, 0, 7, 376.41
1735484209, 3, 40, 57, 25, 0, 0.06%, 9, 0, 7, 306.59
1735484234, 3, 41, 57, 24, 0, 0.06%, 9, 0, 7, 307.13
1735484285, 3, 41, 58, 25, 0, 0.06%, 9, 0, 7, 296.93
1735484311, 3, 49, 58, 24, 0, 0.06%, 9, 0, 7, 357.78
1735484341, 3, 49, 59, 25, 0, 0.06%, 9, 0, 7, 284.94
1735484346, 3, 52, 59, 24, 0, 0.06%, 9, 0, 7, 341.91
1735484417, 3, 55, 59, 23, 0, 0.06%, 9, 0, 7, 382.35
1735484443, 3, 55, 61, 25, 0, 0.06%, 9, 0, 7, 448.86
1735484509, 3, 59, 61, 24, 0, 0.06%, 9, 0, 7, 275.74
1735484595, 3, 60, 61, 23, 0, 0.06%, 9, 0, 7, 319.89
1735484686, 4, 13, 61, 22, 0, 0.06%, 9, 0, 7, 268.37
1735484691, 4, 16, 61, 22, 0, 0.06%, 9, 0, 7, 274.43
1735484697, 4, 18, 61, 22, 0, 0.06%, 9, 0, 7, 382.19
1735484712, 4, 19, 61, 21, 0, 0.06%, 9, 0, 7, 309.87
1735484732, 4, 20, 61, 20, 0, 0.06%, 9, 0, 7, 375.42
1735484758, 4, 23, 61, 19, 0, 0.06%, 9, 0, 7, 327.46
1735484783, 4, 27, 61, 18, 0, 0.06%, 9, 0, 7, 281.63
1735484788, 4, 28, 61, 18, 0, 0.06%, 9, 0, 7, 279.34
1735484793, 4, 33, 61, 18, 0, 0.06%, 9, 0, 7, 334.85
1735484824, 4, 36, 61, 17, 0, 0.06%, 9, 0, 7, 267.84
1735484829, 4, 50, 61, 17, 0, 0.06%, 9, 0, 7, 326.56
1735484859, 4, 53, 61, 16, 0, 0.06%, 9, 0, 7, 393.50
1735485169, 4, 53, 62, 17, 0, 0.06%, 9, 0, 7, 461.53
1735485174, 4, 53, 63, 18, 0, 0.06%, 9, 0, 7, 411.06
1735485179, 4, 53, 64, 19, 0, 0.06%, 9, 0, 7, 402.60
1735485184, 4, 53, 65, 20, 0, 0.06%, 9, 0, 7, 405.51
1735485214, 4, 53, 66, 21, 0, 0.06%, 9, 0, 7, 404.56
1735485260, 4, 63, 66, 20, 0, 0.06%, 9, 0, 7, 344.25
1735485580, 5, 3, 66, 19, 0, 0.06%, 9, 0, 7, 234.29
1735485585, 5, 12, 66, 18, 0, 0.06%, 9, 0, 7, 256.67
1735485590, 5, 14, 66, 18, 0, 0.06%, 9, 0, 7, 269.77
1735485595, 5, 27, 66, 18, 0, 0.06%, 9, 0, 7, 280.42
1735485600, 5, 28, 66, 18, 0, 0.06%, 9, 0, 7, 283.68
1735485606, 5, 36, 66, 18, 0, 0.06%, 9, 0, 7, 282.37
1735485611, 5, 54, 66, 18, 0, 0.06%, 9, 0, 7, 295.84
1735485641, 5, 62, 66, 17, 0, 0.06%, 9, 0, 7, 387.55
1735485738, 6, 12, 66, 16, 0, 0.06%, 9, 0, 7, 289.31
1735485743, 6, 14, 66, 16, 0, 0.06%, 9, 0, 7, 291.56
1735485748, 6, 17, 66, 16, 0, 0.06%, 9, 0, 7, 286.80
1735485763, 6, 19, 66, 15, 0, 0.06%, 9, 0, 7, 272.86
1735485768, 6, 27, 66, 15, 0, 0.06%, 9, 0, 7, 285.71
1735485773, 6, 28, 66, 15, 0, 0.06%, 9, 0, 7, 278.50
1735485778, 6, 29, 66, 15, 0, 0.06%, 9, 0, 7, 239.09
1735485804, 6, 34, 66, 14, 0, 0.06%, 9, 0, 7, 282.89
1735485809, 6, 36, 66, 14, 0, 0.06%, 9, 0, 7, 277.07
1735485814, 6, 36, 67, 15, 0, 0.06%, 9, 0, 7, 269.24
1735485819, 6, 44, 67, 15, 0, 0.06%, 9, 0, 7, 395.22
1735485850, 6, 48, 67, 14, 0, 0.06%, 9, 0, 7, 340.76
1735485941, 6, 54, 67, 13, 0, 0.06%, 9, 0, 7, 284.02
1735485951, 6, 56, 67, 13, 0, 0.06%, 9, 0, 7, 283.28
1735485961, 6, 61, 67, 13, 0, 0.06%, 9, 0, 7, 285.34
1735486313, 6, 62, 67, 12, 0, 0.06%, 9, 0, 7, 299.62
1735486318, 7, 13, 67, 12, 0, 0.06%, 9, 0, 7, 281.03
1735486323, 7, 16, 67, 12, 0, 0.06%, 9, 0, 7, 271.11
1735486328, 7, 27, 67, 12, 0, 0.06%, 9, 0, 7, 271.98
1735486333, 7, 28, 67, 12, 0, 0.06%, 9, 0, 7, 277.03
1735486338, 7, 32, 67, 12, 0, 0.06%, 9, 0, 7, 371.68
1735486369, 7, 36, 67, 11, 0, 0.06%, 9, 0, 7, 266.93
1735486374, 7, 43, 67, 11, 0, 0.06%, 9, 0, 7, 338.91
1735486399, 8, 13, 67, 10, 0, 0.06%, 9, 0, 7, 273.65
1735486404, 8, 16, 67, 10, 0, 0.06%, 9, 0, 7, 267.59
1735486409, 8, 27, 67, 10, 0, 0.06%, 9, 0, 7, 267.25
1735486414, 8, 28, 67, 10, 0, 0.06%, 9, 0, 7, 266.18
1735486419, 8, 29, 67, 10, 0, 0.06%, 9, 0, 7, 265.36
1735486424, 8, 36, 67, 10, 0, 0.06%, 9, 0, 7, 270.78
1735486429, 8, 60, 67, 10, 0, 0.06%, 9, 0, 7, 274.74
1735486445, 8, 65, 67, 10, 0, 0.06%, 9, 0, 7, 425.39
1735486593, 9, 12, 67, 9, 0, 0.06%, 9, 0, 7, 265.43
1735486598, 9, 14, 67, 9, 0, 0.06%, 9, 0, 7, 270.23
1735486603, 9, 21, 67, 9, 0, 0.06%, 9, 0, 7, 298.13
1735486639, 9, 27, 67, 8, 0, 0.06%, 9, 0, 7, 273.13
1735486644, 9, 28, 67, 8, 0, 0.06%, 9, 0, 7, 268.92
1735486649, 9, 36, 67, 8, 0, 0.06%, 9, 0, 7, 265.28
1735486654, 9, 47, 67, 8, 0, 0.06%, 9, 0, 7, 393.07
1735486700, 9, 58, 67, 7, 0, 0.06%, 9, 0, 7, 394.89
1735486797, 10, 13, 67, 6, 0, 0.06%, 9, 0, 7, 277.77
1735486802, 10, 16, 67, 6, 0, 0.06%, 9, 0, 7, 276.78
1735486807, 10, 27, 67, 6, 0, 0.06%, 9, 0, 7, 268.54
1735486812, 10, 28, 67, 6, 0, 0.06%, 9, 0, 7, 276.99
1735486817, 10, 29, 67, 6, 0, 0.06%, 9, 0, 7, 262.37
1735486822, 10, 36, 67, 6, 0, 0.06%, 9, 0, 7, 261.87
1735486827, 10, 37, 67, 6, 0, 0.06%, 9, 0, 7, 318.13
1735486862, 10, 40, 67, 5, 0, 0.06%, 9, 0, 7, 281.40
1735486867, 10, 60, 67, 5, 0, 0.06%, 9, 0, 7, 287.12
1735486877, 11, 12, 67, 5, 0, 0.06%, 9, 0, 7, 264.74
1735486883, 11, 14, 67, 5, 0, 0.06%, 9, 0, 7, 267.84
1735486888, 11, 15, 67, 5, 0, 0.06%, 9, 0, 7, 304.60
1735486903, 11, 27, 67, 4, 0, 0.06%, 9, 0, 7, 268.25
1735486908, 11, 28, 67, 4, 0, 0.06%, 9, 0, 7, 263.64
1735486913, 11, 36, 67, 4, 0, 0.06%, 9, 0, 7, 271.70
1735486923, 11, 41, 67, 4, 0, 0.06%, 9, 0, 7, 290.20
1735486928, 12, 13, 67, 4, 0, 0.06%, 9, 0, 7, 276.35
1735486933, 12, 16, 67, 4, 0, 0.06%, 9, 0, 7, 275.04
1735486939, 12, 27, 67, 4, 0, 0.06%, 9, 0, 7, 285.33
1735486944, 12, 28, 67, 4, 0, 0.06%, 9, 0, 7, 272.49
1735486949, 12, 36, 67, 4, 0, 0.06%, 9, 0, 7, 265.31
1735486954, 12, 44, 67, 4, 0, 0.06%, 9, 0, 7, 264.79
1735486959, 13, 12, 67, 4, 0, 0.06%, 9, 0, 7, 254.35
1735486964, 13, 14, 67, 4, 0, 0.06%, 9, 0, 7, 267.71
1735486969, 13, 25, 67, 4, 0, 0.06%, 9, 0, 7, 272.02
1735486974, 13, 27, 67, 4, 0, 0.06%, 9, 0, 7, 269.58
1735486979, 13, 28, 67, 4, 0, 0.06%, 9, 0, 7, 278.25
1735486984, 13, 36, 67, 4, 0, 0.06%, 9, 0, 7, 273.65
1735486995, 14, 13, 67, 4, 0, 0.06%, 9, 0, 7, 262.65
1735487000, 14, 15, 67, 4, 0, 0.06%, 9, 0, 7, 266.89
1735487005, 14, 20, 67, 4, 0, 0.06%, 9, 0, 7, 277.62
1735487010, 14, 23, 67, 4, 0, 0.06%, 9, 0, 7, 277.05
1735487015, 14, 25, 67, 4, 0, 0.06%, 9, 0, 7, 270.61
1735487020, 14, 27, 67, 4, 0, 0.06%, 9, 0, 7, 275.93
1735487025, 14, 28, 67, 4, 0, 0.06%, 9, 0, 7, 275.73
1735487030, 14, 36, 67, 4, 0, 0.06%, 9, 0, 7, 272.77
1735487035, 15, 7, 67, 4, 0, 0.06%, 9, 0, 7, 263.09
1735487040, 15, 11, 67, 4, 0, 0.06%, 9, 0, 7, 258.94
1735487051, 15, 12, 67, 3, 0, 0.06%, 9, 0, 7, 278.36
1735487056, 15, 14, 67, 3, 0, 0.06%, 9, 0, 7, 279.05
1735487061, 15, 27, 67, 3, 0, 0.06%, 9, 0, 7, 271.18
1735487066, 15, 28, 67, 3, 0, 0.06%, 9, 0, 7, 271.95
1735487071, 15, 36, 67, 3, 0, 0.06%, 9, 0, 7, 267.62
1735487076, 15, 46, 67, 3, 0, 0.06%, 9, 0, 7, 277.92
1735487081, 15, 55, 67, 3, 0, 0.06%, 9, 0, 7, 291.91
1735487091, 15, 64, 67, 3, 0, 0.06%, 9, 0, 7, 266.96
1735487249, 16, 13, 67, 2, 0, 0.06%, 9, 0, 7, 259.93
1735487254, 16, 16, 67, 2, 0, 0.06%, 9, 0, 7, 257.89
1735487259, 16, 22, 67, 2, 0, 0.06%, 9, 0, 7, 265.21
1735487264, 16, 27, 67, 2, 0, 0.06%, 9, 0, 7, 254.98
1735487269, 16, 28, 67, 2, 0, 0.06%, 9, 0, 7, 276.50
1735487274, 16, 34, 67, 2, 0, 0.06%, 9, 0, 7, 275.11
1735487279, 16, 36, 67, 2, 0, 0.06%, 9, 0, 7, 268.61
1735487284, 16, 51, 67, 2, 0, 0.06%, 9, 0, 7, 280.39
1735487294, 16, 57, 67, 2, 0, 0.06%, 9, 0, 7, 333.43
1735487397, 16, 63, 67, 1, 0, 0.06%, 9, 0, 7, 297.30
1735487402, 17, 12, 67, 1, 0, 0.06%, 9, 0, 7, 275.74
1735487407, 17, 14, 67, 1, 0, 0.06%, 9, 0, 7, 260.72
1735487412, 17, 16, 67, 1, 0, 0.06%, 9, 0, 7, 269.76
1735487417, 17, 26, 67, 1, 0, 0.06%, 9, 0, 7, 278.53
1735487422, 17, 27, 67, 1, 0, 0.06%, 9, 0, 7, 264.23
1735487427, 17, 28, 67, 1, 0, 0.06%, 9, 0, 7, 269.07
1735487432, 17, 36, 67, 1, 0, 0.06%, 9, 0, 7, 265.00
1735487437, 18, 12, 67, 1, 0, 0.06%, 9, 0, 7, 269.22
1735487442, 18, 14, 67, 1, 0, 0.06%, 9, 0, 7, 271.47
1735487447, 18, 23, 67, 1, 0, 0.06%, 9, 0, 7, 262.61
1735487452, 18, 27, 67, 1, 0, 0.06%, 9, 0, 7, 266.34
1735487457, 18, 28, 67, 1, 0, 0.06%, 9, 0, 7, 271.63
1735487462, 18, 32, 67, 1, 0, 0.06%, 9, 0, 7, 283.06
1735487467, 18, 36, 67, 1, 0, 0.06%, 9, 0, 7, 266.39
1735487473, 18, 61, 67, 1, 0, 0.06%, 9, 0, 7, 284.05
1735487478, 19, 10, 67, 1, 0, 0.06%, 9, 0, 7, 283.78
1735487483, 19, 13, 67, 1, 0, 0.06%, 9, 0, 7, 268.03
1735487488, 19, 16, 67, 1, 0, 0.06%, 9, 0, 7, 271.29
1735487493, 19, 23, 67, 1, 0, 0.06%, 9, 0, 7, 268.64
1735487498, 19, 27, 67, 1, 0, 0.06%, 9, 0, 7, 276.54
1735487503, 19, 28, 67, 1, 0, 0.06%, 9, 0, 7, 282.58
1735487508, 19, 31, 67, 1, 0, 0.06%, 9, 0, 7, 283.32
1735487513, 19, 36, 67, 1, 0, 0.06%, 9, 0, 7, 264.55
1735487519, 19, 44, 67, 1, 0, 0.06%, 9, 0, 7, 286.80
1735487524, 19, 66, 67, 1, 0, 0.06%, 9, 0, 7, 340.06
1735487570, 19, 66, 68, 2, 0, 0.06%, 9, 0, 7, 308.96
1735487620, 20, 12, 68, 1, 0, 0.06%, 9, 0, 7, 295.57
1735487626, 20, 14, 68, 1, 0, 0.06%, 9, 0, 7, 269.00
1735487631, 20, 27, 68, 1, 0, 0.06%, 9, 0, 7, 263.67
1735487636, 20, 28, 68, 1, 0, 0.06%, 9, 0, 7, 268.33
1735487646, 20, 31, 68, 1, 0, 0.06%, 9, 0, 7, 275.94
1735487651, 20, 36, 68, 1, 0, 0.06%, 9, 0, 7, 265.46
1735487656, 20, 63, 68, 1, 0, 0.06%, 9, 0, 7, 296.16
1735487661, 20, 67, 69, 2, 0, 0.06%, 9, 0, 8, 362.20
1735487763, 21, 12, 69, 1, 0, 0.06%, 9, 0, 8, 268.90
1735487768, 21, 14, 69, 1, 0, 0.06%, 9, 0, 8, 268.59
1735487773, 21, 27, 69, 1, 0, 0.06%, 9, 0, 8, 263.59
1735487778, 21, 28, 69, 1, 0, 0.06%, 9, 0, 8, 267.71
1735487783, 21, 36, 69, 1, 0, 0.06%, 9, 0, 8, 267.62
1735487788, 21, 42, 69, 1, 0, 0.06%, 9, 0, 8, 297.06
1735487793, 21, 55, 69, 1, 0, 0.06%, 9, 0, 8, 294.71
1735487799, 21, 58, 69, 1, 0, 0.06%, 9, 0, 8, 285.18
1735487809, 22, 8, 69, 1, 0, 0.06%, 9, 0, 8, 267.39
1735487814, 22, 14, 69, 1, 0, 0.06%, 9, 0, 8, 270.19
1735487819, 22, 16, 69, 1, 0, 0.06%, 9, 0, 8, 276.83
1735487824, 22, 24, 69, 1, 0, 0.06%, 9, 0, 8, 265.78
1735487829, 22, 26, 69, 1, 0, 0.06%, 9, 0, 8, 281.61
1735487834, 22, 27, 69, 1, 0, 0.06%, 9, 0, 8, 264.71
1735487839, 22, 28, 69, 1, 0, 0.06%, 9, 0, 8, 276.94
1735487844, 22, 31, 69, 1, 0, 0.06%, 9, 0, 8, 285.39
1735487849, 22, 36, 69, 1, 0, 0.06%, 9, 0, 8, 268.71
1735487854, 23, 12, 69, 1, 0, 0.06%, 9, 0, 8, 277.73
1735487860, 23, 13, 69, 1, 0, 0.06%, 9, 0, 8, 274.43
1735487865, 23, 16, 69, 1, 0, 0.06%, 9, 0, 8, 273.51
1735487870, 23, 22, 69, 1, 0, 0.06%, 9, 0, 8, 272.95
1735487875, 23, 23, 69, 1, 0, 0.06%, 9, 0, 8, 269.93
1735487880, 23, 27, 69, 1, 0, 0.06%, 9, 0, 8, 266.68
1735487885, 23, 28, 69, 1, 0, 0.06%, 9, 0, 8, 258.35
1735487890, 23, 36, 69, 1, 0, 0.06%, 9, 0, 8, 270.52
1735487895, 23, 40, 69, 1, 0, 0.06%, 9, 0, 8, 269.05
1735487900, 23, 59, 69, 1, 0, 0.06%, 9, 0, 8, 291.74
1735487911, 23, 60, 69, 1, 0, 0.06%, 9, 0, 8, 276.84
1735487916, 24, 12, 69, 1, 0, 0.06%, 9, 0, 8, 274.55
1735487921, 24, 14, 69, 1, 0, 0.06%, 9, 0, 8, 270.31
1735487926, 24, 27, 69, 1, 0, 0.06%, 9, 0, 8, 266.54
1735487931, 24, 28, 69, 1, 0, 0.06%, 9, 0, 8, 264.71
1735487936, 24, 36, 69, 1, 0, 0.06%, 9, 0, 8, 264.59
1735487946, 24, 38, 69, 1, 0, 0.06%, 9, 0, 8, 283.48
1735487951, 24, 66, 69, 1, 0, 0.06%, 9, 0, 8, 288.01
1735487961, 25, 13, 69, 1, 0, 0.06%, 9, 0, 8, 268.03
1735487966, 25, 16, 69, 1, 0, 0.06%, 9, 0, 8, 268.96
1735487971, 25, 27, 69, 1, 0, 0.06%, 9, 0, 8, 275.84
1735487976, 25, 28, 69, 1, 0, 0.06%, 9, 0, 8, 273.18
1735487981, 25, 36, 69, 1, 0, 0.06%, 9, 0, 8, 272.00
1735487986, 25, 47, 69, 1, 0, 0.06%, 9, 0, 8, 297.25
1735487991, 25, 55, 69, 1, 0, 0.06%, 9, 0, 8, 297.31
1735487996, 26, 13, 69, 1, 0, 0.06%, 9, 0, 8, 275.71
1735488001, 26, 16, 69, 1, 0, 0.06%, 9, 0, 8, 274.41
1735488006, 26, 27, 69, 1, 0, 0.06%, 9, 0, 8, 273.75
1735488011, 26, 28, 69, 1, 0, 0.06%, 9, 0, 8, 291.98
1735488016, 26, 36, 69, 1, 0, 0.06%, 9, 0, 8, 283.62
1735488022, 26, 68, 69, 1, 0, 0.06%, 9, 0, 8, 342.02
1735488143, 27, 12, 69, 0, 0, 0.06%, 9, 0, 8, 254.56
1735488148, 27, 14, 69, 0, 0, 0.06%, 9, 0, 8, 259.76
1735488153, 27, 27, 69, 0, 0, 0.06%, 9, 0, 8, 258.51
1735488158, 27, 28, 69, 0, 0, 0.06%, 9, 0, 8, 265.14
1735488163, 27, 36, 69, 0, 0, 0.06%, 9, 0, 8, 272.81
1735488173, 27, 58, 69, 0, 0, 0.06%, 9, 0, 8, 288.04
1735488184, 28, 13, 69, 0, 0, 0.06%, 9, 0, 8, 262.60
1735488189, 28, 16, 69, 0, 0, 0.06%, 9, 0, 8, 271.27
1735488194, 28, 27, 69, 0, 0, 0.06%, 9, 0, 8, 270.11
1735488199, 28, 28, 69, 0, 0, 0.06%, 9, 0, 8, 255.76
1735488204, 28, 36, 69, 0, 0, 0.06%, 9, 0, 8, 267.26
1735488209, 28, 37, 69, 0, 0, 0.06%, 9, 0, 8, 277.65
1735488214, 28, 40, 69, 0, 0, 0.06%, 9, 0, 8, 279.48
1735488219, 28, 42, 69, 0, 0, 0.06%, 9, 0, 8, 300.43
1735488224, 28, 45, 69, 0, 0, 0.06%, 9, 0, 8, 303.10
1735488229, 28, 48, 69, 0, 0, 0.06%, 9, 0, 8, 304.41
1735488234, 29, 13, 69, 0, 0, 0.06%, 9, 0, 8, 287.32
1735488239, 29, 14, 69, 0, 0, 0.06%, 9, 0, 8, 272.42
1735488244, 29, 20, 69, 0, 0, 0.06%, 9, 0, 8, 284.56
1735488250, 29, 27, 69, 0, 0, 0.06%, 9, 0, 8, 273.86
1735488255, 29, 28, 69, 0, 0, 0.06%, 9, 0, 8, 262.20
1735488260, 29, 36, 69, 0, 0, 0.06%, 9, 0, 8, 265.85
1735488265, 29, 65, 69, 0, 0, 0.06%, 9, 0, 8, 309.69
1735488270, 30, 12, 69, 0, 0, 0.06%, 9, 0, 8, 275.70
1735488275, 30, 14, 69, 0, 0, 0.06%, 9, 0, 8, 275.32
1735488280, 30, 23, 69, 0, 0, 0.06%, 9, 0, 8, 273.02
1735488290, 30, 27, 69, 0, 0, 0.06%, 9, 0, 8, 268.10
1735488295, 30, 28, 69, 0, 0, 0.06%, 9, 0, 8, 268.32
1735488300, 30, 36, 69, 0, 0, 0.06%, 9, 0, 8, 262.68
1735488305, 30, 40, 69, 0, 0, 0.06%, 9, 0, 8, 270.70
1735488310, 30, 42, 69, 0, 0, 0.06%, 9, 0, 8, 295.72
1735488315, 30, 65, 69, 0, 0, 0.06%, 9, 0, 8, 303.19
1735488320, 30, 67, 69, 0, 0, 0.06%, 9, 0, 8, 310.23
1735488341, 31, 13, 69, 0, 0, 0.06%, 9, 0, 8, 273.88
1735488346, 31, 14, 69, 0, 0, 0.06%, 9, 0, 8, 267.96
1735488351, 31, 16, 69, 0, 0, 0.06%, 9, 0, 8, 266.63
1735488356, 31, 27, 69, 0, 0, 0.06%, 9, 0, 8, 265.46
1735488361, 31, 28, 69, 0, 0, 0.06%, 9, 0, 8, 274.00
1735488366, 31, 36, 69, 0, 0, 0.06%, 9, 0, 8, 270.13
1735488371, 31, 63, 69, 0, 0, 0.06%, 9, 0, 8, 298.16
1735488376, 32, 13, 69, 0, 0, 0.06%, 9, 0, 8, 268.71
1735488381, 32, 16, 69, 0, 0, 0.06%, 9, 0, 8, 272.89
1735488386, 32, 27, 69, 0, 0, 0.06%, 9, 0, 8, 273.39
1735488391, 32, 28, 69, 0, 0, 0.06%, 9, 0, 8, 270.22
1735488396, 32, 36, 69, 0, 0, 0.06%, 9, 0, 8, 279.45
1735488402, 32, 50, 69, 0, 0, 0.06%, 9, 0, 8, 265.57
1735488412, 32, 55, 69, 0, 0, 0.06%, 9, 0, 8, 292.61
1735488417, 32, 58, 69, 0, 0, 0.06%, 9, 0, 8, 303.58
1735488422, 33, 12, 69, 0, 0, 0.06%, 9, 0, 8, 273.89
1735488427, 33, 14, 69, 0, 0, 0.06%, 9, 0, 8, 269.47
1735488432, 33, 21, 69, 0, 0, 0.06%, 9, 0, 8, 283.97
1735488437, 33, 23, 69, 0, 0, 0.06%, 9, 0, 8, 277.22
1735488442, 33, 27, 69, 0, 0, 0.06%, 9, 0, 8, 263.17
1735488447, 33, 28, 69, 0, 0, 0.06%, 9, 0, 8, 262.87
1735488452, 33, 36, 69, 0, 0, 0.06%, 9, 0, 8, 266.71
1735488457, 33, 40, 69, 0, 0, 0.06%, 9, 0, 8, 276.07
1735488462, 34, 11, 69, 0, 0, 0.06%, 9, 0, 8, 272.19
1735488467, 34, 13, 69, 0, 0, 0.06%, 9, 0, 8, 269.20
1735488473, 34, 16, 69, 0, 0, 0.06%, 9, 0, 8, 271.16
1735488478, 34, 27, 69, 0, 0, 0.06%, 9, 0, 8, 274.65
1735488483, 34, 28, 69, 0, 0, 0.06%, 9, 0, 8, 268.91
1735488488, 34, 36, 69, 0, 0, 0.06%, 9, 0, 8, 270.95
1735488493, 34, 46, 69, 0, 0, 0.06%, 9, 0, 8, 291.99
1735488498, 34, 57, 69, 0, 0, 0.06%, 9, 0, 8, 279.94
1735488508, 35, 12, 69, 0, 0, 0.06%, 9, 0, 8, 275.00
1735488513, 35, 14, 69, 0, 0, 0.06%, 9, 0, 8, 266.71
1735488518, 35, 27, 69, 0, 0, 0.06%, 9, 0, 8, 266.59
1735488524, 35, 28, 69, 0, 0, 0.06%, 9, 0, 8, 264.62
1735488529, 35, 35, 69, 0, 0, 0.06%, 9, 0, 8, 280.94
1735488534, 35, 36, 69, 0, 0, 0.06%, 9, 0, 8, 265.44
1735488539, 35, 39, 69, 0, 0, 0.06%, 9, 0, 8, 280.16
1735488544, 35, 48, 69, 0, 0, 0.06%, 9, 0, 8, 297.95
1735488549, 36, 12, 69, 0, 0, 0.06%, 9, 0, 8, 294.41
1735488554, 36, 14, 69, 0, 0, 0.06%, 9, 0, 8, 278.13
1735488559, 36, 19, 69, 0, 0, 0.06%, 9, 0, 8, 278.10
1735488564, 36, 27, 69, 0, 0, 0.06%, 9, 0, 8, 276.15
1735488569, 36, 28, 69, 0, 0, 0.06%, 9, 0, 8, 260.87
1735488574, 36, 33, 69, 0, 0, 0.06%, 9, 0, 8, 268.99
1735488580, 36, 36, 69, 0, 0, 0.06%, 9, 0, 8, 262.73
1735488585, 37, 12, 69, 0, 0, 0.06%, 9, 0, 8, 267.30
1735488590, 37, 14, 69, 0, 0, 0.06%, 9, 0, 8, 262.03
1735488595, 37, 21, 69, 0, 0, 0.06%, 9, 0, 8, 274.03
1735488600, 37, 27, 69, 0, 0, 0.06%, 9, 0, 8, 274.27
1735488605, 37, 28, 69, 0, 0, 0.06%, 9, 0, 8, 277.65
1735488610, 37, 36, 69, 0, 0, 0.06%, 9, 0, 8, 282.99
1735488615, 37, 47, 69, 0, 0, 0.06%, 9, 0, 8, 300.50
1735488620, 37, 53, 69, 0, 0, 0.06%, 9, 0, 8, 322.42
1735488630, 38, 12, 69, 0, 0, 0.06%, 9, 0, 8, 282.37
1735488635, 38, 14, 69, 0, 0, 0.06%, 9, 0, 8, 276.02
1735488640, 38, 25, 69, 0, 0, 0.06%, 9, 0, 8, 262.48
1735488645, 38, 27, 69, 0, 0, 0.06%, 9, 0, 8, 266.12
1735488650, 38, 28, 69, 0, 0, 0.06%, 9, 0, 8, 272.27
1735488655, 38, 33, 69, 0, 0, 0.06%, 9, 0, 8, 275.07
1735488661, 38, 36, 69, 0, 0, 0.06%, 9, 0, 8, 276.47
1735488666, 38, 39, 69, 0, 0, 0.06%, 9, 0, 8, 268.49
1735488671, 38, 54, 69, 0, 0, 0.06%, 9, 0, 8, 283.71
1735488681, 39, 13, 69, 0, 0, 0.06%, 9, 0, 8, 256.43
1735488686, 39, 16, 69, 0, 0, 0.06%, 9, 0, 8, 262.49
1735488691, 39, 27, 69, 0, 0, 0.06%, 9, 0, 8, 278.74
1735488696, 39, 28, 69, 0, 0, 0.06%, 9, 0, 8, 293.59
1735488701, 39, 34, 69, 0, 0, 0.06%, 9, 0, 8, 283.40
1735488706, 39, 36, 69, 0, 0, 0.06%, 9, 0, 8, 257.59
1735488711, 40, 12, 69, 0, 0, 0.06%, 9, 0, 8, 265.23
1735488716, 40, 14, 69, 0, 0, 0.06%, 9, 0, 8, 271.16
1735488721, 40, 27, 69, 0, 0, 0.06%, 9, 0, 8, 262.24
1735488726, 40, 28, 69, 0, 0, 0.06%, 9, 0, 8, 276.11
1735488731, 40, 36, 69, 0, 0, 0.06%, 9, 0, 8, 271.70
1735488736, 40, 43, 69, 0, 0, 0.06%, 9, 0, 8, 271.20
1735488741, 40, 62, 69, 0, 0, 0.06%, 9, 0, 8, 294.94
1735488747, 41, 12, 69, 0, 0, 0.06%, 9, 0, 8, 277.45
1735488752, 41, 14, 69, 0, 0, 0.06%, 9, 0, 8, 266.18
1735488757, 41, 22, 69, 0, 0, 0.06%, 9, 0, 8, 269.53
1735488762, 41, 27, 69, 0, 0, 0.06%, 9, 0, 8, 278.83
1735488772, 41, 28, 69, 0, 0, 0.06%, 9, 0, 8, 281.85
1735488777, 41, 36, 69, 0, 0, 0.06%, 9, 0, 8, 264.65
1735488782, 41, 40, 69, 0, 0, 0.06%, 9, 0, 8, 263.40
1735488787, 41, 61, 69, 0, 0, 0.06%, 9, 0, 8, 302.19
1735488792, 42, 13, 69, 0, 0, 0.06%, 9, 0, 8, 275.37
1735488797, 42, 16, 69, 0, 0, 0.06%, 9, 0, 8, 277.73
1735488803, 42, 21, 69, 0, 0, 0.06%, 9, 0, 8, 273.36
1735488808, 42, 27, 69, 0, 0, 0.06%, 9, 0, 8, 280.57
1735488813, 42, 28, 69, 0, 0, 0.06%, 9, 0, 8, 263.72
1735488818, 42, 31, 69, 0, 0, 0.06%, 9, 0, 8, 282.69
1735488823, 42, 35, 69, 0, 0, 0.06%, 9, 0, 8, 269.44
1735488828, 42, 36, 69, 0, 0, 0.06%, 9, 0, 8, 266.35
1735488833, 42, 37, 69, 0, 0, 0.06%, 9, 0, 8, 279.56
1735488838, 42, 50, 69, 0, 0, 0.06%, 9, 0, 8, 280.39
1735488844, 42, 55, 69, 0, 0, 0.06%, 9, 0, 8, 281.41
1735488849, 43, 10, 69, 0, 0, 0.06%, 9, 0, 8, 270.30
1735488854, 43, 13, 69, 0, 0, 0.06%, 9, 0, 8, 272.05
1735488859, 43, 16, 69, 0, 0, 0.06%, 9, 0, 8, 265.69
1735488864, 43, 27, 69, 0, 0, 0.06%, 9, 0, 8, 266.55
1735488869, 43, 28, 69, 0, 0, 0.06%, 9, 0, 8, 277.74
1735488874, 43, 36, 69, 0, 0, 0.06%, 9, 0, 8, 271.83
1735488884, 43, 48, 69, 0, 0, 0.06%, 9, 0, 8, 275.77
1735488889, 44, 13, 69, 0, 0, 0.06%, 9, 0, 8, 266.47
1735488894, 44, 16, 69, 0, 0, 0.06%, 9, 0, 8, 272.72
1735488899, 44, 27, 69, 0, 0, 0.06%, 9, 0, 8, 265.71
1735488904, 44, 28, 69, 0, 0, 0.06%, 9, 0, 8, 268.95
1735488909, 44, 29, 69, 0, 0, 0.06%, 9, 0, 8, 270.01
1735488915, 44, 36, 69, 0, 0, 0.06%, 9, 0, 8, 250.61
1735488925, 45, 13, 69, 0, 0, 0.06%, 9, 0, 8, 266.18
1735488930, 45, 15, 69, 0, 0, 0.06%, 9, 0, 8, 281.45
1735488935, 45, 27, 69, 0, 0, 0.06%, 9, 0, 8, 280.18
1735488940, 45, 28, 69, 0, 0, 0.06%, 9, 0, 8, 276.81
1735488945, 45, 36, 69, 0, 0, 0.06%, 9, 0, 8, 286.64
1735488950, 45, 45, 69, 0, 0, 0.06%, 9, 0, 8, 261.86
1735488955, 45, 55, 69, 0, 0, 0.06%, 9, 0, 8, 287.64
1735488960, 45, 67, 69, 0, 0, 0.06%, 9, 0, 8, 282.92
1735488986, 46, 13, 69, 0, 0, 0.06%, 9, 0, 8, 274.24
1735488991, 46, 16, 69, 0, 0, 0.06%, 9, 0, 8, 273.21
1735488996, 46, 27, 69, 0, 0, 0.06%, 9, 0, 8, 267.91
1735489001, 46, 28, 69, 0, 0, 0.06%, 9, 0, 8, 281.48
1735489006, 46, 36, 69, 0, 0, 0.06%, 9, 0, 8, 271.36
1735489011, 46, 55, 69, 0, 0, 0.06%, 9, 0, 8, 287.20
1735489016, 46, 65, 69, 0, 0, 0.06%, 9, 0, 8, 286.45
1735489021, 46, 67, 69, 0, 0, 0.06%, 9, 0, 8, 311.57
1735489042, 47, 13, 69, 0, 0, 0.06%, 9, 0, 8, 272.50
1735489047, 47, 16, 69, 0, 0, 0.06%, 9, 0, 8, 280.07
1735489052, 47, 22, 69, 0, 0, 0.06%, 9, 0, 8, 279.97
1735489057, 47, 27, 69, 0, 0, 0.06%, 9, 0, 8, 275.15
1735489062, 47, 28, 69, 0, 0, 0.06%, 9, 0, 8, 285.57
1735489067, 47, 36, 69, 0, 0, 0.06%, 9, 0, 8, 281.74
1735489072, 47, 40, 69, 0, 0, 0.06%, 9, 0, 8, 269.69
1735489077, 48, 12, 69, 0, 0, 0.06%, 9, 0, 8, 268.87
1735489082, 48, 14, 69, 0, 0, 0.06%, 9, 0, 8, 266.17
1735489087, 48, 27, 69, 0, 0, 0.06%, 9, 0, 8, 275.01
1735489093, 48, 28, 69, 0, 0, 0.06%, 9, 0, 8, 273.98
1735489098, 48, 36, 69, 0, 0, 0.06%, 9, 0, 8, 264.18
1735489103, 49, 12, 69, 0, 0, 0.06%, 9, 0, 8, 258.24
1735489108, 49, 14, 69, 0, 0, 0.06%, 9, 0, 8, 266.08
1735489113, 49, 18, 69, 0, 0, 0.06%, 9, 0, 8, 261.40
1735489118, 49, 27, 69, 0, 0, 0.06%, 9, 0, 8, 260.20
1735489123, 49, 28, 69, 0, 0, 0.06%, 9, 0, 8, 270.99
1735489128, 49, 36, 69, 0, 0, 0.06%, 9, 0, 8, 263.71
1735489133, 49, 38, 69, 0, 0, 0.06%, 9, 0, 8, 292.44
1735489138, 49, 47, 69, 0, 0, 0.06%, 9, 0, 8, 295.32
1735489143, 49, 66, 69, 0, 0, 0.06%, 9, 0, 8, 288.80
1735489154, 50, 12, 69, 0, 0, 0.06%, 9, 0, 8, 268.41
1735489159, 50, 14, 69, 0, 0, 0.06%, 9, 0, 8, 281.61
1735489164, 50, 27, 69, 0, 0, 0.06%, 9, 0, 8, 267.55
1735489169, 50, 28, 69, 0, 0, 0.06%, 9, 0, 8, 268.52
1735489174, 50, 36, 69, 0, 0, 0.06%, 9, 0, 8, 271.92
1735489179, 50, 40, 69, 0, 0, 0.06%, 9, 0, 8, 278.37
1735489184, 50, 48, 69, 0, 0, 0.06%, 9, 0, 8, 292.27
1735489189, 50, 61, 69, 0, 0, 0.06%, 9, 0, 8, 335.23
1735489194, 51, 12, 69, 0, 0, 0.06%, 9, 0, 8, 291.56
1735489199, 51, 14, 69, 0, 0, 0.06%, 9, 0, 8, 269.22
1735489204, 51, 16, 69, 0, 0, 0.06%, 9, 0, 8, 269.34
1735489210, 51, 27, 69, 0, 0, 0.06%, 9, 0, 8, 266.56
1735489215, 51, 28, 69, 0, 0, 0.06%, 9, 0, 8, 279.73
1735489220, 51, 36, 69, 0, 0, 0.06%, 9, 0, 8, 262.50
1735489225, 51, 60, 69, 0, 0, 0.06%, 9, 0, 8, 274.55
1735489230, 51, 68, 69, 0, 0, 0.06%, 9, 0, 8, 300.60
1735489261, 52, 13, 69, 0, 0, 0.06%, 9, 0, 8, 279.84
1735489266, 52, 16, 69, 0, 0, 0.06%, 9, 0, 8, 275.90
1735489271, 52, 27, 69, 0, 0, 0.06%, 9, 0, 8, 278.80
1735489276, 52, 28, 69, 0, 0, 0.06%, 9, 0, 8, 261.91
1735489281, 52, 32, 69, 0, 0, 0.06%, 9, 0, 8, 290.51
1735489286, 52, 34, 69, 0, 0, 0.06%, 9, 0, 8, 278.21
1735489291, 52, 36, 69, 0, 0, 0.06%, 9, 0, 8, 273.72
1735489296, 52, 53, 69, 0, 0, 0.06%, 9, 0, 8, 305.13
1735489301, 53, 12, 69, 0, 0, 0.06%, 9, 0, 8, 271.28
1735489306, 53, 14, 69, 0, 0, 0.06%, 9, 0, 8, 269.19
1735489311, 53, 27, 69, 0, 0, 0.06%, 9, 0, 8, 262.03
1735489322, 53, 28, 69, 0, 0, 0.06%, 9, 0, 8, 282.59
1735489327, 53, 29, 69, 0, 0, 0.06%, 9, 0, 8, 267.52
1735489332, 53, 36, 69, 0, 0, 0.06%, 9, 0, 8, 260.89
1735489337, 53, 46, 69, 0, 0, 0.06%, 9, 0, 8, 281.12
1735489342, 54, 12, 69, 0, 0, 0.06%, 9, 0, 8, 271.45
1735489347, 54, 13, 69, 0, 0, 0.06%, 9, 0, 8, 276.39
1735489352, 54, 16, 69, 0, 0, 0.06%, 9, 0, 8, 270.23
1735489357, 54, 23, 69, 0, 0, 0.06%, 9, 0, 8, 287.42
1735489362, 54, 27, 69, 0, 0, 0.06%, 9, 0, 8, 270.48
1735489367, 54, 28, 69, 0, 0, 0.06%, 9, 0, 8, 270.59
1735489372, 54, 36, 69, 0, 0, 0.06%, 9, 0, 8, 272.21
1735489378, 54, 44, 69, 0, 0, 0.06%, 9, 0, 8, 293.76
1735489383, 55, 13, 69, 0, 0, 0.06%, 9, 0, 8, 268.06
1735489388, 55, 16, 69, 0, 0, 0.06%, 9, 0, 8, 264.81
1735489393, 55, 27, 69, 0, 0, 0.06%, 9, 0, 8, 269.30
1735489398, 55, 28, 69, 0, 0, 0.06%, 9, 0, 8, 276.52
1735489403, 55, 36, 69, 0, 0, 0.06%, 9, 0, 8, 266.99
1735489408, 55, 54, 69, 0, 0, 0.06%, 9, 0, 8, 270.71
1735489413, 56, 12, 69, 0, 0, 0.06%, 9, 0, 8, 275.14
1735489418, 56, 14, 69, 0, 0, 0.06%, 9, 0, 8, 266.26
1735489423, 56, 27, 69, 0, 0, 0.06%, 9, 0, 8, 279.12
1735489433, 56, 28, 69, 0, 0, 0.06%, 9, 0, 8, 267.90
1735489438, 56, 36, 69, 0, 0, 0.06%, 9, 0, 8, 266.59
1735489443, 56, 64, 69, 0, 0, 0.06%, 9, 0, 8, 299.93
1735489449, 56, 68, 69, 0, 0, 0.06%, 9, 0, 8, 303.88
1735489479, 57, 13, 69, 0, 0, 0.06%, 9, 0, 8, 270.62
1735489484, 57, 16, 69, 0, 0, 0.06%, 9, 0, 8, 264.95
1735489489, 57, 21, 69, 0, 0, 0.06%, 9, 0, 8, 270.47
1735489494, 57, 27, 69, 0, 0, 0.06%, 9, 0, 8, 276.14
1735489499, 57, 28, 69, 0, 0, 0.06%, 9, 0, 8, 257.16
1735489504, 57, 36, 69, 0, 0, 0.06%, 9, 0, 8, 258.32
1735489509, 58, 12, 69, 0, 0, 0.06%, 9, 0, 8, 261.22
1735489515, 58, 14, 69, 0, 0, 0.06%, 9, 0, 8, 271.71
1735489520, 58, 27, 69, 0, 0, 0.06%, 9, 0, 8, 268.21
1735489525, 58, 28, 69, 0, 0, 0.06%, 9, 0, 8, 276.03
1735489530, 58, 36, 69, 0, 0, 0.06%, 9, 0, 8, 281.17
1735489535, 58, 52, 69, 0, 0, 0.06%, 9, 0, 8, 288.73
1735489545, 58, 59, 69, 0, 0, 0.06%, 9, 0, 8, 275.06
1735489555, 58, 68, 69, 0, 0, 0.06%, 9, 0, 8, 277.50
1735489586, 59, 12, 69, 0, 0, 0.06%, 9, 0, 8, 282.14
1735489591, 59, 14, 69, 0, 0, 0.06%, 9, 0, 8, 270.63
1735489596, 59, 27, 69, 0, 0, 0.06%, 9, 0, 8, 277.52
1735489606, 59, 28, 69, 0, 0, 0.06%, 9, 0, 8, 267.00
1735489611, 59, 36, 69, 0, 0, 0.06%, 9, 0, 8, 267.48
1735489616, 59, 39, 69, 0, 0, 0.06%, 9, 0, 8, 277.73
1735489621, 59, 59, 69, 0, 0, 0.06%, 9, 0, 8, 277.61
1735489627, 59, 68, 69, 0, 0, 0.06%, 9, 0, 8, 300.66
1735489657, 60, 13, 69, 0, 0, 0.06%, 9, 0, 8, 270.10
1735489662, 60, 16, 69, 0, 0, 0.06%, 9, 0, 8, 269.91
1735489667, 60, 27, 69, 0, 0, 0.06%, 9, 0, 8, 267.74
1735489672, 60, 28, 69, 0, 0, 0.06%, 9, 0, 8, 259.14
1735489678, 60, 36, 69, 0, 0, 0.06%, 9, 0, 8, 258.83
1735489683, 60, 47, 69, 0, 0, 0.06%, 9, 0, 8, 281.19
1735489688, 60, 49, 69, 0, 0, 0.06%, 9, 0, 8, 289.33
1735489698, 61, 12, 69, 0, 0, 0.06%, 9, 0, 8, 278.36
1735489703, 61, 14, 69, 0, 0, 0.06%, 9, 0, 8, 276.23
1735489708, 61, 27, 69, 0, 0, 0.06%, 9, 0, 8, 267.43
1735489713, 61, 28, 69, 0, 0, 0.06%, 9, 0, 8, 272.53
1735489718, 61, 32, 69, 0, 0, 0.06%, 9, 0, 8, 268.13
1735489723, 61, 36, 69, 0, 0, 0.06%, 9, 0, 8, 280.29
1735489733, 62, 12, 69, 0, 0, 0.06%, 9, 0, 8, 267.17
1735489738, 62, 14, 69, 0, 0, 0.06%, 9, 0, 8, 261.92
1735489743, 62, 27, 69, 0, 0, 0.06%, 9, 0, 8, 268.87
1735489749, 62, 28, 69, 0, 0, 0.06%, 9, 0, 8, 275.27
1735489759, 62, 36, 69, 0, 0, 0.06%, 9, 0, 8, 271.49
1735489764, 62, 48, 69, 0, 0, 0.06%, 9, 0, 8, 286.48
1735489769, 62, 56, 69, 0, 0, 0.06%, 9, 0, 8, 282.78
1735489774, 63, 13, 69, 0, 0, 0.06%, 9, 0, 8, 259.57
1735489779, 63, 16, 69, 0, 0, 0.06%, 9, 0, 8, 265.57
1735489784, 63, 27, 69, 0, 0, 0.06%, 9, 0, 8, 260.67
1735489789, 63, 28, 69, 0, 0, 0.06%, 9, 0, 8, 264.42
1735489794, 63, 36, 69, 0, 0, 0.06%, 9, 0, 8, 274.21
1735489799, 64, 12, 69, 0, 0, 0.06%, 9, 0, 8, 268.18
1735489804, 64, 14, 69, 0, 0, 0.06%, 9, 0, 8, 271.99
1735489810, 64, 18, 69, 0, 0, 0.06%, 9, 0, 8, 273.58
1735489815, 64, 27, 69, 0, 0, 0.06%, 9, 0, 8, 274.28
1735489820, 64, 28, 69, 0, 0, 0.06%, 9, 0, 8, 284.82
1735489825, 64, 32, 69, 0, 0, 0.06%, 9, 0, 8, 277.78
1735489830, 64, 35, 69, 0, 0, 0.06%, 9, 0, 8, 263.71
1735489835, 64, 36, 69, 0, 0, 0.06%, 9, 0, 8, 260.66
1735489840, 65, 13, 69, 0, 0, 0.06%, 9, 0, 8, 264.12
1735489845, 65, 14, 69, 0, 0, 0.06%, 9, 0, 8, 266.59
1735489850, 65, 20, 69, 0, 0, 0.06%, 9, 0, 8, 268.77
1735489855, 65, 27, 69, 0, 0, 0.06%, 9, 0, 8, 277.24
1735489860, 65, 28, 69, 0, 0, 0.06%, 9, 0, 8, 272.88
1735489865, 65, 36, 69, 0, 0, 0.06%, 9, 0, 8, 265.12
1735489870, 66, 12, 69, 0, 0, 0.06%, 9, 0, 8, 268.93
1735489876, 66, 14, 69, 0, 0, 0.06%, 9, 0, 8, 260.58
1735489881, 66, 18, 69, 0, 0, 0.06%, 9, 0, 8, 281.27
1735489886, 66, 27, 69, 0, 0, 0.06%, 9, 0, 8, 281.56
1735489891, 66, 28, 69, 0, 0, 0.06%, 9, 0, 8, 282.99
1735489896, 66, 36, 69, 0, 0, 0.06%, 9, 0, 8, 282.20
1735489901, 66, 39, 69, 0, 0, 0.06%, 9, 0, 8, 284.62
1735489906, 66, 44, 69, 0, 0, 0.06%, 9, 0, 8, 279.79
1735489911, 66, 46, 69, 0, 0, 0.06%, 9, 0, 8, 285.13
1735489916, 66, 61, 69, 0, 0, 0.06%, 9, 0, 8, 299.73
1735489921, 67, 13, 69, 0, 0, 0.06%, 9, 0, 8, 277.79
1735489926, 67, 16, 69, 0, 0, 0.06%, 9, 0, 8, 270.70
1735489931, 67, 27, 69, 0, 0, 0.06%, 9, 0, 8, 264.63
1735489936, 67, 28, 69, 0, 0, 0.06%, 9, 0, 8, 264.37
1735489941, 67, 31, 69, 0, 0, 0.06%, 9, 0, 8, 278.71
1735489947, 67, 36, 69, 0, 0, 0.06%, 9, 0, 8, 270.88
1735489952, 67, 39, 69, 0, 0, 0.06%, 9, 0, 8, 286.10
1735489957, 67, 50, 69, 0, 0, 0.06%, 9, 0, 8, 274.22
1735489962, 67, 67, 69, 0, 0, 0.06%, 9, 0, 8, 271.60
1735489972, 68, 12, 69, 0, 0, 0.06%, 9, 0, 8, 289.00
1735489977, 68, 14, 69, 0, 0, 0.06%, 9, 0, 8, 272.51
1735489982, 68, 22, 69, 0, 0, 0.06%, 9, 0, 8, 274.57
1735489987, 68, 27, 69, 0, 0, 0.06%, 9, 0, 8, 291.83
1735489992, 68, 28, 69, 0, 0, 0.06%, 9, 0, 8, 280.63
1735490002, 68, 36, 69, 0, 0, 0.06%, 9, 0, 8, 280.25
1735490007, 68, 37, 69, 0, 0, 0.06%, 9, 0, 8, 276.45
1735490012, 69, 12, 69, 0, 0, 0.06%, 9, 0, 8, 266.11
1735490017, 69, 14, 69, 0, 0, 0.06%, 9, 0, 8, 271.85
1735490022, 69, 27, 69, 0, 0, 0.06%, 9, 0, 8, 265.10
1735490027, 69, 28, 69, 0, 0, 0.06%, 9, 0, 8, 265.80
1735490032, 69, 31, 69, 0, 0, 0.06%, 9, 0, 8, 279.23
1735490037, 69, 36, 69, 0, 0, 0.06%, 9, 0, 8, 271.32
1735490042, 69, 61, 69, 0, 0, 0.06%, 9, 0, 8, 277.58
1735490048, 70, 12, 69, 0, 0, 0.06%, 9, 0, 8, 293.30
1735490053, 70, 14, 69, 0, 0, 0.06%, 9, 0, 8, 274.96
1735490058, 70, 20, 69, 0, 0, 0.06%, 9, 0, 8, 281.13
1735490063, 70, 27, 69, 0, 0, 0.06%, 9, 0, 8, 280.60
1735490068, 70, 28, 69, 0, 0, 0.06%, 9, 0, 8, 285.49
1735490073, 70, 36, 69, 0, 0, 0.06%, 9, 0, 8, 284.33
1735490078, 70, 51, 69, 0, 0, 0.06%, 9, 0, 8, 273.12
1735490083, 70, 55, 69, 0, 0, 0.06%, 9, 0, 8, 280.11
1735490088, 70, 63, 69, 0, 0, 0.06%, 9, 0, 8, 292.20
1735490094, 71, 1, 69, 0, 0, 0.06%, 9, 0, 8, 295.34
1735490099, 71, 13, 69, 0, 0, 0.06%, 9, 0, 8, 260.97
1735490104, 71, 16, 69, 0, 0, 0.06%, 9, 0, 8, 271.67
1735490109, 71, 27, 69, 0, 0, 0.06%, 9, 0, 8, 271.09
1735490119, 71, 28, 69, 0, 0, 0.06%, 9, 0, 8, 283.92
1735490124, 71, 36, 69, 0, 0, 0.06%, 9, 0, 8, 268.19
1735490129, 71, 40, 69, 0, 0, 0.06%, 9, 0, 8, 273.01
1735490134, 71, 48, 69, 0, 0, 0.06%, 9, 0, 8, 284.42
1735490139, 71, 62, 69, 0, 0, 0.06%, 9, 0, 8, 281.93
1735490144, 71, 68, 69, 0, 0, 0.06%, 9, 0, 8, 307.93
1735490150, 72, 11, 69, 0, 0, 0.06%, 9, 0, 8, 265.85
1735490155, 72, 13, 69, 0, 0, 0.06%, 9, 0, 8, 266.86
1735490160, 72, 16, 69, 0, 0, 0.06%, 9, 0, 8, 269.34
1735490165, 72, 27, 69, 0, 0, 0.06%, 9, 0, 8, 271.59
1735490170, 72, 28, 69, 0, 0, 0.06%, 9, 0, 8, 272.91
1735490175, 72, 36, 69, 0, 0, 0.06%, 9, 0, 8, 271.03
1735490180, 72, 52, 69, 0, 0, 0.06%, 9, 0, 8, 302.04
1735490185, 72, 60, 69, 0, 0, 0.06%, 9, 0, 8, 280.50
1735490190, 72, 61, 69, 0, 0, 0.06%, 9, 0, 8, 312.53
1735490195, 73, 10, 69, 0, 0, 0.06%, 9, 0, 8, 278.86
1735490200, 73, 13, 69, 0, 0, 0.06%, 9, 0, 8, 267.90
1735490205, 73, 16, 69, 0, 0, 0.06%, 9, 0, 8, 270.66
1735490210, 73, 27, 69, 0, 0, 0.06%, 9, 0, 8, 272.82
1735490216, 73, 28, 69, 0, 0, 0.06%, 9, 0, 8, 277.20
1735490221, 73, 36, 69, 0, 0, 0.06%, 9, 0, 8, 266.94
1735490226, 73, 50, 69, 0, 0, 0.06%, 9, 0, 8, 280.43
1735490231, 73, 57, 69, 0, 0, 0.06%, 9, 0, 8, 292.43
1735490241, 73, 64, 69, 0, 0, 0.06%, 9, 0, 8, 297.21
1735490246, 74, 12, 69, 0, 0, 0.06%, 9, 0, 8, 272.80
1735490251, 74, 14, 69, 0, 0, 0.06%, 9, 0, 8, 264.90
1735490256, 74, 27, 69, 0, 0, 0.06%, 9, 0, 8, 273.75
1735490261, 74, 28, 69, 0, 0, 0.06%, 9, 0, 8, 275.97
1735490267, 74, 36, 69, 0, 0, 0.06%, 9, 0, 8, 275.44
1735490277, 74, 40, 69, 0, 0, 0.06%, 9, 0, 8, 270.64
1735490282, 74, 67, 69, 0, 0, 0.06%, 9, 0, 8, 292.12
1735490292, 75, 13, 69, 0, 0, 0.06%, 9, 0, 8, 264.82
1735490297, 75, 16, 69, 0, 0, 0.06%, 9, 0, 8, 264.25
1735490302, 75, 27, 69, 0, 0, 0.06%, 9, 0, 8, 261.72
1735490307, 75, 28, 69, 0, 0, 0.06%, 9, 0, 8, 265.65
1735490312, 75, 36, 69, 0, 0, 0.06%, 9, 0, 8, 262.12
1735490318, 75, 49, 69, 0, 0, 0.06%, 9, 0, 8, 285.06
1735490323, 76, 13, 69, 0, 0, 0.06%, 9, 0, 8, 276.51
1735490328, 76, 16, 69, 0, 0, 0.06%, 9, 0, 8, 261.12
1735490333, 76, 27, 69, 0, 0, 0.06%, 9, 0, 8, 262.77
1735490338, 76, 28, 69, 0, 0, 0.06%, 9, 0, 8, 281.46
1735490343, 76, 34, 69, 0, 0, 0.06%, 9, 0, 8, 286.02
1735490348, 76, 36, 69, 0, 0, 0.06%, 9, 0, 8, 263.27
1735490353, 76, 41, 69, 0, 0, 0.06%, 9, 0, 8, 277.41
1735490359, 76, 44, 69, 0, 0, 0.06%, 9, 0, 8, 291.04
1735490364, 76, 47, 69, 0, 0, 0.06%, 9, 0, 8, 308.72
1735490369, 77, 12, 69, 0, 0, 0.06%, 9, 0, 8, 285.58
1735490374, 77, 14, 70, 1, 0, 0.06%, 9, 0, 8, 271.18
1735490379, 77, 27, 70, 1, 0, 0.06%, 9, 0, 8, 267.20
1735490384, 77, 28, 70, 1, 0, 0.06%, 9, 0, 8, 275.52
1735490389, 77, 36, 70, 1, 0, 0.06%, 9, 0, 8, 276.75
1735490394, 77, 69, 70, 1, 0, 0.06%, 9, 0, 8, 271.58
1735490399, 77, 69, 71, 2, 0, 0.06%, 9, 0, 8, 353.93
1735490674, 77, 70, 71, 1, 0, 0.06%, 9, 0, 8, 294.24
1735490953, 78, 13, 71, 0, 0, 0.06%, 9, 0, 8, 271.73
1735490958, 78, 16, 71, 0, 0, 0.06%, 9, 0, 8, 279.65
1735490963, 78, 27, 71, 0, 0, 0.06%, 9, 0, 8, 283.05
1735490968, 78, 28, 71, 0, 0, 0.06%, 9, 0, 8, 277.29
1735490973, 78, 33, 71, 0, 0, 0.06%, 9, 0, 8, 284.03
1735490978, 78, 36, 71, 0, 0, 0.06%, 9, 0, 8, 281.04
1735490984, 78, 48, 71, 0, 0, 0.06%, 9, 0, 8, 289.68
1735490989, 79, 13, 71, 0, 0, 0.06%, 9, 0, 8, 276.04
1735490994, 79, 14, 71, 0, 0, 0.06%, 9, 0, 8, 271.98
1735490999, 79, 18, 71, 0, 0, 0.06%, 9, 0, 8, 271.67
1735491004, 79, 22, 71, 0, 0, 0.06%, 9, 0, 8, 258.13
1735491009, 79, 27, 71, 0, 0, 0.06%, 9, 0, 8, 272.71
1735491014, 79, 28, 71, 0, 0, 0.06%, 9, 0, 8, 265.74
1735491019, 79, 29, 71, 0, 0, 0.06%, 9, 0, 8, 253.72
1735491024, 79, 36, 71, 0, 0, 0.06%, 9, 0, 8, 260.50
1735491029, 79, 45, 71, 0, 0, 0.06%, 9, 0, 8, 286.27
1735491034, 79, 61, 71, 0, 0, 0.06%, 9, 0, 8, 318.54
1735491039, 79, 68, 71, 0, 0, 0.06%, 9, 0, 8, 304.23
1735491044, 80, 1, 71, 0, 0, 0.06%, 9, 0, 8, 292.93
1735491049, 80, 13, 71, 0, 0, 0.06%, 9, 0, 8, 272.95
1735491054, 80, 16, 71, 0, 0, 0.06%, 9, 0, 8, 277.97
1735491059, 80, 27, 71, 0, 0, 0.06%, 9, 0, 8, 266.29
1735491065, 80, 28, 71, 0, 0, 0.06%, 9, 0, 8, 280.60
1735491070, 80, 32, 71, 0, 0, 0.06%, 9, 0, 8, 292.04
1735491075, 80, 36, 71, 0, 0, 0.06%, 9, 0, 8, 266.09
1735491080, 81, 12, 71, 0, 0, 0.06%, 9, 0, 8, 274.88
1735491085, 81, 14, 71, 0, 0, 0.06%, 9, 0, 8, 269.25
1735491090, 81, 17, 71, 0, 0, 0.06%, 9, 0, 8, 263.34
1735491095, 81, 27, 71, 0, 0, 0.06%, 9, 0, 8, 275.60
1735491100, 81, 28, 71, 0, 0, 0.06%, 9, 0, 8, 265.37
1735491105, 81, 31, 71, 0, 0, 0.06%, 9, 0, 8, 272.64
1735491110, 81, 36, 71, 0, 0, 0.06%, 9, 0, 8, 264.77
1735491115, 81, 41, 71, 0, 0, 0.06%, 9, 0, 8, 285.07
1735491120, 81, 58, 71, 0, 0, 0.06%, 9, 0, 8, 281.36
1735491125, 81, 66, 71, 0, 0, 0.06%, 9, 0, 8, 292.50
1735491130, 81, 67, 71, 0, 0, 0.06%, 9, 0, 8, 293.01
1735491141, 81, 68, 71, 0, 0, 0.06%, 9, 0, 8, 306.64
1735491146, 82, 12, 71, 0, 0, 0.06%, 9, 0, 8, 281.60
1735491151, 82, 14, 71, 0, 0, 0.06%, 9, 0, 8, 258.11
1735491156, 82, 17, 71, 0, 0, 0.06%, 9, 0, 8, 262.80
1735491161, 82, 19, 71, 0, 0, 0.06%, 9, 0, 8, 271.08
1735491166, 82, 27, 71, 0, 0, 0.06%, 9, 0, 8, 288.74
1735491171, 82, 28, 71, 0, 0, 0.06%, 9, 0, 8, 286.14
1735491176, 82, 36, 71, 0, 0, 0.06%, 9, 0, 8, 275.31
1735491181, 82, 53, 71, 0, 0, 0.06%, 9, 0, 8, 303.04
1735491186, 82, 66, 71, 0, 0, 0.06%, 9, 0, 8, 294.71
1735491191, 83, 13, 71, 0, 0, 0.06%, 9, 0, 8, 276.35
1735491196, 83, 16, 71, 0, 0, 0.06%, 9, 0, 8, 272.48
1735491201, 83, 27, 71, 0, 0, 0.06%, 9, 0, 8, 263.33
1735491206, 83, 28, 71, 0, 0, 0.06%, 9, 0, 8, 288.48
1735491212, 83, 36, 71, 0, 0, 0.06%, 9, 0, 8, 274.06
1735491217, 84, 13, 71, 0, 0, 0.06%, 9, 0, 8, 279.37
1735491222, 84, 16, 71, 0, 0, 0.06%, 9, 0, 8, 277.83
1735491227, 84, 27, 71, 0, 0, 0.06%, 9, 0, 8, 274.13
1735491232, 84, 28, 71, 0, 0, 0.06%, 9, 0, 8, 266.92
1735491237, 84, 29, 71, 0, 0, 0.06%, 9, 0, 8, 259.09
1735491242, 84, 36, 71, 0, 0, 0.06%, 9, 0, 8, 257.38
1735491247, 84, 47, 71, 0, 0, 0.06%, 9, 0, 8, 286.45
1735491252, 84, 66, 71, 0, 0, 0.06%, 9, 0, 8, 294.68
1735491257, 85, 12, 71, 0, 0, 0.06%, 9, 0, 8, 270.01
1735491262, 85, 14, 71, 0, 0, 0.06%, 9, 0, 8, 259.37
1735491267, 85, 27, 71, 0, 0, 0.06%, 9, 0, 8, 275.15
1735491272, 85, 28, 71, 0, 0, 0.06%, 9, 0, 8, 278.52
1735491277, 85, 36, 71, 0, 0, 0.06%, 9, 0, 8, 273.20
1735491288, 86, 12, 71, 0, 0, 0.06%, 9, 0, 8, 285.51
1735491293, 86, 14, 71, 0, 0, 0.06%, 9, 0, 8, 276.13
1735491298, 86, 18, 71, 0, 0, 0.06%, 9, 0, 8, 277.57
1735491303, 86, 27, 71, 0, 0, 0.06%, 9, 0, 8, 260.67
1735491308, 86, 28, 71, 0, 0, 0.06%, 9, 0, 8, 262.62
1735491313, 86, 34, 71, 0, 0, 0.06%, 9, 0, 8, 285.83
1735491318, 86, 36, 71, 0, 0, 0.06%, 9, 0, 8, 255.23
1735491323, 86, 53, 71, 0, 0, 0.06%, 9, 0, 8, 306.80
1735491328, 87, 12, 71, 0, 0, 0.06%, 9, 0, 8, 282.41
1735491333, 87, 14, 71, 0, 0, 0.06%, 9, 0, 8, 273.39
1735491339, 87, 27, 71, 0, 0, 0.06%, 9, 0, 8, 272.82
1735491344, 87, 28, 71, 0, 0, 0.06%, 9, 0, 8, 268.25
1735491349, 87, 36, 71, 0, 0, 0.06%, 9, 0, 8, 274.43
1735491354, 87, 50, 71, 0, 0, 0.06%, 9, 0, 8, 277.63
1735491359, 87, 64, 71, 0, 0, 0.06%, 9, 0, 8, 286.46
1735491364, 88, 12, 71, 0, 0, 0.06%, 9, 0, 8, 297.95
1735491369, 88, 14, 71, 0, 0, 0.06%, 9, 0, 8, 275.32
1735491374, 88, 18, 71, 0, 0, 0.06%, 9, 0, 8, 269.16
1735491379, 88, 19, 71, 0, 0, 0.06%, 9, 0, 8, 271.79
1735491384, 88, 27, 71, 0, 0, 0.06%, 9, 0, 8, 271.77
1735491390, 88, 28, 71, 0, 0, 0.06%, 9, 0, 8, 278.12
1735491395, 88, 30, 71, 0, 0, 0.06%, 9, 0, 8, 284.00
1735491400, 88, 35, 71, 0, 0, 0.06%, 9, 0, 8, 282.71
1735491405, 88, 36, 71, 0, 0, 0.06%, 9, 0, 8, 279.60
1735491410, 88, 39, 71, 0, 0, 0.06%, 9, 0, 8, 297.34
1735491415, 88, 43, 71, 0, 0, 0.06%, 9, 0, 8, 282.54
1735491420, 89, 12, 71, 0, 0, 0.06%, 9, 0, 8, 266.58
1735491425, 89, 14, 71, 0, 0, 0.06%, 9, 0, 8, 263.77
1735491430, 89, 27, 71, 0, 0, 0.06%, 9, 0, 8, 261.80
1735491435, 89, 28, 71, 0, 0, 0.06%, 9, 0, 8, 260.12
1735491441, 89, 36, 71, 0, 0, 0.06%, 9, 0, 8, 267.97
1735491446, 90, 12, 71, 0, 0, 0.06%, 9, 0, 8, 266.72
1735491451, 90, 14, 71, 0, 0, 0.06%, 9, 0, 8, 270.82
1735491456, 90, 27, 71, 0, 0, 0.06%, 9, 0, 8, 269.52
1735491461, 90, 28, 71, 0, 0, 0.06%, 9, 0, 8, 278.47
1735491466, 90, 30, 71, 0, 0, 0.06%, 9, 0, 8, 282.02
1735491476, 90, 36, 71, 0, 0, 0.06%, 9, 0, 8, 267.49
1735491481, 90, 59, 71, 0, 0, 0.06%, 9, 0, 8, 284.28
1735491486, 91, 13, 71, 0, 0, 0.06%, 9, 0, 8, 273.96
1735491491, 91, 16, 71, 0, 0, 0.06%, 9, 0, 8, 278.44
1735491496, 91, 27, 71, 0, 0, 0.06%, 9, 0, 8, 266.89
1735491501, 91, 28, 71, 0, 0, 0.06%, 9, 0, 8, 273.48
1735491506, 91, 36, 71, 0, 0, 0.06%, 9, 0, 8, 268.39
1735491512, 91, 47, 71, 0, 0, 0.06%, 9, 0, 8, 287.57
1735491517, 91, 50, 71, 0, 0, 0.06%, 9, 0, 8, 273.18
1735491522, 92, 12, 71, 0, 0, 0.06%, 9, 0, 8, 279.54
1735491527, 92, 14, 71, 0, 0, 0.06%, 9, 0, 8, 268.86
1735491532, 92, 27, 71, 0, 0, 0.06%, 9, 0, 8, 279.94
1735491537, 92, 28, 71, 0, 0, 0.06%, 9, 0, 8, 292.63
1735491542, 92, 29, 71, 0, 0, 0.06%, 9, 0, 8, 279.85
1735491552, 92, 36, 71, 0, 0, 0.06%, 9, 0, 8, 269.02
1735491557, 92, 49, 71, 0, 0, 0.06%, 9, 0, 8, 276.04
1735491562, 93, 13, 71, 0, 0, 0.06%, 9, 0, 8, 271.64
1735491567, 93, 16, 71, 0, 0, 0.06%, 9, 0, 8, 276.20
1735491573, 93, 20, 71, 0, 0, 0.06%, 9, 0, 8, 272.23
1735491578, 93, 24, 71, 0, 0, 0.06%, 9, 0, 8, 268.09
1735491583, 93, 27, 71, 0, 0, 0.06%, 9, 0, 8, 272.03
1735491588, 93, 28, 71, 0, 0, 0.06%, 9, 0, 8, 270.62
1735491593, 93, 35, 71, 0, 0, 0.06%, 9, 0, 8, 277.84
1735491598, 93, 36, 71, 0, 0, 0.06%, 9, 0, 8, 264.97
1735491603, 93, 64, 71, 0, 0, 0.06%, 9, 0, 8, 303.33
1735491608, 94, 12, 71, 0, 0, 0.06%, 9, 0, 8, 278.39
1735491613, 94, 14, 71, 0, 0, 0.06%, 9, 0, 8, 265.28
1735491618, 94, 22, 71, 0, 0, 0.06%, 9, 0, 8, 273.09
1735491628, 94, 27, 71, 0, 0, 0.06%, 9, 0, 8, 275.71
1735491633, 94, 28, 71, 0, 0, 0.06%, 9, 0, 8, 278.72
1735491638, 94, 36, 71, 0, 0, 0.06%, 9, 0, 8, 277.06
1735491643, 94, 57, 71, 0, 0, 0.06%, 9, 0, 8, 262.31
1735491649, 95, 13, 71, 0, 0, 0.06%, 9, 0, 8, 268.33
1735491654, 95, 16, 71, 0, 0, 0.06%, 9, 0, 8, 257.31
1735491659, 95, 27, 71, 0, 0, 0.06%, 9, 0, 8, 268.57
1735491664, 95, 28, 71, 0, 0, 0.06%, 9, 0, 8, 268.18
1735491669, 95, 31, 71, 0, 0, 0.06%, 9, 0, 8, 273.32
1735491674, 95, 36, 71, 0, 0, 0.06%, 9, 0, 8, 264.88
1735491679, 95, 65, 71, 0, 0, 0.06%, 9, 0, 8, 307.39
1735491684, 96, 12, 71, 0, 0, 0.06%, 9, 0, 8, 271.83
1735491689, 96, 14, 71, 0, 0, 0.06%, 9, 0, 8, 265.41
1735491694, 96, 27, 71, 0, 0, 0.06%, 9, 0, 8, 266.45
1735491699, 96, 28, 71, 0, 0, 0.06%, 9, 0, 8, 265.90
1735491704, 96, 36, 71, 0, 0, 0.06%, 9, 0, 8, 266.90
1735491709, 96, 49, 71, 0, 0, 0.06%, 9, 0, 8, 287.18
1735491715, 96, 59, 71, 0, 0, 0.06%, 9, 0, 8, 290.34
1735491720, 97, 9, 71, 0, 0, 0.06%, 9, 0, 8, 283.67
1735491725, 97, 13, 71, 0, 0, 0.06%, 9, 0, 8, 264.43
1735491730, 97, 16, 71, 0, 0, 0.06%, 9, 0, 8, 271.00
1735491735, 97, 27, 71, 0, 0, 0.06%, 9, 0, 8, 269.89
1735491740, 97, 28, 71, 0, 0, 0.06%, 9, 0, 8, 263.25
1735491745, 97, 36, 71, 0, 0, 0.06%, 9, 0, 8, 264.43
1735491750, 97, 51, 71, 0, 0, 0.06%, 9, 0, 8, 280.22
1735491755, 98, 12, 71, 0, 0, 0.06%, 9, 0, 8, 270.29
1735491760, 98, 14, 71, 0, 0, 0.06%, 9, 0, 8, 276.20
1735491765, 98, 20, 71, 0, 0, 0.06%, 9, 0, 8, 266.35
1735491770, 98, 26, 71, 0, 0, 0.06%, 9, 0, 8, 276.58
1735491776, 98, 27, 71, 0, 0, 0.06%, 9, 0, 8, 269.42
1735491781, 98, 28, 71, 0, 0, 0.06%, 9, 0, 8, 278.19
1735491786, 98, 31, 71, 0, 0, 0.06%, 9, 0, 8, 274.78
1735491791, 98, 36, 71, 0, 0, 0.06%, 9, 0, 8, 264.87
1735491796, 98, 43, 71, 0, 0, 0.06%, 9, 0, 8, 280.46
1735491801, 98, 55, 71, 0, 0, 0.06%, 9, 0, 8, 298.28
1735491806, 98, 61, 71, 0, 0, 0.06%, 9, 0, 8, 307.70
1735491811, 99, 4, 71, 0, 0, 0.06%, 9, 0, 8, 281.32
1735491816, 99, 13, 71, 0, 0, 0.06%, 9, 0, 8, 276.45
1735491821, 99, 16, 71, 0, 0, 0.06%, 9, 0, 8, 271.98
1735491827, 99, 27, 71, 0, 0, 0.06%, 9, 0, 8, 268.01
1735491832, 99, 28, 71, 0, 0, 0.06%, 9, 0, 8, 280.28
1735491837, 99, 36, 71, 0, 0, 0.06%, 9, 0, 8, 265.11
1735491842, 99, 41, 71, 0, 0, 0.06%, 9, 0, 8, 272.53
1735491847, 99, 49, 71, 0, 0, 0.06%, 9, 0, 8, 283.56
1735491852, 99, 53, 71, 0, 0, 0.06%, 9, 0, 8, 301.60
1735491857, 99, 70, 71, 0, 0, 0.06%, 9, 0, 8, 309.37
1735491877, 100, 12, 71, 0, 0, 0.06%, 9, 0, 8, 265.16
1735491882, 100, 14, 71, 0, 0, 0.06%, 9, 0, 8, 262.24
1735491888, 100, 27, 71, 0, 0, 0.06%, 9, 0, 8, 265.33
1735491893, 100, 28, 71, 0, 0, 0.06%, 9, 0, 8, 266.44
1735491898, 100, 36, 71, 0, 0, 0.06%, 9, 0, 8, 281.95
1735491903, 100, 67, 71, 0, 0, 0.06%, 9, 0, 8, 264.39
1735491913, 100, 69, 71, 0, 0, 0.06%, 9, 0, 8, 316.76
1735491928, 101, 10, 71, 0, 0, 0.06%, 9, 0, 8, 270.24
1735491933, 101, 13, 71, 0, 0, 0.06%, 9, 0, 8, 262.87
1735491938, 101, 16, 71, 0, 0, 0.06%, 9, 0, 8, 270.42
1735491944, 101, 22, 71, 0, 0, 0.06%, 9, 0, 8, 263.09
1735491949, 101, 26, 71, 0, 0, 0.06%, 9, 0, 8, 283.84
1735491954, 101, 27, 71, 0, 0, 0.06%, 9, 0, 8, 277.97
1735491959, 101, 28, 71, 0, 0, 0.06%, 9, 0, 8, 278.70
1735491964, 101, 36, 71, 0, 0, 0.06%, 9, 0, 8, 283.66
1735491969, 101, 39, 71, 0, 0, 0.06%, 9, 0, 8, 275.34
1735491974, 101, 40, 71, 0, 0, 0.06%, 9, 0, 8, 293.30
1735491984, 101, 43, 71, 0, 0, 0.06%, 9, 0, 8, 289.29
1735491990, 101, 50, 71, 0, 0, 0.06%, 9, 0, 8, 301.63
1735492000, 102, 13, 71, 0, 0, 0.06%, 9, 0, 8, 278.15
1735492005, 102, 16, 71, 0, 0, 0.06%, 9, 0, 8, 271.07
1735492010, 102, 27, 71, 0, 0, 0.06%, 9, 0, 8, 265.63
1735492015, 102, 28, 71, 0, 0, 0.06%, 9, 0, 8, 276.79
1735492020, 102, 36, 71, 0, 0, 0.06%, 9, 0, 8, 275.53
1735492025, 102, 51, 71, 0, 0, 0.06%, 9, 0, 8, 284.13
1735492030, 103, 12, 71, 0, 0, 0.06%, 9, 0, 8, 265.65
1735492035, 103, 14, 71, 0, 0, 0.06%, 9, 0, 8, 275.55
1735492040, 103, 26, 71, 0, 0, 0.06%, 9, 0, 8, 287.07
1735492045, 103, 27, 71, 0, 0, 0.06%, 9, 0, 8, 271.72
1735492050, 103, 28, 71, 0, 0, 0.06%, 9, 0, 8, 266.01
1735492056, 103, 36, 71, 0, 0, 0.06%, 9, 0, 8, 258.81
1735492061, 103, 56, 71, 0, 0, 0.06%, 9, 0, 8, 268.45
1735492066, 104, 12, 71, 0, 0, 0.06%, 9, 0, 8, 270.26
1735492071, 104, 14, 71, 0, 0, 0.06%, 9, 0, 8, 272.64
1735492076, 104, 27, 71, 0, 0, 0.06%, 9, 0, 8, 264.20
1735492081, 104, 28, 71, 0, 0, 0.06%, 9, 0, 8, 272.87
1735492086, 104, 36, 71, 0, 0, 0.06%, 9, 0, 8, 290.42
1735492096, 104, 41, 71, 0, 0, 0.06%, 9, 0, 8, 279.24
1735492101, 104, 63, 71, 0, 0, 0.06%, 9, 0, 8, 305.01
1735492106, 105, 13, 71, 0, 0, 0.06%, 9, 0, 8, 272.44
1735492112, 105, 16, 71, 0, 0, 0.06%, 9, 0, 8, 275.08
1735492117, 105, 27, 71, 0, 0, 0.06%, 9, 0, 8, 275.53
1735492122, 105, 28, 71, 0, 0, 0.06%, 9, 0, 8, 284.07
1735492127, 105, 36, 71, 0, 0, 0.06%, 9, 0, 8, 272.29
1735492132, 106, 13, 71, 0, 0, 0.06%, 9, 0, 8, 276.75
1735492137, 106, 16, 71, 0, 0, 0.06%, 9, 0, 8, 277.89
1735492142, 106, 27, 71, 0, 0, 0.06%, 9, 0, 8, 265.56
1735492147, 106, 28, 71, 0, 0, 0.06%, 9, 0, 8, 270.40
1735492152, 106, 36, 71, 0, 0, 0.06%, 9, 0, 8, 271.30
1735492157, 106, 44, 71, 0, 0, 0.06%, 9, 0, 8, 272.42
1735492162, 107, 12, 71, 0, 0, 0.06%, 9, 0, 8, 272.68
1735492167, 107, 14, 71, 0, 0, 0.06%, 9, 0, 8, 267.38
1735492172, 107, 16, 71, 0, 0, 0.06%, 9, 0, 8, 273.41
1735492177, 107, 27, 71, 0, 0, 0.06%, 9, 0, 8, 281.39
1735492182, 107, 28, 71, 0, 0, 0.06%, 9, 0, 8, 284.67
1735492187, 107, 30, 71, 0, 0, 0.06%, 9, 0, 8, 262.26
1735492192, 107, 33, 71, 0, 0, 0.06%, 9, 0, 8, 264.65
1735492197, 107, 35, 71, 0, 0, 0.06%, 9, 0, 8, 267.46
1735492203, 107, 36, 71, 0, 0, 0.06%, 9, 0, 8, 267.82
1735492208, 107, 37, 71, 0, 0, 0.06%, 9, 0, 8, 289.19
1735492213, 107, 43, 71, 0, 0, 0.06%, 9, 0, 8, 283.37
1735492218, 108, 12, 71, 0, 0, 0.06%, 9, 0, 8, 289.48
1735492223, 108, 14, 71, 0, 0, 0.06%, 9, 0, 8, 261.08
1735492228, 108, 20, 71, 0, 0, 0.06%, 9, 0, 8, 266.54
1735492233, 108, 27, 71, 0, 0, 0.06%, 9, 0, 8, 269.45
1735492238, 108, 28, 71, 0, 0, 0.06%, 9, 0, 8, 267.94
1735492248, 108, 36, 71, 0, 0, 0.06%, 9, 0, 8, 259.18
1735492254, 108, 38, 71, 0, 0, 0.06%, 9, 0, 8, 274.14
1735492259, 108, 50, 71, 0, 0, 0.06%, 9, 0, 8, 268.11
1735492264, 108, 63, 71, 0, 0, 0.06%, 9, 0, 8, 294.54
1735492269, 109, 12, 71, 0, 0, 0.06%, 9, 0, 8, 276.30
1735492274, 109, 14, 71, 0, 0, 0.06%, 9, 0, 8, 272.46
1735492279, 109, 25, 71, 0, 0, 0.06%, 9, 0, 8, 267.21
1735492284, 109, 27, 71, 0, 0, 0.06%, 9, 0, 8, 261.23
1735492289, 109, 28, 71, 0, 0, 0.06%, 9, 0, 8, 273.58
1735492294, 109, 36, 71, 0, 0, 0.06%, 9, 0, 8, 272.66
1735492299, 109, 42, 71, 0, 0, 0.06%, 9, 0, 8, 282.53
1735492304, 109, 64, 71, 0, 0, 0.06%, 9, 0, 8, 309.75
1735492309, 109, 70, 71, 0, 0, 0.06%, 9, 0, 8, 312.24
1735492330, 110, 12, 71, 0, 0, 0.06%, 9, 0, 8, 273.08
1735492335, 110, 14, 71, 0, 0, 0.06%, 9, 0, 8, 272.09
1735492340, 110, 27, 71, 0, 0, 0.06%, 9, 0, 8, 256.86
1735492345, 110, 28, 71, 0, 0, 0.06%, 9, 0, 8, 269.84
1735492350, 110, 36, 71, 0, 0, 0.06%, 9, 0, 8, 267.63
1735492355, 110, 54, 71, 0, 0, 0.06%, 9, 0, 8, 279.99
1735492360, 110, 65, 71, 0, 0, 0.06%, 9, 0, 8, 306.49
1735492365, 111, 11, 71, 0, 0, 0.06%, 9, 0, 8, 268.40
1735492370, 111, 13, 71, 0, 0, 0.06%, 9, 0, 8, 266.28
1735492375, 111, 16, 71, 0, 0, 0.06%, 9, 0, 8, 266.08
1735492381, 111, 24, 71, 0, 0, 0.06%, 9, 0, 8, 265.19
1735492386, 111, 27, 71, 0, 0, 0.06%, 9, 0, 8, 270.17
1735492391, 111, 28, 71, 0, 0, 0.06%, 9, 0, 8, 274.18
1735492396, 111, 36, 71, 0, 0, 0.06%, 9, 0, 8, 262.24
1735492401, 111, 53, 71, 0, 0, 0.06%, 9, 0, 8, 305.06
1735492406, 112, 13, 71, 0, 0, 0.06%, 9, 0, 8, 273.23
1735492411, 112, 16, 71, 0, 0, 0.06%, 9, 0, 8, 264.57
1735492416, 112, 21, 71, 0, 0, 0.06%, 9, 0, 8, 282.11
1735492421, 112, 27, 71, 0, 0, 0.06%, 9, 0, 8, 268.95
1735492426, 112, 28, 71, 0, 0, 0.06%, 9, 0, 8, 266.11
1735492431, 112, 29, 71, 0, 0, 0.06%, 9, 0, 8, 267.38
1735492436, 112, 36, 71, 0, 0, 0.06%, 9, 0, 8, 261.78
1735492441, 112, 61, 71, 0, 0, 0.06%, 9, 0, 8, 301.06
1735492447, 112, 64, 71, 0, 0, 0.06%, 9, 0, 8, 319.42
1735492452, 112, 70, 71, 0, 0, 0.06%, 9, 0, 8, 309.58
1735492472, 113, 13, 71, 0, 0, 0.06%, 9, 0, 8, 273.34
1735492477, 113, 16, 71, 0, 0, 0.06%, 9, 0, 8, 263.86
1735492482, 113, 27, 71, 0, 0, 0.06%, 9, 0, 8, 270.37
1735492487, 113, 28, 71, 0, 0, 0.06%, 9, 0, 8, 271.75
1735492492, 113, 36, 71, 0, 0, 0.06%, 9, 0, 8, 268.69
1735492497, 114, 13, 71, 0, 0, 0.06%, 9, 0, 8, 272.60
1735492503, 114, 16, 71, 0, 0, 0.06%, 9, 0, 8, 275.46
1735492508, 114, 27, 71, 0, 0, 0.06%, 9, 0, 8, 278.07
1735492513, 114, 28, 71, 0, 0, 0.06%, 9, 0, 8, 257.72
1735492518, 114, 35, 71, 0, 0, 0.06%, 9, 0, 8, 281.89
1735492523, 114, 36, 71, 0, 0, 0.06%, 9, 0, 8, 270.36
1735492528, 114, 37, 71, 0, 0, 0.06%, 9, 0, 8, 275.74
1735492533, 115, 0, 71, 0, 0, 0.06%, 9, 0, 8, 264.84
1735492538, 115, 14, 71, 0, 0, 0.06%, 9, 0, 8, 278.54
1735492543, 115, 27, 71, 0, 0, 0.06%, 9, 0, 8, 269.98
1735492554, 115, 28, 71, 0, 0, 0.06%, 9, 0, 8, 275.81
1735492559, 115, 36, 71, 0, 0, 0.06%, 9, 0, 8, 279.32
1735492564, 115, 46, 71, 0, 0, 0.06%, 9, 0, 8, 278.03
1735492569, 115, 50, 71, 0, 0, 0.06%, 9, 0, 8, 282.15
1735492574, 115, 68, 71, 0, 0, 0.06%, 9, 0, 8, 301.56
1735492579, 116, 12, 71, 0, 0, 0.06%, 9, 0, 8, 295.28
1735492584, 116, 14, 71, 0, 0, 0.06%, 9, 0, 8, 262.84
1735492589, 116, 27, 71, 0, 0, 0.06%, 9, 0, 8, 262.35
1735492594, 116, 28, 71, 0, 0, 0.06%, 9, 0, 8, 267.23
1735492599, 116, 34, 71, 0, 0, 0.06%, 9, 0, 8, 285.54
1735492604, 116, 36, 72, 1, 0, 0.06%, 9, 0, 8, 280.76
1735492615, 116, 66, 72, 1, 0, 0.06%, 9, 0, 8, 285.61
1735492620, 116, 68, 72, 1, 0, 0.06%, 9, 0, 8, 300.44
1735492625, 117, 13, 72, 1, 0, 0.06%, 9, 0, 8, 276.56
1735492630, 117, 15, 72, 1, 0, 0.06%, 9, 0, 8, 271.97
1735492635, 117, 25, 72, 1, 0, 0.06%, 9, 0, 8, 283.24
1735492645, 117, 27, 72, 1, 0, 0.06%, 9, 0, 8, 278.08
1735492651, 117, 28, 72, 1, 0, 0.06%, 9, 0, 8, 278.21
1735492656, 117, 35, 72, 1, 0, 0.06%, 9, 0, 8, 271.89
1735492661, 117, 36, 72, 1, 0, 0.06%, 9, 0, 8, 275.70
1735492666, 117, 44, 72, 1, 0, 0.06%, 9, 0, 8, 285.59
1735492671, 118, 13, 72, 1, 0, 0.06%, 9, 0, 8, 272.76
1735492676, 118, 16, 72, 1, 0, 0.06%, 9, 0, 8, 273.38
1735492681, 118, 27, 72, 1, 0, 0.06%, 9, 0, 8, 266.70
1735492686, 118, 28, 72, 1, 0, 0.06%, 9, 0, 8, 270.69
1735492691, 118, 36, 72, 1, 0, 0.06%, 9, 0, 8, 263.70
1735492696, 119, 12, 72, 1, 0, 0.06%, 9, 0, 8, 275.96
1735492701, 119, 14, 72, 1, 0, 0.06%, 9, 0, 8, 260.10
1735492706, 119, 27, 72, 1, 0, 0.06%, 9, 0, 8, 272.04
1735492711, 119, 28, 72, 1, 0, 0.06%, 9, 0, 8, 286.40
1735492716, 119, 31, 72, 1, 0, 0.06%, 9, 0, 8, 281.27
1735492721, 119, 36, 72, 1, 0, 0.06%, 9, 0, 8, 271.45
1735492727, 119, 59, 72, 1, 0, 0.06%, 9, 0, 8, 273.98
1735492732, 120, 12, 72, 1, 0, 0.06%, 9, 0, 8, 281.96
1735492737, 120, 14, 72, 1, 0, 0.06%, 9, 0, 8, 269.50
1735492742, 120, 18, 72, 1, 0, 0.06%, 9, 0, 8, 287.16
1735492747, 120, 27, 72, 1, 0, 0.06%, 9, 0, 8, 283.94
1735492752, 120, 28, 72, 1, 0, 0.06%, 9, 0, 8, 262.80
1735492757, 120, 33, 72, 1, 0, 0.06%, 9, 0, 8, 272.86
1735492762, 120, 36, 72, 1, 0, 0.06%, 9, 0, 8, 275.92
1735492767, 120, 71, 72, 1, 0, 0.06%, 9, 0, 8, 226.56
1735493124, 120, 71, 73, 2, 0, 0.06%, 9, 0, 8, 445.58
