# unix_time, cycles_done, cur_path, paths_total, pending_total, pending_favs, map_size, unique_crashes, unique_hangs, max_depth, execs_per_sec
1733614570, 0, 0, 10, 10, 1, 0.00%, 0, 0, 1, 159.68
1733614575, 0, 4, 10, 10, 1, 0.00%, 0, 0, 1, 187.64
1733614580, 0, 5, 10, 9, 0, 0.00%, 0, 0, 1, 184.74
1733614590, 0, 6, 10, 8, 0, 0.00%, 0, 0, 1, 193.87
1733614596, 0, 7, 10, 7, 0, 0.00%, 0, 0, 1, 176.00
1733614606, 0, 8, 10, 6, 0, 0.00%, 0, 0, 1, 189.32
1733614611, 0, 9, 10, 5, 0, 0.00%, 0, 0, 1, 179.23
1733614621, 1, 0, 10, 4, 0, 0.00%, 0, 0, 1, 186.89
1733614631, 1, 1, 10, 3, 0, 0.00%, 0, 0, 1, 192.11
1733614642, 1, 2, 10, 2, 0, 0.00%, 0, 0, 1, 179.73
1733614652, 1, 3, 10, 1, 0, 0.00%, 0, 0, 1, 174.10
1733614662, 1, 4, 10, 0, 0, 0.00%, 0, 0, 1, 190.80
1733614667, 1, 5, 10, 0, 0, 0.00%, 0, 0, 1, 188.98
1733614672, 1, 7, 10, 0, 0, 0.00%, 0, 0, 1, 187.46
1733614678, 1, 8, 10, 0, 0, 0.00%, 0, 0, 1, 186.50
1733614683, 1, 9, 10, 0, 0, 0.00%, 0, 0, 1, 189.89
1733614688, 2, 0, 10, 0, 0, 0.00%, 0, 0, 1, 186.05
1733614693, 2, 2, 10, 0, 0, 0.00%, 0, 0, 1, 188.26
1733614698, 2, 3, 10, 0, 0, 0.00%, 0, 0, 1, 190.60
1733614703, 2, 4, 10, 0, 0, 0.00%, 0, 0, 1, 187.89
1733614708, 2, 6, 10, 0, 0, 0.00%, 0, 0, 1, 193.12
1733614714, 2, 7, 10, 0, 0, 0.00%, 0, 0, 1, 192.21
1733614719, 2, 8, 10, 0, 0, 0.00%, 0, 0, 1, 192.96
1733614724, 3, 0, 10, 0, 0, 0.00%, 0, 0, 1, 188.02
1733614729, 3, 1, 10, 0, 0, 0.00%, 0, 0, 1, 184.74
1733614734, 3, 2, 10, 0, 0, 0.00%, 0, 0, 1, 187.10
1733614739, 3, 4, 10, 0, 0, 0.00%, 0, 0, 1, 189.46
1733614744, 3, 5, 10, 0, 0, 0.00%, 0, 0, 1, 192.31
1733614749, 3, 6, 10, 0, 0, 0.00%, 0, 0, 1, 189.14
1733614755, 3, 8, 10, 0, 0, 0.00%, 0, 0, 1, 188.64
1733614760, 3, 9, 10, 0, 0, 0.00%, 0, 0, 1, 190.74
1733614765, 4, 0, 10, 0, 0, 0.00%, 0, 0, 1, 188.25
1733614770, 4, 1, 10, 0, 0, 0.00%, 0, 0, 1, 188.34
1733614775, 4, 3, 10, 0, 0, 0.00%, 0, 0, 1, 185.89
1733614780, 4, 4, 10, 0, 0, 0.00%, 0, 0, 1, 188.75
1733614786, 4, 5, 10, 0, 0, 0.00%, 0, 0, 1, 190.14
1733614791, 4, 7, 10, 0, 0, 0.00%, 0, 0, 1, 190.89
1733614796, 4, 8, 10, 0, 0, 0.00%, 0, 0, 1, 185.80
1733614801, 4, 9, 10, 0, 0, 0.00%, 0, 0, 1, 184.79
1733614806, 5, 1, 10, 0, 0, 0.00%, 0, 0, 1, 187.22
1733614811, 5, 2, 10, 0, 0, 0.00%, 0, 0, 1, 186.50
1733614816, 5, 3, 10, 0, 0, 0.00%, 0, 0, 1, 188.40
1733614822, 5, 5, 10, 0, 0, 0.00%, 0, 0, 1, 187.40
1733614827, 5, 6, 10, 0, 0, 0.00%, 0, 0, 1, 189.09
1733614832, 5, 7, 10, 0, 0, 0.00%, 0, 0, 1, 185.70
1733614837, 5, 8, 10, 0, 0, 0.00%, 0, 0, 1, 183.49
1733614842, 6, 0, 10, 0, 0, 0.00%, 0, 0, 1, 189.35
1733614847, 6, 1, 10, 0, 0, 0.00%, 0, 0, 1, 188.92
1733614852, 6, 2, 10, 0, 0, 0.00%, 0, 0, 1, 188.62
1733614857, 6, 4, 10, 0, 0, 0.00%, 0, 0, 1, 184.46
1733614863, 6, 5, 10, 0, 0, 0.00%, 0, 0, 1, 188.11
1733614868, 6, 6, 10, 0, 0, 0.00%, 0, 0, 1, 187.48
1733614873, 6, 8, 10, 0, 0, 0.00%, 0, 0, 1, 185.54
1733614878, 6, 9, 10, 0, 0, 0.00%, 0, 0, 1, 188.20
1733614883, 7, 0, 10, 0, 0, 0.00%, 0, 0, 1, 186.08
1733614888, 7, 2, 10, 0, 0, 0.00%, 0, 0, 1, 184.82
1733614893, 7, 3, 10, 0, 0, 0.00%, 0, 0, 1, 187.55
1733614899, 7, 4, 10, 0, 0, 0.00%, 0, 0, 1, 191.26
1733614904, 7, 6, 10, 0, 0, 0.00%, 0, 0, 1, 184.26
1733614909, 7, 7, 10, 0, 0, 0.00%, 0, 0, 1, 188.86
1733614914, 7, 8, 10, 0, 0, 0.00%, 0, 0, 1, 186.52
1733614919, 7, 9, 10, 0, 0, 0.00%, 0, 0, 1, 190.50
1733614924, 8, 1, 10, 0, 0, 0.00%, 0, 0, 1, 188.34
1733614930, 8, 2, 10, 0, 0, 0.00%, 0, 0, 1, 186.87
1733614935, 8, 3, 10, 0, 0, 0.00%, 0, 0, 1, 188.12
1733614940, 8, 5, 10, 0, 0, 0.00%, 0, 0, 1, 185.22
1733614945, 8, 6, 10, 0, 0, 0.00%, 0, 0, 1, 187.25
1733614950, 8, 7, 10, 0, 0, 0.00%, 0, 0, 1, 186.71
1733614955, 8, 9, 10, 0, 0, 0.00%, 0, 0, 1, 191.02
1733614960, 9, 0, 10, 0, 0, 0.00%, 0, 0, 1, 188.00
1733614966, 9, 1, 10, 0, 0, 0.00%, 0, 0, 1, 185.31
1733614971, 9, 3, 10, 0, 0, 0.00%, 0, 0, 1, 183.23
1733614976, 9, 4, 10, 0, 0, 0.00%, 0, 0, 1, 182.14
1733614981, 9, 5, 10, 0, 0, 0.00%, 0, 0, 1, 188.90
1733614986, 9, 6, 10, 0, 0, 0.00%, 0, 0, 1, 188.84
1733614991, 9, 8, 10, 0, 0, 0.00%, 0, 0, 1, 186.65
1733614996, 9, 9, 10, 0, 0, 0.00%, 0, 0, 1, 184.72
1733615001, 10, 0, 10, 0, 0, 0.00%, 0, 0, 1, 185.43
1733615007, 10, 2, 10, 0, 0, 0.00%, 0, 0, 1, 188.04
1733615012, 10, 3, 10, 0, 0, 0.00%, 0, 0, 1, 187.93
1733615017, 10, 4, 10, 0, 0, 0.00%, 0, 0, 1, 187.76
1733615022, 10, 5, 10, 0, 0, 0.00%, 0, 0, 1, 186.96
1733615027, 10, 7, 10, 0, 0, 0.00%, 0, 0, 1, 185.27
1733615032, 10, 8, 10, 0, 0, 0.00%, 0, 0, 1, 186.89
1733615037, 10, 9, 11, 1, 0, 0.05%, 1, 0, 2, 187.13
1733615042, 10, 10, 11, 1, 1, 0.05%, 1, 0, 2, 201.49
1733615047, 10, 10, 12, 2, 1, 0.05%, 2, 0, 3, 204.71
1733615068, 10, 10, 13, 3, 1, 0.05%, 3, 0, 3, 197.10
1733615078, 10, 10, 14, 4, 1, 0.05%, 4, 0, 3, 198.94
1733615104, 10, 10, 15, 5, 1, 0.06%, 5, 0, 3, 201.70
1733615190, 10, 11, 17, 6, 4, 0.06%, 6, 0, 4, 246.17
1733615211, 10, 11, 18, 7, 4, 0.06%, 7, 0, 4, 214.21
1733615251, 10, 11, 19, 8, 4, 0.06%, 7, 0, 4, 215.41
1733615266, 10, 11, 20, 9, 4, 0.06%, 7, 0, 4, 216.64
1733615297, 10, 11, 21, 10, 4, 0.06%, 7, 0, 4, 222.27
1733615312, 10, 11, 22, 11, 4, 0.06%, 7, 0, 4, 220.37
1733615337, 10, 11, 23, 12, 4, 0.06%, 7, 0, 4, 219.45
1733615347, 10, 11, 30, 19, 4, 0.06%, 8, 0, 4, 279.07
1733615352, 10, 12, 32, 20, 6, 0.06%, 9, 0, 4, 263.36
1733615358, 10, 12, 33, 21, 6, 0.06%, 9, 0, 4, 229.38
1733615393, 10, 12, 34, 22, 6, 0.06%, 9, 0, 4, 213.21
1733615398, 10, 12, 35, 23, 6, 0.06%, 9, 0, 4, 216.49
1733615485, 10, 13, 35, 22, 6, 0.06%, 9, 0, 4, 225.04
1733615495, 10, 13, 36, 23, 6, 0.06%, 9, 0, 4, 219.49
1733615540, 10, 13, 37, 24, 6, 0.06%, 9, 0, 4, 210.55
1733615581, 10, 13, 38, 25, 6, 0.06%, 9, 0, 4, 214.28
1733615591, 10, 13, 39, 26, 6, 0.06%, 9, 0, 4, 217.19
1733615612, 10, 15, 42, 28, 5, 0.06%, 9, 0, 4, 240.24
1733615673, 10, 15, 44, 30, 5, 0.06%, 9, 0, 5, 245.32
1733615688, 10, 15, 45, 31, 5, 0.06%, 9, 0, 5, 284.03
1733615693, 10, 16, 46, 31, 4, 0.06%, 9, 0, 5, 275.53
1733615719, 10, 16, 47, 32, 4, 0.06%, 9, 0, 5, 212.25
1733615744, 10, 16, 48, 33, 4, 0.06%, 9, 0, 5, 224.40
1733615774, 10, 16, 50, 35, 4, 0.06%, 9, 0, 5, 217.33
1733615845, 10, 16, 51, 36, 4, 0.06%, 9, 0, 5, 247.76
1733615850, 10, 16, 52, 37, 4, 0.06%, 9, 0, 5, 245.73
1733615855, 10, 16, 53, 38, 4, 0.06%, 9, 0, 5, 255.43
1733615860, 10, 16, 54, 39, 4, 0.06%, 9, 0, 5, 231.83
1733615865, 10, 30, 54, 38, 3, 0.06%, 9, 0, 5, 227.68
1733615916, 10, 30, 56, 40, 3, 0.06%, 9, 0, 5, 282.27
1733615921, 10, 31, 57, 40, 2, 0.06%, 9, 0, 5, 272.95
1733615977, 10, 36, 57, 39, 1, 0.06%, 9, 0, 5, 244.94
1733615982, 10, 36, 59, 41, 1, 0.06%, 9, 0, 5, 360.55
1733616079, 10, 36, 60, 42, 1, 0.06%, 9, 0, 5, 269.68
1733616151, 10, 38, 60, 41, 1, 0.06%, 9, 0, 5, 371.74
1733616201, 10, 42, 60, 40, 0, 0.06%, 9, 0, 5, 325.27
1733616252, 10, 45, 60, 39, 0, 0.06%, 9, 0, 5, 270.67
1733616303, 10, 46, 60, 38, 0, 0.06%, 9, 0, 5, 345.62
1733616344, 10, 46, 61, 39, 0, 0.06%, 9, 0, 6, 254.39
1733616349, 10, 46, 62, 40, 0, 0.06%, 9, 0, 6, 269.70
1733616359, 10, 50, 62, 39, 0, 0.06%, 9, 0, 6, 283.17
1733616410, 10, 52, 62, 38, 0, 0.06%, 9, 0, 6, 332.44
1733616466, 10, 54, 62, 37, 0, 0.06%, 9, 0, 6, 325.28
1733616588, 10, 57, 62, 36, 0, 0.06%, 9, 0, 6, 290.97
1733616695, 10, 58, 62, 35, 0, 0.06%, 9, 0, 6, 317.80
1733616801, 11, 10, 62, 34, 0, 0.06%, 9, 0, 6, 264.29
1733616806, 11, 12, 62, 34, 0, 0.06%, 9, 0, 6, 277.79
1733616816, 11, 13, 62, 34, 0, 0.06%, 9, 0, 6, 264.63
1733616832, 11, 15, 62, 34, 0, 0.06%, 9, 0, 6, 237.19
1733616847, 11, 16, 62, 34, 0, 0.06%, 9, 0, 6, 267.32
1733616873, 11, 26, 62, 34, 0, 0.06%, 9, 0, 6, 376.91
1733616903, 11, 26, 63, 35, 0, 0.06%, 9, 0, 6, 380.73
1733616933, 11, 26, 64, 36, 0, 0.06%, 9, 0, 6, 302.63
1733616963, 11, 26, 65, 37, 0, 0.06%, 9, 0, 6, 294.64
1733617024, 11, 28, 65, 36, 0, 0.06%, 9, 0, 6, 275.87
1733617461, 11, 28, 66, 37, 0, 0.06%, 9, 0, 6, 308.42
1733617517, 11, 30, 66, 36, 0, 0.06%, 9, 0, 6, 290.09
1733617543, 11, 31, 66, 36, 0, 0.06%, 9, 0, 6, 263.62
1733617563, 11, 35, 66, 36, 0, 0.06%, 9, 0, 6, 268.52
1733617614, 11, 40, 66, 35, 0, 0.06%, 9, 0, 6, 294.29
1733617670, 11, 42, 66, 34, 0, 0.06%, 9, 0, 6, 269.09
1733617690, 11, 56, 66, 34, 0, 0.06%, 9, 0, 6, 329.30
1733617766, 11, 61, 66, 33, 0, 0.06%, 9, 0, 6, 271.18
1733618062, 11, 64, 66, 32, 0, 0.06%, 9, 0, 6, 314.10
1733618138, 11, 64, 67, 33, 0, 0.06%, 9, 0, 6, 306.54
1733618194, 11, 65, 67, 32, 0, 0.06%, 9, 0, 6, 276.15
1733618937, 11, 65, 68, 33, 0, 0.06%, 9, 0, 6, 291.19
1733618947, 11, 66, 68, 32, 0, 0.06%, 9, 0, 6, 346.50
1733619018, 11, 66, 69, 33, 0, 0.06%, 9, 0, 7, 286.46
1733619084, 11, 68, 69, 32, 0, 0.06%, 9, 0, 7, 336.88
1733619186, 11, 68, 70, 33, 0, 0.06%, 9, 0, 8, 301.46
1733619247, 12, 10, 70, 32, 0, 0.06%, 9, 0, 8, 264.77
1733619252, 12, 12, 70, 32, 0, 0.06%, 9, 0, 8, 256.85
1733619257, 12, 13, 70, 32, 0, 0.06%, 9, 0, 8, 243.55
1733619262, 12, 15, 70, 32, 0, 0.06%, 9, 0, 8, 255.67
1733619272, 12, 16, 70, 32, 0, 0.06%, 9, 0, 8, 252.25
1733619282, 12, 18, 70, 32, 0, 0.06%, 9, 0, 8, 308.61
1733619358, 12, 20, 70, 31, 0, 0.06%, 9, 0, 8, 281.86
1733619414, 12, 30, 70, 30, 0, 0.06%, 9, 0, 8, 243.40
1733619425, 12, 31, 70, 30, 0, 0.06%, 9, 0, 8, 247.24
1733619435, 12, 33, 70, 30, 0, 0.06%, 9, 0, 8, 308.63
1733619486, 12, 34, 70, 29, 0, 0.06%, 9, 0, 8, 356.48
1733619572, 12, 38, 70, 28, 0, 0.06%, 9, 0, 8, 273.72
1733619592, 12, 42, 70, 28, 0, 0.06%, 9, 0, 8, 257.29
1733619607, 12, 43, 70, 28, 0, 0.06%, 9, 0, 8, 417.36
1733619764, 12, 44, 70, 27, 0, 0.06%, 9, 0, 8, 345.16
1733619892, 12, 51, 70, 26, 0, 0.06%, 9, 0, 8, 316.62
1733619948, 12, 53, 70, 25, 0, 0.06%, 9, 0, 8, 289.85
1733620004, 12, 56, 70, 24, 0, 0.06%, 9, 0, 8, 299.42
1733620024, 12, 59, 70, 24, 0, 0.06%, 9, 0, 8, 359.28
1733620136, 12, 60, 70, 23, 0, 0.06%, 9, 0, 8, 284.80
1733620273, 12, 69, 70, 22, 0, 0.06%, 9, 0, 8, 290.53
1733620507, 13, 3, 70, 21, 0, 0.06%, 9, 0, 8, 301.02
1733620512, 13, 12, 70, 21, 0, 0.06%, 9, 0, 8, 241.93
1733620518, 13, 13, 70, 21, 0, 0.06%, 9, 0, 8, 268.81
1733620523, 13, 15, 70, 21, 0, 0.06%, 9, 0, 8, 269.91
1733620538, 13, 16, 70, 21, 0, 0.06%, 9, 0, 8, 245.83
1733620548, 13, 22, 70, 21, 0, 0.06%, 9, 0, 8, 316.16
1733620818, 13, 29, 70, 20, 0, 0.06%, 9, 0, 8, 305.72
1733621077, 13, 30, 70, 19, 0, 0.06%, 9, 0, 8, 251.16
1733621087, 13, 31, 70, 19, 0, 0.06%, 9, 0, 8, 265.68
1733621097, 13, 39, 70, 19, 0, 0.06%, 9, 0, 8, 311.93
1733621153, 13, 42, 70, 18, 0, 0.06%, 9, 0, 8, 270.20
1733621163, 13, 62, 70, 18, 0, 0.06%, 9, 0, 8, 358.86
1733621244, 14, 10, 70, 17, 0, 0.06%, 9, 0, 8, 266.55
1733621249, 14, 13, 70, 17, 0, 0.06%, 9, 0, 8, 254.45
1733621254, 14, 15, 70, 17, 0, 0.06%, 9, 0, 8, 259.68
1733621260, 14, 16, 70, 17, 0, 0.06%, 9, 0, 8, 254.55
1733621265, 14, 22, 70, 17, 0, 0.06%, 9, 0, 8, 287.62
1733621285, 14, 30, 70, 17, 0, 0.06%, 9, 0, 8, 252.78
1733621290, 14, 31, 70, 17, 0, 0.06%, 9, 0, 8, 240.49
1733621295, 14, 38, 70, 17, 0, 0.06%, 9, 0, 8, 271.41
1733621306, 14, 41, 70, 17, 0, 0.06%, 9, 0, 8, 322.30
1733621356, 14, 42, 70, 16, 0, 0.06%, 9, 0, 8, 260.43
1733621361, 14, 47, 70, 16, 0, 0.06%, 9, 0, 8, 200.89
1733622849, 14, 47, 71, 17, 0, 0.06%, 9, 0, 8, 403.86
