# unix_time, cycles_done, cur_path, paths_total, pending_total, pending_favs, map_size, unique_crashes, unique_hangs, max_depth, execs_per_sec
1733524570, 0, 0, 10, 10, 1, 0.00%, 0, 0, 1, 149.25
1733524575, 0, 3, 10, 10, 1, 0.00%, 0, 0, 1, 184.24
1733524580, 0, 4, 10, 9, 0, 0.00%, 0, 0, 1, 174.53
1733524590, 0, 5, 10, 8, 0, 0.00%, 0, 0, 1, 190.41
1733524595, 0, 6, 10, 7, 0, 0.00%, 0, 0, 1, 179.23
1733524606, 0, 7, 10, 6, 0, 0.00%, 0, 0, 1, 188.78
1733524611, 0, 8, 10, 5, 0, 0.00%, 0, 0, 1, 181.09
1733524621, 0, 9, 10, 4, 0, 0.00%, 0, 0, 1, 190.03
1733524626, 0, 9, 11, 5, 0, 0.05%, 1, 0, 2, 187.53
1733524636, 0, 10, 15, 8, 1, 0.06%, 5, 0, 3, 213.25
1733524651, 0, 11, 15, 7, 4, 0.06%, 5, 0, 3, 234.77
1733524662, 0, 11, 16, 8, 4, 0.06%, 6, 0, 4, 205.64
1733524672, 0, 12, 16, 7, 4, 0.06%, 6, 0, 4, 231.11
1733524687, 0, 13, 16, 6, 3, 0.06%, 6, 0, 4, 224.80
1733524697, 0, 14, 16, 5, 2, 0.06%, 6, 0, 4, 233.65
1733524707, 0, 14, 17, 6, 2, 0.06%, 6, 0, 4, 197.13
1733524717, 0, 14, 18, 7, 2, 0.06%, 6, 0, 4, 198.14
1733524738, 0, 15, 18, 6, 1, 0.06%, 6, 0, 4, 214.75
1733524743, 0, 15, 21, 9, 1, 0.06%, 9, 0, 5, 216.16
1733524763, 0, 18, 21, 8, 3, 0.06%, 9, 0, 5, 225.30
1733524778, 0, 19, 21, 7, 2, 0.06%, 9, 0, 5, 239.55
1733524794, 0, 20, 21, 6, 1, 0.06%, 9, 0, 5, 214.50
1733524804, 0, 20, 22, 7, 1, 0.06%, 9, 0, 6, 201.90
1733524829, 1, 1, 22, 6, 0, 0.06%, 9, 0, 6, 192.73
1733524834, 1, 13, 22, 5, 0, 0.06%, 9, 0, 6, 196.38
1733524839, 1, 15, 22, 5, 0, 0.06%, 9, 0, 6, 202.50
1733524844, 1, 17, 26, 9, 0, 0.06%, 9, 0, 6, 348.31
1733524854, 1, 17, 27, 10, 0, 0.06%, 9, 0, 6, 254.20
1733524875, 1, 17, 28, 11, 0, 0.06%, 9, 0, 6, 240.80
1733524890, 1, 17, 29, 12, 0, 0.06%, 9, 0, 6, 237.23
1733524956, 1, 18, 29, 11, 0, 0.06%, 9, 0, 6, 220.68
1733524961, 1, 19, 29, 11, 0, 0.06%, 9, 0, 6, 202.81
1733524966, 1, 22, 30, 12, 0, 0.06%, 9, 0, 6, 256.17
1733524992, 1, 22, 31, 13, 0, 0.06%, 9, 0, 6, 242.35
1733525007, 1, 22, 32, 14, 0, 0.06%, 9, 0, 6, 237.78
1733525023, 1, 22, 33, 15, 0, 0.06%, 9, 0, 6, 236.21
1733525078, 1, 26, 33, 14, 0, 0.06%, 9, 0, 6, 243.72
1733525094, 1, 26, 34, 15, 0, 0.06%, 9, 0, 6, 250.76
1733525099, 1, 26, 35, 16, 0, 0.06%, 9, 0, 6, 240.04
1733525181, 1, 26, 36, 17, 0, 0.06%, 9, 0, 6, 242.50
1733525191, 2, 12, 36, 16, 0, 0.06%, 9, 0, 6, 221.65
1733525196, 2, 15, 36, 16, 0, 0.06%, 9, 0, 6, 217.77
1733525201, 2, 18, 36, 16, 0, 0.06%, 9, 0, 6, 208.76
1733525206, 2, 19, 37, 17, 0, 0.06%, 9, 0, 6, 208.39
1733525211, 2, 20, 37, 17, 0, 0.06%, 9, 0, 6, 212.46
1733525216, 2, 20, 39, 19, 0, 0.06%, 9, 0, 6, 214.78
1733525226, 2, 21, 39, 19, 0, 0.06%, 9, 0, 6, 263.67
1733525247, 2, 24, 39, 18, 0, 0.06%, 9, 0, 6, 272.35
1733525267, 2, 24, 40, 19, 0, 0.06%, 9, 0, 6, 230.90
1733525287, 2, 24, 41, 20, 0, 0.06%, 9, 0, 6, 227.11
1733525327, 2, 24, 42, 21, 0, 0.06%, 9, 0, 6, 229.47
1733525358, 2, 27, 42, 20, 0, 0.06%, 9, 0, 6, 377.27
1733525373, 2, 27, 43, 21, 0, 0.06%, 9, 0, 6, 268.55
1733525393, 2, 27, 44, 22, 0, 0.06%, 9, 0, 6, 260.59
1733525403, 2, 27, 45, 23, 0, 0.06%, 9, 0, 6, 260.41
1733525413, 2, 27, 46, 24, 0, 0.06%, 9, 0, 6, 268.02
1733525434, 2, 27, 47, 25, 0, 0.06%, 9, 0, 6, 273.33
1733525464, 2, 28, 47, 24, 0, 0.06%, 9, 0, 6, 398.83
1733525505, 2, 28, 48, 25, 0, 0.06%, 9, 0, 6, 265.89
1733525520, 2, 28, 49, 26, 0, 0.06%, 9, 0, 6, 274.68
1733525561, 2, 29, 49, 25, 0, 0.06%, 9, 0, 6, 402.63
1733525586, 2, 33, 49, 24, 0, 0.06%, 9, 0, 6, 356.92
1733525607, 2, 35, 49, 23, 0, 0.06%, 9, 0, 6, 358.04
1733525627, 2, 35, 50, 24, 0, 0.06%, 9, 0, 7, 284.01
1733525652, 2, 37, 50, 23, 0, 0.06%, 9, 0, 7, 323.82
1733525662, 2, 37, 51, 24, 0, 0.06%, 9, 0, 7, 247.26
1733525683, 2, 37, 52, 25, 0, 0.06%, 9, 0, 7, 239.44
1733525724, 2, 40, 52, 24, 0, 0.06%, 9, 0, 7, 372.06
1733525775, 2, 40, 53, 25, 0, 0.06%, 9, 0, 7, 274.77
1733525795, 2, 51, 53, 24, 0, 0.06%, 9, 0, 7, 272.25
1733525954, 2, 51, 54, 25, 0, 0.06%, 9, 0, 8, 330.14
1733525959, 2, 51, 55, 26, 0, 0.06%, 9, 0, 8, 331.45
1733526000, 3, 11, 55, 24, 0, 0.06%, 9, 0, 8, 232.58
1733526005, 3, 15, 55, 24, 0, 0.06%, 9, 0, 8, 229.82
1733526010, 3, 16, 55, 24, 0, 0.06%, 9, 0, 8, 252.60
1733526020, 3, 19, 55, 23, 0, 0.06%, 9, 0, 8, 235.45
1733526025, 3, 31, 55, 23, 0, 0.06%, 9, 0, 8, 282.60
1733526050, 3, 31, 56, 24, 0, 0.06%, 9, 0, 8, 266.94
1733526066, 3, 36, 56, 23, 0, 0.06%, 9, 0, 8, 243.47
1733526497, 3, 36, 60, 27, 0, 0.06%, 9, 0, 8, 314.87
1733526548, 3, 36, 61, 28, 0, 0.06%, 9, 0, 8, 368.30
1733526583, 3, 41, 61, 27, 0, 0.06%, 9, 0, 8, 310.45
1733526629, 3, 41, 64, 30, 0, 0.06%, 9, 0, 8, 425.78
1733526644, 3, 41, 66, 32, 0, 0.06%, 9, 0, 8, 421.72
1733527007, 3, 44, 66, 31, 0, 0.06%, 9, 0, 8, 326.03
1733527028, 3, 46, 66, 30, 0, 0.06%, 9, 0, 8, 204.67
1733527033, 3, 46, 68, 32, 0, 0.06%, 9, 0, 8, 333.73
1733527487, 3, 47, 68, 31, 0, 0.06%, 9, 0, 8, 219.12
1733527599, 3, 47, 70, 33, 0, 0.06%, 9, 0, 8, 413.97
1733528462, 3, 49, 70, 32, 0, 0.06%, 9, 0, 8, 248.57
1733528914, 3, 49, 71, 33, 0, 0.06%, 9, 0, 8, 260.65
1733528955, 3, 50, 71, 32, 0, 0.06%, 9, 0, 8, 364.20
1733528965, 3, 50, 72, 33, 0, 0.06%, 9, 0, 8, 314.08
1733528995, 3, 58, 72, 32, 0, 0.06%, 9, 0, 8, 258.30
1733529406, 3, 58, 73, 33, 0, 0.06%, 9, 0, 8, 302.64
1733529447, 3, 59, 73, 32, 0, 0.06%, 9, 0, 8, 370.93
1733529467, 3, 66, 73, 31, 0, 0.06%, 9, 0, 8, 288.81
1733529564, 3, 70, 73, 30, 0, 0.06%, 9, 0, 8, 266.64
1733530072, 3, 70, 74, 31, 0, 0.06%, 9, 0, 9, 366.86
1733530082, 3, 70, 75, 32, 0, 0.06%, 9, 0, 9, 365.44
1733530103, 3, 70, 76, 33, 0, 0.06%, 9, 0, 9, 369.98
1733530123, 3, 71, 76, 32, 0, 0.06%, 9, 0, 9, 418.90
1733530153, 3, 72, 76, 31, 0, 0.06%, 9, 0, 9, 256.03
1733530626, 3, 73, 76, 30, 0, 0.06%, 9, 0, 9, 279.48
1733531102, 4, 11, 76, 29, 0, 0.06%, 9, 0, 9, 344.11
1733531108, 4, 15, 76, 29, 0, 0.06%, 9, 0, 9, 249.06
1733531113, 4, 19, 76, 29, 0, 0.06%, 9, 0, 9, 233.58
1733531118, 4, 34, 76, 29, 0, 0.06%, 9, 0, 9, 332.47
1733531143, 4, 35, 76, 28, 0, 0.06%, 9, 0, 9, 266.05
1733531148, 4, 43, 76, 28, 0, 0.06%, 9, 0, 9, 403.54
1733531179, 4, 45, 76, 27, 0, 0.06%, 9, 0, 9, 315.71
1733531245, 4, 56, 76, 26, 0, 0.06%, 9, 0, 9, 340.40
1733531539, 4, 74, 76, 25, 0, 0.06%, 9, 0, 9, 355.35
1733531640, 5, 12, 76, 24, 0, 0.06%, 9, 0, 9, 270.96
1733531646, 5, 14, 76, 24, 0, 0.06%, 9, 0, 9, 260.76
1733531651, 5, 15, 76, 24, 0, 0.06%, 9, 0, 9, 260.07
1733531656, 5, 18, 76, 24, 0, 0.06%, 9, 0, 9, 259.83
1733531661, 5, 19, 76, 24, 0, 0.06%, 9, 0, 9, 247.17
1733531666, 5, 20, 76, 24, 0, 0.06%, 9, 0, 9, 263.42
1733531671, 5, 23, 76, 24, 0, 0.06%, 9, 0, 9, 304.22
1733531702, 5, 30, 76, 23, 0, 0.06%, 9, 0, 9, 379.52
1733531737, 5, 47, 76, 22, 0, 0.06%, 9, 0, 9, 294.00
1733531747, 5, 54, 76, 22, 0, 0.06%, 9, 0, 9, 329.86
1733531824, 5, 54, 77, 23, 0, 0.06%, 9, 0, 9, 315.44
1733531839, 5, 54, 78, 24, 0, 0.06%, 9, 0, 9, 308.18
1733531905, 5, 64, 78, 23, 0, 0.06%, 9, 0, 9, 373.50
1733532018, 5, 68, 78, 22, 0, 0.06%, 9, 0, 9, 249.37
1733532130, 5, 71, 78, 21, 0, 0.06%, 9, 0, 9, 274.96
1733532145, 6, 9, 78, 21, 0, 0.06%, 9, 0, 9, 258.33
1733532150, 6, 12, 78, 21, 0, 0.06%, 9, 0, 9, 254.52
1733532155, 6, 15, 78, 21, 0, 0.06%, 9, 0, 9, 255.26
1733532165, 6, 18, 78, 21, 0, 0.06%, 9, 0, 9, 249.95
1733532170, 6, 19, 78, 21, 0, 0.06%, 9, 0, 9, 252.12
1733532175, 6, 20, 78, 21, 0, 0.06%, 9, 0, 9, 265.63
1733532181, 6, 32, 78, 21, 0, 0.06%, 9, 0, 9, 369.35
1733532216, 6, 50, 78, 20, 0, 0.06%, 9, 0, 9, 284.69
1733532226, 6, 62, 78, 20, 0, 0.06%, 9, 0, 9, 343.56
1733532257, 6, 76, 78, 19, 0, 0.06%, 9, 0, 9, 298.39
1733532389, 6, 77, 78, 18, 0, 0.06%, 9, 0, 9, 291.42
1733532526, 7, 12, 78, 17, 0, 0.06%, 9, 0, 9, 253.68
1733532532, 7, 14, 78, 17, 0, 0.06%, 9, 0, 9, 258.92
1733532537, 7, 15, 78, 17, 0, 0.06%, 9, 0, 9, 254.48
1733532542, 7, 18, 78, 17, 0, 0.06%, 9, 0, 9, 254.98
1733532547, 7, 19, 78, 17, 0, 0.06%, 9, 0, 9, 268.70
1733532552, 7, 20, 78, 17, 0, 0.06%, 9, 0, 9, 250.53
1733532557, 7, 46, 78, 17, 0, 0.06%, 9, 0, 9, 300.16
1733532568, 7, 55, 78, 17, 0, 0.06%, 9, 0, 9, 344.50
1733532644, 7, 57, 78, 16, 0, 0.06%, 9, 0, 9, 327.23
1733532674, 7, 60, 78, 15, 0, 0.06%, 9, 0, 9, 350.14
1733533194, 8, 11, 78, 14, 0, 0.06%, 9, 0, 9, 267.62
1733533199, 8, 13, 78, 14, 0, 0.06%, 9, 0, 9, 254.89
1733533204, 8, 15, 78, 14, 0, 0.06%, 9, 0, 9, 241.26
1733533209, 8, 18, 78, 14, 0, 0.06%, 9, 0, 9, 251.07
1733533214, 8, 19, 78, 14, 0, 0.06%, 9, 0, 9, 255.82
1733533219, 8, 20, 78, 14, 0, 0.06%, 9, 0, 9, 256.84
1733533224, 8, 21, 78, 14, 0, 0.06%, 9, 0, 9, 253.08
1733533234, 8, 69, 78, 14, 0, 0.06%, 9, 0, 9, 378.62
1733533341, 8, 75, 78, 13, 0, 0.06%, 9, 0, 9, 281.13
1733533499, 8, 75, 79, 14, 0, 0.06%, 9, 0, 10, 347.55
1733533535, 9, 11, 79, 13, 0, 0.06%, 9, 0, 10, 247.45
1733533540, 9, 13, 79, 13, 0, 0.06%, 9, 0, 10, 248.61
1733533545, 9, 15, 79, 13, 0, 0.06%, 9, 0, 10, 247.69
1733533550, 9, 18, 79, 13, 0, 0.06%, 9, 0, 10, 250.31
1733533555, 9, 19, 79, 13, 0, 0.06%, 9, 0, 10, 259.88
1733533560, 9, 20, 79, 13, 0, 0.06%, 9, 0, 10, 266.03
1733533565, 9, 22, 79, 13, 0, 0.06%, 9, 0, 10, 277.06
1733533570, 9, 38, 79, 13, 0, 0.06%, 9, 0, 10, 266.81
1733533606, 9, 52, 79, 12, 0, 0.06%, 9, 0, 10, 378.21
1733533718, 9, 70, 79, 11, 0, 0.06%, 9, 0, 10, 341.20
1733533733, 9, 78, 79, 11, 0, 0.06%, 9, 0, 10, 340.50
1733533758, 9, 78, 80, 12, 0, 0.06%, 9, 0, 11, 452.91
1733534007, 10, 12, 80, 11, 0, 0.06%, 9, 0, 11, 254.88
1733534012, 10, 14, 80, 11, 0, 0.06%, 9, 0, 11, 260.44
1733534017, 10, 15, 80, 11, 0, 0.06%, 9, 0, 11, 248.28
1733534023, 10, 18, 80, 11, 0, 0.06%, 9, 0, 11, 260.02
1733534028, 10, 19, 80, 11, 0, 0.06%, 9, 0, 11, 257.65
1733534033, 10, 20, 80, 11, 0, 0.06%, 9, 0, 11, 260.06
1733534038, 10, 22, 80, 11, 0, 0.06%, 9, 0, 11, 274.76
1733534043, 10, 29, 80, 11, 0, 0.06%, 9, 0, 11, 261.99
1733534048, 10, 41, 80, 11, 0, 0.06%, 9, 0, 11, 299.52
1733534058, 10, 42, 80, 11, 0, 0.06%, 9, 0, 11, 386.00
1733534094, 10, 50, 80, 10, 0, 0.06%, 9, 0, 11, 259.84
1733534099, 10, 53, 80, 10, 0, 0.06%, 9, 0, 11, 330.45
1733534140, 11, 12, 80, 9, 0, 0.06%, 9, 0, 11, 259.18
1733534145, 11, 14, 80, 9, 0, 0.06%, 9, 0, 11, 257.17
1733534150, 11, 15, 80, 9, 0, 0.06%, 9, 0, 11, 268.32
1733534155, 11, 18, 80, 9, 0, 0.06%, 9, 0, 11, 260.25
1733534160, 11, 19, 80, 9, 0, 0.06%, 9, 0, 11, 237.25
1733534165, 11, 20, 80, 9, 0, 0.06%, 9, 0, 11, 251.12
1733534170, 11, 23, 80, 9, 0, 0.06%, 9, 0, 11, 255.39
1733534175, 11, 39, 80, 9, 0, 0.06%, 9, 0, 11, 345.34
1733534236, 11, 60, 80, 8, 0, 0.06%, 9, 0, 11, 319.31
1733534246, 12, 11, 80, 8, 0, 0.06%, 9, 0, 11, 266.58
1733534251, 12, 13, 80, 8, 0, 0.06%, 9, 0, 11, 248.53
1733534257, 12, 15, 80, 8, 0, 0.06%, 9, 0, 11, 249.74
1733534262, 12, 18, 80, 8, 0, 0.06%, 9, 0, 11, 257.98
1733534267, 12, 19, 80, 8, 0, 0.06%, 9, 0, 11, 261.76
1733534272, 12, 20, 80, 8, 0, 0.06%, 9, 0, 11, 267.21
1733534282, 12, 25, 80, 8, 0, 0.06%, 9, 0, 11, 266.60
1733534313, 12, 43, 80, 7, 0, 0.06%, 9, 0, 11, 275.58
1733534323, 12, 44, 80, 7, 0, 0.06%, 9, 0, 11, 258.10
1733534333, 12, 53, 80, 7, 0, 0.06%, 9, 0, 11, 273.91
1733534349, 13, 0, 80, 7, 0, 0.06%, 9, 0, 11, 223.57
1733534354, 13, 11, 80, 6, 0, 0.06%, 9, 0, 11, 251.16
1733534359, 13, 13, 80, 6, 0, 0.06%, 9, 0, 11, 249.94
1733534364, 13, 15, 80, 6, 0, 0.06%, 9, 0, 11, 250.85
1733534369, 13, 18, 80, 6, 0, 0.06%, 9, 0, 11, 258.80
1733534374, 13, 19, 80, 6, 0, 0.06%, 9, 0, 11, 261.77
1733534379, 13, 20, 80, 6, 0, 0.06%, 9, 0, 11, 259.48
1733534389, 13, 26, 80, 6, 0, 0.06%, 9, 0, 11, 273.36
1733534394, 13, 61, 80, 6, 0, 0.06%, 9, 0, 11, 299.25
1733534425, 13, 67, 80, 5, 0, 0.06%, 9, 0, 11, 347.74
1733534536, 13, 77, 80, 4, 0, 0.06%, 9, 0, 11, 273.60
1733534552, 14, 11, 80, 4, 0, 0.06%, 9, 0, 11, 259.28
1733534557, 14, 13, 80, 4, 0, 0.06%, 9, 0, 11, 246.78
1733534562, 14, 15, 80, 4, 0, 0.06%, 9, 0, 11, 244.52
1733534567, 14, 18, 80, 4, 0, 0.06%, 9, 0, 11, 258.35
1733534577, 14, 19, 80, 4, 0, 0.06%, 9, 0, 11, 269.17
1733534582, 14, 20, 80, 4, 0, 0.06%, 9, 0, 11, 268.19
1733534587, 14, 65, 80, 4, 0, 0.06%, 9, 0, 11, 370.35
1733534705, 15, 6, 80, 3, 0, 0.06%, 9, 0, 11, 274.82
1733534710, 15, 12, 80, 3, 0, 0.06%, 9, 0, 11, 254.44
1733534715, 15, 14, 80, 3, 0, 0.06%, 9, 0, 11, 253.25
1733534720, 15, 15, 80, 3, 0, 0.06%, 9, 0, 11, 247.29
1733534725, 15, 17, 80, 3, 0, 0.06%, 9, 0, 11, 269.15
1733534730, 15, 18, 80, 3, 0, 0.06%, 9, 0, 11, 253.09
1733534735, 15, 19, 80, 3, 0, 0.06%, 9, 0, 11, 244.07
1733534740, 15, 20, 80, 3, 0, 0.06%, 9, 0, 11, 259.60
1733534750, 15, 35, 80, 3, 0, 0.06%, 9, 0, 11, 270.35
1733534755, 15, 41, 80, 3, 0, 0.06%, 9, 0, 11, 273.33
1733534760, 15, 75, 80, 3, 0, 0.06%, 9, 0, 11, 312.67
1733534770, 15, 76, 80, 3, 0, 0.06%, 9, 0, 11, 320.58
1733534791, 15, 77, 80, 3, 0, 0.06%, 9, 0, 11, 284.70
1733534796, 16, 11, 80, 3, 0, 0.06%, 9, 0, 11, 285.55
1733534801, 16, 13, 80, 3, 0, 0.06%, 9, 0, 11, 275.70
1733534806, 16, 15, 80, 3, 0, 0.06%, 9, 0, 11, 253.21
1733534811, 16, 18, 80, 3, 0, 0.06%, 9, 0, 11, 252.53
1733534816, 16, 19, 80, 3, 0, 0.06%, 9, 0, 11, 254.99
1733534821, 16, 20, 80, 3, 0, 0.06%, 9, 0, 11, 262.31
1733534831, 16, 46, 80, 3, 0, 0.06%, 9, 0, 11, 269.07
1733534837, 16, 57, 80, 3, 0, 0.06%, 9, 0, 11, 268.35
1733534847, 17, 11, 80, 3, 0, 0.06%, 9, 0, 11, 258.46
1733534852, 17, 13, 80, 3, 0, 0.06%, 9, 0, 11, 246.21
1733534857, 17, 15, 80, 3, 0, 0.06%, 9, 0, 11, 249.77
1733534862, 17, 18, 80, 3, 0, 0.06%, 9, 0, 11, 253.94
1733534867, 17, 19, 80, 3, 0, 0.06%, 9, 0, 11, 257.17
1733534877, 17, 20, 80, 3, 0, 0.06%, 9, 0, 11, 251.54
1733534882, 17, 22, 80, 3, 0, 0.06%, 9, 0, 11, 248.32
1733534887, 17, 24, 80, 3, 0, 0.06%, 9, 0, 11, 248.54
1733534892, 17, 28, 80, 3, 0, 0.06%, 9, 0, 11, 269.35
1733534898, 17, 36, 80, 3, 0, 0.06%, 9, 0, 11, 312.87
1733534908, 17, 37, 80, 3, 0, 0.06%, 9, 0, 11, 261.61
1733534918, 18, 11, 80, 3, 0, 0.06%, 9, 0, 11, 249.82
1733534923, 18, 13, 80, 3, 0, 0.06%, 9, 0, 11, 248.86
1733534928, 18, 15, 80, 3, 0, 0.06%, 9, 0, 11, 245.01
1733534933, 18, 18, 80, 3, 0, 0.06%, 9, 0, 11, 265.32
1733534943, 18, 19, 80, 3, 0, 0.06%, 9, 0, 11, 257.13
1733534948, 18, 20, 80, 3, 0, 0.06%, 9, 0, 11, 268.78
1733534953, 18, 33, 80, 3, 0, 0.06%, 9, 0, 11, 261.75
1733534958, 18, 34, 80, 3, 0, 0.06%, 9, 0, 11, 281.28
1733534963, 18, 64, 80, 3, 0, 0.06%, 9, 0, 11, 282.87
1733534973, 18, 66, 80, 3, 0, 0.06%, 9, 0, 11, 281.50
1733534984, 18, 74, 80, 3, 0, 0.06%, 9, 0, 11, 300.26
1733534999, 19, 11, 80, 3, 0, 0.06%, 9, 0, 11, 267.15
1733535004, 19, 13, 80, 3, 0, 0.06%, 9, 0, 11, 260.28
1733535009, 19, 15, 80, 3, 0, 0.06%, 9, 0, 11, 248.98
1733535014, 19, 16, 80, 3, 0, 0.06%, 9, 0, 11, 262.90
1733535019, 19, 18, 80, 3, 0, 0.06%, 9, 0, 11, 244.74
1733535024, 19, 19, 80, 3, 0, 0.06%, 9, 0, 11, 249.98
1733535029, 19, 20, 80, 3, 0, 0.06%, 9, 0, 11, 256.92
1733535039, 19, 48, 80, 3, 0, 0.06%, 9, 0, 11, 400.77
1733535100, 19, 63, 80, 2, 0, 0.06%, 9, 0, 11, 305.61
1733535141, 19, 69, 80, 1, 0, 0.06%, 9, 0, 11, 279.61
1733535151, 19, 75, 80, 1, 0, 0.06%, 9, 0, 11, 294.14
1733535166, 20, 11, 80, 1, 0, 0.06%, 9, 0, 11, 268.46
1733535171, 20, 13, 80, 1, 0, 0.06%, 9, 0, 11, 262.01
1733535176, 20, 15, 80, 1, 0, 0.06%, 9, 0, 11, 238.95
1733535182, 20, 18, 80, 1, 0, 0.06%, 9, 0, 11, 256.68
1733535187, 20, 19, 80, 1, 0, 0.06%, 9, 0, 11, 242.76
1733535192, 20, 20, 80, 1, 0, 0.06%, 9, 0, 11, 260.37
1733535197, 20, 27, 80, 1, 0, 0.06%, 9, 0, 11, 253.75
1733535207, 20, 31, 80, 1, 0, 0.06%, 9, 0, 11, 260.47
1733535212, 20, 78, 80, 1, 0, 0.06%, 9, 0, 11, 327.77
1733535237, 20, 79, 80, 1, 0, 0.06%, 9, 0, 11, 260.76
1733535517, 21, 11, 80, 0, 0, 0.06%, 9, 0, 11, 343.76
1733535522, 21, 12, 80, 0, 0, 0.06%, 9, 0, 11, 281.67
1733535527, 21, 14, 80, 0, 0, 0.06%, 9, 0, 11, 264.22
1733535532, 21, 15, 80, 0, 0, 0.06%, 9, 0, 11, 253.64
1733535537, 21, 18, 80, 0, 0, 0.06%, 9, 0, 11, 257.94
1733535542, 21, 19, 80, 0, 0, 0.06%, 9, 0, 11, 243.87
1733535547, 21, 20, 80, 0, 0, 0.06%, 9, 0, 11, 252.11
1733535553, 21, 64, 80, 0, 0, 0.06%, 9, 0, 11, 270.13
1733535563, 22, 11, 80, 0, 0, 0.06%, 9, 0, 11, 264.51
1733535568, 22, 13, 80, 0, 0, 0.06%, 9, 0, 11, 256.62
1733535573, 22, 15, 80, 0, 0, 0.06%, 9, 0, 11, 245.06
1733535578, 22, 18, 80, 0, 0, 0.06%, 9, 0, 11, 251.48
1733535583, 22, 19, 80, 0, 0, 0.06%, 9, 0, 11, 252.39
1733535588, 22, 20, 80, 0, 0, 0.06%, 9, 0, 11, 265.87
1733535593, 22, 57, 80, 0, 0, 0.06%, 9, 0, 11, 259.58
1733535608, 22, 75, 80, 0, 0, 0.06%, 9, 0, 11, 294.66
1733535613, 22, 79, 80, 0, 0, 0.06%, 9, 0, 11, 335.88
1733535644, 23, 11, 80, 0, 0, 0.06%, 9, 0, 11, 263.12
1733535649, 23, 13, 80, 0, 0, 0.06%, 9, 0, 11, 259.55
1733535654, 23, 15, 80, 0, 0, 0.06%, 9, 0, 11, 241.59
1733535659, 23, 18, 80, 0, 0, 0.06%, 9, 0, 11, 245.43
1733535664, 23, 19, 80, 0, 0, 0.06%, 9, 0, 11, 257.71
1733535669, 23, 20, 80, 0, 0, 0.06%, 9, 0, 11, 266.98
1733535674, 23, 57, 80, 0, 0, 0.06%, 9, 0, 11, 266.36
1733535679, 23, 74, 80, 0, 0, 0.06%, 9, 0, 11, 283.30
1733535694, 23, 76, 80, 0, 0, 0.06%, 9, 0, 11, 285.68
1733535704, 23, 78, 80, 0, 0, 0.06%, 9, 0, 11, 322.77
1733535709, 24, 7, 80, 0, 0, 0.06%, 9, 0, 11, 300.54
1733535715, 24, 12, 80, 0, 0, 0.06%, 9, 0, 11, 275.50
1733535720, 24, 14, 80, 0, 0, 0.06%, 9, 0, 11, 262.59
1733535725, 24, 15, 80, 0, 0, 0.06%, 9, 0, 11, 264.34
1733535730, 24, 18, 80, 0, 0, 0.06%, 9, 0, 11, 255.54
1733535735, 24, 19, 80, 0, 0, 0.06%, 9, 0, 11, 271.47
1733535740, 24, 20, 80, 0, 0, 0.06%, 9, 0, 11, 255.12
1733535745, 24, 40, 80, 0, 0, 0.06%, 9, 0, 11, 275.02
1733535755, 24, 48, 80, 0, 0, 0.06%, 9, 0, 11, 271.35
1733535765, 24, 50, 80, 0, 0, 0.06%, 9, 0, 11, 270.53
1733535770, 24, 69, 80, 0, 0, 0.06%, 9, 0, 11, 282.13
1733535781, 25, 11, 80, 0, 0, 0.06%, 9, 0, 11, 250.79
1733535786, 25, 13, 80, 0, 0, 0.06%, 9, 0, 11, 264.33
1733535791, 25, 15, 80, 0, 0, 0.06%, 9, 0, 11, 246.83
1733535801, 25, 18, 80, 0, 0, 0.06%, 9, 0, 11, 271.85
1733535806, 25, 19, 80, 0, 0, 0.06%, 9, 0, 11, 259.42
1733535811, 25, 20, 80, 0, 0, 0.06%, 9, 0, 11, 256.34
1733535816, 26, 11, 80, 0, 0, 0.06%, 9, 0, 11, 268.37
1733535821, 26, 12, 80, 0, 0, 0.06%, 9, 0, 11, 260.84
1733535826, 26, 14, 80, 0, 0, 0.06%, 9, 0, 11, 252.84
1733535832, 26, 15, 80, 0, 0, 0.06%, 9, 0, 11, 248.66
1733535837, 26, 18, 80, 0, 0, 0.06%, 9, 0, 11, 270.95
1733535842, 26, 19, 80, 0, 0, 0.06%, 9, 0, 11, 259.98
1733535847, 26, 20, 80, 0, 0, 0.06%, 9, 0, 11, 254.49
1733535852, 26, 22, 80, 0, 0, 0.06%, 9, 0, 11, 276.02
1733535857, 26, 45, 80, 0, 0, 0.06%, 9, 0, 11, 283.86
1733535867, 26, 50, 80, 0, 0, 0.06%, 9, 0, 11, 282.32
1733535872, 27, 12, 80, 0, 0, 0.06%, 9, 0, 11, 269.52
1733535877, 27, 13, 80, 0, 0, 0.06%, 9, 0, 11, 255.11
1733535882, 27, 15, 80, 0, 0, 0.06%, 9, 0, 11, 252.79
1733535887, 27, 18, 80, 0, 0, 0.06%, 9, 0, 11, 243.87
1733535892, 27, 19, 80, 0, 0, 0.06%, 9, 0, 11, 248.36
1733535897, 27, 20, 80, 0, 0, 0.06%, 9, 0, 11, 273.62
1733535908, 27, 63, 80, 0, 0, 0.06%, 9, 0, 11, 258.67
1733535913, 27, 68, 80, 0, 0, 0.06%, 9, 0, 11, 255.81
1733535928, 28, 12, 80, 0, 0, 0.06%, 9, 0, 11, 240.10
1733535933, 28, 14, 80, 0, 0, 0.06%, 9, 0, 11, 250.29
1733535938, 28, 15, 80, 0, 0, 0.06%, 9, 0, 11, 247.05
1733535943, 28, 18, 80, 0, 0, 0.06%, 9, 0, 11, 248.22
1733535948, 28, 19, 80, 0, 0, 0.06%, 9, 0, 11, 249.98
1733535953, 28, 20, 80, 0, 0, 0.06%, 9, 0, 11, 265.21
1733535958, 28, 55, 81, 1, 0, 0.06%, 9, 0, 11, 291.53
1733535974, 28, 80, 82, 2, 0, 0.06%, 9, 0, 11, 327.89
1733536146, 29, 11, 82, 1, 0, 0.06%, 9, 0, 11, 228.25
1733536152, 29, 13, 82, 1, 0, 0.06%, 9, 0, 11, 248.31
1733536157, 29, 15, 82, 1, 0, 0.06%, 9, 0, 11, 253.30
1733536167, 29, 18, 82, 1, 0, 0.06%, 9, 0, 11, 272.16
1733536172, 29, 19, 82, 1, 0, 0.06%, 9, 0, 11, 276.08
1733536177, 29, 20, 82, 1, 0, 0.06%, 9, 0, 11, 261.37
1733536182, 29, 23, 82, 1, 0, 0.06%, 9, 0, 11, 261.80
1733536187, 29, 35, 82, 1, 0, 0.06%, 9, 0, 11, 299.61
1733536192, 29, 57, 82, 1, 0, 0.06%, 9, 0, 11, 275.06
1733536197, 30, 12, 82, 1, 0, 0.06%, 9, 0, 11, 262.06
1733536203, 30, 14, 82, 1, 0, 0.06%, 9, 0, 11, 253.00
1733536208, 30, 15, 82, 1, 0, 0.06%, 9, 0, 11, 258.84
1733536213, 30, 18, 82, 1, 0, 0.06%, 9, 0, 11, 276.23
1733536218, 30, 19, 82, 1, 0, 0.06%, 9, 0, 11, 263.85
1733536223, 30, 20, 82, 1, 0, 0.06%, 9, 0, 11, 252.11
1733536228, 30, 30, 82, 1, 0, 0.06%, 9, 0, 11, 275.07
1733536233, 30, 36, 82, 1, 0, 0.06%, 9, 0, 11, 291.13
1733536238, 31, 12, 82, 1, 0, 0.06%, 9, 0, 11, 269.76
1733536243, 31, 14, 82, 1, 0, 0.06%, 9, 0, 11, 259.63
1733536249, 31, 15, 82, 1, 0, 0.06%, 9, 0, 11, 267.58
1733536254, 31, 18, 82, 1, 0, 0.06%, 9, 0, 11, 257.78
1733536259, 31, 19, 82, 1, 0, 0.06%, 9, 0, 11, 262.11
1733536264, 31, 20, 82, 1, 0, 0.06%, 9, 0, 11, 255.41
1733536269, 31, 61, 82, 1, 0, 0.06%, 9, 0, 11, 256.11
1733536279, 32, 11, 82, 1, 0, 0.06%, 9, 0, 11, 241.26
1733536284, 32, 13, 82, 1, 0, 0.06%, 9, 0, 11, 240.50
1733536289, 32, 15, 82, 1, 0, 0.06%, 9, 0, 11, 254.50
1733536294, 32, 18, 82, 1, 0, 0.06%, 9, 0, 11, 277.72
1733536305, 32, 19, 82, 1, 0, 0.06%, 9, 0, 11, 264.96
1733536310, 32, 20, 82, 1, 0, 0.06%, 9, 0, 11, 261.33
1733536315, 32, 56, 82, 1, 0, 0.06%, 9, 0, 11, 307.86
1733536325, 32, 70, 82, 1, 0, 0.06%, 9, 0, 11, 360.19
1733536335, 33, 11, 82, 1, 0, 0.06%, 9, 0, 11, 282.89
1733536340, 33, 13, 82, 1, 0, 0.06%, 9, 0, 11, 273.77
1733536345, 33, 15, 82, 1, 0, 0.06%, 9, 0, 11, 256.16
1733536350, 33, 18, 82, 1, 0, 0.06%, 9, 0, 11, 260.96
1733536355, 33, 19, 82, 1, 0, 0.06%, 9, 0, 11, 260.24
1733536366, 33, 20, 82, 1, 0, 0.06%, 9, 0, 11, 260.32
1733536371, 33, 26, 82, 1, 0, 0.06%, 9, 0, 11, 284.69
1733536376, 33, 47, 82, 1, 0, 0.06%, 9, 0, 11, 275.29
1733536381, 33, 68, 82, 1, 0, 0.06%, 9, 0, 11, 271.75
1733536391, 33, 70, 82, 1, 0, 0.06%, 9, 0, 11, 310.90
1733536396, 33, 76, 82, 1, 0, 0.06%, 9, 0, 11, 305.71
1733536406, 33, 78, 82, 1, 0, 0.06%, 9, 0, 11, 304.50
1733536411, 34, 2, 82, 1, 0, 0.06%, 9, 0, 11, 276.37
1733536416, 34, 12, 82, 1, 0, 0.06%, 9, 0, 11, 249.82
1733536421, 34, 14, 82, 1, 0, 0.06%, 9, 0, 11, 243.16
1733536426, 34, 15, 82, 1, 0, 0.06%, 9, 0, 11, 255.57
1733536431, 34, 18, 82, 1, 0, 0.06%, 9, 0, 11, 275.31
1733536436, 34, 19, 82, 1, 0, 0.06%, 9, 0, 11, 259.91
1733536441, 34, 20, 82, 1, 0, 0.06%, 9, 0, 11, 265.75
1733536446, 34, 22, 82, 1, 0, 0.06%, 9, 0, 11, 262.23
1733536451, 34, 50, 82, 1, 0, 0.06%, 9, 0, 11, 258.30
1733536456, 34, 52, 82, 1, 0, 0.06%, 9, 0, 11, 268.33
1733536466, 34, 69, 82, 1, 0, 0.06%, 9, 0, 11, 283.68
1733536471, 34, 77, 82, 1, 0, 0.06%, 9, 0, 11, 284.84
1733536482, 35, 11, 82, 1, 0, 0.06%, 9, 0, 11, 256.64
1733536487, 35, 13, 82, 1, 0, 0.06%, 9, 0, 11, 248.61
1733536492, 35, 15, 82, 1, 0, 0.06%, 9, 0, 11, 251.47
1733536497, 35, 18, 82, 1, 0, 0.06%, 9, 0, 11, 270.69
1733536502, 35, 19, 82, 1, 0, 0.06%, 9, 0, 11, 266.88
1733536512, 35, 20, 82, 1, 0, 0.06%, 9, 0, 11, 264.56
1733536517, 35, 74, 82, 1, 0, 0.06%, 9, 0, 11, 285.70
1733536522, 36, 11, 82, 1, 0, 0.06%, 9, 0, 11, 274.68
1733536527, 36, 13, 82, 1, 0, 0.06%, 9, 0, 11, 267.10
1733536533, 36, 15, 82, 1, 0, 0.06%, 9, 0, 11, 258.69
1733536543, 36, 17, 82, 1, 0, 0.06%, 9, 0, 11, 264.73
1733536548, 36, 18, 82, 1, 0, 0.06%, 9, 0, 11, 257.13
1733536553, 36, 19, 82, 1, 0, 0.06%, 9, 0, 11, 265.89
1733536558, 36, 20, 82, 1, 0, 0.06%, 9, 0, 11, 263.66
1733536563, 36, 31, 82, 1, 0, 0.06%, 9, 0, 11, 261.53
1733536568, 36, 50, 82, 1, 0, 0.06%, 9, 0, 11, 278.14
1733536573, 36, 70, 82, 1, 0, 0.06%, 9, 0, 11, 318.34
1733536583, 37, 12, 82, 1, 0, 0.06%, 9, 0, 11, 249.88
1733536589, 37, 14, 82, 1, 0, 0.06%, 9, 0, 11, 254.59
1733536594, 37, 15, 82, 1, 0, 0.06%, 9, 0, 11, 261.61
1733536599, 37, 18, 82, 1, 0, 0.06%, 9, 0, 11, 265.05
1733536604, 37, 19, 82, 1, 0, 0.06%, 9, 0, 11, 250.73
1733536609, 37, 20, 82, 1, 0, 0.06%, 9, 0, 11, 243.87
1733536614, 37, 32, 82, 1, 0, 0.06%, 9, 0, 11, 275.09
1733536619, 37, 81, 82, 1, 0, 0.06%, 9, 0, 11, 284.90
1733536797, 38, 11, 82, 0, 0, 0.06%, 9, 0, 11, 275.89
1733536802, 38, 13, 82, 0, 0, 0.06%, 9, 0, 11, 252.42
1733536807, 38, 15, 82, 0, 0, 0.06%, 9, 0, 11, 257.77
1733536812, 38, 18, 82, 0, 0, 0.06%, 9, 0, 11, 258.52
1733536823, 38, 19, 82, 0, 0, 0.06%, 9, 0, 11, 259.90
1733536828, 38, 20, 82, 0, 0, 0.06%, 9, 0, 11, 279.09
1733536833, 38, 39, 82, 0, 0, 0.06%, 9, 0, 11, 288.20
1733536843, 38, 40, 82, 0, 0, 0.06%, 9, 0, 11, 271.42
1733536848, 38, 49, 82, 0, 0, 0.06%, 9, 0, 11, 316.57
1733536853, 38, 60, 82, 0, 0, 0.06%, 9, 0, 11, 271.91
1733536863, 39, 10, 82, 0, 0, 0.06%, 9, 0, 11, 272.53
1733536868, 39, 11, 82, 0, 0, 0.06%, 9, 0, 11, 257.74
1733536873, 39, 14, 82, 0, 0, 0.06%, 9, 0, 11, 267.78
1733536878, 39, 15, 82, 0, 0, 0.06%, 9, 0, 11, 254.47
1733536883, 39, 18, 82, 0, 0, 0.06%, 9, 0, 11, 248.74
1733536889, 39, 19, 82, 0, 0, 0.06%, 9, 0, 11, 256.44
1733536894, 39, 20, 82, 0, 0, 0.06%, 9, 0, 11, 256.03
1733536899, 39, 35, 82, 0, 0, 0.06%, 9, 0, 11, 272.61
1733536904, 40, 11, 82, 0, 0, 0.06%, 9, 0, 11, 265.83
1733536909, 40, 12, 82, 0, 0, 0.06%, 9, 0, 11, 258.75
1733536914, 40, 15, 82, 0, 0, 0.06%, 9, 0, 11, 266.85
1733536924, 40, 17, 82, 0, 0, 0.06%, 9, 0, 11, 278.41
1733536929, 40, 18, 82, 0, 0, 0.06%, 9, 0, 11, 269.24
1733536934, 40, 19, 82, 0, 0, 0.06%, 9, 0, 11, 259.42
1733536939, 40, 20, 82, 0, 0, 0.06%, 9, 0, 11, 258.42
1733536945, 41, 11, 82, 0, 0, 0.06%, 9, 0, 11, 265.04
1733536950, 41, 13, 82, 0, 0, 0.06%, 9, 0, 11, 253.19
1733536955, 41, 15, 82, 0, 0, 0.06%, 9, 0, 11, 245.87
1733536960, 41, 16, 82, 0, 0, 0.06%, 9, 0, 11, 266.09
1733536965, 41, 18, 82, 0, 0, 0.06%, 9, 0, 11, 253.66
1733536970, 41, 19, 82, 0, 0, 0.06%, 9, 0, 11, 257.15
1733536975, 41, 20, 82, 0, 0, 0.06%, 9, 0, 11, 257.82
1733536980, 41, 28, 82, 0, 0, 0.06%, 9, 0, 11, 269.19
1733536985, 41, 58, 82, 0, 0, 0.06%, 9, 0, 11, 322.05
1733536995, 41, 62, 82, 0, 0, 0.06%, 9, 0, 11, 275.69
1733537005, 41, 63, 82, 0, 0, 0.06%, 9, 0, 11, 249.57
1733537015, 42, 11, 82, 0, 0, 0.06%, 9, 0, 11, 255.37
1733537020, 42, 13, 82, 0, 0, 0.06%, 9, 0, 11, 251.34
1733537025, 42, 15, 82, 0, 0, 0.06%, 9, 0, 11, 254.81
1733537031, 42, 16, 82, 0, 0, 0.06%, 9, 0, 11, 271.21
1733537036, 42, 18, 82, 0, 0, 0.06%, 9, 0, 11, 254.78
1733537041, 42, 19, 82, 0, 0, 0.06%, 9, 0, 11, 252.33
1733537051, 42, 20, 82, 0, 0, 0.06%, 9, 0, 11, 267.39
1733537056, 43, 12, 82, 0, 0, 0.06%, 9, 0, 11, 251.84
1733537061, 43, 14, 82, 0, 0, 0.06%, 9, 0, 11, 254.16
1733537066, 43, 15, 82, 0, 0, 0.06%, 9, 0, 11, 243.44
1733537071, 43, 18, 82, 0, 0, 0.06%, 9, 0, 11, 240.58
1733537076, 43, 19, 82, 0, 0, 0.06%, 9, 0, 11, 239.84
1733537081, 43, 20, 82, 0, 0, 0.06%, 9, 0, 11, 259.79
1733537091, 43, 22, 82, 0, 0, 0.06%, 9, 0, 11, 264.92
1733537096, 43, 30, 82, 0, 0, 0.06%, 9, 0, 11, 275.19
1733537101, 43, 31, 82, 0, 0, 0.06%, 9, 0, 11, 265.33
1733537106, 43, 58, 82, 0, 0, 0.06%, 9, 0, 11, 324.10
1733537112, 43, 60, 82, 0, 0, 0.06%, 9, 0, 11, 296.61
1733537117, 43, 67, 82, 0, 0, 0.06%, 9, 0, 11, 291.53
1733537127, 44, 11, 82, 0, 0, 0.06%, 9, 0, 11, 247.57
1733537132, 44, 13, 82, 0, 0, 0.06%, 9, 0, 11, 246.97
1733537137, 44, 15, 82, 0, 0, 0.06%, 9, 0, 11, 251.62
1733537142, 44, 18, 82, 0, 0, 0.06%, 9, 0, 11, 270.47
1733537152, 44, 19, 82, 0, 0, 0.06%, 9, 0, 11, 255.36
1733537157, 44, 20, 82, 0, 0, 0.06%, 9, 0, 11, 251.71
1733537162, 44, 25, 82, 0, 0, 0.06%, 9, 0, 11, 252.56
1733537168, 44, 66, 82, 0, 0, 0.06%, 9, 0, 11, 280.36
1733537178, 45, 12, 82, 0, 0, 0.06%, 9, 0, 11, 250.58
1733537183, 45, 14, 82, 0, 0, 0.06%, 9, 0, 11, 249.88
1733537188, 45, 15, 82, 0, 0, 0.06%, 9, 0, 11, 255.95
1733537193, 45, 18, 82, 0, 0, 0.06%, 9, 0, 11, 260.99
1733537198, 45, 19, 82, 0, 0, 0.06%, 9, 0, 11, 251.52
1733537203, 45, 20, 82, 0, 0, 0.06%, 9, 0, 11, 250.25
1733537208, 45, 29, 82, 0, 0, 0.06%, 9, 0, 11, 261.15
1733537213, 45, 75, 82, 0, 0, 0.06%, 9, 0, 11, 283.01
1733537223, 46, 12, 82, 0, 0, 0.06%, 9, 0, 11, 277.61
1733537229, 46, 14, 82, 0, 0, 0.06%, 9, 0, 11, 269.44
1733537234, 46, 15, 82, 0, 0, 0.06%, 9, 0, 11, 255.78
1733537239, 46, 18, 82, 0, 0, 0.06%, 9, 0, 11, 277.45
1733537244, 46, 19, 82, 0, 0, 0.06%, 9, 0, 11, 253.28
1733537249, 46, 20, 82, 0, 0, 0.06%, 9, 0, 11, 255.03
1733537254, 46, 29, 82, 0, 0, 0.06%, 9, 0, 11, 274.70
1733537259, 46, 44, 82, 0, 0, 0.06%, 9, 0, 11, 265.75
1733537264, 46, 59, 82, 0, 0, 0.06%, 9, 0, 11, 264.10
1733537280, 46, 64, 82, 0, 0, 0.06%, 9, 0, 11, 274.92
1733537285, 46, 68, 82, 0, 0, 0.06%, 9, 0, 11, 268.73
1733537290, 47, 12, 82, 0, 0, 0.06%, 9, 0, 11, 260.40
1733537295, 47, 14, 82, 0, 0, 0.06%, 9, 0, 11, 262.10
1733537300, 47, 15, 82, 0, 0, 0.06%, 9, 0, 11, 264.22
1733537305, 47, 16, 82, 0, 0, 0.06%, 9, 0, 11, 249.79
1733537310, 47, 18, 82, 0, 0, 0.06%, 9, 0, 11, 255.53
1733537315, 47, 19, 82, 0, 0, 0.06%, 9, 0, 11, 274.84
1733537320, 47, 20, 82, 0, 0, 0.06%, 9, 0, 11, 267.80
1733537325, 47, 23, 82, 0, 0, 0.06%, 9, 0, 11, 261.03
1733537330, 47, 79, 82, 0, 0, 0.06%, 9, 0, 11, 317.51
1733537346, 48, 11, 82, 0, 0, 0.06%, 9, 0, 11, 259.04
1733537351, 48, 13, 82, 0, 0, 0.06%, 9, 0, 11, 262.08
1733537356, 48, 15, 82, 0, 0, 0.06%, 9, 0, 11, 258.02
1733537361, 48, 18, 82, 0, 0, 0.06%, 9, 0, 11, 276.09
1733537366, 48, 19, 82, 0, 0, 0.06%, 9, 0, 11, 269.04
1733537376, 48, 20, 82, 0, 0, 0.06%, 9, 0, 11, 293.89
1733537381, 48, 24, 82, 0, 0, 0.06%, 9, 0, 11, 260.37
1733537386, 48, 48, 82, 0, 0, 0.06%, 9, 0, 11, 272.51
1733537391, 48, 49, 82, 0, 0, 0.06%, 9, 0, 11, 292.33
1733537396, 48, 52, 82, 0, 0, 0.06%, 9, 0, 11, 270.47
1733537401, 49, 12, 82, 0, 0, 0.06%, 9, 0, 11, 263.58
1733537406, 49, 14, 82, 0, 0, 0.06%, 9, 0, 11, 258.94
1733537411, 49, 15, 82, 0, 0, 0.06%, 9, 0, 11, 261.41
1733537416, 49, 18, 82, 0, 0, 0.06%, 9, 0, 11, 272.53
1733537421, 49, 19, 82, 0, 0, 0.06%, 9, 0, 11, 264.95
1733537427, 49, 20, 82, 0, 0, 0.06%, 9, 0, 11, 276.47
1733537432, 49, 28, 82, 0, 0, 0.06%, 9, 0, 11, 268.95
1733537437, 49, 39, 82, 0, 0, 0.06%, 9, 0, 11, 282.39
1733537442, 49, 56, 82, 0, 0, 0.06%, 9, 0, 11, 321.95
1733537452, 49, 60, 82, 0, 0, 0.06%, 9, 0, 11, 281.16
1733537457, 50, 12, 82, 0, 0, 0.06%, 9, 0, 11, 266.30
1733537462, 50, 14, 82, 0, 0, 0.06%, 9, 0, 11, 250.65
1733537467, 50, 15, 82, 0, 0, 0.06%, 9, 0, 11, 269.83
1733537473, 50, 18, 82, 0, 0, 0.06%, 9, 0, 11, 255.40
1733537478, 50, 19, 82, 0, 0, 0.06%, 9, 0, 11, 252.72
1733537483, 50, 20, 82, 0, 0, 0.06%, 9, 0, 11, 259.93
1733537488, 50, 38, 82, 0, 0, 0.06%, 9, 0, 11, 274.62
1733537498, 50, 40, 82, 0, 0, 0.06%, 9, 0, 11, 272.61
1733537504, 50, 43, 82, 0, 0, 0.06%, 9, 0, 11, 280.63
1733537509, 50, 53, 82, 0, 0, 0.06%, 9, 0, 11, 264.62
1733537514, 50, 63, 82, 0, 0, 0.06%, 9, 0, 11, 289.16
1733537519, 50, 64, 82, 0, 0, 0.06%, 9, 0, 11, 273.79
1733537524, 51, 11, 82, 0, 0, 0.06%, 9, 0, 11, 263.81
1733537529, 51, 13, 82, 0, 0, 0.06%, 9, 0, 11, 249.07
1733537534, 51, 14, 82, 0, 0, 0.06%, 9, 0, 11, 251.56
1733537539, 51, 15, 82, 0, 0, 0.06%, 9, 0, 11, 273.45
1733537544, 51, 18, 82, 0, 0, 0.06%, 9, 0, 11, 269.73
1733537549, 51, 19, 82, 0, 0, 0.06%, 9, 0, 11, 254.12
1733537554, 51, 20, 82, 0, 0, 0.06%, 9, 0, 11, 259.59
1733537559, 51, 34, 82, 0, 0, 0.06%, 9, 0, 11, 286.21
1733537565, 51, 56, 82, 0, 0, 0.06%, 9, 0, 11, 305.59
1733537570, 51, 62, 82, 0, 0, 0.06%, 9, 0, 11, 268.00
1733537580, 52, 12, 82, 0, 0, 0.06%, 9, 0, 11, 258.42
1733537585, 52, 14, 82, 0, 0, 0.06%, 9, 0, 11, 265.89
1733537590, 52, 15, 82, 0, 0, 0.06%, 9, 0, 11, 261.65
1733537595, 52, 18, 82, 0, 0, 0.06%, 9, 0, 11, 258.11
1733537600, 52, 19, 82, 0, 0, 0.06%, 9, 0, 11, 256.60
1733537605, 52, 20, 82, 0, 0, 0.06%, 9, 0, 11, 265.20
1733537610, 52, 34, 82, 0, 0, 0.06%, 9, 0, 11, 278.30
1733537616, 52, 38, 82, 0, 0, 0.06%, 9, 0, 11, 270.11
1733537621, 52, 66, 82, 0, 0, 0.06%, 9, 0, 11, 280.36
1733537626, 52, 69, 82, 0, 0, 0.06%, 9, 0, 11, 268.10
1733537631, 53, 11, 82, 0, 0, 0.06%, 9, 0, 11, 269.08
1733537636, 53, 13, 82, 0, 0, 0.06%, 9, 0, 11, 253.52
1733537641, 53, 15, 82, 0, 0, 0.06%, 9, 0, 11, 247.79
1733537646, 53, 18, 82, 0, 0, 0.06%, 9, 0, 11, 258.57
1733537656, 53, 19, 82, 0, 0, 0.06%, 9, 0, 11, 267.83
1733537661, 53, 20, 82, 0, 0, 0.06%, 9, 0, 11, 266.51
1733537666, 53, 56, 82, 0, 0, 0.06%, 9, 0, 11, 290.91
1733537671, 54, 12, 82, 0, 0, 0.06%, 9, 0, 11, 261.26
1733537677, 54, 14, 82, 0, 0, 0.06%, 9, 0, 11, 255.23
1733537682, 54, 15, 82, 0, 0, 0.06%, 9, 0, 11, 254.60
1733537687, 54, 18, 82, 0, 0, 0.06%, 9, 0, 11, 247.06
1733537692, 54, 19, 82, 0, 0, 0.06%, 9, 0, 11, 247.85
1733537697, 54, 20, 82, 0, 0, 0.06%, 9, 0, 11, 257.53
1733537702, 54, 64, 82, 0, 0, 0.06%, 9, 0, 11, 267.72
1733537707, 55, 8, 82, 0, 0, 0.06%, 9, 0, 11, 270.75
1733537712, 55, 12, 82, 0, 0, 0.06%, 9, 0, 11, 256.61
1733537717, 55, 14, 82, 0, 0, 0.06%, 9, 0, 11, 246.40
1733537722, 55, 15, 82, 0, 0, 0.06%, 9, 0, 11, 251.47
1733537727, 55, 16, 82, 0, 0, 0.06%, 9, 0, 11, 252.46
1733537732, 55, 18, 82, 0, 0, 0.06%, 9, 0, 11, 263.99
1733537737, 55, 19, 82, 0, 0, 0.06%, 9, 0, 11, 263.05
1733537743, 55, 20, 82, 0, 0, 0.06%, 9, 0, 11, 257.65
1733537748, 55, 25, 82, 0, 0, 0.06%, 9, 0, 11, 254.01
1733537753, 55, 26, 82, 0, 0, 0.06%, 9, 0, 11, 264.57
1733537758, 55, 49, 82, 0, 0, 0.06%, 9, 0, 11, 299.66
1733537763, 55, 63, 82, 0, 0, 0.06%, 9, 0, 11, 268.73
1733537768, 55, 67, 82, 0, 0, 0.06%, 9, 0, 11, 275.62
1733537778, 56, 11, 82, 0, 0, 0.06%, 9, 0, 11, 270.97
1733537783, 56, 13, 82, 0, 0, 0.06%, 9, 0, 11, 260.50
1733537788, 56, 15, 82, 0, 0, 0.06%, 9, 0, 11, 245.28
1733537793, 56, 16, 82, 0, 0, 0.06%, 9, 0, 11, 250.95
1733537798, 56, 18, 82, 0, 0, 0.06%, 9, 0, 11, 248.49
1733537803, 56, 19, 82, 0, 0, 0.06%, 9, 0, 11, 259.71
1733537808, 56, 20, 82, 0, 0, 0.06%, 9, 0, 11, 258.74
1733537819, 56, 26, 82, 0, 0, 0.06%, 9, 0, 11, 268.09
1733537824, 56, 37, 82, 0, 0, 0.06%, 9, 0, 11, 262.79
1733537829, 56, 39, 82, 0, 0, 0.06%, 9, 0, 11, 268.70
1733537834, 56, 52, 82, 0, 0, 0.06%, 9, 0, 11, 267.33
1733537839, 56, 71, 82, 0, 0, 0.06%, 9, 0, 11, 276.53
1733537854, 57, 11, 82, 0, 0, 0.06%, 9, 0, 11, 266.73
1733537859, 57, 13, 82, 0, 0, 0.06%, 9, 0, 11, 262.47
1733537864, 57, 15, 82, 0, 0, 0.06%, 9, 0, 11, 242.48
1733537870, 57, 18, 82, 0, 0, 0.06%, 9, 0, 11, 257.03
1733537875, 57, 19, 82, 0, 0, 0.06%, 9, 0, 11, 264.49
1733537880, 57, 20, 82, 0, 0, 0.06%, 9, 0, 11, 251.28
1733537885, 57, 44, 82, 0, 0, 0.06%, 9, 0, 11, 271.37
1733537895, 58, 12, 82, 0, 0, 0.06%, 9, 0, 11, 263.12
1733537900, 58, 14, 82, 0, 0, 0.06%, 9, 0, 11, 247.77
1733537905, 58, 15, 82, 0, 0, 0.06%, 9, 0, 11, 258.70
1733537910, 58, 18, 82, 0, 0, 0.06%, 9, 0, 11, 249.16
1733537915, 58, 19, 82, 0, 0, 0.06%, 9, 0, 11, 252.34
1733537920, 58, 20, 82, 0, 0, 0.06%, 9, 0, 11, 245.78
1733537925, 58, 53, 82, 0, 0, 0.06%, 9, 0, 11, 277.28
1733537936, 58, 59, 82, 0, 0, 0.06%, 9, 0, 11, 275.57
1733537946, 59, 12, 82, 0, 0, 0.06%, 9, 0, 11, 259.75
1733537951, 59, 14, 82, 0, 0, 0.06%, 9, 0, 11, 256.31
1733537956, 59, 15, 82, 0, 0, 0.06%, 9, 0, 11, 254.03
1733537961, 59, 18, 82, 0, 0, 0.06%, 9, 0, 11, 261.83
1733537966, 59, 19, 82, 0, 0, 0.06%, 9, 0, 11, 250.96
1733537971, 59, 20, 82, 0, 0, 0.06%, 9, 0, 11, 258.28
1733537976, 59, 23, 82, 0, 0, 0.06%, 9, 0, 11, 259.30
1733537981, 59, 39, 82, 0, 0, 0.06%, 9, 0, 11, 279.49
1733537986, 59, 46, 82, 0, 0, 0.06%, 9, 0, 11, 283.41
1733537992, 59, 72, 82, 0, 0, 0.06%, 9, 0, 11, 334.86
1733538007, 59, 74, 82, 0, 0, 0.06%, 9, 0, 11, 295.46
1733538012, 60, 11, 82, 0, 0, 0.06%, 9, 0, 11, 277.46
1733538017, 60, 13, 82, 0, 0, 0.06%, 9, 0, 11, 259.00
1733538022, 60, 15, 82, 0, 0, 0.06%, 9, 0, 11, 246.16
1733538028, 60, 18, 82, 0, 0, 0.06%, 9, 0, 11, 255.99
1733538033, 60, 19, 82, 0, 0, 0.06%, 9, 0, 11, 266.26
1733538043, 60, 20, 82, 0, 0, 0.06%, 9, 0, 11, 259.87
1733538048, 60, 32, 82, 0, 0, 0.06%, 9, 0, 11, 268.97
1733538053, 60, 50, 82, 0, 0, 0.06%, 9, 0, 11, 259.79
1733538058, 60, 70, 82, 0, 0, 0.06%, 9, 0, 11, 318.06
1733538063, 61, 11, 82, 0, 0, 0.06%, 9, 0, 11, 273.36
1733538068, 61, 13, 82, 0, 0, 0.06%, 9, 0, 11, 268.10
1733538073, 61, 15, 82, 0, 0, 0.06%, 9, 0, 11, 255.72
1733538084, 61, 18, 82, 0, 0, 0.06%, 9, 0, 11, 254.17
1733538089, 61, 19, 82, 0, 0, 0.06%, 9, 0, 11, 253.92
1733538094, 61, 20, 82, 0, 0, 0.06%, 9, 0, 11, 264.92
1733538099, 61, 43, 82, 0, 0, 0.06%, 9, 0, 11, 272.34
1733538104, 61, 75, 82, 0, 0, 0.06%, 9, 0, 11, 307.66
1733538109, 61, 77, 82, 0, 0, 0.06%, 9, 0, 11, 308.37
1733538119, 62, 12, 82, 0, 0, 0.06%, 9, 0, 11, 254.55
1733538124, 62, 14, 82, 0, 0, 0.06%, 9, 0, 11, 257.43
1733538129, 62, 15, 82, 0, 0, 0.06%, 9, 0, 11, 246.47
1733538134, 62, 18, 82, 0, 0, 0.06%, 9, 0, 11, 257.15
1733538139, 62, 19, 82, 0, 0, 0.06%, 9, 0, 11, 256.80
1733538144, 62, 20, 82, 0, 0, 0.06%, 9, 0, 11, 255.06
1733538149, 62, 27, 82, 0, 0, 0.06%, 9, 0, 11, 274.38
1733538154, 63, 11, 82, 0, 0, 0.06%, 9, 0, 11, 266.94
1733538159, 63, 13, 82, 0, 0, 0.06%, 9, 0, 11, 256.27
1733538164, 63, 14, 82, 0, 0, 0.06%, 9, 0, 11, 259.50
1733538170, 63, 15, 82, 0, 0, 0.06%, 9, 0, 11, 260.69
1733538175, 63, 18, 82, 0, 0, 0.06%, 9, 0, 11, 269.24
1733538180, 63, 19, 82, 0, 0, 0.06%, 9, 0, 11, 274.63
1733538185, 63, 20, 82, 0, 0, 0.06%, 9, 0, 11, 251.60
1733538190, 63, 22, 82, 0, 0, 0.06%, 9, 0, 11, 270.24
1733538195, 63, 28, 82, 0, 0, 0.06%, 9, 0, 11, 277.02
1733538200, 63, 58, 82, 0, 0, 0.06%, 9, 0, 11, 309.44
1733538205, 63, 59, 82, 0, 0, 0.06%, 9, 0, 11, 281.80
1733538210, 63, 63, 82, 0, 0, 0.06%, 9, 0, 11, 270.08
1733538215, 63, 64, 82, 0, 0, 0.06%, 9, 0, 11, 286.17
1733538220, 63, 74, 82, 0, 0, 0.06%, 9, 0, 11, 304.97
1733538225, 63, 79, 82, 0, 0, 0.06%, 9, 0, 11, 297.47
1733538235, 64, 12, 82, 0, 0, 0.06%, 9, 0, 11, 281.92
1733538240, 64, 14, 82, 0, 0, 0.06%, 9, 0, 11, 269.18
1733538245, 64, 15, 82, 0, 0, 0.06%, 9, 0, 11, 266.79
1733538250, 64, 18, 82, 0, 0, 0.06%, 9, 0, 11, 264.48
1733538255, 64, 19, 82, 0, 0, 0.06%, 9, 0, 11, 254.12
1733538261, 64, 20, 82, 0, 0, 0.06%, 9, 0, 11, 252.87
1733538266, 64, 26, 82, 0, 0, 0.06%, 9, 0, 11, 262.97
1733538271, 64, 39, 82, 0, 0, 0.06%, 9, 0, 11, 276.38
1733538276, 64, 45, 82, 0, 0, 0.06%, 9, 0, 11, 286.42
1733538281, 64, 52, 82, 0, 0, 0.06%, 9, 0, 11, 281.69
1733538286, 65, 6, 82, 0, 0, 0.06%, 9, 0, 11, 271.68
1733538291, 65, 12, 82, 0, 0, 0.06%, 9, 0, 11, 253.72
1733538296, 65, 14, 82, 0, 0, 0.06%, 9, 0, 11, 264.56
1733538301, 65, 15, 82, 0, 0, 0.06%, 9, 0, 11, 253.06
1733538306, 65, 18, 82, 0, 0, 0.06%, 9, 0, 11, 274.93
1733538311, 65, 19, 82, 0, 0, 0.06%, 9, 0, 11, 258.72
1733538316, 65, 20, 82, 0, 0, 0.06%, 9, 0, 11, 260.24
1733538321, 65, 27, 82, 0, 0, 0.06%, 9, 0, 11, 280.96
1733538326, 65, 40, 82, 0, 0, 0.06%, 9, 0, 11, 272.87
1733538331, 65, 47, 82, 0, 0, 0.06%, 9, 0, 11, 290.67
1733538337, 65, 59, 82, 0, 0, 0.06%, 9, 0, 11, 264.91
1733538342, 65, 62, 82, 0, 0, 0.06%, 9, 0, 11, 267.99
1733538347, 66, 10, 82, 0, 0, 0.06%, 9, 0, 11, 253.03
1733538352, 66, 12, 82, 0, 0, 0.06%, 9, 0, 11, 245.34
1733538357, 66, 14, 82, 0, 0, 0.06%, 9, 0, 11, 248.43
1733538362, 66, 15, 82, 0, 0, 0.06%, 9, 0, 11, 243.40
1733538367, 66, 18, 82, 0, 0, 0.06%, 9, 0, 11, 251.38
1733538372, 66, 19, 82, 0, 0, 0.06%, 9, 0, 11, 253.51
1733538377, 66, 20, 82, 0, 0, 0.06%, 9, 0, 11, 242.52
1733538382, 66, 60, 82, 0, 0, 0.06%, 9, 0, 11, 299.79
1733538387, 67, 4, 82, 0, 0, 0.06%, 9, 0, 11, 280.48
1733538393, 67, 12, 82, 0, 0, 0.06%, 9, 0, 11, 263.55
1733538398, 67, 15, 82, 0, 0, 0.06%, 9, 0, 11, 257.04
1733538408, 67, 18, 82, 0, 0, 0.06%, 9, 0, 11, 256.47
1733538413, 67, 19, 82, 0, 0, 0.06%, 9, 0, 11, 267.40
1733538418, 67, 20, 82, 0, 0, 0.06%, 9, 0, 11, 258.84
1733538423, 67, 36, 82, 0, 0, 0.06%, 9, 0, 11, 297.78
1733538428, 67, 45, 82, 0, 0, 0.06%, 9, 0, 11, 273.87
1733538433, 67, 71, 82, 0, 0, 0.06%, 9, 0, 11, 272.70
1733538438, 67, 73, 82, 0, 0, 0.06%, 9, 0, 11, 276.24
1733538454, 67, 75, 82, 0, 0, 0.06%, 9, 0, 11, 286.77
1733538464, 68, 12, 82, 0, 0, 0.06%, 9, 0, 11, 262.60
1733538469, 68, 13, 82, 0, 0, 0.06%, 9, 0, 11, 256.48
1733538474, 68, 15, 82, 0, 0, 0.06%, 9, 0, 11, 236.16
1733538479, 68, 18, 82, 0, 0, 0.06%, 9, 0, 11, 247.30
1733538484, 68, 19, 82, 0, 0, 0.06%, 9, 0, 11, 242.94
1733538489, 68, 20, 82, 0, 0, 0.06%, 9, 0, 11, 255.13
1733538494, 68, 32, 82, 0, 0, 0.06%, 9, 0, 11, 265.48
1733538499, 69, 11, 82, 0, 0, 0.06%, 9, 0, 11, 266.91
1733538504, 69, 12, 82, 0, 0, 0.06%, 9, 0, 11, 264.67
1733538509, 69, 14, 82, 0, 0, 0.06%, 9, 0, 11, 261.96
1733538514, 69, 15, 82, 0, 0, 0.06%, 9, 0, 11, 252.45
1733538519, 69, 18, 82, 0, 0, 0.06%, 9, 0, 11, 257.13
1733538524, 69, 19, 82, 0, 0, 0.06%, 9, 0, 11, 257.05
1733538530, 69, 20, 82, 0, 0, 0.06%, 9, 0, 11, 243.03
1733538535, 69, 52, 82, 0, 0, 0.06%, 9, 0, 11, 275.82
1733538540, 69, 59, 82, 0, 0, 0.06%, 9, 0, 11, 262.20
1733538545, 69, 68, 82, 0, 0, 0.06%, 9, 0, 11, 268.11
1733538550, 69, 78, 82, 0, 0, 0.06%, 9, 0, 11, 301.89
1733538560, 70, 12, 82, 0, 0, 0.06%, 9, 0, 11, 249.07
1733538565, 70, 14, 82, 0, 0, 0.06%, 9, 0, 11, 261.30
1733538570, 70, 15, 82, 0, 0, 0.06%, 9, 0, 11, 268.93
1733538575, 70, 18, 82, 0, 0, 0.06%, 9, 0, 11, 263.60
1733538580, 70, 19, 82, 0, 0, 0.06%, 9, 0, 11, 250.72
1733538585, 70, 20, 82, 0, 0, 0.06%, 9, 0, 11, 267.92
1733538590, 70, 35, 82, 0, 0, 0.06%, 9, 0, 11, 277.10
1733538595, 70, 38, 82, 0, 0, 0.06%, 9, 0, 11, 296.64
1733538601, 70, 40, 82, 0, 0, 0.06%, 9, 0, 11, 281.20
1733538606, 70, 49, 82, 0, 0, 0.06%, 9, 0, 11, 285.53
1733538611, 70, 79, 82, 0, 0, 0.06%, 9, 0, 11, 311.36
1733538616, 71, 11, 82, 0, 0, 0.06%, 9, 0, 11, 288.63
1733538621, 71, 13, 82, 0, 0, 0.06%, 9, 0, 11, 262.73
1733538626, 71, 15, 82, 0, 0, 0.06%, 9, 0, 11, 253.81
1733538636, 71, 18, 82, 0, 0, 0.06%, 9, 0, 11, 257.04
1733538641, 71, 19, 82, 0, 0, 0.06%, 9, 0, 11, 278.31
1733538646, 71, 20, 82, 0, 0, 0.06%, 9, 0, 11, 267.13
1733538651, 71, 39, 82, 0, 0, 0.06%, 9, 0, 11, 296.47
1733538656, 71, 53, 82, 0, 0, 0.06%, 9, 0, 11, 292.27
1733538661, 71, 57, 82, 0, 0, 0.06%, 9, 0, 11, 261.78
1733538666, 71, 78, 82, 0, 0, 0.06%, 9, 0, 11, 288.47
1733538676, 71, 80, 82, 0, 0, 0.06%, 9, 0, 11, 291.97
1733538707, 72, 11, 82, 0, 0, 0.06%, 9, 0, 11, 268.44
1733538712, 72, 13, 82, 0, 0, 0.06%, 9, 0, 11, 262.93
1733538717, 72, 15, 82, 0, 0, 0.06%, 9, 0, 11, 255.11
1733538722, 72, 18, 82, 0, 0, 0.06%, 9, 0, 11, 261.61
1733538727, 72, 19, 82, 0, 0, 0.06%, 9, 0, 11, 274.76
1733538732, 72, 20, 82, 0, 0, 0.06%, 9, 0, 11, 271.15
1733538743, 72, 21, 82, 0, 0, 0.06%, 9, 0, 11, 263.77
1733538748, 72, 23, 82, 0, 0, 0.06%, 9, 0, 11, 257.37
1733538753, 72, 43, 82, 0, 0, 0.06%, 9, 0, 11, 251.90
1733538758, 72, 50, 82, 0, 0, 0.06%, 9, 0, 11, 280.55
1733538763, 72, 63, 82, 0, 0, 0.06%, 9, 0, 11, 276.84
1733538768, 73, 11, 82, 0, 0, 0.06%, 9, 0, 11, 261.85
1733538773, 73, 13, 82, 0, 0, 0.06%, 9, 0, 11, 268.03
1733538778, 73, 15, 82, 0, 0, 0.06%, 9, 0, 11, 249.52
1733538783, 73, 18, 82, 0, 0, 0.06%, 9, 0, 11, 256.50
1733538788, 73, 19, 82, 0, 0, 0.06%, 9, 0, 11, 268.69
1733538793, 73, 20, 82, 0, 0, 0.06%, 9, 0, 11, 271.61
1733538804, 73, 67, 82, 0, 0, 0.06%, 9, 0, 11, 282.82
1733538809, 74, 11, 82, 0, 0, 0.06%, 9, 0, 11, 278.68
1733538814, 74, 12, 82, 0, 0, 0.06%, 9, 0, 11, 259.03
1733538819, 74, 14, 82, 0, 0, 0.06%, 9, 0, 11, 264.95
1733538824, 74, 15, 82, 0, 0, 0.06%, 9, 0, 11, 282.64
1733538829, 74, 18, 82, 0, 0, 0.06%, 9, 0, 11, 260.09
1733538834, 74, 19, 82, 0, 0, 0.06%, 9, 0, 11, 251.40
1733538839, 74, 20, 82, 0, 0, 0.06%, 9, 0, 11, 250.52
1733538844, 74, 45, 82, 0, 0, 0.06%, 9, 0, 11, 275.92
1733538849, 74, 55, 82, 0, 0, 0.06%, 9, 0, 11, 283.87
1733538859, 75, 11, 82, 0, 0, 0.06%, 9, 0, 11, 253.22
1733538864, 75, 13, 82, 0, 0, 0.06%, 9, 0, 11, 265.89
1733538869, 75, 15, 82, 0, 0, 0.06%, 9, 0, 11, 256.62
1733538879, 75, 18, 82, 0, 0, 0.06%, 9, 0, 11, 258.53
1733538884, 75, 19, 82, 0, 0, 0.06%, 9, 0, 11, 274.78
1733538889, 75, 20, 82, 0, 0, 0.06%, 9, 0, 11, 279.60
1733538894, 75, 33, 82, 0, 0, 0.06%, 9, 0, 11, 278.91
1733538899, 75, 42, 82, 0, 0, 0.06%, 9, 0, 11, 274.10
1733538909, 75, 75, 82, 0, 0, 0.06%, 9, 0, 11, 298.00
1733538920, 75, 78, 82, 0, 0, 0.06%, 9, 0, 11, 283.96
1733538925, 76, 11, 82, 0, 0, 0.06%, 9, 0, 11, 269.10
1733538930, 76, 13, 82, 0, 0, 0.06%, 9, 0, 11, 254.14
1733538935, 76, 15, 82, 0, 0, 0.06%, 9, 0, 11, 247.03
1733538940, 76, 18, 82, 0, 0, 0.06%, 9, 0, 11, 258.65
1733538945, 76, 19, 82, 0, 0, 0.06%, 9, 0, 11, 266.69
1733538950, 76, 20, 82, 0, 0, 0.06%, 9, 0, 11, 269.57
1733538955, 76, 31, 82, 0, 0, 0.06%, 9, 0, 11, 259.11
1733538965, 77, 12, 82, 0, 0, 0.06%, 9, 0, 11, 250.59
1733538970, 77, 14, 82, 0, 0, 0.06%, 9, 0, 11, 232.56
1733538975, 77, 15, 82, 0, 0, 0.06%, 9, 0, 11, 267.78
1733538981, 77, 17, 82, 0, 0, 0.06%, 9, 0, 11, 256.18
1733538986, 77, 18, 82, 0, 0, 0.06%, 9, 0, 11, 263.92
1733538991, 77, 19, 82, 0, 0, 0.06%, 9, 0, 11, 255.66
1733538996, 77, 20, 82, 0, 0, 0.06%, 9, 0, 11, 265.87
1733539001, 77, 23, 82, 0, 0, 0.06%, 9, 0, 11, 246.70
1733539006, 77, 24, 82, 0, 0, 0.06%, 9, 0, 11, 261.19
1733539011, 77, 26, 82, 0, 0, 0.06%, 9, 0, 11, 269.11
1733539016, 77, 29, 82, 0, 0, 0.06%, 9, 0, 11, 285.94
1733539021, 77, 30, 82, 0, 0, 0.06%, 9, 0, 11, 275.67
1733539026, 77, 36, 82, 0, 0, 0.06%, 9, 0, 11, 282.72
1733539031, 77, 44, 82, 0, 0, 0.06%, 9, 0, 11, 266.47
1733539036, 77, 57, 82, 0, 0, 0.06%, 9, 0, 11, 262.20
1733539042, 77, 67, 82, 0, 0, 0.06%, 9, 0, 11, 281.88
1733539047, 77, 71, 82, 0, 0, 0.06%, 9, 0, 11, 289.63
1733539057, 77, 73, 82, 0, 0, 0.06%, 9, 0, 11, 342.25
1733539067, 78, 11, 82, 0, 0, 0.06%, 9, 0, 11, 277.08
1733539072, 78, 13, 82, 0, 0, 0.06%, 9, 0, 11, 258.24
1733539077, 78, 15, 82, 0, 0, 0.06%, 9, 0, 11, 255.78
1733539087, 78, 17, 82, 0, 0, 0.06%, 9, 0, 11, 260.62
1733539092, 78, 18, 82, 0, 0, 0.06%, 9, 0, 11, 265.48
1733539097, 78, 19, 82, 0, 0, 0.06%, 9, 0, 11, 274.50
1733539102, 78, 20, 82, 0, 0, 0.06%, 9, 0, 11, 263.33
1733539108, 78, 31, 82, 0, 0, 0.06%, 9, 0, 11, 263.02
1733539113, 78, 46, 82, 0, 0, 0.06%, 9, 0, 11, 281.82
1733539118, 78, 72, 82, 0, 0, 0.06%, 9, 0, 11, 339.72
1733539133, 78, 75, 82, 0, 0, 0.06%, 9, 0, 11, 297.03
1733539138, 79, 1, 82, 0, 0, 0.06%, 9, 0, 11, 260.19
1733539143, 79, 12, 82, 0, 0, 0.06%, 9, 0, 11, 262.23
1733539148, 79, 14, 82, 0, 0, 0.06%, 9, 0, 11, 260.82
1733539153, 79, 15, 82, 0, 0, 0.06%, 9, 0, 11, 257.07
1733539158, 79, 18, 82, 0, 0, 0.06%, 9, 0, 11, 243.46
1733539163, 79, 19, 82, 0, 0, 0.06%, 9, 0, 11, 238.27
1733539168, 79, 20, 82, 0, 0, 0.06%, 9, 0, 11, 246.27
1733539173, 79, 23, 82, 0, 0, 0.06%, 9, 0, 11, 255.55
1733539178, 79, 60, 82, 0, 0, 0.06%, 9, 0, 11, 285.41
1733539183, 79, 74, 82, 0, 0, 0.06%, 9, 0, 11, 302.88
1733539194, 80, 12, 82, 0, 0, 0.06%, 9, 0, 11, 270.98
1733539199, 80, 13, 82, 0, 0, 0.06%, 9, 0, 11, 255.21
1733539204, 80, 15, 82, 0, 0, 0.06%, 9, 0, 11, 258.83
1733539209, 80, 18, 82, 0, 0, 0.06%, 9, 0, 11, 243.61
1733539214, 80, 19, 82, 0, 0, 0.06%, 9, 0, 11, 246.74
1733539219, 80, 20, 82, 0, 0, 0.06%, 9, 0, 11, 242.22
1733539224, 80, 38, 82, 0, 0, 0.06%, 9, 0, 11, 269.02
1733539229, 80, 41, 82, 0, 0, 0.06%, 9, 0, 11, 258.77
1733539234, 80, 71, 82, 0, 0, 0.06%, 9, 0, 11, 278.52
1733539244, 81, 11, 82, 0, 0, 0.06%, 9, 0, 11, 276.51
1733539249, 81, 13, 82, 0, 0, 0.06%, 9, 0, 11, 251.42
1733539254, 81, 15, 82, 0, 0, 0.06%, 9, 0, 11, 266.22
1733539260, 81, 18, 82, 0, 0, 0.06%, 9, 0, 11, 260.62
1733539265, 81, 19, 82, 0, 0, 0.06%, 9, 0, 11, 260.37
1733539270, 81, 20, 82, 0, 0, 0.06%, 9, 0, 11, 251.37
1733539275, 82, 5, 82, 0, 0, 0.06%, 9, 0, 11, 251.65
1733539280, 82, 12, 82, 0, 0, 0.06%, 9, 0, 11, 252.60
1733539285, 82, 13, 82, 0, 0, 0.06%, 9, 0, 11, 254.65
1733539290, 82, 15, 82, 0, 0, 0.06%, 9, 0, 11, 255.09
1733539295, 82, 18, 82, 0, 0, 0.06%, 9, 0, 11, 244.96
1733539300, 82, 19, 82, 0, 0, 0.06%, 9, 0, 11, 240.59
1733539305, 82, 20, 82, 0, 0, 0.06%, 9, 0, 11, 249.19
1733539310, 82, 25, 82, 0, 0, 0.06%, 9, 0, 11, 270.80
1733539315, 82, 32, 82, 0, 0, 0.06%, 9, 0, 11, 267.25
1733539320, 82, 48, 82, 0, 0, 0.06%, 9, 0, 11, 275.05
1733539326, 82, 49, 82, 0, 0, 0.06%, 9, 0, 11, 276.53
1733539331, 82, 57, 82, 0, 0, 0.06%, 9, 0, 11, 278.35
1733539341, 82, 80, 82, 0, 0, 0.06%, 9, 0, 11, 292.35
1733539371, 83, 12, 82, 0, 0, 0.06%, 9, 0, 11, 264.02
1733539377, 83, 14, 82, 0, 0, 0.06%, 9, 0, 11, 262.29
1733539382, 83, 15, 82, 0, 0, 0.06%, 9, 0, 11, 264.62
1733539387, 83, 18, 82, 0, 0, 0.06%, 9, 0, 11, 249.77
1733539392, 83, 19, 82, 0, 0, 0.06%, 9, 0, 11, 239.01
1733539397, 83, 20, 82, 0, 0, 0.06%, 9, 0, 11, 249.48
1733539402, 83, 21, 82, 0, 0, 0.06%, 9, 0, 11, 255.36
1733539407, 83, 58, 82, 0, 0, 0.06%, 9, 0, 11, 299.88
1733539412, 84, 11, 82, 0, 0, 0.06%, 9, 0, 11, 267.41
1733539417, 84, 13, 82, 0, 0, 0.06%, 9, 0, 11, 263.40
1733539422, 84, 15, 82, 0, 0, 0.06%, 9, 0, 11, 248.39
1733539427, 84, 16, 82, 0, 0, 0.06%, 9, 0, 11, 250.27
1733539433, 84, 18, 82, 0, 0, 0.06%, 9, 0, 11, 243.10
1733539438, 84, 19, 82, 0, 0, 0.06%, 9, 0, 11, 244.73
1733539443, 84, 20, 82, 0, 0, 0.06%, 9, 0, 11, 263.92
1733539448, 84, 29, 82, 0, 0, 0.06%, 9, 0, 11, 265.08
1733539458, 84, 37, 82, 0, 0, 0.06%, 9, 0, 11, 262.42
1733539463, 84, 38, 82, 0, 0, 0.06%, 9, 0, 11, 272.47
1733539468, 84, 50, 82, 0, 0, 0.06%, 9, 0, 11, 270.25
1733539473, 84, 67, 82, 0, 0, 0.06%, 9, 0, 11, 283.77
1733539478, 85, 11, 82, 0, 0, 0.06%, 9, 0, 11, 258.21
1733539483, 85, 13, 82, 0, 0, 0.06%, 9, 0, 11, 256.90
1733539488, 85, 15, 82, 0, 0, 0.06%, 9, 0, 11, 244.22
1733539493, 85, 18, 82, 0, 0, 0.06%, 9, 0, 11, 254.23
1733539498, 85, 19, 82, 0, 0, 0.06%, 9, 0, 11, 267.62
1733539503, 85, 20, 82, 0, 0, 0.06%, 9, 0, 11, 260.38
1733539514, 85, 21, 82, 0, 0, 0.06%, 9, 0, 11, 254.47
1733539519, 85, 30, 82, 0, 0, 0.06%, 9, 0, 11, 254.10
1733539524, 85, 32, 82, 0, 0, 0.06%, 9, 0, 11, 263.67
1733539529, 85, 33, 82, 0, 0, 0.06%, 9, 0, 11, 269.04
1733539534, 85, 35, 82, 0, 0, 0.06%, 9, 0, 11, 280.08
1733539539, 85, 39, 82, 0, 0, 0.06%, 9, 0, 11, 283.20
1733539544, 85, 40, 82, 0, 0, 0.06%, 9, 0, 11, 278.71
1733539549, 85, 55, 82, 0, 0, 0.06%, 9, 0, 11, 278.78
1733539554, 85, 60, 82, 0, 0, 0.06%, 9, 0, 11, 301.92
1733539559, 85, 72, 82, 0, 0, 0.06%, 9, 0, 11, 324.54
1733539564, 86, 11, 82, 0, 0, 0.06%, 9, 0, 11, 271.24
1733539569, 86, 12, 82, 0, 0, 0.06%, 9, 0, 11, 264.90
1733539574, 86, 15, 82, 0, 0, 0.06%, 9, 0, 11, 256.93
1733539585, 86, 18, 82, 0, 0, 0.06%, 9, 0, 11, 276.60
1733539590, 86, 19, 82, 0, 0, 0.06%, 9, 0, 11, 266.57
1733539595, 86, 20, 82, 0, 0, 0.06%, 9, 0, 11, 264.54
1733539600, 86, 32, 82, 0, 0, 0.06%, 9, 0, 11, 262.93
1733539605, 86, 36, 82, 0, 0, 0.06%, 9, 0, 11, 298.65
1733539610, 86, 43, 82, 0, 0, 0.06%, 9, 0, 11, 279.84
1733539615, 87, 12, 82, 0, 0, 0.06%, 9, 0, 11, 258.26
1733539620, 87, 13, 82, 0, 0, 0.06%, 9, 0, 11, 256.15
1733539625, 87, 15, 82, 0, 0, 0.06%, 9, 0, 11, 246.54
1733539630, 87, 18, 82, 0, 0, 0.06%, 9, 0, 11, 255.06
1733539635, 87, 19, 82, 0, 0, 0.06%, 9, 0, 11, 255.63
1733539641, 87, 20, 82, 0, 0, 0.06%, 9, 0, 11, 265.57
1733539646, 87, 24, 82, 0, 0, 0.06%, 9, 0, 11, 259.72
1733539651, 87, 36, 82, 0, 0, 0.06%, 9, 0, 11, 277.83
1733539656, 87, 40, 82, 0, 0, 0.06%, 9, 0, 11, 271.14
1733539661, 87, 64, 82, 0, 0, 0.06%, 9, 0, 11, 268.14
1733539666, 87, 81, 82, 0, 0, 0.06%, 9, 0, 11, 276.84
1733539696, 88, 5, 82, 0, 0, 0.06%, 9, 0, 11, 267.28
1733539701, 88, 12, 82, 0, 0, 0.06%, 9, 0, 11, 254.21
1733539706, 88, 14, 82, 0, 0, 0.06%, 9, 0, 11, 248.12
1733539711, 88, 15, 82, 0, 0, 0.06%, 9, 0, 11, 249.53
1733539716, 88, 18, 82, 0, 0, 0.06%, 9, 0, 11, 247.75
1733539722, 88, 19, 82, 0, 0, 0.06%, 9, 0, 11, 242.81
1733539727, 88, 20, 82, 0, 0, 0.06%, 9, 0, 11, 257.21
1733539732, 88, 24, 82, 0, 0, 0.06%, 9, 0, 11, 268.63
1733539737, 88, 32, 82, 0, 0, 0.06%, 9, 0, 11, 274.59
1733539742, 88, 45, 82, 0, 0, 0.06%, 9, 0, 11, 265.87
1733539747, 88, 58, 82, 0, 0, 0.06%, 9, 0, 11, 280.73
1733539752, 89, 5, 82, 0, 0, 0.06%, 9, 0, 11, 271.89
1733539757, 89, 12, 82, 0, 0, 0.06%, 9, 0, 11, 257.66
1733539762, 89, 14, 82, 0, 0, 0.06%, 9, 0, 11, 252.48
1733539767, 89, 15, 82, 0, 0, 0.06%, 9, 0, 11, 242.66
1733539772, 89, 18, 82, 0, 0, 0.06%, 9, 0, 11, 257.62
1733539777, 89, 19, 82, 0, 0, 0.06%, 9, 0, 11, 255.80
1733539782, 89, 20, 82, 0, 0, 0.06%, 9, 0, 11, 260.30
1733539788, 89, 21, 82, 0, 0, 0.06%, 9, 0, 11, 276.14
1733539793, 89, 31, 82, 0, 0, 0.06%, 9, 0, 11, 271.13
1733539798, 89, 38, 82, 0, 0, 0.06%, 9, 0, 11, 270.57
1733539803, 89, 42, 82, 0, 0, 0.06%, 9, 0, 11, 267.01
1733539808, 89, 47, 82, 0, 0, 0.06%, 9, 0, 11, 272.82
1733539813, 89, 54, 82, 0, 0, 0.06%, 9, 0, 11, 289.90
1733539828, 89, 55, 82, 0, 0, 0.06%, 9, 0, 11, 294.28
1733539833, 89, 59, 82, 0, 0, 0.06%, 9, 0, 11, 268.78
1733539843, 90, 12, 82, 0, 0, 0.06%, 9, 0, 11, 258.36
1733539848, 90, 14, 82, 0, 0, 0.06%, 9, 0, 11, 264.14
1733539853, 90, 15, 82, 0, 0, 0.06%, 9, 0, 11, 254.37
1733539858, 90, 18, 82, 0, 0, 0.06%, 9, 0, 11, 253.27
1733539863, 90, 19, 82, 0, 0, 0.06%, 9, 0, 11, 265.28
1733539868, 90, 20, 82, 0, 0, 0.06%, 9, 0, 11, 243.80
1733539873, 90, 37, 82, 0, 0, 0.06%, 9, 0, 11, 258.14
1733539879, 90, 68, 82, 0, 0, 0.06%, 9, 0, 11, 271.39
1733539884, 90, 72, 82, 0, 0, 0.06%, 9, 0, 11, 310.77
1733539894, 90, 77, 82, 0, 0, 0.06%, 9, 0, 11, 293.78
1733539899, 91, 5, 82, 0, 0, 0.06%, 9, 0, 11, 279.27
1733539904, 91, 12, 82, 0, 0, 0.06%, 9, 0, 11, 268.64
1733539909, 91, 14, 82, 0, 0, 0.06%, 9, 0, 11, 263.85
1733539914, 91, 15, 82, 0, 0, 0.06%, 9, 0, 11, 243.74
1733539919, 91, 18, 82, 0, 0, 0.06%, 9, 0, 11, 249.77
1733539924, 91, 19, 82, 0, 0, 0.06%, 9, 0, 11, 255.94
1733539929, 91, 20, 82, 0, 0, 0.06%, 9, 0, 11, 267.82
1733539934, 91, 55, 82, 0, 0, 0.06%, 9, 0, 11, 272.42
1733539940, 91, 71, 82, 0, 0, 0.06%, 9, 0, 11, 272.59
1733539950, 92, 11, 82, 0, 0, 0.06%, 9, 0, 11, 274.62
1733539955, 92, 13, 82, 0, 0, 0.06%, 9, 0, 11, 261.73
1733539960, 92, 15, 82, 0, 0, 0.06%, 9, 0, 11, 249.01
1733539965, 92, 18, 82, 0, 0, 0.06%, 9, 0, 11, 250.24
1733539970, 92, 19, 82, 0, 0, 0.06%, 9, 0, 11, 262.51
1733539975, 92, 20, 82, 0, 0, 0.06%, 9, 0, 11, 261.93
1733539980, 92, 25, 82, 0, 0, 0.06%, 9, 0, 11, 259.52
1733539990, 92, 37, 82, 0, 0, 0.06%, 9, 0, 11, 261.98
1733539995, 92, 58, 82, 0, 0, 0.06%, 9, 0, 11, 293.91
1733540001, 92, 72, 82, 0, 0, 0.06%, 9, 0, 11, 293.39
1733540006, 93, 11, 82, 0, 0, 0.06%, 9, 0, 11, 259.65
1733540011, 93, 13, 82, 0, 0, 0.06%, 9, 0, 11, 251.75
1733540016, 93, 14, 82, 0, 0, 0.06%, 9, 0, 11, 249.22
1733540021, 93, 15, 82, 0, 0, 0.06%, 9, 0, 11, 254.25
1733540026, 93, 18, 82, 0, 0, 0.06%, 9, 0, 11, 255.63
1733540031, 93, 19, 82, 0, 0, 0.06%, 9, 0, 11, 265.87
1733540036, 93, 20, 82, 0, 0, 0.06%, 9, 0, 11, 247.38
1733540041, 93, 24, 82, 0, 0, 0.06%, 9, 0, 11, 255.05
1733540046, 94, 11, 82, 0, 0, 0.06%, 9, 0, 11, 249.38
1733540051, 94, 13, 82, 0, 0, 0.06%, 9, 0, 11, 242.84
1733540057, 94, 15, 82, 0, 0, 0.06%, 9, 0, 11, 240.41
1733540062, 94, 18, 82, 0, 0, 0.06%, 9, 0, 11, 246.68
1733540067, 94, 19, 82, 0, 0, 0.06%, 9, 0, 11, 260.09
1733540077, 94, 20, 82, 0, 0, 0.06%, 9, 0, 11, 260.80
1733540082, 94, 46, 82, 0, 0, 0.06%, 9, 0, 11, 282.54
1733540087, 94, 68, 82, 0, 0, 0.06%, 9, 0, 11, 266.53
1733540092, 95, 12, 82, 0, 0, 0.06%, 9, 0, 11, 253.65
1733540097, 95, 14, 82, 0, 0, 0.06%, 9, 0, 11, 265.21
1733540102, 95, 15, 82, 0, 0, 0.06%, 9, 0, 11, 267.47
1733540107, 95, 18, 82, 0, 0, 0.06%, 9, 0, 11, 248.15
1733540112, 95, 19, 82, 0, 0, 0.06%, 9, 0, 11, 237.25
1733540117, 95, 20, 82, 0, 0, 0.06%, 9, 0, 11, 246.12
1733540122, 95, 79, 82, 0, 0, 0.06%, 9, 0, 11, 264.85
1733540133, 96, 12, 82, 0, 0, 0.06%, 9, 0, 11, 260.81
1733540138, 96, 14, 82, 0, 0, 0.06%, 9, 0, 11, 253.19
1733540143, 96, 15, 82, 0, 0, 0.06%, 9, 0, 11, 261.85
1733540148, 96, 18, 82, 0, 0, 0.06%, 9, 0, 11, 256.21
1733540153, 96, 19, 82, 0, 0, 0.06%, 9, 0, 11, 237.67
1733540158, 96, 20, 82, 0, 0, 0.06%, 9, 0, 11, 250.33
1733540163, 96, 28, 82, 0, 0, 0.06%, 9, 0, 11, 276.41
1733540168, 97, 11, 82, 0, 0, 0.06%, 9, 0, 11, 259.66
1733540173, 97, 13, 82, 0, 0, 0.06%, 9, 0, 11, 244.66
1733540178, 97, 15, 82, 0, 0, 0.06%, 9, 0, 11, 250.24
1733540184, 97, 18, 82, 0, 0, 0.06%, 9, 0, 11, 259.74
1733540194, 97, 19, 82, 0, 0, 0.06%, 9, 0, 11, 254.95
1733540199, 97, 20, 82, 0, 0, 0.06%, 9, 0, 11, 273.59
1733540204, 97, 43, 82, 0, 0, 0.06%, 9, 0, 11, 257.61
1733540209, 97, 53, 82, 0, 0, 0.06%, 9, 0, 11, 261.29
1733540214, 98, 11, 82, 0, 0, 0.06%, 9, 0, 11, 270.15
1733540219, 98, 13, 82, 0, 0, 0.06%, 9, 0, 11, 267.45
1733540224, 98, 15, 82, 0, 0, 0.06%, 9, 0, 11, 250.74
1733540234, 98, 18, 82, 0, 0, 0.06%, 9, 0, 11, 273.53
1733540239, 98, 19, 82, 0, 0, 0.06%, 9, 0, 11, 264.15
1733540244, 98, 20, 82, 0, 0, 0.06%, 9, 0, 11, 258.72
1733540249, 98, 25, 82, 0, 0, 0.06%, 9, 0, 11, 258.90
1733540255, 98, 52, 82, 0, 0, 0.06%, 9, 0, 11, 276.01
1733540260, 98, 54, 82, 0, 0, 0.06%, 9, 0, 11, 291.82
1733540265, 98, 69, 82, 0, 0, 0.06%, 9, 0, 11, 274.34
1733540270, 98, 77, 82, 0, 0, 0.06%, 9, 0, 11, 284.04
1733540280, 99, 12, 82, 0, 0, 0.06%, 9, 0, 11, 252.26
1733540285, 99, 14, 82, 0, 0, 0.06%, 9, 0, 11, 242.65
1733540290, 99, 15, 82, 0, 0, 0.06%, 9, 0, 11, 271.78
1733540295, 99, 18, 82, 0, 0, 0.06%, 9, 0, 11, 261.35
1733540300, 99, 19, 82, 0, 0, 0.06%, 9, 0, 11, 248.90
1733540305, 99, 20, 82, 0, 0, 0.06%, 9, 0, 11, 256.80
1733540310, 99, 46, 82, 0, 0, 0.06%, 9, 0, 11, 283.32
1733540315, 100, 11, 82, 0, 0, 0.06%, 9, 0, 11, 259.39
1733540320, 100, 13, 82, 0, 0, 0.06%, 9, 0, 11, 257.45
1733540325, 100, 15, 82, 0, 0, 0.06%, 9, 0, 11, 252.74
1733540335, 100, 18, 82, 0, 0, 0.06%, 9, 0, 11, 256.85
1733540341, 100, 19, 82, 0, 0, 0.06%, 9, 0, 11, 255.32
1733540346, 100, 20, 82, 0, 0, 0.06%, 9, 0, 11, 254.65
1733540351, 100, 46, 82, 0, 0, 0.06%, 9, 0, 11, 279.25
1733540356, 100, 69, 82, 0, 0, 0.06%, 9, 0, 11, 276.22
1733540361, 101, 12, 82, 0, 0, 0.06%, 9, 0, 11, 259.86
1733540366, 101, 14, 82, 0, 0, 0.06%, 9, 0, 11, 257.71
1733540371, 101, 15, 82, 0, 0, 0.06%, 9, 0, 11, 255.04
1733540376, 101, 18, 82, 0, 0, 0.06%, 9, 0, 11, 249.82
1733540381, 101, 19, 82, 0, 0, 0.06%, 9, 0, 11, 247.07
1733540386, 101, 20, 82, 0, 0, 0.06%, 9, 0, 11, 253.58
1733540392, 101, 23, 82, 0, 0, 0.06%, 9, 0, 11, 262.62
1733540397, 101, 75, 82, 0, 0, 0.06%, 9, 0, 11, 254.82
1733540407, 101, 77, 82, 0, 0, 0.06%, 9, 0, 11, 287.70
1733540412, 102, 11, 82, 0, 0, 0.06%, 9, 0, 11, 281.44
1733540417, 102, 12, 82, 0, 0, 0.06%, 9, 0, 11, 257.67
1733540422, 102, 14, 82, 0, 0, 0.06%, 9, 0, 11, 242.17
1733540427, 102, 15, 82, 0, 0, 0.06%, 9, 0, 11, 266.97
1733540432, 102, 18, 82, 0, 0, 0.06%, 9, 0, 11, 273.31
1733540437, 102, 19, 82, 0, 0, 0.06%, 9, 0, 11, 248.57
1733540442, 102, 20, 82, 0, 0, 0.06%, 9, 0, 11, 253.13
1733540447, 102, 43, 82, 0, 0, 0.06%, 9, 0, 11, 266.66
1733540453, 103, 12, 82, 0, 0, 0.06%, 9, 0, 11, 254.76
1733540458, 103, 13, 82, 0, 0, 0.06%, 9, 0, 11, 253.69
1733540463, 103, 15, 82, 0, 0, 0.06%, 9, 0, 11, 241.50
1733540468, 103, 18, 82, 0, 0, 0.06%, 9, 0, 11, 243.65
1733540473, 103, 19, 82, 0, 0, 0.06%, 9, 0, 11, 247.72
1733540478, 103, 20, 82, 0, 0, 0.06%, 9, 0, 11, 253.14
1733540483, 103, 22, 82, 0, 0, 0.06%, 9, 0, 11, 265.27
1733540488, 103, 24, 82, 0, 0, 0.06%, 9, 0, 11, 259.53
1733540493, 103, 44, 82, 0, 0, 0.06%, 9, 0, 11, 270.10
1733540498, 103, 53, 82, 0, 0, 0.06%, 9, 0, 11, 259.84
1733540508, 103, 61, 82, 0, 0, 0.06%, 9, 0, 11, 255.77
1733540519, 104, 11, 82, 0, 0, 0.06%, 9, 0, 11, 263.05
1733540524, 104, 13, 82, 0, 0, 0.06%, 9, 0, 11, 259.80
1733540529, 104, 15, 82, 0, 0, 0.06%, 9, 0, 11, 243.77
1733540534, 104, 18, 82, 0, 0, 0.06%, 9, 0, 11, 263.46
1733540539, 104, 19, 82, 0, 0, 0.06%, 9, 0, 11, 259.71
1733540544, 104, 20, 82, 0, 0, 0.06%, 9, 0, 11, 254.65
1733540549, 104, 23, 82, 0, 0, 0.06%, 9, 0, 11, 259.10
1733540554, 104, 37, 82, 0, 0, 0.06%, 9, 0, 11, 253.34
1733540559, 105, 11, 82, 0, 0, 0.06%, 9, 0, 11, 256.05
1733540565, 105, 13, 82, 0, 0, 0.06%, 9, 0, 11, 256.31
1733540570, 105, 15, 82, 0, 0, 0.06%, 9, 0, 11, 255.15
1733540575, 105, 18, 82, 0, 0, 0.06%, 9, 0, 11, 257.80
1733540580, 105, 19, 82, 0, 0, 0.06%, 9, 0, 11, 262.28
1733540585, 105, 20, 82, 0, 0, 0.06%, 9, 0, 11, 253.64
1733540590, 105, 30, 82, 0, 0, 0.06%, 9, 0, 11, 286.18
1733540595, 105, 77, 82, 0, 0, 0.06%, 9, 0, 11, 287.01
1733540606, 106, 11, 82, 0, 0, 0.06%, 9, 0, 11, 252.02
1733540611, 106, 13, 82, 0, 0, 0.06%, 9, 0, 11, 257.35
1733540616, 106, 15, 82, 0, 0, 0.06%, 9, 0, 11, 248.89
1733540621, 106, 18, 82, 0, 0, 0.06%, 9, 0, 11, 256.01
1733540631, 106, 20, 82, 0, 0, 0.06%, 9, 0, 11, 270.55
1733540641, 106, 77, 82, 0, 0, 0.06%, 9, 0, 11, 286.61
1733540651, 107, 11, 82, 0, 0, 0.06%, 9, 0, 11, 263.52
1733540656, 107, 13, 82, 0, 0, 0.06%, 9, 0, 11, 250.27
1733540661, 107, 15, 82, 0, 0, 0.06%, 9, 0, 11, 255.74
1733540666, 107, 18, 82, 0, 0, 0.06%, 9, 0, 11, 266.24
1733540671, 107, 19, 82, 0, 0, 0.06%, 9, 0, 11, 260.90
1733540682, 107, 20, 82, 0, 0, 0.06%, 9, 0, 11, 270.55
1733540687, 107, 23, 82, 0, 0, 0.06%, 9, 0, 11, 255.83
1733540692, 107, 50, 82, 0, 0, 0.06%, 9, 0, 11, 260.19
1733540697, 107, 51, 82, 0, 0, 0.06%, 9, 0, 11, 299.12
1733540707, 108, 12, 82, 0, 0, 0.06%, 9, 0, 11, 258.84
1733540712, 108, 14, 82, 0, 0, 0.06%, 9, 0, 11, 255.65
1733540718, 108, 15, 82, 0, 0, 0.06%, 9, 0, 11, 258.41
1733540723, 108, 18, 82, 0, 0, 0.06%, 9, 0, 11, 253.45
1733540728, 108, 19, 82, 0, 0, 0.06%, 9, 0, 11, 253.49
1733540733, 108, 20, 82, 0, 0, 0.06%, 9, 0, 11, 254.18
1733540738, 108, 40, 82, 0, 0, 0.06%, 9, 0, 11, 273.14
1733540743, 109, 11, 82, 0, 0, 0.06%, 9, 0, 11, 262.46
1733540748, 109, 12, 82, 0, 0, 0.06%, 9, 0, 11, 271.57
1733540753, 109, 15, 82, 0, 0, 0.06%, 9, 0, 11, 256.25
1733540763, 109, 18, 82, 0, 0, 0.06%, 9, 0, 11, 258.98
1733540768, 109, 19, 82, 0, 0, 0.06%, 9, 0, 11, 266.85
1733540774, 109, 20, 82, 0, 0, 0.06%, 9, 0, 11, 265.65
1733540779, 109, 26, 82, 0, 0, 0.06%, 9, 0, 11, 281.79
1733540784, 109, 27, 82, 0, 0, 0.06%, 9, 0, 11, 270.44
1733540789, 109, 31, 82, 0, 0, 0.06%, 9, 0, 11, 265.64
1733540794, 109, 43, 82, 0, 0, 0.06%, 9, 0, 11, 265.04
1733540799, 109, 81, 82, 0, 0, 0.06%, 9, 0, 11, 276.83
1733540829, 110, 12, 82, 0, 0, 0.06%, 9, 0, 11, 247.03
1733540835, 110, 13, 82, 0, 0, 0.06%, 9, 0, 11, 258.02
1733540840, 110, 15, 82, 0, 0, 0.06%, 9, 0, 11, 254.59
1733540845, 110, 18, 82, 0, 0, 0.06%, 9, 0, 11, 250.57
1733540850, 110, 19, 82, 0, 0, 0.06%, 9, 0, 11, 258.03
1733540855, 110, 20, 82, 0, 0, 0.06%, 9, 0, 11, 252.50
1733540860, 110, 35, 82, 0, 0, 0.06%, 9, 0, 11, 277.28
1733540865, 110, 75, 82, 0, 0, 0.06%, 9, 0, 11, 290.89
1733540875, 111, 11, 82, 0, 0, 0.06%, 9, 0, 11, 266.07
1733540880, 111, 13, 82, 0, 0, 0.06%, 9, 0, 11, 248.19
1733540885, 111, 15, 82, 0, 0, 0.06%, 9, 0, 11, 245.03
1733540890, 111, 18, 82, 0, 0, 0.06%, 9, 0, 11, 247.46
1733540895, 111, 19, 82, 0, 0, 0.06%, 9, 0, 11, 254.37
1733540901, 111, 20, 82, 0, 0, 0.06%, 9, 0, 11, 260.06
1733540906, 111, 39, 82, 0, 0, 0.06%, 9, 0, 11, 286.43
1733540911, 111, 49, 82, 0, 0, 0.06%, 9, 0, 11, 300.41
1733540916, 112, 11, 82, 0, 0, 0.06%, 9, 0, 11, 278.40
1733540921, 112, 13, 82, 0, 0, 0.06%, 9, 0, 11, 264.91
1733540926, 112, 15, 82, 0, 0, 0.06%, 9, 0, 11, 253.66
1733540931, 112, 16, 82, 0, 0, 0.06%, 9, 0, 11, 270.43
1733540936, 112, 18, 82, 0, 0, 0.06%, 9, 0, 11, 269.02
1733540946, 112, 19, 82, 0, 0, 0.06%, 9, 0, 11, 257.26
1733540951, 112, 20, 82, 0, 0, 0.06%, 9, 0, 11, 256.36
1733540956, 112, 62, 82, 0, 0, 0.06%, 9, 0, 11, 257.83
1733540961, 113, 12, 82, 0, 0, 0.06%, 9, 0, 11, 259.15
1733540966, 113, 14, 82, 0, 0, 0.06%, 9, 0, 11, 265.48
1733540971, 113, 15, 82, 0, 0, 0.06%, 9, 0, 11, 247.23
1733540977, 113, 18, 82, 0, 0, 0.06%, 9, 0, 11, 245.89
1733540982, 113, 19, 82, 0, 0, 0.06%, 9, 0, 11, 246.45
1733540987, 113, 20, 82, 0, 0, 0.06%, 9, 0, 11, 255.35
1733540992, 113, 28, 82, 0, 0, 0.06%, 9, 0, 11, 263.39
1733540997, 113, 72, 82, 0, 0, 0.06%, 9, 0, 11, 300.18
1733541007, 114, 11, 82, 0, 0, 0.06%, 9, 0, 11, 254.54
1733541012, 114, 13, 82, 0, 0, 0.06%, 9, 0, 11, 257.37
1733541017, 114, 15, 82, 0, 0, 0.06%, 9, 0, 11, 255.27
1733541022, 114, 18, 82, 0, 0, 0.06%, 9, 0, 11, 257.91
1733541027, 114, 19, 82, 0, 0, 0.06%, 9, 0, 11, 256.45
1733541032, 114, 20, 82, 0, 0, 0.06%, 9, 0, 11, 261.39
1733541038, 114, 24, 82, 0, 0, 0.06%, 9, 0, 11, 271.91
1733541048, 114, 33, 82, 0, 0, 0.06%, 9, 0, 11, 272.69
1733541053, 114, 78, 82, 0, 0, 0.06%, 9, 0, 11, 279.66
1733541058, 115, 11, 82, 0, 0, 0.06%, 9, 0, 11, 270.41
1733541063, 115, 13, 82, 0, 0, 0.06%, 9, 0, 11, 265.45
1733541068, 115, 15, 82, 0, 0, 0.06%, 9, 0, 11, 248.32
1733541073, 115, 18, 82, 0, 0, 0.06%, 9, 0, 11, 246.82
1733541078, 115, 19, 82, 0, 0, 0.06%, 9, 0, 11, 256.04
1733541083, 115, 20, 82, 0, 0, 0.06%, 9, 0, 11, 251.33
1733541088, 115, 24, 82, 0, 0, 0.06%, 9, 0, 11, 255.97
1733541093, 115, 28, 82, 0, 0, 0.06%, 9, 0, 11, 268.67
1733541098, 115, 64, 82, 0, 0, 0.06%, 9, 0, 11, 272.50
1733541103, 115, 78, 82, 0, 0, 0.06%, 9, 0, 11, 289.81
1733541114, 115, 81, 82, 0, 0, 0.06%, 9, 0, 11, 289.86
1733541144, 116, 7, 82, 0, 0, 0.06%, 9, 0, 11, 270.28
1733541149, 116, 12, 82, 0, 0, 0.06%, 9, 0, 11, 263.97
1733541154, 116, 14, 82, 0, 0, 0.06%, 9, 0, 11, 258.20
1733541159, 116, 15, 82, 0, 0, 0.06%, 9, 0, 11, 241.45
1733541164, 116, 18, 82, 0, 0, 0.06%, 9, 0, 11, 260.58
1733541170, 116, 19, 82, 0, 0, 0.06%, 9, 0, 11, 251.38
1733541175, 116, 20, 82, 0, 0, 0.06%, 9, 0, 11, 258.41
1733541180, 116, 56, 82, 0, 0, 0.06%, 9, 0, 11, 288.74
1733541185, 116, 61, 82, 0, 0, 0.06%, 9, 0, 11, 277.39
1733541190, 116, 70, 82, 0, 0, 0.06%, 9, 0, 11, 295.25
1733541200, 116, 72, 82, 0, 0, 0.06%, 9, 0, 11, 288.06
1733541205, 117, 11, 82, 0, 0, 0.06%, 9, 0, 11, 272.57
1733541210, 117, 13, 82, 0, 0, 0.06%, 9, 0, 11, 258.57
1733541215, 117, 15, 82, 0, 0, 0.06%, 9, 0, 11, 258.10
1733541221, 117, 18, 82, 0, 0, 0.06%, 9, 0, 11, 260.43
1733541226, 117, 19, 82, 0, 0, 0.06%, 9, 0, 11, 256.25
1733541231, 117, 20, 82, 0, 0, 0.06%, 9, 0, 11, 266.44
1733541241, 117, 29, 82, 0, 0, 0.06%, 9, 0, 11, 283.07
1733541246, 117, 46, 82, 0, 0, 0.06%, 9, 0, 11, 262.53
1733541251, 117, 57, 82, 0, 0, 0.06%, 9, 0, 11, 255.03
1733541256, 117, 69, 82, 0, 0, 0.06%, 9, 0, 11, 267.74
1733541261, 117, 81, 82, 0, 0, 0.06%, 9, 0, 11, 279.19
1733541291, 118, 11, 82, 0, 0, 0.06%, 9, 0, 11, 277.05
1733541297, 118, 12, 82, 0, 0, 0.06%, 9, 0, 11, 252.31
1733541302, 118, 14, 82, 0, 0, 0.06%, 9, 0, 11, 262.79
1733541307, 118, 15, 82, 0, 0, 0.06%, 9, 0, 11, 253.68
1733541312, 118, 18, 82, 0, 0, 0.06%, 9, 0, 11, 275.51
1733541317, 118, 19, 82, 0, 0, 0.06%, 9, 0, 11, 267.38
1733541322, 118, 20, 82, 0, 0, 0.06%, 9, 0, 11, 254.94
1733541327, 118, 23, 82, 0, 0, 0.06%, 9, 0, 11, 255.63
1733541332, 118, 41, 82, 0, 0, 0.06%, 9, 0, 11, 279.06
1733541337, 118, 52, 82, 0, 0, 0.06%, 9, 0, 11, 272.70
1733541342, 119, 11, 82, 0, 0, 0.06%, 9, 0, 11, 259.25
1733541347, 119, 13, 82, 0, 0, 0.06%, 9, 0, 11, 262.76
1733541352, 119, 15, 82, 0, 0, 0.06%, 9, 0, 11, 247.34
1733541357, 119, 18, 82, 0, 0, 0.06%, 9, 0, 11, 254.73
1733541363, 119, 19, 82, 0, 0, 0.06%, 9, 0, 11, 253.81
1733541373, 119, 20, 82, 0, 0, 0.06%, 9, 0, 11, 268.98
1733541378, 119, 50, 82, 0, 0, 0.06%, 9, 0, 11, 280.71
1733541383, 120, 12, 82, 0, 0, 0.06%, 9, 0, 11, 264.90
1733541388, 120, 14, 82, 0, 0, 0.06%, 9, 0, 11, 262.46
1733541393, 120, 15, 82, 0, 0, 0.06%, 9, 0, 11, 259.06
1733541398, 120, 18, 82, 0, 0, 0.06%, 9, 0, 11, 258.89
1733541403, 120, 19, 82, 0, 0, 0.06%, 9, 0, 11, 255.32
1733541408, 120, 20, 82, 0, 0, 0.06%, 9, 0, 11, 243.80
1733541413, 120, 34, 82, 0, 0, 0.06%, 9, 0, 11, 268.76
1733541419, 120, 56, 82, 0, 0, 0.06%, 9, 0, 11, 314.51
1733541424, 121, 11, 82, 0, 0, 0.06%, 9, 0, 11, 281.52
1733541429, 121, 13, 82, 0, 0, 0.06%, 9, 0, 11, 254.38
1733541434, 121, 15, 82, 0, 0, 0.06%, 9, 0, 11, 247.25
1733541439, 121, 18, 82, 0, 0, 0.06%, 9, 0, 11, 265.19
1733541444, 121, 19, 82, 0, 0, 0.06%, 9, 0, 11, 271.46
1733541454, 121, 20, 82, 0, 0, 0.06%, 9, 0, 11, 288.18
1733541459, 121, 32, 82, 0, 0, 0.06%, 9, 0, 11, 283.55
1733541464, 121, 61, 82, 0, 0, 0.06%, 9, 0, 11, 274.24
1733541469, 121, 74, 82, 0, 0, 0.06%, 9, 0, 11, 283.47
1733541474, 122, 11, 82, 0, 0, 0.06%, 9, 0, 11, 257.50
1733541479, 122, 13, 82, 0, 0, 0.06%, 9, 0, 11, 251.05
1733541484, 122, 15, 82, 0, 0, 0.06%, 9, 0, 11, 258.68
1733541490, 122, 18, 82, 0, 0, 0.06%, 9, 0, 11, 268.17
1733541495, 122, 19, 82, 0, 0, 0.06%, 9, 0, 11, 270.34
1733541500, 122, 20, 82, 0, 0, 0.06%, 9, 0, 11, 265.07
1733541510, 122, 23, 82, 0, 0, 0.06%, 9, 0, 11, 263.69
1733541515, 122, 50, 82, 0, 0, 0.06%, 9, 0, 11, 282.05
1733541520, 123, 8, 82, 0, 0, 0.06%, 9, 0, 11, 281.39
1733541525, 123, 12, 82, 0, 0, 0.06%, 9, 0, 11, 257.84
1733541530, 123, 14, 82, 0, 0, 0.06%, 9, 0, 11, 253.46
1733541535, 123, 15, 82, 0, 0, 0.06%, 9, 0, 11, 246.78
1733541540, 123, 18, 82, 0, 0, 0.06%, 9, 0, 11, 266.06
1733541545, 123, 19, 82, 0, 0, 0.06%, 9, 0, 11, 256.98
1733541550, 123, 20, 82, 0, 0, 0.06%, 9, 0, 11, 253.45
1733541555, 123, 63, 82, 0, 0, 0.06%, 9, 0, 11, 267.12
1733541561, 124, 8, 82, 0, 0, 0.06%, 9, 0, 11, 255.88
1733541566, 124, 12, 82, 0, 0, 0.06%, 9, 0, 11, 257.53
1733541571, 124, 14, 82, 0, 0, 0.06%, 9, 0, 11, 241.33
1733541576, 124, 15, 82, 0, 0, 0.06%, 9, 0, 11, 244.14
1733541581, 124, 18, 82, 0, 0, 0.06%, 9, 0, 11, 255.70
1733541586, 124, 19, 82, 0, 0, 0.06%, 9, 0, 11, 259.14
1733541591, 124, 20, 82, 0, 0, 0.06%, 9, 0, 11, 252.92
1733541596, 124, 51, 82, 0, 0, 0.06%, 9, 0, 11, 292.74
1733541601, 124, 67, 82, 0, 0, 0.06%, 9, 0, 11, 282.20
1733541606, 124, 71, 82, 0, 0, 0.06%, 9, 0, 11, 269.82
1733541616, 124, 75, 82, 0, 0, 0.06%, 9, 0, 11, 298.15
1733541621, 125, 11, 82, 0, 0, 0.06%, 9, 0, 11, 279.97
1733541626, 125, 13, 82, 0, 0, 0.06%, 9, 0, 11, 262.75
1733541632, 125, 15, 82, 0, 0, 0.06%, 9, 0, 11, 271.84
1733541642, 125, 18, 82, 0, 0, 0.06%, 9, 0, 11, 255.64
1733541647, 125, 19, 82, 0, 0, 0.06%, 9, 0, 11, 270.55
1733541652, 125, 20, 82, 0, 0, 0.06%, 9, 0, 11, 280.36
1733541657, 125, 77, 82, 0, 0, 0.06%, 9, 0, 11, 298.97
1733541662, 125, 78, 82, 0, 0, 0.06%, 9, 0, 11, 311.70
1733541672, 126, 12, 82, 0, 0, 0.06%, 9, 0, 11, 259.33
1733541677, 126, 14, 82, 0, 0, 0.06%, 9, 0, 11, 251.16
1733541682, 126, 15, 82, 0, 0, 0.06%, 9, 0, 11, 258.64
1733541687, 126, 18, 82, 0, 0, 0.06%, 9, 0, 11, 252.94
1733541692, 126, 19, 82, 0, 0, 0.06%, 9, 0, 11, 251.54
1733541697, 126, 20, 82, 0, 0, 0.06%, 9, 0, 11, 242.90
1733541703, 126, 36, 82, 0, 0, 0.06%, 9, 0, 11, 290.54
1733541708, 126, 80, 82, 0, 0, 0.06%, 9, 0, 11, 288.01
1733541743, 127, 12, 82, 0, 0, 0.06%, 9, 0, 11, 255.79
1733541748, 127, 14, 82, 0, 0, 0.06%, 9, 0, 11, 254.67
1733541753, 127, 15, 82, 0, 0, 0.06%, 9, 0, 11, 256.57
1733541758, 127, 18, 82, 0, 0, 0.06%, 9, 0, 11, 258.27
1733541763, 127, 19, 82, 0, 0, 0.06%, 9, 0, 11, 243.61
1733541768, 127, 20, 82, 0, 0, 0.06%, 9, 0, 11, 242.95
1733541773, 127, 48, 82, 0, 0, 0.06%, 9, 0, 11, 272.07
1733541779, 127, 49, 82, 0, 0, 0.06%, 9, 0, 11, 295.58
1733541784, 127, 64, 82, 0, 0, 0.06%, 9, 0, 11, 282.48
1733541789, 127, 80, 82, 0, 0, 0.06%, 9, 0, 11, 294.60
1733541824, 128, 12, 82, 0, 0, 0.06%, 9, 0, 11, 259.63
1733541829, 128, 13, 82, 0, 0, 0.06%, 9, 0, 11, 255.22
1733541834, 128, 15, 82, 0, 0, 0.06%, 9, 0, 11, 243.89
1733541839, 128, 16, 82, 0, 0, 0.06%, 9, 0, 11, 252.73
1733541844, 128, 18, 82, 0, 0, 0.06%, 9, 0, 11, 255.14
1733541849, 128, 19, 82, 0, 0, 0.06%, 9, 0, 11, 257.16
1733541854, 128, 20, 82, 0, 0, 0.06%, 9, 0, 11, 255.96
1733541860, 128, 28, 82, 0, 0, 0.06%, 9, 0, 11, 275.94
1733541865, 128, 74, 82, 0, 0, 0.06%, 9, 0, 11, 287.08
1733541875, 128, 78, 82, 0, 0, 0.06%, 9, 0, 11, 311.48
1733541880, 129, 11, 82, 0, 0, 0.06%, 9, 0, 11, 269.29
1733541885, 129, 13, 82, 0, 0, 0.06%, 9, 0, 11, 267.15
1733541890, 129, 15, 82, 0, 0, 0.06%, 9, 0, 11, 265.75
1733541900, 129, 18, 82, 0, 0, 0.06%, 9, 0, 11, 266.71
1733541905, 129, 19, 82, 0, 0, 0.06%, 9, 0, 11, 266.57
1733541910, 129, 20, 82, 0, 0, 0.06%, 9, 0, 11, 250.55
1733541915, 129, 22, 82, 0, 0, 0.06%, 9, 0, 11, 254.57
1733541921, 129, 29, 82, 0, 0, 0.06%, 9, 0, 11, 269.24
1733541926, 129, 51, 82, 0, 0, 0.06%, 9, 0, 11, 280.56
1733541931, 130, 11, 82, 0, 0, 0.06%, 9, 0, 11, 264.01
1733541936, 130, 13, 82, 0, 0, 0.06%, 9, 0, 11, 258.40
1733541941, 130, 15, 82, 0, 0, 0.06%, 9, 0, 11, 252.53
1733541946, 130, 18, 82, 0, 0, 0.06%, 9, 0, 11, 252.89
1733541951, 130, 19, 82, 0, 0, 0.06%, 9, 0, 11, 261.91
1733541956, 130, 20, 82, 0, 0, 0.06%, 9, 0, 11, 254.16
1733541961, 130, 23, 82, 0, 0, 0.06%, 9, 0, 11, 252.07
1733541966, 130, 37, 82, 0, 0, 0.06%, 9, 0, 11, 246.33
1733541977, 130, 39, 82, 0, 0, 0.06%, 9, 0, 11, 266.95
1733541982, 130, 76, 82, 0, 0, 0.06%, 9, 0, 11, 280.14
1733541987, 131, 11, 82, 0, 0, 0.06%, 9, 0, 11, 266.85
1733541992, 131, 13, 82, 0, 0, 0.06%, 9, 0, 11, 257.84
1733541997, 131, 15, 82, 0, 0, 0.06%, 9, 0, 11, 245.63
1733542007, 131, 18, 82, 0, 0, 0.06%, 9, 0, 11, 262.64
1733542012, 131, 19, 82, 0, 0, 0.06%, 9, 0, 11, 262.27
1733542017, 131, 20, 82, 0, 0, 0.06%, 9, 0, 11, 261.18
1733542022, 131, 26, 82, 0, 0, 0.06%, 9, 0, 11, 259.99
1733542027, 131, 35, 82, 0, 0, 0.06%, 9, 0, 11, 262.26
1733542032, 131, 53, 82, 0, 0, 0.06%, 9, 0, 11, 270.66
1733542043, 132, 11, 82, 0, 0, 0.06%, 9, 0, 11, 268.23
1733542048, 132, 12, 82, 0, 0, 0.06%, 9, 0, 11, 258.60
1733542053, 132, 15, 82, 0, 0, 0.06%, 9, 0, 11, 255.51
1733542063, 132, 18, 82, 0, 0, 0.06%, 9, 0, 11, 265.78
1733542068, 132, 19, 82, 0, 0, 0.06%, 9, 0, 11, 271.93
1733542073, 132, 20, 82, 0, 0, 0.06%, 9, 0, 11, 268.00
1733542078, 132, 67, 82, 0, 0, 0.06%, 9, 0, 11, 279.04
1733542083, 133, 12, 82, 0, 0, 0.06%, 9, 0, 11, 263.92
1733542088, 133, 13, 82, 0, 0, 0.06%, 9, 0, 11, 256.61
1733542093, 133, 15, 82, 0, 0, 0.06%, 9, 0, 11, 242.62
1733542098, 133, 18, 82, 0, 0, 0.06%, 9, 0, 11, 258.46
1733542103, 133, 19, 82, 0, 0, 0.06%, 9, 0, 11, 254.61
1733542109, 133, 20, 82, 0, 0, 0.06%, 9, 0, 11, 259.48
1733542114, 133, 21, 82, 0, 0, 0.06%, 9, 0, 11, 260.26
1733542124, 133, 32, 82, 0, 0, 0.06%, 9, 0, 11, 274.75
1733542129, 133, 60, 82, 0, 0, 0.06%, 9, 0, 11, 281.02
1733542134, 134, 12, 82, 0, 0, 0.06%, 9, 0, 11, 251.86
1733542139, 134, 14, 82, 0, 0, 0.06%, 9, 0, 11, 252.22
1733542144, 134, 15, 82, 0, 0, 0.06%, 9, 0, 11, 258.21
1733542149, 134, 18, 82, 0, 0, 0.06%, 9, 0, 11, 250.02
1733542154, 134, 19, 82, 0, 0, 0.06%, 9, 0, 11, 248.34
1733542159, 134, 20, 82, 0, 0, 0.06%, 9, 0, 11, 253.89
1733542164, 134, 39, 82, 0, 0, 0.06%, 9, 0, 11, 272.45
1733542169, 134, 43, 82, 0, 0, 0.06%, 9, 0, 11, 280.22
1733542174, 134, 51, 82, 0, 0, 0.06%, 9, 0, 11, 286.64
1733542179, 134, 78, 82, 0, 0, 0.06%, 9, 0, 11, 322.64
1733542189, 135, 12, 82, 0, 0, 0.06%, 9, 0, 11, 264.77
1733542194, 135, 14, 82, 0, 0, 0.06%, 9, 0, 11, 264.92
1733542199, 135, 15, 82, 0, 0, 0.06%, 9, 0, 11, 238.97
1733542205, 135, 18, 82, 0, 0, 0.06%, 9, 0, 11, 255.40
1733542210, 135, 19, 82, 0, 0, 0.06%, 9, 0, 11, 257.09
1733542215, 135, 20, 82, 0, 0, 0.06%, 9, 0, 11, 258.17
1733542220, 135, 28, 82, 0, 0, 0.06%, 9, 0, 11, 270.62
1733542225, 135, 80, 82, 0, 0, 0.06%, 9, 0, 11, 282.18
1733542261, 136, 12, 82, 0, 0, 0.06%, 9, 0, 11, 247.13
1733542266, 136, 14, 82, 0, 0, 0.06%, 9, 0, 11, 253.41
1733542271, 136, 15, 82, 0, 0, 0.06%, 9, 0, 11, 259.24
1733542276, 136, 18, 82, 0, 0, 0.06%, 9, 0, 11, 240.53
1733542281, 136, 19, 82, 0, 0, 0.06%, 9, 0, 11, 253.64
1733542286, 136, 20, 82, 0, 0, 0.06%, 9, 0, 11, 260.24
1733542291, 136, 32, 82, 0, 0, 0.06%, 9, 0, 11, 271.86
1733542296, 136, 35, 82, 0, 0, 0.06%, 9, 0, 11, 266.47
1733542301, 137, 2, 82, 0, 0, 0.06%, 9, 0, 11, 266.33
1733542306, 137, 12, 82, 0, 0, 0.06%, 9, 0, 11, 259.51
1733542311, 137, 14, 82, 0, 0, 0.06%, 9, 0, 11, 253.17
1733542316, 137, 15, 82, 0, 0, 0.06%, 9, 0, 11, 260.35
1733542321, 137, 18, 82, 0, 0, 0.06%, 9, 0, 11, 257.26
1733542326, 137, 19, 82, 0, 0, 0.06%, 9, 0, 11, 247.58
1733542332, 137, 20, 82, 0, 0, 0.06%, 9, 0, 11, 240.78
1733542337, 137, 38, 82, 0, 0, 0.06%, 9, 0, 11, 277.91
1733542342, 137, 68, 82, 0, 0, 0.06%, 9, 0, 11, 278.50
1733542347, 138, 11, 82, 0, 0, 0.06%, 9, 0, 11, 272.61
1733542352, 138, 13, 82, 0, 0, 0.06%, 9, 0, 11, 256.46
1733542357, 138, 15, 82, 0, 0, 0.06%, 9, 0, 11, 252.82
1733542367, 138, 18, 82, 0, 0, 0.06%, 9, 0, 11, 267.62
1733542372, 138, 19, 82, 0, 0, 0.06%, 9, 0, 11, 257.08
1733542377, 138, 20, 82, 0, 0, 0.06%, 9, 0, 11, 251.74
1733542382, 138, 22, 82, 0, 0, 0.06%, 9, 0, 11, 268.86
1733542387, 138, 59, 82, 0, 0, 0.06%, 9, 0, 11, 254.52
1733542392, 139, 10, 82, 0, 0, 0.06%, 9, 0, 11, 261.18
1733542397, 139, 12, 82, 0, 0, 0.06%, 9, 0, 11, 246.71
1733542403, 139, 14, 82, 0, 0, 0.06%, 9, 0, 11, 244.95
1733542408, 139, 15, 82, 0, 0, 0.06%, 9, 0, 11, 249.72
1733542413, 139, 18, 82, 0, 0, 0.06%, 9, 0, 11, 246.03
1733542418, 139, 19, 82, 0, 0, 0.06%, 9, 0, 11, 246.72
1733542423, 139, 20, 82, 0, 0, 0.06%, 9, 0, 11, 243.28
1733542428, 139, 35, 82, 0, 0, 0.06%, 9, 0, 11, 277.64
1733542433, 139, 81, 82, 0, 0, 0.06%, 9, 0, 11, 276.86
1733542464, 140, 11, 82, 0, 0, 0.06%, 9, 0, 11, 266.75
1733542469, 140, 13, 82, 0, 0, 0.06%, 9, 0, 11, 251.56
1733542474, 140, 15, 82, 0, 0, 0.06%, 9, 0, 11, 253.90
1733542479, 140, 18, 82, 0, 0, 0.06%, 9, 0, 11, 254.05
1733542484, 140, 19, 82, 0, 0, 0.06%, 9, 0, 11, 258.09
1733542489, 140, 20, 82, 0, 0, 0.06%, 9, 0, 11, 253.21
1733542494, 140, 33, 82, 0, 0, 0.06%, 9, 0, 11, 283.31
1733542499, 140, 35, 82, 0, 0, 0.06%, 9, 0, 11, 273.95
1733542509, 140, 52, 82, 0, 0, 0.06%, 9, 0, 11, 274.97
1733542514, 140, 80, 82, 0, 0, 0.06%, 9, 0, 11, 287.06
1733542545, 141, 12, 82, 0, 0, 0.06%, 9, 0, 11, 248.53
1733542550, 141, 14, 82, 0, 0, 0.06%, 9, 0, 11, 251.92
1733542555, 141, 15, 82, 0, 0, 0.06%, 9, 0, 11, 259.07
1733542560, 141, 17, 82, 0, 0, 0.06%, 9, 0, 11, 259.68
