# unix_time, cycles_done, cur_path, paths_total, pending_total, pending_favs, map_size, unique_crashes, unique_hangs, max_depth, execs_per_sec
1734272303, 0, 0, 10, 10, 1, 0.00%, 0, 0, 1, 172.41
1734272308, 0, 4, 10, 10, 1, 0.00%, 0, 0, 1, 204.68
1734272313, 0, 5, 10, 9, 0, 0.00%, 0, 0, 1, 211.81
1734272318, 0, 6, 10, 8, 0, 0.00%, 0, 0, 1, 204.32
1734272328, 0, 7, 10, 7, 0, 0.00%, 0, 0, 1, 211.26
1734272333, 0, 8, 10, 6, 0, 0.00%, 0, 0, 1, 198.16
1734272343, 0, 9, 10, 5, 0, 0.00%, 0, 0, 1, 209.99
1734272349, 1, 0, 10, 4, 0, 0.00%, 0, 0, 1, 203.41
1734272359, 1, 1, 10, 3, 0, 0.00%, 0, 0, 1, 214.44
1734272369, 1, 2, 10, 2, 0, 0.00%, 0, 0, 1, 213.60
1734272379, 1, 3, 10, 1, 0, 0.00%, 0, 0, 1, 212.09
1734272389, 1, 5, 10, 0, 0, 0.00%, 0, 0, 1, 207.53
1734272394, 1, 6, 10, 0, 0, 0.00%, 0, 0, 1, 203.14
1734272400, 1, 8, 10, 0, 0, 0.00%, 0, 0, 1, 202.20
1734272405, 1, 9, 10, 0, 0, 0.00%, 0, 0, 1, 208.66
1734272410, 2, 1, 10, 0, 0, 0.00%, 0, 0, 1, 200.87
1734272415, 2, 2, 10, 0, 0, 0.00%, 0, 0, 1, 200.21
1734272420, 2, 3, 10, 0, 0, 0.00%, 0, 0, 1, 194.87
1734272425, 2, 5, 10, 0, 0, 0.00%, 0, 0, 1, 197.72
1734272430, 2, 6, 10, 0, 0, 0.00%, 0, 0, 1, 194.38
1734272436, 2, 7, 10, 0, 0, 0.00%, 0, 0, 1, 193.10
1734272441, 2, 9, 10, 0, 0, 0.00%, 0, 0, 1, 192.75
1734272446, 3, 0, 10, 0, 0, 0.00%, 0, 0, 1, 192.18
1734272451, 3, 1, 10, 0, 0, 0.00%, 0, 0, 1, 191.33
1734272456, 3, 3, 10, 0, 0, 0.00%, 0, 0, 1, 194.34
1734272461, 3, 4, 10, 0, 0, 0.00%, 0, 0, 1, 191.99
1734272466, 3, 5, 10, 0, 0, 0.00%, 0, 0, 1, 193.01
1734272471, 3, 7, 10, 0, 0, 0.00%, 0, 0, 1, 195.01
1734272476, 3, 8, 10, 0, 0, 0.00%, 0, 0, 1, 192.81
1734272482, 3, 9, 10, 0, 0, 0.00%, 0, 0, 1, 189.33
1734272487, 4, 1, 10, 0, 0, 0.00%, 0, 0, 1, 190.28
1734272492, 4, 2, 10, 0, 0, 0.00%, 0, 0, 1, 188.43
1734272497, 4, 3, 10, 0, 0, 0.00%, 0, 0, 1, 194.73
1734272502, 4, 5, 10, 0, 0, 0.00%, 0, 0, 1, 188.15
1734272507, 4, 6, 10, 0, 0, 0.00%, 0, 0, 1, 189.94
1734272512, 4, 7, 10, 0, 0, 0.00%, 0, 0, 1, 191.72
1734272517, 4, 9, 10, 0, 0, 0.00%, 0, 0, 1, 189.93
1734272523, 5, 0, 10, 0, 0, 0.00%, 0, 0, 1, 188.43
1734272528, 5, 1, 10, 0, 0, 0.00%, 0, 0, 1, 187.81
1734272533, 5, 3, 10, 0, 0, 0.00%, 0, 0, 1, 189.54
1734272538, 5, 4, 10, 0, 0, 0.00%, 0, 0, 1, 187.18
1734272543, 5, 5, 10, 0, 0, 0.00%, 0, 0, 1, 187.02
1734272548, 5, 6, 10, 0, 0, 0.00%, 0, 0, 1, 191.03
1734272553, 5, 8, 10, 0, 0, 0.00%, 0, 0, 1, 184.74
1734272558, 5, 9, 10, 0, 0, 0.00%, 0, 0, 1, 186.97
1734272563, 6, 0, 10, 0, 0, 0.00%, 0, 0, 1, 186.39
1734272568, 6, 2, 10, 0, 0, 0.00%, 0, 0, 1, 189.58
1734272573, 6, 3, 10, 0, 0, 0.00%, 0, 0, 1, 187.20
1734272578, 6, 4, 10, 0, 0, 0.00%, 0, 0, 1, 189.25
1734272584, 6, 6, 10, 0, 0, 0.00%, 0, 0, 1, 186.01
1734272589, 6, 7, 10, 0, 0, 0.00%, 0, 0, 1, 186.44
1734272594, 6, 8, 10, 0, 0, 0.00%, 0, 0, 1, 192.54
1734272599, 7, 0, 10, 0, 0, 0.00%, 0, 0, 1, 185.75
1734272604, 7, 1, 10, 0, 0, 0.00%, 0, 0, 1, 185.64
1734272609, 7, 2, 10, 0, 0, 0.00%, 0, 0, 1, 189.64
1734272615, 7, 3, 10, 0, 0, 0.00%, 0, 0, 1, 190.15
1734272620, 7, 5, 10, 0, 0, 0.00%, 0, 0, 1, 186.78
1734272625, 7, 6, 10, 0, 0, 0.00%, 0, 0, 1, 186.82
1734272630, 7, 7, 10, 0, 0, 0.00%, 0, 0, 1, 182.07
1734272635, 7, 9, 10, 0, 0, 0.00%, 0, 0, 1, 187.05
1734272640, 8, 0, 10, 0, 0, 0.00%, 0, 0, 1, 187.97
1734272645, 8, 1, 10, 0, 0, 0.00%, 0, 0, 1, 190.00
1734272651, 8, 3, 10, 0, 0, 0.00%, 0, 0, 1, 185.29
1734272656, 8, 4, 10, 0, 0, 0.00%, 0, 0, 1, 187.21
1734272661, 8, 5, 10, 0, 0, 0.00%, 0, 0, 1, 189.54
1734272666, 8, 6, 10, 0, 0, 0.00%, 0, 0, 1, 188.39
1734272671, 8, 8, 10, 0, 0, 0.00%, 0, 0, 1, 187.00
1734272676, 8, 9, 10, 0, 0, 0.00%, 0, 0, 1, 188.30
1734272681, 9, 0, 10, 0, 0, 0.00%, 0, 0, 1, 185.67
1734272687, 9, 2, 10, 0, 0, 0.00%, 0, 0, 1, 191.11
1734272692, 9, 3, 10, 0, 0, 0.00%, 0, 0, 1, 185.67
1734272697, 9, 4, 10, 0, 0, 0.00%, 0, 0, 1, 188.27
1734272702, 9, 6, 10, 0, 0, 0.00%, 0, 0, 1, 186.38
1734272707, 9, 7, 10, 0, 0, 0.00%, 0, 0, 1, 185.43
1734272712, 9, 8, 10, 0, 0, 0.00%, 0, 0, 1, 189.62
1734272717, 10, 0, 10, 0, 0, 0.00%, 0, 0, 1, 187.71
1734272722, 10, 1, 10, 0, 0, 0.00%, 0, 0, 1, 183.73
1734272728, 10, 2, 10, 0, 0, 0.00%, 0, 0, 1, 182.14
1734272733, 10, 3, 10, 0, 0, 0.00%, 0, 0, 1, 186.78
1734272738, 10, 5, 10, 0, 0, 0.00%, 0, 0, 1, 186.29
1734272743, 10, 6, 10, 0, 0, 0.00%, 0, 0, 1, 188.73
1734272748, 10, 7, 10, 0, 0, 0.00%, 0, 0, 1, 186.93
1734272753, 10, 9, 10, 0, 0, 0.00%, 0, 0, 1, 187.56
1734272759, 11, 0, 10, 0, 0, 0.00%, 0, 0, 1, 187.50
1734272764, 11, 1, 10, 0, 0, 0.00%, 0, 0, 1, 187.97
1734272769, 11, 3, 10, 0, 0, 0.00%, 0, 0, 1, 182.57
1734272774, 11, 4, 10, 0, 0, 0.00%, 0, 0, 1, 187.65
1734272779, 11, 5, 10, 0, 0, 0.00%, 0, 0, 1, 192.25
1734272784, 11, 7, 10, 0, 0, 0.00%, 0, 0, 1, 187.84
1734272789, 11, 8, 10, 0, 0, 0.00%, 0, 0, 1, 186.45
1734272795, 11, 9, 10, 0, 0, 0.00%, 0, 0, 1, 189.65
1734272800, 12, 0, 10, 0, 0, 0.00%, 0, 0, 1, 185.79
1734272805, 12, 2, 10, 0, 0, 0.00%, 0, 0, 1, 187.83
1734272810, 12, 3, 10, 0, 0, 0.00%, 0, 0, 1, 186.44
1734272815, 12, 4, 10, 0, 0, 0.00%, 0, 0, 1, 185.97
1734272820, 12, 6, 10, 0, 0, 0.00%, 0, 0, 1, 185.00
1734272825, 12, 7, 10, 0, 0, 0.00%, 0, 0, 1, 186.92
1734272830, 12, 8, 10, 0, 0, 0.00%, 0, 0, 1, 186.21
1734272835, 13, 0, 10, 0, 0, 0.00%, 0, 0, 1, 187.10
1734272841, 13, 1, 10, 0, 0, 0.00%, 0, 0, 1, 184.48
1734272846, 13, 2, 10, 0, 0, 0.00%, 0, 0, 1, 184.45
1734272851, 13, 3, 10, 0, 0, 0.00%, 0, 0, 1, 186.25
1734272856, 13, 5, 10, 0, 0, 0.00%, 0, 0, 1, 182.03
1734272861, 13, 6, 10, 0, 0, 0.00%, 0, 0, 1, 183.85
1734272866, 13, 7, 10, 0, 0, 0.00%, 0, 0, 1, 184.95
1734272872, 13, 9, 10, 0, 0, 0.00%, 0, 0, 1, 184.41
1734272877, 14, 0, 10, 0, 0, 0.00%, 0, 0, 1, 186.73
1734272882, 14, 1, 10, 0, 0, 0.00%, 0, 0, 1, 182.79
1734272887, 14, 2, 10, 0, 0, 0.00%, 0, 0, 1, 184.10
1734272892, 14, 4, 10, 0, 0, 0.00%, 0, 0, 1, 186.05
1734272897, 14, 5, 10, 0, 0, 0.00%, 0, 0, 1, 183.75
1734272902, 14, 6, 10, 0, 0, 0.00%, 0, 0, 1, 187.92
1734272907, 14, 8, 10, 0, 0, 0.00%, 0, 0, 1, 191.83
1734272912, 14, 9, 10, 0, 0, 0.00%, 0, 0, 1, 190.91
1734272918, 15, 0, 10, 0, 0, 0.00%, 0, 0, 1, 194.87
1734272923, 15, 2, 10, 0, 0, 0.00%, 0, 0, 1, 192.19
1734272928, 15, 3, 10, 0, 0, 0.00%, 0, 0, 1, 188.87
1734272933, 15, 4, 10, 0, 0, 0.00%, 0, 0, 1, 190.32
1734272938, 15, 6, 10, 0, 0, 0.00%, 0, 0, 1, 190.46
1734272943, 15, 7, 10, 0, 0, 0.00%, 0, 0, 1, 194.53
1734272948, 15, 8, 10, 0, 0, 0.00%, 0, 0, 1, 191.81
1734272953, 16, 0, 10, 0, 0, 0.00%, 0, 0, 1, 190.63
1734272959, 16, 1, 10, 0, 0, 0.00%, 0, 0, 1, 193.54
1734272964, 16, 2, 10, 0, 0, 0.00%, 0, 0, 1, 195.58
1734272969, 16, 4, 10, 0, 0, 0.00%, 0, 0, 1, 191.97
1734272974, 16, 5, 10, 0, 0, 0.00%, 0, 0, 1, 193.64
1734272979, 16, 7, 10, 0, 0, 0.00%, 0, 0, 1, 195.58
1734272985, 16, 8, 10, 0, 0, 0.00%, 0, 0, 1, 192.98
1734272990, 16, 9, 10, 0, 0, 0.00%, 0, 0, 1, 193.81
1734272995, 17, 1, 10, 0, 0, 0.00%, 0, 0, 1, 190.63
1734273000, 17, 2, 10, 0, 0, 0.00%, 0, 0, 1, 191.23
1734273005, 17, 3, 10, 0, 0, 0.00%, 0, 0, 1, 193.19
1734273010, 17, 5, 10, 0, 0, 0.00%, 0, 0, 1, 190.23
1734273015, 17, 6, 10, 0, 0, 0.00%, 0, 0, 1, 191.40
1734273020, 17, 7, 10, 0, 0, 0.00%, 0, 0, 1, 195.89
1734273025, 17, 9, 10, 0, 0, 0.00%, 0, 0, 1, 193.35
1734273030, 18, 0, 10, 0, 0, 0.00%, 0, 0, 1, 190.00
1734273036, 18, 1, 10, 0, 0, 0.00%, 0, 0, 1, 191.81
1734273041, 18, 3, 10, 0, 0, 0.00%, 0, 0, 1, 193.87
1734273046, 18, 4, 10, 0, 0, 0.00%, 0, 0, 1, 195.27
1734273051, 18, 5, 10, 0, 0, 0.00%, 0, 0, 1, 188.67
1734273056, 18, 7, 10, 0, 0, 0.00%, 0, 0, 1, 189.26
1734273061, 18, 8, 10, 0, 0, 0.00%, 0, 0, 1, 192.77
1734273067, 18, 9, 10, 0, 0, 0.00%, 0, 0, 1, 191.12
1734273072, 19, 1, 10, 0, 0, 0.00%, 0, 0, 1, 188.74
1734273077, 19, 2, 10, 0, 0, 0.00%, 0, 0, 1, 192.59
1734273082, 19, 3, 10, 0, 0, 0.00%, 0, 0, 1, 195.37
1734273087, 19, 5, 10, 0, 0, 0.00%, 0, 0, 1, 192.81
1734273092, 19, 6, 10, 0, 0, 0.00%, 0, 0, 1, 196.08
1734273097, 19, 7, 10, 0, 0, 0.00%, 0, 0, 1, 193.53
1734273103, 19, 9, 10, 0, 0, 0.00%, 0, 0, 1, 193.26
1734273108, 20, 0, 10, 0, 0, 0.00%, 0, 0, 1, 192.93
1734273113, 20, 1, 10, 0, 0, 0.00%, 0, 0, 1, 189.23
1734273118, 20, 3, 10, 0, 0, 0.00%, 0, 0, 1, 184.16
1734273123, 20, 4, 10, 0, 0, 0.00%, 0, 0, 1, 189.15
1734273128, 20, 5, 10, 0, 0, 0.00%, 0, 0, 1, 194.33
1734273134, 20, 7, 10, 0, 0, 0.00%, 0, 0, 1, 189.20
1734273139, 20, 8, 10, 0, 0, 0.00%, 0, 0, 1, 193.35
1734273144, 20, 9, 10, 0, 0, 0.00%, 0, 0, 1, 192.10
1734273149, 21, 1, 10, 0, 0, 0.00%, 0, 0, 1, 193.15
1734273154, 21, 2, 10, 0, 0, 0.00%, 0, 0, 1, 195.18
1734273159, 21, 3, 10, 0, 0, 0.00%, 0, 0, 1, 193.06
1734273164, 21, 5, 10, 0, 0, 0.00%, 0, 0, 1, 190.66
1734273169, 21, 6, 10, 0, 0, 0.00%, 0, 0, 1, 190.28
1734273174, 21, 7, 10, 0, 0, 0.00%, 0, 0, 1, 193.62
1734273180, 21, 9, 10, 0, 0, 0.00%, 0, 0, 1, 195.79
1734273185, 22, 0, 10, 0, 0, 0.00%, 0, 0, 1, 188.69
1734273190, 22, 1, 10, 0, 0, 0.00%, 0, 0, 1, 195.11
1734273195, 22, 3, 10, 0, 0, 0.00%, 0, 0, 1, 189.76
1734273200, 22, 4, 10, 0, 0, 0.00%, 0, 0, 1, 190.33
1734273205, 22, 5, 10, 0, 0, 0.00%, 0, 0, 1, 193.57
1734273210, 22, 7, 10, 0, 0, 0.00%, 0, 0, 1, 196.46
1734273215, 22, 8, 10, 0, 0, 0.00%, 0, 0, 1, 193.68
1734273220, 23, 0, 10, 0, 0, 0.00%, 0, 0, 1, 190.56
1734273226, 23, 1, 10, 0, 0, 0.00%, 0, 0, 1, 192.02
1734273231, 23, 2, 10, 0, 0, 0.00%, 0, 0, 1, 192.44
1734273236, 23, 4, 10, 0, 0, 0.00%, 0, 0, 1, 194.35
1734273241, 23, 5, 10, 0, 0, 0.00%, 0, 0, 1, 192.87
1734273246, 23, 6, 10, 0, 0, 0.00%, 0, 0, 1, 193.19
1734273251, 23, 8, 10, 0, 0, 0.00%, 0, 0, 1, 192.95
1734273256, 23, 9, 10, 0, 0, 0.00%, 0, 0, 1, 192.24
1734273261, 24, 0, 10, 0, 0, 0.00%, 0, 0, 1, 192.30
1734273266, 24, 2, 10, 0, 0, 0.00%, 0, 0, 1, 190.69
1734273272, 24, 3, 10, 0, 0, 0.00%, 0, 0, 1, 193.36
1734273277, 24, 4, 10, 0, 0, 0.00%, 0, 0, 1, 189.26
1734273282, 24, 6, 10, 0, 0, 0.00%, 0, 0, 1, 193.30
1734273287, 24, 10, 12, 2, 1, 0.05%, 2, 0, 3, 207.33
1734273292, 24, 10, 15, 5, 1, 0.06%, 5, 0, 3, 216.53
1734273374, 24, 11, 16, 5, 4, 0.06%, 5, 0, 4, 217.24
1734273409, 24, 11, 17, 6, 4, 0.06%, 5, 0, 4, 207.74
1734273419, 24, 11, 18, 7, 4, 0.06%, 5, 0, 4, 214.03
1734273424, 24, 11, 19, 8, 4, 0.06%, 6, 0, 4, 213.60
1734273480, 24, 11, 20, 9, 4, 0.06%, 6, 0, 4, 205.47
1734273485, 24, 11, 22, 11, 4, 0.06%, 6, 0, 4, 207.67
1734273536, 24, 11, 25, 14, 4, 0.06%, 6, 0, 4, 214.46
1734273541, 24, 11, 29, 18, 4, 0.06%, 6, 0, 4, 239.61
1734273546, 24, 12, 29, 17, 4, 0.06%, 6, 0, 4, 231.11
1734273582, 24, 12, 32, 20, 4, 0.06%, 6, 0, 4, 237.22
1734273587, 24, 13, 32, 19, 3, 0.06%, 6, 0, 4, 240.27
1734273612, 24, 13, 33, 20, 3, 0.06%, 6, 0, 4, 209.37
1734273658, 24, 14, 33, 19, 2, 0.06%, 6, 0, 4, 246.06
1734273668, 24, 14, 34, 20, 2, 0.06%, 6, 0, 4, 214.69
1734273698, 24, 14, 35, 21, 2, 0.06%, 6, 0, 4, 205.45
1734273728, 24, 14, 36, 22, 2, 0.06%, 7, 0, 4, 205.96
1734273779, 24, 14, 37, 23, 2, 0.06%, 7, 0, 4, 246.54
1734273789, 24, 18, 39, 24, 2, 0.06%, 9, 0, 5, 228.40
1734273814, 24, 18, 40, 25, 2, 0.06%, 9, 0, 5, 208.04
1734273830, 24, 18, 41, 26, 2, 0.06%, 9, 0, 5, 205.22
1734273885, 24, 18, 42, 27, 2, 0.06%, 9, 0, 5, 224.04
1734273895, 24, 35, 45, 29, 3, 0.06%, 9, 0, 5, 284.87
1734273936, 24, 35, 47, 31, 3, 0.06%, 9, 0, 5, 206.18
1734273951, 24, 35, 48, 32, 3, 0.07%, 10, 0, 5, 206.79
1734274027, 24, 35, 49, 33, 3, 0.07%, 10, 0, 5, 211.39
1734274063, 24, 35, 52, 36, 3, 0.07%, 10, 0, 5, 280.64
1734274073, 24, 37, 53, 36, 3, 0.07%, 10, 0, 6, 252.64
1734274088, 24, 37, 54, 37, 3, 0.07%, 10, 0, 6, 213.13
1734274119, 24, 37, 55, 38, 3, 0.07%, 10, 0, 6, 217.03
1734274245, 24, 38, 55, 37, 2, 0.07%, 10, 0, 6, 252.97
1734274266, 24, 38, 56, 38, 2, 0.07%, 10, 0, 6, 212.21
1734274281, 24, 38, 57, 39, 2, 0.07%, 10, 0, 6, 215.00
1734274341, 24, 38, 58, 40, 2, 0.07%, 10, 0, 6, 212.87
1734274417, 24, 47, 60, 41, 1, 0.07%, 10, 0, 6, 238.61
1734274458, 24, 47, 61, 42, 1, 0.07%, 10, 0, 6, 249.94
1734274473, 24, 59, 61, 41, 1, 0.07%, 10, 0, 6, 234.08
1734274524, 24, 59, 62, 42, 1, 0.07%, 10, 0, 7, 263.92
1734274529, 25, 10, 62, 41, 0, 0.07%, 10, 0, 7, 246.71
1734274544, 25, 11, 62, 41, 0, 0.07%, 10, 0, 7, 221.64
1734274554, 25, 12, 62, 41, 0, 0.07%, 10, 0, 7, 206.77
1734274565, 25, 13, 62, 41, 0, 0.07%, 10, 0, 7, 228.14
1734274580, 25, 14, 62, 41, 0, 0.07%, 10, 0, 7, 213.98
1734274585, 25, 14, 63, 42, 0, 0.08%, 11, 0, 7, 246.71
1734274590, 25, 62, 67, 46, 1, 0.08%, 12, 0, 7, 284.36
1734274646, 25, 63, 70, 48, 1, 0.11%, 15, 0, 7, 285.07
1734274656, 25, 63, 71, 49, 1, 0.11%, 15, 0, 7, 244.50
1734274661, 25, 63, 72, 50, 1, 0.11%, 15, 0, 7, 238.30
1734274687, 25, 63, 74, 52, 1, 0.11%, 16, 0, 7, 233.28
1734274799, 25, 63, 75, 53, 1, 0.11%, 16, 0, 7, 211.69
1734274809, 25, 67, 75, 52, 3, 0.11%, 16, 0, 7, 328.43
1734274835, 25, 67, 76, 53, 3, 0.11%, 16, 0, 7, 226.74
1734274941, 25, 69, 76, 52, 2, 0.11%, 16, 0, 7, 297.57
1734274966, 25, 69, 77, 53, 2, 0.11%, 16, 0, 7, 229.50
1734275022, 25, 69, 78, 54, 2, 0.11%, 16, 0, 7, 234.75
1734275057, 25, 69, 79, 55, 2, 0.11%, 16, 0, 7, 266.10
1734275078, 25, 72, 80, 55, 1, 0.11%, 16, 0, 7, 314.07
1734275093, 25, 72, 81, 56, 1, 0.11%, 16, 0, 7, 242.98
1734275149, 25, 72, 82, 57, 1, 0.11%, 16, 0, 7, 229.60
1734275210, 25, 79, 82, 56, 1, 0.11%, 16, 0, 7, 278.64
1734275215, 25, 79, 84, 58, 1, 0.13%, 18, 0, 8, 305.25
1734275271, 25, 79, 85, 59, 1, 0.13%, 18, 0, 8, 230.68
1734275296, 25, 82, 86, 59, 2, 0.13%, 18, 0, 9, 301.92
1734275312, 25, 82, 87, 60, 2, 0.13%, 18, 0, 9, 235.84
1734275327, 25, 82, 88, 61, 2, 0.13%, 18, 0, 9, 232.74
1734275383, 25, 82, 89, 62, 2, 0.13%, 19, 0, 9, 236.50
1734275439, 25, 82, 90, 63, 2, 0.13%, 19, 0, 9, 218.54
1734275454, 25, 82, 91, 64, 2, 0.13%, 19, 0, 9, 269.96
1734275475, 25, 83, 94, 66, 2, 0.13%, 21, 0, 9, 295.90
1734275526, 25, 83, 95, 67, 2, 0.13%, 21, 0, 9, 237.93
1734275567, 25, 83, 96, 68, 2, 0.13%, 21, 0, 9, 244.15
1734275648, 25, 88, 96, 67, 3, 0.13%, 21, 0, 9, 302.51
1734275659, 25, 88, 98, 69, 3, 0.13%, 21, 0, 10, 251.07
1734275664, 25, 88, 99, 70, 3, 0.13%, 21, 0, 10, 234.91
1734275689, 25, 88, 100, 71, 3, 0.13%, 21, 0, 10, 239.96
1734275715, 25, 88, 101, 72, 3, 0.13%, 21, 0, 10, 237.36
1734275720, 25, 88, 102, 73, 3, 0.13%, 21, 0, 10, 237.94
1734275725, 25, 88, 103, 74, 3, 0.13%, 21, 0, 10, 239.28
1734275761, 25, 88, 104, 75, 3, 0.13%, 21, 0, 10, 256.65
1734275781, 25, 91, 104, 74, 2, 0.13%, 21, 0, 10, 258.89
1734275852, 25, 91, 105, 75, 2, 0.13%, 21, 0, 10, 242.09
1734275872, 25, 91, 106, 76, 2, 0.13%, 21, 0, 10, 232.12
1734275878, 25, 91, 107, 77, 2, 0.13%, 21, 0, 10, 240.96
1734275918, 25, 91, 108, 78, 2, 0.13%, 21, 0, 10, 234.04
1734275954, 25, 93, 108, 77, 1, 0.13%, 21, 0, 10, 281.71
1734275959, 25, 93, 109, 78, 1, 0.13%, 21, 0, 10, 302.50
1734275985, 25, 93, 110, 79, 1, 0.13%, 21, 0, 10, 236.52
1734276086, 25, 93, 111, 80, 1, 0.13%, 21, 0, 10, 238.68
1734276132, 25, 95, 111, 79, 0, 0.13%, 21, 0, 10, 167.89
1734276188, 25, 95, 112, 80, 0, 0.13%, 21, 0, 10, 247.60
1734276259, 25, 95, 115, 83, 0, 0.14%, 23, 0, 10, 411.34
1734276436, 25, 95, 116, 84, 0, 0.14%, 23, 0, 10, 333.56
1734276656, 25, 95, 117, 85, 0, 0.14%, 23, 0, 10, 365.94
1734276672, 25, 95, 118, 86, 0, 0.14%, 23, 0, 10, 351.18
1734276692, 25, 95, 119, 87, 0, 0.14%, 23, 0, 10, 341.08
1734276702, 25, 95, 120, 88, 0, 0.14%, 23, 0, 10, 341.13
1734276778, 25, 97, 122, 89, 2, 0.14%, 23, 0, 11, 315.11
1734276799, 25, 97, 123, 90, 2, 0.15%, 24, 0, 11, 259.16
1734276829, 25, 97, 124, 91, 2, 0.15%, 24, 0, 11, 252.99
1734276854, 25, 97, 125, 92, 2, 0.15%, 25, 0, 11, 256.46
1734276870, 25, 97, 126, 93, 2, 0.16%, 26, 0, 11, 257.37
1734276905, 25, 113, 126, 92, 4, 0.16%, 26, 0, 11, 228.34
1734277511, 25, 114, 126, 91, 3, 0.16%, 26, 0, 11, 171.83
1734278041, 25, 114, 127, 92, 3, 0.16%, 26, 0, 11, 352.36
1734278158, 25, 122, 127, 91, 3, 0.16%, 26, 0, 11, 331.08
1734278234, 25, 122, 128, 92, 3, 0.17%, 27, 0, 12, 248.22
1734278245, 25, 122, 134, 98, 3, 0.17%, 29, 0, 12, 273.77
1734278270, 25, 125, 134, 97, 5, 0.17%, 29, 0, 12, 347.74
1734278275, 25, 125, 135, 98, 5, 0.17%, 29, 0, 12, 413.79
1734278280, 25, 125, 138, 101, 5, 0.17%, 30, 0, 12, 398.44
1734278285, 25, 125, 139, 102, 5, 0.17%, 30, 0, 12, 375.04
1734278290, 25, 125, 141, 104, 5, 0.17%, 30, 0, 12, 396.76
1734278341, 25, 125, 142, 105, 5, 0.18%, 31, 0, 12, 315.49
1734278346, 25, 125, 143, 106, 5, 0.18%, 31, 0, 12, 308.43
1734278361, 25, 125, 145, 108, 5, 0.18%, 31, 0, 12, 298.32
1734278473, 25, 126, 145, 107, 7, 0.18%, 31, 0, 12, 246.64
1734278534, 25, 126, 146, 108, 7, 0.18%, 31, 0, 12, 306.30
1734278539, 25, 126, 147, 109, 7, 0.18%, 31, 0, 12, 286.54
1734278681, 25, 127, 147, 108, 6, 0.18%, 31, 0, 12, 272.23
1734278686, 25, 127, 153, 114, 6, 0.18%, 36, 0, 13, 211.22
1734278763, 25, 130, 154, 114, 11, 0.18%, 37, 0, 13, 280.05
1734278768, 25, 130, 155, 115, 11, 0.19%, 38, 0, 13, 352.27
1734278773, 25, 130, 156, 116, 11, 0.19%, 38, 0, 13, 305.38
1734278788, 25, 130, 157, 117, 11, 0.19%, 38, 0, 13, 258.69
1734278869, 25, 130, 158, 118, 11, 0.19%, 38, 0, 13, 253.61
1734278899, 25, 130, 159, 119, 11, 0.19%, 38, 0, 13, 251.89
1734278930, 25, 133, 159, 118, 13, 0.19%, 38, 0, 13, 274.39
1734278935, 25, 133, 160, 119, 13, 0.19%, 38, 0, 13, 333.07
1734279021, 25, 133, 161, 120, 13, 0.19%, 38, 0, 13, 271.43
1734279026, 25, 133, 162, 121, 13, 0.19%, 38, 0, 13, 249.81
1734279037, 25, 135, 162, 120, 12, 0.19%, 38, 0, 13, 311.71
1734279047, 25, 135, 163, 121, 12, 0.19%, 39, 0, 13, 418.67
1734279108, 25, 135, 164, 122, 12, 0.19%, 39, 0, 13, 317.25
1734279179, 25, 135, 165, 123, 12, 0.19%, 39, 0, 13, 296.79
1734279240, 25, 141, 165, 122, 12, 0.19%, 39, 0, 13, 269.04
1734279322, 25, 141, 166, 123, 12, 0.19%, 39, 0, 13, 331.77
1734279453, 25, 147, 166, 122, 12, 0.19%, 39, 0, 13, 228.82
1734279469, 25, 147, 167, 123, 12, 0.19%, 39, 0, 14, 255.22
1734279509, 25, 147, 168, 124, 12, 0.19%, 39, 0, 14, 244.23
1734279560, 25, 147, 169, 125, 12, 0.19%, 39, 0, 14, 281.41
1734279581, 25, 148, 169, 124, 11, 0.19%, 39, 0, 14, 304.63
1734279611, 25, 148, 170, 125, 11, 0.19%, 39, 0, 14, 252.03
1734279626, 25, 148, 171, 126, 11, 0.19%, 39, 0, 14, 250.80
1734279672, 25, 148, 172, 127, 11, 0.19%, 39, 0, 14, 247.11
1734279692, 25, 148, 173, 128, 11, 0.19%, 39, 0, 14, 253.62
1734279712, 25, 149, 173, 127, 10, 0.19%, 39, 0, 14, 260.70
1734279733, 25, 149, 174, 128, 10, 0.19%, 39, 0, 14, 252.00
1734279738, 25, 149, 175, 129, 10, 0.19%, 39, 0, 14, 257.10
1734279850, 25, 150, 175, 128, 9, 0.19%, 39, 0, 14, 207.02
1734279866, 25, 150, 176, 129, 9, 0.19%, 39, 0, 14, 253.11
1734279937, 25, 150, 177, 130, 9, 0.19%, 39, 0, 14, 243.14
1734279942, 25, 150, 178, 131, 9, 0.19%, 39, 0, 14, 246.88
1734279962, 25, 150, 179, 132, 9, 0.19%, 39, 0, 14, 256.65
1734279977, 25, 151, 179, 131, 8, 0.19%, 39, 0, 14, 283.99
1734280024, 25, 151, 180, 132, 8, 0.19%, 39, 0, 14, 244.99
1734280110, 25, 152, 180, 131, 7, 0.19%, 39, 0, 14, 245.13
1734280196, 25, 153, 180, 130, 6, 0.19%, 39, 0, 14, 372.07
1734280267, 25, 153, 181, 131, 6, 0.19%, 39, 0, 14, 250.69
1734280354, 25, 153, 184, 134, 6, 0.19%, 41, 0, 14, 258.17
1734280369, 25, 154, 184, 133, 6, 0.19%, 41, 0, 14, 351.25
1734280445, 25, 154, 185, 134, 6, 0.19%, 41, 0, 14, 265.47
1734280471, 25, 156, 185, 133, 5, 0.19%, 41, 0, 14, 318.70
1734280577, 25, 162, 185, 132, 4, 0.19%, 41, 0, 14, 324.49
1734280731, 25, 164, 185, 131, 3, 0.19%, 41, 0, 14, 364.49
1734280823, 25, 164, 187, 133, 3, 0.19%, 41, 0, 14, 249.89
1734280828, 25, 181, 187, 132, 2, 0.19%, 41, 0, 14, 292.71
1734280833, 25, 181, 188, 133, 2, 0.19%, 41, 0, 15, 229.21
1734280843, 25, 181, 189, 134, 2, 0.19%, 41, 0, 15, 268.45
1734280950, 25, 181, 190, 135, 2, 0.19%, 41, 0, 15, 251.14
1734280960, 25, 181, 191, 136, 2, 0.19%, 41, 0, 15, 244.89
1734280975, 25, 181, 197, 142, 2, 0.19%, 42, 0, 15, 240.24
1734280980, 25, 181, 198, 143, 2, 0.19%, 43, 0, 15, 243.24
1734281001, 25, 182, 198, 142, 2, 0.19%, 43, 0, 15, 273.95
1734281006, 25, 182, 200, 144, 2, 0.20%, 45, 0, 15, 220.53
1734281046, 25, 182, 201, 145, 2, 0.20%, 45, 0, 15, 248.63
1734281097, 25, 182, 202, 146, 2, 0.20%, 45, 0, 15, 240.46
1734281173, 25, 197, 202, 145, 3, 0.20%, 45, 0, 15, 220.20
1734281189, 25, 197, 203, 146, 3, 0.20%, 45, 0, 16, 166.51
1734281219, 25, 197, 204, 147, 3, 0.20%, 45, 0, 16, 253.94
1734281245, 25, 197, 205, 148, 3, 0.20%, 45, 0, 16, 245.49
1734281276, 25, 197, 206, 149, 3, 0.20%, 45, 0, 16, 248.43
1734281316, 25, 197, 207, 150, 3, 0.20%, 45, 0, 16, 259.24
1734281372, 25, 198, 207, 149, 3, 0.20%, 45, 0, 16, 258.92
1734281387, 25, 198, 208, 150, 3, 0.20%, 45, 0, 16, 264.84
1734281545, 25, 199, 208, 149, 2, 0.20%, 45, 0, 16, 241.12
1734281621, 25, 199, 209, 150, 2, 0.20%, 45, 0, 16, 264.23
1734281647, 25, 202, 209, 149, 1, 0.20%, 45, 0, 16, 281.57
1734281688, 25, 202, 210, 150, 1, 0.20%, 45, 0, 17, 293.82
1734281846, 25, 205, 210, 149, 0, 0.20%, 45, 0, 17, 245.93
1734281851, 25, 205, 211, 150, 0, 0.20%, 45, 0, 17, 190.53
1734281896, 25, 205, 212, 151, 0, 0.20%, 45, 0, 17, 280.78
1734281973, 25, 205, 213, 152, 0, 0.20%, 45, 0, 17, 240.71
1734282059, 25, 206, 213, 151, 0, 0.20%, 45, 0, 17, 232.52
1734282125, 25, 206, 214, 152, 0, 0.20%, 45, 0, 17, 262.15
1734282257, 25, 207, 214, 151, 0, 0.20%, 45, 0, 17, 258.09
1734282272, 25, 207, 215, 152, 0, 0.20%, 45, 0, 17, 284.53
1734282277, 25, 207, 216, 153, 0, 0.20%, 45, 0, 17, 261.92
1734282429, 25, 215, 216, 152, 0, 0.20%, 45, 0, 17, 243.73
1734282475, 25, 215, 217, 153, 0, 0.20%, 45, 0, 18, 249.85
1734282591, 25, 215, 218, 154, 0, 0.20%, 45, 0, 18, 244.66
1734282596, 25, 215, 219, 155, 0, 0.20%, 45, 0, 18, 268.18
1734282607, 25, 218, 219, 154, 1, 0.20%, 45, 0, 18, 356.04
1734282612, 25, 218, 220, 155, 1, 0.20%, 46, 0, 19, 293.55
1734282770, 25, 219, 220, 154, 1, 0.20%, 46, 0, 19, 338.78
1734282872, 26, 10, 220, 153, 0, 0.20%, 46, 0, 19, 227.44
1734282882, 26, 12, 220, 153, 0, 0.20%, 46, 0, 19, 220.65
1734282892, 26, 13, 220, 153, 0, 0.20%, 46, 0, 19, 240.03
1734282897, 26, 13, 222, 155, 0, 0.20%, 46, 0, 19, 233.08
1734282902, 26, 13, 223, 156, 0, 0.20%, 46, 0, 19, 257.74
1734282907, 26, 14, 223, 156, 0, 0.20%, 46, 0, 19, 226.26
1734282917, 26, 22, 223, 156, 0, 0.20%, 46, 0, 19, 274.38
1734282963, 26, 22, 224, 157, 0, 0.20%, 46, 0, 19, 253.31
1734282978, 26, 23, 224, 156, 0, 0.20%, 46, 0, 19, 283.52
1734283034, 26, 27, 224, 155, 0, 0.20%, 46, 0, 19, 336.39
1734283156, 26, 29, 224, 154, 0, 0.20%, 46, 0, 19, 179.96
