# unix_time, cycles_done, cur_path, paths_total, pending_total, pending_favs, map_size, unique_crashes, unique_hangs, max_depth, execs_per_sec
1735147278, 0, 0, 10, 10, 1, 0.00%, 0, 0, 1, 151.80
1735147283, 0, 4, 10, 10, 1, 0.00%, 0, 0, 1, 192.79
1735147288, 0, 5, 10, 9, 0, 0.00%, 0, 0, 1, 199.16
1735147298, 0, 6, 10, 8, 0, 0.00%, 0, 0, 1, 195.75
1735147303, 0, 7, 10, 7, 0, 0.00%, 0, 0, 1, 186.12
1735147314, 0, 8, 10, 6, 0, 0.00%, 0, 0, 1, 196.26
1735147319, 0, 9, 10, 5, 0, 0.00%, 0, 0, 1, 177.93
1735147329, 1, 0, 10, 4, 0, 0.00%, 0, 0, 1, 193.12
1735147339, 1, 1, 10, 3, 0, 0.00%, 0, 0, 1, 193.61
1735147350, 1, 2, 10, 2, 0, 0.00%, 0, 0, 1, 195.37
1735147360, 1, 3, 10, 1, 0, 0.00%, 0, 0, 1, 193.16
1735147370, 1, 5, 10, 0, 0, 0.00%, 0, 0, 1, 195.02
1735147375, 1, 6, 10, 0, 0, 0.00%, 0, 0, 1, 196.05
1735147381, 1, 7, 10, 0, 0, 0.00%, 0, 0, 1, 192.38
1735147386, 1, 9, 10, 0, 0, 0.00%, 0, 0, 1, 193.02
1735147391, 2, 0, 10, 0, 0, 0.00%, 0, 0, 1, 192.74
1735147396, 2, 1, 10, 0, 0, 0.00%, 0, 0, 1, 194.72
1735147401, 2, 3, 10, 0, 0, 0.00%, 0, 0, 1, 193.93
1735147406, 2, 4, 10, 0, 0, 0.00%, 0, 0, 1, 192.26
1735147412, 2, 5, 10, 0, 0, 0.00%, 0, 0, 1, 193.29
1735147417, 2, 7, 10, 0, 0, 0.00%, 0, 0, 1, 195.65
1735147422, 2, 8, 10, 0, 0, 0.00%, 0, 0, 1, 195.72
1735147427, 2, 9, 10, 0, 0, 0.00%, 0, 0, 1, 196.61
1735147432, 3, 1, 10, 0, 0, 0.00%, 0, 0, 1, 193.13
1735147437, 3, 2, 10, 0, 0, 0.00%, 0, 0, 1, 189.04
1735147442, 3, 3, 10, 0, 0, 0.00%, 0, 0, 1, 194.25
1735147447, 3, 5, 10, 0, 0, 0.00%, 0, 0, 1, 192.58
1735147453, 3, 6, 10, 0, 0, 0.00%, 0, 0, 1, 191.41
1735147458, 3, 7, 10, 0, 0, 0.00%, 0, 0, 1, 193.44
1735147463, 3, 9, 10, 0, 0, 0.00%, 0, 0, 1, 191.36
1735147468, 4, 0, 10, 0, 0, 0.00%, 0, 0, 1, 193.34
1735147473, 4, 2, 10, 0, 0, 0.00%, 0, 0, 1, 190.33
1735147478, 4, 3, 10, 0, 0, 0.00%, 0, 0, 1, 192.13
1735147484, 4, 4, 10, 0, 0, 0.00%, 0, 0, 1, 194.67
1735147489, 4, 6, 10, 0, 0, 0.00%, 0, 0, 1, 195.84
1735147494, 4, 7, 10, 0, 0, 0.00%, 0, 0, 1, 193.26
1735147499, 4, 8, 10, 0, 0, 0.00%, 0, 0, 1, 191.44
1735147504, 5, 0, 10, 0, 0, 0.00%, 0, 0, 1, 192.87
1735147509, 5, 1, 10, 0, 0, 0.00%, 0, 0, 1, 191.95
1735147514, 5, 2, 10, 0, 0, 0.00%, 0, 0, 1, 194.00
1735147520, 5, 4, 10, 0, 0, 0.00%, 0, 0, 1, 191.31
1735147525, 5, 5, 10, 0, 0, 0.00%, 0, 0, 1, 191.45
1735147530, 5, 6, 10, 0, 0, 0.00%, 0, 0, 1, 193.02
1735147535, 5, 8, 10, 0, 0, 0.00%, 0, 0, 1, 191.04
1735147540, 5, 9, 10, 0, 0, 0.00%, 0, 0, 1, 191.51
1735147545, 6, 0, 10, 0, 0, 0.00%, 0, 0, 1, 193.52
1735147551, 6, 2, 10, 0, 0, 0.00%, 0, 0, 1, 188.79
1735147556, 6, 10, 12, 2, 1, 0.05%, 2, 0, 3, 214.64
1735147586, 6, 10, 13, 3, 1, 0.05%, 3, 0, 3, 207.89
1735147662, 6, 10, 14, 4, 1, 0.05%, 4, 0, 3, 206.86
1735147708, 6, 11, 17, 6, 3, 0.06%, 6, 0, 4, 239.48
1735147764, 6, 12, 17, 5, 4, 0.06%, 6, 0, 4, 196.78
1735147774, 6, 12, 18, 6, 4, 0.06%, 6, 0, 4, 211.55
1735147779, 6, 12, 20, 8, 4, 0.06%, 7, 0, 4, 210.30
1735147855, 6, 12, 21, 9, 4, 0.06%, 7, 0, 4, 205.99
1735147870, 6, 12, 22, 10, 4, 0.06%, 7, 0, 4, 205.42
1735147937, 6, 13, 24, 11, 4, 0.06%, 9, 0, 4, 239.50
1735147952, 6, 13, 25, 12, 4, 0.06%, 9, 0, 4, 220.10
1735147962, 6, 13, 27, 14, 4, 0.06%, 9, 0, 4, 217.78
1735147972, 6, 13, 28, 15, 4, 0.06%, 9, 0, 4, 219.27
1735148028, 6, 13, 29, 16, 4, 0.06%, 9, 0, 4, 218.05
1735148033, 6, 13, 30, 17, 4, 0.06%, 9, 0, 4, 215.91
1735148038, 6, 13, 32, 19, 4, 0.06%, 9, 0, 4, 217.88
1735148063, 6, 15, 33, 19, 5, 0.06%, 9, 0, 4, 243.97
1735148073, 6, 15, 34, 20, 5, 0.06%, 9, 0, 5, 219.79
1735148078, 6, 15, 35, 21, 5, 0.06%, 9, 0, 5, 214.36
1735148200, 6, 15, 37, 23, 5, 0.06%, 9, 0, 5, 258.33
1735148205, 6, 16, 37, 22, 4, 0.06%, 9, 0, 5, 246.74
1735148215, 6, 16, 38, 23, 4, 0.06%, 9, 0, 5, 218.58
1735148256, 6, 16, 39, 24, 4, 0.06%, 9, 0, 5, 213.64
1735148261, 6, 16, 40, 25, 4, 0.06%, 9, 0, 5, 217.24
1735148311, 6, 16, 41, 26, 4, 0.06%, 9, 0, 5, 212.53
1735148342, 6, 19, 41, 25, 3, 0.06%, 9, 0, 5, 274.78
1735148362, 6, 19, 42, 26, 3, 0.06%, 9, 0, 5, 221.55
1735148454, 6, 19, 43, 27, 3, 0.06%, 9, 0, 5, 222.23
1735148479, 6, 22, 43, 26, 2, 0.06%, 9, 0, 5, 251.40
1735148484, 6, 22, 44, 27, 2, 0.06%, 9, 0, 5, 225.03
1735148489, 6, 22, 45, 28, 2, 0.06%, 9, 0, 5, 219.57
1735148651, 6, 23, 45, 27, 1, 0.06%, 9, 0, 5, 230.33
1735148677, 6, 23, 46, 28, 1, 0.06%, 9, 0, 5, 216.99
1735148727, 6, 23, 49, 31, 1, 0.06%, 9, 0, 5, 273.96
1735148732, 6, 23, 51, 33, 1, 0.06%, 9, 0, 5, 249.94
1735148742, 6, 23, 52, 34, 1, 0.06%, 9, 0, 5, 250.88
1735148747, 6, 25, 52, 33, 0, 0.06%, 9, 0, 5, 267.73
1735148763, 6, 25, 53, 34, 0, 0.06%, 9, 0, 5, 248.90
1735148830, 6, 27, 53, 33, 0, 0.06%, 9, 0, 5, 255.05
1735148891, 6, 27, 58, 38, 0, 0.06%, 9, 0, 5, 424.14
1735148911, 6, 27, 59, 39, 0, 0.06%, 9, 0, 5, 441.67
1735149263, 6, 27, 60, 40, 0, 0.06%, 9, 0, 5, 317.45
1735149273, 6, 31, 60, 39, 0, 0.06%, 9, 0, 5, 312.43
1735149324, 6, 33, 60, 38, 0, 0.06%, 9, 0, 5, 317.89
1735149360, 6, 33, 61, 39, 0, 0.06%, 9, 0, 6, 267.48
1735149400, 6, 33, 62, 40, 0, 0.06%, 9, 0, 6, 267.73
1735149406, 6, 33, 63, 41, 0, 0.06%, 9, 0, 6, 265.08
1735149411, 6, 34, 63, 40, 0, 0.06%, 9, 0, 6, 299.04
1735149461, 6, 35, 63, 39, 0, 0.06%, 9, 0, 6, 235.49
1735149517, 6, 38, 63, 38, 0, 0.06%, 9, 0, 6, 345.27
1735149599, 6, 44, 63, 37, 0, 0.06%, 9, 0, 6, 282.11
1735149650, 6, 45, 63, 36, 0, 0.06%, 9, 0, 6, 352.91
1735149716, 6, 47, 63, 35, 0, 0.06%, 9, 0, 6, 273.64
1735149767, 7, 11, 63, 34, 0, 0.06%, 9, 0, 6, 277.42
1735149772, 7, 12, 63, 34, 0, 0.06%, 9, 0, 6, 247.80
1735149777, 7, 13, 63, 34, 0, 0.06%, 9, 0, 6, 260.48
1735149782, 7, 15, 63, 34, 0, 0.06%, 9, 0, 6, 260.42
1735149792, 7, 15, 64, 35, 0, 0.06%, 9, 0, 6, 262.84
1735149797, 7, 16, 64, 35, 0, 0.06%, 9, 0, 6, 245.11
1735149808, 7, 17, 65, 36, 0, 0.06%, 9, 0, 6, 286.29
1735149848, 7, 17, 66, 37, 0, 0.06%, 9, 0, 6, 249.53
1735149955, 7, 19, 66, 36, 0, 0.06%, 9, 0, 6, 252.67
1735149965, 7, 20, 66, 36, 0, 0.06%, 9, 0, 6, 388.14
1735150021, 7, 22, 66, 35, 0, 0.06%, 9, 0, 6, 248.29
1735150031, 7, 23, 66, 35, 0, 0.06%, 9, 0, 6, 247.59
1735150036, 7, 23, 67, 36, 0, 0.06%, 9, 0, 6, 294.30
1735150041, 7, 24, 67, 36, 0, 0.06%, 9, 0, 6, 388.77
1735150092, 7, 30, 67, 35, 0, 0.06%, 9, 0, 6, 289.05
1735150097, 7, 30, 68, 36, 0, 0.06%, 9, 0, 6, 413.20
1735150229, 7, 32, 68, 35, 0, 0.06%, 9, 0, 6, 305.78
1735150280, 7, 40, 68, 34, 0, 0.06%, 9, 0, 6, 409.89
1735150483, 7, 42, 68, 33, 0, 0.06%, 9, 0, 6, 288.89
1735150534, 7, 46, 68, 32, 0, 0.06%, 9, 0, 6, 262.46
1735150650, 7, 46, 69, 33, 0, 0.06%, 9, 0, 6, 263.99
1735150666, 7, 48, 69, 32, 0, 0.06%, 9, 0, 6, 389.94
1735150757, 7, 48, 70, 33, 0, 0.06%, 9, 0, 6, 325.77
1735150777, 7, 48, 72, 35, 0, 0.06%, 9, 0, 6, 320.05
1735150844, 7, 55, 72, 34, 0, 0.06%, 9, 0, 6, 329.08
1735150935, 7, 55, 73, 35, 0, 0.06%, 9, 0, 6, 278.08
1735150991, 7, 57, 73, 34, 0, 0.06%, 9, 0, 6, 249.88
1735151118, 7, 58, 73, 33, 0, 0.06%, 9, 0, 6, 332.95
1735151312, 7, 59, 73, 32, 0, 0.06%, 9, 0, 6, 299.35
1735151393, 7, 61, 73, 31, 0, 0.06%, 9, 0, 6, 414.50
1735151444, 7, 67, 73, 30, 0, 0.06%, 9, 0, 6, 305.33
1735151551, 8, 11, 73, 29, 0, 0.06%, 9, 0, 6, 271.88
1735151556, 8, 12, 73, 29, 0, 0.06%, 9, 0, 6, 255.85
1735151561, 8, 13, 73, 29, 0, 0.06%, 9, 0, 6, 265.72
1735151566, 8, 15, 73, 29, 0, 0.06%, 9, 0, 6, 257.93
1735151576, 8, 16, 73, 29, 0, 0.06%, 9, 0, 6, 250.28
1735151586, 8, 18, 73, 29, 0, 0.06%, 9, 0, 6, 281.47
1735151642, 8, 19, 73, 28, 0, 0.06%, 9, 0, 6, 255.11
1735151652, 8, 21, 73, 28, 0, 0.06%, 9, 0, 6, 294.00
1735151698, 8, 22, 73, 27, 0, 0.06%, 9, 0, 6, 261.37
1735151708, 8, 23, 73, 27, 0, 0.06%, 9, 0, 6, 278.90
1735151718, 8, 26, 73, 27, 0, 0.06%, 9, 0, 6, 278.18
1735151769, 8, 29, 73, 26, 0, 0.06%, 9, 0, 6, 267.76
1735151825, 8, 39, 73, 25, 0, 0.06%, 9, 0, 6, 352.61
1735151958, 8, 49, 73, 24, 0, 0.06%, 9, 0, 6, 368.02
1735152003, 8, 50, 73, 23, 0, 0.06%, 9, 0, 6, 245.55
1735152747, 8, 53, 73, 22, 0, 0.06%, 9, 0, 6, 331.53
1735152859, 8, 55, 73, 21, 0, 0.06%, 9, 0, 6, 255.07
1735152869, 8, 56, 73, 21, 0, 0.06%, 9, 0, 6, 244.06
1735153286, 8, 64, 73, 20, 0, 0.06%, 9, 0, 6, 262.46
