# unix_time, cycles_done, cur_path, paths_total, pending_total, pending_favs, map_size, unique_crashes, unique_hangs, max_depth, execs_per_sec
1735222967, 0, 0, 10, 10, 1, 0.00%, 0, 0, 1, 155.64
1735222972, 0, 2, 10, 10, 1, 0.00%, 0, 0, 1, 200.50
1735222977, 0, 3, 10, 9, 0, 0.00%, 0, 0, 1, 202.40
1735222982, 0, 4, 10, 8, 0, 0.00%, 0, 0, 1, 194.67
1735222993, 0, 5, 10, 7, 0, 0.00%, 0, 0, 1, 197.80
1735223003, 0, 6, 10, 6, 0, 0.00%, 0, 0, 1, 196.62
1735223008, 0, 7, 10, 5, 0, 0.00%, 0, 0, 1, 197.67
1735223018, 0, 8, 10, 4, 0, 0.00%, 0, 0, 1, 196.82
1735223024, 0, 9, 10, 3, 0, 0.00%, 0, 0, 1, 194.67
1735223034, 1, 0, 10, 2, 0, 0.00%, 0, 0, 1, 200.42
1735223044, 1, 1, 10, 1, 0, 0.00%, 0, 0, 1, 193.86
1735223054, 1, 3, 10, 0, 0, 0.00%, 0, 0, 1, 195.22
1735223060, 1, 4, 10, 0, 0, 0.00%, 0, 0, 1, 196.35
1735223065, 1, 6, 10, 0, 0, 0.00%, 0, 0, 1, 197.86
1735223070, 1, 7, 10, 0, 0, 0.00%, 0, 0, 1, 198.33
1735223075, 1, 8, 10, 0, 0, 0.00%, 0, 0, 1, 196.46
1735223080, 2, 0, 10, 0, 0, 0.00%, 0, 0, 1, 199.70
1735223085, 2, 1, 10, 0, 0, 0.00%, 0, 0, 1, 192.98
1735223090, 2, 2, 10, 0, 0, 0.00%, 0, 0, 1, 198.63
1735223096, 2, 4, 10, 0, 0, 0.00%, 0, 0, 1, 194.38
1735223101, 2, 5, 10, 0, 0, 0.00%, 0, 0, 1, 197.73
1735223106, 2, 7, 10, 0, 0, 0.00%, 0, 0, 1, 195.26
1735223111, 2, 8, 10, 0, 0, 0.00%, 0, 0, 1, 199.00
1735223116, 2, 9, 10, 0, 0, 0.00%, 0, 0, 1, 198.35
1735223121, 3, 1, 10, 0, 0, 0.00%, 0, 0, 1, 197.15
1735223127, 3, 2, 10, 0, 0, 0.00%, 0, 0, 1, 193.75
1735223132, 3, 3, 10, 0, 0, 0.00%, 0, 0, 1, 196.57
1735223137, 3, 5, 10, 0, 0, 0.00%, 0, 0, 1, 193.18
1735223142, 3, 6, 10, 0, 0, 0.00%, 0, 0, 1, 194.96
1735223147, 3, 8, 10, 0, 0, 0.00%, 0, 0, 1, 201.13
1735223152, 3, 9, 10, 0, 0, 0.00%, 0, 0, 1, 195.11
1735223158, 4, 0, 10, 0, 0, 0.00%, 0, 0, 1, 193.56
1735223163, 4, 2, 10, 0, 0, 0.00%, 0, 0, 1, 195.24
1735223168, 4, 3, 10, 0, 0, 0.00%, 0, 0, 1, 199.52
1735223173, 4, 4, 10, 0, 0, 0.00%, 0, 0, 1, 198.17
1735223178, 4, 6, 10, 0, 0, 0.00%, 0, 0, 1, 198.27
1735223183, 4, 7, 10, 0, 0, 0.00%, 0, 0, 1, 198.75
1735223188, 4, 9, 10, 0, 0, 0.00%, 0, 0, 1, 197.15
1735223193, 5, 0, 10, 0, 0, 0.00%, 0, 0, 1, 196.51
1735223199, 5, 1, 10, 0, 0, 0.00%, 0, 0, 1, 194.14
1735223204, 5, 3, 10, 0, 0, 0.00%, 0, 0, 1, 194.79
1735223209, 5, 4, 10, 0, 0, 0.00%, 0, 0, 1, 195.34
1735223214, 5, 5, 10, 0, 0, 0.00%, 0, 0, 1, 200.91
1735223219, 5, 7, 10, 0, 0, 0.00%, 0, 0, 1, 198.79
1735223224, 5, 8, 10, 0, 0, 0.00%, 0, 0, 1, 194.92
1735223229, 6, 0, 10, 0, 0, 0.00%, 0, 0, 1, 198.96
1735223235, 6, 1, 10, 0, 0, 0.00%, 0, 0, 1, 194.93
1735223240, 6, 2, 10, 0, 0, 0.00%, 0, 0, 1, 193.33
1735223245, 6, 4, 10, 0, 0, 0.00%, 0, 0, 1, 195.60
1735223250, 6, 5, 10, 0, 0, 0.00%, 0, 0, 1, 195.02
1735223255, 6, 6, 10, 0, 0, 0.00%, 0, 0, 1, 197.05
1735223260, 6, 8, 10, 0, 0, 0.00%, 0, 0, 1, 196.23
1735223266, 6, 9, 10, 0, 0, 0.00%, 0, 0, 1, 194.03
1735223271, 7, 1, 10, 0, 0, 0.00%, 0, 0, 1, 197.27
1735223276, 7, 10, 14, 4, 1, 0.06%, 4, 0, 3, 226.23
1735223281, 7, 10, 16, 6, 1, 0.06%, 4, 0, 3, 221.84
1735223322, 7, 10, 17, 7, 1, 0.06%, 5, 0, 3, 209.18
1735223347, 7, 10, 18, 8, 1, 0.06%, 5, 0, 3, 211.78
1735223357, 7, 10, 19, 9, 1, 0.06%, 5, 0, 3, 211.03
1735223413, 7, 11, 19, 8, 4, 0.06%, 5, 0, 3, 233.36
1735223418, 7, 11, 21, 10, 4, 0.06%, 6, 0, 4, 216.16
1735223448, 7, 11, 22, 11, 4, 0.06%, 7, 0, 4, 216.75
1735223458, 7, 11, 23, 12, 4, 0.06%, 7, 0, 4, 211.34
1735223479, 7, 11, 24, 13, 4, 0.06%, 7, 0, 4, 210.21
1735223484, 7, 11, 25, 14, 4, 0.06%, 7, 0, 4, 213.61
1735223570, 7, 11, 27, 16, 4, 0.06%, 7, 0, 4, 239.33
1735223585, 7, 12, 28, 16, 5, 0.06%, 7, 0, 4, 244.63
1735223646, 7, 12, 29, 17, 5, 0.06%, 8, 0, 4, 233.44
1735223651, 7, 12, 30, 18, 5, 0.06%, 8, 0, 4, 223.77
1735223656, 7, 13, 30, 17, 4, 0.06%, 8, 0, 4, 251.67
1735223661, 7, 13, 31, 18, 4, 0.06%, 8, 0, 4, 232.10
1735223727, 7, 20, 31, 17, 3, 0.06%, 8, 0, 4, 251.44
1735223757, 7, 20, 32, 18, 3, 0.06%, 8, 0, 5, 228.15
1735223773, 7, 20, 33, 19, 3, 0.06%, 8, 0, 5, 230.99
1735223844, 7, 20, 35, 21, 3, 0.06%, 8, 0, 5, 233.30
1735223849, 7, 20, 36, 22, 3, 0.06%, 8, 0, 5, 251.63
1735223854, 7, 20, 37, 23, 3, 0.06%, 8, 0, 5, 236.04
1735223859, 7, 20, 38, 24, 3, 0.06%, 8, 0, 5, 236.38
1735223864, 7, 21, 39, 24, 2, 0.06%, 8, 0, 5, 259.29
1735223874, 7, 21, 40, 25, 2, 0.06%, 8, 0, 5, 233.32
1735223905, 7, 21, 41, 26, 2, 0.06%, 8, 0, 5, 230.82
1735223971, 7, 21, 42, 27, 2, 0.06%, 8, 0, 5, 239.73
1735223986, 7, 21, 47, 32, 2, 0.06%, 8, 0, 5, 263.51
1735223991, 7, 21, 48, 33, 2, 0.06%, 8, 0, 5, 259.01
1735223997, 7, 27, 48, 32, 1, 0.06%, 8, 0, 5, 300.56
1735224002, 7, 27, 49, 33, 1, 0.06%, 8, 0, 5, 255.54
1735224072, 7, 27, 51, 35, 1, 0.06%, 8, 0, 5, 281.56
1735224083, 7, 28, 51, 34, 1, 0.06%, 8, 0, 5, 343.00
1735224103, 7, 28, 52, 35, 1, 0.06%, 8, 0, 5, 260.85
1735224143, 7, 28, 54, 37, 1, 0.06%, 8, 0, 5, 264.18
1735224174, 7, 28, 55, 38, 1, 0.06%, 8, 0, 5, 266.36
1735224184, 7, 28, 56, 39, 1, 0.06%, 8, 0, 5, 271.65
1735224214, 7, 28, 57, 40, 1, 0.06%, 8, 0, 5, 261.54
1735224234, 7, 52, 57, 39, 2, 0.06%, 8, 0, 5, 388.73
1735224255, 7, 52, 58, 40, 2, 0.06%, 8, 0, 6, 265.90
1735224290, 7, 52, 59, 41, 2, 0.06%, 8, 0, 6, 259.68
1735224300, 7, 52, 60, 42, 2, 0.06%, 8, 0, 6, 257.92
1735224310, 7, 52, 61, 43, 2, 0.06%, 8, 0, 6, 262.26
1735224366, 7, 52, 62, 44, 2, 0.06%, 8, 0, 6, 293.77
1735224381, 8, 16, 62, 43, 1, 0.06%, 8, 0, 6, 264.24
1735224407, 8, 20, 63, 43, 0, 0.06%, 8, 0, 6, 262.41
1735224422, 8, 21, 63, 43, 0, 0.06%, 8, 0, 6, 245.43
1735224427, 8, 22, 63, 43, 0, 0.06%, 8, 0, 6, 267.89
1735224458, 8, 22, 64, 44, 0, 0.06%, 8, 0, 6, 248.95
1735224514, 8, 24, 64, 43, 0, 0.06%, 8, 0, 6, 407.23
1735224560, 8, 29, 64, 42, 0, 0.06%, 8, 0, 6, 285.48
1735224610, 8, 31, 64, 41, 0, 0.06%, 8, 0, 6, 300.71
1735224692, 8, 33, 64, 40, 0, 0.06%, 8, 0, 6, 315.10
1735224743, 8, 43, 64, 39, 0, 0.06%, 8, 0, 6, 386.26
1735224774, 8, 43, 66, 41, 0, 0.06%, 8, 0, 6, 434.08
1735224779, 8, 43, 67, 42, 0, 0.06%, 8, 0, 6, 437.66
1735224794, 8, 43, 68, 43, 0, 0.06%, 8, 0, 6, 442.26
1735224942, 8, 50, 68, 42, 0, 0.06%, 8, 0, 6, 384.04
1735225120, 8, 50, 69, 43, 0, 0.06%, 8, 0, 6, 381.97
1735225176, 8, 52, 69, 42, 0, 0.06%, 8, 0, 6, 288.08
1735225186, 8, 56, 69, 42, 0, 0.06%, 8, 0, 6, 407.85
1735225247, 8, 56, 71, 44, 0, 0.06%, 8, 0, 6, 335.86
1735225268, 8, 56, 72, 45, 0, 0.06%, 8, 0, 6, 332.41
1735225354, 8, 61, 72, 44, 0, 0.06%, 8, 0, 6, 376.21
1735225472, 8, 64, 72, 43, 0, 0.06%, 8, 0, 6, 329.30
1735225584, 8, 66, 72, 42, 0, 0.06%, 8, 0, 6, 339.43
1735225712, 9, 10, 72, 41, 0, 0.06%, 8, 0, 6, 262.56
1735225717, 9, 12, 72, 41, 0, 0.06%, 8, 0, 6, 263.82
1735225722, 9, 13, 72, 41, 0, 0.06%, 8, 0, 6, 262.99
1735225727, 9, 16, 72, 41, 0, 0.06%, 8, 0, 6, 265.81
1735225732, 9, 18, 72, 41, 0, 0.06%, 8, 0, 6, 380.59
1735225762, 9, 20, 72, 40, 0, 0.06%, 8, 0, 6, 262.63
1735225772, 9, 21, 72, 40, 0, 0.06%, 8, 0, 6, 260.60
1735225783, 9, 26, 72, 40, 0, 0.06%, 8, 0, 6, 293.56
1735225829, 9, 42, 72, 39, 0, 0.06%, 8, 0, 6, 391.29
1735226124, 9, 45, 72, 38, 0, 0.06%, 8, 0, 6, 422.72
1735226318, 9, 52, 72, 37, 0, 0.06%, 8, 0, 6, 285.96
1735226328, 9, 53, 72, 37, 0, 0.06%, 8, 0, 6, 378.77
1735226373, 9, 68, 72, 36, 0, 0.06%, 8, 0, 6, 268.23
1735226582, 10, 10, 72, 35, 0, 0.06%, 8, 0, 6, 294.94
1735226587, 10, 12, 72, 35, 0, 0.06%, 8, 0, 6, 256.66
1735226592, 10, 13, 72, 35, 0, 0.06%, 8, 0, 6, 259.77
1735226597, 10, 16, 72, 35, 0, 0.06%, 8, 0, 6, 274.40
1735226607, 10, 17, 72, 35, 0, 0.06%, 8, 0, 6, 308.53
1735226628, 10, 20, 72, 34, 0, 0.06%, 8, 0, 6, 290.89
1735226638, 10, 21, 72, 34, 0, 0.06%, 8, 0, 6, 287.46
1735226653, 10, 23, 72, 34, 0, 0.06%, 8, 0, 6, 300.57
1735226689, 10, 23, 73, 35, 0, 0.06%, 8, 0, 6, 295.22
1735226699, 10, 48, 73, 34, 0, 0.06%, 8, 0, 6, 328.79
1735226749, 10, 52, 73, 33, 0, 0.06%, 8, 0, 6, 287.91
1735226760, 10, 53, 73, 33, 0, 0.06%, 8, 0, 6, 294.82
1735226770, 10, 54, 73, 33, 0, 0.06%, 8, 0, 6, 418.54
1735226821, 10, 58, 74, 33, 0, 0.06%, 8, 0, 7, 355.49
1735226937, 10, 59, 74, 32, 0, 0.06%, 8, 0, 7, 314.51
1735226988, 11, 5, 74, 31, 0, 0.06%, 8, 0, 7, 284.04
1735226993, 11, 10, 74, 31, 0, 0.06%, 8, 0, 7, 265.33
1735226998, 11, 12, 74, 31, 0, 0.06%, 8, 0, 7, 253.89
1735227003, 11, 13, 74, 31, 0, 0.06%, 8, 0, 7, 264.17
1735227008, 11, 14, 74, 31, 0, 0.06%, 8, 0, 7, 251.16
1735227034, 11, 15, 74, 30, 0, 0.06%, 8, 0, 7, 317.28
1735227059, 11, 16, 74, 29, 0, 0.06%, 8, 0, 7, 257.09
1735227064, 11, 20, 74, 29, 0, 0.06%, 8, 0, 7, 238.84
1735227069, 11, 21, 74, 29, 0, 0.06%, 8, 0, 7, 265.87
1735227074, 11, 30, 74, 29, 0, 0.06%, 8, 0, 7, 248.25
1735227125, 11, 35, 74, 28, 0, 0.06%, 8, 0, 7, 273.63
1735227242, 11, 37, 74, 27, 0, 0.06%, 8, 0, 7, 390.84
1735227293, 11, 39, 74, 26, 0, 0.06%, 8, 0, 7, 312.73
1735227338, 11, 44, 74, 25, 0, 0.06%, 8, 0, 7, 279.39
1735227389, 11, 52, 74, 24, 0, 0.06%, 8, 0, 7, 310.16
1735227394, 11, 57, 74, 24, 0, 0.06%, 8, 0, 7, 271.38
1735227567, 11, 57, 75, 25, 0, 0.06%, 8, 0, 7, 358.20
1735227572, 11, 57, 76, 26, 0, 0.06%, 8, 0, 7, 360.10
1735227628, 11, 69, 76, 25, 0, 0.06%, 8, 0, 7, 381.86
1735227729, 11, 70, 76, 24, 0, 0.06%, 8, 0, 7, 430.32
1735227800, 11, 72, 76, 23, 0, 0.06%, 8, 0, 7, 336.76
1735227805, 11, 72, 77, 24, 0, 0.06%, 8, 0, 7, 449.66
1735227906, 11, 73, 77, 23, 0, 0.06%, 8, 0, 7, 264.32
1735228028, 11, 74, 77, 22, 0, 0.06%, 8, 0, 7, 355.27
1735228231, 11, 74, 78, 23, 0, 0.06%, 8, 0, 8, 303.26
1735228241, 12, 10, 78, 22, 0, 0.06%, 8, 0, 8, 294.87
1735228247, 12, 13, 78, 22, 0, 0.06%, 8, 0, 8, 264.48
1735228252, 12, 19, 78, 22, 0, 0.06%, 8, 0, 8, 270.86
1735228303, 12, 20, 78, 21, 0, 0.06%, 8, 0, 8, 248.25
1735228308, 12, 21, 78, 21, 0, 0.06%, 8, 0, 8, 265.48
1735228313, 12, 25, 78, 21, 0, 0.06%, 8, 0, 8, 352.42
1735228364, 12, 36, 78, 20, 0, 0.06%, 8, 0, 8, 408.80
1735228414, 12, 42, 78, 19, 0, 0.06%, 8, 0, 8, 305.51
1735228424, 12, 52, 78, 19, 0, 0.06%, 8, 0, 8, 275.68
1735228429, 12, 61, 78, 19, 0, 0.06%, 8, 0, 8, 293.20
1735228440, 12, 65, 78, 19, 0, 0.06%, 8, 0, 8, 385.59
1735228557, 13, 10, 78, 18, 0, 0.06%, 8, 0, 8, 261.93
1735228562, 13, 13, 78, 18, 0, 0.06%, 8, 0, 8, 264.76
1735228567, 13, 20, 78, 18, 0, 0.06%, 8, 0, 8, 261.66
1735228572, 13, 21, 78, 18, 0, 0.06%, 8, 0, 8, 260.01
1735228578, 13, 33, 78, 18, 0, 0.06%, 8, 0, 8, 276.50
1735228588, 13, 52, 78, 18, 0, 0.06%, 8, 0, 8, 273.80
1735228593, 13, 55, 78, 18, 0, 0.06%, 8, 0, 8, 319.87
1735228684, 13, 62, 78, 17, 0, 0.06%, 8, 0, 8, 376.31
1735228746, 13, 76, 78, 16, 0, 0.06%, 8, 0, 8, 400.03
1735228852, 13, 77, 79, 16, 0, 0.06%, 8, 0, 9, 322.27
1735228979, 14, 10, 79, 15, 0, 0.06%, 8, 0, 9, 276.56
1735228984, 14, 13, 79, 15, 0, 0.06%, 8, 0, 9, 267.97
1735228989, 14, 20, 79, 15, 0, 0.06%, 8, 0, 9, 264.24
1735228994, 14, 21, 79, 15, 0, 0.06%, 8, 0, 9, 265.65
1735228999, 14, 30, 79, 15, 0, 0.06%, 8, 0, 9, 260.39
1735229015, 14, 38, 79, 15, 0, 0.06%, 8, 0, 9, 398.11
1735229091, 14, 46, 79, 14, 0, 0.06%, 8, 0, 9, 430.35
1735229137, 14, 51, 79, 13, 0, 0.06%, 8, 0, 9, 292.24
1735229198, 14, 52, 79, 12, 0, 0.06%, 8, 0, 9, 287.66
1735229203, 14, 63, 79, 12, 0, 0.06%, 8, 0, 9, 338.48
1735229548, 14, 71, 79, 11, 0, 0.06%, 8, 0, 9, 283.09
1735229650, 14, 75, 79, 10, 0, 0.06%, 8, 0, 9, 256.93
1735229883, 15, 10, 79, 9, 0, 0.06%, 8, 0, 9, 272.65
1735229888, 15, 13, 79, 9, 0, 0.06%, 8, 0, 9, 268.33
1735229893, 15, 16, 79, 9, 0, 0.06%, 8, 0, 9, 270.38
1735229898, 15, 21, 79, 9, 0, 0.06%, 8, 0, 9, 282.61
1735229903, 15, 34, 79, 9, 0, 0.06%, 8, 0, 9, 277.93
1735229959, 15, 41, 79, 8, 0, 0.06%, 8, 0, 9, 290.13
1735230050, 15, 41, 80, 9, 0, 0.06%, 8, 0, 9, 304.48
1735230106, 15, 42, 80, 8, 0, 0.06%, 8, 0, 9, 317.60
1735230116, 15, 52, 80, 8, 0, 0.06%, 8, 0, 9, 279.28
1735230121, 15, 65, 80, 8, 0, 0.06%, 8, 0, 9, 298.10
1735230142, 15, 79, 80, 8, 0, 0.06%, 8, 0, 9, 385.90
1735230264, 16, 10, 80, 7, 0, 0.06%, 8, 0, 9, 264.27
1735230269, 16, 13, 80, 7, 0, 0.06%, 8, 0, 9, 266.18
1735230274, 16, 20, 80, 7, 0, 0.06%, 8, 0, 9, 256.93
1735230279, 16, 21, 80, 7, 0, 0.06%, 8, 0, 9, 267.94
1735230284, 16, 52, 80, 7, 0, 0.06%, 8, 0, 9, 283.09
1735230289, 16, 70, 80, 7, 0, 0.06%, 8, 0, 9, 311.77
1735230309, 16, 78, 80, 7, 0, 0.06%, 8, 0, 9, 367.55
1735230436, 17, 10, 80, 6, 0, 0.06%, 8, 0, 9, 278.79
1735230441, 17, 13, 80, 6, 0, 0.06%, 8, 0, 9, 275.35
1735230446, 17, 20, 80, 6, 0, 0.06%, 8, 0, 9, 263.58
1735230451, 17, 21, 80, 6, 0, 0.06%, 8, 0, 9, 269.59
1735230461, 17, 25, 80, 6, 0, 0.06%, 8, 0, 9, 286.70
1735230471, 17, 42, 80, 6, 0, 0.06%, 8, 0, 9, 323.42
1735230476, 17, 52, 80, 6, 0, 0.06%, 8, 0, 9, 293.00
1735230482, 18, 10, 80, 6, 0, 0.06%, 8, 0, 9, 285.25
1735230487, 18, 13, 80, 6, 0, 0.06%, 8, 0, 9, 262.45
1735230492, 18, 20, 80, 6, 0, 0.06%, 8, 0, 9, 269.15
1735230497, 18, 21, 80, 6, 0, 0.06%, 8, 0, 9, 276.90
1735230502, 18, 32, 80, 6, 0, 0.06%, 8, 0, 9, 304.18
1735230578, 18, 33, 80, 5, 0, 0.06%, 8, 0, 9, 280.97
1735230588, 18, 52, 80, 5, 0, 0.06%, 8, 0, 9, 290.89
1735230593, 18, 63, 80, 5, 0, 0.06%, 8, 0, 9, 349.04
1735230609, 19, 10, 80, 5, 0, 0.06%, 8, 0, 9, 296.45
1735230614, 19, 13, 80, 5, 0, 0.06%, 8, 0, 9, 273.25
1735230619, 19, 20, 80, 5, 0, 0.06%, 8, 0, 9, 257.63
1735230624, 19, 21, 80, 5, 0, 0.06%, 8, 0, 9, 251.46
1735230629, 19, 35, 80, 5, 0, 0.06%, 8, 0, 9, 286.12
1735230639, 19, 38, 80, 5, 0, 0.06%, 8, 0, 9, 286.99
1735230649, 19, 52, 80, 5, 0, 0.06%, 8, 0, 9, 302.46
1735230654, 19, 64, 80, 5, 0, 0.06%, 8, 0, 9, 298.76
1735230675, 19, 67, 80, 5, 0, 0.06%, 8, 0, 9, 403.65
1735230879, 19, 78, 80, 4, 0, 0.06%, 8, 0, 9, 312.49
1735230909, 20, 12, 80, 4, 0, 0.06%, 8, 0, 9, 255.15
1735230914, 20, 14, 80, 4, 0, 0.06%, 8, 0, 9, 256.53
1735230919, 20, 16, 80, 4, 0, 0.06%, 8, 0, 9, 269.61
1735230925, 20, 19, 80, 4, 0, 0.06%, 8, 0, 9, 278.81
1735230935, 20, 20, 80, 4, 0, 0.06%, 8, 0, 9, 258.70
1735230940, 20, 21, 80, 4, 0, 0.06%, 8, 0, 9, 264.55
1735230945, 20, 46, 80, 4, 0, 0.06%, 8, 0, 9, 278.63
1735230955, 20, 52, 80, 4, 0, 0.06%, 8, 0, 9, 277.97
1735230960, 20, 55, 80, 4, 0, 0.06%, 8, 0, 9, 288.04
1735230970, 20, 59, 80, 4, 0, 0.06%, 8, 0, 9, 283.00
1735230980, 20, 70, 80, 4, 0, 0.06%, 8, 0, 9, 318.44
1735230985, 20, 71, 80, 4, 0, 0.06%, 8, 0, 9, 310.17
1735231005, 20, 73, 80, 4, 0, 0.06%, 8, 0, 9, 283.70
1735231026, 21, 10, 80, 4, 0, 0.06%, 8, 0, 9, 277.86
1735231031, 21, 13, 80, 4, 0, 0.06%, 8, 0, 9, 271.07
1735231036, 21, 20, 80, 4, 0, 0.06%, 8, 0, 9, 255.91
1735231041, 21, 21, 80, 4, 0, 0.06%, 8, 0, 9, 255.36
1735231046, 21, 42, 80, 4, 0, 0.06%, 8, 0, 9, 283.77
1735231051, 21, 43, 80, 4, 0, 0.06%, 8, 0, 9, 299.06
1735231061, 21, 52, 80, 4, 0, 0.06%, 8, 0, 9, 287.18
1735231066, 21, 60, 80, 4, 0, 0.06%, 8, 0, 9, 400.11
1735231127, 22, 12, 80, 3, 0, 0.06%, 8, 0, 9, 283.54
1735231132, 22, 16, 80, 3, 0, 0.06%, 8, 0, 9, 268.05
1735231137, 22, 20, 80, 3, 0, 0.06%, 8, 0, 9, 275.18
1735231142, 22, 21, 80, 3, 0, 0.06%, 8, 0, 9, 269.03
1735231147, 22, 52, 80, 3, 0, 0.06%, 8, 0, 9, 281.67
1735231153, 22, 78, 80, 3, 0, 0.06%, 8, 0, 9, 314.48
1735231178, 23, 10, 80, 3, 0, 0.06%, 8, 0, 9, 293.35
1735231183, 23, 13, 80, 3, 0, 0.06%, 8, 0, 9, 273.83
1735231188, 23, 20, 80, 3, 0, 0.06%, 8, 0, 9, 276.87
1735231193, 23, 21, 80, 3, 0, 0.06%, 8, 0, 9, 259.01
1735231203, 23, 46, 80, 3, 0, 0.06%, 8, 0, 9, 277.89
1735231208, 23, 52, 80, 3, 0, 0.06%, 8, 0, 9, 298.94
1735231214, 23, 63, 80, 3, 0, 0.06%, 8, 0, 9, 303.25
1735231219, 23, 76, 80, 3, 0, 0.06%, 8, 0, 9, 291.69
1735231239, 23, 77, 80, 3, 0, 0.06%, 8, 0, 9, 283.86
1735231270, 24, 12, 80, 3, 0, 0.06%, 8, 0, 9, 275.40
1735231275, 24, 13, 80, 3, 0, 0.06%, 8, 0, 9, 267.06
1735231280, 24, 20, 80, 3, 0, 0.06%, 8, 0, 9, 262.70
1735231285, 24, 21, 80, 3, 0, 0.06%, 8, 0, 9, 257.71
1735231290, 24, 30, 80, 3, 0, 0.06%, 8, 0, 9, 252.21
1735231300, 24, 52, 80, 3, 0, 0.06%, 8, 0, 9, 264.24
1735231305, 24, 72, 80, 3, 0, 0.06%, 8, 0, 9, 279.28
1735231325, 25, 10, 80, 3, 0, 0.06%, 8, 0, 9, 275.87
1735231330, 25, 13, 80, 3, 0, 0.06%, 8, 0, 9, 258.18
1735231336, 25, 15, 80, 3, 0, 0.06%, 8, 0, 9, 279.31
1735231341, 25, 20, 80, 3, 0, 0.06%, 8, 0, 9, 262.69
1735231346, 25, 21, 80, 3, 0, 0.06%, 8, 0, 9, 257.74
1735231351, 25, 52, 80, 3, 0, 0.06%, 8, 0, 9, 247.98
1735231356, 25, 76, 80, 3, 0, 0.06%, 8, 0, 9, 274.96
1735231366, 26, 10, 80, 3, 0, 0.06%, 8, 0, 9, 270.06
1735231371, 26, 13, 80, 3, 0, 0.06%, 8, 0, 9, 269.08
1735231376, 26, 20, 80, 3, 0, 0.06%, 8, 0, 9, 271.79
1735231386, 26, 21, 80, 3, 0, 0.06%, 8, 0, 9, 285.89
1735231391, 26, 24, 80, 3, 0, 0.06%, 8, 0, 9, 309.35
1735231402, 26, 28, 80, 3, 0, 0.06%, 8, 0, 9, 299.90
1735231407, 26, 40, 80, 3, 0, 0.06%, 8, 0, 9, 278.00
1735231908, 26, 52, 80, 2, 0, 0.06%, 8, 0, 9, 282.02
1735231913, 27, 10, 80, 2, 0, 0.06%, 8, 0, 9, 267.74
1735231918, 27, 13, 80, 2, 0, 0.06%, 8, 0, 9, 266.71
1735231923, 27, 20, 80, 2, 0, 0.06%, 8, 0, 9, 266.19
1735231928, 27, 21, 80, 2, 0, 0.06%, 8, 0, 9, 280.27
1735231933, 27, 41, 80, 2, 0, 0.06%, 8, 0, 9, 280.33
1735231943, 27, 52, 80, 2, 0, 0.06%, 8, 0, 9, 276.75
1735231948, 28, 10, 80, 2, 0, 0.06%, 8, 0, 9, 269.95
1735231953, 28, 11, 80, 2, 0, 0.06%, 8, 0, 9, 253.03
1735231958, 28, 13, 80, 2, 0, 0.06%, 8, 0, 9, 263.37
1735231964, 28, 20, 80, 2, 0, 0.06%, 8, 0, 9, 254.07
1735231969, 28, 21, 80, 2, 0, 0.06%, 8, 0, 9, 269.06
1735231974, 28, 34, 80, 2, 0, 0.06%, 8, 0, 9, 274.54
1735231984, 28, 52, 80, 2, 0, 0.06%, 8, 0, 9, 287.62
1735231989, 28, 54, 80, 2, 0, 0.06%, 8, 0, 9, 286.97
1735231999, 28, 69, 80, 2, 0, 0.06%, 8, 0, 9, 313.03
1735232020, 28, 71, 80, 2, 0, 0.06%, 8, 0, 9, 296.70
1735232025, 29, 12, 80, 2, 0, 0.06%, 8, 0, 9, 275.80
1735232030, 29, 16, 80, 2, 0, 0.06%, 8, 0, 9, 268.40
1735232035, 29, 20, 80, 2, 0, 0.06%, 8, 0, 9, 262.63
1735232040, 29, 21, 80, 2, 0, 0.06%, 8, 0, 9, 268.02
1735232045, 29, 41, 80, 2, 0, 0.06%, 8, 0, 9, 302.81
1735232055, 29, 52, 80, 2, 0, 0.06%, 8, 0, 9, 280.92
1735232060, 29, 62, 80, 2, 0, 0.06%, 8, 0, 9, 278.78
1735232081, 30, 10, 80, 2, 0, 0.06%, 8, 0, 9, 268.72
1735232086, 30, 13, 80, 2, 0, 0.06%, 8, 0, 9, 268.68
1735232091, 30, 20, 80, 2, 0, 0.06%, 8, 0, 9, 263.39
1735232096, 30, 21, 80, 2, 0, 0.06%, 8, 0, 9, 257.48
1735232101, 30, 52, 80, 2, 0, 0.06%, 8, 0, 9, 272.92
1735232106, 30, 65, 80, 2, 0, 0.06%, 8, 0, 9, 266.70
1735232111, 31, 10, 80, 2, 0, 0.06%, 8, 0, 9, 275.24
1735232116, 31, 13, 80, 2, 0, 0.06%, 8, 0, 9, 265.41
1735232121, 31, 14, 80, 2, 0, 0.06%, 8, 0, 9, 262.80
1735232126, 31, 16, 80, 2, 0, 0.06%, 8, 0, 9, 266.48
1735232131, 31, 20, 80, 2, 0, 0.06%, 8, 0, 9, 270.93
1735232136, 31, 21, 80, 2, 0, 0.06%, 8, 0, 9, 272.32
1735232142, 31, 28, 80, 2, 0, 0.06%, 8, 0, 9, 274.08
1735232147, 31, 35, 80, 2, 0, 0.06%, 8, 0, 9, 275.84
1735232157, 31, 48, 80, 2, 0, 0.06%, 8, 0, 9, 267.31
1735232167, 31, 49, 80, 2, 0, 0.06%, 8, 0, 9, 260.59
1735232634, 31, 52, 80, 1, 0, 0.06%, 8, 0, 9, 288.14
1735232639, 31, 60, 80, 1, 0, 0.06%, 8, 0, 9, 272.80
1735232649, 31, 67, 80, 1, 0, 0.06%, 8, 0, 9, 271.00
1735232669, 32, 12, 80, 1, 0, 0.06%, 8, 0, 9, 272.63
1735232674, 32, 16, 80, 1, 0, 0.06%, 8, 0, 9, 255.68
1735232679, 32, 20, 80, 1, 0, 0.06%, 8, 0, 9, 264.31
1735232684, 32, 21, 80, 1, 0, 0.06%, 8, 0, 9, 271.15
1735232689, 32, 35, 80, 1, 0, 0.06%, 8, 0, 9, 296.69
1735232700, 32, 63, 80, 1, 0, 0.06%, 8, 0, 9, 293.29
1735232705, 33, 2, 80, 1, 0, 0.06%, 8, 0, 9, 280.09
1735232710, 33, 12, 80, 1, 0, 0.06%, 8, 0, 9, 265.71
1735232715, 33, 16, 80, 1, 0, 0.06%, 8, 0, 9, 268.44
1735232720, 33, 20, 80, 1, 0, 0.06%, 8, 0, 9, 268.73
1735232725, 33, 21, 80, 1, 0, 0.06%, 8, 0, 9, 275.78
1735232730, 33, 22, 80, 1, 0, 0.06%, 8, 0, 9, 272.59
1735232740, 33, 47, 80, 1, 0, 0.06%, 8, 0, 9, 331.03
1735232786, 33, 52, 80, 0, 0, 0.06%, 8, 0, 9, 277.21
1735232791, 34, 10, 80, 0, 0, 0.06%, 8, 0, 9, 268.24
1735232796, 34, 13, 80, 0, 0, 0.06%, 8, 0, 9, 265.68
1735232801, 34, 20, 80, 0, 0, 0.06%, 8, 0, 9, 264.33
1735232806, 34, 21, 80, 0, 0, 0.06%, 8, 0, 9, 267.96
1735232811, 34, 52, 80, 0, 0, 0.06%, 8, 0, 9, 274.26
1735232816, 34, 64, 80, 0, 0, 0.06%, 8, 0, 9, 276.11
1735232821, 34, 75, 80, 0, 0, 0.06%, 8, 0, 9, 326.86
1735232842, 35, 10, 80, 0, 0, 0.06%, 8, 0, 9, 263.22
1735232847, 35, 13, 80, 0, 0, 0.06%, 8, 0, 9, 261.86
1735232852, 35, 18, 80, 0, 0, 0.06%, 8, 0, 9, 261.37
1735232857, 35, 20, 80, 0, 0, 0.06%, 8, 0, 9, 277.37
1735232862, 35, 21, 80, 0, 0, 0.06%, 8, 0, 9, 272.72
1735232867, 35, 24, 80, 0, 0, 0.06%, 8, 0, 9, 274.28
1735232877, 35, 28, 80, 0, 0, 0.06%, 8, 0, 9, 268.83
1735232887, 35, 37, 80, 0, 0, 0.06%, 8, 0, 9, 282.09
1735232902, 35, 47, 80, 0, 0, 0.06%, 8, 0, 9, 273.67
1735232908, 35, 52, 80, 0, 0, 0.06%, 8, 0, 9, 279.50
1735232913, 35, 53, 80, 0, 0, 0.06%, 8, 0, 9, 293.41
1735232923, 35, 76, 80, 0, 0, 0.06%, 8, 0, 9, 293.46
1735232933, 36, 0, 80, 0, 0, 0.06%, 8, 0, 9, 273.54
1735232938, 36, 12, 80, 0, 0, 0.06%, 8, 0, 9, 266.26
1735232943, 36, 16, 80, 0, 0, 0.06%, 8, 0, 9, 259.39
1735232949, 36, 20, 80, 0, 0, 0.06%, 8, 0, 9, 282.85
1735232954, 36, 21, 80, 0, 0, 0.06%, 8, 0, 9, 281.49
1735232959, 36, 23, 80, 0, 0, 0.06%, 8, 0, 9, 260.18
1735232969, 36, 50, 80, 0, 0, 0.06%, 8, 0, 9, 310.60
1735232974, 36, 52, 80, 0, 0, 0.06%, 8, 0, 9, 301.40
1735232979, 37, 10, 80, 0, 0, 0.06%, 8, 0, 9, 279.89
1735232984, 37, 13, 80, 0, 0, 0.06%, 8, 0, 9, 265.40
1735232989, 37, 20, 80, 0, 0, 0.06%, 8, 0, 9, 267.82
1735232995, 37, 21, 80, 0, 0, 0.06%, 8, 0, 9, 267.11
1735233000, 37, 52, 80, 0, 0, 0.06%, 8, 0, 9, 279.64
1735233005, 38, 10, 80, 0, 0, 0.06%, 8, 0, 9, 265.73
1735233010, 38, 13, 80, 0, 0, 0.06%, 8, 0, 9, 269.95
1735233015, 38, 17, 80, 0, 0, 0.06%, 8, 0, 9, 266.70
1735233020, 38, 20, 80, 0, 0, 0.06%, 8, 0, 9, 273.27
1735233025, 38, 21, 80, 0, 0, 0.06%, 8, 0, 9, 267.05
1735233030, 38, 52, 80, 0, 0, 0.06%, 8, 0, 9, 289.34
1735233035, 39, 10, 80, 0, 0, 0.06%, 8, 0, 9, 276.87
1735233040, 39, 13, 80, 0, 0, 0.06%, 8, 0, 9, 261.87
1735233045, 39, 20, 80, 0, 0, 0.06%, 8, 0, 9, 268.43
1735233050, 39, 21, 80, 0, 0, 0.06%, 8, 0, 9, 267.02
1735233055, 39, 22, 80, 0, 0, 0.06%, 8, 0, 9, 271.02
1735233066, 39, 38, 80, 0, 0, 0.06%, 8, 0, 9, 286.29
1735233076, 39, 43, 80, 0, 0, 0.06%, 8, 0, 9, 280.87
1735233091, 39, 58, 80, 0, 0, 0.06%, 8, 0, 9, 280.64
1735233106, 39, 59, 80, 0, 0, 0.06%, 8, 0, 9, 283.38
1735233116, 40, 12, 80, 0, 0, 0.06%, 8, 0, 9, 253.68
1735233122, 40, 16, 80, 0, 0, 0.06%, 8, 0, 9, 266.93
1735233127, 40, 19, 80, 0, 0, 0.06%, 8, 0, 9, 274.80
1735233137, 40, 20, 80, 0, 0, 0.06%, 8, 0, 9, 284.97
1735233142, 40, 21, 80, 0, 0, 0.06%, 8, 0, 9, 271.86
1735233147, 40, 46, 80, 0, 0, 0.06%, 8, 0, 9, 272.76
1735233157, 40, 47, 80, 0, 0, 0.06%, 8, 0, 9, 277.91
1735233167, 40, 52, 80, 0, 0, 0.06%, 8, 0, 9, 287.13
1735233173, 40, 66, 80, 0, 0, 0.06%, 8, 0, 9, 288.75
1735233188, 40, 71, 80, 0, 0, 0.06%, 8, 0, 9, 287.33
1735233193, 41, 10, 80, 0, 0, 0.06%, 8, 0, 9, 271.56
1735233198, 41, 13, 80, 0, 0, 0.06%, 8, 0, 9, 263.65
1735233203, 41, 20, 80, 0, 0, 0.06%, 8, 0, 9, 262.99
1735233208, 41, 21, 80, 0, 0, 0.06%, 8, 0, 9, 252.68
1735233218, 41, 52, 80, 0, 0, 0.06%, 8, 0, 9, 273.00
1735233223, 42, 12, 80, 0, 0, 0.06%, 8, 0, 9, 270.75
1735233228, 42, 16, 80, 0, 0, 0.06%, 8, 0, 9, 269.82
1735233233, 42, 20, 80, 0, 0, 0.06%, 8, 0, 9, 260.45
1735233239, 42, 21, 80, 0, 0, 0.06%, 8, 0, 9, 261.11
1735233244, 42, 33, 80, 0, 0, 0.06%, 8, 0, 9, 279.99
1735233254, 42, 52, 80, 0, 0, 0.06%, 8, 0, 9, 273.24
1735233259, 42, 68, 80, 0, 0, 0.06%, 8, 0, 9, 339.60
1735233274, 42, 77, 80, 0, 0, 0.06%, 8, 0, 9, 308.07
1735233289, 43, 10, 80, 0, 0, 0.06%, 8, 0, 9, 274.02
1735233295, 43, 12, 80, 0, 0, 0.06%, 8, 0, 9, 276.35
1735233300, 43, 16, 80, 0, 0, 0.06%, 8, 0, 9, 270.50
1735233305, 43, 21, 80, 0, 0, 0.06%, 8, 0, 9, 273.69
1735233315, 43, 52, 80, 0, 0, 0.06%, 8, 0, 9, 279.60
1735233320, 43, 66, 80, 0, 0, 0.06%, 8, 0, 9, 295.54
1735233325, 43, 67, 80, 0, 0, 0.06%, 8, 0, 9, 289.55
1735233330, 43, 69, 80, 0, 0, 0.06%, 8, 0, 9, 306.39
1735233335, 43, 72, 80, 0, 0, 0.06%, 8, 0, 9, 298.56
1735233345, 44, 10, 80, 0, 0, 0.06%, 8, 0, 9, 269.00
1735233351, 44, 13, 80, 0, 0, 0.06%, 8, 0, 9, 255.76
1735233356, 44, 18, 80, 0, 0, 0.06%, 8, 0, 9, 281.43
1735233361, 44, 20, 80, 0, 0, 0.06%, 8, 0, 9, 269.02
1735233366, 44, 21, 80, 0, 0, 0.06%, 8, 0, 9, 271.26
1735233371, 44, 25, 80, 0, 0, 0.06%, 8, 0, 9, 277.23
1735233381, 44, 35, 80, 0, 0, 0.06%, 8, 0, 9, 288.12
1735233386, 44, 40, 80, 0, 0, 0.06%, 8, 0, 9, 329.72
1735233397, 44, 47, 80, 0, 0, 0.06%, 8, 0, 9, 282.23
1735233407, 44, 52, 80, 0, 0, 0.06%, 8, 0, 9, 276.14
1735233412, 44, 61, 80, 0, 0, 0.06%, 8, 0, 9, 295.12
1735233417, 44, 67, 80, 0, 0, 0.06%, 8, 0, 9, 292.49
1735233422, 45, 0, 80, 0, 0, 0.06%, 8, 0, 9, 280.81
1735233427, 45, 12, 80, 0, 0, 0.06%, 8, 0, 9, 268.40
1735233432, 45, 16, 80, 0, 0, 0.06%, 8, 0, 9, 263.31
1735233437, 45, 20, 80, 0, 0, 0.06%, 8, 0, 9, 259.05
1735233442, 45, 21, 80, 0, 0, 0.06%, 8, 0, 9, 255.58
1735233448, 45, 31, 80, 0, 0, 0.06%, 8, 0, 9, 287.13
1735233458, 45, 36, 80, 0, 0, 0.06%, 8, 0, 9, 304.52
1735233468, 45, 45, 80, 0, 0, 0.06%, 8, 0, 9, 293.83
1735233473, 45, 52, 80, 0, 0, 0.06%, 8, 0, 9, 289.17
1735233478, 45, 71, 80, 0, 0, 0.06%, 8, 0, 9, 304.17
1735233483, 45, 75, 80, 0, 0, 0.06%, 8, 0, 9, 318.60
1735233493, 46, 10, 80, 0, 0, 0.06%, 8, 0, 9, 273.65
1735233498, 46, 13, 80, 0, 0, 0.06%, 8, 0, 9, 260.97
1735233503, 46, 16, 80, 0, 0, 0.06%, 8, 0, 9, 263.72
1735233508, 46, 21, 80, 0, 0, 0.06%, 8, 0, 9, 268.47
1735233513, 46, 43, 80, 0, 0, 0.06%, 8, 0, 9, 279.61
1735233523, 46, 48, 80, 0, 0, 0.06%, 8, 0, 9, 275.89
1735233533, 46, 52, 80, 0, 0, 0.06%, 8, 0, 9, 274.44
1735233539, 46, 62, 80, 0, 0, 0.06%, 8, 0, 9, 279.51
1735233544, 47, 10, 80, 0, 0, 0.06%, 8, 0, 9, 268.51
1735233549, 47, 13, 80, 0, 0, 0.06%, 8, 0, 9, 261.88
1735233554, 47, 15, 80, 0, 0, 0.06%, 8, 0, 9, 276.49
1735233559, 47, 20, 80, 0, 0, 0.06%, 8, 0, 9, 271.31
1735233564, 47, 21, 80, 0, 0, 0.06%, 8, 0, 9, 274.19
1735233569, 47, 25, 80, 0, 0, 0.06%, 8, 0, 9, 277.53
1735233579, 47, 27, 80, 0, 0, 0.06%, 8, 0, 9, 266.89
1735233589, 47, 52, 80, 0, 0, 0.06%, 8, 0, 9, 272.40
1735233595, 47, 65, 80, 0, 0, 0.06%, 8, 0, 9, 284.98
1735233600, 47, 78, 80, 0, 0, 0.06%, 8, 0, 9, 281.62
1735233615, 48, 10, 80, 0, 0, 0.06%, 8, 0, 9, 283.02
1735233620, 48, 13, 80, 0, 0, 0.06%, 8, 0, 9, 277.39
1735233625, 48, 20, 80, 0, 0, 0.06%, 8, 0, 9, 261.21
1735233630, 48, 21, 80, 0, 0, 0.06%, 8, 0, 9, 267.07
1735233635, 48, 37, 80, 0, 0, 0.06%, 8, 0, 9, 280.11
1735233645, 48, 51, 80, 0, 0, 0.06%, 8, 0, 9, 285.97
1735233655, 48, 52, 80, 0, 0, 0.06%, 8, 0, 9, 278.23
1735233661, 48, 59, 80, 0, 0, 0.06%, 8, 0, 9, 289.19
1735233671, 48, 71, 80, 0, 0, 0.06%, 8, 0, 9, 292.93
1735233676, 48, 79, 80, 0, 0, 0.06%, 8, 0, 9, 300.20
1735233696, 49, 12, 80, 0, 0, 0.06%, 8, 0, 9, 282.38
1735233701, 49, 13, 80, 0, 0, 0.06%, 8, 0, 9, 257.76
1735233706, 49, 18, 80, 0, 0, 0.06%, 8, 0, 9, 284.48
1735233712, 49, 20, 80, 0, 0, 0.06%, 8, 0, 9, 254.10
1735233717, 49, 21, 80, 0, 0, 0.06%, 8, 0, 9, 253.69
1735233722, 49, 25, 80, 0, 0, 0.06%, 8, 0, 9, 272.17
1735233727, 49, 34, 80, 0, 0, 0.06%, 8, 0, 9, 285.57
1735233737, 49, 42, 80, 0, 0, 0.06%, 8, 0, 9, 285.52
1735233742, 49, 49, 80, 0, 0, 0.06%, 8, 0, 9, 337.52
1735233752, 49, 52, 80, 0, 0, 0.06%, 8, 0, 9, 293.36
1735233757, 49, 56, 80, 0, 0, 0.06%, 8, 0, 9, 311.83
