# unix_time, cycles_done, cur_path, paths_total, pending_total, pending_favs, map_size, unique_crashes, unique_hangs, max_depth, execs_per_sec
1735665696, 0, 0, 10, 10, 1, 0.00%, 0, 0, 1, 153.26
1735665706, 0, 1, 10, 9, 0, 0.00%, 0, 0, 1, 199.23
1735665712, 0, 2, 10, 8, 0, 0.00%, 0, 0, 1, 196.11
1735665722, 0, 3, 10, 7, 0, 0.00%, 0, 0, 1, 201.04
1735665732, 0, 4, 10, 6, 0, 0.00%, 0, 0, 1, 196.20
1735665737, 0, 5, 10, 5, 0, 0.00%, 0, 0, 1, 181.87
1735665747, 0, 6, 10, 4, 0, 0.00%, 0, 0, 1, 196.35
1735665752, 0, 7, 10, 3, 0, 0.00%, 0, 0, 1, 182.05
1735665763, 0, 8, 10, 2, 0, 0.00%, 0, 0, 1, 196.12
1735665768, 0, 9, 10, 1, 0, 0.00%, 0, 0, 1, 182.41
1735665778, 1, 1, 10, 0, 0, 0.00%, 0, 0, 1, 196.00
1735665783, 1, 2, 10, 0, 0, 0.00%, 0, 0, 1, 199.08
1735665788, 1, 3, 10, 0, 0, 0.00%, 0, 0, 1, 195.76
1735665793, 1, 5, 10, 0, 0, 0.00%, 0, 0, 1, 196.62
1735665798, 1, 6, 10, 0, 0, 0.00%, 0, 0, 1, 196.48
1735665803, 1, 8, 10, 0, 0, 0.00%, 0, 0, 1, 199.93
1735665808, 1, 9, 10, 0, 0, 0.00%, 0, 0, 1, 199.65
1735665814, 2, 0, 10, 0, 0, 0.00%, 0, 0, 1, 196.51
1735665819, 2, 2, 10, 0, 0, 0.00%, 0, 0, 1, 195.35
1735665824, 2, 3, 11, 1, 0, 0.05%, 1, 0, 2, 195.58
1735665829, 2, 10, 15, 5, 1, 0.06%, 5, 0, 3, 235.35
1735665844, 2, 10, 16, 6, 1, 0.06%, 5, 0, 3, 209.43
1735665900, 2, 12, 16, 5, 3, 0.06%, 5, 0, 3, 222.04
1735665905, 2, 12, 17, 6, 3, 0.06%, 5, 0, 4, 215.79
1735665930, 2, 12, 18, 7, 3, 0.06%, 5, 0, 4, 213.05
1735665961, 2, 12, 20, 9, 3, 0.06%, 6, 0, 4, 212.29
1735666007, 2, 12, 21, 10, 3, 0.06%, 7, 0, 4, 213.74
1735666037, 2, 12, 22, 11, 3, 0.06%, 8, 0, 4, 211.55
1735666062, 2, 13, 22, 10, 5, 0.06%, 8, 0, 4, 237.10
1735666067, 2, 13, 23, 11, 5, 0.07%, 9, 0, 4, 218.34
1735666088, 2, 13, 24, 12, 5, 0.07%, 9, 0, 4, 210.61
1735666113, 2, 13, 25, 13, 5, 0.07%, 9, 0, 4, 213.87
1735666174, 2, 13, 26, 14, 5, 0.07%, 10, 0, 4, 214.06
1735666184, 2, 14, 28, 15, 6, 0.07%, 10, 0, 4, 225.71
1735666209, 2, 18, 31, 17, 5, 0.07%, 10, 0, 5, 274.63
1735666214, 2, 18, 32, 18, 5, 0.07%, 10, 0, 5, 233.14
1735666275, 2, 18, 34, 20, 5, 0.07%, 10, 0, 5, 225.44
1735666280, 2, 20, 34, 19, 4, 0.07%, 10, 0, 5, 253.97
1735666290, 2, 20, 35, 20, 4, 0.07%, 10, 0, 5, 218.02
1735666351, 2, 21, 39, 23, 3, 0.07%, 10, 0, 5, 244.86
1735666377, 2, 21, 41, 25, 3, 0.07%, 10, 0, 5, 243.03
1735666382, 2, 25, 41, 24, 3, 0.07%, 10, 0, 5, 262.68
1735666392, 2, 25, 42, 25, 3, 0.07%, 10, 0, 5, 222.58
1735666407, 2, 25, 43, 26, 3, 0.07%, 10, 0, 5, 224.92
1735666479, 2, 25, 44, 27, 3, 0.07%, 10, 0, 5, 219.18
1735666509, 2, 30, 44, 26, 2, 0.07%, 10, 0, 5, 262.61
1735666545, 2, 30, 45, 27, 2, 0.07%, 10, 0, 6, 243.87
1735666550, 2, 35, 45, 26, 1, 0.07%, 10, 0, 6, 258.20
1735666570, 2, 35, 46, 27, 1, 0.07%, 10, 0, 6, 218.37
1735666586, 2, 35, 47, 28, 1, 0.07%, 10, 0, 6, 215.63
1735666627, 2, 35, 48, 29, 1, 0.07%, 10, 0, 6, 224.75
1735666637, 2, 42, 49, 29, 0, 0.07%, 10, 0, 6, 297.77
1735666642, 2, 42, 50, 30, 0, 0.07%, 10, 0, 6, 254.86
1735666647, 2, 42, 51, 31, 0, 0.07%, 10, 0, 6, 247.50
1735666688, 2, 42, 52, 32, 0, 0.07%, 10, 0, 6, 236.59
1735666708, 2, 42, 53, 33, 0, 0.07%, 10, 0, 6, 238.95
1735666754, 2, 50, 54, 33, 0, 0.07%, 10, 0, 7, 333.61
1735666779, 2, 50, 55, 34, 0, 0.07%, 10, 0, 7, 459.22
1735666866, 2, 51, 56, 34, 0, 0.07%, 10, 0, 7, 304.41
1735667161, 2, 51, 57, 35, 0, 0.07%, 10, 0, 7, 360.94
1735667182, 2, 51, 59, 37, 0, 0.07%, 10, 0, 7, 384.54
1735667197, 2, 51, 60, 38, 0, 0.07%, 10, 0, 7, 389.24
1735667233, 2, 59, 60, 37, 0, 0.07%, 10, 0, 7, 237.99
1735667532, 2, 59, 61, 38, 0, 0.07%, 10, 0, 8, 297.87
1735667537, 3, 10, 61, 37, 0, 0.07%, 10, 0, 8, 277.18
1735667542, 3, 11, 62, 38, 0, 0.07%, 10, 0, 8, 278.49
1735667558, 3, 12, 62, 37, 0, 0.07%, 10, 0, 8, 252.21
1735667563, 3, 13, 62, 37, 0, 0.07%, 10, 0, 8, 260.07
1735667568, 3, 14, 62, 37, 0, 0.07%, 10, 0, 8, 258.60
1735667573, 3, 15, 64, 39, 0, 0.07%, 10, 0, 8, 309.15
1735667588, 3, 18, 64, 38, 0, 0.07%, 10, 0, 8, 267.20
1735667598, 3, 20, 64, 38, 0, 0.07%, 10, 0, 8, 265.49
1735667608, 3, 25, 64, 38, 0, 0.07%, 10, 0, 8, 266.72
1735667619, 3, 30, 64, 38, 0, 0.07%, 10, 0, 8, 258.75
1735667629, 3, 31, 64, 38, 0, 0.07%, 10, 0, 8, 293.25
1735667649, 3, 31, 65, 39, 0, 0.07%, 10, 0, 8, 267.37
1735667669, 3, 32, 65, 38, 0, 0.07%, 10, 0, 8, 314.06
1735667679, 3, 32, 66, 39, 0, 0.07%, 10, 0, 8, 303.05
1735667710, 3, 34, 66, 38, 0, 0.07%, 10, 0, 8, 319.46
1735667726, 3, 34, 67, 39, 0, 0.07%, 10, 0, 8, 266.13
1735667736, 3, 34, 68, 40, 0, 0.07%, 10, 0, 8, 265.90
1735667782, 3, 35, 68, 39, 0, 0.07%, 10, 0, 8, 262.25
1735667792, 3, 38, 68, 39, 0, 0.07%, 10, 0, 8, 278.93
1735667802, 3, 38, 69, 40, 0, 0.07%, 10, 0, 8, 253.42
1735667812, 3, 38, 70, 41, 0, 0.08%, 11, 0, 8, 255.40
1735667863, 3, 38, 71, 42, 0, 0.08%, 11, 0, 8, 275.62
1735667868, 3, 68, 71, 41, 1, 0.08%, 11, 0, 8, 279.25
1735667894, 3, 69, 74, 43, 1, 0.08%, 12, 0, 8, 293.72
1735667899, 3, 69, 75, 44, 1, 0.08%, 12, 0, 8, 277.35
1735667909, 3, 69, 76, 45, 1, 0.08%, 12, 0, 8, 269.76
1735667964, 3, 73, 77, 45, 1, 0.08%, 12, 0, 8, 285.72
1735667984, 3, 74, 77, 44, 0, 0.08%, 12, 0, 8, 366.62
1735667989, 3, 74, 78, 45, 0, 0.08%, 12, 0, 8, 456.27
1735668014, 4, 5, 78, 44, 0, 0.08%, 12, 0, 8, 297.05
1735668020, 4, 12, 78, 44, 0, 0.08%, 12, 0, 8, 274.82
1735668025, 4, 14, 78, 44, 0, 0.08%, 12, 0, 8, 266.32
1735668030, 4, 18, 78, 44, 0, 0.08%, 12, 0, 8, 266.06
1735668035, 4, 20, 79, 45, 0, 0.08%, 12, 0, 8, 264.66
1735668040, 4, 22, 79, 45, 0, 0.08%, 12, 0, 8, 387.51
1735668070, 4, 24, 79, 44, 0, 0.08%, 12, 0, 8, 416.36
1735668101, 4, 25, 79, 43, 0, 0.08%, 12, 0, 8, 275.32
1735668106, 4, 26, 79, 43, 0, 0.08%, 12, 0, 8, 320.72
1735668131, 4, 27, 79, 42, 0, 0.08%, 12, 0, 8, 314.86
1735668167, 4, 28, 79, 41, 0, 0.08%, 12, 0, 8, 353.58
1735668202, 4, 30, 79, 40, 0, 0.08%, 12, 0, 8, 281.30
1735668207, 4, 31, 79, 40, 0, 0.08%, 12, 0, 8, 279.48
1735668218, 4, 35, 79, 40, 0, 0.08%, 12, 0, 8, 277.45
1735668223, 4, 39, 79, 40, 0, 0.08%, 12, 0, 8, 259.70
1735668248, 4, 40, 79, 39, 0, 0.08%, 12, 0, 8, 296.38
1735668284, 4, 48, 79, 38, 0, 0.08%, 12, 0, 8, 311.88
1735668309, 4, 51, 79, 37, 0, 0.08%, 12, 0, 8, 311.83
1735668319, 4, 53, 79, 37, 0, 0.08%, 12, 0, 8, 349.28
1735668410, 4, 53, 80, 38, 0, 0.08%, 12, 0, 8, 294.67
1735668415, 4, 64, 80, 37, 0, 0.08%, 12, 0, 8, 292.00
1735668497, 4, 65, 80, 36, 0, 0.08%, 12, 0, 8, 360.56
1735668527, 4, 65, 81, 37, 0, 0.08%, 12, 0, 8, 404.65
1735668563, 4, 71, 81, 36, 0, 0.08%, 12, 0, 8, 313.23
1735668588, 4, 73, 81, 35, 0, 0.08%, 12, 0, 8, 261.01
1735668598, 4, 76, 81, 35, 0, 0.08%, 12, 0, 8, 302.80
1735668624, 4, 78, 81, 34, 0, 0.08%, 12, 0, 8, 292.15
1735668873, 4, 78, 82, 35, 0, 0.08%, 12, 0, 8, 259.57
1735668909, 4, 79, 82, 34, 0, 0.08%, 12, 0, 8, 256.48
1735669127, 4, 80, 82, 33, 0, 0.08%, 12, 0, 8, 390.31
1735669238, 5, 1, 82, 32, 0, 0.08%, 12, 0, 8, 281.07
1735669243, 5, 10, 82, 32, 0, 0.08%, 12, 0, 8, 266.11
1735669248, 5, 13, 82, 32, 0, 0.08%, 12, 0, 8, 272.07
1735669254, 5, 17, 82, 32, 0, 0.08%, 12, 0, 8, 275.37
1735669279, 5, 18, 82, 31, 0, 0.08%, 12, 0, 8, 264.44
1735669284, 5, 19, 82, 31, 0, 0.08%, 12, 0, 8, 286.37
1735669315, 5, 20, 82, 30, 0, 0.08%, 12, 0, 8, 273.18
1735669320, 5, 25, 82, 30, 0, 0.08%, 12, 0, 8, 264.66
1735669325, 5, 30, 82, 30, 0, 0.08%, 12, 0, 8, 257.22
1735669330, 5, 31, 82, 30, 0, 0.08%, 12, 0, 8, 260.11
1735669335, 5, 35, 82, 30, 0, 0.08%, 12, 0, 8, 265.21
1735669345, 5, 46, 82, 30, 0, 0.08%, 12, 0, 8, 371.69
1735669437, 5, 47, 82, 29, 0, 0.08%, 12, 0, 8, 277.19
1735669468, 5, 54, 82, 28, 0, 0.08%, 12, 0, 8, 345.72
1735669564, 5, 61, 82, 27, 0, 0.08%, 12, 0, 8, 392.94
1735669584, 5, 70, 82, 26, 0, 0.08%, 12, 0, 8, 299.89
1735669614, 5, 72, 82, 25, 0, 0.08%, 12, 0, 8, 294.38
1735669639, 5, 73, 83, 25, 0, 0.08%, 12, 0, 8, 258.24
1735669649, 5, 82, 83, 25, 1, 0.08%, 12, 0, 8, 346.80
1735669721, 6, 12, 83, 24, 0, 0.08%, 12, 0, 8, 276.57
1735669726, 6, 14, 83, 24, 0, 0.08%, 12, 0, 8, 264.19
1735669731, 6, 16, 83, 24, 0, 0.08%, 12, 0, 8, 335.11
1735669756, 6, 18, 83, 23, 0, 0.08%, 12, 0, 8, 286.00
1735669766, 6, 20, 83, 23, 0, 0.08%, 12, 0, 8, 266.31
1735669771, 6, 24, 83, 23, 0, 0.08%, 12, 0, 8, 273.62
1735669782, 6, 25, 83, 23, 0, 0.08%, 12, 0, 8, 273.98
1735669787, 6, 29, 83, 23, 0, 0.08%, 12, 0, 8, 316.26
1735669812, 6, 30, 83, 22, 0, 0.08%, 12, 0, 8, 266.82
1735669818, 6, 31, 83, 22, 0, 0.08%, 12, 0, 8, 272.58
1735669823, 6, 33, 83, 22, 0, 0.08%, 12, 0, 8, 309.98
1735669848, 6, 34, 83, 21, 0, 0.08%, 12, 0, 8, 269.94
1735669858, 6, 35, 83, 21, 0, 0.08%, 12, 0, 8, 264.44
1735669863, 6, 47, 83, 21, 0, 0.08%, 12, 0, 8, 266.94
1735669873, 6, 48, 83, 21, 0, 0.08%, 12, 0, 8, 267.31
1735669883, 6, 60, 83, 21, 0, 0.08%, 12, 0, 8, 282.91
1735669924, 6, 62, 83, 20, 0, 0.08%, 12, 0, 8, 354.41
1735670031, 6, 67, 83, 19, 0, 0.08%, 12, 0, 8, 344.41
1735670056, 6, 80, 83, 18, 0, 0.08%, 12, 0, 8, 293.88
1735670061, 6, 81, 83, 18, 0, 0.08%, 12, 0, 8, 275.56
1735670355, 6, 82, 83, 17, 0, 0.08%, 12, 0, 8, 281.00
1735670375, 7, 12, 83, 17, 0, 0.08%, 12, 0, 8, 258.53
1735670380, 7, 14, 83, 17, 0, 0.08%, 12, 0, 8, 269.55
1735670385, 7, 18, 83, 17, 0, 0.08%, 12, 0, 8, 253.70
1735670390, 7, 20, 83, 17, 0, 0.08%, 12, 0, 8, 263.94
1735670395, 7, 25, 83, 17, 0, 0.08%, 12, 0, 8, 267.14
1735670400, 7, 30, 83, 17, 0, 0.08%, 12, 0, 8, 276.39
1735670405, 7, 35, 83, 17, 0, 0.08%, 12, 0, 8, 258.88
1735670411, 7, 44, 83, 17, 0, 0.08%, 12, 0, 8, 333.52
1735670436, 7, 45, 83, 16, 0, 0.08%, 12, 0, 8, 195.79
1735671043, 7, 66, 83, 15, 0, 0.08%, 12, 0, 8, 393.55
1735671326, 7, 77, 83, 14, 0, 0.08%, 12, 0, 8, 382.36
1735671367, 7, 78, 83, 13, 0, 0.08%, 12, 0, 8, 309.69
1735671372, 7, 82, 83, 13, 0, 0.08%, 12, 0, 8, 293.06
1735671382, 8, 10, 83, 13, 0, 0.08%, 12, 0, 8, 271.53
1735671387, 8, 13, 83, 13, 0, 0.08%, 12, 0, 8, 269.67
1735671392, 8, 18, 83, 13, 0, 0.08%, 12, 0, 8, 258.40
1735671397, 8, 20, 83, 13, 0, 0.08%, 12, 0, 8, 269.91
1735671402, 8, 25, 83, 13, 0, 0.08%, 12, 0, 8, 261.33
1735671407, 8, 29, 83, 13, 0, 0.08%, 12, 0, 8, 273.41
1735671417, 8, 30, 83, 13, 0, 0.08%, 12, 0, 8, 277.99
1735671422, 8, 35, 83, 13, 0, 0.08%, 12, 0, 8, 265.64
1735671427, 8, 39, 83, 13, 0, 0.08%, 12, 0, 8, 273.77
1735671443, 8, 41, 83, 13, 0, 0.08%, 12, 0, 8, 315.27
1735671468, 8, 68, 83, 12, 0, 0.08%, 12, 0, 8, 259.72
1735671478, 8, 69, 83, 12, 0, 0.08%, 12, 0, 8, 273.92
1735671488, 8, 72, 83, 12, 0, 0.08%, 12, 0, 8, 270.31
1735671498, 8, 75, 83, 12, 0, 0.08%, 12, 0, 8, 298.78
1735671529, 8, 82, 83, 11, 0, 0.08%, 12, 0, 8, 270.05
1735671539, 9, 12, 83, 11, 0, 0.08%, 12, 0, 8, 264.40
1735671544, 9, 14, 83, 11, 0, 0.08%, 12, 0, 8, 266.37
1735671549, 9, 17, 83, 11, 0, 0.08%, 12, 0, 8, 263.55
1735671559, 9, 18, 83, 11, 0, 0.08%, 12, 0, 8, 270.09
1735671564, 9, 20, 83, 11, 0, 0.08%, 12, 0, 8, 266.96
1735671569, 9, 23, 83, 11, 0, 0.08%, 12, 0, 8, 297.15
1735671594, 9, 25, 83, 10, 0, 0.08%, 12, 0, 8, 265.20
1735671599, 9, 30, 83, 10, 0, 0.08%, 12, 0, 8, 267.64
1735671604, 9, 33, 83, 10, 0, 0.08%, 12, 0, 8, 279.86
1735671615, 9, 35, 83, 10, 0, 0.08%, 12, 0, 8, 262.78
1735671620, 9, 43, 83, 10, 0, 0.08%, 12, 0, 8, 289.19
1735671661, 9, 49, 83, 9, 0, 0.08%, 12, 0, 8, 380.11
1735671711, 9, 63, 83, 8, 0, 0.08%, 12, 0, 8, 308.51
1735671736, 9, 82, 83, 7, 0, 0.08%, 12, 0, 8, 281.42
1735671746, 10, 10, 83, 7, 0, 0.08%, 12, 0, 8, 268.56
1735671752, 10, 13, 83, 7, 0, 0.08%, 12, 0, 8, 267.71
1735671757, 10, 15, 83, 7, 0, 0.08%, 12, 0, 8, 278.39
1735671762, 10, 18, 83, 7, 0, 0.08%, 12, 0, 8, 271.41
1735671767, 10, 20, 83, 7, 0, 0.08%, 12, 0, 8, 273.03
1735671772, 10, 25, 83, 7, 0, 0.08%, 12, 0, 8, 273.19
1735671777, 10, 30, 83, 7, 0, 0.08%, 12, 0, 8, 265.61
1735671782, 10, 35, 83, 7, 0, 0.08%, 12, 0, 8, 266.12
1735671787, 10, 36, 83, 7, 0, 0.08%, 12, 0, 8, 284.42
1735671813, 10, 46, 83, 6, 0, 0.08%, 12, 0, 8, 279.78
1735671823, 10, 57, 83, 6, 0, 0.08%, 12, 0, 8, 251.97
1735672143, 10, 66, 83, 5, 0, 0.08%, 12, 0, 8, 324.96
1735672153, 10, 76, 83, 5, 0, 0.08%, 12, 0, 8, 267.21
1735672163, 10, 82, 83, 5, 0, 0.08%, 12, 0, 8, 275.27
1735672168, 11, 10, 83, 5, 0, 0.08%, 12, 0, 8, 277.96
1735672173, 11, 13, 83, 5, 0, 0.08%, 12, 0, 8, 254.14
1735672178, 11, 16, 83, 5, 0, 0.08%, 12, 0, 8, 269.33
1735672193, 11, 18, 83, 5, 0, 0.08%, 12, 0, 8, 260.54
1735672198, 11, 20, 83, 5, 0, 0.08%, 12, 0, 8, 271.54
1735672203, 11, 23, 83, 5, 0, 0.08%, 12, 0, 8, 268.58
1735672213, 11, 25, 83, 5, 0, 0.08%, 12, 0, 8, 255.14
1735672218, 11, 26, 83, 5, 0, 0.08%, 12, 0, 8, 271.72
1735672229, 11, 30, 83, 5, 0, 0.08%, 12, 0, 8, 260.11
1735672234, 11, 35, 83, 5, 0, 0.08%, 12, 0, 8, 255.62
1735672239, 11, 74, 83, 5, 0, 0.08%, 12, 0, 8, 282.47
1735672249, 11, 82, 83, 5, 0, 0.08%, 12, 0, 8, 277.94
1735672259, 12, 11, 83, 5, 0, 0.08%, 12, 0, 8, 268.23
1735672264, 12, 12, 83, 5, 0, 0.08%, 12, 0, 8, 265.45
1735672269, 12, 13, 83, 5, 0, 0.08%, 12, 0, 8, 267.55
1735672274, 12, 18, 83, 5, 0, 0.08%, 12, 0, 8, 253.98
1735672279, 12, 20, 83, 5, 0, 0.08%, 12, 0, 8, 256.74
1735672284, 12, 25, 83, 5, 0, 0.08%, 12, 0, 8, 269.51
1735672289, 12, 30, 83, 5, 0, 0.08%, 12, 0, 8, 265.97
1735672294, 12, 35, 83, 5, 0, 0.08%, 12, 0, 8, 260.02
1735672299, 12, 46, 83, 5, 0, 0.08%, 12, 0, 8, 266.68
1735672309, 12, 76, 83, 5, 0, 0.08%, 12, 0, 8, 272.61
1735672320, 12, 82, 83, 5, 0, 0.08%, 12, 0, 8, 278.16
1735672325, 13, 10, 83, 5, 0, 0.08%, 12, 0, 8, 268.34
1735672330, 13, 13, 83, 5, 0, 0.08%, 12, 0, 8, 263.02
1735672335, 13, 18, 83, 5, 0, 0.08%, 12, 0, 8, 262.18
1735672340, 13, 20, 83, 5, 0, 0.08%, 12, 0, 8, 257.66
1735672345, 13, 25, 83, 5, 0, 0.08%, 12, 0, 8, 262.00
1735672350, 13, 30, 83, 5, 0, 0.08%, 12, 0, 8, 261.87
1735672355, 13, 34, 83, 5, 0, 0.08%, 12, 0, 8, 259.06
1735672365, 13, 35, 83, 5, 0, 0.08%, 12, 0, 8, 269.08
1735672370, 13, 36, 83, 5, 0, 0.08%, 12, 0, 8, 255.82
1735672381, 13, 37, 83, 5, 0, 0.08%, 12, 0, 8, 259.46
1735672406, 13, 55, 83, 4, 0, 0.08%, 12, 0, 8, 328.69
1735672730, 13, 80, 83, 3, 0, 0.08%, 12, 0, 8, 311.64
1735672735, 13, 81, 83, 3, 0, 0.08%, 12, 0, 8, 334.59
1735672740, 13, 82, 83, 3, 0, 0.08%, 12, 0, 8, 292.19
1735672750, 14, 12, 83, 3, 0, 0.08%, 12, 0, 8, 256.62
1735672755, 14, 14, 83, 3, 0, 0.08%, 12, 0, 8, 265.24
1735672760, 14, 18, 83, 3, 0, 0.08%, 12, 0, 8, 283.57
1735672765, 14, 20, 83, 3, 0, 0.08%, 12, 0, 8, 275.62
1735672770, 14, 25, 83, 3, 0, 0.08%, 12, 0, 8, 266.74
1735672775, 14, 30, 83, 3, 0, 0.08%, 12, 0, 8, 268.33
1735672780, 14, 32, 83, 3, 0, 0.08%, 12, 0, 8, 285.53
1735672791, 14, 35, 83, 3, 0, 0.08%, 12, 0, 8, 268.12
1735672796, 14, 49, 83, 3, 0, 0.08%, 12, 0, 8, 312.63
1735672806, 14, 52, 83, 3, 0, 0.08%, 12, 0, 8, 359.67
1735672831, 14, 68, 83, 2, 0, 0.08%, 12, 0, 8, 272.39
1735672846, 14, 82, 83, 2, 0, 0.08%, 12, 0, 8, 266.99
1735672851, 15, 10, 83, 2, 0, 0.08%, 12, 0, 8, 276.66
1735672856, 15, 13, 83, 2, 0, 0.08%, 12, 0, 8, 267.88
1735672862, 15, 18, 83, 2, 0, 0.08%, 12, 0, 8, 267.50
1735672867, 15, 20, 83, 2, 0, 0.08%, 12, 0, 8, 262.62
1735672872, 15, 25, 83, 2, 0, 0.08%, 12, 0, 8, 261.05
1735672877, 15, 27, 83, 2, 0, 0.08%, 12, 0, 8, 268.99
1735672887, 15, 30, 83, 2, 0, 0.08%, 12, 0, 8, 264.79
1735672892, 15, 35, 83, 2, 0, 0.08%, 12, 0, 8, 264.54
1735672897, 15, 52, 83, 2, 0, 0.08%, 12, 0, 8, 262.09
1735672907, 15, 66, 83, 2, 0, 0.08%, 12, 0, 8, 309.70
1735672917, 15, 82, 83, 2, 0, 0.08%, 12, 0, 8, 287.30
1735672928, 16, 10, 83, 2, 0, 0.08%, 12, 0, 8, 268.23
1735672933, 16, 13, 83, 2, 0, 0.08%, 12, 0, 8, 265.24
1735672938, 16, 18, 83, 2, 0, 0.08%, 12, 0, 8, 269.80
1735672943, 16, 20, 83, 2, 0, 0.08%, 12, 0, 8, 279.21
1735672948, 16, 25, 83, 2, 0, 0.08%, 12, 0, 8, 269.88
1735672953, 16, 27, 83, 2, 0, 0.08%, 12, 0, 8, 275.48
1735672958, 16, 30, 83, 2, 0, 0.08%, 12, 0, 8, 270.83
1735672963, 16, 33, 83, 2, 0, 0.08%, 12, 0, 8, 282.09
1735672968, 16, 35, 83, 2, 0, 0.08%, 12, 0, 8, 268.87
1735672978, 16, 59, 83, 2, 0, 0.08%, 12, 0, 8, 299.79
1735672988, 16, 68, 83, 2, 0, 0.08%, 12, 0, 8, 280.63
1735672993, 16, 82, 83, 2, 0, 0.08%, 12, 0, 8, 276.16
1735673004, 17, 10, 83, 2, 0, 0.08%, 12, 0, 8, 267.26
1735673009, 17, 13, 83, 2, 0, 0.08%, 12, 0, 8, 263.62
1735673014, 17, 18, 83, 2, 0, 0.08%, 12, 0, 8, 260.02
1735673019, 17, 20, 83, 2, 0, 0.08%, 12, 0, 8, 260.15
1735673024, 17, 25, 83, 2, 0, 0.08%, 12, 0, 8, 262.75
1735673029, 17, 30, 83, 2, 0, 0.08%, 12, 0, 8, 265.24
1735673034, 17, 35, 83, 2, 0, 0.08%, 12, 0, 8, 277.73
1735673039, 17, 43, 83, 2, 0, 0.08%, 12, 0, 8, 269.88
1735673054, 17, 58, 83, 2, 0, 0.08%, 12, 0, 8, 366.48
1735673303, 17, 67, 83, 1, 0, 0.08%, 12, 0, 8, 286.97
1735673313, 17, 82, 83, 1, 0, 0.08%, 12, 0, 8, 278.86
1735673323, 18, 12, 83, 1, 0, 0.08%, 12, 0, 8, 262.78
1735673328, 18, 14, 83, 1, 0, 0.08%, 12, 0, 8, 258.03
1735673333, 18, 16, 83, 1, 0, 0.08%, 12, 0, 8, 267.27
1735673339, 18, 18, 83, 1, 0, 0.08%, 12, 0, 8, 266.39
1735673344, 18, 20, 83, 1, 0, 0.08%, 12, 0, 8, 263.19
1735673349, 18, 23, 83, 1, 0, 0.08%, 12, 0, 8, 267.09
1735673354, 18, 25, 83, 1, 0, 0.08%, 12, 0, 8, 267.72
1735673359, 18, 30, 83, 1, 0, 0.08%, 12, 0, 8, 257.26
1735673364, 18, 35, 83, 1, 0, 0.08%, 12, 0, 8, 257.10
1735673369, 18, 56, 83, 1, 0, 0.08%, 12, 0, 8, 280.28
1735673639, 18, 58, 83, 0, 0, 0.08%, 12, 0, 8, 330.07
1735673650, 18, 82, 83, 0, 0, 0.08%, 12, 0, 8, 288.71
1735673655, 19, 10, 83, 0, 0, 0.08%, 12, 0, 8, 289.44
1735673660, 19, 13, 83, 0, 0, 0.08%, 12, 0, 8, 274.00
1735673665, 19, 18, 83, 0, 0, 0.08%, 12, 0, 8, 278.10
1735673675, 19, 20, 83, 0, 0, 0.08%, 12, 0, 8, 270.35
1735673680, 19, 25, 83, 0, 0, 0.08%, 12, 0, 8, 280.04
1735673685, 19, 30, 83, 0, 0, 0.08%, 12, 0, 8, 266.94
1735673690, 19, 32, 83, 0, 0, 0.08%, 12, 0, 8, 286.69
1735673695, 19, 35, 83, 0, 0, 0.08%, 12, 0, 8, 263.06
1735673700, 19, 36, 83, 0, 0, 0.08%, 12, 0, 8, 275.72
1735673705, 19, 70, 83, 0, 0, 0.08%, 12, 0, 8, 253.21
1735673715, 19, 82, 83, 0, 0, 0.08%, 12, 0, 8, 273.61
1735673726, 20, 12, 83, 0, 0, 0.08%, 12, 0, 8, 268.00
1735673731, 20, 14, 83, 0, 0, 0.08%, 12, 0, 8, 257.98
1735673736, 20, 18, 83, 0, 0, 0.08%, 12, 0, 8, 273.47
1735673741, 20, 20, 83, 0, 0, 0.08%, 12, 0, 8, 259.56
1735673746, 20, 25, 83, 0, 0, 0.08%, 12, 0, 8, 262.75
1735673751, 20, 30, 83, 0, 0, 0.08%, 12, 0, 8, 250.91
1735673756, 20, 35, 83, 0, 0, 0.08%, 12, 0, 8, 259.74
1735673761, 20, 64, 83, 0, 0, 0.08%, 12, 0, 8, 297.17
1735673771, 20, 68, 83, 0, 0, 0.08%, 12, 0, 8, 283.71
1735673776, 20, 82, 83, 0, 0, 0.08%, 12, 0, 8, 280.24
1735673786, 21, 12, 83, 0, 0, 0.08%, 12, 0, 8, 277.76
1735673792, 21, 14, 83, 0, 0, 0.08%, 12, 0, 8, 257.87
1735673797, 21, 18, 83, 0, 0, 0.08%, 12, 0, 8, 263.33
1735673802, 21, 20, 83, 0, 0, 0.08%, 12, 0, 8, 253.84
1735673807, 21, 22, 83, 0, 0, 0.08%, 12, 0, 8, 279.27
1735673817, 21, 23, 83, 0, 0, 0.08%, 12, 0, 8, 267.54
1735673822, 21, 25, 83, 0, 0, 0.08%, 12, 0, 8, 261.04
1735673827, 21, 30, 83, 0, 0, 0.08%, 12, 0, 8, 276.12
1735673832, 21, 35, 83, 0, 0, 0.08%, 12, 0, 8, 262.49
1735673842, 21, 79, 83, 0, 0, 0.08%, 12, 0, 8, 304.02
1735673852, 21, 82, 83, 0, 0, 0.08%, 12, 0, 8, 267.23
1735673857, 22, 10, 83, 0, 0, 0.08%, 12, 0, 8, 258.35
1735673862, 22, 13, 83, 0, 0, 0.08%, 12, 0, 8, 263.88
1735673867, 22, 18, 83, 0, 0, 0.08%, 12, 0, 8, 265.27
1735673873, 22, 20, 83, 0, 0, 0.08%, 12, 0, 8, 272.66
1735673883, 22, 21, 83, 0, 0, 0.08%, 12, 0, 8, 251.77
1735673893, 22, 25, 83, 0, 0, 0.08%, 12, 0, 8, 261.73
1735673898, 22, 30, 83, 0, 0, 0.08%, 12, 0, 8, 262.11
1735673903, 22, 35, 83, 0, 0, 0.08%, 12, 0, 8, 263.47
1735673908, 22, 82, 83, 0, 0, 0.08%, 12, 0, 8, 279.77
1735673913, 23, 8, 83, 0, 0, 0.08%, 12, 0, 8, 286.72
1735673918, 23, 12, 83, 0, 0, 0.08%, 12, 0, 8, 272.91
1735673923, 23, 14, 83, 0, 0, 0.08%, 12, 0, 8, 260.70
1735673928, 23, 18, 83, 0, 0, 0.08%, 12, 0, 8, 262.32
1735673933, 23, 20, 83, 0, 0, 0.08%, 12, 0, 8, 260.42
1735673938, 23, 25, 83, 0, 0, 0.08%, 12, 0, 8, 259.82
1735673943, 23, 30, 83, 0, 0, 0.08%, 12, 0, 8, 261.19
1735673948, 23, 35, 83, 0, 0, 0.08%, 12, 0, 8, 259.13
1735673953, 23, 56, 83, 0, 0, 0.08%, 12, 0, 8, 323.89
1735673963, 23, 58, 83, 0, 0, 0.08%, 12, 0, 8, 305.21
1735673969, 23, 76, 83, 0, 0, 0.08%, 12, 0, 8, 279.00
1735673974, 23, 82, 83, 0, 0, 0.08%, 12, 0, 8, 274.25
1735673984, 24, 12, 83, 0, 0, 0.08%, 12, 0, 8, 269.46
1735673989, 24, 14, 83, 0, 0, 0.08%, 12, 0, 8, 259.63
1735673994, 24, 16, 83, 0, 0, 0.08%, 12, 0, 8, 272.20
1735673999, 24, 18, 83, 0, 0, 0.08%, 12, 0, 8, 261.15
1735674004, 24, 20, 83, 0, 0, 0.08%, 12, 0, 8, 283.06
1735674009, 24, 25, 83, 0, 0, 0.08%, 12, 0, 8, 247.20
1735674014, 24, 30, 83, 0, 0, 0.08%, 12, 0, 8, 268.22
1735674019, 24, 35, 83, 0, 0, 0.08%, 12, 0, 8, 255.29
1735674025, 24, 38, 83, 0, 0, 0.08%, 12, 0, 8, 262.08
1735674035, 24, 51, 83, 0, 0, 0.08%, 12, 0, 8, 297.88
1735674040, 24, 54, 83, 0, 0, 0.08%, 12, 0, 8, 305.63
1735674050, 24, 64, 83, 0, 0, 0.08%, 12, 0, 8, 304.52
1735674060, 24, 67, 83, 0, 0, 0.08%, 12, 0, 8, 274.82
1735674070, 24, 82, 83, 0, 0, 0.08%, 12, 0, 8, 274.46
1735674080, 25, 10, 83, 0, 0, 0.08%, 12, 0, 8, 280.01
1735674085, 25, 13, 83, 0, 0, 0.08%, 12, 0, 8, 270.22
1735674090, 25, 18, 83, 0, 0, 0.08%, 12, 0, 8, 266.98
1735674095, 25, 20, 83, 0, 0, 0.08%, 12, 0, 8, 265.43
1735674100, 25, 25, 83, 0, 0, 0.08%, 12, 0, 8, 260.03
1735674105, 25, 30, 83, 0, 0, 0.08%, 12, 0, 8, 275.10
1735674111, 25, 35, 83, 0, 0, 0.08%, 12, 0, 8, 281.76
1735674116, 25, 36, 83, 0, 0, 0.08%, 12, 0, 8, 263.77
1735674121, 25, 54, 83, 0, 0, 0.08%, 12, 0, 8, 267.80
1735674126, 25, 82, 83, 0, 0, 0.08%, 12, 0, 8, 283.81
1735674136, 26, 11, 83, 0, 0, 0.08%, 12, 0, 8, 281.39
1735674141, 26, 12, 83, 0, 0, 0.08%, 12, 0, 8, 267.16
1735674146, 26, 14, 83, 0, 0, 0.08%, 12, 0, 8, 262.86
1735674151, 26, 18, 83, 0, 0, 0.08%, 12, 0, 8, 282.88
1735674156, 26, 20, 83, 0, 0, 0.08%, 12, 0, 8, 269.87
1735674161, 26, 24, 83, 0, 0, 0.08%, 12, 0, 8, 284.40
1735674166, 26, 25, 83, 0, 0, 0.08%, 12, 0, 8, 279.44
1735674171, 26, 28, 83, 0, 0, 0.08%, 12, 0, 8, 274.90
1735674182, 26, 30, 83, 0, 0, 0.08%, 12, 0, 8, 265.69
1735674187, 26, 35, 83, 0, 0, 0.08%, 12, 0, 8, 262.14
1735674192, 26, 37, 83, 0, 0, 0.08%, 12, 0, 8, 257.64
1735674202, 26, 41, 83, 0, 0, 0.08%, 12, 0, 8, 279.91
1735674212, 26, 61, 83, 0, 0, 0.08%, 12, 0, 8, 269.07
1735674217, 26, 82, 83, 0, 0, 0.08%, 12, 0, 8, 279.59
1735674227, 27, 12, 83, 0, 0, 0.08%, 12, 0, 8, 275.93
1735674232, 27, 14, 83, 0, 0, 0.08%, 12, 0, 8, 252.89
1735674237, 27, 18, 83, 0, 0, 0.08%, 12, 0, 8, 263.12
1735674242, 27, 20, 83, 0, 0, 0.08%, 12, 0, 8, 254.97
1735674247, 27, 25, 83, 0, 0, 0.08%, 12, 0, 8, 254.59
1735674253, 27, 30, 83, 0, 0, 0.08%, 12, 0, 8, 269.93
1735674258, 27, 35, 83, 0, 0, 0.08%, 12, 0, 8, 266.16
1735674263, 27, 50, 83, 0, 0, 0.08%, 12, 0, 8, 283.02
1735674273, 27, 64, 83, 0, 0, 0.08%, 12, 0, 8, 306.82
1735674278, 27, 71, 83, 0, 0, 0.08%, 12, 0, 8, 272.40
1735674288, 27, 79, 83, 0, 0, 0.08%, 12, 0, 8, 292.49
1735674298, 27, 82, 83, 0, 0, 0.08%, 12, 0, 8, 276.42
1735674303, 28, 10, 83, 0, 0, 0.08%, 12, 0, 8, 272.80
1735674308, 28, 13, 83, 0, 0, 0.08%, 12, 0, 8, 262.60
1735674313, 28, 18, 83, 0, 0, 0.08%, 12, 0, 8, 264.68
1735674318, 28, 20, 83, 0, 0, 0.08%, 12, 0, 8, 262.26
1735674328, 28, 21, 83, 0, 0, 0.08%, 12, 0, 8, 281.78
1735674333, 28, 25, 83, 0, 0, 0.08%, 12, 0, 8, 263.62
1735674338, 28, 30, 83, 0, 0, 0.08%, 12, 0, 8, 267.60
1735674343, 28, 35, 83, 0, 0, 0.08%, 12, 0, 8, 279.08
1735674348, 28, 56, 83, 0, 0, 0.08%, 12, 0, 8, 294.96
1735674353, 28, 67, 83, 0, 0, 0.08%, 12, 0, 8, 290.86
1735674358, 28, 80, 83, 0, 0, 0.08%, 12, 0, 8, 286.43
1735674363, 28, 82, 83, 0, 0, 0.08%, 12, 0, 8, 280.43
1735674368, 29, 10, 83, 0, 0, 0.08%, 12, 0, 8, 274.96
1735674374, 29, 13, 83, 0, 0, 0.08%, 12, 0, 8, 264.06
1735674379, 29, 18, 83, 0, 0, 0.08%, 12, 0, 8, 270.71
1735674384, 29, 20, 83, 0, 0, 0.08%, 12, 0, 8, 272.41
1735674394, 29, 25, 83, 0, 0, 0.08%, 12, 0, 8, 277.13
1735674399, 29, 30, 83, 0, 0, 0.08%, 12, 0, 8, 277.38
1735674404, 29, 35, 83, 0, 0, 0.08%, 12, 0, 8, 264.81
1735674409, 29, 82, 83, 0, 0, 0.08%, 12, 0, 8, 279.50
1735674414, 30, 10, 83, 0, 0, 0.08%, 12, 0, 8, 280.00
1735674419, 30, 13, 83, 0, 0, 0.08%, 12, 0, 8, 266.44
1735674424, 30, 14, 83, 0, 0, 0.08%, 12, 0, 8, 271.73
1735674429, 30, 18, 83, 0, 0, 0.08%, 12, 0, 8, 272.15
1735674434, 30, 20, 83, 0, 0, 0.08%, 12, 0, 8, 271.49
1735674439, 30, 25, 83, 0, 0, 0.08%, 12, 0, 8, 261.86
1735674444, 30, 30, 83, 0, 0, 0.08%, 12, 0, 8, 258.18
1735674449, 30, 31, 83, 0, 0, 0.08%, 12, 0, 8, 271.51
1735674455, 30, 35, 83, 0, 0, 0.08%, 12, 0, 8, 252.86
1735674460, 30, 74, 83, 0, 0, 0.08%, 12, 0, 8, 281.41
1735674470, 30, 82, 83, 0, 0, 0.08%, 12, 0, 8, 284.04
1735674475, 31, 10, 83, 0, 0, 0.08%, 12, 0, 8, 288.80
1735674480, 31, 12, 83, 0, 0, 0.08%, 12, 0, 8, 269.47
1735674485, 31, 14, 83, 0, 0, 0.08%, 12, 0, 8, 255.67
1735674490, 31, 18, 83, 0, 0, 0.08%, 12, 0, 8, 265.25
1735674495, 31, 20, 83, 0, 0, 0.08%, 12, 0, 8, 264.43
1735674500, 31, 25, 83, 0, 0, 0.08%, 12, 0, 8, 266.59
1735674505, 31, 30, 83, 0, 0, 0.08%, 12, 0, 8, 274.36
1735674511, 31, 35, 83, 0, 0, 0.08%, 12, 0, 8, 270.31
1735674516, 31, 52, 83, 0, 0, 0.08%, 12, 0, 8, 273.42
1735674521, 31, 72, 83, 0, 0, 0.08%, 12, 0, 8, 265.83
1735674531, 31, 82, 84, 1, 0, 0.08%, 12, 0, 9, 273.02
1735674541, 32, 10, 84, 1, 0, 0.08%, 12, 0, 9, 286.06
1735674546, 32, 14, 84, 1, 0, 0.08%, 12, 0, 9, 271.03
1735674551, 32, 16, 84, 1, 0, 0.08%, 12, 0, 9, 267.25
1735674557, 32, 18, 84, 1, 0, 0.08%, 12, 0, 9, 273.08
1735674562, 32, 20, 84, 1, 0, 0.08%, 12, 0, 9, 272.75
1735674567, 32, 24, 84, 1, 0, 0.08%, 12, 0, 9, 273.94
1735674572, 32, 25, 84, 1, 0, 0.08%, 12, 0, 9, 263.62
1735674577, 32, 29, 84, 1, 0, 0.08%, 12, 0, 9, 271.65
1735674582, 32, 30, 84, 1, 0, 0.08%, 12, 0, 9, 272.04
1735674592, 32, 35, 84, 1, 0, 0.08%, 12, 0, 9, 282.13
1735674597, 32, 75, 84, 1, 0, 0.08%, 12, 0, 9, 268.55
1735674612, 32, 80, 84, 1, 0, 0.08%, 12, 0, 9, 280.30
1735674617, 32, 82, 84, 1, 0, 0.08%, 12, 0, 9, 266.90
1735674622, 33, 10, 84, 1, 0, 0.08%, 12, 0, 9, 270.39
1735674627, 33, 13, 84, 1, 0, 0.08%, 12, 0, 9, 257.64
1735674633, 33, 18, 84, 1, 0, 0.08%, 12, 0, 9, 265.65
1735674643, 33, 20, 84, 1, 0, 0.08%, 12, 0, 9, 272.24
1735674648, 33, 25, 84, 1, 0, 0.08%, 12, 0, 9, 259.90
1735674653, 33, 29, 84, 1, 0, 0.08%, 12, 0, 9, 271.73
1735674658, 33, 30, 84, 1, 0, 0.08%, 12, 0, 9, 282.21
1735674663, 33, 31, 84, 1, 0, 0.08%, 12, 0, 9, 269.12
1735674668, 33, 35, 84, 1, 0, 0.08%, 12, 0, 9, 255.95
1735674673, 33, 44, 84, 1, 0, 0.08%, 12, 0, 9, 266.61
1735674683, 33, 75, 84, 1, 0, 0.08%, 12, 0, 9, 253.07
1735674693, 33, 82, 84, 1, 0, 0.08%, 12, 0, 9, 282.96
1735674704, 33, 83, 85, 2, 0, 0.08%, 12, 0, 10, 366.22
1735674724, 33, 83, 86, 3, 0, 0.10%, 13, 0, 10, 294.40
1735674749, 33, 83, 87, 4, 0, 0.10%, 13, 0, 10, 291.26
1735674780, 33, 83, 88, 5, 0, 0.10%, 14, 0, 10, 296.94
1735674815, 33, 85, 91, 7, 2, 0.11%, 16, 0, 11, 330.80
1735674846, 33, 85, 92, 8, 2, 0.11%, 16, 0, 11, 297.45
1735674866, 33, 85, 93, 9, 2, 0.11%, 16, 0, 11, 304.00
1735674958, 33, 87, 93, 8, 3, 0.11%, 16, 0, 11, 305.92
1735675003, 33, 87, 94, 9, 3, 0.11%, 16, 0, 11, 304.86
1735675034, 33, 87, 95, 10, 3, 0.11%, 17, 0, 11, 302.98
1735675105, 33, 89, 96, 10, 3, 0.11%, 17, 0, 12, 367.92
1735675196, 33, 90, 96, 9, 2, 0.11%, 17, 0, 12, 423.50
1735675242, 33, 90, 97, 10, 2, 0.11%, 17, 0, 12, 302.47
1735675308, 33, 90, 99, 12, 2, 0.12%, 18, 0, 12, 307.10
1735675339, 33, 97, 99, 11, 2, 0.12%, 18, 0, 12, 274.81
1735675344, 33, 97, 100, 12, 2, 0.12%, 19, 0, 13, 411.88
1735675374, 33, 97, 101, 13, 2, 0.12%, 19, 0, 13, 297.89
1735675384, 33, 97, 102, 14, 2, 0.12%, 20, 0, 13, 300.34
1735675389, 33, 97, 103, 15, 2, 0.12%, 20, 0, 13, 304.91
1735675414, 33, 97, 104, 16, 2, 0.12%, 20, 0, 13, 298.63
1735675455, 33, 97, 105, 17, 2, 0.12%, 20, 0, 13, 308.47
1735675485, 33, 98, 105, 16, 3, 0.12%, 20, 0, 13, 376.41
1735675500, 33, 98, 107, 18, 3, 0.12%, 20, 0, 13, 361.93
1735675521, 33, 98, 108, 19, 3, 0.12%, 20, 0, 13, 301.19
1735675526, 33, 98, 109, 20, 3, 0.12%, 20, 0, 13, 300.19
1735675581, 33, 98, 110, 21, 3, 0.12%, 20, 0, 13, 296.92
1735675586, 33, 98, 111, 22, 3, 0.12%, 20, 0, 13, 262.49
1735675607, 33, 99, 112, 22, 3, 0.12%, 20, 0, 14, 405.03
1735675637, 33, 99, 114, 24, 3, 0.12%, 20, 0, 14, 302.85
1735675749, 33, 106, 114, 23, 3, 0.12%, 20, 0, 14, 357.08
1735675825, 33, 111, 116, 24, 2, 0.12%, 20, 0, 15, 400.49
1735675886, 33, 111, 117, 25, 2, 0.12%, 20, 0, 15, 302.19
1735675927, 33, 111, 118, 26, 2, 0.12%, 20, 0, 15, 298.13
1735675962, 33, 111, 119, 27, 2, 0.12%, 20, 0, 15, 300.83
1735675972, 33, 113, 120, 27, 1, 0.13%, 21, 0, 15, 310.71
1735675988, 33, 113, 124, 31, 1, 0.13%, 21, 0, 15, 343.79
1735675993, 33, 113, 125, 32, 1, 0.13%, 21, 0, 15, 312.89
1735676038, 33, 113, 126, 33, 1, 0.13%, 21, 0, 15, 303.18
1735676124, 33, 119, 126, 32, 1, 0.13%, 21, 0, 15, 335.20
1735676221, 33, 120, 126, 31, 0, 0.13%, 21, 0, 15, 308.12
1735676236, 33, 120, 127, 32, 0, 0.13%, 21, 0, 16, 343.58
1735676342, 33, 120, 128, 33, 0, 0.13%, 21, 0, 16, 296.01
1735676352, 33, 120, 129, 34, 0, 0.13%, 21, 0, 16, 326.65
1735676357, 33, 120, 130, 35, 0, 0.13%, 21, 0, 16, 307.50
1735676373, 33, 123, 130, 34, 0, 0.13%, 21, 0, 16, 400.74
1735676464, 33, 124, 130, 33, 0, 0.13%, 21, 0, 16, 235.91
