# unix_time, cycles_done, cur_path, paths_total, pending_total, pending_favs, map_size, unique_crashes, unique_hangs, max_depth, execs_per_sec
1734843533, 0, 0, 10, 10, 1, 0.00%, 0, 0, 1, 155.04
1734843538, 0, 2, 10, 10, 1, 0.00%, 0, 0, 1, 190.66
1734843543, 0, 3, 10, 9, 0, 0.00%, 0, 0, 1, 182.84
1734843554, 0, 4, 10, 8, 0, 0.00%, 0, 0, 1, 192.65
1734843559, 0, 5, 10, 7, 0, 0.00%, 0, 0, 1, 175.79
1734843569, 0, 6, 10, 6, 0, 0.00%, 0, 0, 1, 193.12
1734843575, 0, 7, 10, 5, 0, 0.00%, 0, 0, 1, 178.47
1734843580, 0, 7, 11, 6, 0, 0.05%, 1, 0, 2, 192.55
1734843590, 0, 10, 12, 6, 1, 0.05%, 2, 0, 3, 204.26
1734843605, 0, 11, 15, 8, 1, 0.06%, 5, 0, 4, 235.90
1734843621, 0, 12, 15, 7, 3, 0.06%, 5, 0, 4, 237.57
1734843636, 0, 12, 16, 8, 3, 0.06%, 6, 0, 5, 211.12
1734843641, 0, 12, 17, 9, 3, 0.06%, 6, 0, 5, 213.79
1734843702, 0, 13, 17, 8, 3, 0.06%, 6, 0, 5, 211.06
1734843727, 0, 14, 17, 7, 2, 0.06%, 6, 0, 5, 225.80
1734843737, 0, 14, 18, 8, 2, 0.06%, 6, 0, 5, 207.01
1734843768, 0, 15, 21, 10, 1, 0.06%, 9, 0, 6, 336.45
1734843778, 0, 15, 24, 13, 1, 0.06%, 9, 0, 6, 323.36
1734843783, 0, 15, 25, 14, 1, 0.06%, 9, 0, 6, 287.61
1734843803, 0, 15, 27, 16, 1, 0.06%, 9, 0, 6, 282.47
1734843818, 0, 15, 28, 17, 1, 0.06%, 9, 0, 6, 270.79
1734843828, 0, 15, 29, 18, 1, 0.06%, 9, 0, 6, 275.91
1734843899, 0, 18, 30, 18, 4, 0.06%, 9, 0, 7, 405.13
1734843920, 0, 19, 31, 18, 3, 0.06%, 9, 0, 7, 410.10
1734843940, 0, 22, 31, 17, 2, 0.06%, 9, 0, 7, 261.03
1734843955, 0, 27, 31, 16, 1, 0.06%, 9, 0, 7, 390.87
1734843970, 0, 27, 32, 17, 1, 0.06%, 9, 0, 7, 286.64
1734843986, 0, 30, 32, 16, 0, 0.06%, 9, 0, 7, 413.77
1734844006, 1, 8, 32, 15, 0, 0.06%, 9, 0, 7, 225.88
1734844011, 1, 11, 33, 15, 0, 0.06%, 9, 0, 7, 224.21
1734844016, 1, 13, 33, 15, 0, 0.06%, 9, 0, 7, 222.42
1734844021, 1, 13, 34, 16, 0, 0.06%, 9, 0, 7, 219.91
1734844026, 1, 18, 34, 16, 0, 0.06%, 9, 0, 7, 236.43
1734844031, 1, 22, 34, 16, 0, 0.06%, 9, 0, 7, 261.30
1734844036, 1, 23, 34, 16, 0, 0.06%, 9, 0, 7, 291.40
1734844041, 1, 23, 35, 17, 0, 0.06%, 9, 0, 7, 251.96
1734844067, 1, 24, 35, 16, 0, 0.06%, 9, 0, 7, 333.63
1734844082, 1, 27, 35, 15, 0, 0.06%, 9, 0, 7, 270.53
1734844087, 2, 10, 35, 14, 0, 0.06%, 9, 0, 7, 222.44
1734844092, 2, 12, 35, 14, 0, 0.06%, 9, 0, 7, 223.11
1734844098, 2, 14, 35, 14, 0, 0.06%, 9, 0, 7, 219.87
1734844103, 2, 18, 35, 14, 0, 0.06%, 9, 0, 7, 250.67
1734844108, 2, 22, 35, 14, 0, 0.06%, 9, 0, 7, 254.82
1734844113, 2, 25, 35, 14, 0, 0.06%, 9, 0, 7, 414.13
1734844128, 2, 25, 36, 15, 0, 0.06%, 9, 0, 7, 296.07
1734844133, 2, 25, 37, 16, 0, 0.06%, 9, 0, 7, 281.99
1734844138, 2, 25, 38, 17, 0, 0.06%, 9, 0, 7, 281.87
1734844174, 2, 25, 40, 19, 0, 0.06%, 9, 0, 7, 282.82
1734844205, 2, 25, 41, 20, 0, 0.06%, 9, 0, 7, 288.67
1734844210, 2, 38, 41, 19, 0, 0.06%, 9, 0, 7, 240.65
1734844550, 2, 38, 42, 20, 0, 0.06%, 9, 0, 8, 317.03
1734844565, 2, 38, 43, 21, 0, 0.06%, 9, 0, 8, 368.57
1734844570, 2, 38, 44, 22, 0, 0.06%, 9, 0, 8, 371.46
1734844575, 2, 38, 45, 23, 0, 0.06%, 9, 0, 8, 359.39
1734844595, 2, 38, 46, 24, 0, 0.06%, 9, 0, 8, 375.77
1734844616, 2, 41, 47, 24, 0, 0.06%, 9, 0, 8, 285.90
1734844960, 2, 41, 49, 26, 0, 0.06%, 9, 0, 9, 370.79
1734844981, 2, 41, 50, 27, 0, 0.06%, 9, 0, 9, 373.14
1734844986, 2, 41, 51, 28, 0, 0.06%, 9, 0, 9, 373.59
1734845016, 3, 11, 51, 27, 0, 0.06%, 9, 0, 9, 303.34
1734845021, 3, 14, 51, 27, 0, 0.06%, 9, 0, 9, 246.15
1734845026, 3, 19, 51, 27, 0, 0.06%, 9, 0, 9, 266.91
1734845031, 3, 20, 51, 27, 0, 0.06%, 9, 0, 9, 402.89
1734845046, 3, 23, 51, 26, 0, 0.06%, 9, 0, 9, 264.92
1734845051, 3, 26, 51, 26, 0, 0.06%, 9, 0, 9, 374.70
1734845066, 3, 29, 51, 25, 0, 0.06%, 9, 0, 9, 348.45
1734845082, 3, 29, 52, 26, 0, 0.06%, 9, 0, 9, 299.30
1734845092, 3, 40, 52, 25, 0, 0.06%, 9, 0, 9, 370.60
1734845138, 3, 45, 52, 24, 0, 0.06%, 9, 0, 9, 297.40
1734845441, 4, 12, 52, 23, 0, 0.06%, 9, 0, 9, 289.14
1734845446, 4, 14, 53, 24, 0, 0.06%, 9, 0, 9, 246.36
1734845451, 4, 19, 53, 24, 0, 0.06%, 9, 0, 9, 265.42
1734845457, 4, 21, 53, 24, 0, 0.06%, 9, 0, 9, 377.56
1734845467, 4, 22, 53, 23, 0, 0.06%, 9, 0, 9, 283.90
1734845472, 4, 27, 54, 24, 0, 0.06%, 9, 0, 9, 281.35
1734845477, 4, 53, 54, 24, 1, 0.06%, 9, 0, 9, 388.52
1734845482, 4, 53, 55, 25, 1, 0.06%, 9, 0, 9, 335.19
1734845492, 4, 53, 56, 26, 1, 0.06%, 9, 0, 9, 278.83
1734845563, 4, 53, 57, 27, 1, 0.06%, 9, 0, 9, 277.35
1734845573, 4, 53, 58, 28, 1, 0.06%, 9, 0, 9, 286.99
1734845593, 4, 53, 59, 29, 1, 0.07%, 10, 0, 9, 281.56
1734845599, 4, 58, 62, 31, 1, 0.07%, 10, 0, 9, 240.30
1734845604, 4, 58, 63, 32, 1, 0.07%, 10, 0, 9, 265.74
1734845649, 4, 58, 64, 33, 1, 0.08%, 11, 0, 9, 265.88
1734845664, 4, 58, 65, 34, 1, 0.08%, 11, 0, 9, 259.34
1734845675, 4, 58, 66, 35, 1, 0.08%, 11, 0, 9, 260.57
1734845695, 4, 60, 66, 34, 2, 0.08%, 11, 0, 9, 263.63
1734845745, 4, 60, 67, 35, 2, 0.08%, 11, 0, 10, 262.14
1734845750, 4, 60, 68, 36, 2, 0.08%, 11, 0, 10, 268.04
1734845796, 4, 66, 72, 39, 1, 0.08%, 12, 0, 11, 324.88
1734845816, 4, 66, 73, 40, 1, 0.08%, 12, 0, 11, 261.28
1734845832, 4, 66, 74, 41, 1, 0.08%, 12, 0, 11, 267.13
1734845882, 4, 66, 75, 42, 1, 0.08%, 12, 0, 11, 262.71
1734845887, 4, 66, 76, 43, 1, 0.08%, 12, 0, 11, 261.73
1734845892, 4, 68, 77, 43, 3, 0.08%, 12, 0, 12, 323.86
1734845913, 4, 68, 78, 44, 3, 0.08%, 12, 0, 12, 262.61
1734845923, 4, 68, 79, 45, 3, 0.09%, 13, 0, 12, 256.29
1734845953, 4, 68, 80, 46, 3, 0.09%, 13, 0, 12, 257.93
1734845994, 4, 70, 80, 45, 3, 0.09%, 13, 0, 12, 321.08
1734846045, 4, 71, 80, 44, 2, 0.09%, 13, 0, 12, 317.72
1734846065, 4, 71, 81, 45, 2, 0.09%, 13, 0, 12, 264.12
1734846141, 4, 78, 81, 44, 1, 0.09%, 13, 0, 12, 342.98
1734846207, 4, 80, 81, 43, 0, 0.09%, 13, 0, 12, 346.40
1734846238, 4, 80, 82, 44, 0, 0.09%, 13, 0, 13, 284.96
1734846299, 5, 4, 82, 43, 0, 0.09%, 13, 0, 13, 266.68
1734846304, 5, 14, 82, 43, 0, 0.09%, 13, 0, 13, 240.49
1734846309, 5, 28, 82, 43, 0, 0.09%, 13, 0, 13, 387.19
1734846329, 5, 35, 82, 42, 0, 0.09%, 13, 0, 13, 324.95
1734846360, 5, 35, 83, 43, 0, 0.09%, 13, 0, 13, 287.44
1734846375, 5, 37, 83, 42, 0, 0.09%, 13, 0, 13, 414.56
1734846395, 5, 52, 83, 41, 0, 0.09%, 13, 0, 13, 275.77
1734846401, 5, 52, 84, 42, 0, 0.09%, 13, 0, 13, 360.43
1734846426, 5, 52, 86, 44, 0, 0.09%, 13, 0, 13, 439.22
1734846518, 5, 55, 86, 43, 0, 0.09%, 13, 0, 13, 397.33
1734846574, 5, 61, 86, 42, 0, 0.09%, 13, 0, 13, 250.56
1734846614, 5, 61, 87, 43, 0, 0.09%, 13, 0, 13, 255.70
1734846675, 5, 64, 87, 42, 0, 0.09%, 13, 0, 13, 279.94
1734846726, 5, 65, 87, 41, 0, 0.09%, 13, 0, 13, 348.30
1734846782, 5, 66, 87, 40, 0, 0.09%, 13, 0, 13, 275.44
1734846787, 5, 68, 88, 41, 0, 0.09%, 13, 0, 13, 254.43
1734846792, 5, 71, 88, 41, 0, 0.09%, 13, 0, 13, 260.06
1734846797, 5, 72, 88, 41, 0, 0.09%, 13, 0, 13, 366.76
1734846863, 5, 76, 88, 40, 0, 0.09%, 13, 0, 13, 301.37
1734846918, 5, 78, 88, 39, 0, 0.09%, 13, 0, 13, 264.61
1734846924, 5, 79, 88, 39, 0, 0.09%, 13, 0, 13, 161.89
1734847980, 5, 82, 88, 38, 0, 0.09%, 13, 0, 13, 437.10
1734848040, 5, 85, 88, 37, 0, 0.09%, 13, 0, 13, 300.04
1734848157, 5, 86, 88, 36, 0, 0.09%, 13, 0, 13, 302.91
1734848304, 6, 14, 88, 35, 0, 0.09%, 13, 0, 13, 250.27
1734848310, 6, 36, 88, 35, 0, 0.09%, 13, 0, 13, 368.82
1734848355, 6, 47, 88, 34, 0, 0.09%, 13, 0, 13, 370.28
1734848442, 6, 54, 88, 33, 0, 0.09%, 13, 0, 13, 412.93
1734848518, 6, 59, 88, 32, 0, 0.09%, 13, 0, 13, 258.61
1734848569, 6, 63, 88, 31, 0, 0.09%, 13, 0, 13, 258.67
1734848625, 6, 67, 88, 30, 0, 0.09%, 13, 0, 13, 302.90
1734848676, 6, 68, 88, 29, 0, 0.09%, 13, 0, 13, 264.19
1734848681, 6, 70, 88, 29, 0, 0.09%, 13, 0, 13, 266.59
1734848686, 6, 73, 88, 29, 0, 0.09%, 13, 0, 13, 336.19
1734848737, 6, 78, 88, 28, 0, 0.09%, 13, 0, 13, 270.60
1734848742, 7, 10, 88, 28, 0, 0.09%, 13, 0, 13, 251.43
1734848747, 7, 12, 88, 28, 0, 0.09%, 13, 0, 13, 255.46
1734848752, 7, 14, 88, 28, 0, 0.09%, 13, 0, 13, 262.77
1734848762, 7, 29, 88, 28, 0, 0.09%, 13, 0, 13, 254.06
1734848767, 7, 31, 88, 28, 0, 0.09%, 13, 0, 13, 401.72
1734848788, 7, 32, 88, 27, 0, 0.09%, 13, 0, 13, 322.32
1734848818, 7, 34, 88, 26, 0, 0.09%, 13, 0, 13, 404.89
1734848849, 7, 48, 88, 25, 0, 0.09%, 13, 0, 13, 315.31
1734848945, 7, 50, 88, 24, 0, 0.09%, 13, 0, 13, 299.24
1734849235, 7, 52, 88, 23, 0, 0.09%, 13, 0, 13, 286.68
1734849240, 7, 66, 88, 23, 0, 0.09%, 13, 0, 13, 259.25
1734849251, 7, 68, 88, 23, 0, 0.09%, 13, 0, 13, 277.43
1734849256, 7, 70, 88, 23, 0, 0.09%, 13, 0, 13, 271.03
1734849266, 7, 71, 88, 23, 0, 0.09%, 13, 0, 13, 278.14
1734849271, 7, 75, 88, 23, 0, 0.09%, 13, 0, 13, 236.09
1734849440, 7, 76, 88, 22, 0, 0.09%, 13, 0, 13, 271.73
1734849445, 7, 78, 88, 22, 0, 0.09%, 13, 0, 13, 260.83
1734849460, 7, 83, 88, 22, 0, 0.09%, 13, 0, 13, 343.78
1734849603, 7, 84, 88, 21, 0, 0.09%, 13, 0, 13, 339.99
1734849735, 7, 87, 88, 20, 0, 0.09%, 13, 0, 13, 285.33
1734849811, 8, 9, 88, 19, 0, 0.09%, 13, 0, 13, 225.80
1734849817, 8, 11, 88, 18, 0, 0.09%, 13, 0, 13, 258.83
1734849822, 8, 12, 88, 18, 0, 0.09%, 13, 0, 13, 271.30
1734849827, 8, 14, 88, 18, 0, 0.09%, 13, 0, 13, 258.35
1734849832, 8, 19, 88, 18, 0, 0.09%, 13, 0, 13, 275.41
1734849837, 8, 26, 88, 18, 0, 0.09%, 13, 0, 13, 275.36
1734849842, 8, 66, 88, 18, 0, 0.09%, 13, 0, 13, 258.62
1734849852, 8, 68, 88, 18, 0, 0.09%, 13, 0, 13, 270.06
1734849857, 8, 70, 88, 18, 0, 0.09%, 13, 0, 13, 267.77
1734849867, 8, 71, 88, 18, 0, 0.09%, 13, 0, 13, 258.33
1734849872, 8, 78, 88, 18, 0, 0.09%, 13, 0, 13, 269.78
1734849887, 8, 80, 88, 18, 0, 0.09%, 13, 0, 13, 269.06
1734849892, 9, 10, 88, 18, 0, 0.09%, 13, 0, 13, 263.24
1734849897, 9, 12, 88, 18, 0, 0.09%, 13, 0, 13, 259.61
1734849903, 9, 14, 88, 18, 0, 0.09%, 13, 0, 13, 256.07
1734849913, 9, 33, 88, 18, 0, 0.09%, 13, 0, 13, 268.26
1734849939, 9, 44, 88, 17, 0, 0.09%, 13, 0, 13, 308.86
1734850309, 9, 49, 88, 16, 0, 0.09%, 13, 0, 13, 327.12
1734850674, 9, 63, 88, 15, 0, 0.09%, 13, 0, 13, 262.07
1734850679, 9, 66, 88, 15, 0, 0.09%, 13, 0, 13, 284.88
1734850689, 9, 68, 88, 15, 0, 0.09%, 13, 0, 13, 265.52
1734850694, 9, 69, 88, 15, 0, 0.09%, 13, 0, 13, 292.04
1734850770, 9, 70, 88, 14, 0, 0.09%, 13, 0, 13, 273.39
1734850775, 9, 71, 88, 14, 0, 0.09%, 13, 0, 13, 277.87
1734850785, 9, 77, 88, 14, 0, 0.09%, 13, 0, 13, 371.61
1734850856, 9, 78, 88, 13, 0, 0.09%, 13, 0, 13, 288.21
1734850871, 9, 82, 88, 13, 0, 0.09%, 13, 0, 13, 283.39
1734850886, 9, 84, 88, 13, 0, 0.09%, 13, 0, 13, 289.87
1734850896, 10, 10, 88, 13, 0, 0.09%, 13, 0, 13, 255.84
1734850901, 10, 12, 88, 13, 0, 0.09%, 13, 0, 13, 252.41
1734850906, 10, 14, 88, 13, 0, 0.09%, 13, 0, 13, 255.70
1734850912, 10, 33, 88, 13, 0, 0.09%, 13, 0, 13, 267.35
1734850922, 10, 39, 88, 13, 0, 0.09%, 13, 0, 13, 419.79
1734850963, 10, 56, 88, 12, 0, 0.09%, 13, 0, 13, 290.07
1734851488, 10, 66, 88, 11, 0, 0.09%, 13, 0, 13, 254.04
1734851498, 10, 68, 88, 11, 0, 0.09%, 13, 0, 13, 265.35
1734851503, 10, 70, 88, 11, 0, 0.09%, 13, 0, 13, 274.41
1734851513, 10, 71, 88, 11, 0, 0.09%, 13, 0, 13, 261.95
1734851518, 10, 78, 88, 11, 0, 0.09%, 13, 0, 13, 259.38
1734851533, 10, 81, 89, 12, 0, 0.09%, 13, 0, 14, 408.21
1734851590, 11, 10, 89, 11, 0, 0.09%, 13, 0, 14, 275.98
1734851595, 11, 12, 89, 11, 0, 0.09%, 13, 0, 14, 265.62
1734851600, 11, 14, 89, 11, 0, 0.09%, 13, 0, 14, 253.93
1734851605, 11, 33, 89, 11, 0, 0.09%, 13, 0, 14, 265.79
1734851610, 11, 42, 89, 11, 0, 0.09%, 13, 0, 14, 260.89
1734852132, 11, 52, 89, 10, 0, 0.09%, 13, 0, 14, 278.60
1734852137, 11, 56, 89, 10, 0, 0.09%, 13, 0, 14, 292.48
1734852142, 11, 64, 89, 10, 0, 0.09%, 13, 0, 14, 279.02
1734852152, 11, 66, 89, 10, 0, 0.09%, 13, 0, 14, 258.92
1734852157, 11, 68, 89, 10, 0, 0.09%, 13, 0, 14, 269.25
1734852168, 11, 70, 89, 10, 0, 0.09%, 13, 0, 14, 277.55
1734852178, 11, 71, 89, 10, 0, 0.09%, 13, 0, 14, 272.49
1734852183, 11, 72, 89, 10, 0, 0.09%, 13, 0, 14, 286.13
1734852193, 11, 78, 89, 10, 0, 0.09%, 13, 0, 14, 267.31
1734852204, 12, 0, 89, 10, 0, 0.09%, 13, 0, 14, 228.80
1734852209, 12, 10, 89, 9, 0, 0.09%, 13, 0, 14, 242.17
1734852214, 12, 12, 89, 9, 0, 0.09%, 13, 0, 14, 258.55
1734852219, 12, 14, 89, 9, 0, 0.09%, 13, 0, 14, 266.75
1734852224, 12, 49, 89, 9, 0, 0.09%, 13, 0, 14, 275.81
1734852239, 12, 51, 89, 9, 0, 0.09%, 13, 0, 14, 329.25
1734852285, 12, 57, 89, 8, 0, 0.09%, 13, 0, 14, 400.91
1734852361, 12, 66, 89, 7, 0, 0.09%, 13, 0, 14, 269.85
1734852366, 12, 68, 89, 7, 0, 0.09%, 13, 0, 14, 265.14
1734852371, 12, 70, 89, 7, 0, 0.09%, 13, 0, 14, 282.10
1734852381, 12, 71, 89, 7, 0, 0.09%, 13, 0, 14, 273.20
1734852392, 12, 72, 89, 7, 0, 0.09%, 13, 0, 14, 281.93
1734852397, 12, 74, 89, 7, 0, 0.09%, 13, 0, 14, 325.52
1734852468, 12, 78, 89, 6, 0, 0.09%, 13, 0, 14, 240.15
1734852483, 12, 87, 89, 6, 0, 0.09%, 13, 0, 14, 274.76
1734852498, 13, 10, 89, 6, 0, 0.09%, 13, 0, 14, 263.19
1734852503, 13, 12, 89, 6, 0, 0.09%, 13, 0, 14, 257.74
1734852508, 13, 14, 89, 6, 0, 0.09%, 13, 0, 14, 257.58
1734852513, 13, 66, 89, 6, 0, 0.09%, 13, 0, 14, 256.77
1734852523, 13, 68, 89, 6, 0, 0.09%, 13, 0, 14, 264.05
1734852528, 13, 70, 89, 6, 0, 0.09%, 13, 0, 14, 280.80
1734852539, 13, 71, 89, 6, 0, 0.09%, 13, 0, 14, 270.37
1734852549, 13, 78, 89, 6, 0, 0.09%, 13, 0, 14, 261.64
1734852559, 14, 10, 89, 6, 0, 0.09%, 13, 0, 14, 263.44
1734852564, 14, 12, 89, 6, 0, 0.09%, 13, 0, 14, 252.58
1734852569, 14, 14, 89, 6, 0, 0.09%, 13, 0, 14, 247.48
1734852574, 14, 25, 89, 6, 0, 0.09%, 13, 0, 14, 280.40
1734852579, 14, 40, 89, 6, 0, 0.09%, 13, 0, 14, 279.07
1734852594, 14, 46, 89, 6, 0, 0.09%, 13, 0, 14, 310.52
1734853050, 14, 62, 89, 5, 0, 0.09%, 13, 0, 14, 306.73
1734853126, 14, 64, 89, 4, 0, 0.09%, 13, 0, 14, 255.95
1734853131, 14, 66, 89, 4, 0, 0.09%, 13, 0, 14, 268.68
1734853142, 14, 68, 89, 4, 0, 0.09%, 13, 0, 14, 270.25
1734853147, 14, 70, 89, 4, 0, 0.09%, 13, 0, 14, 271.59
1734853157, 14, 71, 89, 4, 0, 0.09%, 13, 0, 14, 266.14
1734853167, 14, 78, 89, 4, 0, 0.09%, 13, 0, 14, 259.19
1734853177, 15, 10, 89, 4, 0, 0.09%, 13, 0, 14, 266.92
1734853182, 15, 12, 89, 4, 0, 0.09%, 13, 0, 14, 248.10
1734853187, 15, 14, 89, 4, 0, 0.09%, 13, 0, 14, 255.30
1734853192, 15, 17, 89, 4, 0, 0.09%, 13, 0, 14, 304.51
1734853208, 15, 26, 89, 3, 0, 0.09%, 13, 0, 14, 281.16
1734853218, 15, 51, 89, 3, 0, 0.09%, 13, 0, 14, 271.55
1734853233, 15, 66, 89, 3, 0, 0.09%, 13, 0, 14, 269.64
1734853238, 15, 68, 89, 3, 0, 0.09%, 13, 0, 14, 279.77
1734853248, 15, 70, 89, 3, 0, 0.09%, 13, 0, 14, 274.34
1734853253, 15, 71, 89, 3, 0, 0.09%, 13, 0, 14, 281.56
1734853263, 15, 78, 89, 3, 0, 0.09%, 13, 0, 14, 265.92
1734853274, 15, 88, 89, 3, 0, 0.09%, 13, 0, 14, 361.79
1734853370, 16, 10, 89, 2, 0, 0.09%, 13, 0, 14, 241.15
1734853376, 16, 11, 89, 2, 0, 0.09%, 13, 0, 14, 254.55
1734853381, 16, 12, 89, 2, 0, 0.09%, 13, 0, 14, 243.14
1734853386, 16, 14, 89, 2, 0, 0.09%, 13, 0, 14, 269.09
1734853391, 16, 26, 89, 2, 0, 0.09%, 13, 0, 14, 261.78
1734853396, 16, 37, 89, 2, 0, 0.09%, 13, 0, 14, 282.61
1734853406, 16, 42, 89, 2, 0, 0.09%, 13, 0, 14, 345.85
1734853421, 16, 53, 89, 2, 0, 0.09%, 13, 0, 14, 276.97
1734853426, 16, 56, 89, 2, 0, 0.09%, 13, 0, 14, 288.08
1734853432, 16, 66, 89, 2, 0, 0.09%, 13, 0, 14, 276.19
1734853442, 16, 68, 89, 2, 0, 0.09%, 13, 0, 14, 255.96
1734853447, 16, 70, 89, 2, 0, 0.09%, 13, 0, 14, 264.89
1734853457, 16, 71, 89, 2, 0, 0.09%, 13, 0, 14, 272.11
1734853467, 16, 73, 89, 2, 0, 0.09%, 13, 0, 14, 286.19
1734853472, 16, 77, 89, 2, 0, 0.09%, 13, 0, 14, 271.03
1734853483, 16, 78, 89, 2, 0, 0.09%, 13, 0, 14, 268.50
1734853493, 17, 10, 89, 2, 0, 0.09%, 13, 0, 14, 261.69
1734853498, 17, 12, 89, 2, 0, 0.09%, 13, 0, 14, 251.02
1734853503, 17, 14, 89, 2, 0, 0.09%, 13, 0, 14, 256.46
1734853508, 17, 16, 89, 2, 0, 0.09%, 13, 0, 14, 263.10
1734853523, 17, 66, 89, 1, 0, 0.09%, 13, 0, 14, 261.82
1734853533, 17, 68, 89, 1, 0, 0.09%, 13, 0, 14, 270.15
1734853539, 17, 70, 89, 1, 0, 0.09%, 13, 0, 14, 274.28
1734853549, 17, 71, 89, 1, 0, 0.09%, 13, 0, 14, 264.54
1734853559, 17, 75, 89, 1, 0, 0.09%, 13, 0, 14, 274.99
1734853564, 17, 78, 89, 1, 0, 0.09%, 13, 0, 14, 263.90
1734853579, 18, 11, 89, 1, 0, 0.09%, 13, 0, 14, 263.87
1734853584, 18, 12, 89, 1, 0, 0.09%, 13, 0, 14, 251.22
1734853589, 18, 14, 89, 1, 0, 0.09%, 13, 0, 14, 249.82
1734853594, 18, 21, 89, 1, 0, 0.09%, 13, 0, 14, 257.74
1734853599, 18, 33, 89, 1, 0, 0.09%, 13, 0, 14, 273.07
1734853604, 18, 34, 89, 1, 0, 0.09%, 13, 0, 14, 270.84
1734853609, 18, 42, 89, 1, 0, 0.09%, 13, 0, 14, 299.42
1734853619, 18, 66, 89, 1, 0, 0.09%, 13, 0, 14, 266.83
1734853625, 18, 68, 89, 1, 0, 0.09%, 13, 0, 14, 266.36
1734853635, 18, 70, 89, 1, 0, 0.09%, 13, 0, 14, 268.32
1734853640, 18, 71, 89, 1, 0, 0.09%, 13, 0, 14, 278.22
1734853650, 18, 78, 89, 1, 0, 0.09%, 13, 0, 14, 270.39
1734853660, 19, 10, 89, 1, 0, 0.09%, 13, 0, 14, 268.09
1734853665, 19, 11, 89, 1, 0, 0.09%, 13, 0, 14, 269.71
1734853670, 19, 12, 89, 1, 0, 0.09%, 13, 0, 14, 255.06
1734853675, 19, 14, 89, 1, 0, 0.09%, 13, 0, 14, 255.23
1734853681, 19, 19, 89, 1, 0, 0.09%, 13, 0, 14, 271.25
1734853686, 19, 38, 89, 1, 0, 0.09%, 13, 0, 14, 321.89
1734853696, 19, 66, 89, 1, 0, 0.09%, 13, 0, 14, 283.07
1734853701, 19, 68, 89, 1, 0, 0.09%, 13, 0, 14, 264.29
1734853711, 19, 70, 89, 1, 0, 0.09%, 13, 0, 14, 271.63
1734853716, 19, 71, 89, 1, 0, 0.09%, 13, 0, 14, 264.47
1734853726, 19, 78, 89, 1, 0, 0.09%, 13, 0, 14, 264.57
1734853736, 20, 10, 89, 1, 0, 0.09%, 13, 0, 14, 274.90
1734853741, 20, 12, 89, 1, 0, 0.09%, 13, 0, 14, 254.42
1734853746, 20, 14, 89, 1, 0, 0.09%, 13, 0, 14, 262.18
1734853751, 20, 32, 89, 1, 0, 0.09%, 13, 0, 14, 268.36
1734853756, 20, 66, 89, 1, 0, 0.09%, 13, 0, 14, 267.03
1734853766, 20, 68, 89, 1, 0, 0.09%, 13, 0, 14, 267.57
1734853772, 20, 70, 89, 1, 0, 0.09%, 13, 0, 14, 288.12
1734853782, 20, 71, 89, 1, 0, 0.09%, 13, 0, 14, 274.44
1734853792, 20, 78, 89, 1, 0, 0.09%, 13, 0, 14, 265.53
1734853802, 21, 10, 89, 1, 0, 0.09%, 13, 0, 14, 262.49
1734853807, 21, 11, 89, 1, 0, 0.09%, 13, 0, 14, 258.01
1734853812, 21, 12, 89, 1, 0, 0.09%, 13, 0, 14, 259.84
1734853817, 21, 14, 89, 1, 0, 0.09%, 13, 0, 14, 257.39
1734853822, 21, 64, 89, 1, 0, 0.09%, 13, 0, 14, 258.28
1734853827, 21, 66, 89, 1, 0, 0.09%, 13, 0, 14, 251.98
1734853838, 21, 68, 89, 1, 0, 0.09%, 13, 0, 14, 270.61
1734853848, 21, 70, 89, 1, 0, 0.09%, 13, 0, 14, 269.65
1734853853, 21, 71, 89, 1, 0, 0.09%, 13, 0, 14, 271.98
1734853863, 21, 75, 89, 1, 0, 0.09%, 13, 0, 14, 286.49
1734853868, 21, 78, 89, 1, 0, 0.09%, 13, 0, 14, 255.35
1734853883, 22, 11, 89, 1, 0, 0.09%, 13, 0, 14, 259.19
1734853888, 22, 12, 89, 1, 0, 0.09%, 13, 0, 14, 258.19
1734853893, 22, 14, 89, 1, 0, 0.09%, 13, 0, 14, 260.47
1734853898, 22, 35, 89, 1, 0, 0.09%, 13, 0, 14, 287.29
1734853908, 22, 66, 89, 1, 0, 0.09%, 13, 0, 14, 262.44
1734853913, 22, 68, 89, 1, 0, 0.09%, 13, 0, 14, 263.08
1734853923, 22, 70, 89, 1, 0, 0.09%, 13, 0, 14, 272.13
1734853933, 22, 71, 89, 1, 0, 0.09%, 13, 0, 14, 259.05
1734853939, 22, 73, 89, 1, 0, 0.09%, 13, 0, 14, 279.45
1734853949, 22, 78, 89, 1, 0, 0.09%, 13, 0, 14, 269.15
1734853959, 23, 6, 89, 1, 0, 0.09%, 13, 0, 14, 280.09
1734853964, 23, 11, 89, 1, 0, 0.09%, 13, 0, 14, 255.11
1734853969, 23, 12, 89, 1, 0, 0.09%, 13, 0, 14, 256.48
1734853974, 23, 14, 89, 1, 0, 0.09%, 13, 0, 14, 256.42
1734853979, 23, 66, 89, 1, 0, 0.09%, 13, 0, 14, 269.87
1734853989, 23, 68, 89, 1, 0, 0.09%, 13, 0, 14, 258.73
1734853994, 23, 70, 89, 1, 0, 0.09%, 13, 0, 14, 266.17
1734854004, 23, 71, 89, 1, 0, 0.09%, 13, 0, 14, 255.20
1734854010, 23, 78, 89, 1, 0, 0.09%, 13, 0, 14, 269.61
1734854025, 23, 85, 89, 1, 0, 0.09%, 13, 0, 14, 288.70
1734854035, 24, 10, 89, 1, 0, 0.09%, 13, 0, 14, 243.75
1734854040, 24, 12, 89, 1, 0, 0.09%, 13, 0, 14, 248.34
1734854050, 24, 14, 89, 1, 0, 0.09%, 13, 0, 14, 256.46
1734854055, 24, 17, 89, 1, 0, 0.09%, 13, 0, 14, 266.53
1734854061, 24, 19, 89, 1, 0, 0.09%, 13, 0, 14, 285.74
1734854066, 24, 66, 89, 1, 0, 0.09%, 13, 0, 14, 263.79
1734854071, 24, 68, 89, 1, 0, 0.09%, 13, 0, 14, 267.43
1734854081, 24, 70, 89, 1, 0, 0.09%, 13, 0, 14, 263.25
1734854086, 24, 71, 89, 1, 0, 0.09%, 13, 0, 14, 269.62
1734854096, 24, 78, 89, 1, 0, 0.09%, 13, 0, 14, 265.68
1734854106, 25, 10, 89, 1, 0, 0.09%, 13, 0, 14, 283.55
1734854111, 25, 12, 89, 1, 0, 0.09%, 13, 0, 14, 255.04
1734854117, 25, 14, 89, 1, 0, 0.09%, 13, 0, 14, 255.69
1734854122, 25, 36, 89, 1, 0, 0.09%, 13, 0, 14, 271.81
1734854132, 25, 43, 89, 1, 0, 0.09%, 13, 0, 14, 258.22
1734854578, 25, 46, 89, 0, 0, 0.09%, 13, 0, 14, 339.50
1734854588, 25, 66, 89, 0, 0, 0.09%, 13, 0, 14, 264.08
1734854598, 25, 68, 89, 0, 0, 0.09%, 13, 0, 14, 275.41
1734854608, 25, 70, 89, 0, 0, 0.09%, 13, 0, 14, 267.45
1734854613, 25, 71, 89, 0, 0, 0.09%, 13, 0, 14, 270.87
1734854623, 25, 78, 89, 0, 0, 0.09%, 13, 0, 14, 268.24
1734854633, 26, 10, 89, 0, 0, 0.09%, 13, 0, 14, 269.25
1734854638, 26, 12, 89, 0, 0, 0.09%, 13, 0, 14, 247.78
1734854644, 26, 14, 89, 0, 0, 0.09%, 13, 0, 14, 259.47
1734854649, 26, 45, 89, 0, 0, 0.09%, 13, 0, 14, 308.12
1734854664, 26, 63, 89, 0, 0, 0.09%, 13, 0, 14, 275.03
1734854674, 26, 66, 89, 0, 0, 0.09%, 13, 0, 14, 266.81
1734854679, 26, 68, 89, 0, 0, 0.09%, 13, 0, 14, 271.15
1734854689, 26, 70, 89, 0, 0, 0.09%, 13, 0, 14, 253.21
1734854700, 26, 71, 89, 0, 0, 0.09%, 13, 0, 14, 268.65
1734854705, 26, 78, 89, 0, 0, 0.09%, 13, 0, 14, 269.88
1734854715, 27, 3, 89, 0, 0, 0.09%, 13, 0, 14, 249.34
1734854720, 27, 11, 89, 0, 0, 0.09%, 13, 0, 14, 265.34
1734854725, 27, 12, 89, 0, 0, 0.09%, 13, 0, 14, 272.17
1734854730, 27, 14, 89, 0, 0, 0.09%, 13, 0, 14, 257.99
1734854735, 27, 21, 89, 0, 0, 0.09%, 13, 0, 14, 262.32
1734854740, 27, 49, 89, 0, 0, 0.09%, 13, 0, 14, 302.50
1734854745, 27, 51, 89, 0, 0, 0.09%, 13, 0, 14, 265.99
1734854765, 27, 62, 89, 0, 0, 0.09%, 13, 0, 14, 271.75
1734854770, 27, 63, 89, 0, 0, 0.09%, 13, 0, 14, 262.66
1734854780, 27, 66, 89, 0, 0, 0.09%, 13, 0, 14, 255.35
1734854791, 27, 68, 89, 0, 0, 0.09%, 13, 0, 14, 276.70
1734854796, 27, 70, 89, 0, 0, 0.09%, 13, 0, 14, 276.35
1734854806, 27, 71, 89, 0, 0, 0.09%, 13, 0, 14, 273.65
1734854811, 27, 78, 89, 0, 0, 0.09%, 13, 0, 14, 274.86
1734854821, 27, 80, 89, 0, 0, 0.09%, 13, 0, 14, 265.40
1734854831, 28, 10, 89, 0, 0, 0.09%, 13, 0, 14, 261.18
1734854836, 28, 11, 89, 0, 0, 0.09%, 13, 0, 14, 254.81
1734854841, 28, 12, 89, 0, 0, 0.09%, 13, 0, 14, 272.27
1734854846, 28, 14, 89, 0, 0, 0.09%, 13, 0, 14, 244.55
1734854852, 28, 49, 89, 0, 0, 0.09%, 13, 0, 14, 280.99
1734854857, 28, 56, 89, 0, 0, 0.09%, 13, 0, 14, 309.95
1734854867, 28, 61, 89, 0, 0, 0.09%, 13, 0, 14, 262.34
1734854872, 28, 66, 89, 0, 0, 0.09%, 13, 0, 14, 266.56
1734854882, 28, 68, 89, 0, 0, 0.09%, 13, 0, 14, 263.14
1734854887, 28, 70, 89, 0, 0, 0.09%, 13, 0, 14, 268.07
1734854897, 28, 71, 89, 0, 0, 0.09%, 13, 0, 14, 261.63
1734854908, 28, 74, 89, 0, 0, 0.09%, 13, 0, 14, 270.80
1734854913, 28, 78, 89, 0, 0, 0.09%, 13, 0, 14, 264.88
1734854928, 29, 11, 89, 0, 0, 0.09%, 13, 0, 14, 268.83
1734854933, 29, 12, 89, 0, 0, 0.09%, 13, 0, 14, 261.73
1734854938, 29, 14, 89, 0, 0, 0.09%, 13, 0, 14, 248.59
1734854943, 29, 55, 89, 0, 0, 0.09%, 13, 0, 14, 280.56
1734854953, 29, 66, 89, 0, 0, 0.09%, 13, 0, 14, 254.71
1734854958, 29, 68, 89, 0, 0, 0.09%, 13, 0, 14, 271.89
1734854968, 29, 70, 89, 0, 0, 0.09%, 13, 0, 14, 278.33
1734854978, 29, 71, 89, 0, 0, 0.09%, 13, 0, 14, 261.14
1734854983, 29, 72, 89, 0, 0, 0.09%, 13, 0, 14, 279.18
1734854993, 29, 78, 89, 0, 0, 0.09%, 13, 0, 14, 270.67
1734855003, 29, 83, 89, 0, 0, 0.09%, 13, 0, 14, 294.75
1734855013, 29, 84, 89, 0, 0, 0.09%, 13, 0, 14, 271.64
1734855018, 30, 10, 89, 0, 0, 0.09%, 13, 0, 14, 261.00
1734855023, 30, 12, 89, 0, 0, 0.09%, 13, 0, 14, 266.70
1734855028, 30, 14, 89, 0, 0, 0.09%, 13, 0, 14, 265.48
1734855033, 30, 66, 89, 0, 0, 0.09%, 13, 0, 14, 260.62
1734855044, 30, 68, 89, 0, 0, 0.09%, 13, 0, 14, 269.49
1734855054, 30, 70, 89, 0, 0, 0.09%, 13, 0, 14, 275.05
1734855059, 30, 71, 89, 0, 0, 0.09%, 13, 0, 14, 278.15
1734855069, 30, 78, 89, 0, 0, 0.09%, 13, 0, 14, 261.99
1734855079, 31, 8, 89, 0, 0, 0.09%, 13, 0, 14, 265.01
1734855084, 31, 11, 89, 0, 0, 0.09%, 13, 0, 14, 266.50
1734855089, 31, 12, 89, 0, 0, 0.09%, 13, 0, 14, 259.18
1734855094, 31, 14, 89, 0, 0, 0.09%, 13, 0, 14, 246.05
1734855099, 31, 35, 89, 0, 0, 0.09%, 13, 0, 14, 282.92
1734855104, 31, 47, 89, 0, 0, 0.09%, 13, 0, 14, 306.70
1734855120, 31, 49, 89, 0, 0, 0.09%, 13, 0, 14, 309.11
1734855125, 31, 66, 89, 0, 0, 0.09%, 13, 0, 14, 288.03
1734855135, 31, 68, 89, 0, 0, 0.09%, 13, 0, 14, 267.64
1734855140, 31, 70, 89, 0, 0, 0.09%, 13, 0, 14, 274.18
1734855150, 31, 71, 89, 0, 0, 0.09%, 13, 0, 14, 262.65
1734855155, 31, 78, 89, 0, 0, 0.09%, 13, 0, 14, 281.37
1734855170, 31, 85, 89, 0, 0, 0.09%, 13, 0, 14, 286.92
1734855175, 32, 8, 89, 0, 0, 0.09%, 13, 0, 14, 268.80
1734855180, 32, 11, 89, 0, 0, 0.09%, 13, 0, 14, 253.85
1734855185, 32, 12, 89, 0, 0, 0.09%, 13, 0, 14, 268.94
1734855190, 32, 14, 89, 0, 0, 0.09%, 13, 0, 14, 265.87
1734855195, 32, 37, 89, 0, 0, 0.09%, 13, 0, 14, 278.42
1734855200, 32, 48, 89, 0, 0, 0.09%, 13, 0, 14, 307.97
1734855216, 32, 49, 89, 0, 0, 0.09%, 13, 0, 14, 308.24
1734855221, 32, 60, 89, 0, 0, 0.09%, 13, 0, 14, 278.56
1734855231, 32, 66, 89, 0, 0, 0.09%, 13, 0, 14, 269.85
1734855236, 32, 68, 89, 0, 0, 0.09%, 13, 0, 14, 274.49
1734855246, 32, 70, 89, 0, 0, 0.09%, 13, 0, 14, 276.01
1734855251, 32, 71, 89, 0, 0, 0.09%, 13, 0, 14, 278.37
1734855261, 32, 78, 89, 0, 0, 0.09%, 13, 0, 14, 261.29
1734855276, 33, 11, 89, 0, 0, 0.09%, 13, 0, 14, 273.45
1734855281, 33, 12, 89, 0, 0, 0.09%, 13, 0, 14, 267.75
1734855287, 33, 14, 89, 0, 0, 0.09%, 13, 0, 14, 249.32
1734855292, 33, 18, 89, 0, 0, 0.09%, 13, 0, 14, 292.79
1734855297, 33, 19, 89, 0, 0, 0.09%, 13, 0, 14, 276.38
1734855302, 33, 39, 89, 0, 0, 0.09%, 13, 0, 14, 286.95
1734855312, 33, 66, 89, 0, 0, 0.09%, 13, 0, 14, 282.87
1734855317, 33, 68, 89, 0, 0, 0.09%, 13, 0, 14, 265.68
1734855327, 33, 70, 89, 0, 0, 0.09%, 13, 0, 14, 288.09
1734855332, 33, 71, 89, 0, 0, 0.09%, 13, 0, 14, 254.96
1734855343, 33, 78, 89, 0, 0, 0.09%, 13, 0, 14, 265.78
1734855353, 34, 10, 89, 0, 0, 0.09%, 13, 0, 14, 276.62
1734855358, 34, 12, 89, 0, 0, 0.09%, 13, 0, 14, 254.88
1734855363, 34, 14, 89, 0, 0, 0.09%, 13, 0, 14, 260.13
1734855368, 34, 15, 89, 0, 0, 0.09%, 13, 0, 14, 278.91
1734855373, 34, 46, 89, 0, 0, 0.09%, 13, 0, 14, 319.65
1734855383, 34, 66, 89, 0, 0, 0.09%, 13, 0, 14, 266.82
1734855388, 34, 68, 89, 0, 0, 0.09%, 13, 0, 14, 271.43
1734855398, 34, 70, 89, 0, 0, 0.09%, 13, 0, 14, 276.64
1734855404, 34, 71, 89, 0, 0, 0.09%, 13, 0, 14, 265.19
1734855414, 34, 75, 89, 0, 0, 0.09%, 13, 0, 14, 288.22
1734855424, 34, 78, 89, 0, 0, 0.09%, 13, 0, 14, 269.65
1734855434, 34, 85, 89, 0, 0, 0.09%, 13, 0, 14, 281.22
1734855439, 34, 88, 89, 0, 0, 0.09%, 13, 0, 14, 307.34
1734855479, 35, 10, 89, 0, 0, 0.09%, 13, 0, 14, 266.31
1734855484, 35, 12, 89, 0, 0, 0.09%, 13, 0, 14, 249.92
1734855489, 35, 13, 89, 0, 0, 0.09%, 13, 0, 14, 257.94
1734855494, 35, 14, 89, 0, 0, 0.09%, 13, 0, 14, 271.39
1734855499, 35, 26, 89, 0, 0, 0.09%, 13, 0, 14, 273.14
1734855504, 35, 45, 89, 0, 0, 0.09%, 13, 0, 14, 300.56
1734855515, 35, 47, 89, 0, 0, 0.09%, 13, 0, 14, 302.33
1734855520, 35, 66, 89, 0, 0, 0.09%, 13, 0, 14, 274.20
1734855530, 35, 68, 89, 0, 0, 0.09%, 13, 0, 14, 265.64
1734855535, 35, 70, 89, 0, 0, 0.09%, 13, 0, 14, 278.06
1734855545, 35, 71, 89, 0, 0, 0.09%, 13, 0, 14, 266.87
1734855555, 35, 73, 89, 0, 0, 0.09%, 13, 0, 14, 280.61
1734855561, 35, 78, 89, 0, 0, 0.09%, 13, 0, 14, 270.31
1734855571, 36, 5, 89, 0, 0, 0.09%, 13, 0, 14, 273.48
1734855576, 36, 11, 89, 0, 0, 0.09%, 13, 0, 14, 262.70
1734855581, 36, 12, 89, 0, 0, 0.09%, 13, 0, 14, 259.98
1734855586, 36, 14, 89, 0, 0, 0.09%, 13, 0, 14, 260.67
1734855591, 36, 18, 89, 0, 0, 0.09%, 13, 0, 14, 283.84
1734855596, 36, 66, 89, 0, 0, 0.09%, 13, 0, 14, 269.73
1734855606, 36, 68, 89, 0, 0, 0.09%, 13, 0, 14, 272.98
1734855612, 36, 70, 89, 0, 0, 0.09%, 13, 0, 14, 279.26
1734855622, 36, 71, 89, 0, 0, 0.09%, 13, 0, 14, 264.42
1734855627, 36, 78, 89, 0, 0, 0.09%, 13, 0, 14, 263.54
1734855642, 36, 79, 89, 0, 0, 0.09%, 13, 0, 14, 284.84
1734855647, 37, 10, 89, 0, 0, 0.09%, 13, 0, 14, 277.24
1734855652, 37, 12, 89, 0, 0, 0.09%, 13, 0, 14, 269.50
1734855662, 37, 14, 89, 0, 0, 0.09%, 13, 0, 14, 260.68
1734855667, 37, 40, 89, 0, 0, 0.09%, 13, 0, 14, 272.60
1734855672, 37, 50, 89, 0, 0, 0.09%, 13, 0, 14, 348.96
1734855688, 37, 55, 89, 0, 0, 0.09%, 13, 0, 14, 290.57
1734855693, 37, 66, 89, 0, 0, 0.09%, 13, 0, 14, 270.43
1734855703, 37, 68, 89, 0, 0, 0.09%, 13, 0, 14, 263.73
1734855708, 37, 70, 89, 0, 0, 0.09%, 13, 0, 14, 267.25
1734855718, 37, 71, 89, 0, 0, 0.09%, 13, 0, 14, 265.77
1734855728, 37, 78, 89, 0, 0, 0.09%, 13, 0, 14, 271.46
1734855739, 38, 11, 89, 0, 0, 0.09%, 13, 0, 14, 267.68
1734855744, 38, 12, 89, 0, 0, 0.09%, 13, 0, 14, 246.43
1734855749, 38, 14, 89, 0, 0, 0.09%, 13, 0, 14, 255.09
1734855754, 38, 20, 89, 0, 0, 0.09%, 13, 0, 14, 276.62
1734855759, 38, 41, 89, 0, 0, 0.09%, 13, 0, 14, 335.06
1734855774, 38, 61, 89, 0, 0, 0.09%, 13, 0, 14, 269.88
1734855779, 38, 66, 89, 0, 0, 0.09%, 13, 0, 14, 258.88
1734855790, 38, 67, 89, 0, 0, 0.09%, 13, 0, 14, 265.80
1734855800, 38, 68, 89, 0, 0, 0.09%, 13, 0, 14, 266.18
1734855805, 38, 70, 89, 0, 0, 0.09%, 13, 0, 14, 285.68
1734855815, 38, 71, 89, 0, 0, 0.09%, 13, 0, 14, 265.40
1734855820, 38, 78, 89, 0, 0, 0.09%, 13, 0, 14, 263.68
1734855835, 39, 10, 89, 0, 0, 0.09%, 13, 0, 14, 261.29
1734855840, 39, 12, 89, 0, 0, 0.09%, 13, 0, 14, 257.81
1734855845, 39, 14, 89, 0, 0, 0.09%, 13, 0, 14, 270.69
1734855850, 39, 65, 89, 0, 0, 0.09%, 13, 0, 14, 279.32
1734855860, 39, 66, 89, 0, 0, 0.09%, 13, 0, 14, 272.09
1734855870, 39, 68, 89, 0, 0, 0.09%, 13, 0, 14, 280.55
1734855875, 39, 70, 89, 0, 0, 0.09%, 13, 0, 14, 270.10
1734855886, 39, 71, 89, 0, 0, 0.09%, 13, 0, 14, 279.02
1734855891, 39, 78, 89, 0, 0, 0.09%, 13, 0, 14, 277.01
1734855906, 39, 86, 89, 0, 0, 0.09%, 13, 0, 14, 310.71
1734855916, 40, 10, 89, 0, 0, 0.09%, 13, 0, 14, 296.36
1734855921, 40, 11, 89, 0, 0, 0.09%, 13, 0, 14, 275.04
1734855926, 40, 12, 89, 0, 0, 0.09%, 13, 0, 14, 291.24
1734855931, 40, 14, 89, 0, 0, 0.09%, 13, 0, 14, 272.93
1734855937, 40, 47, 89, 0, 0, 0.09%, 13, 0, 14, 290.59
1734855942, 40, 55, 89, 0, 0, 0.09%, 13, 0, 14, 298.14
1734855952, 40, 66, 89, 0, 0, 0.09%, 13, 0, 14, 275.88
1734855957, 40, 68, 89, 0, 0, 0.09%, 13, 0, 14, 271.49
1734855967, 40, 69, 89, 0, 0, 0.09%, 13, 0, 14, 269.47
1734855972, 40, 70, 89, 0, 0, 0.09%, 13, 0, 14, 278.70
1734855982, 40, 71, 89, 0, 0, 0.09%, 13, 0, 14, 271.69
1734855992, 40, 78, 89, 0, 0, 0.09%, 13, 0, 14, 261.87
1734856002, 41, 10, 89, 0, 0, 0.09%, 13, 0, 14, 259.60
1734856007, 41, 11, 89, 0, 0, 0.09%, 13, 0, 14, 266.60
1734856012, 41, 14, 89, 0, 0, 0.09%, 13, 0, 14, 277.26
1734856017, 41, 38, 89, 0, 0, 0.09%, 13, 0, 14, 291.42
1734856022, 41, 42, 89, 0, 0, 0.09%, 13, 0, 14, 301.44
1734856032, 41, 47, 89, 0, 0, 0.09%, 13, 0, 14, 298.66
1734856037, 41, 55, 89, 0, 0, 0.09%, 13, 0, 14, 264.65
1734856048, 41, 66, 89, 0, 0, 0.09%, 13, 0, 14, 276.37
1734856053, 41, 68, 89, 0, 0, 0.09%, 13, 0, 14, 281.37
1734856063, 41, 69, 89, 0, 0, 0.09%, 13, 0, 14, 267.15
1734856068, 41, 70, 89, 0, 0, 0.09%, 13, 0, 14, 285.45
1734856078, 41, 71, 89, 0, 0, 0.09%, 13, 0, 14, 280.63
1734856088, 41, 78, 89, 0, 0, 0.09%, 13, 0, 14, 266.72
1734856098, 42, 10, 89, 0, 0, 0.09%, 13, 0, 14, 259.79
1734856103, 42, 12, 89, 0, 0, 0.09%, 13, 0, 14, 260.79
1734856109, 42, 14, 89, 0, 0, 0.09%, 13, 0, 14, 281.01
1734856119, 42, 49, 89, 0, 0, 0.09%, 13, 0, 14, 316.48
1734856124, 42, 66, 89, 0, 0, 0.09%, 13, 0, 14, 280.38
1734856129, 42, 68, 89, 0, 0, 0.09%, 13, 0, 14, 282.63
1734856139, 42, 70, 89, 0, 0, 0.09%, 13, 0, 14, 270.39
1734856149, 42, 71, 89, 0, 0, 0.09%, 13, 0, 14, 291.45
1734856154, 42, 78, 89, 0, 0, 0.09%, 13, 0, 14, 270.36
1734856165, 43, 3, 89, 0, 0, 0.09%, 13, 0, 14, 278.05
1734856170, 43, 11, 89, 0, 0, 0.09%, 13, 0, 14, 270.73
1734856175, 43, 12, 89, 0, 0, 0.09%, 13, 0, 14, 270.41
1734856180, 43, 14, 89, 0, 0, 0.09%, 13, 0, 14, 265.23
1734856185, 43, 35, 89, 0, 0, 0.09%, 13, 0, 14, 280.43
1734856190, 43, 37, 89, 0, 0, 0.09%, 13, 0, 14, 270.06
1734856195, 43, 66, 89, 0, 0, 0.09%, 13, 0, 14, 276.08
1734856200, 43, 68, 89, 0, 0, 0.09%, 13, 0, 14, 274.62
1734856210, 43, 70, 89, 0, 0, 0.09%, 13, 0, 14, 273.12
1734856215, 43, 71, 89, 0, 0, 0.09%, 13, 0, 14, 272.48
1734856225, 43, 78, 89, 0, 0, 0.09%, 13, 0, 14, 274.14
1734856236, 43, 84, 89, 0, 0, 0.09%, 13, 0, 14, 279.78
1734856241, 43, 87, 89, 0, 0, 0.09%, 13, 0, 14, 270.26
1734856251, 43, 88, 89, 0, 0, 0.09%, 13, 0, 14, 289.74
1734856271, 44, 11, 89, 0, 0, 0.09%, 13, 0, 14, 278.23
1734856276, 44, 12, 89, 0, 0, 0.09%, 13, 0, 14, 258.81
1734856281, 44, 14, 89, 0, 0, 0.09%, 13, 0, 14, 255.58
1734856286, 44, 36, 89, 0, 0, 0.09%, 13, 0, 14, 286.33
1734856291, 44, 42, 89, 0, 0, 0.09%, 13, 0, 14, 316.76
1734856301, 44, 66, 89, 0, 0, 0.09%, 13, 0, 14, 289.39
1734856306, 44, 68, 89, 0, 0, 0.09%, 13, 0, 14, 270.96
1734856317, 44, 70, 89, 0, 0, 0.09%, 13, 0, 14, 277.68
1734856322, 44, 71, 89, 0, 0, 0.09%, 13, 0, 14, 266.10
1734856332, 44, 78, 89, 0, 0, 0.09%, 13, 0, 14, 269.58
1734856342, 44, 87, 89, 0, 0, 0.09%, 13, 0, 14, 277.33
1734856352, 45, 11, 89, 0, 0, 0.09%, 13, 0, 14, 258.31
1734856357, 45, 12, 89, 0, 0, 0.09%, 13, 0, 14, 249.78
1734856362, 45, 14, 89, 0, 0, 0.09%, 13, 0, 14, 265.15
1734856367, 45, 18, 89, 0, 0, 0.09%, 13, 0, 14, 282.18
1734856373, 45, 43, 89, 0, 0, 0.09%, 13, 0, 14, 318.88
1734856388, 45, 47, 89, 0, 0, 0.09%, 13, 0, 14, 305.79
1734856393, 45, 66, 89, 0, 0, 0.09%, 13, 0, 14, 274.70
1734856403, 45, 68, 89, 0, 0, 0.09%, 13, 0, 14, 256.80
1734856408, 45, 70, 89, 0, 0, 0.09%, 13, 0, 14, 270.54
1734856418, 45, 71, 89, 0, 0, 0.09%, 13, 0, 14, 286.56
1734856423, 45, 78, 89, 0, 0, 0.09%, 13, 0, 14, 280.55
1734856438, 46, 11, 89, 0, 0, 0.09%, 13, 0, 14, 264.18
1734856443, 46, 12, 89, 0, 0, 0.09%, 13, 0, 14, 251.36
1734856448, 46, 14, 89, 0, 0, 0.09%, 13, 0, 14, 269.06
1734856454, 46, 64, 89, 0, 0, 0.09%, 13, 0, 14, 258.01
1734856464, 46, 66, 89, 0, 0, 0.09%, 13, 0, 14, 275.71
1734856469, 46, 68, 89, 0, 0, 0.09%, 13, 0, 14, 269.14
1734856479, 46, 70, 89, 0, 0, 0.09%, 13, 0, 14, 253.36
1734856484, 46, 71, 89, 0, 0, 0.09%, 13, 0, 14, 277.32
1734856494, 46, 78, 89, 0, 0, 0.09%, 13, 0, 14, 268.94
1734856504, 47, 3, 89, 0, 0, 0.09%, 13, 0, 14, 272.90
1734856509, 47, 11, 89, 0, 0, 0.09%, 13, 0, 14, 249.14
1734856514, 47, 12, 89, 0, 0, 0.09%, 13, 0, 14, 260.04
1734856519, 47, 14, 89, 0, 0, 0.09%, 13, 0, 14, 260.74
1734856525, 47, 21, 89, 0, 0, 0.09%, 13, 0, 14, 265.25
1734856530, 47, 45, 89, 0, 0, 0.09%, 13, 0, 14, 315.48
1734856535, 47, 66, 89, 0, 0, 0.09%, 13, 0, 14, 299.94
1734856545, 47, 67, 89, 0, 0, 0.09%, 13, 0, 14, 264.96
1734856555, 47, 68, 89, 0, 0, 0.09%, 13, 0, 14, 276.10
1734856560, 47, 70, 89, 0, 0, 0.09%, 13, 0, 14, 271.52
1734856570, 47, 71, 89, 0, 0, 0.09%, 13, 0, 14, 289.17
1734856575, 47, 78, 89, 0, 0, 0.09%, 13, 0, 14, 272.14
1734856580, 47, 78, 90, 1, 0, 0.09%, 14, 0, 14, 262.48
1734856595, 47, 89, 90, 1, 1, 0.09%, 14, 0, 14, 379.05
1734856686, 48, 10, 90, 0, 0, 0.09%, 14, 0, 14, 252.77
1734856691, 48, 12, 90, 0, 0, 0.09%, 14, 0, 14, 260.40
1734856696, 48, 14, 90, 0, 0, 0.09%, 14, 0, 14, 264.67
1734856701, 48, 18, 90, 0, 0, 0.09%, 14, 0, 14, 280.96
1734856707, 48, 24, 90, 0, 0, 0.09%, 14, 0, 14, 277.49
1734856712, 48, 47, 90, 0, 0, 0.09%, 14, 0, 14, 269.74
1734856722, 48, 48, 90, 0, 0, 0.09%, 14, 0, 14, 310.65
1734856727, 48, 68, 90, 0, 0, 0.09%, 14, 0, 14, 293.44
1734856737, 48, 70, 90, 0, 0, 0.09%, 14, 0, 14, 281.68
1734856742, 48, 71, 90, 0, 0, 0.09%, 14, 0, 14, 271.91
1734856753, 48, 78, 90, 0, 0, 0.09%, 14, 0, 14, 263.54
1734856763, 48, 89, 90, 0, 0, 0.09%, 14, 0, 14, 259.79
1734856803, 49, 5, 90, 0, 0, 0.09%, 14, 0, 14, 310.89
1734856808, 49, 11, 90, 0, 0, 0.09%, 14, 0, 14, 274.40
1734856814, 49, 12, 90, 0, 0, 0.09%, 14, 0, 14, 252.85
1734856819, 49, 14, 90, 0, 0, 0.09%, 14, 0, 14, 255.38
1734856824, 49, 47, 90, 0, 0, 0.09%, 14, 0, 14, 290.23
1734856834, 49, 68, 90, 0, 0, 0.09%, 14, 0, 14, 278.34
1734856839, 49, 70, 90, 0, 0, 0.09%, 14, 0, 14, 278.39
1734856849, 49, 71, 90, 0, 0, 0.09%, 14, 0, 14, 274.13
1734856854, 49, 73, 90, 0, 0, 0.09%, 14, 0, 14, 273.27
1734856864, 49, 78, 90, 0, 0, 0.09%, 14, 0, 14, 269.59
1734856875, 49, 89, 90, 0, 0, 0.09%, 14, 0, 14, 282.87
1734856920, 50, 11, 90, 0, 0, 0.09%, 14, 0, 14, 268.02
1734856925, 50, 12, 90, 0, 0, 0.09%, 14, 0, 14, 253.69
1734856930, 50, 14, 90, 0, 0, 0.09%, 14, 0, 14, 251.49
1734856935, 50, 38, 90, 0, 0, 0.09%, 14, 0, 14, 301.41
1734856940, 50, 68, 90, 0, 0, 0.09%, 14, 0, 14, 283.47
1734856950, 50, 69, 90, 0, 0, 0.09%, 14, 0, 14, 287.03
1734856955, 50, 70, 90, 0, 0, 0.09%, 14, 0, 14, 278.06
1734856966, 50, 71, 90, 0, 0, 0.09%, 14, 0, 14, 271.61
1734856971, 50, 77, 90, 0, 0, 0.09%, 14, 0, 14, 280.71
1734856981, 50, 78, 90, 0, 0, 0.09%, 14, 0, 14, 269.90
1734856991, 50, 79, 90, 0, 0, 0.09%, 14, 0, 14, 294.54
1734857001, 50, 89, 90, 0, 0, 0.09%, 14, 0, 14, 270.02
1734857042, 51, 11, 90, 0, 0, 0.09%, 14, 0, 14, 268.87
1734857047, 51, 12, 90, 0, 0, 0.09%, 14, 0, 14, 266.55
1734857052, 51, 14, 90, 0, 0, 0.09%, 14, 0, 14, 268.19
1734857057, 51, 26, 90, 0, 0, 0.09%, 14, 0, 14, 283.03
1734857062, 51, 43, 90, 0, 0, 0.09%, 14, 0, 14, 320.58
1734857067, 51, 44, 90, 0, 0, 0.09%, 14, 0, 14, 308.61
1734857082, 51, 62, 90, 0, 0, 0.09%, 14, 0, 14, 265.59
1734857092, 51, 68, 90, 0, 0, 0.09%, 14, 0, 14, 260.06
1734857102, 51, 70, 90, 0, 0, 0.09%, 14, 0, 14, 250.43
1734857107, 51, 71, 90, 0, 0, 0.09%, 14, 0, 14, 267.98
1734857117, 51, 76, 90, 0, 0, 0.09%, 14, 0, 14, 265.39
1734857122, 51, 78, 90, 0, 0, 0.09%, 14, 0, 14, 278.27
1734857138, 51, 89, 90, 0, 0, 0.09%, 14, 0, 14, 276.73
1734857178, 52, 10, 90, 0, 0, 0.09%, 14, 0, 14, 260.90
1734857183, 52, 12, 90, 0, 0, 0.09%, 14, 0, 14, 266.08
1734857193, 52, 14, 90, 0, 0, 0.09%, 14, 0, 14, 258.22
1734857198, 52, 42, 90, 0, 0, 0.09%, 14, 0, 14, 291.44
1734857204, 52, 43, 90, 0, 0, 0.09%, 14, 0, 14, 315.75
1734857209, 52, 68, 90, 0, 0, 0.09%, 14, 0, 14, 276.31
1734857219, 52, 70, 90, 0, 0, 0.09%, 14, 0, 14, 278.79
1734857224, 52, 71, 90, 0, 0, 0.09%, 14, 0, 14, 278.79
1734857234, 52, 78, 90, 0, 0, 0.09%, 14, 0, 14, 288.85
1734857244, 52, 89, 90, 0, 0, 0.09%, 14, 0, 14, 288.53
1734857290, 53, 11, 90, 0, 0, 0.09%, 14, 0, 14, 263.01
1734857295, 53, 12, 90, 0, 0, 0.09%, 14, 0, 14, 256.94
1734857300, 53, 14, 90, 0, 0, 0.09%, 14, 0, 14, 254.24
1734857305, 53, 44, 90, 0, 0, 0.09%, 14, 0, 14, 311.80
1734857310, 53, 49, 90, 0, 0, 0.09%, 14, 0, 14, 318.44
1734857320, 53, 62, 90, 0, 0, 0.09%, 14, 0, 14, 277.65
1734857325, 53, 68, 90, 0, 0, 0.09%, 14, 0, 14, 275.88
1734857335, 53, 70, 90, 0, 0, 0.09%, 14, 0, 14, 265.19
1734857345, 53, 71, 90, 0, 0, 0.09%, 14, 0, 14, 279.54
1734857350, 53, 78, 90, 0, 0, 0.09%, 14, 0, 14, 275.44
1734857361, 53, 82, 90, 0, 0, 0.09%, 14, 0, 14, 276.07
1734857371, 53, 89, 90, 0, 0, 0.09%, 14, 0, 14, 273.55
1734857412, 54, 10, 90, 0, 0, 0.09%, 14, 0, 14, 294.19
1734857417, 54, 12, 90, 0, 0, 0.09%, 14, 0, 14, 262.40
1734857422, 54, 14, 90, 0, 0, 0.09%, 14, 0, 14, 254.92
1734857427, 54, 27, 90, 0, 0, 0.09%, 14, 0, 14, 274.69
1734857432, 54, 51, 90, 0, 0, 0.09%, 14, 0, 14, 270.94
1734857442, 54, 56, 90, 0, 0, 0.09%, 14, 0, 14, 288.89
1734857447, 54, 66, 90, 0, 0, 0.09%, 14, 0, 14, 255.24
1734857458, 54, 68, 90, 0, 0, 0.09%, 14, 0, 14, 280.89
1734857468, 54, 70, 90, 0, 0, 0.09%, 14, 0, 14, 270.22
1734857473, 54, 71, 90, 0, 0, 0.09%, 14, 0, 14, 269.26
1734857483, 54, 78, 90, 0, 0, 0.09%, 14, 0, 14, 260.00
1734857493, 54, 81, 90, 0, 0, 0.09%, 14, 0, 14, 285.82
1734857498, 54, 89, 90, 0, 0, 0.09%, 14, 0, 14, 280.47
1734857544, 55, 10, 90, 0, 0, 0.09%, 14, 0, 14, 267.13
1734857549, 55, 12, 90, 0, 0, 0.09%, 14, 0, 14, 255.88
1734857554, 55, 14, 90, 0, 0, 0.09%, 14, 0, 14, 256.00
1734857559, 55, 24, 90, 0, 0, 0.09%, 14, 0, 14, 258.23
1734857564, 55, 58, 90, 0, 0, 0.09%, 14, 0, 14, 276.37
1734857574, 55, 59, 90, 0, 0, 0.09%, 14, 0, 14, 256.31
1734857580, 55, 68, 90, 0, 0, 0.09%, 14, 0, 14, 267.83
1734857590, 55, 70, 90, 0, 0, 0.09%, 14, 0, 14, 270.92
1734857600, 55, 71, 90, 0, 0, 0.09%, 14, 0, 14, 261.85
1734857605, 55, 78, 90, 0, 0, 0.09%, 14, 0, 14, 262.97
1734857615, 55, 89, 90, 0, 0, 0.09%, 14, 0, 14, 279.53
1734857660, 56, 11, 90, 0, 0, 0.09%, 14, 0, 14, 268.78
1734857665, 56, 12, 90, 0, 0, 0.09%, 14, 0, 14, 262.37
1734857670, 56, 14, 90, 0, 0, 0.09%, 14, 0, 14, 260.25
1734857675, 56, 32, 90, 0, 0, 0.09%, 14, 0, 14, 266.16
1734857680, 56, 42, 90, 0, 0, 0.09%, 14, 0, 14, 311.52
1734857690, 56, 55, 90, 0, 0, 0.09%, 14, 0, 14, 276.38
1734857695, 56, 68, 90, 0, 0, 0.09%, 14, 0, 14, 279.18
1734857706, 56, 70, 90, 0, 0, 0.09%, 14, 0, 14, 267.52
1734857711, 56, 71, 90, 0, 0, 0.09%, 14, 0, 14, 271.61
1734857721, 56, 78, 90, 0, 0, 0.09%, 14, 0, 14, 267.94
1734857731, 56, 82, 90, 0, 0, 0.09%, 14, 0, 14, 287.15
1734857741, 56, 89, 90, 0, 0, 0.09%, 14, 0, 14, 271.51
1734857782, 57, 10, 90, 0, 0, 0.09%, 14, 0, 14, 259.03
1734857787, 57, 12, 90, 0, 0, 0.09%, 14, 0, 14, 249.08
1734857797, 57, 14, 90, 0, 0, 0.09%, 14, 0, 14, 261.04
1734857802, 57, 22, 90, 0, 0, 0.09%, 14, 0, 14, 273.17
1734857807, 57, 57, 90, 0, 0, 0.09%, 14, 0, 14, 286.05
1734857812, 57, 60, 90, 0, 0, 0.09%, 14, 0, 14, 276.03
1734857822, 57, 68, 90, 0, 0, 0.09%, 14, 0, 14, 265.61
1734857827, 57, 70, 90, 0, 0, 0.09%, 14, 0, 14, 279.25
1734857838, 57, 71, 90, 0, 0, 0.09%, 14, 0, 14, 275.30
1734857843, 57, 72, 90, 0, 0, 0.09%, 14, 0, 14, 265.38
1734857853, 57, 78, 90, 0, 0, 0.09%, 14, 0, 14, 276.81
1734857863, 57, 89, 90, 0, 0, 0.09%, 14, 0, 14, 272.31
1734857903, 58, 1, 90, 0, 0, 0.09%, 14, 0, 14, 319.79
1734857908, 58, 10, 90, 0, 0, 0.09%, 14, 0, 14, 265.00
1734857913, 58, 12, 90, 0, 0, 0.09%, 14, 0, 14, 257.50
1734857919, 58, 14, 90, 0, 0, 0.09%, 14, 0, 14, 262.76
1734857924, 58, 23, 90, 0, 0, 0.09%, 14, 0, 14, 261.47
1734857929, 58, 38, 90, 0, 0, 0.09%, 14, 0, 14, 281.61
1734857934, 58, 45, 90, 0, 0, 0.09%, 14, 0, 14, 298.69
1734857944, 58, 53, 90, 0, 0, 0.09%, 14, 0, 14, 283.35
1734857949, 58, 60, 90, 0, 0, 0.09%, 14, 0, 14, 274.09
1734857954, 58, 68, 90, 0, 0, 0.09%, 14, 0, 14, 266.34
1734857964, 58, 70, 90, 0, 0, 0.09%, 14, 0, 14, 273.22
1734857969, 58, 71, 90, 0, 0, 0.09%, 14, 0, 14, 262.44
1734857979, 58, 78, 90, 0, 0, 0.09%, 14, 0, 14, 276.49
1734857990, 58, 89, 90, 0, 0, 0.09%, 14, 0, 14, 260.68
1734858015, 59, 0, 90, 0, 0, 0.09%, 14, 0, 14, 273.93
1734858020, 59, 11, 90, 0, 0, 0.09%, 14, 0, 14, 257.12
1734858025, 59, 12, 90, 0, 0, 0.09%, 14, 0, 14, 262.16
1734858030, 59, 14, 90, 0, 0, 0.09%, 14, 0, 14, 253.08
1734858035, 59, 59, 90, 0, 0, 0.09%, 14, 0, 14, 265.24
1734858046, 59, 61, 90, 0, 0, 0.09%, 14, 0, 14, 256.35
1734858051, 59, 68, 90, 0, 0, 0.09%, 14, 0, 14, 236.66
1734858061, 59, 70, 90, 0, 0, 0.09%, 14, 0, 14, 281.29
1734858066, 59, 71, 90, 0, 0, 0.09%, 14, 0, 14, 288.47
1734858076, 59, 72, 90, 0, 0, 0.09%, 14, 0, 14, 294.91
1734858081, 59, 78, 90, 0, 0, 0.09%, 14, 0, 14, 278.76
1734858097, 59, 81, 91, 1, 0, 0.09%, 14, 0, 14, 288.83
1734858102, 59, 89, 91, 1, 0, 0.09%, 14, 0, 14, 277.90
1734858127, 60, 11, 91, 1, 0, 0.09%, 14, 0, 14, 278.35
1734858132, 60, 12, 91, 1, 0, 0.09%, 14, 0, 14, 257.41
1734858137, 60, 14, 91, 1, 0, 0.09%, 14, 0, 14, 253.28
1734858142, 60, 64, 91, 1, 0, 0.09%, 14, 0, 14, 249.87
1734858152, 60, 68, 91, 1, 0, 0.09%, 14, 0, 14, 272.68
1734858157, 60, 70, 91, 1, 0, 0.09%, 14, 0, 14, 260.67
1734858167, 60, 71, 91, 1, 0, 0.09%, 14, 0, 14, 270.51
1734858177, 60, 76, 91, 1, 0, 0.09%, 14, 0, 14, 261.91
1734858182, 60, 78, 91, 1, 0, 0.09%, 14, 0, 14, 263.03
1734858198, 60, 82, 91, 1, 0, 0.09%, 14, 0, 14, 287.52
1734858203, 60, 86, 91, 1, 0, 0.09%, 14, 0, 14, 305.29
1734858213, 60, 89, 91, 1, 0, 0.09%, 14, 0, 14, 272.94
1734858233, 61, 10, 91, 1, 0, 0.09%, 14, 0, 14, 265.20
1734858238, 61, 12, 91, 1, 0, 0.09%, 14, 0, 14, 269.57
1734858249, 61, 14, 91, 1, 0, 0.09%, 14, 0, 14, 271.82
1734858254, 61, 47, 91, 1, 0, 0.09%, 14, 0, 14, 283.01
1734858259, 61, 48, 91, 1, 0, 0.09%, 14, 0, 14, 297.01
1734858269, 61, 67, 91, 1, 0, 0.09%, 14, 0, 14, 270.93
1734858274, 61, 68, 91, 1, 0, 0.09%, 14, 0, 14, 258.06
1734858284, 61, 70, 91, 1, 0, 0.09%, 14, 0, 14, 265.21
1734858289, 61, 71, 91, 1, 0, 0.09%, 14, 0, 14, 285.43
1734858299, 61, 78, 91, 1, 0, 0.09%, 14, 0, 14, 268.17
1734858309, 61, 85, 91, 1, 0, 0.09%, 14, 0, 14, 275.54
1734858314, 61, 89, 91, 1, 0, 0.09%, 14, 0, 14, 271.92
1734858330, 62, 11, 91, 1, 0, 0.09%, 14, 0, 14, 259.77
1734858335, 62, 12, 91, 1, 0, 0.09%, 14, 0, 14, 257.25
1734858340, 62, 14, 91, 1, 0, 0.09%, 14, 0, 14, 258.11
1734858345, 62, 18, 91, 1, 0, 0.09%, 14, 0, 14, 273.20
1734858350, 62, 21, 91, 1, 0, 0.09%, 14, 0, 14, 289.38
1734858355, 62, 27, 91, 1, 0, 0.09%, 14, 0, 14, 268.30
1734858360, 62, 65, 91, 1, 0, 0.09%, 14, 0, 14, 289.91
1734858370, 62, 68, 91, 1, 0, 0.09%, 14, 0, 14, 270.67
1734858375, 62, 70, 91, 1, 0, 0.09%, 14, 0, 14, 276.46
1734858385, 62, 71, 91, 1, 0, 0.09%, 14, 0, 14, 274.10
1734858390, 62, 78, 91, 1, 0, 0.09%, 14, 0, 14, 267.25
1734858400, 62, 89, 91, 1, 0, 0.09%, 14, 0, 14, 292.19
1734858415, 63, 10, 91, 1, 0, 0.09%, 14, 0, 14, 260.54
1734858420, 63, 12, 91, 1, 0, 0.09%, 14, 0, 14, 258.90
1734858425, 63, 14, 91, 1, 0, 0.09%, 14, 0, 14, 255.59
1734858430, 63, 33, 91, 1, 0, 0.09%, 14, 0, 14, 264.29
1734858436, 63, 66, 91, 1, 0, 0.09%, 14, 0, 14, 261.73
1734858446, 63, 67, 91, 1, 0, 0.09%, 14, 0, 14, 272.54
1734858451, 63, 68, 91, 1, 0, 0.09%, 14, 0, 14, 275.16
1734858461, 63, 69, 91, 1, 0, 0.09%, 14, 0, 14, 282.14
1734858466, 63, 70, 91, 1, 0, 0.09%, 14, 0, 14, 282.74
1734858476, 63, 71, 91, 1, 0, 0.09%, 14, 0, 14, 268.15
1734858481, 63, 78, 91, 1, 0, 0.09%, 14, 0, 14, 289.90
1734858496, 63, 81, 91, 1, 0, 0.09%, 14, 0, 14, 275.78
1734858501, 63, 89, 91, 1, 0, 0.09%, 14, 0, 14, 273.77
1734858512, 63, 90, 91, 1, 0, 0.09%, 14, 0, 14, 358.46
1734858532, 63, 90, 92, 2, 0, 0.09%, 14, 0, 15, 339.09
1734858618, 63, 90, 93, 3, 0, 0.09%, 14, 0, 15, 301.66
1734858663, 64, 4, 93, 2, 0, 0.09%, 14, 0, 15, 310.09
1734858668, 64, 11, 93, 2, 0, 0.09%, 14, 0, 15, 276.39
1734858673, 64, 12, 93, 2, 0, 0.09%, 14, 0, 15, 262.11
1734858678, 64, 14, 93, 2, 0, 0.09%, 14, 0, 15, 255.36
1734858684, 64, 15, 93, 2, 0, 0.09%, 14, 0, 15, 274.09
1734858689, 64, 38, 93, 2, 0, 0.09%, 14, 0, 15, 301.09
1734858694, 64, 68, 93, 2, 0, 0.09%, 14, 0, 15, 257.56
1734858699, 64, 70, 93, 2, 0, 0.09%, 14, 0, 15, 265.62
1734858709, 64, 71, 93, 2, 0, 0.09%, 14, 0, 15, 264.21
1734858719, 64, 78, 93, 2, 0, 0.09%, 14, 0, 15, 263.97
1734858730, 64, 89, 93, 2, 0, 0.09%, 14, 0, 15, 276.52
1734858740, 64, 91, 93, 2, 0, 0.09%, 14, 0, 15, 322.89
1734858806, 64, 91, 94, 3, 0, 0.12%, 15, 0, 16, 288.02
1734858826, 64, 91, 95, 4, 0, 0.12%, 16, 0, 16, 291.94
1734858857, 64, 91, 96, 5, 0, 0.12%, 16, 0, 16, 282.30
1734858862, 64, 91, 97, 6, 0, 0.12%, 16, 0, 16, 289.01
1734858893, 64, 91, 98, 7, 0, 0.12%, 16, 0, 16, 293.79
1734858908, 64, 93, 100, 8, 2, 0.12%, 17, 0, 17, 301.12
1734858913, 64, 93, 102, 10, 2, 0.12%, 17, 0, 17, 410.22
1734858918, 64, 93, 103, 11, 2, 0.12%, 17, 0, 17, 344.06
1734858933, 64, 93, 104, 12, 2, 0.12%, 17, 0, 17, 337.33
1734858938, 64, 93, 105, 13, 2, 0.12%, 17, 0, 17, 295.29
1734858989, 64, 93, 106, 14, 2, 0.12%, 17, 0, 17, 290.46
1734858994, 64, 93, 107, 15, 2, 0.12%, 17, 0, 17, 302.04
1734859015, 64, 93, 108, 16, 2, 0.12%, 17, 0, 17, 291.17
1734859077, 64, 94, 109, 16, 3, 0.12%, 18, 0, 17, 199.15
1734859123, 64, 94, 110, 17, 3, 0.12%, 18, 0, 17, 214.48
1734859128, 64, 94, 112, 19, 3, 0.12%, 18, 0, 17, 245.64
1734859158, 64, 94, 113, 20, 3, 0.12%, 18, 0, 17, 276.32
1734859168, 64, 94, 114, 21, 3, 0.12%, 18, 0, 17, 272.81
1734859189, 64, 94, 115, 22, 3, 0.12%, 18, 0, 17, 266.84
1734859275, 64, 99, 115, 21, 3, 0.12%, 18, 0, 17, 371.83
1734859315, 64, 99, 116, 22, 3, 0.12%, 18, 0, 18, 287.18
1734859321, 64, 99, 117, 23, 3, 0.12%, 18, 0, 18, 294.60
1734859397, 64, 99, 118, 24, 3, 0.12%, 18, 0, 18, 284.73
1734859437, 64, 107, 118, 23, 2, 0.12%, 18, 0, 18, 282.68
1734859540, 64, 108, 119, 23, 1, 0.12%, 18, 0, 18, 238.06
1734859576, 64, 108, 120, 24, 1, 0.12%, 18, 0, 18, 255.86
1734859617, 64, 108, 121, 25, 1, 0.12%, 18, 0, 18, 267.37
1734859677, 64, 108, 122, 26, 1, 0.12%, 18, 0, 18, 271.06
1734859718, 64, 108, 123, 27, 1, 0.12%, 18, 0, 18, 288.08
1734859728, 64, 112, 123, 26, 0, 0.12%, 18, 0, 18, 345.04
1734859830, 64, 114, 123, 25, 0, 0.12%, 18, 0, 18, 184.74
1734859866, 64, 114, 128, 30, 0, 0.13%, 23, 0, 18, 141.72
1734859952, 64, 114, 129, 31, 0, 0.13%, 23, 0, 18, 230.14
1734859957, 64, 114, 130, 32, 0, 0.13%, 23, 0, 18, 259.45
1734859998, 64, 114, 131, 33, 0, 0.13%, 23, 0, 18, 273.10
1734860013, 64, 114, 132, 34, 0, 0.13%, 23, 0, 18, 271.08
1734860044, 64, 114, 133, 35, 0, 0.13%, 23, 0, 18, 272.87
1734860069, 64, 114, 134, 36, 0, 0.13%, 23, 0, 18, 264.05
1734860100, 64, 123, 134, 35, 5, 0.13%, 23, 0, 18, 221.34
1734860135, 64, 123, 135, 36, 5, 0.13%, 23, 0, 19, 139.89
1734860227, 64, 123, 136, 37, 5, 0.13%, 23, 0, 19, 254.12
1734860273, 64, 123, 137, 38, 5, 0.13%, 23, 0, 19, 270.11
1734860370, 64, 124, 137, 37, 4, 0.13%, 23, 0, 19, 212.60
1734860548, 64, 124, 138, 38, 4, 0.13%, 23, 0, 19, 263.30
1734860614, 64, 124, 139, 39, 4, 0.13%, 23, 0, 19, 300.26
1734860639, 64, 125, 139, 38, 3, 0.13%, 23, 0, 19, 226.11
1734860768, 64, 125, 140, 39, 3, 0.13%, 23, 0, 19, 262.31
1734860910, 64, 127, 140, 38, 2, 0.13%, 23, 0, 19, 248.45
1734861058, 64, 127, 141, 39, 2, 0.13%, 23, 0, 19, 269.42
1734861180, 64, 130, 141, 38, 1, 0.13%, 23, 0, 19, 243.73
1734861308, 64, 130, 142, 39, 1, 0.13%, 23, 0, 19, 157.43
1734861399, 64, 130, 144, 41, 1, 0.13%, 23, 0, 19, 239.75
1734861404, 64, 132, 144, 40, 1, 0.13%, 23, 0, 19, 187.83
1734861430, 64, 132, 145, 41, 1, 0.13%, 23, 0, 19, 152.63
1734861521, 64, 132, 146, 42, 1, 0.13%, 23, 0, 19, 269.70
