# unix_time, cycles_done, cur_path, paths_total, pending_total, pending_favs, map_size, unique_crashes, unique_hangs, max_depth, execs_per_sec
1733650570, 0, 0, 10, 10, 1, 0.00%, 0, 0, 1, 150.38
1733650575, 0, 4, 10, 10, 1, 0.00%, 0, 0, 1, 180.45
1733650580, 0, 5, 10, 9, 0, 0.00%, 0, 0, 1, 171.55
1733650590, 0, 6, 10, 8, 0, 0.00%, 0, 0, 1, 191.04
1733650595, 0, 7, 10, 7, 0, 0.00%, 0, 0, 1, 177.23
1733650605, 0, 8, 10, 6, 0, 0.00%, 0, 0, 1, 186.45
1733650611, 0, 9, 10, 5, 0, 0.00%, 0, 0, 1, 186.52
1733650621, 1, 0, 10, 4, 0, 0.00%, 0, 0, 1, 174.47
1733650631, 1, 1, 10, 3, 0, 0.00%, 0, 0, 1, 172.19
1733650642, 1, 2, 10, 2, 0, 0.00%, 0, 0, 1, 175.20
1733650652, 1, 3, 10, 1, 0, 0.00%, 0, 0, 1, 178.35
1733650667, 1, 5, 10, 0, 0, 0.00%, 0, 0, 1, 186.13
1733650672, 1, 6, 10, 0, 0, 0.00%, 0, 0, 1, 189.45
1733650677, 1, 7, 10, 0, 0, 0.00%, 0, 0, 1, 189.00
1733650682, 1, 9, 10, 0, 0, 0.00%, 0, 0, 1, 187.66
1733650688, 2, 0, 10, 0, 0, 0.00%, 0, 0, 1, 185.30
1733650693, 2, 1, 10, 0, 0, 0.00%, 0, 0, 1, 185.82
1733650698, 2, 3, 10, 0, 0, 0.00%, 0, 0, 1, 183.24
1733650703, 2, 4, 10, 0, 0, 0.00%, 0, 0, 1, 182.82
1733650708, 2, 5, 10, 0, 0, 0.00%, 0, 0, 1, 187.37
1733650713, 2, 6, 10, 0, 0, 0.00%, 0, 0, 1, 183.61
1733650718, 2, 8, 10, 0, 0, 0.00%, 0, 0, 1, 186.56
1733650723, 2, 9, 10, 0, 0, 0.00%, 0, 0, 1, 187.78
1733650729, 3, 0, 10, 0, 0, 0.00%, 0, 0, 1, 184.77
1733650734, 3, 2, 10, 0, 0, 0.00%, 0, 0, 1, 189.21
1733650739, 3, 3, 10, 0, 0, 0.00%, 0, 0, 1, 185.88
1733650744, 3, 4, 10, 0, 0, 0.00%, 0, 0, 1, 183.49
1733650749, 3, 5, 10, 0, 0, 0.00%, 0, 0, 1, 189.06
1733650754, 3, 7, 10, 0, 0, 0.00%, 0, 0, 1, 185.27
1733650759, 3, 8, 10, 0, 0, 0.00%, 0, 0, 1, 184.97
1733650764, 3, 9, 10, 0, 0, 0.00%, 0, 0, 1, 185.87
1733650770, 4, 1, 10, 0, 0, 0.00%, 0, 0, 1, 186.81
1733650775, 4, 2, 10, 0, 0, 0.00%, 0, 0, 1, 184.77
1733650780, 4, 3, 10, 0, 0, 0.00%, 0, 0, 1, 183.77
1733650785, 4, 4, 10, 0, 0, 0.00%, 0, 0, 1, 183.89
1733650790, 4, 6, 10, 0, 0, 0.00%, 0, 0, 1, 183.11
1733650795, 4, 7, 10, 0, 0, 0.00%, 0, 0, 1, 187.06
1733650800, 4, 8, 10, 0, 0, 0.00%, 0, 0, 1, 183.14
1733650805, 5, 0, 10, 0, 0, 0.00%, 0, 0, 1, 181.72
1733650810, 5, 1, 10, 0, 0, 0.00%, 0, 0, 1, 180.18
1733650815, 5, 2, 10, 0, 0, 0.00%, 0, 0, 1, 181.35
1733650820, 5, 3, 10, 0, 0, 0.00%, 0, 0, 1, 186.20
1733650825, 5, 5, 10, 0, 0, 0.00%, 0, 0, 1, 182.38
1733650830, 5, 6, 10, 0, 0, 0.00%, 0, 0, 1, 184.97
1733650836, 5, 7, 10, 0, 0, 0.00%, 0, 0, 1, 180.57
1733650841, 5, 8, 10, 0, 0, 0.00%, 0, 0, 1, 185.44
1733650846, 6, 0, 10, 0, 0, 0.00%, 0, 0, 1, 183.07
1733650851, 6, 1, 10, 0, 0, 0.00%, 0, 0, 1, 183.97
1733650856, 6, 2, 10, 0, 0, 0.00%, 0, 0, 1, 183.00
1733650861, 6, 3, 10, 0, 0, 0.00%, 0, 0, 1, 183.47
1733650866, 6, 5, 10, 0, 0, 0.00%, 0, 0, 1, 185.36
1733650871, 6, 6, 10, 0, 0, 0.00%, 0, 0, 1, 187.61
1733650877, 6, 7, 10, 0, 0, 0.00%, 0, 0, 1, 183.55
1733650882, 6, 9, 10, 0, 0, 0.00%, 0, 0, 1, 186.85
1733650887, 7, 0, 10, 0, 0, 0.00%, 0, 0, 1, 188.20
1733650892, 7, 1, 10, 0, 0, 0.00%, 0, 0, 1, 186.71
1733650897, 7, 3, 10, 0, 0, 0.00%, 0, 0, 1, 183.48
1733650902, 7, 4, 10, 0, 0, 0.00%, 0, 0, 1, 182.03
1733650907, 7, 5, 10, 0, 0, 0.00%, 0, 0, 1, 182.27
1733650912, 7, 6, 10, 0, 0, 0.00%, 0, 0, 1, 183.25
1733650918, 7, 8, 10, 0, 0, 0.00%, 0, 0, 1, 190.12
1733650923, 7, 9, 10, 0, 0, 0.00%, 0, 0, 1, 184.87
1733650928, 8, 0, 10, 0, 0, 0.00%, 0, 0, 1, 180.43
1733650933, 8, 2, 10, 0, 0, 0.00%, 0, 0, 1, 184.00
1733650938, 8, 3, 10, 0, 0, 0.00%, 0, 0, 1, 183.88
1733650943, 8, 4, 10, 0, 0, 0.00%, 0, 0, 1, 186.25
1733650948, 8, 5, 10, 0, 0, 0.00%, 0, 0, 1, 186.89
1733650953, 8, 7, 10, 0, 0, 0.00%, 0, 0, 1, 183.46
1733650958, 8, 8, 10, 0, 0, 0.00%, 0, 0, 1, 187.64
1733650963, 8, 9, 10, 0, 0, 0.00%, 0, 0, 1, 184.67
1733650969, 9, 1, 10, 0, 0, 0.00%, 0, 0, 1, 186.13
1733650974, 9, 2, 10, 0, 0, 0.00%, 0, 0, 1, 188.10
1733650979, 9, 3, 10, 0, 0, 0.00%, 0, 0, 1, 188.05
1733650984, 9, 5, 10, 0, 0, 0.00%, 0, 0, 1, 189.78
1733650989, 9, 6, 10, 0, 0, 0.00%, 0, 0, 1, 186.26
1733650994, 9, 7, 10, 0, 0, 0.00%, 0, 0, 1, 185.60
1733651000, 9, 8, 10, 0, 0, 0.00%, 0, 0, 1, 185.95
1733651005, 10, 0, 10, 0, 0, 0.00%, 0, 0, 1, 187.95
1733651010, 10, 1, 10, 0, 0, 0.00%, 0, 0, 1, 187.28
1733651015, 10, 2, 10, 0, 0, 0.00%, 0, 0, 1, 183.73
1733651020, 10, 4, 10, 0, 0, 0.00%, 0, 0, 1, 187.28
1733651025, 10, 5, 10, 0, 0, 0.00%, 0, 0, 1, 185.06
1733651030, 10, 6, 10, 0, 0, 0.00%, 0, 0, 1, 187.31
1733651035, 10, 7, 10, 0, 0, 0.00%, 0, 0, 1, 181.55
1733651041, 10, 9, 10, 0, 0, 0.00%, 0, 0, 1, 187.14
1733651046, 11, 0, 10, 0, 0, 0.00%, 0, 0, 1, 188.43
1733651051, 11, 1, 10, 0, 0, 0.00%, 0, 0, 1, 185.67
1733651056, 11, 3, 10, 0, 0, 0.00%, 0, 0, 1, 184.01
1733651061, 11, 4, 10, 0, 0, 0.00%, 0, 0, 1, 186.40
1733651066, 11, 5, 10, 0, 0, 0.00%, 0, 0, 1, 189.28
1733651072, 11, 7, 10, 0, 0, 0.00%, 0, 0, 1, 183.82
1733651077, 11, 8, 10, 0, 0, 0.00%, 0, 0, 1, 183.97
1733651082, 11, 9, 10, 0, 0, 0.00%, 0, 0, 1, 185.27
1733651087, 12, 0, 10, 0, 0, 0.00%, 0, 0, 1, 185.38
1733651092, 12, 2, 10, 0, 0, 0.00%, 0, 0, 1, 185.95
1733651097, 12, 3, 10, 0, 0, 0.00%, 0, 0, 1, 186.80
1733651102, 12, 4, 10, 0, 0, 0.00%, 0, 0, 1, 182.70
1733651108, 12, 6, 10, 0, 0, 0.00%, 0, 0, 1, 188.41
1733651113, 12, 7, 10, 0, 0, 0.00%, 0, 0, 1, 188.55
1733651118, 12, 8, 10, 0, 0, 0.00%, 0, 0, 1, 184.67
1733651123, 13, 0, 10, 0, 0, 0.00%, 0, 0, 1, 185.65
1733651128, 13, 1, 10, 0, 0, 0.00%, 0, 0, 1, 185.57
1733651133, 13, 2, 11, 1, 0, 0.05%, 1, 0, 2, 184.08
1733651139, 13, 10, 12, 2, 1, 0.05%, 2, 0, 3, 205.95
1733651159, 13, 10, 13, 3, 1, 0.05%, 3, 0, 3, 198.28
1733651174, 13, 10, 14, 4, 1, 0.05%, 4, 0, 3, 205.32
1733651240, 13, 10, 15, 5, 1, 0.05%, 4, 0, 3, 205.00
1733651291, 13, 11, 17, 6, 3, 0.06%, 6, 0, 4, 219.43
1733651316, 13, 11, 18, 7, 3, 0.06%, 6, 0, 4, 211.94
1733651347, 13, 11, 19, 8, 3, 0.06%, 6, 0, 4, 211.38
1733651367, 13, 11, 20, 9, 3, 0.06%, 7, 0, 4, 207.67
1733651423, 13, 11, 21, 10, 3, 0.06%, 7, 0, 4, 215.06
1733651463, 13, 13, 21, 9, 5, 0.06%, 7, 0, 4, 234.75
1733651484, 13, 13, 22, 10, 5, 0.06%, 7, 0, 4, 208.23
1733651504, 13, 13, 23, 11, 5, 0.06%, 7, 0, 4, 208.96
1733651530, 13, 13, 24, 12, 5, 0.06%, 7, 0, 4, 208.95
1733651550, 13, 13, 25, 13, 5, 0.06%, 7, 0, 4, 211.12
1733651590, 13, 13, 26, 14, 5, 0.06%, 7, 0, 4, 201.29
1733651595, 13, 15, 27, 14, 5, 0.06%, 8, 0, 4, 233.35
1733651601, 13, 15, 29, 16, 5, 0.06%, 8, 0, 5, 214.13
1733651636, 13, 15, 30, 17, 5, 0.06%, 8, 0, 5, 214.65
1733651676, 13, 15, 31, 18, 5, 0.06%, 9, 0, 5, 213.79
1733651686, 13, 15, 32, 19, 5, 0.06%, 9, 0, 5, 212.34
1733651707, 13, 15, 33, 20, 5, 0.06%, 9, 0, 5, 205.34
1733651717, 13, 15, 34, 21, 5, 0.06%, 9, 0, 5, 214.28
1733651727, 13, 15, 35, 22, 5, 0.06%, 9, 0, 5, 210.54
1733651732, 13, 15, 37, 24, 5, 0.06%, 9, 0, 5, 216.15
1733651737, 13, 15, 40, 27, 5, 0.06%, 9, 0, 5, 220.21
1733651742, 13, 16, 40, 26, 4, 0.06%, 9, 0, 5, 230.77
1733651747, 13, 16, 41, 27, 4, 0.06%, 9, 0, 5, 219.27
1733651757, 13, 16, 42, 28, 4, 0.06%, 9, 0, 5, 209.20
1733651828, 13, 16, 43, 29, 4, 0.06%, 9, 0, 5, 210.68
1733651838, 13, 16, 44, 30, 4, 0.06%, 9, 0, 5, 211.19
1733651868, 13, 16, 45, 31, 4, 0.06%, 9, 0, 5, 218.46
1733651879, 13, 24, 45, 30, 3, 0.06%, 9, 0, 5, 272.74
1733651930, 13, 24, 46, 31, 3, 0.06%, 9, 0, 5, 282.19
1733651940, 13, 24, 47, 32, 3, 0.06%, 9, 0, 5, 280.75
1733651945, 13, 24, 48, 33, 3, 0.06%, 9, 0, 5, 281.75
1733651950, 13, 24, 50, 35, 3, 0.06%, 9, 0, 5, 283.24
1733651991, 13, 24, 51, 36, 3, 0.06%, 9, 0, 5, 283.09
1733652022, 13, 24, 53, 38, 3, 0.06%, 9, 0, 5, 257.79
1733652027, 13, 30, 53, 37, 4, 0.06%, 9, 0, 5, 251.90
1733652047, 13, 30, 54, 38, 4, 0.06%, 9, 0, 6, 231.47
1733652093, 13, 30, 55, 39, 4, 0.06%, 9, 0, 6, 226.89
1733652184, 13, 31, 55, 38, 3, 0.06%, 9, 0, 6, 296.83
1733652189, 13, 31, 56, 39, 3, 0.06%, 9, 0, 6, 273.73
1733652220, 13, 31, 57, 40, 3, 0.06%, 9, 0, 6, 244.06
1733652286, 13, 31, 58, 41, 3, 0.06%, 9, 0, 6, 244.20
1733652337, 13, 41, 58, 40, 2, 0.06%, 9, 0, 6, 304.20
1733652388, 13, 53, 58, 39, 2, 0.06%, 9, 0, 6, 311.33
1733652439, 13, 53, 59, 40, 2, 0.06%, 9, 0, 7, 252.64
1733652444, 14, 17, 59, 39, 1, 0.06%, 9, 0, 7, 267.66
1733652495, 14, 22, 59, 38, 0, 0.06%, 9, 0, 7, 305.51
1733652551, 14, 22, 60, 39, 0, 0.06%, 9, 0, 7, 273.28
1733652556, 14, 30, 60, 38, 0, 0.06%, 9, 0, 7, 241.87
1733652576, 14, 31, 60, 38, 0, 0.06%, 9, 0, 7, 239.68
1733652602, 14, 34, 60, 38, 0, 0.06%, 9, 0, 7, 250.42
1733652658, 14, 37, 60, 37, 0, 0.06%, 9, 0, 7, 319.44
1733652698, 14, 37, 62, 39, 0, 0.06%, 9, 0, 7, 312.74
1733652719, 14, 40, 62, 38, 0, 0.06%, 9, 0, 7, 263.54
1733652770, 14, 44, 62, 37, 0, 0.06%, 9, 0, 7, 281.95
1733652826, 14, 47, 62, 36, 0, 0.06%, 9, 0, 7, 335.27
1733652912, 14, 49, 62, 35, 0, 0.06%, 9, 0, 7, 216.53
1733653540, 14, 56, 62, 34, 0, 0.06%, 9, 0, 7, 391.13
1733653550, 14, 56, 63, 35, 0, 0.06%, 9, 0, 7, 309.45
1733653621, 14, 57, 63, 34, 0, 0.06%, 9, 0, 7, 261.48
1733653667, 14, 57, 64, 35, 0, 0.06%, 9, 0, 7, 296.08
1733653728, 14, 59, 64, 34, 0, 0.06%, 9, 0, 7, 269.59
1733654360, 15, 8, 64, 33, 0, 0.06%, 9, 0, 7, 246.62
1733654366, 15, 11, 64, 33, 0, 0.06%, 9, 0, 7, 230.23
1733654376, 15, 13, 64, 33, 0, 0.06%, 9, 0, 7, 225.21
1733654386, 15, 14, 64, 33, 0, 0.06%, 9, 0, 7, 319.02
1733654417, 15, 15, 64, 32, 0, 0.06%, 9, 0, 7, 241.18
1733654442, 15, 16, 64, 32, 0, 0.06%, 9, 0, 7, 230.95
1733654462, 15, 18, 64, 32, 0, 0.06%, 9, 0, 7, 313.85
1733654518, 15, 21, 64, 31, 0, 0.06%, 9, 0, 7, 251.58
1733654578, 15, 30, 65, 31, 0, 0.06%, 9, 0, 7, 229.59
1733654604, 15, 31, 65, 31, 0, 0.06%, 9, 0, 7, 252.05
1733654624, 15, 33, 65, 31, 0, 0.06%, 9, 0, 7, 251.91
1733654680, 15, 34, 65, 30, 0, 0.06%, 9, 0, 7, 267.00
1733654706, 15, 35, 65, 30, 0, 0.06%, 9, 0, 7, 298.87
1733654762, 15, 43, 65, 29, 0, 0.06%, 9, 0, 7, 368.28
1733654817, 15, 45, 65, 28, 0, 0.06%, 9, 0, 7, 328.10
1733654868, 15, 46, 65, 27, 0, 0.06%, 9, 0, 7, 329.24
1733654990, 15, 54, 65, 26, 0, 0.06%, 9, 0, 7, 316.24
1733655047, 15, 62, 65, 25, 0, 0.06%, 9, 0, 7, 369.87
1733655067, 15, 62, 66, 26, 0, 0.06%, 9, 0, 8, 289.60
1733655133, 15, 64, 66, 25, 0, 0.06%, 9, 0, 8, 351.30
1733655194, 16, 11, 66, 24, 0, 0.06%, 9, 0, 8, 250.49
1733655209, 16, 13, 66, 24, 0, 0.06%, 9, 0, 8, 228.79
1733655220, 16, 15, 66, 24, 0, 0.06%, 9, 0, 8, 230.39
1733655240, 16, 16, 66, 24, 0, 0.06%, 9, 0, 8, 242.38
1733655266, 16, 18, 66, 24, 0, 0.06%, 9, 0, 8, 272.72
1733655286, 16, 20, 66, 24, 0, 0.06%, 9, 0, 8, 288.33
1733655337, 16, 24, 66, 23, 0, 0.06%, 9, 0, 8, 264.96
1733655358, 16, 27, 66, 23, 0, 0.06%, 9, 0, 8, 293.89
1733655413, 16, 30, 66, 22, 0, 0.06%, 9, 0, 8, 235.48
1733655423, 16, 31, 66, 22, 0, 0.06%, 9, 0, 8, 244.94
1733655434, 16, 34, 66, 22, 0, 0.06%, 9, 0, 8, 247.95
1733655459, 16, 35, 66, 22, 0, 0.06%, 9, 0, 8, 242.58
1733655485, 16, 51, 66, 22, 0, 0.06%, 9, 0, 8, 337.33
1733655693, 16, 61, 66, 21, 0, 0.06%, 9, 0, 8, 202.65
1733661851, 16, 63, 66, 20, 0, 0.06%, 9, 0, 8, 300.02
1733661856, 16, 63, 67, 21, 0, 0.06%, 9, 0, 8, 424.13
1733661963, 16, 66, 67, 20, 0, 0.06%, 9, 0, 8, 283.84
1733662095, 17, 11, 67, 19, 0, 0.06%, 9, 0, 8, 253.05
1733662100, 17, 13, 67, 19, 0, 0.06%, 9, 0, 8, 256.99
1733662110, 17, 15, 67, 19, 0, 0.06%, 9, 0, 8, 239.82
1733662115, 17, 16, 67, 19, 0, 0.06%, 9, 0, 8, 257.33
1733662131, 17, 26, 67, 19, 0, 0.06%, 9, 0, 8, 406.30
1733662202, 17, 29, 67, 18, 0, 0.06%, 9, 0, 8, 274.05
1733662253, 17, 30, 67, 17, 0, 0.06%, 9, 0, 8, 265.61
1733662258, 17, 31, 67, 17, 0, 0.06%, 9, 0, 8, 235.49
1733662263, 17, 34, 67, 17, 0, 0.06%, 9, 0, 8, 244.25
1733662273, 17, 47, 67, 17, 0, 0.06%, 9, 0, 8, 279.81
1733662294, 17, 65, 67, 17, 0, 0.06%, 9, 0, 8, 346.53
1733662400, 18, 13, 67, 16, 0, 0.06%, 9, 0, 8, 251.49
1733662405, 18, 15, 67, 16, 0, 0.06%, 9, 0, 8, 245.36
1733662410, 18, 16, 67, 16, 0, 0.06%, 9, 0, 8, 257.38
1733662415, 18, 18, 67, 16, 0, 0.06%, 9, 0, 8, 262.60
1733662436, 18, 27, 67, 16, 0, 0.06%, 9, 0, 8, 251.80
1733662456, 18, 30, 67, 16, 0, 0.06%, 9, 0, 8, 238.11
1733662461, 18, 31, 67, 16, 0, 0.06%, 9, 0, 8, 252.81
1733662466, 18, 32, 67, 16, 0, 0.06%, 9, 0, 8, 277.41
1733662527, 18, 34, 67, 15, 0, 0.06%, 9, 0, 8, 240.60
1733662532, 18, 36, 67, 15, 0, 0.06%, 9, 0, 8, 283.75
1733662624, 18, 38, 67, 14, 0, 0.06%, 9, 0, 8, 357.63
1733662670, 18, 60, 67, 13, 0, 0.06%, 9, 0, 8, 275.43
1733664706, 18, 66, 67, 12, 0, 0.06%, 9, 0, 8, 292.46
1733664741, 19, 15, 67, 12, 0, 0.06%, 9, 0, 8, 253.50
1733664747, 19, 16, 67, 12, 0, 0.06%, 9, 0, 8, 255.39
1733664752, 19, 30, 67, 12, 0, 0.06%, 9, 0, 8, 248.67
1733664762, 19, 31, 67, 12, 0, 0.06%, 9, 0, 8, 255.87
1733664767, 19, 34, 67, 12, 0, 0.06%, 9, 0, 8, 246.68
1733664772, 19, 38, 67, 12, 0, 0.06%, 9, 0, 8, 257.48
1733664793, 19, 39, 67, 12, 0, 0.06%, 9, 0, 8, 318.57
1733664848, 20, 13, 67, 11, 0, 0.06%, 9, 0, 8, 249.27
1733664854, 20, 15, 67, 11, 0, 0.06%, 9, 0, 8, 241.06
1733664859, 20, 16, 67, 11, 0, 0.06%, 9, 0, 8, 241.98
1733664864, 20, 19, 67, 11, 0, 0.06%, 9, 0, 8, 274.01
1733664915, 20, 30, 67, 10, 0, 0.06%, 9, 0, 8, 243.59
1733664920, 20, 34, 67, 10, 0, 0.06%, 9, 0, 8, 242.63
1733664930, 20, 50, 67, 10, 0, 0.06%, 9, 0, 8, 395.25
1733665006, 20, 55, 67, 9, 0, 0.06%, 9, 0, 8, 342.60
1733665057, 21, 11, 67, 8, 0, 0.06%, 9, 0, 8, 249.74
1733665062, 21, 15, 67, 8, 0, 0.06%, 9, 0, 8, 243.31
1733665067, 21, 16, 67, 8, 0, 0.06%, 9, 0, 8, 236.67
1733665072, 21, 17, 67, 8, 0, 0.06%, 9, 0, 8, 245.30
1733665098, 21, 19, 67, 8, 0, 0.06%, 9, 0, 8, 243.17
1733665118, 21, 19, 68, 9, 0, 0.06%, 9, 0, 8, 239.66
1733665123, 21, 28, 68, 9, 0, 0.06%, 9, 0, 8, 277.58
1733665215, 21, 30, 68, 8, 0, 0.06%, 9, 0, 8, 260.92
1733665220, 21, 34, 68, 8, 0, 0.06%, 9, 0, 8, 248.38
1733665225, 21, 42, 68, 8, 0, 0.06%, 9, 0, 8, 288.03
1733665327, 21, 42, 69, 9, 0, 0.06%, 9, 0, 8, 282.75
1733665388, 21, 67, 69, 8, 0, 0.06%, 9, 0, 8, 244.22
1733665398, 21, 67, 70, 9, 0, 0.06%, 9, 0, 8, 405.26
1733665642, 21, 68, 70, 8, 0, 0.06%, 9, 0, 8, 301.60
1733665647, 21, 68, 71, 9, 0, 0.06%, 9, 0, 8, 373.12
1733665784, 22, 13, 71, 8, 0, 0.06%, 9, 0, 8, 245.02
1733665789, 22, 15, 71, 8, 0, 0.06%, 9, 0, 8, 252.88
1733665794, 22, 16, 71, 8, 0, 0.06%, 9, 0, 8, 248.06
1733665799, 22, 19, 71, 8, 0, 0.06%, 9, 0, 8, 236.21
1733665824, 22, 21, 71, 8, 0, 0.06%, 9, 0, 8, 256.55
1733665845, 22, 22, 71, 8, 0, 0.06%, 9, 0, 8, 269.02
1733665865, 22, 30, 71, 8, 0, 0.06%, 9, 0, 8, 251.83
1733665870, 22, 34, 71, 8, 0, 0.06%, 9, 0, 8, 252.71
1733665875, 22, 46, 71, 8, 0, 0.06%, 9, 0, 8, 253.71
1733665901, 22, 69, 71, 8, 0, 0.06%, 9, 0, 8, 397.93
1733666155, 22, 70, 71, 7, 0, 0.06%, 9, 0, 8, 297.47
1733666297, 23, 3, 71, 6, 0, 0.06%, 9, 0, 8, 247.09
1733666302, 23, 13, 71, 6, 0, 0.06%, 9, 0, 8, 245.54
1733666308, 23, 15, 71, 6, 0, 0.06%, 9, 0, 8, 253.53
1733666313, 23, 16, 71, 6, 0, 0.06%, 9, 0, 8, 258.11
1733666318, 23, 17, 71, 6, 0, 0.06%, 9, 0, 8, 246.50
1733666343, 23, 19, 71, 6, 0, 0.06%, 9, 0, 8, 225.19
1733666353, 23, 30, 71, 6, 0, 0.06%, 9, 0, 8, 248.16
1733666358, 23, 34, 71, 6, 0, 0.06%, 9, 0, 8, 244.79
1733666363, 23, 35, 71, 6, 0, 0.06%, 9, 0, 8, 239.21
1733666389, 23, 43, 71, 6, 0, 0.06%, 9, 0, 8, 272.48
1733666409, 23, 45, 71, 6, 0, 0.06%, 9, 0, 8, 262.64
1733666429, 23, 52, 71, 6, 0, 0.06%, 9, 0, 8, 255.94
