# unix_time, cycles_done, cur_path, paths_total, pending_total, pending_favs, map_size, unique_crashes, unique_hangs, max_depth, execs_per_sec
1735698096, 0, 0, 10, 10, 1, 0.00%, 0, 0, 1, 163.27
1735698101, 0, 3, 10, 10, 1, 0.00%, 0, 0, 1, 192.18
1735698106, 0, 4, 10, 9, 0, 0.00%, 0, 0, 1, 198.62
1735698117, 0, 5, 10, 8, 0, 0.00%, 0, 0, 1, 197.39
1735698122, 0, 6, 10, 7, 0, 0.00%, 0, 0, 1, 178.50
1735698132, 0, 7, 10, 6, 0, 0.00%, 0, 0, 1, 191.42
1735698137, 0, 8, 10, 5, 0, 0.00%, 0, 0, 1, 178.20
1735698147, 0, 9, 10, 4, 0, 0.00%, 0, 0, 1, 201.74
1735698152, 1, 0, 10, 3, 0, 0.00%, 0, 0, 1, 185.22
1735698162, 1, 1, 10, 2, 0, 0.00%, 0, 0, 1, 185.25
1735698173, 1, 2, 10, 1, 0, 0.00%, 0, 0, 1, 179.94
1735698183, 1, 3, 10, 0, 0, 0.00%, 0, 0, 1, 191.88
1735698188, 1, 4, 10, 0, 0, 0.00%, 0, 0, 1, 192.09
1735698193, 1, 6, 10, 0, 0, 0.00%, 0, 0, 1, 189.79
1735698199, 1, 7, 10, 0, 0, 0.00%, 0, 0, 1, 194.49
1735698204, 1, 8, 10, 0, 0, 0.00%, 0, 0, 1, 193.00
1735698209, 2, 0, 10, 0, 0, 0.00%, 0, 0, 1, 190.21
1735698214, 2, 1, 10, 0, 0, 0.00%, 0, 0, 1, 195.58
1735698219, 2, 2, 10, 0, 0, 0.00%, 0, 0, 1, 196.27
1735698224, 2, 4, 10, 0, 0, 0.00%, 0, 0, 1, 189.27
1735698230, 2, 5, 10, 0, 0, 0.00%, 0, 0, 1, 192.32
1735698235, 2, 6, 10, 0, 0, 0.00%, 0, 0, 1, 192.52
1735698240, 2, 8, 10, 0, 0, 0.00%, 0, 0, 1, 193.44
1735698245, 2, 9, 10, 0, 0, 0.00%, 0, 0, 1, 192.11
1735698250, 3, 0, 10, 0, 0, 0.00%, 0, 0, 1, 193.13
1735698255, 3, 2, 10, 0, 0, 0.00%, 0, 0, 1, 193.74
1735698261, 3, 3, 10, 0, 0, 0.00%, 0, 0, 1, 193.13
1735698266, 3, 5, 10, 0, 0, 0.00%, 0, 0, 1, 195.31
1735698271, 3, 6, 10, 0, 0, 0.00%, 0, 0, 1, 195.92
1735698276, 3, 7, 10, 0, 0, 0.00%, 0, 0, 1, 198.40
1735698281, 3, 9, 10, 0, 0, 0.00%, 0, 0, 1, 196.23
1735698287, 4, 0, 10, 0, 0, 0.00%, 0, 0, 1, 194.76
1735698292, 4, 1, 10, 0, 0, 0.00%, 0, 0, 1, 193.89
1735698297, 4, 3, 10, 0, 0, 0.00%, 0, 0, 1, 192.46
1735698302, 4, 4, 10, 0, 0, 0.00%, 0, 0, 1, 195.05
1735698307, 4, 6, 10, 0, 0, 0.00%, 0, 0, 1, 191.15
1735698312, 4, 7, 10, 0, 0, 0.00%, 0, 0, 1, 198.49
1735698317, 4, 8, 10, 0, 0, 0.00%, 0, 0, 1, 196.03
1735698322, 5, 0, 10, 0, 0, 0.00%, 0, 0, 1, 194.08
1735698328, 5, 1, 10, 0, 0, 0.00%, 0, 0, 1, 194.47
1735698333, 5, 2, 10, 0, 0, 0.00%, 0, 0, 1, 194.66
1735698338, 5, 4, 10, 0, 0, 0.00%, 0, 0, 1, 196.26
1735698343, 5, 5, 10, 0, 0, 0.00%, 0, 0, 1, 196.45
1735698348, 5, 6, 10, 0, 0, 0.00%, 0, 0, 1, 199.88
1735698353, 5, 8, 10, 0, 0, 0.00%, 0, 0, 1, 197.11
1735698358, 5, 9, 10, 0, 0, 0.00%, 0, 0, 1, 192.71
1735698363, 6, 0, 10, 0, 0, 0.00%, 0, 0, 1, 194.12
1735698369, 6, 2, 10, 0, 0, 0.00%, 0, 0, 1, 196.06
1735698374, 6, 3, 10, 0, 0, 0.00%, 0, 0, 1, 195.43
1735698379, 6, 5, 10, 0, 0, 0.00%, 0, 0, 1, 195.44
1735698384, 6, 6, 10, 0, 0, 0.00%, 0, 0, 1, 193.82
1735698389, 6, 7, 10, 0, 0, 0.00%, 0, 0, 1, 195.98
1735698394, 6, 9, 10, 0, 0, 0.00%, 0, 0, 1, 197.16
1735698400, 7, 0, 10, 0, 0, 0.00%, 0, 0, 1, 199.31
1735698405, 7, 1, 10, 0, 0, 0.00%, 0, 0, 1, 193.89
1735698410, 7, 3, 10, 0, 0, 0.00%, 0, 0, 1, 192.06
1735698415, 7, 4, 10, 0, 0, 0.00%, 0, 0, 1, 193.58
1735698420, 7, 5, 10, 0, 0, 0.00%, 0, 0, 1, 196.88
1735698425, 7, 7, 10, 0, 0, 0.00%, 0, 0, 1, 194.29
1735698430, 7, 8, 10, 0, 0, 0.00%, 0, 0, 1, 199.37
1735698435, 8, 0, 10, 0, 0, 0.00%, 0, 0, 1, 195.19
1735698440, 8, 1, 10, 0, 0, 0.00%, 0, 0, 1, 191.38
1735698446, 8, 2, 10, 0, 0, 0.00%, 0, 0, 1, 194.69
1735698451, 8, 4, 10, 0, 0, 0.00%, 0, 0, 1, 195.33
1735698456, 8, 5, 10, 0, 0, 0.00%, 0, 0, 1, 198.67
1735698461, 8, 6, 10, 0, 0, 0.00%, 0, 0, 1, 195.02
1735698466, 8, 8, 10, 0, 0, 0.00%, 0, 0, 1, 194.62
1735698472, 8, 9, 10, 0, 0, 0.00%, 0, 0, 1, 194.00
1735698477, 9, 0, 10, 0, 0, 0.00%, 0, 0, 1, 193.35
1735698482, 9, 2, 10, 0, 0, 0.00%, 0, 0, 1, 194.55
1735698487, 9, 3, 10, 0, 0, 0.00%, 0, 0, 1, 193.63
1735698492, 9, 5, 10, 0, 0, 0.00%, 0, 0, 1, 196.79
1735698497, 9, 6, 10, 0, 0, 0.00%, 0, 0, 1, 194.86
1735698502, 9, 7, 10, 0, 0, 0.00%, 0, 0, 1, 193.17
1735698507, 9, 9, 10, 0, 0, 0.00%, 0, 0, 1, 194.04
1735698513, 10, 0, 10, 0, 0, 0.00%, 0, 0, 1, 193.94
1735698518, 10, 1, 10, 0, 0, 0.00%, 0, 0, 1, 197.60
1735698523, 10, 3, 10, 0, 0, 0.00%, 0, 0, 1, 194.11
1735698528, 10, 4, 10, 0, 0, 0.00%, 0, 0, 1, 195.29
1735698533, 10, 5, 10, 0, 0, 0.00%, 0, 0, 1, 195.21
1735698538, 10, 7, 10, 0, 0, 0.00%, 0, 0, 1, 194.25
1735698544, 10, 8, 10, 0, 0, 0.00%, 0, 0, 1, 195.74
1735698549, 10, 9, 10, 0, 0, 0.00%, 0, 0, 1, 191.17
1735698554, 11, 1, 10, 0, 0, 0.00%, 0, 0, 1, 191.72
1735698559, 11, 2, 10, 0, 0, 0.00%, 0, 0, 1, 194.21
1735698564, 11, 3, 10, 0, 0, 0.00%, 0, 0, 1, 194.00
1735698569, 11, 5, 10, 0, 0, 0.00%, 0, 0, 1, 194.65
1735698574, 11, 6, 10, 0, 0, 0.00%, 0, 0, 1, 196.31
1735698579, 11, 8, 10, 0, 0, 0.00%, 0, 0, 1, 195.61
1735698585, 11, 9, 10, 0, 0, 0.00%, 0, 0, 1, 191.48
1735698590, 12, 0, 10, 0, 0, 0.00%, 0, 0, 1, 196.97
1735698595, 12, 2, 10, 0, 0, 0.00%, 0, 0, 1, 196.68
1735698600, 12, 3, 10, 0, 0, 0.00%, 0, 0, 1, 194.47
1735698605, 12, 4, 10, 0, 0, 0.00%, 0, 0, 1, 191.18
1735698610, 12, 6, 10, 0, 0, 0.00%, 0, 0, 1, 194.35
1735698615, 12, 7, 10, 0, 0, 0.00%, 0, 0, 1, 188.87
1735698621, 12, 8, 10, 0, 0, 0.00%, 0, 0, 1, 194.61
1735698626, 13, 0, 11, 1, 0, 0.05%, 1, 0, 2, 197.86
1735698631, 13, 8, 11, 1, 1, 0.05%, 1, 0, 2, 198.76
1735698636, 13, 10, 15, 5, 1, 0.06%, 5, 0, 3, 222.53
1735698713, 13, 11, 15, 4, 4, 0.06%, 5, 0, 3, 224.58
1735698733, 13, 11, 16, 5, 4, 0.06%, 5, 0, 4, 215.73
1735698738, 13, 11, 17, 6, 4, 0.06%, 6, 0, 4, 217.33
1735698764, 13, 11, 18, 7, 4, 0.06%, 6, 0, 4, 221.58
1735698779, 13, 11, 19, 8, 4, 0.06%, 6, 0, 4, 221.63
1735698809, 13, 11, 20, 9, 4, 0.06%, 6, 0, 4, 221.02
1735698819, 13, 11, 21, 10, 4, 0.06%, 7, 0, 4, 218.66
1735698824, 13, 11, 22, 11, 4, 0.06%, 7, 0, 4, 220.49
1735698865, 13, 11, 29, 18, 4, 0.06%, 7, 0, 4, 293.44
1735698871, 13, 11, 30, 19, 4, 0.06%, 7, 0, 4, 246.74
1735698876, 13, 12, 30, 18, 5, 0.06%, 7, 0, 4, 245.69
1735698911, 13, 12, 31, 19, 5, 0.06%, 7, 0, 4, 209.78
1735698916, 13, 12, 35, 23, 5, 0.06%, 7, 0, 4, 222.89
1735698921, 13, 13, 35, 22, 4, 0.06%, 7, 0, 4, 232.34
1735698937, 13, 13, 36, 23, 4, 0.06%, 8, 0, 4, 216.99
1735698982, 13, 13, 37, 24, 4, 0.06%, 8, 0, 4, 211.51
1735698987, 13, 13, 39, 26, 4, 0.06%, 8, 0, 4, 264.40
1735698992, 13, 14, 39, 25, 4, 0.06%, 8, 0, 4, 249.60
1735699018, 13, 14, 40, 26, 4, 0.06%, 8, 0, 4, 221.67
1735699053, 13, 14, 41, 27, 4, 0.06%, 8, 0, 4, 227.36
1735699058, 13, 20, 42, 27, 3, 0.06%, 8, 0, 4, 292.49
1735699063, 13, 20, 43, 28, 3, 0.06%, 8, 0, 5, 258.24
1735699089, 13, 20, 44, 29, 3, 0.06%, 8, 0, 5, 245.50
1735699104, 13, 20, 45, 30, 3, 0.06%, 8, 0, 5, 238.83
1735699165, 13, 20, 46, 31, 3, 0.06%, 8, 0, 5, 238.51
1735699175, 13, 20, 47, 32, 3, 0.06%, 8, 0, 5, 248.98
1735699190, 13, 30, 48, 32, 3, 0.06%, 8, 0, 5, 333.71
1735699262, 13, 30, 50, 34, 3, 0.06%, 8, 0, 5, 221.31
1735699267, 13, 35, 50, 33, 2, 0.06%, 8, 0, 5, 261.38
1735699272, 13, 35, 51, 34, 2, 0.06%, 8, 0, 5, 232.92
1735699277, 13, 35, 52, 35, 2, 0.06%, 8, 0, 5, 222.64
1735699312, 13, 35, 53, 36, 2, 0.06%, 8, 0, 5, 222.79
1735699338, 13, 35, 54, 37, 2, 0.06%, 8, 0, 5, 222.04
1735699373, 13, 35, 55, 38, 2, 0.06%, 8, 0, 5, 220.87
1735699424, 13, 35, 56, 39, 2, 0.06%, 8, 0, 5, 248.57
1735699434, 13, 42, 56, 38, 1, 0.06%, 8, 0, 5, 277.47
1735699444, 13, 42, 58, 40, 1, 0.06%, 8, 0, 6, 227.77
1735699536, 13, 42, 59, 41, 1, 0.06%, 8, 0, 6, 236.24
1735699592, 13, 42, 62, 44, 1, 0.06%, 8, 0, 6, 259.29
1735699597, 13, 42, 65, 47, 1, 0.06%, 8, 0, 6, 267.66
1735699602, 13, 51, 65, 46, 0, 0.06%, 8, 0, 6, 251.68
1735699658, 13, 52, 65, 45, 0, 0.06%, 8, 0, 6, 424.89
1735699669, 13, 52, 66, 46, 0, 0.06%, 8, 0, 6, 308.85
1735699735, 13, 59, 66, 45, 0, 0.06%, 8, 0, 6, 397.52
1735699781, 13, 59, 67, 46, 0, 0.06%, 8, 0, 7, 259.85
1735699791, 13, 60, 67, 45, 0, 0.06%, 8, 0, 7, 232.61
1735699836, 13, 60, 69, 47, 0, 0.06%, 8, 0, 7, 275.75
1735699846, 13, 68, 69, 46, 0, 0.06%, 8, 0, 7, 365.50
1735700116, 14, 11, 69, 45, 0, 0.06%, 8, 0, 7, 264.83
1735700126, 14, 12, 69, 45, 0, 0.06%, 8, 0, 7, 241.93
1735700136, 14, 13, 69, 45, 0, 0.06%, 8, 0, 7, 250.56
1735700151, 14, 14, 69, 45, 0, 0.06%, 8, 0, 7, 238.54
1735700161, 14, 22, 69, 45, 0, 0.06%, 8, 0, 7, 340.79
1735700319, 14, 24, 69, 44, 0, 0.06%, 8, 0, 7, 199.28
1735702626, 14, 25, 69, 43, 0, 0.06%, 8, 0, 7, 305.69
1735702885, 14, 30, 69, 42, 0, 0.06%, 8, 0, 7, 268.44
1735702906, 14, 34, 69, 42, 0, 0.06%, 8, 0, 7, 297.73
1735702956, 14, 35, 69, 41, 0, 0.06%, 8, 0, 7, 247.27
1735702976, 14, 41, 69, 41, 0, 0.06%, 8, 0, 7, 334.14
1735702987, 14, 41, 70, 42, 0, 0.06%, 8, 0, 7, 324.12
1735703057, 14, 42, 70, 41, 0, 0.06%, 8, 0, 7, 257.56
1735703083, 14, 49, 70, 41, 0, 0.06%, 8, 0, 7, 368.76
1735703154, 14, 50, 70, 40, 0, 0.06%, 8, 0, 7, 363.19
1735703286, 14, 55, 70, 39, 0, 0.06%, 8, 0, 7, 291.27
1735703342, 14, 56, 70, 38, 0, 0.06%, 8, 0, 7, 318.57
1735703388, 14, 61, 70, 37, 0, 0.06%, 8, 0, 7, 301.14
1735703438, 14, 65, 70, 36, 0, 0.06%, 8, 0, 7, 314.96
1735703494, 14, 67, 70, 35, 0, 0.06%, 8, 0, 7, 312.15
1735703550, 14, 67, 71, 36, 0, 0.06%, 8, 0, 8, 314.10
1735703590, 15, 7, 71, 35, 0, 0.06%, 8, 0, 8, 279.71
1735703595, 15, 11, 71, 35, 0, 0.06%, 8, 0, 8, 236.54
1735703605, 15, 12, 71, 35, 0, 0.06%, 8, 0, 8, 238.50
1735703615, 15, 13, 71, 35, 0, 0.06%, 8, 0, 8, 240.93
1735703626, 15, 14, 71, 35, 0, 0.06%, 8, 0, 8, 235.92
1735703636, 15, 17, 71, 35, 0, 0.06%, 8, 0, 8, 258.52
1735703803, 15, 23, 71, 34, 0, 0.06%, 8, 0, 8, 361.79
1735703859, 15, 27, 71, 33, 0, 0.06%, 8, 0, 8, 243.62
1735707135, 15, 28, 71, 32, 0, 0.06%, 8, 0, 8, 268.35
1735708692, 15, 30, 71, 31, 0, 0.06%, 8, 0, 8, 265.89
1735708712, 15, 31, 71, 31, 0, 0.06%, 8, 0, 8, 253.51
1735708819, 15, 33, 71, 30, 0, 0.06%, 8, 0, 8, 298.91
1735708874, 15, 35, 71, 29, 0, 0.06%, 8, 0, 8, 250.47
