# unix_time, cycles_done, cur_path, paths_total, pending_total, pending_favs, map_size, unique_crashes, unique_hangs, max_depth, execs_per_sec
1733668570, 0, 0, 10, 10, 1, 0.00%, 0, 0, 1, 151.52
1733668575, 0, 3, 10, 10, 1, 0.00%, 0, 0, 1, 184.87
1733668580, 0, 4, 10, 9, 0, 0.00%, 0, 0, 1, 171.37
1733668590, 0, 5, 10, 8, 0, 0.00%, 0, 0, 1, 187.61
1733668595, 0, 6, 10, 7, 0, 0.00%, 0, 0, 1, 176.25
1733668605, 0, 7, 10, 6, 0, 0.00%, 0, 0, 1, 189.07
1733668611, 0, 8, 10, 5, 0, 0.00%, 0, 0, 1, 183.70
1733668621, 0, 9, 10, 4, 0, 0.00%, 0, 0, 1, 186.15
1733668631, 1, 0, 10, 3, 0, 0.00%, 0, 0, 1, 185.98
1733668641, 1, 1, 10, 2, 0, 0.00%, 0, 0, 1, 189.16
1733668652, 1, 2, 10, 1, 0, 0.00%, 0, 0, 1, 188.60
1733668662, 1, 3, 10, 0, 0, 0.00%, 0, 0, 1, 186.04
1733668667, 1, 5, 10, 0, 0, 0.00%, 0, 0, 1, 185.18
1733668672, 1, 6, 10, 0, 0, 0.00%, 0, 0, 1, 191.35
1733668677, 1, 7, 10, 0, 0, 0.00%, 0, 0, 1, 186.88
1733668683, 1, 9, 10, 0, 0, 0.00%, 0, 0, 1, 187.91
1733668688, 2, 0, 10, 0, 0, 0.00%, 0, 0, 1, 188.44
1733668693, 2, 1, 10, 0, 0, 0.00%, 0, 0, 1, 187.65
1733668698, 2, 2, 10, 0, 0, 0.00%, 0, 0, 1, 185.20
1733668703, 2, 4, 10, 0, 0, 0.00%, 0, 0, 1, 184.94
1733668708, 2, 5, 10, 0, 0, 0.00%, 0, 0, 1, 185.28
1733668713, 2, 6, 10, 0, 0, 0.00%, 0, 0, 1, 186.91
1733668719, 2, 8, 10, 0, 0, 0.00%, 0, 0, 1, 184.21
1733668724, 2, 9, 10, 0, 0, 0.00%, 0, 0, 1, 183.46
1733668729, 3, 0, 10, 0, 0, 0.00%, 0, 0, 1, 186.96
1733668734, 3, 2, 10, 0, 0, 0.00%, 0, 0, 1, 187.97
1733668739, 3, 3, 10, 0, 0, 0.00%, 0, 0, 1, 186.79
1733668744, 3, 4, 10, 0, 0, 0.00%, 0, 0, 1, 188.61
1733668749, 3, 5, 10, 0, 0, 0.00%, 0, 0, 1, 185.58
1733668755, 3, 7, 10, 0, 0, 0.00%, 0, 0, 1, 186.29
1733668760, 3, 8, 10, 0, 0, 0.00%, 0, 0, 1, 184.08
1733668765, 3, 9, 10, 0, 0, 0.00%, 0, 0, 1, 184.81
1733668770, 4, 1, 10, 0, 0, 0.00%, 0, 0, 1, 187.42
1733668775, 4, 2, 10, 0, 0, 0.00%, 0, 0, 1, 188.02
1733668780, 4, 3, 10, 0, 0, 0.00%, 0, 0, 1, 186.28
1733668785, 4, 5, 10, 0, 0, 0.00%, 0, 0, 1, 187.52
1733668791, 4, 6, 10, 0, 0, 0.00%, 0, 0, 1, 187.19
1733668796, 4, 7, 10, 0, 0, 0.00%, 0, 0, 1, 191.01
1733668801, 4, 9, 10, 0, 0, 0.00%, 0, 0, 1, 186.07
1733668806, 5, 0, 11, 1, 0, 0.05%, 1, 0, 2, 188.53
1733668811, 5, 10, 15, 5, 1, 0.06%, 5, 0, 3, 221.29
1733668897, 5, 11, 15, 4, 4, 0.06%, 5, 0, 3, 215.17
1733668949, 5, 12, 15, 3, 3, 0.06%, 5, 0, 3, 223.10
1733669010, 5, 13, 15, 2, 2, 0.06%, 5, 0, 3, 228.55
1733669025, 5, 13, 16, 3, 2, 0.06%, 5, 0, 4, 197.82
1733669107, 5, 14, 16, 2, 1, 0.06%, 5, 0, 4, 211.78
1733669132, 5, 14, 17, 3, 1, 0.06%, 5, 0, 4, 202.36
1733669172, 5, 14, 18, 4, 1, 0.06%, 6, 0, 4, 211.78
1733669193, 5, 14, 19, 5, 1, 0.06%, 6, 0, 4, 213.13
1733669228, 5, 14, 20, 6, 1, 0.06%, 6, 0, 4, 213.18
1733669243, 5, 14, 21, 7, 1, 0.06%, 6, 0, 4, 212.30
1733669274, 5, 17, 24, 9, 2, 0.06%, 9, 0, 5, 223.94
1733669284, 5, 17, 25, 10, 2, 0.06%, 9, 0, 5, 209.68
1733669304, 5, 17, 26, 11, 2, 0.06%, 9, 0, 5, 217.42
1733669324, 5, 17, 27, 12, 2, 0.06%, 9, 0, 5, 219.65
1733669395, 5, 17, 28, 13, 2, 0.06%, 9, 0, 5, 209.10
1733669411, 5, 17, 31, 16, 2, 0.06%, 9, 0, 5, 234.86
1733669416, 5, 19, 31, 15, 4, 0.06%, 9, 0, 5, 266.57
1733669497, 5, 21, 31, 14, 3, 0.06%, 9, 0, 5, 226.44
1733669502, 5, 21, 32, 15, 3, 0.06%, 9, 0, 6, 215.73
1733669517, 5, 21, 34, 17, 3, 0.06%, 9, 0, 6, 210.20
1733669522, 5, 21, 35, 18, 3, 0.06%, 9, 0, 6, 208.56
1733669537, 5, 21, 36, 19, 3, 0.06%, 9, 0, 6, 210.95
1733669614, 5, 21, 38, 21, 3, 0.06%, 9, 0, 6, 264.65
1733669619, 5, 21, 41, 24, 3, 0.06%, 9, 0, 6, 239.00
1733669629, 5, 21, 42, 25, 3, 0.06%, 9, 0, 6, 212.69
1733669639, 5, 22, 42, 24, 2, 0.06%, 9, 0, 6, 268.37
1733669644, 5, 22, 43, 25, 2, 0.06%, 9, 0, 6, 218.07
1733669710, 5, 22, 44, 26, 2, 0.06%, 9, 0, 6, 208.60
1733669725, 5, 22, 45, 27, 2, 0.06%, 9, 0, 6, 211.49
1733669756, 5, 22, 46, 28, 2, 0.06%, 9, 0, 6, 214.11
1733669772, 5, 22, 47, 29, 2, 0.06%, 9, 0, 6, 216.38
1733669812, 5, 23, 47, 28, 1, 0.06%, 9, 0, 6, 261.40
1733669837, 5, 23, 48, 29, 1, 0.06%, 9, 0, 6, 209.22
1733669908, 5, 27, 48, 28, 0, 0.06%, 9, 0, 6, 264.61
1733669954, 5, 27, 50, 30, 0, 0.06%, 9, 0, 6, 447.82
1733669970, 5, 27, 55, 35, 0, 0.06%, 9, 0, 6, 435.33
1733669985, 5, 27, 57, 37, 0, 0.06%, 9, 0, 6, 436.19
1733670332, 5, 27, 58, 38, 0, 0.06%, 9, 0, 6, 317.43
1733670373, 5, 35, 58, 37, 0, 0.06%, 9, 0, 6, 264.10
1733670429, 5, 39, 58, 36, 0, 0.06%, 9, 0, 6, 330.82
1733670439, 5, 39, 59, 37, 0, 0.06%, 9, 0, 7, 278.17
1733670479, 5, 39, 60, 38, 0, 0.06%, 9, 0, 7, 262.92
1733670582, 5, 48, 60, 37, 0, 0.06%, 9, 0, 7, 261.69
1733670632, 5, 51, 60, 36, 0, 0.06%, 9, 0, 7, 235.79
1733670764, 5, 55, 60, 35, 0, 0.06%, 9, 0, 7, 331.12
1733670962, 5, 57, 60, 34, 0, 0.06%, 9, 0, 7, 395.04
1733670972, 5, 57, 62, 36, 0, 0.06%, 9, 0, 7, 312.93
1733670997, 5, 57, 63, 37, 0, 0.06%, 9, 0, 7, 259.09
1733671109, 5, 59, 63, 36, 0, 0.06%, 9, 0, 7, 312.61
1733671165, 5, 61, 63, 35, 0, 0.06%, 9, 0, 7, 340.62
1733671210, 5, 61, 65, 37, 0, 0.06%, 9, 0, 8, 238.19
1733671216, 5, 61, 66, 38, 0, 0.06%, 9, 0, 8, 244.32
1733671226, 5, 63, 66, 37, 0, 0.06%, 9, 0, 8, 406.50
1733671251, 5, 63, 67, 38, 0, 0.06%, 9, 0, 9, 258.86
1733671342, 5, 63, 68, 39, 0, 0.06%, 9, 0, 9, 274.05
1733671357, 5, 64, 68, 38, 0, 0.06%, 9, 0, 9, 265.76
1733671443, 5, 65, 68, 37, 0, 0.06%, 9, 0, 9, 367.19
1733671469, 5, 65, 70, 39, 0, 0.06%, 9, 0, 9, 423.93
1733671590, 5, 66, 70, 38, 0, 0.06%, 9, 0, 9, 304.26
1733671677, 6, 10, 70, 37, 0, 0.06%, 9, 0, 9, 216.30
1733671682, 6, 11, 70, 37, 0, 0.06%, 9, 0, 9, 243.51
1733671692, 6, 12, 70, 37, 0, 0.06%, 9, 0, 9, 226.50
1733671697, 6, 13, 70, 37, 0, 0.06%, 9, 0, 9, 227.69
1733671702, 6, 17, 70, 37, 0, 0.06%, 9, 0, 9, 220.12
1733671718, 6, 19, 70, 37, 0, 0.06%, 9, 0, 9, 230.24
1733671723, 6, 21, 70, 37, 0, 0.06%, 9, 0, 9, 259.05
1733671738, 6, 22, 70, 37, 0, 0.06%, 9, 0, 9, 224.65
1733671749, 6, 23, 70, 37, 0, 0.06%, 9, 0, 9, 228.18
1733671759, 6, 25, 70, 37, 0, 0.06%, 9, 0, 9, 252.29
1733671815, 6, 29, 70, 36, 0, 0.06%, 9, 0, 9, 379.18
1733671896, 6, 34, 70, 35, 0, 0.06%, 9, 0, 9, 286.51
1733671952, 6, 35, 70, 34, 0, 0.06%, 9, 0, 9, 233.81
1733671963, 6, 37, 70, 34, 0, 0.06%, 9, 0, 9, 289.24
1733672019, 6, 38, 70, 33, 0, 0.06%, 9, 0, 9, 277.76
1733672075, 6, 43, 70, 32, 0, 0.06%, 9, 0, 9, 358.15
1733672146, 6, 49, 70, 31, 0, 0.06%, 9, 0, 9, 293.87
1733672207, 6, 50, 70, 30, 0, 0.06%, 9, 0, 9, 347.21
1733672319, 6, 54, 70, 29, 0, 0.06%, 9, 0, 9, 212.73
1733672446, 6, 65, 70, 28, 0, 0.06%, 9, 0, 9, 248.57
1733672461, 6, 67, 70, 28, 0, 0.06%, 9, 0, 9, 256.66
1733672472, 6, 67, 71, 29, 0, 0.06%, 9, 0, 10, 441.56
1733672619, 7, 11, 71, 28, 0, 0.06%, 9, 0, 10, 234.04
1733672624, 7, 12, 71, 28, 0, 0.06%, 9, 0, 10, 222.70
1733672629, 7, 15, 71, 28, 0, 0.06%, 9, 0, 10, 282.78
1733672686, 7, 17, 71, 27, 0, 0.06%, 9, 0, 10, 236.11
1733672691, 7, 19, 71, 27, 0, 0.06%, 9, 0, 10, 237.80
1733672696, 7, 21, 71, 27, 0, 0.06%, 9, 0, 10, 227.47
1733672701, 7, 22, 71, 27, 0, 0.06%, 9, 0, 10, 247.76
1733672711, 7, 23, 71, 27, 0, 0.06%, 9, 0, 10, 257.75
1733672716, 7, 44, 71, 27, 0, 0.06%, 9, 0, 10, 333.10
1733672767, 7, 45, 71, 26, 0, 0.06%, 9, 0, 10, 213.26
1733680558, 7, 45, 72, 27, 0, 0.06%, 9, 0, 10, 429.19
1733680610, 7, 46, 72, 26, 0, 0.06%, 9, 0, 10, 379.74
1733680696, 7, 47, 72, 25, 0, 0.06%, 9, 0, 10, 288.30
1733680787, 7, 48, 72, 24, 0, 0.06%, 9, 0, 10, 243.18
1733680802, 7, 56, 72, 24, 0, 0.06%, 9, 0, 10, 329.68
1733681000, 7, 68, 72, 23, 0, 0.06%, 9, 0, 10, 343.11
1733681153, 7, 69, 72, 22, 0, 0.06%, 9, 0, 10, 290.03
1733681305, 7, 70, 72, 21, 0, 0.06%, 9, 0, 10, 300.65
1733681458, 8, 11, 72, 20, 0, 0.06%, 9, 0, 10, 237.76
1733681464, 8, 13, 72, 20, 0, 0.06%, 9, 0, 10, 240.19
1733681469, 8, 17, 72, 20, 0, 0.06%, 9, 0, 10, 226.35
1733681474, 8, 19, 72, 20, 0, 0.06%, 9, 0, 10, 235.48
1733681479, 8, 21, 72, 20, 0, 0.06%, 9, 0, 10, 249.87
1733681489, 8, 22, 72, 20, 0, 0.06%, 9, 0, 10, 258.78
1733681494, 8, 23, 72, 20, 0, 0.06%, 9, 0, 10, 237.07
1733681499, 8, 26, 72, 20, 0, 0.06%, 9, 0, 10, 321.87
1733681560, 8, 27, 72, 19, 0, 0.06%, 9, 0, 10, 266.57
1733681570, 8, 28, 72, 19, 0, 0.06%, 9, 0, 10, 240.23
1733681631, 8, 33, 73, 19, 0, 0.06%, 9, 0, 10, 319.62
1733681733, 8, 39, 73, 18, 0, 0.06%, 9, 0, 10, 296.58
1733681743, 8, 42, 73, 18, 0, 0.06%, 9, 0, 10, 263.37
1733681799, 8, 58, 73, 17, 0, 0.06%, 9, 0, 10, 388.99
1733681850, 8, 62, 73, 16, 0, 0.06%, 9, 0, 10, 316.92
1733681911, 8, 72, 73, 15, 0, 0.06%, 9, 0, 10, 304.61
1733681921, 8, 72, 74, 16, 0, 0.06%, 9, 0, 10, 427.81
1733682028, 8, 73, 74, 15, 0, 0.06%, 9, 0, 10, 291.55
1733682145, 9, 10, 74, 14, 0, 0.06%, 9, 0, 10, 249.64
1733682150, 9, 12, 74, 14, 0, 0.06%, 9, 0, 10, 257.25
1733682155, 9, 17, 74, 14, 0, 0.06%, 9, 0, 10, 249.32
1733682160, 9, 19, 74, 14, 0, 0.06%, 9, 0, 10, 245.49
1733682170, 9, 20, 74, 14, 0, 0.06%, 9, 0, 10, 400.61
1733682221, 9, 21, 74, 13, 0, 0.06%, 9, 0, 10, 254.37
1733682231, 9, 22, 74, 13, 0, 0.06%, 9, 0, 10, 269.51
1733682236, 9, 23, 74, 13, 0, 0.06%, 9, 0, 10, 269.48
1733682241, 9, 30, 74, 13, 0, 0.06%, 9, 0, 10, 388.79
1733682297, 9, 36, 74, 12, 0, 0.06%, 9, 0, 10, 240.51
1733682541, 9, 36, 75, 13, 0, 0.06%, 9, 0, 10, 336.64
1733682576, 9, 36, 76, 14, 0, 0.06%, 9, 0, 10, 351.20
1733682642, 9, 71, 76, 13, 0, 0.06%, 9, 0, 10, 223.39
1733682657, 9, 71, 77, 14, 0, 0.06%, 9, 0, 10, 317.13
