# unix_time, cycles_done, cur_path, paths_total, pending_total, pending_favs, map_size, unique_crashes, unique_hangs, max_depth, execs_per_sec
1733578570, 0, 0, 10, 10, 1, 0.00%, 0, 0, 1, 149.53
1733578575, 0, 4, 10, 10, 1, 0.00%, 0, 0, 1, 182.79
1733578580, 0, 5, 10, 9, 0, 0.00%, 0, 0, 1, 172.21
1733578590, 0, 6, 10, 8, 0, 0.00%, 0, 0, 1, 189.63
1733578595, 0, 7, 10, 7, 0, 0.00%, 0, 0, 1, 179.51
1733578605, 0, 8, 10, 6, 0, 0.00%, 0, 0, 1, 188.18
1733578611, 0, 9, 10, 5, 0, 0.00%, 0, 0, 1, 184.49
1733578621, 1, 0, 10, 4, 0, 0.00%, 0, 0, 1, 172.26
1733578631, 1, 1, 10, 3, 0, 0.00%, 0, 0, 1, 177.20
1733578641, 1, 2, 10, 2, 0, 0.00%, 0, 0, 1, 176.60
1733578651, 1, 3, 10, 1, 0, 0.00%, 0, 0, 1, 182.36
1733578667, 1, 5, 10, 0, 0, 0.00%, 0, 0, 1, 187.24
1733578672, 1, 6, 10, 0, 0, 0.00%, 0, 0, 1, 185.23
1733578677, 1, 7, 10, 0, 0, 0.00%, 0, 0, 1, 187.58
1733578682, 1, 9, 10, 0, 0, 0.00%, 0, 0, 1, 185.67
1733578687, 2, 0, 10, 0, 0, 0.00%, 0, 0, 1, 188.37
1733578692, 2, 1, 10, 0, 0, 0.00%, 0, 0, 1, 186.07
1733578697, 2, 3, 10, 0, 0, 0.00%, 0, 0, 1, 184.53
1733578702, 2, 4, 10, 0, 0, 0.00%, 0, 0, 1, 185.21
1733578708, 2, 5, 10, 0, 0, 0.00%, 0, 0, 1, 185.66
1733578713, 2, 6, 10, 0, 0, 0.00%, 0, 0, 1, 188.39
1733578718, 2, 8, 10, 0, 0, 0.00%, 0, 0, 1, 187.40
1733578723, 2, 9, 10, 0, 0, 0.00%, 0, 0, 1, 184.16
1733578728, 3, 0, 10, 0, 0, 0.00%, 0, 0, 1, 182.92
1733578733, 3, 2, 10, 0, 0, 0.00%, 0, 0, 1, 187.59
1733578739, 3, 3, 10, 0, 0, 0.00%, 0, 0, 1, 185.42
1733578744, 3, 4, 10, 0, 0, 0.00%, 0, 0, 1, 183.06
1733578749, 3, 6, 10, 0, 0, 0.00%, 0, 0, 1, 190.17
1733578754, 3, 7, 10, 0, 0, 0.00%, 0, 0, 1, 185.10
1733578759, 3, 8, 10, 0, 0, 0.00%, 1, 0, 1, 182.62
1733578764, 3, 9, 10, 0, 0, 0.00%, 1, 0, 1, 186.16
1733578770, 4, 1, 10, 0, 0, 0.00%, 1, 0, 1, 187.27
1733578775, 4, 2, 10, 0, 0, 0.00%, 1, 0, 1, 186.04
1733578780, 4, 3, 10, 0, 0, 0.00%, 1, 0, 1, 184.38
1733578785, 4, 5, 10, 0, 0, 0.00%, 1, 0, 1, 188.19
1733578790, 4, 6, 10, 0, 0, 0.00%, 1, 0, 1, 190.71
1733578795, 4, 7, 10, 0, 0, 0.00%, 1, 0, 1, 187.51
1733578801, 4, 9, 10, 0, 0, 0.00%, 1, 0, 1, 187.99
1733578806, 5, 0, 10, 0, 0, 0.00%, 1, 0, 1, 185.17
1733578811, 5, 1, 10, 0, 0, 0.00%, 1, 0, 1, 188.03
1733578816, 5, 3, 10, 0, 0, 0.00%, 1, 0, 1, 186.96
1733578821, 5, 4, 10, 0, 0, 0.00%, 1, 0, 1, 184.82
1733578826, 5, 5, 10, 0, 0, 0.00%, 1, 0, 1, 187.23
1733578832, 5, 6, 10, 0, 0, 0.00%, 1, 0, 1, 189.12
1733578837, 5, 8, 10, 0, 0, 0.00%, 1, 0, 1, 186.04
1733578842, 5, 9, 10, 0, 0, 0.00%, 1, 0, 1, 187.34
1733578847, 6, 0, 10, 0, 0, 0.00%, 1, 0, 1, 189.37
1733578852, 6, 2, 10, 0, 0, 0.00%, 1, 0, 1, 188.28
1733578857, 6, 3, 10, 0, 0, 0.00%, 1, 0, 1, 188.83
1733578862, 6, 4, 10, 0, 0, 0.00%, 1, 0, 1, 185.19
1733578868, 6, 6, 10, 0, 0, 0.00%, 1, 0, 1, 186.93
1733578873, 6, 7, 10, 0, 0, 0.00%, 1, 0, 1, 185.81
1733578878, 6, 8, 10, 0, 0, 0.00%, 1, 0, 1, 185.95
1733578883, 7, 0, 10, 0, 0, 0.00%, 1, 0, 1, 186.59
1733578888, 7, 1, 10, 0, 0, 0.00%, 1, 0, 1, 186.13
1733578893, 7, 2, 10, 0, 0, 0.00%, 1, 0, 1, 189.32
1733578898, 7, 3, 10, 0, 0, 0.00%, 1, 0, 1, 189.06
1733578903, 7, 5, 10, 0, 0, 0.00%, 1, 0, 1, 190.25
1733578909, 7, 6, 10, 0, 0, 0.00%, 1, 0, 1, 187.19
1733578914, 7, 7, 10, 0, 0, 0.00%, 1, 0, 1, 189.27
1733578919, 7, 9, 10, 0, 0, 0.00%, 1, 0, 1, 185.70
1733578924, 8, 0, 10, 0, 0, 0.00%, 1, 0, 1, 185.63
1733578929, 8, 1, 10, 0, 0, 0.00%, 1, 0, 1, 185.18
1733578934, 8, 3, 10, 0, 0, 0.00%, 1, 0, 1, 184.87
1733578939, 8, 4, 10, 0, 0, 0.00%, 1, 0, 1, 188.04
1733578944, 8, 5, 10, 0, 0, 0.00%, 1, 0, 1, 187.30
1733578950, 8, 6, 10, 0, 0, 0.00%, 1, 0, 1, 183.70
1733578955, 8, 8, 10, 0, 0, 0.00%, 1, 0, 1, 183.92
1733578960, 8, 9, 10, 0, 0, 0.00%, 1, 0, 1, 185.92
1733578965, 9, 0, 10, 0, 0, 0.00%, 1, 0, 1, 185.17
1733578970, 9, 2, 10, 0, 0, 0.00%, 1, 0, 1, 187.19
1733578975, 9, 3, 10, 0, 0, 0.00%, 1, 0, 1, 186.14
1733578981, 9, 4, 10, 0, 0, 0.00%, 1, 0, 1, 187.39
1733578986, 9, 6, 10, 0, 0, 0.00%, 1, 0, 1, 184.55
1733578991, 9, 7, 10, 0, 0, 0.00%, 1, 0, 1, 186.98
1733578996, 9, 8, 10, 0, 0, 0.00%, 1, 0, 1, 185.90
1733579001, 9, 9, 10, 0, 0, 0.00%, 1, 0, 1, 186.11
1733579006, 10, 1, 10, 0, 0, 0.00%, 1, 0, 1, 183.25
1733579011, 10, 2, 10, 0, 0, 0.00%, 1, 0, 1, 183.79
1733579016, 10, 3, 10, 0, 0, 0.00%, 1, 0, 1, 187.95
1733579022, 10, 5, 10, 0, 0, 0.00%, 1, 0, 1, 185.74
1733579027, 10, 6, 10, 0, 0, 0.00%, 1, 0, 1, 191.22
1733579032, 10, 7, 10, 0, 0, 0.00%, 1, 0, 1, 184.87
1733579037, 10, 9, 10, 0, 0, 0.00%, 1, 0, 1, 187.57
1733579042, 11, 0, 10, 0, 0, 0.00%, 1, 0, 1, 187.52
1733579047, 11, 1, 10, 0, 0, 0.00%, 1, 0, 1, 185.86
1733579052, 11, 2, 10, 0, 0, 0.00%, 1, 0, 1, 185.75
1733579057, 11, 4, 10, 0, 0, 0.00%, 1, 0, 1, 181.74
1733579062, 11, 5, 10, 0, 0, 0.00%, 1, 0, 1, 186.87
1733579067, 11, 6, 10, 0, 0, 0.00%, 1, 0, 1, 188.15
1733579073, 11, 8, 10, 0, 0, 0.00%, 1, 0, 1, 184.91
1733579078, 11, 9, 10, 0, 0, 0.00%, 1, 0, 1, 185.43
1733579083, 12, 0, 10, 0, 0, 0.00%, 1, 0, 1, 188.40
1733579088, 12, 1, 10, 0, 0, 0.00%, 1, 0, 1, 188.80
1733579093, 12, 3, 10, 0, 0, 0.00%, 1, 0, 1, 187.11
1733579098, 12, 4, 10, 0, 0, 0.00%, 1, 0, 1, 188.33
1733579103, 12, 5, 10, 0, 0, 0.00%, 1, 0, 1, 186.18
1733579109, 12, 7, 10, 0, 0, 0.00%, 1, 0, 1, 182.45
1733579114, 12, 8, 10, 0, 0, 0.00%, 1, 0, 1, 188.52
1733579119, 12, 9, 10, 0, 0, 0.00%, 1, 0, 1, 186.48
1733579124, 13, 1, 10, 0, 0, 0.00%, 1, 0, 1, 182.93
1733579129, 13, 2, 10, 0, 0, 0.00%, 1, 0, 1, 186.23
1733579134, 13, 3, 10, 0, 0, 0.00%, 1, 0, 1, 187.81
1733579140, 13, 5, 10, 0, 0, 0.00%, 1, 0, 1, 189.34
1733579145, 13, 6, 10, 0, 0, 0.00%, 1, 0, 1, 188.52
1733579150, 13, 7, 10, 0, 0, 0.00%, 1, 0, 1, 188.83
1733579155, 13, 8, 10, 0, 0, 0.00%, 1, 0, 1, 188.42
1733579160, 14, 0, 10, 0, 0, 0.00%, 1, 0, 1, 188.84
1733579165, 14, 1, 10, 0, 0, 0.00%, 1, 0, 1, 186.12
1733579170, 14, 2, 11, 1, 0, 0.05%, 2, 0, 2, 184.37
1733579176, 14, 10, 14, 4, 1, 0.06%, 5, 0, 3, 225.84
1733579181, 14, 10, 16, 6, 1, 0.06%, 5, 0, 3, 215.50
1733579196, 14, 10, 18, 8, 1, 0.06%, 6, 0, 3, 210.66
1733579201, 14, 10, 19, 9, 1, 0.06%, 6, 0, 3, 212.23
1733579216, 14, 10, 20, 10, 1, 0.06%, 7, 0, 3, 210.93
1733579231, 14, 10, 21, 11, 1, 0.06%, 7, 0, 3, 209.95
1733579262, 14, 10, 22, 12, 1, 0.06%, 7, 0, 3, 211.69
1733579287, 14, 10, 23, 13, 1, 0.06%, 7, 0, 3, 212.32
1733579297, 14, 10, 27, 17, 1, 0.06%, 7, 0, 3, 241.38
1733579312, 14, 11, 28, 17, 5, 0.06%, 7, 0, 4, 247.71
1733579318, 14, 11, 30, 19, 5, 0.06%, 8, 0, 4, 223.85
1733579323, 14, 11, 31, 20, 5, 0.06%, 8, 0, 4, 214.64
1733579333, 14, 11, 33, 22, 5, 0.06%, 9, 0, 4, 210.86
1733579348, 14, 11, 34, 23, 5, 0.06%, 9, 0, 4, 212.74
1733579409, 14, 11, 35, 24, 5, 0.06%, 9, 0, 4, 212.45
1733579435, 14, 11, 39, 28, 5, 0.06%, 9, 0, 4, 247.28
1733579440, 14, 12, 39, 27, 6, 0.06%, 9, 0, 4, 270.28
1733579475, 14, 12, 40, 28, 6, 0.06%, 9, 0, 4, 255.85
1733579485, 14, 13, 40, 27, 5, 0.06%, 9, 0, 4, 229.38
1733579491, 14, 13, 41, 28, 5, 0.06%, 9, 0, 4, 208.09
1733579501, 14, 13, 43, 30, 5, 0.06%, 9, 0, 4, 210.41
1733579506, 14, 13, 44, 31, 5, 0.06%, 9, 0, 4, 210.32
1733579511, 14, 13, 45, 32, 5, 0.06%, 9, 0, 4, 215.88
1733579592, 14, 13, 46, 33, 5, 0.06%, 9, 0, 4, 210.02
1733579642, 14, 13, 47, 34, 5, 0.06%, 9, 0, 4, 218.66
1733579647, 14, 13, 48, 35, 5, 0.06%, 9, 0, 4, 211.24
1733579653, 14, 19, 48, 34, 4, 0.06%, 9, 0, 4, 266.46
1733579673, 14, 19, 52, 38, 4, 0.06%, 9, 0, 4, 287.15
1733579683, 14, 22, 52, 37, 3, 0.06%, 9, 0, 4, 274.72
1733579709, 14, 30, 52, 36, 2, 0.06%, 9, 0, 4, 254.47
1733579754, 14, 30, 54, 38, 2, 0.06%, 9, 0, 5, 259.74
1733579770, 14, 32, 55, 38, 1, 0.06%, 9, 0, 5, 273.39
1733579810, 14, 32, 57, 40, 1, 0.06%, 9, 0, 5, 264.47
1733579820, 14, 54, 57, 39, 1, 0.06%, 9, 0, 5, 302.59
1733579825, 14, 54, 58, 40, 1, 0.06%, 9, 0, 6, 247.37
1733579871, 14, 54, 59, 41, 1, 0.06%, 9, 0, 6, 223.17
1733579902, 14, 54, 60, 42, 1, 0.06%, 9, 0, 6, 226.75
1733579927, 14, 54, 61, 43, 1, 0.06%, 9, 0, 6, 220.84
1733579978, 14, 54, 63, 45, 1, 0.06%, 9, 0, 6, 272.99
1733579988, 15, 10, 63, 44, 0, 0.06%, 9, 0, 6, 228.45
1733579998, 15, 12, 64, 45, 0, 0.06%, 9, 0, 6, 227.08
1733580014, 15, 13, 64, 45, 0, 0.06%, 9, 0, 6, 220.63
1733580019, 15, 13, 65, 46, 0, 0.06%, 9, 0, 6, 264.59
1733580024, 15, 19, 65, 46, 0, 0.06%, 9, 0, 6, 243.72
1733580034, 15, 20, 65, 46, 0, 0.06%, 9, 0, 6, 232.27
1733580069, 15, 22, 65, 45, 0, 0.06%, 9, 0, 6, 232.34
1733580085, 15, 23, 65, 45, 0, 0.06%, 9, 0, 6, 406.63
1733580115, 15, 28, 65, 44, 0, 0.06%, 9, 0, 6, 299.17
1733580135, 15, 28, 66, 45, 0, 0.06%, 9, 0, 6, 252.62
1733580201, 15, 29, 66, 44, 0, 0.06%, 9, 0, 6, 376.58
1733580237, 15, 29, 67, 45, 0, 0.06%, 9, 0, 6, 273.73
1733580288, 15, 30, 67, 44, 0, 0.06%, 9, 0, 6, 221.37
1733580308, 15, 37, 67, 44, 0, 0.06%, 9, 0, 6, 269.16
1733580354, 15, 37, 68, 45, 0, 0.06%, 9, 0, 6, 436.30
1733580369, 15, 37, 69, 46, 0, 0.06%, 9, 0, 6, 438.97
1733580583, 15, 39, 69, 45, 0, 0.06%, 9, 0, 6, 296.47
1733580634, 15, 40, 69, 44, 0, 0.06%, 9, 0, 6, 304.32
1733580685, 15, 41, 69, 43, 0, 0.06%, 9, 0, 6, 382.90
1733580736, 15, 45, 69, 42, 0, 0.06%, 9, 0, 6, 278.00
1733580979, 15, 54, 69, 41, 0, 0.06%, 9, 0, 6, 257.23
1733580999, 15, 56, 69, 41, 0, 0.06%, 9, 0, 6, 252.97
1733581234, 15, 58, 69, 40, 0, 0.06%, 9, 0, 6, 385.03
1733581290, 15, 62, 69, 39, 0, 0.06%, 9, 0, 6, 207.57
1733581518, 15, 62, 70, 40, 0, 0.06%, 9, 0, 7, 289.91
1733581523, 15, 69, 70, 39, 0, 0.06%, 9, 0, 7, 246.87
1733581549, 15, 69, 71, 40, 0, 0.06%, 9, 0, 8, 432.40
1733581742, 16, 10, 71, 39, 0, 0.06%, 9, 0, 8, 269.09
1733581758, 16, 12, 71, 39, 0, 0.06%, 9, 0, 8, 226.18
1733581768, 16, 13, 71, 39, 0, 0.06%, 9, 0, 8, 234.04
1733581778, 16, 14, 71, 39, 0, 0.06%, 9, 0, 8, 274.59
1733581808, 16, 18, 71, 38, 0, 0.06%, 9, 0, 8, 252.72
1733581839, 16, 19, 71, 37, 0, 0.06%, 9, 0, 8, 246.69
1733581849, 16, 22, 71, 37, 0, 0.06%, 9, 0, 8, 249.71
1733581859, 16, 24, 71, 37, 0, 0.06%, 9, 0, 8, 331.81
1733581889, 16, 26, 71, 36, 0, 0.06%, 9, 0, 8, 335.24
1733582021, 16, 26, 72, 37, 0, 0.06%, 9, 0, 8, 331.98
1733582026, 16, 30, 72, 36, 0, 0.06%, 9, 0, 8, 275.38
1733582047, 16, 35, 72, 36, 0, 0.06%, 9, 0, 8, 237.59
1733582573, 16, 38, 72, 35, 0, 0.06%, 9, 0, 8, 181.11
1733584103, 16, 43, 72, 34, 0, 0.06%, 9, 0, 8, 239.19
1733585459, 16, 47, 72, 33, 0, 0.06%, 9, 0, 8, 295.20
1733585657, 16, 48, 72, 32, 0, 0.06%, 9, 0, 8, 314.77
1733585688, 16, 48, 73, 33, 0, 0.06%, 9, 0, 8, 419.22
1733585816, 16, 53, 73, 32, 0, 0.06%, 9, 0, 8, 331.16
1733585866, 16, 54, 73, 31, 0, 0.06%, 9, 0, 8, 263.14
1733585892, 16, 57, 73, 31, 0, 0.06%, 9, 0, 8, 275.73
1733585948, 16, 60, 73, 30, 0, 0.06%, 9, 0, 8, 178.85
