# unix_time, cycles_done, cur_path, paths_total, pending_total, pending_favs, map_size, unique_crashes, unique_hangs, max_depth, execs_per_sec
1735025062, 0, 0, 10, 10, 1, 0.00%, 0, 0, 1, 152.09
1735025068, 0, 4, 10, 10, 1, 0.00%, 0, 0, 1, 184.17
1735025073, 0, 5, 10, 9, 0, 0.00%, 0, 0, 1, 166.62
1735025083, 0, 6, 10, 8, 0, 0.00%, 0, 0, 1, 183.14
1735025088, 0, 7, 10, 7, 0, 0.00%, 0, 0, 1, 177.37
1735025099, 0, 8, 10, 6, 0, 0.00%, 0, 0, 1, 184.60
1735025109, 0, 9, 10, 5, 0, 0.00%, 0, 0, 1, 185.38
1735025114, 1, 0, 10, 4, 0, 0.00%, 0, 0, 1, 175.87
1735025124, 1, 1, 10, 3, 0, 0.00%, 0, 0, 1, 186.62
1735025134, 1, 2, 10, 2, 0, 0.00%, 0, 0, 1, 168.02
1735025145, 1, 10, 11, 2, 1, 0.05%, 1, 0, 2, 207.47
1735025160, 1, 10, 12, 3, 1, 0.05%, 2, 0, 3, 190.89
1735025181, 1, 10, 13, 4, 1, 0.05%, 2, 0, 3, 194.87
1735025237, 1, 10, 15, 6, 1, 0.05%, 4, 0, 3, 191.54
1735025268, 1, 10, 16, 7, 1, 0.06%, 5, 0, 3, 194.78
1735025283, 1, 11, 17, 7, 4, 0.06%, 6, 0, 4, 213.62
1735025299, 1, 11, 18, 8, 4, 0.06%, 6, 0, 4, 201.41
1735025319, 1, 11, 19, 9, 4, 0.06%, 6, 0, 4, 195.90
1735025334, 1, 11, 20, 10, 4, 0.06%, 6, 0, 4, 200.54
1735025359, 1, 11, 21, 11, 4, 0.06%, 7, 0, 4, 199.97
1735025375, 1, 11, 22, 12, 4, 0.06%, 7, 0, 4, 197.13
1735025461, 1, 14, 22, 11, 5, 0.06%, 7, 0, 4, 216.93
1735025466, 1, 14, 23, 12, 5, 0.06%, 7, 0, 4, 203.01
1735025491, 1, 14, 24, 13, 5, 0.06%, 7, 0, 4, 214.86
1735025497, 1, 15, 24, 12, 4, 0.06%, 7, 0, 4, 234.59
1735025522, 1, 16, 25, 12, 3, 0.06%, 7, 0, 4, 220.32
1735025563, 1, 19, 28, 14, 2, 0.06%, 9, 0, 5, 270.74
1735025583, 1, 19, 30, 16, 2, 0.06%, 9, 0, 5, 204.40
1735025613, 1, 19, 32, 18, 2, 0.06%, 9, 0, 5, 209.77
1735025684, 1, 19, 35, 21, 2, 0.06%, 9, 0, 5, 227.68
1735025695, 1, 20, 35, 20, 3, 0.06%, 9, 0, 5, 236.10
1735025740, 1, 26, 35, 19, 2, 0.06%, 9, 0, 5, 255.91
1735025766, 1, 26, 36, 20, 2, 0.06%, 9, 0, 6, 208.82
1735025796, 1, 26, 37, 21, 2, 0.06%, 9, 0, 6, 217.05
1735025867, 1, 26, 38, 22, 2, 0.06%, 9, 0, 6, 210.26
1735025872, 1, 27, 38, 21, 1, 0.06%, 9, 0, 6, 269.68
1735025902, 1, 27, 39, 22, 1, 0.06%, 9, 0, 6, 218.18
1735025923, 1, 27, 40, 23, 1, 0.06%, 9, 0, 6, 219.70
1735025938, 1, 27, 41, 24, 1, 0.06%, 9, 0, 6, 216.92
1735025994, 1, 27, 42, 25, 1, 0.06%, 9, 0, 6, 215.19
1735026004, 1, 28, 42, 24, 0, 0.06%, 9, 0, 6, 382.71
1735026009, 1, 28, 43, 25, 0, 0.06%, 9, 0, 6, 387.94
1735026014, 1, 28, 44, 26, 0, 0.06%, 9, 0, 6, 274.66
1735026044, 1, 28, 45, 27, 0, 0.06%, 9, 0, 6, 247.41
1735026064, 1, 28, 46, 28, 0, 0.06%, 9, 0, 6, 255.26
1735026085, 1, 28, 47, 29, 0, 0.06%, 9, 0, 6, 248.08
1735026121, 1, 28, 50, 32, 0, 0.06%, 9, 0, 6, 243.21
1735026126, 1, 30, 50, 31, 0, 0.06%, 9, 0, 6, 386.37
1735026156, 1, 42, 50, 30, 0, 0.06%, 9, 0, 6, 234.42
1735026167, 1, 42, 50, 30, 0, 0.06%, 10, 0, 6, 259.10
1735026187, 1, 46, 50, 29, 0, 0.06%, 10, 0, 6, 270.77
1735026228, 1, 46, 51, 30, 0, 0.06%, 10, 0, 7, 297.95
1735026233, 1, 46, 52, 31, 0, 0.06%, 10, 0, 7, 302.66
1735026243, 1, 46, 53, 32, 0, 0.06%, 10, 0, 7, 296.07
1735026268, 1, 46, 54, 33, 0, 0.06%, 10, 0, 7, 294.33
1735026339, 1, 47, 54, 32, 0, 0.06%, 10, 0, 7, 251.65
1735026370, 1, 51, 54, 31, 0, 0.06%, 10, 0, 7, 326.16
1735026441, 2, 11, 54, 30, 0, 0.06%, 10, 0, 7, 235.78
1735026446, 2, 15, 54, 30, 0, 0.06%, 10, 0, 7, 234.87
1735026451, 2, 16, 54, 30, 0, 0.06%, 10, 0, 7, 225.87
1735026456, 2, 17, 54, 30, 0, 0.06%, 10, 0, 7, 247.46
1735026492, 2, 19, 56, 31, 0, 0.06%, 10, 0, 7, 248.40
1735026497, 2, 20, 56, 31, 0, 0.06%, 10, 0, 7, 236.01
1735026502, 2, 26, 56, 31, 0, 0.06%, 10, 0, 7, 242.85
1735026507, 2, 27, 56, 31, 0, 0.06%, 10, 0, 7, 243.31
1735026517, 2, 29, 56, 31, 0, 0.06%, 10, 0, 7, 307.01
1735026548, 2, 41, 56, 30, 0, 0.06%, 10, 0, 7, 355.37
1735026573, 2, 44, 56, 29, 0, 0.06%, 10, 0, 7, 320.14
1735026614, 2, 45, 56, 28, 0, 0.06%, 10, 0, 7, 297.63
1735026639, 2, 49, 56, 27, 0, 0.06%, 10, 0, 7, 221.91
1735026700, 2, 50, 56, 26, 0, 0.06%, 10, 0, 7, 368.50
1735026771, 2, 54, 56, 25, 0, 0.06%, 10, 0, 7, 323.28
1735026817, 3, 3, 56, 24, 0, 0.06%, 10, 0, 7, 200.27
1735026822, 3, 10, 56, 23, 0, 0.06%, 10, 0, 7, 220.14
1735026827, 3, 13, 56, 23, 0, 0.06%, 10, 0, 7, 264.68
1735026842, 3, 14, 56, 22, 0, 0.06%, 10, 0, 7, 237.81
1735026848, 3, 16, 56, 22, 0, 0.06%, 10, 0, 7, 236.67
1735026853, 3, 20, 56, 22, 0, 0.06%, 10, 0, 7, 234.78
1735026858, 3, 23, 56, 22, 0, 0.06%, 10, 0, 7, 261.25
1735026893, 3, 26, 56, 21, 0, 0.06%, 10, 0, 7, 240.61
1735026898, 3, 27, 56, 21, 0, 0.06%, 10, 0, 7, 245.30
1735026903, 3, 36, 56, 21, 0, 0.06%, 10, 0, 7, 281.03
1735026929, 3, 37, 56, 20, 0, 0.06%, 10, 0, 7, 309.81
1735026960, 3, 40, 56, 19, 0, 0.06%, 10, 0, 7, 324.06
1735026995, 3, 49, 56, 18, 0, 0.06%, 10, 0, 7, 258.40
1735027000, 4, 10, 56, 18, 0, 0.06%, 10, 0, 7, 245.19
1735027006, 4, 13, 56, 18, 0, 0.06%, 10, 0, 7, 238.25
1735027011, 4, 15, 56, 18, 0, 0.06%, 10, 0, 7, 235.47
1735027016, 4, 16, 56, 18, 0, 0.06%, 10, 0, 7, 240.43
1735027021, 4, 19, 56, 18, 0, 0.06%, 10, 0, 7, 250.93
1735027026, 4, 20, 56, 18, 0, 0.06%, 10, 0, 7, 240.89
1735027031, 4, 25, 56, 18, 0, 0.06%, 10, 0, 7, 289.34
1735027097, 4, 26, 56, 17, 0, 0.06%, 10, 0, 7, 239.07
1735027102, 4, 27, 56, 17, 0, 0.06%, 10, 0, 7, 247.08
1735027108, 4, 38, 56, 17, 0, 0.06%, 10, 0, 7, 290.97
1735027138, 4, 43, 56, 16, 0, 0.06%, 10, 0, 7, 284.28
1735027169, 4, 52, 56, 15, 0, 0.06%, 10, 0, 7, 338.80
1735027174, 4, 52, 57, 16, 0, 0.06%, 10, 0, 8, 437.22
1735027260, 5, 11, 57, 15, 0, 0.06%, 10, 0, 8, 235.74
1735027266, 5, 12, 57, 15, 0, 0.06%, 10, 0, 8, 385.55
1735027286, 5, 13, 57, 14, 0, 0.06%, 10, 0, 8, 258.47
1735027291, 5, 14, 57, 14, 0, 0.06%, 10, 0, 8, 242.36
1735027296, 5, 16, 57, 14, 0, 0.06%, 10, 0, 8, 237.34
1735027301, 5, 20, 57, 14, 0, 0.06%, 10, 0, 8, 249.69
1735027311, 5, 24, 57, 14, 0, 0.06%, 10, 0, 8, 409.18
1735027362, 5, 24, 58, 15, 0, 0.06%, 10, 0, 8, 285.72
1735027372, 5, 24, 59, 16, 0, 0.06%, 10, 0, 8, 283.11
1735027418, 5, 26, 59, 15, 0, 0.06%, 10, 0, 8, 244.54
1735027423, 5, 27, 59, 15, 0, 0.06%, 10, 0, 8, 246.59
1735027428, 5, 33, 59, 15, 0, 0.06%, 10, 0, 8, 368.84
1735027443, 5, 33, 60, 16, 0, 0.06%, 10, 0, 8, 264.62
1735027479, 5, 48, 60, 15, 0, 0.06%, 10, 0, 8, 399.39
1735027509, 5, 49, 60, 14, 0, 0.06%, 10, 0, 8, 281.82
1735027514, 5, 53, 60, 14, 0, 0.06%, 10, 0, 8, 368.85
1735027606, 5, 56, 60, 13, 0, 0.06%, 10, 0, 8, 341.88
1735027733, 6, 10, 60, 12, 0, 0.06%, 10, 0, 8, 256.30
1735027738, 6, 13, 60, 12, 0, 0.06%, 10, 0, 8, 240.30
1735027743, 6, 15, 60, 12, 0, 0.06%, 10, 0, 8, 240.75
1735027748, 6, 16, 60, 12, 0, 0.06%, 10, 0, 8, 241.97
1735027753, 6, 20, 60, 12, 0, 0.06%, 10, 0, 8, 249.11
1735027758, 6, 22, 60, 12, 0, 0.06%, 10, 0, 8, 333.48
1735027784, 6, 22, 62, 14, 0, 0.06%, 10, 0, 8, 278.43
1735027840, 6, 26, 62, 13, 0, 0.06%, 10, 0, 8, 257.94
1735027845, 6, 27, 62, 13, 0, 0.06%, 10, 0, 8, 247.02
1735027850, 6, 41, 63, 14, 0, 0.06%, 10, 0, 8, 258.88
1735027855, 6, 42, 63, 14, 0, 0.06%, 10, 0, 8, 264.42
1735027860, 6, 59, 63, 14, 0, 0.06%, 10, 0, 8, 337.81
1735027931, 6, 59, 64, 15, 0, 0.06%, 10, 0, 8, 273.90
1735027962, 6, 59, 65, 16, 0, 0.06%, 10, 0, 8, 282.41
1735028038, 6, 60, 65, 15, 0, 0.06%, 10, 0, 8, 371.86
1735028068, 6, 60, 66, 16, 0, 0.06%, 10, 0, 8, 279.55
1735028160, 6, 63, 66, 15, 0, 0.06%, 10, 0, 8, 350.13
1735028227, 7, 10, 66, 14, 0, 0.06%, 10, 0, 8, 250.99
1735028232, 7, 13, 66, 14, 0, 0.06%, 10, 0, 8, 234.70
1735028237, 7, 15, 66, 14, 0, 0.06%, 10, 0, 8, 239.64
1735028242, 7, 16, 66, 14, 0, 0.06%, 10, 0, 8, 244.53
1735028247, 7, 18, 66, 14, 0, 0.06%, 10, 0, 8, 303.85
1735028273, 7, 20, 66, 13, 0, 0.06%, 10, 0, 8, 256.80
1735028283, 7, 26, 66, 13, 0, 0.06%, 10, 0, 8, 259.23
1735028288, 7, 27, 66, 13, 0, 0.06%, 10, 0, 8, 263.46
1735028293, 7, 30, 66, 13, 0, 0.06%, 10, 0, 8, 257.25
1735028298, 7, 31, 66, 13, 0, 0.06%, 10, 0, 8, 318.17
1735028324, 7, 32, 66, 12, 0, 0.06%, 10, 0, 8, 302.70
1735028334, 7, 32, 67, 13, 0, 0.06%, 10, 0, 8, 249.41
1735028370, 7, 36, 67, 12, 0, 0.06%, 10, 0, 8, 238.60
1735028375, 7, 50, 67, 12, 0, 0.06%, 10, 0, 8, 278.38
1735028380, 7, 54, 67, 12, 0, 0.06%, 10, 0, 8, 264.84
1735028390, 7, 65, 67, 12, 0, 0.06%, 10, 0, 8, 318.62
1735028472, 7, 65, 68, 13, 0, 0.06%, 10, 0, 8, 309.81
1735028522, 7, 66, 68, 12, 0, 0.06%, 10, 0, 8, 242.01
1735028533, 7, 66, 69, 13, 0, 0.06%, 10, 0, 8, 365.35
1735029367, 8, 10, 69, 12, 0, 0.06%, 10, 0, 8, 257.73
1735029373, 8, 13, 69, 12, 0, 0.06%, 10, 0, 8, 247.03
1735029378, 8, 15, 69, 12, 0, 0.06%, 10, 0, 8, 243.35
1735029383, 8, 16, 69, 12, 0, 0.06%, 10, 0, 8, 236.50
1735029388, 8, 20, 69, 12, 0, 0.06%, 10, 0, 8, 244.38
1735029393, 8, 26, 69, 12, 0, 0.06%, 10, 0, 8, 258.06
1735029403, 8, 27, 69, 12, 0, 0.06%, 10, 0, 8, 265.32
1735029408, 8, 35, 69, 12, 0, 0.06%, 10, 0, 8, 343.49
1735029433, 8, 55, 69, 11, 0, 0.06%, 10, 0, 8, 302.27
1735029515, 8, 59, 69, 10, 0, 0.06%, 10, 0, 8, 272.18
1735029525, 9, 11, 69, 10, 0, 0.06%, 10, 0, 8, 236.37
1735029530, 9, 13, 70, 11, 0, 0.06%, 10, 0, 8, 249.37
1735029535, 9, 15, 70, 11, 0, 0.06%, 10, 0, 8, 244.51
1735029540, 9, 16, 70, 11, 0, 0.06%, 10, 0, 8, 256.69
1735029545, 9, 20, 70, 11, 0, 0.06%, 10, 0, 8, 254.73
1735029550, 9, 26, 70, 11, 0, 0.06%, 10, 0, 8, 249.30
1735029556, 9, 27, 70, 11, 0, 0.06%, 10, 0, 8, 252.98
1735029561, 9, 39, 70, 11, 0, 0.06%, 10, 0, 8, 294.76
1735029586, 9, 64, 70, 10, 0, 0.06%, 10, 0, 8, 277.70
1735029621, 9, 64, 71, 11, 0, 0.06%, 10, 0, 8, 431.20
1735029799, 10, 10, 71, 10, 0, 0.06%, 10, 0, 8, 252.90
1735029804, 10, 13, 71, 10, 0, 0.06%, 10, 0, 8, 237.62
1735029809, 10, 15, 71, 10, 0, 0.06%, 10, 0, 8, 252.33
1735029815, 10, 16, 71, 10, 0, 0.06%, 10, 0, 8, 240.64
1735029820, 10, 20, 71, 10, 0, 0.06%, 10, 0, 8, 253.43
1735029825, 10, 21, 71, 10, 0, 0.06%, 10, 0, 8, 281.04
1735029855, 10, 26, 71, 9, 0, 0.06%, 10, 0, 8, 252.92
1735029860, 10, 27, 71, 9, 0, 0.06%, 10, 0, 8, 265.88
1735029865, 11, 11, 71, 9, 0, 0.06%, 10, 0, 8, 249.01
1735029871, 11, 14, 71, 9, 0, 0.06%, 10, 0, 8, 250.12
1735029876, 11, 15, 71, 9, 0, 0.06%, 10, 0, 8, 222.77
1735029881, 11, 16, 71, 9, 0, 0.06%, 10, 0, 8, 256.83
1735029886, 11, 20, 71, 9, 0, 0.06%, 10, 0, 8, 263.74
1735029891, 11, 26, 71, 9, 0, 0.06%, 10, 0, 8, 249.71
1735029896, 11, 27, 71, 9, 0, 0.06%, 10, 0, 8, 262.49
1735029901, 11, 37, 71, 9, 0, 0.06%, 10, 0, 8, 269.84
1735029907, 11, 69, 71, 9, 0, 0.06%, 10, 0, 8, 325.21
1735030039, 11, 70, 71, 8, 0, 0.06%, 10, 0, 8, 251.11
1735030192, 12, 10, 71, 7, 0, 0.06%, 10, 0, 8, 249.78
1735030197, 12, 13, 71, 7, 0, 0.06%, 10, 0, 8, 251.01
1735030202, 12, 15, 71, 7, 0, 0.06%, 10, 0, 8, 248.51
1735030207, 12, 16, 71, 7, 0, 0.06%, 10, 0, 8, 240.19
1735030212, 12, 20, 71, 7, 0, 0.06%, 10, 0, 8, 253.61
1735030217, 12, 26, 71, 7, 0, 0.06%, 10, 0, 8, 263.88
1735030222, 12, 27, 71, 7, 0, 0.06%, 10, 0, 8, 253.12
1735030227, 12, 29, 71, 7, 0, 0.06%, 10, 0, 8, 251.71
1735030232, 12, 39, 71, 7, 0, 0.06%, 10, 0, 8, 260.03
1735030242, 12, 42, 71, 7, 0, 0.06%, 10, 0, 8, 269.05
1735030247, 12, 51, 71, 7, 0, 0.06%, 10, 0, 8, 278.57
1735030252, 12, 63, 71, 7, 0, 0.06%, 10, 0, 8, 272.88
1735030262, 12, 67, 71, 7, 0, 0.06%, 10, 0, 8, 374.12
1735030268, 12, 67, 72, 8, 0, 0.06%, 10, 0, 8, 435.50
1735030380, 12, 68, 72, 7, 0, 0.06%, 10, 0, 8, 301.92
1735030502, 13, 10, 72, 6, 0, 0.06%, 10, 0, 8, 261.72
1735030507, 13, 13, 72, 6, 0, 0.06%, 10, 0, 8, 248.87
1735030512, 13, 15, 72, 6, 0, 0.06%, 10, 0, 8, 248.26
1735030517, 13, 16, 72, 6, 0, 0.06%, 10, 0, 8, 248.04
1735030522, 13, 20, 72, 6, 0, 0.06%, 10, 0, 8, 253.01
1735030527, 13, 24, 72, 6, 0, 0.06%, 10, 0, 8, 262.08
1735030533, 13, 26, 72, 6, 0, 0.06%, 10, 0, 8, 251.71
1735030538, 13, 27, 72, 6, 0, 0.06%, 10, 0, 8, 261.54
1735030543, 13, 58, 72, 6, 0, 0.06%, 10, 0, 8, 273.90
1735030680, 13, 61, 72, 5, 0, 0.06%, 10, 0, 8, 298.12
1735030731, 13, 62, 72, 4, 0, 0.06%, 10, 0, 8, 334.00
1735030863, 13, 71, 72, 3, 0, 0.06%, 10, 0, 8, 301.63
1735031006, 14, 10, 72, 2, 0, 0.06%, 10, 0, 8, 246.37
1735031011, 14, 13, 72, 2, 0, 0.06%, 10, 0, 8, 246.98
1735031016, 14, 15, 72, 2, 0, 0.06%, 10, 0, 8, 245.44
1735031021, 14, 16, 72, 2, 0, 0.06%, 10, 0, 8, 253.39
1735031026, 14, 20, 72, 2, 0, 0.06%, 10, 0, 8, 261.82
1735031031, 14, 26, 72, 2, 0, 0.06%, 10, 0, 8, 255.38
1735031036, 14, 27, 72, 2, 0, 0.06%, 10, 0, 8, 259.08
1735031041, 14, 53, 72, 2, 0, 0.06%, 10, 0, 8, 271.48
1735031046, 14, 54, 72, 2, 0, 0.06%, 10, 0, 8, 271.95
1735031051, 14, 61, 72, 2, 0, 0.06%, 10, 0, 8, 266.97
1735031062, 15, 10, 72, 2, 0, 0.06%, 10, 0, 8, 250.21
1735031067, 15, 13, 72, 2, 0, 0.06%, 10, 0, 8, 251.18
1735031072, 15, 15, 72, 2, 0, 0.06%, 10, 0, 8, 253.05
1735031077, 15, 16, 72, 2, 0, 0.06%, 10, 0, 8, 244.29
1735031082, 15, 20, 72, 2, 0, 0.06%, 10, 0, 8, 247.56
1735031087, 15, 21, 72, 2, 0, 0.06%, 10, 0, 8, 258.95
1735031092, 15, 26, 72, 2, 0, 0.06%, 10, 0, 8, 249.91
1735031097, 15, 27, 72, 2, 0, 0.06%, 10, 0, 8, 258.85
1735031107, 15, 58, 72, 2, 0, 0.06%, 10, 0, 8, 285.09
1735031118, 16, 11, 72, 2, 0, 0.06%, 10, 0, 8, 237.21
1735031123, 16, 14, 72, 2, 0, 0.06%, 10, 0, 8, 241.76
1735031128, 16, 16, 72, 2, 0, 0.06%, 10, 0, 8, 253.75
1735031138, 16, 20, 72, 2, 0, 0.06%, 10, 0, 8, 247.53
1735031143, 16, 26, 72, 2, 0, 0.06%, 10, 0, 8, 247.19
1735031148, 16, 27, 72, 2, 0, 0.06%, 10, 0, 8, 242.73
1735031153, 16, 37, 72, 2, 0, 0.06%, 10, 0, 8, 265.75
1735031158, 16, 46, 72, 2, 0, 0.06%, 10, 0, 8, 286.35
1735031163, 17, 10, 72, 2, 0, 0.06%, 10, 0, 8, 247.17
1735031168, 17, 13, 72, 2, 0, 0.06%, 10, 0, 8, 242.88
1735031173, 17, 15, 72, 2, 0, 0.06%, 10, 0, 8, 251.46
1735031178, 17, 16, 72, 2, 0, 0.06%, 10, 0, 8, 253.42
1735031183, 17, 20, 72, 2, 0, 0.06%, 10, 0, 8, 261.00
1735031189, 17, 26, 72, 2, 0, 0.06%, 10, 0, 8, 258.34
1735031194, 17, 27, 72, 2, 0, 0.06%, 10, 0, 8, 250.39
1735031199, 17, 40, 72, 2, 0, 0.06%, 10, 0, 8, 267.78
1735031204, 17, 68, 72, 2, 0, 0.06%, 10, 0, 8, 285.09
1735031214, 18, 10, 72, 2, 0, 0.06%, 10, 0, 8, 251.34
1735031219, 18, 13, 72, 2, 0, 0.06%, 10, 0, 8, 255.53
1735031224, 18, 15, 72, 2, 0, 0.06%, 10, 0, 8, 251.59
1735031229, 18, 16, 72, 2, 0, 0.06%, 10, 0, 8, 246.45
1735031234, 18, 20, 72, 2, 0, 0.06%, 10, 0, 8, 246.07
1735031239, 18, 26, 72, 2, 0, 0.06%, 10, 0, 8, 253.19
1735031244, 18, 27, 72, 2, 0, 0.06%, 10, 0, 8, 255.84
1735031249, 18, 34, 72, 2, 0, 0.06%, 10, 0, 8, 309.29
1735031280, 18, 43, 72, 1, 0, 0.06%, 10, 0, 8, 270.66
1735031285, 18, 48, 72, 1, 0, 0.06%, 10, 0, 8, 262.76
1735031290, 18, 50, 72, 1, 0, 0.06%, 10, 0, 8, 274.98
1735031295, 18, 67, 72, 1, 0, 0.06%, 10, 0, 8, 300.06
1735031305, 18, 68, 72, 1, 0, 0.06%, 10, 0, 8, 266.08
1735031315, 19, 10, 72, 1, 0, 0.06%, 10, 0, 8, 248.23
1735031320, 19, 13, 72, 1, 0, 0.06%, 10, 0, 8, 232.83
1735031325, 19, 15, 72, 1, 0, 0.06%, 10, 0, 8, 245.50
1735031331, 19, 16, 72, 1, 0, 0.06%, 10, 0, 8, 246.16
1735031336, 19, 20, 72, 1, 0, 0.06%, 10, 0, 8, 250.71
1735031341, 19, 26, 72, 1, 0, 0.06%, 10, 0, 8, 259.76
1735031346, 19, 27, 72, 1, 0, 0.06%, 10, 0, 8, 261.95
1735031351, 19, 31, 72, 1, 0, 0.06%, 10, 0, 8, 281.98
1735031356, 19, 53, 72, 1, 0, 0.06%, 10, 0, 8, 284.75
1735031361, 19, 54, 72, 1, 0, 0.06%, 10, 0, 8, 264.22
1735031371, 19, 59, 72, 1, 0, 0.06%, 10, 0, 8, 252.36
1735031376, 19, 60, 72, 1, 0, 0.06%, 10, 0, 8, 274.13
1735031386, 20, 11, 72, 1, 0, 0.06%, 10, 0, 8, 245.13
1735031391, 20, 14, 72, 1, 0, 0.06%, 10, 0, 8, 245.41
1735031397, 20, 16, 72, 1, 0, 0.06%, 10, 0, 8, 240.11
1735031402, 20, 20, 72, 1, 0, 0.06%, 10, 0, 8, 256.86
1735031412, 20, 26, 72, 1, 0, 0.06%, 10, 0, 8, 259.75
1735031417, 20, 27, 72, 1, 0, 0.06%, 10, 0, 8, 251.14
1735031422, 20, 55, 72, 1, 0, 0.06%, 10, 0, 8, 276.77
1735031432, 21, 11, 72, 1, 0, 0.06%, 10, 0, 8, 243.60
1735031437, 21, 14, 72, 1, 0, 0.06%, 10, 0, 8, 245.68
1735031442, 21, 16, 72, 1, 0, 0.06%, 10, 0, 8, 253.87
1735031447, 21, 17, 72, 1, 0, 0.06%, 10, 0, 8, 257.90
1735031457, 21, 20, 72, 1, 0, 0.06%, 10, 0, 8, 244.93
1735031462, 21, 26, 72, 1, 0, 0.06%, 10, 0, 8, 244.69
1735031468, 21, 27, 72, 1, 0, 0.06%, 10, 0, 8, 263.87
1735031473, 21, 57, 72, 1, 0, 0.06%, 10, 0, 8, 200.12
1735032375, 21, 59, 72, 0, 0, 0.06%, 10, 0, 8, 263.75
1735032380, 22, 10, 72, 0, 0, 0.06%, 10, 0, 8, 239.10
1735032385, 22, 13, 72, 0, 0, 0.06%, 10, 0, 8, 249.17
1735032390, 22, 15, 72, 0, 0, 0.06%, 10, 0, 8, 255.53
1735032395, 22, 16, 72, 0, 0, 0.06%, 10, 0, 8, 239.17
1735032400, 22, 19, 72, 0, 0, 0.06%, 10, 0, 8, 243.56
1735032405, 22, 20, 72, 0, 0, 0.06%, 10, 0, 8, 248.89
1735032411, 22, 25, 72, 0, 0, 0.06%, 10, 0, 8, 269.70
1735032416, 22, 26, 72, 0, 0, 0.06%, 10, 0, 8, 255.58
1735032421, 22, 27, 72, 0, 0, 0.06%, 10, 0, 8, 254.85
1735032426, 22, 49, 72, 0, 0, 0.06%, 10, 0, 8, 267.72
1735032431, 22, 62, 72, 0, 0, 0.06%, 10, 0, 8, 268.74
1735032446, 23, 11, 72, 0, 0, 0.06%, 10, 0, 8, 261.69
1735032451, 23, 13, 72, 0, 0, 0.06%, 10, 0, 8, 267.19
1735032456, 23, 15, 72, 0, 0, 0.06%, 10, 0, 8, 255.09
1735032461, 23, 16, 72, 0, 0, 0.06%, 10, 0, 8, 258.68
1735032466, 23, 20, 72, 0, 0, 0.06%, 10, 0, 8, 248.58
1735032471, 23, 26, 72, 0, 0, 0.06%, 10, 0, 8, 256.91
1735032476, 23, 27, 72, 0, 0, 0.06%, 10, 0, 8, 257.33
1735032481, 23, 30, 72, 0, 0, 0.06%, 10, 0, 8, 279.84
1735032486, 23, 32, 72, 0, 0, 0.06%, 10, 0, 8, 260.18
1735032492, 23, 34, 72, 0, 0, 0.06%, 10, 0, 8, 258.03
1735032497, 23, 48, 72, 0, 0, 0.06%, 10, 0, 8, 262.45
1735032507, 24, 11, 72, 0, 0, 0.06%, 10, 0, 8, 247.00
1735032512, 24, 14, 72, 0, 0, 0.06%, 10, 0, 8, 258.41
1735032517, 24, 16, 72, 0, 0, 0.06%, 10, 0, 8, 242.00
1735032522, 24, 20, 72, 0, 0, 0.06%, 10, 0, 8, 254.63
1735032527, 24, 26, 72, 0, 0, 0.06%, 10, 0, 8, 258.17
1735032532, 24, 27, 72, 0, 0, 0.06%, 10, 0, 8, 259.95
1735032537, 24, 34, 72, 0, 0, 0.06%, 10, 0, 8, 258.90
1735032547, 25, 11, 72, 0, 0, 0.06%, 10, 0, 8, 244.10
1735032553, 25, 14, 72, 0, 0, 0.06%, 10, 0, 8, 242.79
1735032558, 25, 16, 72, 0, 0, 0.06%, 10, 0, 8, 254.20
1735032568, 25, 20, 72, 0, 0, 0.06%, 10, 0, 8, 262.05
1735032573, 25, 26, 72, 0, 0, 0.06%, 10, 0, 8, 249.80
1735032578, 25, 27, 72, 0, 0, 0.06%, 10, 0, 8, 250.46
1735032583, 26, 11, 72, 0, 0, 0.06%, 10, 0, 8, 251.34
1735032588, 26, 14, 72, 0, 0, 0.06%, 10, 0, 8, 253.87
1735032593, 26, 16, 72, 0, 0, 0.06%, 10, 0, 8, 246.49
1735032599, 26, 20, 72, 0, 0, 0.06%, 10, 0, 8, 255.51
1735032609, 26, 26, 72, 0, 0, 0.06%, 10, 0, 8, 249.47
1735032614, 26, 27, 72, 0, 0, 0.06%, 10, 0, 8, 256.30
1735032619, 26, 35, 72, 0, 0, 0.06%, 10, 0, 8, 259.35
1735032624, 26, 42, 72, 0, 0, 0.06%, 10, 0, 8, 265.16
1735032629, 27, 10, 72, 0, 0, 0.06%, 10, 0, 8, 260.38
1735032634, 27, 13, 72, 0, 0, 0.06%, 10, 0, 8, 255.67
1735032639, 27, 15, 72, 0, 0, 0.06%, 10, 0, 8, 250.53
1735032644, 27, 16, 72, 0, 0, 0.06%, 10, 0, 8, 249.11
1735032649, 27, 20, 72, 0, 0, 0.06%, 10, 0, 8, 249.66
1735032654, 27, 26, 72, 0, 0, 0.06%, 10, 0, 8, 251.20
1735032659, 27, 27, 72, 0, 0, 0.06%, 10, 0, 8, 255.54
1735032665, 27, 31, 72, 0, 0, 0.06%, 10, 0, 8, 252.94
1735032675, 27, 33, 72, 0, 0, 0.06%, 10, 0, 8, 262.33
1735032680, 27, 53, 72, 0, 0, 0.06%, 10, 0, 8, 271.88
1735032685, 27, 59, 72, 0, 0, 0.06%, 10, 0, 8, 264.05
1735032690, 28, 11, 72, 0, 0, 0.06%, 10, 0, 8, 258.38
1735032695, 28, 14, 72, 0, 0, 0.06%, 10, 0, 8, 242.55
1735032700, 28, 16, 72, 0, 0, 0.06%, 10, 0, 8, 252.55
1735032705, 28, 20, 72, 0, 0, 0.06%, 10, 0, 8, 249.08
1735032715, 28, 26, 72, 0, 0, 0.06%, 10, 0, 8, 261.38
1735032720, 28, 27, 72, 0, 0, 0.06%, 10, 0, 8, 263.04
1735032725, 29, 11, 72, 0, 0, 0.06%, 10, 0, 8, 250.23
1735032730, 29, 14, 72, 0, 0, 0.06%, 10, 0, 8, 250.01
1735032736, 29, 16, 72, 0, 0, 0.06%, 10, 0, 8, 255.52
1735032741, 29, 18, 72, 0, 0, 0.06%, 10, 0, 8, 262.06
1735032746, 29, 20, 72, 0, 0, 0.06%, 10, 0, 8, 258.61
1735032756, 29, 26, 72, 0, 0, 0.06%, 10, 0, 8, 279.62
1735032761, 29, 27, 72, 0, 0, 0.06%, 10, 0, 8, 261.07
1735032766, 29, 42, 72, 0, 0, 0.06%, 10, 0, 8, 267.26
1735032771, 30, 10, 72, 0, 0, 0.06%, 10, 0, 8, 259.13
1735032776, 30, 13, 72, 0, 0, 0.06%, 10, 0, 8, 249.41
1735032781, 30, 15, 72, 0, 0, 0.06%, 10, 0, 8, 250.46
1735032786, 30, 16, 72, 0, 0, 0.06%, 10, 0, 8, 257.73
1735032791, 30, 18, 72, 0, 0, 0.06%, 10, 0, 8, 265.25
1735032797, 30, 20, 72, 0, 0, 0.06%, 10, 0, 8, 265.41
1735032802, 30, 25, 72, 0, 0, 0.06%, 10, 0, 8, 271.55
1735032807, 30, 26, 72, 0, 0, 0.06%, 10, 0, 8, 253.91
1735032812, 30, 27, 72, 0, 0, 0.06%, 10, 0, 8, 263.63
1735032817, 30, 41, 72, 0, 0, 0.06%, 10, 0, 8, 269.19
1735032822, 30, 45, 72, 0, 0, 0.06%, 10, 0, 8, 264.83
1735032827, 30, 51, 72, 0, 0, 0.06%, 10, 0, 8, 286.73
1735032832, 31, 6, 72, 0, 0, 0.06%, 10, 0, 8, 273.40
1735032837, 31, 11, 72, 0, 0, 0.06%, 10, 0, 8, 241.74
1735032842, 31, 13, 72, 0, 0, 0.06%, 10, 0, 8, 250.23
1735032848, 31, 14, 72, 0, 0, 0.06%, 10, 0, 8, 239.12
1735032853, 31, 16, 72, 0, 0, 0.06%, 10, 0, 8, 234.25
1735032858, 31, 20, 72, 0, 0, 0.06%, 10, 0, 8, 233.52
1735032863, 31, 26, 72, 0, 0, 0.06%, 10, 0, 8, 255.97
1735032868, 31, 27, 72, 0, 0, 0.06%, 10, 0, 8, 258.59
1735032878, 31, 29, 72, 0, 0, 0.06%, 10, 0, 8, 266.79
1735032883, 31, 32, 72, 0, 0, 0.06%, 10, 0, 8, 240.99
1735032888, 31, 45, 72, 0, 0, 0.06%, 10, 0, 8, 257.41
1735032893, 31, 47, 72, 0, 0, 0.06%, 10, 0, 8, 259.49
1735032898, 31, 63, 72, 0, 0, 0.06%, 10, 0, 8, 261.72
1735032908, 31, 65, 72, 0, 0, 0.06%, 10, 0, 8, 281.13
1735032919, 32, 10, 72, 0, 0, 0.06%, 10, 0, 8, 279.48
1735032924, 32, 13, 72, 0, 0, 0.06%, 10, 0, 8, 252.20
1735032929, 32, 15, 72, 0, 0, 0.06%, 10, 0, 8, 244.94
1735032934, 32, 16, 72, 0, 0, 0.06%, 10, 0, 8, 247.55
1735032939, 32, 20, 72, 0, 0, 0.06%, 10, 0, 8, 251.55
1735032944, 32, 23, 72, 0, 0, 0.06%, 10, 0, 8, 262.00
1735032949, 32, 26, 72, 0, 0, 0.06%, 10, 0, 8, 257.43
1735032954, 32, 27, 72, 0, 0, 0.06%, 10, 0, 8, 249.99
1735032964, 33, 11, 72, 0, 0, 0.06%, 10, 0, 8, 244.07
1735032969, 33, 14, 72, 0, 0, 0.06%, 10, 0, 8, 249.24
1735032974, 33, 15, 72, 0, 0, 0.06%, 10, 0, 8, 252.02
1735032980, 33, 16, 72, 0, 0, 0.06%, 10, 0, 8, 259.35
1735032985, 33, 20, 72, 0, 0, 0.06%, 10, 0, 8, 262.99
1735032990, 33, 26, 72, 0, 0, 0.06%, 10, 0, 8, 263.03
1735032995, 33, 27, 72, 0, 0, 0.06%, 10, 0, 8, 266.02
1735033000, 33, 51, 72, 0, 0, 0.06%, 10, 0, 8, 285.56
1735033005, 34, 10, 72, 0, 0, 0.06%, 10, 0, 8, 266.96
1735033010, 34, 13, 72, 0, 0, 0.06%, 10, 0, 8, 256.77
1735033015, 34, 15, 72, 0, 0, 0.06%, 10, 0, 8, 256.52
1735033020, 34, 16, 72, 0, 0, 0.06%, 10, 0, 8, 253.11
1735033025, 34, 19, 72, 0, 0, 0.06%, 10, 0, 8, 257.37
1735033030, 34, 20, 72, 0, 0, 0.06%, 10, 0, 8, 256.62
1735033035, 34, 24, 72, 0, 0, 0.06%, 10, 0, 8, 271.12
1735033040, 34, 26, 72, 0, 0, 0.06%, 10, 0, 8, 266.04
1735033045, 34, 27, 72, 0, 0, 0.06%, 10, 0, 8, 253.22
1735033050, 34, 70, 72, 0, 0, 0.06%, 10, 0, 8, 271.97
1735033080, 34, 71, 72, 0, 0, 0.06%, 10, 0, 8, 309.21
1735033111, 35, 10, 72, 0, 0, 0.06%, 10, 0, 8, 262.88
1735033116, 35, 13, 72, 0, 0, 0.06%, 10, 0, 8, 251.59
1735033121, 35, 15, 72, 0, 0, 0.06%, 10, 0, 8, 237.65
1735033126, 35, 16, 72, 0, 0, 0.06%, 10, 0, 8, 257.37
1735033131, 35, 20, 72, 0, 0, 0.06%, 10, 0, 8, 252.74
1735033136, 35, 26, 72, 0, 0, 0.06%, 10, 0, 8, 241.22
1735033141, 35, 27, 72, 0, 0, 0.06%, 10, 0, 8, 249.34
1735033146, 35, 56, 72, 0, 0, 0.06%, 10, 0, 8, 272.06
1735033156, 35, 62, 72, 0, 0, 0.06%, 10, 0, 8, 271.98
1735033167, 36, 10, 72, 0, 0, 0.06%, 10, 0, 8, 250.84
1735033172, 36, 13, 72, 0, 0, 0.06%, 10, 0, 8, 240.51
1735033177, 36, 15, 72, 0, 0, 0.06%, 10, 0, 8, 241.86
1735033182, 36, 16, 72, 0, 0, 0.06%, 10, 0, 8, 240.81
1735033187, 36, 20, 72, 0, 0, 0.06%, 10, 0, 8, 239.74
1735033192, 36, 26, 72, 0, 0, 0.06%, 10, 0, 8, 260.49
1735033197, 36, 27, 72, 0, 0, 0.06%, 10, 0, 8, 251.20
1735033202, 36, 52, 72, 0, 0, 0.06%, 10, 0, 8, 259.34
1735033207, 37, 10, 72, 0, 0, 0.06%, 10, 0, 8, 271.80
1735033212, 37, 13, 72, 0, 0, 0.06%, 10, 0, 8, 264.01
1735033217, 37, 14, 72, 0, 0, 0.06%, 10, 0, 8, 252.07
1735033222, 37, 16, 72, 0, 0, 0.06%, 10, 0, 8, 243.43
1735033227, 37, 17, 72, 0, 0, 0.06%, 10, 0, 8, 263.48
1735033232, 37, 20, 72, 0, 0, 0.06%, 10, 0, 8, 252.62
1735033237, 37, 26, 72, 0, 0, 0.06%, 10, 0, 8, 265.29
1735033248, 37, 27, 72, 0, 0, 0.06%, 10, 0, 8, 248.71
1735033253, 37, 38, 72, 0, 0, 0.06%, 10, 0, 8, 263.14
1735033258, 37, 50, 72, 0, 0, 0.06%, 10, 0, 8, 286.94
1735033263, 37, 57, 72, 0, 0, 0.06%, 10, 0, 8, 307.17
1735033273, 37, 58, 72, 0, 0, 0.06%, 10, 0, 8, 262.05
1735033278, 38, 11, 72, 0, 0, 0.06%, 10, 0, 8, 244.75
1735033283, 38, 14, 72, 0, 0, 0.06%, 10, 0, 8, 249.75
1735033288, 38, 16, 72, 0, 0, 0.06%, 10, 0, 8, 256.99
1735033299, 38, 20, 72, 0, 0, 0.06%, 10, 0, 8, 277.68
1735033304, 38, 26, 72, 0, 0, 0.06%, 10, 0, 8, 266.65
1735033309, 38, 27, 72, 0, 0, 0.06%, 10, 0, 8, 242.38
1735033314, 38, 29, 72, 0, 0, 0.06%, 10, 0, 8, 252.53
1735033319, 38, 31, 72, 0, 0, 0.06%, 10, 0, 8, 252.96
1735033324, 38, 34, 72, 0, 0, 0.06%, 10, 0, 8, 257.65
1735033329, 38, 62, 72, 0, 0, 0.06%, 10, 0, 8, 258.03
1735033334, 38, 63, 72, 0, 0, 0.06%, 10, 0, 8, 255.99
1735033339, 39, 0, 72, 0, 0, 0.06%, 10, 0, 8, 267.32
1735033344, 39, 11, 72, 0, 0, 0.06%, 10, 0, 8, 249.98
1735033349, 39, 14, 72, 0, 0, 0.06%, 10, 0, 8, 239.44
1735033354, 39, 16, 72, 0, 0, 0.06%, 10, 0, 8, 244.82
1735033359, 39, 20, 72, 0, 0, 0.06%, 10, 0, 8, 255.87
1735033364, 39, 26, 72, 0, 0, 0.06%, 10, 0, 8, 262.91
1735033375, 39, 27, 72, 0, 0, 0.06%, 10, 0, 8, 259.59
1735033380, 39, 31, 72, 0, 0, 0.06%, 10, 0, 8, 251.33
1735033385, 40, 11, 72, 0, 0, 0.06%, 10, 0, 8, 248.53
1735033390, 40, 13, 72, 0, 0, 0.06%, 10, 0, 8, 258.32
1735033395, 40, 15, 72, 0, 0, 0.06%, 10, 0, 8, 255.72
1735033400, 40, 16, 72, 0, 0, 0.06%, 10, 0, 8, 252.37
1735033405, 40, 20, 72, 0, 0, 0.06%, 10, 0, 8, 248.34
1735033410, 40, 26, 72, 0, 0, 0.06%, 10, 0, 8, 248.31
1735033415, 40, 27, 72, 0, 0, 0.06%, 10, 0, 8, 252.61
1735033420, 40, 46, 72, 0, 0, 0.06%, 10, 0, 8, 279.27
1735033425, 40, 62, 72, 0, 0, 0.06%, 10, 0, 8, 282.31
1735033430, 41, 10, 72, 0, 0, 0.06%, 10, 0, 8, 253.02
1735033436, 41, 13, 72, 0, 0, 0.06%, 10, 0, 8, 234.23
1735033441, 41, 15, 72, 0, 0, 0.06%, 10, 0, 8, 250.39
1735033446, 41, 16, 72, 0, 0, 0.06%, 10, 0, 8, 237.90
1735033451, 41, 20, 72, 0, 0, 0.06%, 10, 0, 8, 243.23
1735033456, 41, 26, 72, 0, 0, 0.06%, 10, 0, 8, 248.40
1735033461, 41, 27, 72, 0, 0, 0.06%, 10, 0, 8, 254.98
1735033472, 41, 30, 72, 0, 0, 0.06%, 10, 0, 8, 272.19
1735033477, 41, 59, 72, 0, 0, 0.06%, 10, 0, 8, 272.48
1735033482, 42, 11, 72, 0, 0, 0.06%, 10, 0, 8, 251.14
1735033487, 42, 14, 72, 0, 0, 0.06%, 10, 0, 8, 255.31
1735033492, 42, 16, 72, 0, 0, 0.06%, 10, 0, 8, 247.90
1735033497, 42, 20, 72, 0, 0, 0.06%, 10, 0, 8, 252.90
1735033502, 42, 26, 72, 0, 0, 0.06%, 10, 0, 8, 273.77
1735033512, 42, 27, 72, 0, 0, 0.06%, 10, 0, 8, 256.94
1735033517, 42, 44, 72, 0, 0, 0.06%, 10, 0, 8, 265.81
1735033522, 42, 62, 72, 0, 0, 0.06%, 10, 0, 8, 267.90
1735033527, 43, 11, 72, 0, 0, 0.06%, 10, 0, 8, 258.94
1735033532, 43, 14, 72, 0, 0, 0.06%, 10, 0, 8, 250.28
1735033538, 43, 16, 72, 0, 0, 0.06%, 10, 0, 8, 251.29
1735033543, 43, 20, 72, 0, 0, 0.06%, 10, 0, 8, 247.45
1735033548, 43, 25, 72, 0, 0, 0.06%, 10, 0, 8, 278.45
1735033558, 43, 26, 72, 0, 0, 0.06%, 10, 0, 8, 265.65
1735033563, 43, 27, 72, 0, 0, 0.06%, 10, 0, 8, 269.12
1735033568, 43, 60, 72, 0, 0, 0.06%, 10, 0, 8, 286.20
1735033578, 44, 11, 72, 0, 0, 0.06%, 10, 0, 8, 243.46
1735033583, 44, 14, 72, 0, 0, 0.06%, 10, 0, 8, 246.35
1735033588, 44, 16, 72, 0, 0, 0.06%, 10, 0, 8, 256.63
1735033593, 44, 20, 72, 0, 0, 0.06%, 10, 0, 8, 253.20
1735033603, 44, 23, 72, 0, 0, 0.06%, 10, 0, 8, 256.40
1735033608, 44, 26, 72, 0, 0, 0.06%, 10, 0, 8, 259.20
1735033614, 44, 27, 72, 0, 0, 0.06%, 10, 0, 8, 243.78
1735033619, 44, 43, 72, 0, 0, 0.06%, 10, 0, 8, 274.32
1735033624, 44, 48, 72, 0, 0, 0.06%, 10, 0, 8, 264.00
1735033629, 44, 52, 72, 0, 0, 0.06%, 10, 0, 8, 282.57
1735033634, 45, 10, 72, 0, 0, 0.06%, 10, 0, 8, 256.89
1735033639, 45, 13, 72, 0, 0, 0.06%, 10, 0, 8, 259.36
1735033644, 45, 15, 72, 0, 0, 0.06%, 10, 0, 8, 252.26
1735033649, 45, 16, 72, 0, 0, 0.06%, 10, 0, 8, 250.21
1735033654, 45, 20, 72, 0, 0, 0.06%, 10, 0, 8, 264.28
1735033659, 45, 25, 72, 0, 0, 0.06%, 10, 0, 8, 282.71
1735033664, 45, 26, 72, 0, 0, 0.06%, 10, 0, 8, 261.54
1735033669, 45, 27, 72, 0, 0, 0.06%, 10, 0, 8, 261.03
1735033674, 45, 36, 72, 0, 0, 0.06%, 10, 0, 8, 246.25
1735033679, 45, 46, 72, 0, 0, 0.06%, 10, 0, 8, 281.15
1735033684, 46, 5, 72, 0, 0, 0.06%, 10, 0, 8, 280.09
1735033689, 46, 10, 72, 0, 0, 0.06%, 10, 0, 8, 254.59
1735033694, 46, 13, 72, 0, 0, 0.06%, 10, 0, 8, 258.44
1735033700, 46, 15, 72, 0, 0, 0.06%, 10, 0, 8, 255.78
1735033705, 46, 16, 72, 0, 0, 0.06%, 10, 0, 8, 250.47
1735033710, 46, 20, 72, 0, 0, 0.06%, 10, 0, 8, 263.10
1735033715, 46, 26, 72, 0, 0, 0.06%, 10, 0, 8, 263.60
1735033720, 46, 27, 72, 0, 0, 0.06%, 10, 0, 8, 256.54
1735033725, 46, 30, 72, 0, 0, 0.06%, 10, 0, 8, 282.18
1735033730, 46, 54, 72, 0, 0, 0.06%, 10, 0, 8, 272.33
1735033735, 47, 10, 72, 0, 0, 0.06%, 10, 0, 8, 258.28
1735033740, 47, 13, 72, 0, 0, 0.06%, 10, 0, 8, 253.87
1735033745, 47, 15, 72, 0, 0, 0.06%, 10, 0, 8, 243.81
1735033750, 47, 16, 72, 0, 0, 0.06%, 10, 0, 8, 246.72
1735033756, 47, 17, 72, 0, 0, 0.06%, 10, 0, 8, 261.10
1735033761, 47, 20, 72, 0, 0, 0.06%, 10, 0, 8, 261.36
1735033766, 47, 26, 72, 0, 0, 0.06%, 10, 0, 8, 254.22
1735033771, 47, 27, 72, 0, 0, 0.06%, 10, 0, 8, 249.87
1735033776, 47, 51, 72, 0, 0, 0.06%, 10, 0, 8, 278.48
1735033781, 48, 10, 72, 0, 0, 0.06%, 10, 0, 8, 265.08
1735033786, 48, 13, 72, 0, 0, 0.06%, 10, 0, 8, 255.29
1735033791, 48, 15, 72, 0, 0, 0.06%, 10, 0, 8, 247.32
1735033796, 48, 16, 72, 0, 0, 0.06%, 10, 0, 8, 245.64
1735033801, 48, 20, 72, 0, 0, 0.06%, 10, 0, 8, 244.16
1735033806, 48, 26, 72, 0, 0, 0.06%, 10, 0, 8, 255.92
1735033811, 48, 27, 72, 0, 0, 0.06%, 10, 0, 8, 256.82
1735033816, 48, 39, 72, 0, 0, 0.06%, 10, 0, 8, 251.89
1735033821, 48, 43, 72, 0, 0, 0.06%, 10, 0, 8, 258.22
1735033826, 49, 10, 72, 0, 0, 0.06%, 10, 0, 8, 278.17
1735033831, 49, 13, 72, 0, 0, 0.06%, 10, 0, 8, 248.41
1735033836, 49, 15, 72, 0, 0, 0.06%, 10, 0, 8, 252.01
1735033841, 49, 16, 72, 0, 0, 0.06%, 10, 0, 8, 243.08
1735033846, 49, 20, 72, 0, 0, 0.06%, 10, 0, 8, 251.01
1735033852, 49, 26, 72, 0, 0, 0.06%, 10, 0, 8, 248.06
1735033857, 49, 27, 72, 0, 0, 0.06%, 10, 0, 8, 257.66
1735033862, 49, 43, 72, 0, 0, 0.06%, 10, 0, 8, 268.45
1735033872, 49, 46, 72, 0, 0, 0.06%, 10, 0, 8, 286.66
1735033877, 49, 48, 72, 0, 0, 0.06%, 10, 0, 8, 284.60
1735033882, 49, 49, 73, 1, 0, 0.06%, 10, 0, 8, 286.21
1735033887, 49, 55, 73, 1, 0, 0.06%, 10, 0, 8, 277.78
1735033892, 49, 63, 73, 1, 0, 0.06%, 10, 0, 8, 279.50
1735033897, 49, 68, 73, 1, 0, 0.06%, 10, 0, 8, 279.28
1735033907, 49, 71, 73, 1, 0, 0.06%, 10, 0, 8, 296.22
1735033937, 50, 10, 73, 1, 0, 0.06%, 10, 0, 8, 265.68
1735033942, 50, 12, 73, 1, 0, 0.06%, 10, 0, 8, 243.41
1735033947, 50, 13, 73, 1, 0, 0.06%, 10, 0, 8, 246.48
1735033953, 50, 15, 73, 1, 0, 0.06%, 10, 0, 8, 251.30
1735033958, 50, 16, 73, 1, 0, 0.06%, 10, 0, 8, 248.91
1735033963, 50, 20, 73, 1, 0, 0.06%, 10, 0, 8, 260.99
1735033968, 50, 26, 73, 1, 0, 0.06%, 10, 0, 8, 246.95
1735033973, 50, 27, 73, 1, 0, 0.06%, 10, 0, 8, 255.65
1735033978, 50, 34, 73, 1, 0, 0.06%, 10, 0, 8, 264.58
1735033983, 50, 40, 73, 1, 0, 0.06%, 10, 0, 8, 265.27
1735033988, 50, 47, 73, 1, 0, 0.06%, 10, 0, 8, 259.09
1735033993, 50, 72, 74, 2, 0, 0.06%, 10, 0, 8, 275.38
1735034120, 51, 11, 74, 1, 0, 0.06%, 10, 0, 8, 265.12
1735034125, 51, 14, 74, 1, 0, 0.06%, 10, 0, 8, 243.36
1735034130, 51, 16, 74, 1, 0, 0.06%, 10, 0, 8, 257.40
1735034141, 51, 20, 74, 1, 0, 0.06%, 10, 0, 8, 269.56
1735034146, 51, 22, 74, 1, 0, 0.06%, 10, 0, 8, 254.95
1735034151, 51, 26, 74, 1, 0, 0.06%, 10, 0, 8, 248.19
1735034156, 51, 27, 74, 1, 0, 0.06%, 10, 0, 8, 249.24
1735034161, 51, 37, 74, 1, 0, 0.06%, 10, 0, 8, 263.27
1735034166, 51, 47, 74, 1, 0, 0.06%, 10, 0, 8, 262.82
1735034171, 51, 66, 74, 1, 0, 0.06%, 10, 0, 8, 293.77
1735034181, 52, 3, 74, 1, 0, 0.06%, 10, 0, 8, 259.21
1735034186, 52, 11, 74, 1, 0, 0.06%, 10, 0, 8, 244.61
1735034191, 52, 14, 74, 1, 0, 0.06%, 10, 0, 8, 249.32
1735034196, 52, 16, 74, 1, 0, 0.06%, 10, 0, 8, 249.38
1735034201, 52, 20, 74, 1, 0, 0.06%, 10, 0, 8, 250.56
1735034206, 52, 26, 74, 1, 0, 0.06%, 10, 0, 8, 260.74
1735034212, 52, 27, 74, 1, 0, 0.06%, 10, 0, 8, 272.61
1735034222, 52, 33, 74, 1, 0, 0.06%, 10, 0, 8, 264.92
1735034227, 52, 36, 74, 1, 0, 0.06%, 10, 0, 8, 250.53
1735034232, 52, 60, 74, 1, 0, 0.06%, 10, 0, 8, 261.23
1735034237, 52, 61, 74, 1, 0, 0.06%, 10, 0, 8, 276.90
1735034247, 53, 11, 74, 1, 0, 0.06%, 10, 0, 8, 262.76
1735034252, 53, 13, 74, 1, 0, 0.06%, 10, 0, 8, 265.93
1735034257, 53, 15, 74, 1, 0, 0.06%, 10, 0, 8, 269.41
1735034262, 53, 16, 74, 1, 0, 0.06%, 10, 0, 8, 258.47
1735034267, 53, 20, 74, 1, 0, 0.06%, 10, 0, 8, 245.88
1735034272, 53, 26, 74, 1, 0, 0.06%, 10, 0, 8, 251.84
1735034277, 53, 27, 74, 1, 0, 0.06%, 10, 0, 8, 263.23
1735034282, 53, 59, 74, 1, 0, 0.06%, 10, 0, 8, 271.08
1735034287, 53, 61, 74, 1, 0, 0.06%, 10, 0, 8, 276.05
1735034292, 54, 10, 74, 1, 0, 0.06%, 10, 0, 8, 257.79
1735034297, 54, 13, 74, 1, 0, 0.06%, 10, 0, 8, 244.32
1735034302, 54, 15, 74, 1, 0, 0.06%, 10, 0, 8, 246.52
1735034308, 54, 16, 74, 1, 0, 0.06%, 10, 0, 8, 256.78
1735034313, 54, 20, 74, 1, 0, 0.06%, 10, 0, 8, 256.14
1735034318, 54, 26, 74, 1, 0, 0.06%, 10, 0, 8, 266.63
1735034323, 54, 27, 74, 1, 0, 0.06%, 10, 0, 8, 253.64
1735034328, 54, 28, 74, 1, 0, 0.06%, 10, 0, 8, 256.42
1735034333, 54, 35, 74, 1, 0, 0.06%, 10, 0, 8, 258.82
1735034338, 54, 66, 74, 1, 0, 0.06%, 10, 0, 8, 263.14
1735034354, 54, 73, 74, 1, 0, 0.06%, 10, 0, 8, 360.85
1735034496, 55, 10, 74, 0, 0, 0.06%, 10, 0, 8, 252.47
1735034502, 55, 13, 74, 0, 0, 0.06%, 10, 0, 8, 254.49
1735034507, 55, 15, 74, 0, 0, 0.06%, 10, 0, 8, 250.15
1735034512, 55, 16, 74, 0, 0, 0.06%, 10, 0, 8, 250.83
1735034517, 55, 18, 74, 0, 0, 0.06%, 10, 0, 8, 256.77
1735034522, 55, 20, 74, 0, 0, 0.06%, 10, 0, 8, 258.43
1735034527, 55, 26, 74, 0, 0, 0.06%, 10, 0, 8, 248.71
1735034532, 55, 27, 74, 0, 0, 0.06%, 10, 0, 8, 263.22
1735034537, 55, 30, 74, 0, 0, 0.06%, 10, 0, 8, 274.88
1735034542, 55, 31, 74, 0, 0, 0.06%, 10, 0, 8, 276.96
1735034547, 55, 56, 74, 0, 0, 0.06%, 10, 0, 8, 275.63
1735034557, 55, 67, 74, 0, 0, 0.06%, 10, 0, 8, 300.69
1735034567, 56, 10, 74, 0, 0, 0.06%, 10, 0, 8, 260.69
1735034572, 56, 13, 74, 0, 0, 0.06%, 10, 0, 8, 256.80
1735034577, 56, 15, 74, 0, 0, 0.06%, 10, 0, 8, 243.15
1735034582, 56, 16, 74, 0, 0, 0.06%, 10, 0, 8, 249.75
1735034588, 56, 20, 74, 0, 0, 0.06%, 10, 0, 8, 256.97
1735034593, 56, 26, 74, 0, 0, 0.06%, 10, 0, 8, 249.63
1735034598, 56, 27, 74, 0, 0, 0.06%, 10, 0, 8, 250.30
1735034603, 56, 31, 74, 0, 0, 0.06%, 10, 0, 8, 258.37
1735034608, 56, 44, 74, 0, 0, 0.06%, 10, 0, 8, 256.19
1735034613, 56, 53, 74, 0, 0, 0.06%, 10, 0, 8, 254.27
1735034618, 56, 58, 74, 0, 0, 0.06%, 10, 0, 8, 269.87
1735034624, 56, 59, 74, 0, 0, 0.06%, 10, 0, 8, 251.58
1735034629, 56, 70, 74, 0, 0, 0.06%, 10, 0, 8, 272.06
1735034644, 57, 10, 74, 0, 0, 0.06%, 10, 0, 8, 259.03
1735034649, 57, 13, 74, 0, 0, 0.06%, 10, 0, 8, 250.86
1735034654, 57, 14, 74, 0, 0, 0.06%, 10, 0, 8, 255.70
1735034659, 57, 16, 74, 0, 0, 0.06%, 10, 0, 8, 245.42
1735034664, 57, 19, 74, 0, 0, 0.06%, 10, 0, 8, 246.58
1735034669, 57, 20, 74, 0, 0, 0.06%, 10, 0, 8, 256.40
1735034674, 57, 26, 74, 0, 0, 0.06%, 10, 0, 8, 253.41
1735034684, 57, 27, 74, 0, 0, 0.06%, 10, 0, 8, 261.88
1735034689, 57, 33, 74, 0, 0, 0.06%, 10, 0, 8, 270.10
1735034694, 57, 51, 75, 1, 0, 0.06%, 10, 0, 8, 288.92
1735034700, 57, 70, 75, 1, 0, 0.06%, 10, 0, 8, 283.66
1735034710, 58, 11, 75, 1, 0, 0.06%, 10, 0, 8, 252.30
1735034715, 58, 14, 75, 1, 0, 0.06%, 10, 0, 8, 245.15
1735034720, 58, 16, 75, 1, 0, 0.06%, 10, 0, 8, 240.46
1735034725, 58, 17, 75, 1, 0, 0.06%, 10, 0, 8, 249.97
1735034730, 58, 20, 75, 1, 0, 0.06%, 10, 0, 8, 247.28
1735034740, 58, 26, 75, 1, 0, 0.06%, 10, 0, 8, 263.81
1735034745, 58, 27, 75, 1, 0, 0.06%, 10, 0, 8, 265.05
1735034751, 58, 45, 75, 1, 0, 0.06%, 10, 0, 8, 264.03
1735034756, 59, 11, 75, 1, 0, 0.06%, 10, 0, 8, 250.54
1735034761, 59, 14, 75, 1, 0, 0.06%, 10, 0, 8, 253.70
1735034766, 59, 16, 75, 1, 0, 0.06%, 10, 0, 8, 266.05
1735034776, 59, 17, 75, 1, 0, 0.06%, 10, 0, 8, 242.70
1735034781, 59, 18, 75, 1, 0, 0.06%, 10, 0, 8, 252.58
1735034786, 59, 20, 75, 1, 0, 0.06%, 10, 0, 8, 266.67
1735034791, 59, 26, 75, 1, 0, 0.06%, 10, 0, 8, 262.28
1735034796, 59, 27, 75, 1, 0, 0.06%, 10, 0, 8, 260.78
1735034801, 59, 54, 75, 1, 0, 0.06%, 10, 0, 8, 272.51
1735034806, 59, 55, 75, 1, 0, 0.06%, 10, 0, 8, 276.42
1735034811, 59, 65, 75, 1, 0, 0.06%, 10, 0, 8, 278.99
1735034821, 59, 74, 75, 1, 0, 0.06%, 10, 0, 8, 349.42
1735034832, 59, 74, 76, 2, 0, 0.06%, 10, 0, 9, 449.24
1735034959, 60, 10, 76, 1, 0, 0.06%, 10, 0, 9, 267.37
1735034964, 60, 13, 76, 1, 0, 0.06%, 10, 0, 9, 251.59
1735034969, 60, 15, 76, 1, 0, 0.06%, 10, 0, 9, 251.65
1735034974, 60, 16, 76, 1, 0, 0.06%, 10, 0, 9, 250.11
1735034979, 60, 20, 76, 1, 0, 0.06%, 10, 0, 9, 257.59
1735034984, 60, 26, 76, 1, 0, 0.06%, 10, 0, 9, 273.03
1735034989, 60, 27, 76, 1, 0, 0.06%, 10, 0, 9, 275.10
1735034994, 60, 29, 76, 1, 0, 0.06%, 10, 0, 9, 272.52
1735034999, 60, 65, 76, 1, 0, 0.06%, 10, 0, 9, 277.90
1735035004, 60, 75, 76, 1, 0, 0.06%, 10, 0, 9, 271.15
1735035147, 61, 11, 76, 0, 0, 0.06%, 10, 0, 9, 256.50
1735035152, 61, 14, 76, 0, 0, 0.06%, 10, 0, 9, 255.03
1735035157, 61, 16, 76, 0, 0, 0.06%, 10, 0, 9, 253.30
1735035162, 61, 20, 76, 0, 0, 0.06%, 10, 0, 9, 252.40
1735035172, 61, 26, 76, 0, 0, 0.06%, 10, 0, 9, 261.31
1735035177, 61, 27, 76, 0, 0, 0.06%, 10, 0, 9, 261.65
1735035182, 61, 51, 76, 0, 0, 0.06%, 10, 0, 9, 272.27
1735035187, 61, 54, 76, 0, 0, 0.06%, 10, 0, 9, 273.75
1735035192, 61, 63, 76, 0, 0, 0.06%, 10, 0, 9, 268.63
1735035197, 61, 64, 76, 0, 0, 0.06%, 10, 0, 9, 309.86
1735035207, 62, 11, 76, 0, 0, 0.06%, 10, 0, 9, 260.43
1735035212, 62, 14, 76, 0, 0, 0.06%, 10, 0, 9, 270.12
1735035217, 62, 16, 76, 0, 0, 0.06%, 10, 0, 9, 252.91
1735035222, 62, 19, 76, 0, 0, 0.06%, 10, 0, 9, 251.22
1735035228, 62, 20, 76, 0, 0, 0.06%, 10, 0, 9, 267.21
1735035238, 62, 26, 76, 0, 0, 0.06%, 10, 0, 9, 259.20
1735035243, 62, 27, 76, 0, 0, 0.06%, 10, 0, 9, 261.11
1735035248, 62, 75, 76, 0, 0, 0.06%, 10, 0, 9, 309.36
1735035279, 63, 11, 76, 0, 0, 0.06%, 10, 0, 9, 266.28
1735035284, 63, 14, 76, 0, 0, 0.06%, 10, 0, 9, 257.26
1735035289, 63, 16, 76, 0, 0, 0.06%, 10, 0, 9, 242.59
1735035294, 63, 20, 76, 0, 0, 0.06%, 10, 0, 9, 247.09
1735035299, 63, 26, 76, 0, 0, 0.06%, 10, 0, 9, 254.10
1735035304, 63, 27, 76, 0, 0, 0.06%, 10, 0, 9, 262.15
1735035314, 63, 29, 76, 0, 0, 0.06%, 10, 0, 9, 277.62
1735035319, 63, 61, 76, 0, 0, 0.06%, 10, 0, 9, 288.07
1735035324, 64, 13, 76, 0, 0, 0.06%, 10, 0, 9, 261.85
1735035329, 64, 14, 76, 0, 0, 0.06%, 10, 0, 9, 254.95
1735035334, 64, 16, 76, 0, 0, 0.06%, 10, 0, 9, 235.94
1735035340, 64, 20, 76, 0, 0, 0.06%, 10, 0, 9, 254.26
1735035345, 64, 25, 76, 0, 0, 0.06%, 10, 0, 9, 277.87
1735035350, 64, 26, 76, 0, 0, 0.06%, 10, 0, 9, 278.20
1735035355, 64, 27, 76, 0, 0, 0.06%, 10, 0, 9, 265.87
1735035360, 65, 10, 76, 0, 0, 0.06%, 10, 0, 9, 265.87
1735035365, 65, 13, 76, 0, 0, 0.06%, 10, 0, 9, 250.08
1735035370, 65, 15, 76, 0, 0, 0.06%, 10, 0, 9, 255.48
1735035375, 65, 16, 76, 0, 0, 0.06%, 10, 0, 9, 249.62
1735035380, 65, 18, 76, 0, 0, 0.06%, 10, 0, 9, 248.88
1735035385, 65, 20, 76, 0, 0, 0.06%, 10, 0, 9, 249.50
1735035390, 65, 26, 76, 0, 0, 0.06%, 10, 0, 9, 261.90
1735035395, 65, 27, 76, 0, 0, 0.06%, 10, 0, 9, 255.64
1735035400, 65, 55, 76, 0, 0, 0.06%, 10, 0, 9, 276.44
1735035405, 65, 64, 76, 0, 0, 0.06%, 10, 0, 9, 285.60
1735035415, 66, 10, 76, 0, 0, 0.06%, 10, 0, 9, 267.92
1735035420, 66, 13, 76, 0, 0, 0.06%, 10, 0, 9, 255.99
1735035425, 66, 15, 76, 0, 0, 0.06%, 10, 0, 9, 253.53
1735035431, 66, 16, 76, 0, 0, 0.06%, 10, 0, 9, 242.42
1735035436, 66, 20, 76, 0, 0, 0.06%, 10, 0, 9, 244.58
1735035441, 66, 26, 76, 0, 0, 0.06%, 10, 0, 9, 248.50
1735035446, 66, 27, 76, 0, 0, 0.06%, 10, 0, 9, 256.79
1735035451, 66, 70, 76, 0, 0, 0.06%, 10, 0, 9, 274.14
1735035461, 67, 11, 76, 0, 0, 0.06%, 10, 0, 9, 251.54
1735035466, 67, 13, 76, 0, 0, 0.06%, 10, 0, 9, 258.58
1735035471, 67, 14, 76, 0, 0, 0.06%, 10, 0, 9, 255.88
1735035476, 67, 16, 76, 0, 0, 0.06%, 10, 0, 9, 247.42
1735035481, 67, 20, 76, 0, 0, 0.06%, 10, 0, 9, 234.51
1735035486, 67, 24, 76, 0, 0, 0.06%, 10, 0, 9, 260.16
1735035491, 67, 26, 76, 0, 0, 0.06%, 10, 0, 9, 251.76
1735035496, 67, 27, 76, 0, 0, 0.06%, 10, 0, 9, 271.99
1735035507, 67, 43, 76, 0, 0, 0.06%, 10, 0, 9, 277.65
1735035512, 67, 46, 76, 0, 0, 0.06%, 10, 0, 9, 265.83
1735035517, 67, 60, 76, 0, 0, 0.06%, 10, 0, 9, 273.70
1735035522, 67, 68, 76, 0, 0, 0.06%, 10, 0, 9, 262.49
1735035527, 68, 11, 76, 0, 0, 0.06%, 10, 0, 9, 257.99
1735035532, 68, 13, 76, 0, 0, 0.06%, 10, 0, 9, 262.28
1735035537, 68, 15, 76, 0, 0, 0.06%, 10, 0, 9, 241.42
1735035542, 68, 16, 76, 0, 0, 0.06%, 10, 0, 9, 262.51
1735035547, 68, 20, 76, 0, 0, 0.06%, 10, 0, 9, 253.44
1735035552, 68, 26, 76, 0, 0, 0.06%, 10, 0, 9, 255.53
1735035557, 68, 27, 76, 0, 0, 0.06%, 10, 0, 9, 261.07
1735035562, 68, 51, 76, 0, 0, 0.06%, 10, 0, 9, 283.88
1735035568, 68, 60, 76, 0, 0, 0.06%, 10, 0, 9, 282.31
1735035573, 68, 74, 76, 0, 0, 0.06%, 10, 0, 9, 291.87
1735035603, 69, 10, 76, 0, 0, 0.06%, 10, 0, 9, 260.24
1735035608, 69, 13, 76, 0, 0, 0.06%, 10, 0, 9, 245.49
1735035613, 69, 15, 76, 0, 0, 0.06%, 10, 0, 9, 249.22
1735035618, 69, 16, 76, 0, 0, 0.06%, 10, 0, 9, 242.28
1735035623, 69, 20, 76, 0, 0, 0.06%, 10, 0, 9, 246.47
1735035628, 69, 22, 76, 0, 0, 0.06%, 10, 0, 9, 264.05
1735035633, 69, 26, 76, 0, 0, 0.06%, 10, 0, 9, 259.05
1735035639, 69, 27, 76, 0, 0, 0.06%, 10, 0, 9, 270.62
1735035649, 69, 28, 76, 0, 0, 0.06%, 10, 0, 9, 285.90
1735035654, 69, 42, 76, 0, 0, 0.06%, 10, 0, 9, 270.16
1735035659, 69, 50, 76, 0, 0, 0.06%, 10, 0, 9, 287.68
1735035664, 69, 58, 76, 0, 0, 0.06%, 10, 0, 9, 273.94
1735035669, 70, 11, 76, 0, 0, 0.06%, 10, 0, 9, 260.35
1735035674, 70, 14, 76, 0, 0, 0.06%, 10, 0, 9, 247.23
1735035679, 70, 16, 76, 0, 0, 0.06%, 10, 0, 9, 253.85
1735035684, 70, 20, 76, 0, 0, 0.06%, 10, 0, 9, 251.00
1735035689, 70, 25, 76, 0, 0, 0.06%, 10, 0, 9, 257.98
1735035694, 70, 26, 76, 0, 0, 0.06%, 10, 0, 9, 273.31
1735035705, 70, 27, 76, 0, 0, 0.06%, 10, 0, 9, 257.24
1735035710, 70, 37, 76, 0, 0, 0.06%, 10, 0, 9, 268.27
1735035715, 70, 44, 76, 0, 0, 0.06%, 10, 0, 9, 290.18
1735035720, 70, 45, 76, 0, 0, 0.06%, 10, 0, 9, 271.21
1735035725, 70, 50, 76, 0, 0, 0.06%, 10, 0, 9, 289.43
1735035730, 70, 60, 76, 0, 0, 0.06%, 10, 0, 9, 289.02
1735035735, 71, 11, 76, 0, 0, 0.06%, 10, 0, 9, 262.98
1735035740, 71, 14, 76, 0, 0, 0.06%, 10, 0, 9, 255.29
1735035745, 71, 16, 76, 0, 0, 0.06%, 10, 0, 9, 249.34
1735035755, 71, 20, 76, 0, 0, 0.06%, 10, 0, 9, 257.75
1735035760, 71, 26, 76, 0, 0, 0.06%, 10, 0, 9, 263.56
1735035765, 71, 27, 76, 0, 0, 0.06%, 10, 0, 9, 255.02
1735035770, 71, 35, 76, 0, 0, 0.06%, 10, 0, 9, 256.10
1735035775, 71, 46, 76, 0, 0, 0.06%, 10, 0, 9, 287.85
1735035781, 72, 10, 76, 0, 0, 0.06%, 10, 0, 9, 259.61
1735035786, 72, 13, 76, 0, 0, 0.06%, 10, 0, 9, 250.54
1735035791, 72, 15, 76, 0, 0, 0.06%, 10, 0, 9, 251.76
1735035796, 72, 16, 76, 0, 0, 0.06%, 10, 0, 9, 252.22
1735035801, 72, 20, 76, 0, 0, 0.06%, 10, 0, 9, 248.64
1735035806, 72, 26, 76, 0, 0, 0.06%, 10, 0, 9, 256.48
1735035811, 72, 27, 76, 0, 0, 0.06%, 10, 0, 9, 261.37
1735035816, 73, 4, 76, 0, 0, 0.06%, 10, 0, 9, 248.53
1735035821, 73, 11, 76, 0, 0, 0.06%, 10, 0, 9, 256.97
1735035826, 73, 14, 76, 0, 0, 0.06%, 10, 0, 9, 266.24
1735035831, 73, 16, 76, 0, 0, 0.06%, 10, 0, 9, 253.34
1735035837, 73, 20, 76, 0, 0, 0.06%, 10, 0, 9, 253.66
1735035842, 73, 26, 76, 0, 0, 0.06%, 10, 0, 9, 253.34
1735035847, 73, 27, 76, 0, 0, 0.06%, 10, 0, 9, 271.67
1735035852, 73, 59, 76, 0, 0, 0.06%, 10, 0, 9, 254.11
