# unix_time, cycles_done, cur_path, paths_total, pending_total, pending_favs, map_size, unique_crashes, unique_hangs, max_depth, execs_per_sec
1734210032, 0, 0, 10, 10, 1, 0.00%, 0, 0, 1, 150.66
1734210037, 0, 3, 10, 10, 1, 0.00%, 0, 0, 1, 189.69
1734210042, 0, 4, 10, 9, 0, 0.00%, 0, 0, 1, 174.06
1734210052, 0, 5, 10, 8, 0, 0.00%, 0, 0, 1, 188.59
1734210058, 0, 6, 10, 7, 0, 0.00%, 0, 0, 1, 175.66
1734210068, 0, 7, 10, 6, 0, 0.00%, 0, 0, 1, 189.95
1734210073, 0, 8, 10, 5, 0, 0.00%, 0, 0, 1, 184.92
1734210078, 0, 8, 11, 6, 0, 0.05%, 1, 0, 2, 185.30
1734210088, 0, 10, 11, 5, 1, 0.05%, 1, 0, 2, 198.30
1734210093, 0, 10, 12, 6, 1, 0.05%, 2, 0, 3, 203.15
1734210108, 0, 11, 15, 8, 1, 0.06%, 5, 0, 4, 216.35
1734210124, 0, 12, 15, 7, 3, 0.06%, 5, 0, 4, 233.84
1734210134, 0, 12, 16, 8, 3, 0.06%, 6, 0, 5, 201.13
1734210139, 0, 12, 17, 9, 3, 0.06%, 6, 0, 5, 203.71
1734210169, 0, 12, 18, 10, 3, 0.06%, 6, 0, 5, 202.03
1734210185, 0, 12, 19, 11, 3, 0.06%, 7, 0, 5, 199.94
1734210287, 0, 13, 19, 10, 4, 0.06%, 7, 0, 5, 197.13
1734210297, 0, 13, 20, 11, 4, 0.06%, 7, 0, 5, 207.19
1734210323, 0, 13, 21, 12, 4, 0.06%, 8, 0, 5, 201.51
1734210343, 0, 13, 22, 13, 4, 0.06%, 8, 0, 5, 199.32
1734210455, 0, 14, 22, 12, 4, 0.06%, 8, 0, 5, 234.19
1734210475, 0, 15, 24, 13, 3, 0.06%, 9, 0, 6, 211.02
1734210480, 0, 15, 25, 14, 3, 0.06%, 9, 0, 6, 203.95
1734210495, 0, 15, 26, 15, 3, 0.06%, 9, 0, 6, 195.97
1734210536, 0, 20, 26, 14, 3, 0.06%, 9, 0, 6, 213.55
1734210541, 0, 20, 27, 15, 3, 0.06%, 9, 0, 6, 215.60
1734210552, 0, 20, 28, 16, 3, 0.06%, 9, 0, 6, 203.08
1734210567, 0, 20, 29, 17, 3, 0.06%, 9, 0, 6, 202.23
1734210587, 0, 20, 30, 18, 3, 0.06%, 9, 0, 6, 207.27
1734210644, 0, 20, 31, 19, 3, 0.06%, 9, 0, 6, 197.99
1734210664, 0, 22, 31, 18, 2, 0.06%, 9, 0, 6, 216.38
1734210674, 0, 22, 32, 19, 2, 0.06%, 9, 0, 7, 202.41
1734210694, 0, 23, 32, 18, 1, 0.06%, 9, 0, 7, 224.96
1734210709, 1, 2, 32, 17, 0, 0.06%, 9, 0, 7, 187.33
1734210715, 1, 11, 32, 16, 0, 0.06%, 9, 0, 7, 195.35
1734210720, 1, 12, 32, 16, 0, 0.06%, 9, 0, 7, 204.05
1734210725, 1, 14, 32, 16, 0, 0.06%, 9, 0, 7, 202.39
1734210730, 1, 15, 32, 16, 0, 0.06%, 9, 0, 7, 206.64
1734210735, 1, 17, 32, 16, 0, 0.06%, 9, 0, 7, 267.10
1734210750, 1, 19, 32, 15, 0, 0.06%, 9, 0, 7, 276.91
1734210770, 1, 19, 33, 16, 0, 0.06%, 9, 0, 7, 238.20
1734210775, 1, 19, 34, 17, 0, 0.06%, 9, 0, 7, 234.48
1734210811, 1, 20, 34, 16, 0, 0.06%, 9, 0, 7, 229.61
1734210816, 1, 22, 34, 16, 0, 0.06%, 9, 0, 7, 210.61
1734210821, 1, 23, 34, 16, 0, 0.06%, 9, 0, 7, 202.95
1734210826, 1, 24, 34, 16, 0, 0.06%, 9, 0, 7, 242.81
1734210831, 1, 24, 35, 17, 0, 0.06%, 9, 0, 7, 224.38
1734210857, 1, 30, 35, 16, 0, 0.06%, 9, 0, 7, 313.72
1734210872, 2, 11, 35, 15, 0, 0.06%, 9, 0, 7, 279.41
1734210877, 2, 13, 35, 15, 0, 0.06%, 9, 0, 7, 266.68
1734210882, 2, 14, 36, 16, 0, 0.06%, 9, 0, 7, 253.41
1734210887, 2, 14, 37, 17, 0, 0.06%, 9, 0, 7, 258.07
1734210892, 2, 16, 37, 17, 0, 0.06%, 9, 0, 7, 284.09
1734210907, 2, 18, 37, 16, 0, 0.06%, 9, 0, 7, 338.80
1734210913, 2, 18, 38, 17, 0, 0.06%, 9, 0, 7, 300.18
1734210918, 2, 18, 39, 18, 0, 0.06%, 9, 0, 7, 271.13
1734210923, 2, 18, 41, 20, 0, 0.06%, 9, 0, 7, 266.04
1734210928, 2, 18, 42, 21, 0, 0.06%, 9, 0, 7, 272.33
1734211004, 2, 22, 42, 20, 0, 0.06%, 9, 0, 7, 254.24
1734211009, 2, 27, 42, 20, 0, 0.06%, 9, 0, 7, 299.81
1734211019, 2, 27, 43, 21, 0, 0.06%, 9, 0, 7, 386.12
1734211024, 2, 27, 44, 22, 0, 0.06%, 9, 0, 7, 296.89
1734211065, 2, 34, 45, 22, 0, 0.06%, 9, 0, 8, 314.05
1734211075, 2, 34, 46, 23, 0, 0.06%, 9, 0, 8, 270.97
1734211085, 2, 34, 47, 24, 0, 0.06%, 9, 0, 8, 270.38
1734211111, 2, 34, 48, 25, 0, 0.06%, 9, 0, 8, 272.09
1734211116, 2, 34, 49, 26, 0, 0.06%, 9, 0, 8, 276.69
1734211141, 2, 34, 50, 27, 0, 0.06%, 9, 0, 8, 274.26
1734211192, 2, 37, 50, 26, 0, 0.06%, 9, 0, 8, 299.50
1734211213, 2, 40, 50, 25, 0, 0.06%, 9, 0, 8, 290.05
1734211223, 2, 40, 51, 26, 0, 0.06%, 9, 0, 8, 280.82
1734211253, 2, 45, 51, 25, 0, 0.06%, 9, 0, 8, 288.95
1734211279, 3, 11, 51, 24, 0, 0.06%, 9, 0, 8, 242.02
1734211284, 3, 13, 51, 24, 0, 0.06%, 9, 0, 8, 237.18
1734211289, 3, 20, 51, 24, 0, 0.06%, 9, 0, 8, 231.16
1734211294, 3, 23, 51, 24, 0, 0.06%, 9, 0, 8, 236.05
1734211299, 3, 31, 51, 24, 0, 0.06%, 9, 0, 8, 284.30
1734211309, 3, 31, 53, 26, 0, 0.06%, 9, 0, 8, 257.79
1734211314, 3, 31, 54, 27, 0, 0.06%, 9, 0, 8, 263.30
1734211324, 3, 31, 55, 28, 0, 0.06%, 9, 0, 8, 256.81
1734211395, 3, 31, 56, 29, 0, 0.06%, 9, 0, 8, 255.75
1734211426, 3, 32, 56, 28, 0, 0.06%, 9, 0, 8, 306.63
1734211456, 3, 41, 56, 27, 0, 0.06%, 9, 0, 8, 312.52
1734211734, 3, 43, 56, 26, 0, 0.06%, 9, 0, 8, 378.30
1734211744, 3, 43, 57, 27, 0, 0.06%, 9, 0, 8, 321.02
1734211775, 3, 52, 57, 26, 0, 0.06%, 9, 0, 8, 389.97
1734211785, 3, 52, 58, 27, 0, 0.06%, 9, 0, 9, 277.77
1734211815, 3, 52, 59, 28, 0, 0.06%, 9, 0, 9, 272.52
1734211872, 3, 54, 59, 27, 0, 0.06%, 9, 0, 9, 356.65
1734211907, 3, 54, 60, 28, 0, 0.06%, 9, 0, 9, 293.60
1734211928, 3, 55, 60, 27, 0, 0.06%, 9, 0, 9, 290.53
1734212196, 3, 55, 61, 28, 0, 0.06%, 9, 0, 9, 367.75
1734212211, 3, 55, 62, 29, 0, 0.06%, 9, 0, 9, 377.42
1734212252, 3, 58, 63, 29, 0, 0.06%, 9, 0, 9, 374.72
1734212292, 4, 10, 63, 27, 0, 0.06%, 9, 0, 9, 232.96
1734212298, 4, 13, 63, 27, 0, 0.06%, 9, 0, 9, 232.03
1734212303, 4, 20, 63, 27, 0, 0.06%, 9, 0, 9, 229.49
1734212308, 4, 23, 63, 27, 0, 0.06%, 9, 0, 9, 229.77
1734212313, 4, 26, 63, 27, 0, 0.06%, 9, 0, 9, 236.39
1734212323, 4, 35, 63, 26, 0, 0.06%, 9, 0, 9, 232.94
1734212384, 4, 53, 63, 25, 0, 0.06%, 9, 0, 9, 302.53
1734212415, 4, 54, 63, 24, 0, 0.06%, 9, 0, 9, 261.53
1734212420, 4, 60, 63, 24, 0, 0.06%, 9, 0, 9, 228.73
1734212830, 4, 60, 64, 25, 0, 0.06%, 9, 0, 10, 387.95
1734212860, 4, 61, 64, 24, 0, 0.06%, 9, 0, 10, 317.38
1734213159, 4, 61, 66, 26, 0, 0.06%, 9, 0, 10, 367.93
1734213214, 5, 1, 66, 25, 0, 0.06%, 9, 0, 10, 267.73
1734213219, 5, 12, 66, 24, 0, 0.06%, 9, 0, 10, 235.19
1734213224, 5, 14, 66, 24, 0, 0.06%, 9, 0, 10, 232.59
1734213230, 5, 21, 66, 24, 0, 0.06%, 9, 0, 10, 246.11
1734213245, 5, 25, 66, 23, 0, 0.06%, 9, 0, 10, 239.61
1734213265, 5, 33, 66, 22, 0, 0.06%, 9, 0, 10, 363.95
1734213358, 5, 53, 66, 21, 0, 0.06%, 9, 0, 10, 269.53
1734213363, 5, 56, 66, 21, 0, 0.06%, 9, 0, 10, 228.60
1734213709, 5, 64, 66, 20, 0, 0.06%, 9, 0, 10, 343.78
1734213860, 6, 0, 66, 19, 0, 0.06%, 9, 0, 10, 274.32
1734213865, 6, 9, 66, 18, 0, 0.06%, 9, 0, 10, 246.98
1734213871, 6, 11, 66, 18, 0, 0.06%, 9, 0, 10, 245.49
1734213876, 6, 12, 66, 18, 0, 0.06%, 9, 0, 10, 253.40
1734213881, 6, 13, 66, 18, 0, 0.06%, 9, 0, 10, 240.28
1734213886, 6, 14, 67, 19, 0, 0.06%, 9, 0, 10, 251.39
1734213891, 6, 15, 67, 19, 0, 0.06%, 9, 0, 10, 241.06
1734213896, 6, 20, 67, 19, 0, 0.06%, 9, 0, 10, 238.79
1734213906, 6, 22, 67, 19, 0, 0.06%, 9, 0, 10, 253.48
1734213911, 6, 23, 67, 19, 0, 0.06%, 9, 0, 10, 262.71
1734213916, 6, 28, 67, 19, 0, 0.06%, 9, 0, 10, 378.14
1734213936, 6, 37, 67, 18, 0, 0.06%, 9, 0, 10, 264.85
1734213947, 6, 39, 67, 18, 0, 0.06%, 9, 0, 10, 276.65
1734213982, 6, 42, 67, 17, 0, 0.06%, 9, 0, 10, 285.18
1734214013, 6, 46, 67, 16, 0, 0.06%, 9, 0, 10, 354.43
1734214094, 6, 63, 67, 15, 0, 0.06%, 9, 0, 10, 380.97
1734214215, 6, 65, 67, 14, 0, 0.06%, 9, 0, 10, 318.59
1734214444, 7, 10, 67, 13, 0, 0.06%, 9, 0, 10, 257.84
1734214449, 7, 11, 67, 13, 0, 0.06%, 9, 0, 10, 260.82
1734214454, 7, 12, 67, 13, 0, 0.06%, 9, 0, 10, 248.67
1734214459, 7, 13, 67, 13, 0, 0.06%, 9, 0, 10, 238.76
1734214464, 7, 14, 67, 13, 0, 0.06%, 9, 0, 10, 258.08
1734214469, 7, 15, 67, 13, 0, 0.06%, 9, 0, 10, 244.87
1734214474, 7, 17, 67, 13, 0, 0.06%, 9, 0, 10, 258.11
1734214479, 7, 19, 67, 13, 0, 0.06%, 9, 0, 10, 252.45
1734214484, 7, 20, 67, 13, 0, 0.06%, 9, 0, 10, 246.99
1734214489, 7, 22, 67, 13, 0, 0.06%, 9, 0, 10, 235.07
1734214494, 7, 23, 67, 13, 0, 0.06%, 9, 0, 10, 258.91
1734214505, 7, 36, 67, 13, 0, 0.06%, 9, 0, 10, 324.95
1734214556, 7, 36, 69, 15, 0, 0.06%, 9, 0, 10, 438.52
1734214851, 7, 66, 69, 14, 0, 0.06%, 9, 0, 10, 247.82
1734215289, 8, 8, 69, 13, 0, 0.06%, 9, 0, 10, 249.76
1734215295, 8, 11, 69, 13, 0, 0.06%, 9, 0, 10, 249.82
1734215300, 8, 12, 69, 13, 0, 0.06%, 9, 0, 10, 241.78
1734215305, 8, 13, 69, 13, 0, 0.06%, 9, 0, 10, 247.26
1734215310, 8, 14, 69, 13, 0, 0.06%, 9, 0, 10, 248.09
1734215315, 8, 15, 69, 13, 0, 0.06%, 9, 0, 10, 247.28
1734215320, 8, 20, 69, 13, 0, 0.06%, 9, 0, 10, 261.47
1734215325, 8, 22, 69, 13, 0, 0.06%, 9, 0, 10, 249.93
1734215330, 8, 23, 69, 13, 0, 0.06%, 9, 0, 10, 265.41
1734215335, 8, 50, 69, 13, 0, 0.06%, 9, 0, 10, 280.71
1734215371, 8, 66, 69, 12, 0, 0.06%, 9, 0, 10, 288.82
1734215381, 8, 68, 69, 12, 0, 0.06%, 9, 0, 10, 325.99
1734215508, 9, 11, 69, 11, 0, 0.06%, 9, 0, 10, 261.36
1734215513, 9, 12, 69, 11, 0, 0.06%, 9, 0, 10, 238.88
1734215518, 9, 13, 69, 11, 0, 0.06%, 9, 0, 10, 237.24
1734215523, 9, 14, 69, 11, 0, 0.06%, 9, 0, 10, 242.41
1734215529, 9, 15, 69, 11, 0, 0.06%, 9, 0, 10, 256.99
1734215534, 9, 20, 69, 11, 0, 0.06%, 9, 0, 10, 247.05
1734215544, 9, 22, 69, 11, 0, 0.06%, 9, 0, 10, 264.66
1734215549, 9, 23, 69, 11, 0, 0.06%, 9, 0, 10, 250.38
1734215554, 9, 44, 69, 11, 0, 0.06%, 9, 0, 10, 314.77
1734215595, 10, 11, 69, 10, 0, 0.06%, 9, 0, 10, 242.75
1734215600, 10, 12, 69, 10, 0, 0.06%, 9, 0, 10, 240.44
1734215605, 10, 13, 69, 10, 0, 0.06%, 9, 0, 10, 231.92
1734215610, 10, 14, 69, 10, 0, 0.06%, 9, 0, 10, 243.12
1734215615, 10, 15, 69, 10, 0, 0.06%, 9, 0, 10, 251.13
1734215621, 10, 20, 69, 10, 0, 0.06%, 9, 0, 10, 255.73
1734215631, 10, 22, 69, 10, 0, 0.06%, 9, 0, 10, 264.62
1734215636, 10, 23, 69, 10, 0, 0.06%, 9, 0, 10, 252.54
1734215641, 10, 57, 69, 10, 0, 0.06%, 9, 0, 10, 194.47
1734216500, 11, 10, 69, 9, 0, 0.06%, 9, 0, 10, 254.08
1734216505, 11, 12, 69, 9, 0, 0.06%, 9, 0, 10, 248.52
1734216510, 11, 13, 69, 9, 0, 0.06%, 9, 0, 10, 254.80
1734216520, 11, 14, 69, 9, 0, 0.06%, 9, 0, 10, 242.20
1734216525, 11, 15, 69, 9, 0, 0.06%, 9, 0, 10, 268.25
1734216530, 11, 20, 69, 9, 0, 0.06%, 9, 0, 10, 239.90
1734216535, 11, 22, 69, 9, 0, 0.06%, 9, 0, 10, 240.83
1734216540, 11, 23, 69, 9, 0, 0.06%, 9, 0, 10, 237.82
1734216545, 11, 24, 69, 9, 0, 0.06%, 9, 0, 10, 236.89
1734216551, 11, 39, 69, 9, 0, 0.06%, 9, 0, 10, 253.66
1734216566, 11, 48, 69, 9, 0, 0.06%, 9, 0, 10, 349.66
1734216876, 11, 48, 70, 10, 0, 0.06%, 9, 0, 10, 365.37
1734216907, 11, 59, 70, 9, 0, 0.06%, 9, 0, 10, 230.87
1734217330, 11, 59, 71, 10, 0, 0.06%, 9, 0, 10, 272.78
1734217335, 11, 61, 71, 9, 0, 0.06%, 9, 0, 10, 341.66
1734217350, 11, 67, 71, 9, 0, 0.06%, 9, 0, 10, 313.69
1734217478, 11, 68, 71, 8, 0, 0.06%, 9, 0, 10, 277.37
1734217488, 12, 11, 71, 8, 0, 0.06%, 9, 0, 10, 257.63
1734217493, 12, 12, 71, 8, 0, 0.06%, 9, 0, 10, 239.96
1734217498, 12, 13, 71, 8, 0, 0.06%, 9, 0, 10, 236.28
1734217503, 12, 14, 71, 8, 0, 0.06%, 9, 0, 10, 250.55
1734217508, 12, 15, 71, 8, 0, 0.06%, 9, 0, 10, 235.17
1734217513, 12, 20, 71, 8, 0, 0.06%, 9, 0, 10, 239.82
1734217524, 12, 22, 71, 8, 0, 0.06%, 9, 0, 10, 262.72
1734217529, 12, 23, 71, 8, 0, 0.06%, 9, 0, 10, 247.76
1734217534, 12, 34, 71, 8, 0, 0.06%, 9, 0, 10, 261.43
1734217539, 12, 48, 71, 8, 0, 0.06%, 9, 0, 10, 337.31
1734217554, 12, 49, 71, 8, 0, 0.06%, 9, 0, 10, 384.46
1734217595, 12, 61, 71, 7, 0, 0.06%, 9, 0, 10, 264.50
1734217610, 13, 10, 71, 7, 0, 0.06%, 9, 0, 10, 277.02
1734217615, 13, 12, 71, 7, 0, 0.06%, 9, 0, 10, 260.89
1734217625, 13, 13, 71, 7, 0, 0.06%, 9, 0, 10, 246.22
1734217630, 13, 14, 71, 7, 0, 0.06%, 9, 0, 10, 247.25
1734217635, 13, 15, 71, 7, 0, 0.06%, 9, 0, 10, 274.29
1734217640, 13, 20, 71, 7, 0, 0.06%, 9, 0, 10, 248.18
1734217646, 13, 22, 71, 7, 0, 0.06%, 9, 0, 10, 249.19
1734217651, 13, 23, 71, 7, 0, 0.06%, 9, 0, 10, 242.79
1734217656, 13, 32, 71, 7, 0, 0.06%, 9, 0, 10, 263.84
1734217661, 13, 41, 71, 7, 0, 0.06%, 9, 0, 10, 281.92
1734217671, 13, 50, 71, 7, 0, 0.06%, 9, 0, 10, 297.42
1734217682, 13, 56, 71, 7, 0, 0.06%, 9, 0, 10, 306.17
1734217697, 13, 59, 71, 7, 0, 0.06%, 9, 0, 10, 304.11
1734217712, 13, 69, 71, 7, 0, 0.06%, 9, 0, 10, 203.70
1734218104, 14, 4, 71, 6, 0, 0.06%, 9, 0, 10, 296.39
1734218109, 14, 11, 71, 6, 0, 0.06%, 9, 0, 10, 258.20
1734218114, 14, 12, 71, 6, 0, 0.06%, 9, 0, 10, 241.36
1734218119, 14, 13, 71, 6, 0, 0.06%, 9, 0, 10, 235.56
1734218124, 14, 14, 71, 6, 0, 0.06%, 9, 0, 10, 244.30
1734218134, 14, 15, 71, 6, 0, 0.06%, 9, 0, 10, 254.55
1734218139, 14, 20, 71, 6, 0, 0.06%, 9, 0, 10, 257.02
1734218144, 14, 22, 71, 6, 0, 0.06%, 9, 0, 10, 236.76
1734218149, 14, 23, 71, 6, 0, 0.06%, 9, 0, 10, 239.94
1734218154, 14, 31, 71, 6, 0, 0.06%, 9, 0, 10, 258.20
1734218159, 14, 32, 71, 6, 0, 0.06%, 9, 0, 10, 255.86
1734218165, 14, 37, 71, 6, 0, 0.06%, 9, 0, 10, 251.61
1734218175, 14, 38, 71, 6, 0, 0.06%, 9, 0, 10, 280.97
1734218200, 14, 54, 71, 5, 0, 0.06%, 9, 0, 10, 266.56
1734218220, 14, 62, 71, 5, 0, 0.06%, 9, 0, 10, 316.46
1734218368, 15, 11, 71, 4, 0, 0.06%, 9, 0, 10, 238.95
1734218373, 15, 12, 71, 4, 0, 0.06%, 9, 0, 10, 254.86
1734218378, 15, 13, 71, 4, 0, 0.06%, 9, 0, 10, 268.45
1734218384, 15, 14, 71, 4, 0, 0.06%, 9, 0, 10, 260.59
1734218389, 15, 15, 71, 4, 0, 0.06%, 9, 0, 10, 245.49
1734218394, 15, 20, 71, 4, 0, 0.06%, 9, 0, 10, 233.64
1734218399, 15, 22, 71, 4, 0, 0.06%, 9, 0, 10, 231.82
1734218404, 15, 23, 71, 4, 0, 0.06%, 9, 0, 10, 250.54
1734218409, 15, 47, 71, 4, 0, 0.06%, 9, 0, 10, 270.57
1734218505, 15, 63, 71, 3, 0, 0.06%, 9, 0, 10, 252.06
1734218516, 16, 10, 71, 3, 0, 0.06%, 9, 0, 10, 249.29
1734218521, 16, 12, 71, 3, 0, 0.06%, 9, 0, 10, 246.74
1734218526, 16, 13, 71, 3, 0, 0.06%, 9, 0, 10, 246.58
1734218531, 16, 14, 71, 3, 0, 0.06%, 9, 0, 10, 244.01
1734218536, 16, 15, 71, 3, 0, 0.06%, 9, 0, 10, 249.23
1734218546, 16, 20, 71, 3, 0, 0.06%, 9, 0, 10, 258.86
1734218551, 16, 22, 71, 3, 0, 0.06%, 9, 0, 10, 254.68
1734218556, 16, 23, 71, 3, 0, 0.06%, 9, 0, 10, 250.29
1734218561, 16, 27, 71, 3, 0, 0.06%, 9, 0, 10, 264.18
1734218566, 16, 43, 71, 3, 0, 0.06%, 9, 0, 10, 265.98
1734218577, 16, 57, 71, 3, 0, 0.06%, 9, 0, 10, 306.75
1734218592, 16, 68, 71, 3, 0, 0.06%, 9, 0, 10, 276.17
1734218602, 17, 10, 71, 3, 0, 0.06%, 9, 0, 10, 256.86
1734218607, 17, 11, 71, 3, 0, 0.06%, 9, 0, 10, 259.80
1734218612, 17, 12, 71, 3, 0, 0.06%, 9, 0, 10, 256.94
1734218617, 17, 13, 71, 3, 0, 0.06%, 9, 0, 10, 245.71
1734218622, 17, 14, 71, 3, 0, 0.06%, 9, 0, 10, 244.36
1734218628, 17, 15, 71, 3, 0, 0.06%, 9, 0, 10, 249.59
1734218633, 17, 20, 71, 3, 0, 0.06%, 9, 0, 10, 247.90
1734218638, 17, 22, 71, 3, 0, 0.06%, 9, 0, 10, 240.16
1734218643, 17, 23, 71, 3, 0, 0.06%, 9, 0, 10, 258.47
1734218648, 17, 29, 71, 3, 0, 0.06%, 9, 0, 10, 285.37
1734218673, 17, 58, 71, 2, 0, 0.06%, 9, 0, 10, 266.44
1734218689, 18, 10, 71, 2, 0, 0.06%, 9, 0, 10, 278.21
1734218694, 18, 11, 71, 2, 0, 0.06%, 9, 0, 10, 266.20
1734218699, 18, 12, 71, 2, 0, 0.06%, 9, 0, 10, 258.92
1734218704, 18, 13, 71, 2, 0, 0.06%, 9, 0, 10, 259.92
1734218709, 18, 14, 71, 2, 0, 0.06%, 9, 0, 10, 239.69
1734218714, 18, 15, 71, 2, 0, 0.06%, 9, 0, 10, 242.32
1734218719, 18, 20, 71, 2, 0, 0.06%, 9, 0, 10, 241.02
1734218724, 18, 22, 71, 2, 0, 0.06%, 9, 0, 10, 254.61
1734218729, 18, 23, 71, 2, 0, 0.06%, 9, 0, 10, 260.56
1734218734, 18, 51, 71, 2, 0, 0.06%, 9, 0, 10, 291.59
1734218780, 18, 63, 71, 1, 0, 0.06%, 9, 0, 10, 271.04
1734218785, 19, 6, 71, 1, 0, 0.06%, 9, 0, 10, 281.83
1734218790, 19, 11, 71, 1, 0, 0.06%, 9, 0, 10, 250.21
1734218795, 19, 12, 71, 1, 0, 0.06%, 9, 0, 10, 241.37
1734218800, 19, 13, 71, 1, 0, 0.06%, 9, 0, 10, 245.55
1734218805, 19, 14, 71, 1, 0, 0.06%, 9, 0, 10, 236.18
1734218810, 19, 15, 71, 1, 0, 0.06%, 9, 0, 10, 245.30
1734218815, 19, 20, 71, 1, 0, 0.06%, 9, 0, 10, 245.66
1734218820, 19, 22, 71, 1, 0, 0.06%, 9, 0, 10, 244.30
1734218831, 19, 23, 71, 1, 0, 0.06%, 9, 0, 10, 263.12
1734218836, 19, 43, 71, 1, 0, 0.06%, 9, 0, 10, 251.05
1734218841, 20, 10, 71, 1, 0, 0.06%, 9, 0, 10, 253.30
1734218846, 20, 12, 71, 1, 0, 0.06%, 9, 0, 10, 246.75
1734218851, 20, 13, 71, 1, 0, 0.06%, 9, 0, 10, 250.03
1734218856, 20, 14, 71, 1, 0, 0.06%, 9, 0, 10, 247.27
1734218861, 20, 15, 71, 1, 0, 0.06%, 9, 0, 10, 256.24
1734218871, 20, 17, 71, 1, 0, 0.06%, 9, 0, 10, 265.36
1734218876, 20, 20, 71, 1, 0, 0.06%, 9, 0, 10, 251.49
1734218882, 20, 22, 71, 1, 0, 0.06%, 9, 0, 10, 241.21
1734218887, 20, 23, 71, 1, 0, 0.06%, 9, 0, 10, 249.27
1734218892, 20, 41, 71, 1, 0, 0.06%, 9, 0, 10, 279.57
1734218897, 21, 10, 71, 1, 0, 0.06%, 9, 0, 10, 261.08
1734218902, 21, 12, 71, 1, 0, 0.06%, 9, 0, 10, 252.64
1734218907, 21, 13, 71, 1, 0, 0.06%, 9, 0, 10, 256.25
1734218912, 21, 14, 71, 1, 0, 0.06%, 9, 0, 10, 256.71
1734218917, 21, 15, 71, 1, 0, 0.06%, 9, 0, 10, 263.37
1734218927, 21, 20, 71, 1, 0, 0.06%, 9, 0, 10, 230.86
1734218932, 21, 22, 71, 1, 0, 0.06%, 9, 0, 10, 255.00
1734218937, 21, 23, 71, 1, 0, 0.06%, 9, 0, 10, 245.88
1734218942, 21, 33, 71, 1, 0, 0.06%, 9, 0, 10, 274.82
1734218948, 22, 10, 71, 1, 0, 0.06%, 9, 0, 10, 252.88
1734218953, 22, 11, 71, 1, 0, 0.06%, 9, 0, 10, 249.72
1734218958, 22, 12, 71, 1, 0, 0.06%, 9, 0, 10, 253.12
1734218963, 22, 13, 71, 1, 0, 0.06%, 9, 0, 10, 262.98
1734218968, 22, 14, 71, 1, 0, 0.06%, 9, 0, 10, 250.27
1734218973, 22, 15, 71, 1, 0, 0.06%, 9, 0, 10, 251.08
1734218978, 22, 20, 71, 1, 0, 0.06%, 9, 0, 10, 238.20
1734218983, 22, 22, 71, 1, 0, 0.06%, 9, 0, 10, 237.83
1734218988, 22, 23, 71, 1, 0, 0.06%, 9, 0, 10, 240.85
1734218999, 22, 26, 71, 1, 0, 0.06%, 9, 0, 10, 251.46
1734219004, 22, 27, 71, 1, 0, 0.06%, 9, 0, 10, 273.31
1734219009, 22, 44, 71, 1, 0, 0.06%, 9, 0, 10, 266.43
1734219024, 22, 53, 71, 1, 0, 0.06%, 9, 0, 10, 246.05
1734219039, 23, 10, 71, 1, 0, 0.06%, 9, 0, 10, 243.50
1734219044, 23, 11, 71, 1, 0, 0.06%, 9, 0, 10, 252.02
1734219049, 23, 12, 71, 1, 0, 0.06%, 9, 0, 10, 262.18
1734219054, 23, 13, 71, 1, 0, 0.06%, 9, 0, 10, 251.16
1734219060, 23, 14, 71, 1, 0, 0.06%, 9, 0, 10, 244.40
1734219065, 23, 15, 71, 1, 0, 0.06%, 9, 0, 10, 244.14
1734219070, 23, 18, 71, 1, 0, 0.06%, 9, 0, 10, 250.16
1734219075, 23, 20, 71, 1, 0, 0.06%, 9, 0, 10, 271.45
1734219080, 23, 22, 71, 1, 0, 0.06%, 9, 0, 10, 245.74
1734219085, 23, 23, 71, 1, 0, 0.06%, 9, 0, 10, 240.67
1734219090, 23, 27, 71, 1, 0, 0.06%, 9, 0, 10, 270.52
1734219095, 23, 53, 71, 1, 0, 0.06%, 9, 0, 10, 259.22
1734219105, 23, 67, 72, 2, 0, 0.06%, 9, 0, 10, 267.23
1734219115, 24, 10, 72, 2, 0, 0.06%, 9, 0, 10, 253.81
1734219120, 24, 11, 72, 2, 0, 0.06%, 9, 0, 10, 254.79
1734219126, 24, 12, 72, 2, 0, 0.06%, 9, 0, 10, 248.45
1734219131, 24, 13, 72, 2, 0, 0.06%, 9, 0, 10, 254.44
1734219136, 24, 14, 72, 2, 0, 0.06%, 9, 0, 10, 258.71
1734219141, 24, 15, 72, 2, 0, 0.06%, 9, 0, 10, 245.45
1734219146, 24, 20, 72, 2, 0, 0.06%, 9, 0, 10, 254.03
1734219151, 24, 22, 72, 2, 0, 0.06%, 9, 0, 10, 235.95
1734219156, 24, 23, 72, 2, 0, 0.06%, 9, 0, 10, 251.17
1734219161, 24, 26, 72, 2, 0, 0.06%, 9, 0, 10, 247.22
1734219166, 24, 40, 72, 2, 0, 0.06%, 9, 0, 10, 260.43
1734219181, 24, 53, 72, 2, 0, 0.06%, 9, 0, 10, 265.83
1734219187, 24, 60, 72, 2, 0, 0.06%, 9, 0, 10, 314.30
1734219202, 24, 66, 72, 2, 0, 0.06%, 9, 0, 10, 307.82
1734219212, 24, 70, 72, 2, 0, 0.06%, 9, 0, 10, 222.87
1734219222, 24, 70, 73, 3, 0, 0.06%, 9, 0, 11, 367.02
1734219788, 24, 72, 73, 2, 0, 0.06%, 9, 0, 11, 269.17
1734220094, 25, 11, 73, 1, 0, 0.06%, 9, 0, 11, 239.46
1734220099, 25, 12, 73, 1, 0, 0.06%, 9, 0, 11, 241.62
1734220104, 25, 13, 73, 1, 0, 0.06%, 9, 0, 11, 247.12
1734220109, 25, 14, 73, 1, 0, 0.06%, 9, 0, 11, 254.72
1734220114, 25, 15, 73, 1, 0, 0.06%, 9, 0, 11, 252.10
1734220120, 25, 20, 73, 1, 0, 0.06%, 9, 0, 11, 259.05
1734220130, 25, 22, 73, 1, 0, 0.06%, 9, 0, 11, 261.00
1734220135, 25, 23, 73, 1, 0, 0.06%, 9, 0, 11, 250.45
1734220140, 25, 26, 73, 1, 0, 0.06%, 9, 0, 11, 249.76
1734220145, 25, 34, 73, 1, 0, 0.06%, 9, 0, 11, 257.80
1734220150, 25, 46, 73, 1, 0, 0.06%, 9, 0, 11, 274.12
1734220165, 26, 7, 73, 1, 0, 0.06%, 9, 0, 11, 264.46
1734220170, 26, 11, 73, 1, 0, 0.06%, 9, 0, 11, 252.95
1734220175, 26, 12, 73, 1, 0, 0.06%, 9, 0, 11, 255.82
1734220181, 26, 13, 73, 1, 0, 0.06%, 9, 0, 11, 239.63
1734220186, 26, 14, 73, 1, 0, 0.06%, 9, 0, 11, 252.32
1734220191, 26, 15, 73, 1, 0, 0.06%, 9, 0, 11, 245.84
1734220196, 26, 20, 73, 1, 0, 0.06%, 9, 0, 11, 243.48
1734220201, 26, 22, 73, 1, 0, 0.06%, 9, 0, 11, 245.45
1734220211, 26, 23, 73, 1, 0, 0.06%, 9, 0, 11, 242.45
1734220216, 26, 32, 73, 1, 0, 0.06%, 9, 0, 11, 256.47
1734220221, 26, 34, 73, 1, 0, 0.06%, 9, 0, 11, 269.59
1734220226, 26, 71, 73, 1, 0, 0.06%, 9, 0, 11, 355.97
1734220313, 26, 71, 74, 2, 0, 0.06%, 9, 0, 11, 269.97
1734220374, 26, 73, 74, 1, 0, 0.06%, 9, 0, 11, 359.42
1734220522, 27, 11, 74, 0, 0, 0.06%, 9, 0, 11, 240.13
1734220527, 27, 12, 74, 0, 0, 0.06%, 9, 0, 11, 248.81
1734220532, 27, 13, 74, 0, 0, 0.06%, 9, 0, 11, 241.86
1734220538, 27, 14, 74, 0, 0, 0.06%, 9, 0, 11, 250.07
1734220543, 27, 15, 74, 0, 0, 0.06%, 9, 0, 11, 236.19
1734220548, 27, 18, 74, 0, 0, 0.06%, 9, 0, 11, 246.08
1734220553, 27, 20, 74, 0, 0, 0.06%, 9, 0, 11, 255.78
1734220563, 27, 22, 74, 0, 0, 0.06%, 9, 0, 11, 247.99
1734220568, 27, 23, 74, 0, 0, 0.06%, 9, 0, 11, 270.27
1734220573, 27, 46, 74, 0, 0, 0.06%, 9, 0, 11, 286.34
1734220578, 27, 51, 74, 0, 0, 0.06%, 9, 0, 11, 259.26
1734220599, 27, 64, 74, 0, 0, 0.06%, 9, 0, 11, 275.90
1734220604, 28, 10, 74, 0, 0, 0.06%, 9, 0, 11, 266.38
1734220609, 28, 12, 74, 0, 0, 0.06%, 9, 0, 11, 257.53
1734220619, 28, 13, 74, 0, 0, 0.06%, 9, 0, 11, 273.04
1734220624, 28, 14, 74, 0, 0, 0.06%, 9, 0, 11, 249.29
1734220629, 28, 15, 74, 0, 0, 0.06%, 9, 0, 11, 254.08
1734220634, 28, 20, 74, 0, 0, 0.06%, 9, 0, 11, 258.82
1734220639, 28, 22, 74, 0, 0, 0.06%, 9, 0, 11, 245.04
1734220644, 28, 23, 74, 0, 0, 0.06%, 9, 0, 11, 250.99
1734220649, 29, 8, 74, 0, 0, 0.06%, 9, 0, 11, 257.93
1734220654, 29, 11, 74, 0, 0, 0.06%, 9, 0, 11, 249.15
1734220659, 29, 12, 74, 0, 0, 0.06%, 9, 0, 11, 240.55
1734220664, 29, 13, 74, 0, 0, 0.06%, 9, 0, 11, 258.16
1734220669, 29, 14, 74, 0, 0, 0.06%, 9, 0, 11, 249.72
1734220674, 29, 15, 74, 0, 0, 0.06%, 9, 0, 11, 241.74
1734220679, 29, 19, 74, 0, 0, 0.06%, 9, 0, 11, 261.73
1734220685, 29, 20, 74, 0, 0, 0.06%, 9, 0, 11, 251.10
1734220690, 29, 22, 74, 0, 0, 0.06%, 9, 0, 11, 236.88
1734220695, 29, 23, 74, 0, 0, 0.06%, 9, 0, 11, 253.09
1734220700, 29, 35, 74, 0, 0, 0.06%, 9, 0, 11, 268.45
1734220715, 29, 36, 74, 0, 0, 0.06%, 9, 0, 11, 282.46
1734220725, 29, 43, 74, 0, 0, 0.06%, 9, 0, 11, 269.50
1734220731, 30, 11, 74, 0, 0, 0.06%, 9, 0, 11, 258.62
1734220736, 30, 12, 74, 0, 0, 0.06%, 9, 0, 11, 242.73
1734220741, 30, 13, 74, 0, 0, 0.06%, 9, 0, 11, 239.26
1734220746, 30, 14, 74, 0, 0, 0.06%, 9, 0, 11, 253.50
1734220751, 30, 15, 74, 0, 0, 0.06%, 9, 0, 11, 248.20
1734220756, 30, 19, 74, 0, 0, 0.06%, 9, 0, 11, 262.26
1734220761, 30, 20, 74, 0, 0, 0.06%, 9, 0, 11, 251.91
1734220766, 30, 22, 74, 0, 0, 0.06%, 9, 0, 11, 236.65
1734220771, 30, 23, 74, 0, 0, 0.06%, 9, 0, 11, 265.40
1734220782, 30, 52, 74, 0, 0, 0.06%, 9, 0, 11, 264.66
1734220797, 30, 73, 74, 0, 0, 0.06%, 9, 0, 11, 267.80
1734220827, 31, 10, 74, 0, 0, 0.06%, 9, 0, 11, 237.60
1734220832, 31, 12, 74, 0, 0, 0.06%, 9, 0, 11, 250.69
1734220843, 31, 13, 74, 0, 0, 0.06%, 9, 0, 11, 236.95
1734220848, 31, 14, 74, 0, 0, 0.06%, 9, 0, 11, 250.44
1734220853, 31, 15, 74, 0, 0, 0.06%, 9, 0, 11, 261.87
1734220858, 31, 20, 74, 0, 0, 0.06%, 9, 0, 11, 240.60
1734220863, 31, 22, 74, 0, 0, 0.06%, 9, 0, 11, 256.71
1734220868, 31, 23, 74, 0, 0, 0.06%, 9, 0, 11, 241.80
1734220873, 31, 46, 74, 0, 0, 0.06%, 9, 0, 11, 282.57
1734220883, 32, 10, 74, 0, 0, 0.06%, 9, 0, 11, 258.16
1734220889, 32, 12, 74, 0, 0, 0.06%, 9, 0, 11, 246.35
1734220894, 32, 13, 74, 0, 0, 0.06%, 9, 0, 11, 243.53
1734220899, 32, 14, 74, 0, 0, 0.06%, 9, 0, 11, 245.41
1734220904, 32, 15, 74, 0, 0, 0.06%, 9, 0, 11, 255.12
1734220914, 32, 20, 74, 0, 0, 0.06%, 9, 0, 11, 258.40
1734220919, 32, 22, 74, 0, 0, 0.06%, 9, 0, 11, 254.61
1734220924, 32, 23, 74, 0, 0, 0.06%, 9, 0, 11, 259.31
1734220929, 32, 25, 74, 0, 0, 0.06%, 9, 0, 11, 268.47
1734220934, 32, 45, 74, 0, 0, 0.06%, 9, 0, 11, 253.73
1734220950, 32, 62, 74, 0, 0, 0.06%, 9, 0, 11, 288.78
1734220970, 33, 11, 74, 0, 0, 0.06%, 9, 0, 11, 247.76
1734220975, 33, 12, 74, 0, 0, 0.06%, 9, 0, 11, 242.04
1734220980, 33, 13, 74, 0, 0, 0.06%, 9, 0, 11, 242.25
1734220985, 33, 14, 74, 0, 0, 0.06%, 9, 0, 11, 232.35
1734220990, 33, 15, 74, 0, 0, 0.06%, 9, 0, 11, 240.84
1734220995, 33, 20, 74, 0, 0, 0.06%, 9, 0, 11, 243.56
1734221000, 33, 22, 74, 0, 0, 0.06%, 9, 0, 11, 247.15
1734221010, 33, 23, 74, 0, 0, 0.06%, 9, 0, 11, 262.45
1734221015, 34, 11, 74, 0, 0, 0.06%, 9, 0, 11, 245.46
1734221020, 34, 12, 74, 0, 0, 0.06%, 9, 0, 11, 250.41
1734221025, 34, 13, 74, 0, 0, 0.06%, 9, 0, 11, 245.53
1734221031, 34, 14, 74, 0, 0, 0.06%, 9, 0, 11, 260.74
1734221036, 34, 15, 74, 0, 0, 0.06%, 9, 0, 11, 267.77
1734221041, 34, 20, 74, 0, 0, 0.06%, 9, 0, 11, 257.62
1734221046, 34, 22, 74, 0, 0, 0.06%, 9, 0, 11, 236.68
1734221051, 34, 23, 74, 0, 0, 0.06%, 9, 0, 11, 250.76
1734221056, 34, 25, 74, 0, 0, 0.06%, 9, 0, 11, 264.40
1734221061, 34, 35, 74, 0, 0, 0.06%, 9, 0, 11, 269.38
1734221066, 34, 45, 74, 0, 0, 0.06%, 9, 0, 11, 246.59
1734221077, 35, 10, 74, 0, 0, 0.06%, 9, 0, 11, 248.85
1734221082, 35, 11, 74, 0, 0, 0.06%, 9, 0, 11, 242.62
1734221087, 35, 12, 74, 0, 0, 0.06%, 9, 0, 11, 250.35
1734221092, 35, 13, 74, 0, 0, 0.06%, 9, 0, 11, 247.03
1734221097, 35, 14, 74, 0, 0, 0.06%, 9, 0, 11, 261.06
1734221102, 35, 15, 74, 0, 0, 0.06%, 9, 0, 11, 258.37
1734221107, 35, 20, 74, 0, 0, 0.06%, 9, 0, 11, 265.90
1734221113, 35, 22, 74, 0, 0, 0.06%, 9, 0, 11, 239.09
1734221118, 35, 23, 74, 0, 0, 0.06%, 9, 0, 11, 245.16
1734221123, 35, 57, 74, 0, 0, 0.06%, 9, 0, 11, 299.74
1734221138, 36, 10, 74, 0, 0, 0.06%, 9, 0, 11, 233.14
1734221143, 36, 11, 74, 0, 0, 0.06%, 9, 0, 11, 248.23
1734221148, 36, 12, 74, 0, 0, 0.06%, 9, 0, 11, 243.93
1734221153, 36, 13, 74, 0, 0, 0.06%, 9, 0, 11, 243.27
1734221158, 36, 14, 74, 0, 0, 0.06%, 9, 0, 11, 232.75
1734221163, 36, 15, 74, 0, 0, 0.06%, 9, 0, 11, 244.45
1734221169, 36, 20, 74, 0, 0, 0.06%, 9, 0, 11, 258.28
1734221174, 36, 22, 74, 0, 0, 0.06%, 9, 0, 11, 243.62
1734221179, 36, 23, 74, 0, 0, 0.06%, 9, 0, 11, 257.97
1734221189, 36, 27, 74, 0, 0, 0.06%, 9, 0, 11, 276.30
1734221194, 36, 42, 74, 0, 0, 0.06%, 9, 0, 11, 247.97
1734221204, 36, 56, 74, 0, 0, 0.06%, 9, 0, 11, 345.02
1734221219, 36, 63, 74, 0, 0, 0.06%, 9, 0, 11, 271.92
1734221224, 37, 10, 74, 0, 0, 0.06%, 9, 0, 11, 266.95
1734221229, 37, 12, 74, 0, 0, 0.06%, 9, 0, 11, 264.24
1734221234, 37, 13, 74, 0, 0, 0.06%, 9, 0, 11, 267.11
1734221239, 37, 14, 74, 0, 0, 0.06%, 9, 0, 11, 258.64
1734221250, 37, 15, 74, 0, 0, 0.06%, 9, 0, 11, 256.26
1734221255, 37, 20, 74, 0, 0, 0.06%, 9, 0, 11, 249.67
1734221260, 37, 22, 74, 0, 0, 0.06%, 9, 0, 11, 252.40
1734221265, 37, 23, 74, 0, 0, 0.06%, 9, 0, 11, 245.79
1734221270, 37, 31, 74, 0, 0, 0.06%, 9, 0, 11, 263.68
1734221275, 37, 32, 74, 0, 0, 0.06%, 9, 0, 11, 262.42
1734221280, 37, 35, 74, 0, 0, 0.06%, 9, 0, 11, 263.48
1734221285, 37, 62, 74, 0, 0, 0.06%, 9, 0, 11, 283.61
1734221301, 38, 4, 74, 0, 0, 0.06%, 9, 0, 11, 256.39
1734221306, 38, 11, 74, 0, 0, 0.06%, 9, 0, 11, 241.40
1734221311, 38, 12, 74, 0, 0, 0.06%, 9, 0, 11, 238.03
1734221316, 38, 13, 74, 0, 0, 0.06%, 9, 0, 11, 243.92
1734221321, 38, 14, 74, 0, 0, 0.06%, 9, 0, 11, 259.26
1734221326, 38, 15, 74, 0, 0, 0.06%, 9, 0, 11, 247.49
1734221331, 38, 20, 74, 0, 0, 0.06%, 9, 0, 11, 239.47
1734221336, 38, 22, 74, 0, 0, 0.06%, 9, 0, 11, 247.31
1734221341, 38, 23, 74, 0, 0, 0.06%, 9, 0, 11, 241.33
1734221346, 38, 38, 74, 0, 0, 0.06%, 9, 0, 11, 256.90
1734221362, 38, 47, 74, 0, 0, 0.06%, 9, 0, 11, 272.25
1734221377, 39, 11, 74, 0, 0, 0.06%, 9, 0, 11, 250.50
1734221382, 39, 12, 74, 0, 0, 0.06%, 9, 0, 11, 244.06
1734221387, 39, 13, 74, 0, 0, 0.06%, 9, 0, 11, 245.17
1734221392, 39, 14, 74, 0, 0, 0.06%, 9, 0, 11, 237.69
1734221397, 39, 15, 74, 0, 0, 0.06%, 9, 0, 11, 229.35
1734221402, 39, 20, 74, 0, 0, 0.06%, 9, 0, 11, 249.92
1734221407, 39, 22, 74, 0, 0, 0.06%, 9, 0, 11, 246.90
1734221417, 39, 23, 74, 0, 0, 0.06%, 9, 0, 11, 259.18
1734221422, 39, 32, 74, 0, 0, 0.06%, 9, 0, 11, 260.79
1734221427, 39, 39, 74, 0, 0, 0.06%, 9, 0, 11, 255.27
1734221433, 39, 60, 74, 0, 0, 0.06%, 9, 0, 11, 329.26
1734221448, 39, 65, 74, 0, 0, 0.06%, 9, 0, 11, 292.79
1734221453, 40, 10, 74, 0, 0, 0.06%, 9, 0, 11, 271.65
1734221458, 40, 11, 74, 0, 0, 0.06%, 9, 0, 11, 260.37
1734221463, 40, 12, 74, 0, 0, 0.06%, 9, 0, 11, 252.74
1734221468, 40, 13, 74, 0, 0, 0.06%, 9, 0, 11, 242.84
1734221473, 40, 14, 74, 0, 0, 0.06%, 9, 0, 11, 244.52
1734221479, 40, 15, 74, 0, 0, 0.06%, 9, 0, 11, 251.01
1734221484, 40, 20, 74, 0, 0, 0.06%, 9, 0, 11, 241.81
1734221489, 40, 22, 74, 0, 0, 0.06%, 9, 0, 11, 233.35
1734221494, 40, 23, 74, 0, 0, 0.06%, 9, 0, 11, 247.84
1734221504, 40, 47, 74, 0, 0, 0.06%, 9, 0, 11, 260.56
1734221509, 40, 59, 74, 0, 0, 0.06%, 9, 0, 11, 287.98
1734221524, 40, 69, 74, 0, 0, 0.06%, 9, 0, 11, 311.87
1734221555, 41, 10, 74, 0, 0, 0.06%, 9, 0, 11, 237.71
1734221560, 41, 12, 74, 0, 0, 0.06%, 9, 0, 11, 243.30
1734221570, 41, 13, 74, 0, 0, 0.06%, 9, 0, 11, 254.08
1734221575, 41, 14, 74, 0, 0, 0.06%, 9, 0, 11, 260.61
1734221580, 41, 15, 74, 0, 0, 0.06%, 9, 0, 11, 236.44
1734221585, 41, 20, 74, 0, 0, 0.06%, 9, 0, 11, 240.11
1734221590, 41, 22, 74, 0, 0, 0.06%, 9, 0, 11, 234.26
1734221595, 41, 23, 74, 0, 0, 0.06%, 9, 0, 11, 238.88
1734221606, 41, 26, 74, 0, 0, 0.06%, 9, 0, 11, 251.97
1734221611, 41, 53, 74, 0, 0, 0.06%, 9, 0, 11, 248.41
1734221616, 42, 10, 74, 0, 0, 0.06%, 9, 0, 11, 247.62
1734221621, 42, 11, 74, 0, 0, 0.06%, 9, 0, 11, 242.26
1734221626, 42, 12, 74, 0, 0, 0.06%, 9, 0, 11, 244.02
1734221631, 42, 13, 74, 0, 0, 0.06%, 9, 0, 11, 256.18
1734221636, 42, 14, 74, 0, 0, 0.06%, 9, 0, 11, 246.37
1734221641, 42, 15, 74, 0, 0, 0.06%, 9, 0, 11, 247.56
1734221646, 42, 20, 74, 0, 0, 0.06%, 9, 0, 11, 228.09
1734221651, 42, 22, 74, 0, 0, 0.06%, 9, 0, 11, 226.22
1734221656, 42, 23, 74, 0, 0, 0.06%, 9, 0, 11, 245.13
1734221661, 42, 24, 74, 0, 0, 0.06%, 9, 0, 11, 243.12
1734221667, 42, 31, 74, 0, 0, 0.06%, 9, 0, 11, 271.15
1734221677, 42, 49, 74, 0, 0, 0.06%, 9, 0, 11, 263.60
1734221692, 42, 54, 74, 0, 0, 0.06%, 9, 0, 11, 280.13
1734221702, 42, 61, 74, 0, 0, 0.06%, 9, 0, 11, 291.19
1734221707, 42, 67, 74, 0, 0, 0.06%, 9, 0, 11, 284.39
1734221717, 43, 11, 74, 0, 0, 0.06%, 9, 0, 11, 256.40
1734221722, 43, 12, 74, 0, 0, 0.06%, 9, 0, 11, 246.46
1734221727, 43, 13, 74, 0, 0, 0.06%, 9, 0, 11, 243.13
1734221733, 43, 14, 74, 0, 0, 0.06%, 9, 0, 11, 241.94
1734221738, 43, 15, 74, 0, 0, 0.06%, 9, 0, 11, 241.91
1734221743, 43, 20, 74, 0, 0, 0.06%, 9, 0, 11, 254.13
1734221748, 43, 22, 74, 0, 0, 0.06%, 9, 0, 11, 262.93
1734221758, 43, 23, 74, 0, 0, 0.06%, 9, 0, 11, 258.39
1734221763, 44, 11, 74, 0, 0, 0.06%, 9, 0, 11, 255.99
1734221768, 44, 12, 74, 0, 0, 0.06%, 9, 0, 11, 261.86
1734221773, 44, 13, 74, 0, 0, 0.06%, 9, 0, 11, 252.16
1734221779, 44, 14, 74, 0, 0, 0.06%, 9, 0, 11, 242.31
1734221784, 44, 15, 74, 0, 0, 0.06%, 9, 0, 11, 240.38
1734221789, 44, 20, 74, 0, 0, 0.06%, 9, 0, 11, 244.31
1734221794, 44, 22, 74, 0, 0, 0.06%, 9, 0, 11, 249.28
1734221799, 44, 23, 74, 0, 0, 0.06%, 9, 0, 11, 252.71
1734221809, 44, 31, 74, 0, 0, 0.06%, 9, 0, 11, 251.30
1734221814, 45, 11, 74, 0, 0, 0.06%, 9, 0, 11, 265.37
1734221819, 45, 12, 74, 0, 0, 0.06%, 9, 0, 11, 237.04
1734221824, 45, 13, 74, 0, 0, 0.06%, 9, 0, 11, 245.00
1734221829, 45, 14, 74, 0, 0, 0.06%, 9, 0, 11, 240.73
1734221834, 45, 15, 74, 0, 0, 0.06%, 9, 0, 11, 244.12
1734221839, 45, 20, 74, 0, 0, 0.06%, 9, 0, 11, 243.22
1734221850, 45, 22, 74, 0, 0, 0.06%, 9, 0, 11, 247.89
1734221855, 45, 23, 74, 0, 0, 0.06%, 9, 0, 11, 243.32
1734221860, 45, 40, 74, 0, 0, 0.06%, 9, 0, 11, 266.73
1734221865, 45, 58, 74, 0, 0, 0.06%, 9, 0, 11, 284.32
1734221880, 45, 62, 74, 0, 0, 0.06%, 9, 0, 11, 281.15
1734221890, 46, 11, 74, 0, 0, 0.06%, 9, 0, 11, 253.52
1734221895, 46, 12, 74, 0, 0, 0.06%, 9, 0, 11, 252.96
1734221900, 46, 13, 74, 0, 0, 0.06%, 9, 0, 11, 238.85
1734221905, 46, 14, 74, 0, 0, 0.06%, 9, 0, 11, 248.72
1734221911, 46, 15, 74, 0, 0, 0.06%, 9, 0, 11, 238.16
1734221916, 46, 20, 74, 0, 0, 0.06%, 9, 0, 11, 250.16
1734221921, 46, 21, 74, 0, 0, 0.06%, 9, 0, 11, 257.40
1734221926, 46, 22, 74, 0, 0, 0.06%, 9, 0, 11, 256.39
1734221936, 46, 23, 74, 0, 0, 0.06%, 9, 0, 11, 244.28
1734221941, 46, 30, 74, 0, 0, 0.06%, 9, 0, 11, 263.41
1734221946, 46, 46, 74, 0, 0, 0.06%, 9, 0, 11, 280.51
1734221951, 47, 10, 74, 0, 0, 0.06%, 9, 0, 11, 271.94
1734221956, 47, 11, 74, 0, 0, 0.06%, 9, 0, 11, 244.91
1734221961, 47, 12, 74, 0, 0, 0.06%, 9, 0, 11, 249.71
1734221966, 47, 13, 74, 0, 0, 0.06%, 9, 0, 11, 232.57
1734221971, 47, 14, 74, 0, 0, 0.06%, 9, 0, 11, 236.36
1734221976, 47, 15, 74, 0, 0, 0.06%, 9, 0, 11, 243.75
1734221981, 47, 20, 74, 0, 0, 0.06%, 9, 0, 11, 257.48
1734221986, 47, 22, 74, 0, 0, 0.06%, 9, 0, 11, 256.61
1734221991, 47, 23, 74, 0, 0, 0.06%, 9, 0, 11, 273.90
1734222001, 47, 39, 74, 0, 0, 0.06%, 9, 0, 11, 277.63
1734222006, 47, 49, 74, 0, 0, 0.06%, 9, 0, 11, 270.82
1734222011, 47, 69, 74, 0, 0, 0.06%, 9, 0, 11, 290.30
1734222027, 48, 10, 74, 0, 0, 0.06%, 9, 0, 11, 259.89
1734222032, 48, 11, 74, 0, 0, 0.06%, 9, 0, 11, 258.39
1734222037, 48, 12, 74, 0, 0, 0.06%, 9, 0, 11, 257.84
1734222042, 48, 13, 74, 0, 0, 0.06%, 9, 0, 11, 256.83
1734222047, 48, 14, 74, 0, 0, 0.06%, 9, 0, 11, 242.27
1734222052, 48, 15, 74, 0, 0, 0.06%, 9, 0, 11, 262.35
1734222057, 48, 20, 74, 0, 0, 0.06%, 9, 0, 11, 258.52
1734222062, 48, 22, 74, 0, 0, 0.06%, 9, 0, 11, 243.64
1734222067, 48, 23, 74, 0, 0, 0.06%, 9, 0, 11, 251.12
1734222072, 48, 48, 74, 0, 0, 0.06%, 9, 0, 11, 275.44
1734222083, 49, 11, 74, 0, 0, 0.06%, 9, 0, 11, 253.88
1734222088, 49, 12, 74, 0, 0, 0.06%, 9, 0, 11, 244.30
1734222093, 49, 13, 74, 0, 0, 0.06%, 9, 0, 11, 246.04
1734222098, 49, 14, 74, 0, 0, 0.06%, 9, 0, 11, 241.06
1734222103, 49, 15, 74, 0, 0, 0.06%, 9, 0, 11, 246.98
1734222108, 49, 20, 74, 0, 0, 0.06%, 9, 0, 11, 251.80
1734222113, 49, 22, 74, 0, 0, 0.06%, 9, 0, 11, 251.25
1734222118, 49, 23, 74, 0, 0, 0.06%, 9, 0, 11, 265.68
1734222128, 49, 40, 74, 0, 0, 0.06%, 9, 0, 11, 268.28
1734222133, 50, 11, 74, 0, 0, 0.06%, 9, 0, 11, 257.65
1734222139, 50, 12, 74, 0, 0, 0.06%, 9, 0, 11, 262.43
1734222144, 50, 13, 74, 0, 0, 0.06%, 9, 0, 11, 249.81
1734222149, 50, 14, 74, 0, 0, 0.06%, 9, 0, 11, 244.61
1734222154, 50, 15, 74, 0, 0, 0.06%, 9, 0, 11, 244.68
1734222159, 50, 17, 74, 0, 0, 0.06%, 9, 0, 11, 261.48
1734222164, 50, 20, 74, 0, 0, 0.06%, 9, 0, 11, 248.55
1734222169, 50, 22, 74, 0, 0, 0.06%, 9, 0, 11, 245.63
1734222174, 50, 23, 74, 0, 0, 0.06%, 9, 0, 11, 261.20
1734222184, 50, 47, 74, 0, 0, 0.06%, 9, 0, 11, 268.16
1734222189, 50, 54, 74, 0, 0, 0.06%, 9, 0, 11, 274.15
1734222199, 50, 68, 74, 0, 0, 0.06%, 9, 0, 11, 276.55
1734222209, 50, 73, 74, 0, 0, 0.06%, 9, 0, 11, 277.11
1734222245, 51, 11, 74, 0, 0, 0.06%, 9, 0, 11, 241.16
1734222250, 51, 12, 74, 0, 0, 0.06%, 9, 0, 11, 245.70
1734222255, 51, 13, 74, 0, 0, 0.06%, 9, 0, 11, 243.38
1734222260, 51, 14, 74, 0, 0, 0.06%, 9, 0, 11, 240.22
1734222265, 51, 15, 74, 0, 0, 0.06%, 9, 0, 11, 238.97
1734222270, 51, 20, 74, 0, 0, 0.06%, 9, 0, 11, 252.17
1734222275, 51, 22, 74, 0, 0, 0.06%, 9, 0, 11, 242.81
1734222286, 51, 23, 74, 0, 0, 0.06%, 9, 0, 11, 272.82
1734222291, 51, 40, 74, 0, 0, 0.06%, 9, 0, 11, 262.42
1734222296, 51, 45, 74, 0, 0, 0.06%, 9, 0, 11, 267.02
1734222301, 51, 51, 74, 0, 0, 0.06%, 9, 0, 11, 274.18
1734222321, 51, 60, 74, 0, 0, 0.06%, 9, 0, 11, 284.65
1734222326, 51, 67, 74, 0, 0, 0.06%, 9, 0, 11, 276.27
1734222336, 51, 69, 74, 0, 0, 0.06%, 9, 0, 11, 302.19
1734222352, 52, 10, 74, 0, 0, 0.06%, 9, 0, 11, 252.02
1734222357, 52, 12, 74, 0, 0, 0.06%, 9, 0, 11, 255.64
1734222367, 52, 13, 74, 0, 0, 0.06%, 9, 0, 11, 253.46
1734222372, 52, 14, 74, 0, 0, 0.06%, 9, 0, 11, 255.98
1734222377, 52, 15, 74, 0, 0, 0.06%, 9, 0, 11, 243.97
1734222382, 52, 20, 74, 0, 0, 0.06%, 9, 0, 11, 243.04
1734222387, 52, 22, 74, 0, 0, 0.06%, 9, 0, 11, 238.54
1734222392, 52, 23, 74, 0, 0, 0.06%, 9, 0, 11, 250.21
1734222397, 53, 0, 74, 0, 0, 0.06%, 9, 0, 11, 253.28
1734222402, 53, 11, 74, 0, 0, 0.06%, 9, 0, 11, 249.59
1734222408, 53, 12, 74, 0, 0, 0.06%, 9, 0, 11, 257.63
1734222413, 53, 13, 74, 0, 0, 0.06%, 9, 0, 11, 244.42
1734222418, 53, 14, 74, 0, 0, 0.06%, 9, 0, 11, 243.74
1734222423, 53, 15, 74, 0, 0, 0.06%, 9, 0, 11, 239.57
1734222428, 53, 20, 74, 0, 0, 0.06%, 9, 0, 11, 265.64
1734222433, 53, 22, 74, 0, 0, 0.06%, 9, 0, 11, 246.09
1734222443, 53, 23, 74, 0, 0, 0.06%, 9, 0, 11, 239.03
1734222448, 53, 28, 74, 0, 0, 0.06%, 9, 0, 11, 252.44
1734222453, 53, 45, 74, 0, 0, 0.06%, 9, 0, 11, 241.84
1734222458, 53, 45, 75, 1, 0, 0.06%, 9, 0, 11, 240.10
1734222463, 54, 11, 75, 1, 0, 0.06%, 9, 0, 11, 235.62
1734222469, 54, 12, 75, 1, 0, 0.06%, 9, 0, 11, 240.39
1734222474, 54, 13, 75, 1, 0, 0.06%, 9, 0, 11, 254.12
1734222479, 54, 14, 75, 1, 0, 0.06%, 9, 0, 11, 259.55
1734222484, 54, 15, 75, 1, 0, 0.06%, 9, 0, 11, 251.82
1734222489, 54, 20, 75, 1, 0, 0.06%, 9, 0, 11, 251.61
1734222494, 54, 22, 75, 1, 0, 0.06%, 9, 0, 11, 252.60
1734222499, 54, 23, 75, 1, 0, 0.06%, 9, 0, 11, 254.82
1734222509, 54, 27, 75, 1, 0, 0.06%, 9, 0, 11, 256.94
1734222514, 54, 36, 75, 1, 0, 0.06%, 9, 0, 11, 277.30
1734222519, 54, 37, 75, 1, 0, 0.06%, 9, 0, 11, 285.08
1734222524, 54, 43, 75, 1, 0, 0.06%, 9, 0, 11, 270.37
1734222529, 54, 50, 75, 1, 0, 0.06%, 9, 0, 11, 249.34
1734222534, 54, 66, 75, 1, 0, 0.06%, 9, 0, 11, 276.55
1734222539, 55, 10, 75, 1, 0, 0.06%, 9, 0, 11, 256.78
1734222544, 55, 12, 75, 1, 0, 0.06%, 9, 0, 11, 251.35
1734222550, 55, 13, 75, 1, 0, 0.06%, 9, 0, 11, 249.39
1734222560, 55, 14, 75, 1, 0, 0.06%, 9, 0, 11, 248.83
1734222565, 55, 15, 75, 1, 0, 0.06%, 9, 0, 11, 249.95
1734222570, 55, 20, 75, 1, 0, 0.06%, 9, 0, 11, 255.16
1734222575, 55, 22, 75, 1, 0, 0.06%, 9, 0, 11, 243.36
1734222580, 55, 23, 75, 1, 0, 0.06%, 9, 0, 11, 259.10
1734222585, 55, 55, 75, 1, 0, 0.06%, 9, 0, 11, 307.98
1734222600, 55, 65, 75, 1, 0, 0.06%, 9, 0, 11, 301.02
1734222611, 56, 11, 75, 1, 0, 0.06%, 9, 0, 11, 258.97
1734222616, 56, 12, 75, 1, 0, 0.06%, 9, 0, 11, 244.88
1734222621, 56, 13, 75, 1, 0, 0.06%, 9, 0, 11, 247.77
1734222626, 56, 14, 75, 1, 0, 0.06%, 9, 0, 11, 245.11
1734222631, 56, 15, 75, 1, 0, 0.06%, 9, 0, 11, 241.35
1734222636, 56, 17, 75, 1, 0, 0.06%, 9, 0, 11, 251.52
1734222646, 56, 20, 75, 1, 0, 0.06%, 9, 0, 11, 236.39
1734222651, 56, 22, 75, 1, 0, 0.06%, 9, 0, 11, 270.34
1734222657, 56, 23, 75, 1, 0, 0.06%, 9, 0, 11, 263.36
1734222662, 56, 29, 75, 1, 0, 0.06%, 9, 0, 11, 268.17
1734222667, 56, 31, 75, 1, 0, 0.06%, 9, 0, 11, 253.41
1734222672, 56, 71, 75, 1, 0, 0.06%, 9, 0, 11, 262.65
1734222707, 57, 11, 75, 1, 0, 0.06%, 9, 0, 11, 255.23
1734222713, 57, 12, 75, 1, 0, 0.06%, 9, 0, 11, 252.66
1734222718, 57, 13, 75, 1, 0, 0.06%, 9, 0, 11, 252.54
1734222723, 57, 14, 75, 1, 0, 0.06%, 9, 0, 11, 242.26
1734222728, 57, 15, 75, 1, 0, 0.06%, 9, 0, 11, 238.20
1734222733, 57, 19, 75, 1, 0, 0.06%, 9, 0, 11, 271.09
1734222738, 57, 20, 75, 1, 0, 0.06%, 9, 0, 11, 249.67
1734222748, 57, 22, 75, 1, 0, 0.06%, 9, 0, 11, 247.02
1734222753, 57, 23, 75, 1, 0, 0.06%, 9, 0, 11, 252.48
1734222758, 57, 28, 75, 1, 0, 0.06%, 9, 0, 11, 260.33
1734222763, 57, 51, 75, 1, 0, 0.06%, 9, 0, 11, 262.32
1734222773, 57, 69, 75, 1, 0, 0.06%, 9, 0, 11, 344.85
1734222789, 57, 74, 76, 2, 0, 0.06%, 9, 0, 11, 367.76
1734222910, 58, 11, 76, 1, 0, 0.06%, 9, 0, 11, 254.47
1734222915, 58, 12, 76, 1, 0, 0.06%, 9, 0, 11, 248.17
1734222921, 58, 13, 76, 1, 0, 0.06%, 9, 0, 11, 234.23
1734222926, 58, 14, 76, 1, 0, 0.06%, 9, 0, 11, 249.80
1734222931, 58, 15, 76, 1, 0, 0.06%, 9, 0, 11, 254.10
1734222941, 58, 20, 76, 1, 0, 0.06%, 9, 0, 11, 252.28
1734222946, 58, 22, 76, 1, 0, 0.06%, 9, 0, 11, 243.17
1734222951, 58, 23, 76, 1, 0, 0.06%, 9, 0, 11, 250.99
1734222956, 58, 47, 76, 1, 0, 0.06%, 9, 0, 11, 279.82
1734222961, 58, 52, 76, 1, 0, 0.06%, 9, 0, 11, 280.72
1734222982, 58, 63, 76, 1, 0, 0.06%, 9, 0, 11, 272.02
1734222987, 58, 69, 76, 1, 0, 0.06%, 9, 0, 11, 300.76
1734222997, 59, 11, 76, 1, 0, 0.06%, 9, 0, 11, 253.92
1734223002, 59, 12, 76, 1, 0, 0.06%, 9, 0, 11, 251.34
1734223007, 59, 13, 76, 1, 0, 0.06%, 9, 0, 11, 238.21
1734223012, 59, 14, 76, 1, 0, 0.06%, 9, 0, 11, 242.69
1734223017, 59, 15, 76, 1, 0, 0.06%, 9, 0, 11, 246.63
1734223022, 59, 20, 76, 1, 0, 0.06%, 9, 0, 11, 242.85
1734223032, 59, 22, 76, 1, 0, 0.06%, 9, 0, 11, 266.50
1734223037, 59, 23, 76, 1, 0, 0.06%, 9, 0, 11, 259.74
1734223042, 60, 11, 76, 1, 0, 0.06%, 9, 0, 11, 250.84
1734223047, 60, 12, 76, 1, 0, 0.06%, 9, 0, 11, 241.71
1734223053, 60, 13, 76, 1, 0, 0.06%, 9, 0, 11, 250.98
1734223058, 60, 14, 76, 1, 0, 0.06%, 9, 0, 11, 249.92
1734223063, 60, 15, 76, 1, 0, 0.06%, 9, 0, 11, 242.82
1734223068, 60, 17, 76, 1, 0, 0.06%, 9, 0, 11, 255.47
1734223073, 60, 19, 76, 1, 0, 0.06%, 9, 0, 11, 266.59
1734223078, 60, 20, 76, 1, 0, 0.06%, 9, 0, 11, 247.67
1734223088, 60, 22, 76, 1, 0, 0.06%, 9, 0, 11, 257.97
1734223093, 60, 23, 76, 1, 0, 0.06%, 9, 0, 11, 261.58
1734223098, 60, 38, 76, 1, 0, 0.06%, 9, 0, 11, 245.41
1734223103, 60, 68, 76, 1, 0, 0.06%, 9, 0, 11, 269.41
1734223108, 61, 10, 76, 1, 0, 0.06%, 9, 0, 11, 257.19
1734223113, 61, 12, 76, 1, 0, 0.06%, 9, 0, 11, 241.40
1734223118, 61, 13, 76, 1, 0, 0.06%, 9, 0, 11, 249.50
1734223123, 61, 14, 76, 1, 0, 0.06%, 9, 0, 11, 270.10
1734223129, 61, 15, 76, 1, 0, 0.06%, 9, 0, 11, 243.83
1734223134, 61, 20, 76, 1, 0, 0.06%, 9, 0, 11, 260.57
1734223144, 61, 22, 76, 1, 0, 0.06%, 9, 0, 11, 259.43
1734223149, 61, 23, 76, 1, 0, 0.06%, 9, 0, 11, 253.87
1734223154, 61, 72, 76, 1, 0, 0.06%, 9, 0, 11, 299.84
1734223185, 62, 11, 76, 1, 0, 0.06%, 9, 0, 11, 243.46
1734223190, 62, 12, 76, 1, 0, 0.06%, 9, 0, 11, 240.89
1734223195, 62, 13, 76, 1, 0, 0.06%, 9, 0, 11, 242.63
1734223200, 62, 14, 76, 1, 0, 0.06%, 9, 0, 11, 245.33
1734223205, 62, 15, 76, 1, 0, 0.06%, 9, 0, 11, 246.02
1734223210, 62, 20, 76, 1, 0, 0.06%, 9, 0, 11, 239.55
1734223215, 62, 22, 76, 1, 0, 0.06%, 9, 0, 11, 258.04
1734223226, 62, 23, 76, 1, 0, 0.06%, 9, 0, 11, 254.77
1734223231, 62, 42, 76, 1, 0, 0.06%, 9, 0, 11, 260.67
1734223236, 63, 10, 76, 1, 0, 0.06%, 9, 0, 11, 244.37
1734223241, 63, 12, 76, 1, 0, 0.06%, 9, 0, 11, 238.39
1734223246, 63, 13, 76, 1, 0, 0.06%, 9, 0, 11, 248.12
1734223251, 63, 14, 76, 1, 0, 0.06%, 9, 0, 11, 250.23
1734223256, 63, 15, 77, 2, 0, 0.06%, 9, 0, 11, 247.51
1734223261, 63, 20, 77, 2, 0, 0.06%, 9, 0, 11, 257.05
1734223271, 63, 22, 77, 2, 0, 0.06%, 9, 0, 11, 251.64
1734223276, 63, 23, 77, 2, 0, 0.06%, 9, 0, 11, 247.37
1734223281, 63, 43, 77, 2, 0, 0.06%, 9, 0, 11, 272.12
1734223286, 63, 51, 77, 2, 0, 0.06%, 9, 0, 11, 286.09
1734223292, 64, 7, 77, 2, 0, 0.06%, 9, 0, 11, 270.60
1734223297, 64, 11, 77, 2, 0, 0.06%, 9, 0, 11, 255.58
1734223302, 64, 12, 77, 2, 0, 0.06%, 9, 0, 11, 248.13
1734223307, 64, 13, 77, 2, 0, 0.06%, 9, 0, 11, 247.71
1734223312, 64, 14, 77, 2, 0, 0.06%, 9, 0, 11, 243.99
1734223317, 64, 15, 77, 2, 0, 0.06%, 9, 0, 11, 254.74
1734223322, 64, 20, 77, 2, 0, 0.06%, 9, 0, 11, 237.98
1734223327, 64, 21, 77, 2, 0, 0.06%, 9, 0, 11, 231.96
1734223332, 64, 22, 77, 2, 0, 0.06%, 9, 0, 11, 248.56
1734223337, 64, 23, 77, 2, 0, 0.06%, 9, 0, 11, 259.70
1734223343, 64, 54, 77, 2, 0, 0.06%, 9, 0, 11, 258.52
1734223353, 64, 59, 77, 2, 0, 0.06%, 9, 0, 11, 284.16
1734223363, 64, 76, 77, 2, 0, 0.06%, 9, 0, 11, 415.33
1734223459, 65, 11, 77, 1, 0, 0.06%, 9, 0, 11, 268.81
1734223464, 65, 12, 77, 1, 0, 0.06%, 9, 0, 11, 243.79
1734223469, 65, 13, 77, 1, 0, 0.06%, 9, 0, 11, 251.10
1734223474, 65, 14, 77, 1, 0, 0.06%, 9, 0, 11, 248.83
1734223479, 65, 15, 77, 1, 0, 0.06%, 9, 0, 11, 253.82
1734223484, 65, 20, 77, 1, 0, 0.06%, 9, 0, 11, 276.97
1734223495, 65, 22, 77, 1, 0, 0.06%, 9, 0, 11, 247.86
1734223500, 65, 23, 77, 1, 0, 0.06%, 9, 0, 11, 249.89
1734223505, 65, 33, 77, 1, 0, 0.06%, 9, 0, 11, 271.87
1734223510, 65, 38, 77, 1, 0, 0.06%, 9, 0, 11, 247.38
1734223515, 65, 54, 77, 1, 0, 0.06%, 9, 0, 11, 277.69
1734223525, 65, 75, 77, 1, 0, 0.06%, 9, 0, 11, 362.83
1734223651, 66, 10, 77, 0, 0, 0.06%, 9, 0, 11, 235.47
1734223656, 66, 12, 77, 0, 0, 0.06%, 9, 0, 11, 236.40
1734223662, 66, 13, 77, 0, 0, 0.06%, 9, 0, 11, 251.65
1734223672, 66, 14, 77, 0, 0, 0.06%, 9, 0, 11, 254.75
1734223677, 66, 15, 77, 0, 0, 0.06%, 9, 0, 11, 261.27
1734223682, 66, 20, 77, 0, 0, 0.06%, 9, 0, 11, 241.69
1734223687, 66, 22, 77, 0, 0, 0.06%, 9, 0, 11, 242.78
1734223692, 66, 23, 77, 0, 0, 0.06%, 9, 0, 11, 241.69
1734223697, 66, 45, 77, 0, 0, 0.06%, 9, 0, 11, 254.71
1734223707, 66, 51, 77, 0, 0, 0.06%, 9, 0, 11, 272.38
1734223712, 67, 10, 77, 0, 0, 0.06%, 9, 0, 11, 261.14
1734223717, 67, 11, 77, 0, 0, 0.06%, 9, 0, 11, 263.46
1734223723, 67, 12, 77, 0, 0, 0.06%, 9, 0, 11, 251.37
1734223728, 67, 13, 77, 0, 0, 0.06%, 9, 0, 11, 272.34
1734223733, 67, 14, 77, 0, 0, 0.06%, 9, 0, 11, 259.61
1734223738, 67, 15, 77, 0, 0, 0.06%, 9, 0, 11, 250.51
1734223743, 67, 20, 77, 0, 0, 0.06%, 9, 0, 11, 252.89
1734223748, 67, 22, 77, 0, 0, 0.06%, 9, 0, 11, 243.19
1734223753, 67, 23, 77, 0, 0, 0.06%, 9, 0, 11, 253.16
1734223758, 68, 9, 77, 0, 0, 0.06%, 9, 0, 11, 256.66
1734223763, 68, 11, 77, 0, 0, 0.06%, 9, 0, 11, 244.26
1734223768, 68, 12, 77, 0, 0, 0.06%, 9, 0, 11, 244.49
1734223774, 68, 13, 77, 0, 0, 0.06%, 9, 0, 11, 240.47
1734223779, 68, 14, 77, 0, 0, 0.06%, 9, 0, 11, 250.97
1734223784, 68, 15, 77, 0, 0, 0.06%, 9, 0, 11, 255.80
1734223789, 68, 20, 77, 0, 0, 0.06%, 9, 0, 11, 241.00
1734223794, 68, 22, 77, 0, 0, 0.06%, 9, 0, 11, 236.58
1734223799, 68, 23, 77, 0, 0, 0.06%, 9, 0, 11, 247.07
1734223809, 68, 39, 77, 0, 0, 0.06%, 9, 0, 11, 252.92
1734223814, 68, 50, 77, 0, 0, 0.06%, 9, 0, 11, 281.64
1734223819, 68, 57, 77, 0, 0, 0.06%, 9, 0, 11, 288.40
1734223824, 68, 58, 77, 0, 0, 0.06%, 9, 0, 11, 272.55
1734223835, 68, 69, 77, 0, 0, 0.06%, 9, 0, 11, 307.70
1734223840, 68, 72, 77, 0, 0, 0.06%, 9, 0, 11, 294.08
1734223875, 69, 11, 77, 0, 0, 0.06%, 9, 0, 11, 256.62
1734223880, 69, 12, 77, 0, 0, 0.06%, 9, 0, 11, 242.04
1734223885, 69, 13, 77, 0, 0, 0.06%, 9, 0, 11, 251.94
1734223890, 69, 14, 77, 0, 0, 0.06%, 9, 0, 11, 255.76
1734223895, 69, 15, 77, 0, 0, 0.06%, 9, 0, 11, 243.70
1734223901, 69, 20, 77, 0, 0, 0.06%, 9, 0, 11, 254.13
1734223906, 69, 22, 77, 0, 0, 0.06%, 9, 0, 11, 244.00
1734223916, 69, 23, 77, 0, 0, 0.06%, 9, 0, 11, 258.90
1734223921, 69, 28, 77, 0, 0, 0.06%, 9, 0, 11, 260.81
1734223926, 69, 37, 77, 0, 0, 0.06%, 9, 0, 11, 274.29
1734223931, 69, 51, 77, 0, 0, 0.06%, 9, 0, 11, 279.48
1734223941, 69, 54, 77, 0, 0, 0.06%, 9, 0, 11, 248.75
1734223946, 69, 56, 77, 0, 0, 0.06%, 9, 0, 11, 278.09
1734223957, 69, 60, 77, 0, 0, 0.06%, 9, 0, 11, 319.31
1734223962, 69, 62, 77, 0, 0, 0.06%, 9, 0, 11, 301.73
1734223972, 69, 68, 77, 0, 0, 0.06%, 9, 0, 11, 276.60
1734223977, 70, 11, 77, 0, 0, 0.06%, 9, 0, 11, 245.44
1734223982, 70, 12, 77, 0, 0, 0.06%, 9, 0, 11, 254.12
1734223987, 70, 13, 77, 0, 0, 0.06%, 9, 0, 11, 242.56
1734223992, 70, 14, 77, 0, 0, 0.06%, 9, 0, 11, 247.99
1734223997, 70, 15, 77, 0, 0, 0.06%, 9, 0, 11, 252.67
1734224002, 70, 20, 77, 0, 0, 0.06%, 9, 0, 11, 252.71
1734224007, 70, 22, 77, 0, 0, 0.06%, 9, 0, 11, 262.23
1734224012, 70, 23, 77, 0, 0, 0.06%, 9, 0, 11, 253.73
1734224017, 70, 33, 77, 0, 0, 0.06%, 9, 0, 11, 261.00
1734224028, 70, 56, 77, 0, 0, 0.06%, 9, 0, 11, 285.43
1734224033, 70, 63, 77, 0, 0, 0.06%, 9, 0, 11, 284.34
1734224043, 70, 72, 77, 0, 0, 0.06%, 9, 0, 11, 307.26
1734224073, 71, 11, 77, 0, 0, 0.06%, 9, 0, 11, 248.90
1734224079, 71, 12, 77, 0, 0, 0.06%, 9, 0, 11, 248.21
1734224084, 71, 13, 77, 0, 0, 0.06%, 9, 0, 11, 251.89
1734224089, 71, 14, 77, 0, 0, 0.06%, 9, 0, 11, 247.13
1734224094, 71, 15, 77, 0, 0, 0.06%, 9, 0, 11, 252.90
1734224099, 71, 20, 77, 0, 0, 0.06%, 9, 0, 11, 261.25
1734224109, 71, 22, 77, 0, 0, 0.06%, 9, 0, 11, 265.83
1734224114, 71, 23, 77, 0, 0, 0.06%, 9, 0, 11, 269.65
1734224119, 71, 37, 77, 0, 0, 0.06%, 9, 0, 11, 270.28
1734224124, 71, 52, 77, 0, 0, 0.06%, 9, 0, 11, 274.10
1734224129, 71, 54, 77, 0, 0, 0.06%, 9, 0, 11, 270.88
1734224139, 72, 11, 77, 0, 0, 0.06%, 9, 0, 11, 241.87
1734224144, 72, 12, 77, 0, 0, 0.06%, 9, 0, 11, 244.31
1734224150, 72, 13, 77, 0, 0, 0.06%, 9, 0, 11, 237.63
1734224155, 72, 14, 77, 0, 0, 0.06%, 9, 0, 11, 240.87
1734224160, 72, 15, 77, 0, 0, 0.06%, 9, 0, 11, 241.48
1734224165, 72, 16, 77, 0, 0, 0.06%, 9, 0, 11, 256.78
1734224175, 72, 20, 77, 0, 0, 0.06%, 9, 0, 11, 252.05
1734224180, 72, 22, 77, 0, 0, 0.06%, 9, 0, 11, 249.56
1734224185, 72, 23, 77, 0, 0, 0.06%, 9, 0, 11, 238.67
1734224190, 72, 38, 77, 0, 0, 0.06%, 9, 0, 11, 247.96
1734224195, 72, 43, 77, 0, 0, 0.06%, 9, 0, 11, 245.84
1734224200, 73, 10, 77, 0, 0, 0.06%, 9, 0, 11, 264.52
1734224205, 73, 12, 77, 0, 0, 0.06%, 9, 0, 11, 259.73
1734224216, 73, 13, 77, 0, 0, 0.06%, 9, 0, 11, 257.12
1734224221, 73, 14, 77, 0, 0, 0.06%, 9, 0, 11, 251.32
1734224226, 73, 15, 77, 0, 0, 0.06%, 9, 0, 11, 248.62
1734224231, 73, 20, 77, 0, 0, 0.06%, 9, 0, 11, 236.40
1734224236, 73, 22, 77, 0, 0, 0.06%, 9, 0, 11, 239.37
1734224241, 73, 23, 77, 0, 0, 0.06%, 9, 0, 11, 246.03
1734224246, 73, 30, 77, 0, 0, 0.06%, 9, 0, 11, 264.57
1734224251, 73, 71, 77, 0, 0, 0.06%, 9, 0, 11, 265.70
1734224287, 74, 10, 77, 0, 0, 0.06%, 9, 0, 11, 241.00
1734224292, 74, 11, 77, 0, 0, 0.06%, 9, 0, 11, 261.24
1734224297, 74, 12, 77, 0, 0, 0.06%, 9, 0, 11, 243.18
1734224302, 74, 13, 77, 0, 0, 0.06%, 9, 0, 11, 262.36
1734224307, 74, 14, 77, 0, 0, 0.06%, 9, 0, 11, 243.89
1734224312, 74, 15, 77, 0, 0, 0.06%, 9, 0, 11, 240.02
1734224317, 74, 20, 77, 0, 0, 0.06%, 9, 0, 11, 261.62
1734224322, 74, 22, 77, 0, 0, 0.06%, 9, 0, 11, 234.61
1734224328, 74, 23, 77, 0, 0, 0.06%, 9, 0, 11, 237.81
1734224333, 74, 59, 77, 0, 0, 0.06%, 9, 0, 11, 271.43
1734224343, 74, 61, 77, 0, 0, 0.06%, 9, 0, 11, 295.31
1734224348, 74, 64, 77, 0, 0, 0.06%, 9, 0, 11, 291.41
1734224358, 75, 11, 77, 0, 0, 0.06%, 9, 0, 11, 267.14
1734224363, 75, 12, 77, 0, 0, 0.06%, 9, 0, 11, 245.11
1734224368, 75, 13, 77, 0, 0, 0.06%, 9, 0, 11, 247.70
1734224373, 75, 14, 77, 0, 0, 0.06%, 9, 0, 11, 241.79
1734224378, 75, 15, 77, 0, 0, 0.06%, 9, 0, 11, 256.95
1734224388, 75, 20, 77, 0, 0, 0.06%, 9, 0, 11, 259.02
1734224393, 75, 21, 77, 0, 0, 0.06%, 9, 0, 11, 254.86
1734224398, 75, 22, 77, 0, 0, 0.06%, 9, 0, 11, 262.87
1734224403, 75, 23, 77, 0, 0, 0.06%, 9, 0, 11, 271.30
1734224408, 75, 26, 77, 0, 0, 0.06%, 9, 0, 11, 249.90
1734224414, 75, 50, 77, 0, 0, 0.06%, 9, 0, 11, 271.38
1734224419, 75, 62, 77, 0, 0, 0.06%, 9, 0, 11, 292.30
1734224429, 76, 11, 77, 0, 0, 0.06%, 9, 0, 11, 258.83
1734224434, 76, 12, 77, 0, 0, 0.06%, 9, 0, 11, 257.63
1734224439, 76, 13, 77, 0, 0, 0.06%, 9, 0, 11, 246.01
1734224444, 76, 14, 77, 0, 0, 0.06%, 9, 0, 11, 237.02
1734224449, 76, 15, 77, 0, 0, 0.06%, 9, 0, 11, 238.57
1734224455, 76, 18, 77, 0, 0, 0.06%, 9, 0, 11, 247.70
1734224460, 76, 20, 77, 0, 0, 0.06%, 9, 0, 11, 255.33
1734224470, 76, 22, 77, 0, 0, 0.06%, 9, 0, 11, 251.89
1734224475, 76, 23, 77, 0, 0, 0.06%, 9, 0, 11, 255.65
1734224480, 76, 24, 77, 0, 0, 0.06%, 9, 0, 11, 257.58
1734224485, 76, 51, 77, 0, 0, 0.06%, 9, 0, 11, 278.62
1734224490, 76, 52, 77, 0, 0, 0.06%, 9, 0, 11, 258.12
1734224500, 76, 60, 77, 0, 0, 0.06%, 9, 0, 11, 303.73
1734224505, 76, 66, 77, 0, 0, 0.06%, 9, 0, 11, 289.29
1734224515, 76, 72, 77, 0, 0, 0.06%, 9, 0, 11, 297.25
1734224541, 77, 10, 77, 0, 0, 0.06%, 9, 0, 11, 255.11
1734224546, 77, 12, 77, 0, 0, 0.06%, 9, 0, 11, 238.56
1734224551, 77, 13, 77, 0, 0, 0.06%, 9, 0, 11, 249.45
1734224556, 77, 14, 77, 0, 0, 0.06%, 9, 0, 11, 243.54
1734224561, 77, 15, 77, 0, 0, 0.06%, 9, 0, 11, 255.13
1734224571, 77, 16, 77, 0, 0, 0.06%, 9, 0, 11, 268.56
1734224576, 77, 20, 77, 0, 0, 0.06%, 9, 0, 11, 242.45
1734224581, 77, 22, 77, 0, 0, 0.06%, 9, 0, 11, 248.61
1734224586, 77, 23, 77, 0, 0, 0.06%, 9, 0, 11, 259.26
1734224591, 77, 26, 77, 0, 0, 0.06%, 9, 0, 11, 258.52
1734224596, 77, 27, 77, 0, 0, 0.06%, 9, 0, 11, 259.70
1734224601, 77, 35, 77, 0, 0, 0.06%, 9, 0, 11, 273.84
1734224606, 77, 37, 77, 0, 0, 0.06%, 9, 0, 11, 261.87
1734224612, 77, 75, 77, 0, 0, 0.06%, 9, 0, 11, 273.43
1734224647, 78, 10, 77, 0, 0, 0.06%, 9, 0, 11, 240.13
1734224652, 78, 11, 77, 0, 0, 0.06%, 9, 0, 11, 248.58
1734224657, 78, 12, 77, 0, 0, 0.06%, 9, 0, 11, 235.63
1734224662, 78, 13, 77, 0, 0, 0.06%, 9, 0, 11, 255.35
1734224667, 78, 14, 77, 0, 0, 0.06%, 9, 0, 11, 260.35
1734224673, 78, 15, 77, 0, 0, 0.06%, 9, 0, 11, 252.82
1734224678, 78, 20, 77, 0, 0, 0.06%, 9, 0, 11, 256.41
1734224683, 78, 22, 77, 0, 0, 0.06%, 9, 0, 11, 247.19
1734224688, 78, 23, 77, 0, 0, 0.06%, 9, 0, 11, 251.64
1734224693, 78, 26, 77, 0, 0, 0.06%, 9, 0, 11, 257.34
1734224703, 78, 57, 77, 0, 0, 0.06%, 9, 0, 11, 280.48
1734224708, 79, 10, 77, 0, 0, 0.06%, 9, 0, 11, 253.17
1734224713, 79, 12, 77, 0, 0, 0.06%, 9, 0, 11, 247.97
1734224718, 79, 13, 77, 0, 0, 0.06%, 9, 0, 11, 241.78
1734224729, 79, 14, 77, 0, 0, 0.06%, 9, 0, 11, 244.21
1734224734, 79, 15, 77, 0, 0, 0.06%, 9, 0, 11, 246.16
1734224739, 79, 20, 77, 0, 0, 0.06%, 9, 0, 11, 246.74
1734224744, 79, 22, 77, 0, 0, 0.06%, 9, 0, 11, 240.09
1734224749, 79, 23, 77, 0, 0, 0.06%, 9, 0, 11, 241.66
1734224754, 79, 37, 77, 0, 0, 0.06%, 9, 0, 11, 253.68
1734224759, 79, 39, 77, 0, 0, 0.06%, 9, 0, 11, 258.33
1734224764, 80, 2, 77, 0, 0, 0.06%, 9, 0, 11, 241.42
1734224769, 80, 11, 77, 0, 0, 0.06%, 9, 0, 11, 248.17
1734224774, 80, 12, 77, 0, 0, 0.06%, 9, 0, 11, 258.09
1734224779, 80, 13, 77, 0, 0, 0.06%, 9, 0, 11, 243.94
1734224784, 80, 14, 77, 0, 0, 0.06%, 9, 0, 11, 242.50
1734224790, 80, 15, 77, 0, 0, 0.06%, 9, 0, 11, 245.28
1734224795, 80, 20, 77, 0, 0, 0.06%, 9, 0, 11, 248.70
1734224800, 80, 22, 77, 0, 0, 0.06%, 9, 0, 11, 265.31
1734224810, 80, 23, 77, 0, 0, 0.06%, 9, 0, 11, 252.17
1734224815, 80, 41, 77, 0, 0, 0.06%, 9, 0, 11, 280.98
1734224820, 80, 42, 77, 0, 0, 0.06%, 9, 0, 11, 269.68
1734224825, 80, 62, 77, 0, 0, 0.06%, 9, 0, 11, 284.42
1734224830, 80, 67, 77, 0, 0, 0.06%, 9, 0, 11, 279.49
1734224835, 81, 0, 77, 0, 0, 0.06%, 9, 0, 11, 257.63
1734224840, 81, 11, 77, 0, 0, 0.06%, 9, 0, 11, 245.59
1734224845, 81, 12, 77, 0, 0, 0.06%, 9, 0, 11, 239.81
1734224850, 81, 13, 77, 0, 0, 0.06%, 9, 0, 11, 238.16
1734224855, 81, 14, 77, 0, 0, 0.06%, 9, 0, 11, 246.04
1734224860, 81, 15, 77, 0, 0, 0.06%, 9, 0, 11, 250.36
1734224865, 81, 20, 77, 0, 0, 0.06%, 9, 0, 11, 244.26
1734224870, 81, 22, 77, 0, 0, 0.06%, 9, 0, 11, 245.50
1734224881, 81, 23, 77, 0, 0, 0.06%, 9, 0, 11, 231.63
1734224886, 81, 24, 77, 0, 0, 0.06%, 9, 0, 11, 237.18
1734224891, 81, 30, 77, 0, 0, 0.06%, 9, 0, 11, 260.67
1734224896, 81, 52, 77, 0, 0, 0.06%, 9, 0, 11, 276.27
1734224906, 81, 58, 77, 0, 0, 0.06%, 9, 0, 11, 296.11
1734224911, 82, 10, 77, 0, 0, 0.06%, 9, 0, 11, 271.03
1734224916, 82, 12, 77, 0, 0, 0.06%, 9, 0, 11, 247.18
1734224921, 82, 13, 77, 0, 0, 0.06%, 9, 0, 11, 253.48
1734224927, 82, 14, 77, 0, 0, 0.06%, 9, 0, 11, 245.89
1734224932, 82, 15, 77, 0, 0, 0.06%, 9, 0, 11, 243.94
1734224937, 82, 20, 77, 0, 0, 0.06%, 9, 0, 11, 260.03
1734224947, 82, 22, 77, 0, 0, 0.06%, 9, 0, 11, 267.08
1734224952, 82, 23, 77, 0, 0, 0.06%, 9, 0, 11, 261.48
1734224957, 82, 24, 77, 0, 0, 0.06%, 9, 0, 11, 253.61
1734224962, 82, 51, 77, 0, 0, 0.06%, 9, 0, 11, 274.17
1734224972, 82, 58, 77, 0, 0, 0.06%, 9, 0, 11, 270.78
1734224977, 82, 65, 77, 0, 0, 0.06%, 9, 0, 11, 291.34
1734224987, 83, 11, 77, 0, 0, 0.06%, 9, 0, 11, 256.87
1734224993, 83, 12, 77, 0, 0, 0.06%, 9, 0, 11, 248.31
1734224998, 83, 13, 77, 0, 0, 0.06%, 9, 0, 11, 249.23
1734225003, 83, 14, 77, 0, 0, 0.06%, 9, 0, 11, 235.49
1734225008, 83, 15, 77, 0, 0, 0.06%, 9, 0, 11, 246.86
1734225013, 83, 20, 77, 0, 0, 0.06%, 9, 0, 11, 251.92
1734225018, 83, 22, 77, 0, 0, 0.06%, 9, 0, 11, 246.57
1734225028, 83, 23, 77, 0, 0, 0.06%, 9, 0, 11, 265.46
1734225033, 83, 24, 77, 0, 0, 0.06%, 9, 0, 11, 258.40
1734225038, 83, 33, 77, 0, 0, 0.06%, 9, 0, 11, 277.75
1734225043, 84, 11, 77, 0, 0, 0.06%, 9, 0, 11, 249.53
1734225048, 84, 12, 77, 0, 0, 0.06%, 9, 0, 11, 241.07
1734225053, 84, 13, 77, 0, 0, 0.06%, 9, 0, 11, 240.42
1734225058, 84, 14, 77, 0, 0, 0.06%, 9, 0, 11, 238.24
1734225069, 84, 15, 77, 0, 0, 0.06%, 9, 0, 11, 259.70
1734225074, 84, 20, 77, 0, 0, 0.06%, 9, 0, 11, 239.57
1734225079, 84, 22, 77, 0, 0, 0.06%, 9, 0, 11, 257.40
1734225084, 84, 23, 77, 0, 0, 0.06%, 9, 0, 11, 259.12
1734225089, 85, 10, 77, 0, 0, 0.06%, 9, 0, 11, 237.50
1734225094, 85, 12, 77, 0, 0, 0.06%, 9, 0, 11, 254.48
1734225099, 85, 13, 77, 0, 0, 0.06%, 9, 0, 11, 267.34
1734225105, 85, 14, 77, 0, 0, 0.06%, 9, 0, 11, 260.60
1734225110, 85, 15, 77, 0, 0, 0.06%, 9, 0, 11, 258.83
1734225120, 85, 20, 77, 0, 0, 0.06%, 9, 0, 11, 240.95
1734225125, 85, 22, 77, 0, 0, 0.06%, 9, 0, 11, 265.14
1734225130, 85, 23, 77, 0, 0, 0.06%, 9, 0, 11, 238.87
1734225135, 85, 28, 77, 0, 0, 0.06%, 9, 0, 11, 261.55
1734225140, 85, 34, 77, 0, 0, 0.06%, 9, 0, 11, 258.50
1734225146, 85, 37, 77, 0, 0, 0.06%, 9, 0, 11, 258.62
1734225151, 86, 10, 77, 0, 0, 0.06%, 9, 0, 11, 256.90
1734225156, 86, 12, 77, 0, 0, 0.06%, 9, 0, 11, 260.14
1734225166, 86, 13, 77, 0, 0, 0.06%, 9, 0, 11, 263.30
1734225171, 86, 14, 77, 0, 0, 0.06%, 9, 0, 11, 277.71
1734225176, 86, 15, 77, 0, 0, 0.06%, 9, 0, 11, 274.84
1734225181, 86, 17, 77, 0, 0, 0.06%, 9, 0, 11, 265.16
1734225186, 86, 20, 77, 0, 0, 0.06%, 9, 0, 11, 245.32
1734225191, 86, 22, 77, 0, 0, 0.06%, 9, 0, 11, 226.31
1734225196, 86, 23, 77, 0, 0, 0.06%, 9, 0, 11, 257.29
1734225202, 86, 32, 77, 0, 0, 0.06%, 9, 0, 11, 264.40
1734225207, 86, 35, 77, 0, 0, 0.06%, 9, 0, 11, 250.24
1734225217, 86, 44, 77, 0, 0, 0.06%, 9, 0, 11, 255.97
1734225222, 86, 69, 77, 0, 0, 0.06%, 9, 0, 11, 303.62
1734225232, 87, 11, 77, 0, 0, 0.06%, 9, 0, 11, 252.96
1734225237, 87, 12, 77, 0, 0, 0.06%, 9, 0, 11, 247.59
1734225242, 87, 13, 77, 0, 0, 0.06%, 9, 0, 11, 245.26
1734225247, 87, 14, 77, 0, 0, 0.06%, 9, 0, 11, 240.32
1734225252, 87, 15, 77, 0, 0, 0.06%, 9, 0, 11, 239.14
1734225257, 87, 20, 77, 0, 0, 0.06%, 9, 0, 11, 246.18
1734225263, 87, 22, 77, 0, 0, 0.06%, 9, 0, 11, 244.78
1734225273, 87, 23, 77, 0, 0, 0.06%, 9, 0, 11, 240.91
1734225278, 87, 60, 77, 0, 0, 0.06%, 9, 0, 11, 295.17
1734225283, 88, 10, 77, 0, 0, 0.06%, 9, 0, 11, 255.66
1734225288, 88, 12, 77, 0, 0, 0.06%, 9, 0, 11, 250.70
1734225298, 88, 13, 77, 0, 0, 0.06%, 9, 0, 11, 249.61
1734225303, 88, 14, 77, 0, 0, 0.06%, 9, 0, 11, 258.95
1734225308, 88, 15, 77, 0, 0, 0.06%, 9, 0, 11, 262.26
1734225313, 88, 19, 77, 0, 0, 0.06%, 9, 0, 11, 263.77
1734225318, 88, 20, 77, 0, 0, 0.06%, 9, 0, 11, 242.66
1734225324, 88, 22, 77, 0, 0, 0.06%, 9, 0, 11, 244.89
1734225329, 88, 23, 77, 0, 0, 0.06%, 9, 0, 11, 251.55
1734225334, 88, 35, 77, 0, 0, 0.06%, 9, 0, 11, 242.97
1734225344, 88, 41, 77, 0, 0, 0.06%, 9, 0, 11, 271.53
1734225349, 88, 52, 77, 0, 0, 0.06%, 9, 0, 11, 275.85
1734225354, 88, 74, 77, 0, 0, 0.06%, 9, 0, 11, 275.38
1734225390, 89, 11, 77, 0, 0, 0.06%, 9, 0, 11, 250.90
1734225395, 89, 12, 77, 0, 0, 0.06%, 9, 0, 11, 256.95
1734225400, 89, 13, 77, 0, 0, 0.06%, 9, 0, 11, 245.49
1734225405, 89, 14, 77, 0, 0, 0.06%, 9, 0, 11, 233.24
1734225410, 89, 15, 77, 0, 0, 0.06%, 9, 0, 11, 228.09
1734225415, 89, 20, 77, 0, 0, 0.06%, 9, 0, 11, 248.38
1734225420, 89, 22, 77, 0, 0, 0.06%, 9, 0, 11, 258.78
1734225430, 89, 23, 77, 0, 0, 0.06%, 9, 0, 11, 276.04
1734225435, 89, 28, 77, 0, 0, 0.06%, 9, 0, 11, 278.73
1734225441, 89, 30, 77, 0, 0, 0.06%, 9, 0, 11, 282.44
1734225446, 89, 38, 77, 0, 0, 0.06%, 9, 0, 11, 253.74
1734225451, 89, 39, 77, 0, 0, 0.06%, 9, 0, 11, 269.84
1734225456, 89, 48, 77, 0, 0, 0.06%, 9, 0, 11, 296.69
1734225461, 89, 64, 77, 0, 0, 0.06%, 9, 0, 11, 296.78
1734225471, 89, 66, 77, 0, 0, 0.06%, 9, 0, 11, 281.73
1734225476, 89, 69, 77, 0, 0, 0.06%, 9, 0, 11, 301.12
1734225481, 90, 7, 77, 0, 0, 0.06%, 9, 0, 11, 265.29
1734225486, 90, 11, 77, 0, 0, 0.06%, 9, 0, 11, 245.61
1734225492, 90, 12, 77, 0, 0, 0.06%, 9, 0, 11, 245.97
1734225497, 90, 13, 77, 0, 0, 0.06%, 9, 0, 11, 234.93
1734225502, 90, 14, 77, 0, 0, 0.06%, 9, 0, 11, 228.59
1734225507, 90, 15, 77, 0, 0, 0.06%, 9, 0, 11, 238.58
1734225512, 90, 16, 77, 0, 0, 0.06%, 9, 0, 11, 258.82
1734225517, 90, 20, 77, 0, 0, 0.06%, 9, 0, 11, 256.13
1734225527, 90, 22, 77, 0, 0, 0.06%, 9, 0, 11, 242.19
1734225532, 90, 23, 77, 0, 0, 0.06%, 9, 0, 11, 245.53
1734225537, 90, 49, 77, 0, 0, 0.06%, 9, 0, 11, 260.63
1734225548, 90, 69, 77, 0, 0, 0.06%, 9, 0, 11, 282.43
1734225553, 91, 10, 77, 0, 0, 0.06%, 9, 0, 11, 272.76
1734225558, 91, 11, 77, 0, 0, 0.06%, 9, 0, 11, 253.29
1734225563, 91, 12, 77, 0, 0, 0.06%, 9, 0, 11, 259.18
1734225568, 91, 13, 77, 0, 0, 0.06%, 9, 0, 11, 252.34
1734225573, 91, 14, 77, 0, 0, 0.06%, 9, 0, 11, 250.33
1734225578, 91, 15, 77, 0, 0, 0.06%, 9, 0, 11, 252.71
1734225583, 91, 20, 77, 0, 0, 0.06%, 9, 0, 11, 242.92
1734225588, 91, 21, 77, 0, 0, 0.06%, 9, 0, 11, 251.03
1734225593, 91, 22, 77, 0, 0, 0.06%, 9, 0, 11, 258.89
1734225598, 91, 23, 77, 0, 0, 0.06%, 9, 0, 11, 255.98
1734225603, 91, 28, 77, 0, 0, 0.06%, 9, 0, 11, 270.32
1734225609, 91, 50, 77, 0, 0, 0.06%, 9, 0, 11, 268.45
1734225619, 91, 67, 77, 0, 0, 0.06%, 9, 0, 11, 273.76
1734225624, 91, 69, 77, 0, 0, 0.06%, 9, 0, 11, 287.41
1734225629, 92, 10, 77, 0, 0, 0.06%, 9, 0, 11, 257.07
1734225634, 92, 12, 77, 0, 0, 0.06%, 9, 0, 11, 259.10
1734225644, 92, 13, 77, 0, 0, 0.06%, 9, 0, 11, 248.45
1734225649, 92, 14, 77, 0, 0, 0.06%, 9, 0, 11, 273.80
1734225654, 92, 15, 77, 0, 0, 0.06%, 9, 0, 11, 247.67
1734225659, 92, 20, 77, 0, 0, 0.06%, 9, 0, 11, 234.07
1734225664, 92, 22, 77, 0, 0, 0.06%, 9, 0, 11, 229.84
1734225670, 92, 23, 77, 0, 0, 0.06%, 9, 0, 11, 249.81
1734225675, 92, 31, 77, 0, 0, 0.06%, 9, 0, 11, 267.41
1734225680, 92, 50, 77, 0, 0, 0.06%, 9, 0, 11, 256.03
1734225690, 92, 53, 77, 0, 0, 0.06%, 9, 0, 11, 262.17
1734225695, 92, 58, 77, 0, 0, 0.06%, 9, 0, 11, 262.52
1734225705, 93, 11, 77, 0, 0, 0.06%, 9, 0, 11, 252.96
1734225710, 93, 12, 77, 0, 0, 0.06%, 9, 0, 11, 238.72
1734225715, 93, 13, 77, 0, 0, 0.06%, 9, 0, 11, 248.30
1734225720, 93, 14, 77, 0, 0, 0.06%, 9, 0, 11, 239.70
1734225725, 93, 15, 77, 0, 0, 0.06%, 9, 0, 11, 251.19
1734225730, 93, 20, 77, 0, 0, 0.06%, 9, 0, 11, 254.69
1734225741, 93, 22, 77, 0, 0, 0.06%, 9, 0, 11, 260.59
1734225746, 93, 23, 77, 0, 0, 0.06%, 9, 0, 11, 266.77
1734225751, 93, 44, 77, 0, 0, 0.06%, 9, 0, 11, 259.03
1734225756, 93, 46, 77, 0, 0, 0.06%, 9, 0, 11, 277.26
1734225766, 93, 52, 77, 0, 0, 0.06%, 9, 0, 11, 277.84
1734225776, 93, 54, 77, 0, 0, 0.06%, 9, 0, 11, 269.08
1734225781, 93, 59, 77, 0, 0, 0.06%, 9, 0, 11, 297.94
1734225792, 94, 11, 77, 0, 0, 0.06%, 9, 0, 11, 248.28
1734225797, 94, 12, 77, 0, 0, 0.06%, 9, 0, 11, 252.54
1734225802, 94, 13, 77, 0, 0, 0.06%, 9, 0, 11, 251.85
1734225807, 94, 14, 77, 0, 0, 0.06%, 9, 0, 11, 249.11
1734225812, 94, 15, 77, 0, 0, 0.06%, 9, 0, 11, 243.17
1734225817, 94, 20, 77, 0, 0, 0.06%, 9, 0, 11, 249.45
1734225822, 94, 22, 77, 0, 0, 0.06%, 9, 0, 11, 238.76
1734225827, 94, 23, 77, 0, 0, 0.06%, 9, 0, 11, 252.61
1734225832, 94, 61, 77, 0, 0, 0.06%, 9, 0, 11, 279.82
1734225842, 94, 71, 77, 0, 0, 0.06%, 9, 0, 11, 281.71
1734225873, 94, 75, 77, 0, 0, 0.06%, 9, 0, 11, 293.51
1734225903, 95, 10, 77, 0, 0, 0.06%, 9, 0, 11, 273.02
1734225908, 95, 12, 77, 0, 0, 0.06%, 9, 0, 11, 269.13
1734225918, 95, 13, 77, 0, 0, 0.06%, 9, 0, 11, 254.58
1734225923, 95, 14, 77, 0, 0, 0.06%, 9, 0, 11, 251.06
1734225928, 95, 15, 77, 0, 0, 0.06%, 9, 0, 11, 249.82
1734225933, 95, 17, 77, 0, 0, 0.06%, 9, 0, 11, 250.29
1734225938, 95, 20, 77, 0, 0, 0.06%, 9, 0, 11, 232.55
1734225944, 95, 22, 77, 0, 0, 0.06%, 9, 0, 11, 238.14
1734225949, 95, 23, 77, 0, 0, 0.06%, 9, 0, 11, 237.37
1734225959, 95, 29, 77, 0, 0, 0.06%, 9, 0, 11, 269.38
1734225964, 95, 76, 77, 0, 0, 0.06%, 9, 0, 11, 293.70
1734225984, 96, 11, 77, 0, 0, 0.06%, 9, 0, 11, 251.85
1734225989, 96, 12, 77, 0, 0, 0.06%, 9, 0, 11, 246.93
1734225994, 96, 13, 77, 0, 0, 0.06%, 9, 0, 11, 254.93
1734225999, 96, 14, 77, 0, 0, 0.06%, 9, 0, 11, 247.42
1734226004, 96, 15, 77, 0, 0, 0.06%, 9, 0, 11, 244.08
1734226009, 96, 20, 77, 0, 0, 0.06%, 9, 0, 11, 250.77
1734226020, 96, 22, 77, 0, 0, 0.06%, 9, 0, 11, 269.02
1734226025, 96, 23, 77, 0, 0, 0.06%, 9, 0, 11, 247.93
1734226030, 96, 54, 77, 0, 0, 0.06%, 9, 0, 11, 267.40
1734226035, 97, 10, 77, 0, 0, 0.06%, 9, 0, 11, 256.14
1734226040, 97, 11, 77, 0, 0, 0.06%, 9, 0, 11, 249.56
1734226045, 97, 12, 77, 0, 0, 0.06%, 9, 0, 11, 242.18
1734226050, 97, 13, 77, 0, 0, 0.06%, 9, 0, 11, 264.66
1734226055, 97, 14, 77, 0, 0, 0.06%, 9, 0, 11, 268.29
1734226060, 97, 15, 77, 0, 0, 0.06%, 9, 0, 11, 265.96
1734226065, 97, 20, 77, 0, 0, 0.06%, 9, 0, 11, 245.09
1734226070, 97, 21, 77, 0, 0, 0.06%, 9, 0, 11, 248.50
1734226075, 97, 22, 77, 0, 0, 0.06%, 9, 0, 11, 243.18
1734226080, 97, 23, 77, 0, 0, 0.06%, 9, 0, 11, 235.65
1734226085, 97, 24, 77, 0, 0, 0.06%, 9, 0, 11, 259.13
1734226096, 97, 38, 77, 0, 0, 0.06%, 9, 0, 11, 264.99
1734226101, 97, 68, 77, 0, 0, 0.06%, 9, 0, 11, 278.07
1734226106, 98, 10, 77, 0, 0, 0.06%, 9, 0, 11, 262.20
1734226111, 98, 12, 77, 0, 0, 0.06%, 9, 0, 11, 246.72
1734226116, 98, 13, 77, 0, 0, 0.06%, 9, 0, 11, 253.87
1734226121, 98, 14, 77, 0, 0, 0.06%, 9, 0, 11, 254.81
1734226126, 98, 15, 77, 0, 0, 0.06%, 9, 0, 11, 247.34
1734226136, 98, 20, 77, 0, 0, 0.06%, 9, 0, 11, 231.15
1734226141, 98, 22, 77, 0, 0, 0.06%, 9, 0, 11, 258.66
1734226146, 98, 23, 77, 0, 0, 0.06%, 9, 0, 11, 248.95
1734226151, 98, 24, 77, 0, 0, 0.06%, 9, 0, 11, 262.40
1734226156, 98, 40, 77, 0, 0, 0.06%, 9, 0, 11, 252.69
1734226162, 98, 46, 77, 0, 0, 0.06%, 9, 0, 11, 282.79
1734226172, 98, 48, 77, 0, 0, 0.06%, 9, 0, 11, 306.23
1734226177, 98, 49, 77, 0, 0, 0.06%, 9, 0, 11, 287.91
1734226187, 98, 50, 77, 0, 0, 0.06%, 9, 0, 11, 274.26
1734226192, 98, 52, 77, 0, 0, 0.06%, 9, 0, 11, 272.42
1734226197, 98, 69, 77, 0, 0, 0.06%, 9, 0, 11, 310.17
1734226207, 98, 73, 77, 0, 0, 0.06%, 9, 0, 11, 271.16
1734226237, 99, 10, 77, 0, 0, 0.06%, 9, 0, 11, 257.16
1734226243, 99, 11, 77, 0, 0, 0.06%, 9, 0, 11, 244.90
1734226248, 99, 12, 77, 0, 0, 0.06%, 9, 0, 11, 265.20
1734226253, 99, 13, 77, 0, 0, 0.06%, 9, 0, 11, 264.46
1734226258, 99, 14, 77, 0, 0, 0.06%, 9, 0, 11, 247.70
1734226263, 99, 15, 77, 0, 0, 0.06%, 9, 0, 11, 242.18
1734226268, 99, 20, 77, 0, 0, 0.06%, 9, 0, 11, 243.50
1734226273, 99, 22, 77, 0, 0, 0.06%, 9, 0, 11, 243.73
1734226283, 99, 23, 77, 0, 0, 0.06%, 9, 0, 11, 271.54
1734226288, 100, 11, 77, 0, 0, 0.06%, 9, 0, 11, 244.69
1734226293, 100, 12, 77, 0, 0, 0.06%, 9, 0, 11, 260.25
1734226298, 100, 13, 77, 0, 0, 0.06%, 9, 0, 11, 246.11
1734226303, 100, 14, 77, 0, 0, 0.06%, 9, 0, 11, 244.27
1734226308, 100, 15, 77, 0, 0, 0.06%, 9, 0, 11, 249.82
1734226314, 100, 20, 77, 0, 0, 0.06%, 9, 0, 11, 258.84
1734226324, 100, 22, 77, 0, 0, 0.06%, 9, 0, 11, 247.63
1734226329, 100, 23, 77, 0, 0, 0.06%, 9, 0, 11, 258.78
1734226334, 100, 28, 77, 0, 0, 0.06%, 9, 0, 11, 262.04
1734226339, 100, 45, 77, 0, 0, 0.06%, 9, 0, 11, 244.22
1734226349, 100, 51, 77, 0, 0, 0.06%, 9, 0, 11, 273.06
1734226355, 100, 58, 77, 0, 0, 0.06%, 9, 0, 11, 259.70
1734226365, 100, 61, 77, 0, 0, 0.06%, 9, 0, 11, 308.71
1734226370, 101, 5, 77, 0, 0, 0.06%, 9, 0, 11, 273.37
1734226375, 101, 11, 77, 0, 0, 0.06%, 9, 0, 11, 255.35
1734226380, 101, 12, 77, 0, 0, 0.06%, 9, 0, 11, 252.77
1734226385, 101, 13, 77, 0, 0, 0.06%, 9, 0, 11, 254.86
1734226390, 101, 14, 77, 0, 0, 0.06%, 9, 0, 11, 239.96
1734226395, 101, 15, 77, 0, 0, 0.06%, 9, 0, 11, 248.68
1734226400, 101, 20, 77, 0, 0, 0.06%, 9, 0, 11, 259.35
1734226410, 101, 22, 77, 0, 0, 0.06%, 9, 0, 11, 255.21
1734226416, 101, 23, 77, 0, 0, 0.06%, 9, 0, 11, 271.39
1734226421, 101, 31, 77, 0, 0, 0.06%, 9, 0, 11, 250.40
1734226426, 101, 39, 77, 0, 0, 0.06%, 9, 0, 11, 257.39
1734226431, 101, 50, 77, 0, 0, 0.06%, 9, 0, 11, 269.67
1734226436, 102, 10, 77, 0, 0, 0.06%, 9, 0, 11, 248.52
1734226441, 102, 11, 77, 0, 0, 0.06%, 9, 0, 11, 249.50
1734226446, 102, 12, 77, 0, 0, 0.06%, 9, 0, 11, 255.88
1734226451, 102, 13, 77, 0, 0, 0.06%, 9, 0, 11, 256.54
1734226456, 102, 14, 77, 0, 0, 0.06%, 9, 0, 11, 254.36
1734226461, 102, 15, 77, 0, 0, 0.06%, 9, 0, 11, 253.63
1734226467, 102, 20, 77, 0, 0, 0.06%, 9, 0, 11, 262.11
1734226472, 102, 22, 77, 0, 0, 0.06%, 9, 0, 11, 240.13
1734226477, 102, 23, 77, 0, 0, 0.06%, 9, 0, 11, 239.91
1734226482, 102, 34, 77, 0, 0, 0.06%, 9, 0, 11, 249.21
1734226487, 102, 54, 77, 0, 0, 0.06%, 9, 0, 11, 269.73
1734226497, 102, 57, 77, 0, 0, 0.06%, 9, 0, 11, 302.65
1734226507, 102, 58, 77, 0, 0, 0.06%, 9, 0, 11, 273.50
1734226512, 102, 59, 77, 0, 0, 0.06%, 9, 0, 11, 298.62
1734226522, 102, 74, 77, 0, 0, 0.06%, 9, 0, 11, 292.78
1734226553, 103, 11, 77, 0, 0, 0.06%, 9, 0, 11, 263.27
1734226558, 103, 12, 77, 0, 0, 0.06%, 9, 0, 11, 249.96
1734226563, 103, 13, 77, 0, 0, 0.06%, 9, 0, 11, 266.46
1734226568, 103, 14, 77, 0, 0, 0.06%, 9, 0, 11, 254.12
1734226573, 103, 15, 77, 0, 0, 0.06%, 9, 0, 11, 242.34
1734226578, 103, 20, 77, 0, 0, 0.06%, 9, 0, 11, 246.72
1734226583, 103, 22, 77, 0, 0, 0.06%, 9, 0, 11, 241.57
1734226593, 103, 23, 77, 0, 0, 0.06%, 9, 0, 11, 255.45
1734226598, 103, 27, 77, 0, 0, 0.06%, 9, 0, 11, 269.98
1734226603, 103, 57, 77, 0, 0, 0.06%, 9, 0, 11, 282.20
1734226608, 103, 67, 77, 0, 0, 0.06%, 9, 0, 11, 277.71
1734226613, 104, 10, 77, 0, 0, 0.06%, 9, 0, 11, 265.39
1734226618, 104, 12, 77, 0, 0, 0.06%, 9, 0, 11, 246.39
1734226623, 104, 13, 77, 0, 0, 0.06%, 9, 0, 11, 250.99
1734226629, 104, 14, 77, 0, 0, 0.06%, 9, 0, 11, 252.37
1734226634, 104, 15, 77, 0, 0, 0.06%, 9, 0, 11, 260.58
1734226644, 104, 20, 77, 0, 0, 0.06%, 9, 0, 11, 251.08
1734226649, 104, 22, 77, 0, 0, 0.06%, 9, 0, 11, 250.52
1734226654, 104, 23, 77, 0, 0, 0.06%, 9, 0, 11, 249.30
1734226659, 104, 31, 77, 0, 0, 0.06%, 9, 0, 11, 262.71
1734226664, 104, 32, 77, 0, 0, 0.06%, 9, 0, 11, 255.84
1734226669, 104, 47, 77, 0, 0, 0.06%, 9, 0, 11, 279.58
1734226679, 104, 57, 77, 0, 0, 0.06%, 9, 0, 11, 287.68
1734226689, 104, 58, 77, 0, 0, 0.06%, 9, 0, 11, 281.54
1734226695, 104, 64, 77, 0, 0, 0.06%, 9, 0, 11, 311.76
1734226705, 105, 11, 77, 0, 0, 0.06%, 9, 0, 11, 258.12
1734226710, 105, 12, 77, 0, 0, 0.06%, 9, 0, 11, 245.80
1734226715, 105, 13, 77, 0, 0, 0.06%, 9, 0, 11, 253.98
1734226720, 105, 14, 77, 0, 0, 0.06%, 9, 0, 11, 247.15
1734226725, 105, 15, 77, 0, 0, 0.06%, 9, 0, 11, 252.76
1734226730, 105, 20, 77, 0, 0, 0.06%, 9, 0, 11, 250.23
1734226735, 105, 22, 77, 0, 0, 0.06%, 9, 0, 11, 247.83
1734226740, 105, 23, 77, 0, 0, 0.06%, 9, 0, 11, 255.94
1734226750, 105, 75, 77, 0, 0, 0.06%, 9, 0, 11, 287.62
1734226776, 106, 10, 77, 0, 0, 0.06%, 9, 0, 11, 284.80
1734226781, 106, 11, 77, 0, 0, 0.06%, 9, 0, 11, 255.09
1734226786, 106, 12, 77, 0, 0, 0.06%, 9, 0, 11, 249.71
1734226791, 106, 13, 77, 0, 0, 0.06%, 9, 0, 11, 261.99
1734226796, 106, 14, 77, 0, 0, 0.06%, 9, 0, 11, 253.82
1734226801, 106, 15, 77, 0, 0, 0.06%, 9, 0, 11, 253.39
1734226806, 106, 18, 77, 0, 0, 0.06%, 9, 0, 11, 273.14
1734226811, 106, 20, 77, 0, 0, 0.06%, 9, 0, 11, 260.98
1734226816, 106, 22, 77, 0, 0, 0.06%, 9, 0, 11, 237.59
1734226821, 106, 23, 77, 0, 0, 0.06%, 9, 0, 11, 258.16
1734226826, 107, 10, 77, 0, 0, 0.06%, 9, 0, 11, 263.61
1734226831, 107, 11, 77, 0, 0, 0.06%, 9, 0, 11, 263.32
1734226836, 107, 12, 77, 0, 0, 0.06%, 9, 0, 11, 252.78
1734226842, 107, 13, 77, 0, 0, 0.06%, 9, 0, 11, 251.98
1734226847, 107, 14, 77, 0, 0, 0.06%, 9, 0, 11, 250.89
1734226852, 107, 15, 77, 0, 0, 0.06%, 9, 0, 11, 243.37
1734226857, 107, 20, 77, 0, 0, 0.06%, 9, 0, 11, 237.05
1734226862, 107, 22, 77, 0, 0, 0.06%, 9, 0, 11, 236.73
1734226867, 107, 23, 77, 0, 0, 0.06%, 9, 0, 11, 264.42
1734226872, 107, 27, 77, 0, 0, 0.06%, 9, 0, 11, 270.21
1734226877, 107, 31, 77, 0, 0, 0.06%, 9, 0, 11, 273.37
1734226887, 107, 43, 77, 0, 0, 0.06%, 9, 0, 11, 271.69
1734226892, 107, 51, 77, 0, 0, 0.06%, 9, 0, 11, 256.67
1734226897, 107, 54, 77, 0, 0, 0.06%, 9, 0, 11, 254.06
1734226907, 107, 66, 77, 0, 0, 0.06%, 9, 0, 11, 281.27
1734226912, 108, 10, 77, 0, 0, 0.06%, 9, 0, 11, 256.60
1734226917, 108, 12, 77, 0, 0, 0.06%, 9, 0, 11, 249.87
1734226922, 108, 13, 77, 0, 0, 0.06%, 9, 0, 11, 256.64
1734226928, 108, 14, 77, 0, 0, 0.06%, 9, 0, 11, 266.92
1734226938, 108, 15, 77, 0, 0, 0.06%, 9, 0, 11, 277.17
1734226943, 108, 20, 77, 0, 0, 0.06%, 9, 0, 11, 259.14
1734226948, 108, 22, 77, 0, 0, 0.06%, 9, 0, 11, 257.33
1734226953, 108, 23, 77, 0, 0, 0.06%, 9, 0, 11, 265.56
1734226958, 108, 29, 77, 0, 0, 0.06%, 9, 0, 11, 265.80
1734226963, 108, 55, 77, 0, 0, 0.06%, 9, 0, 11, 315.47
1734226978, 108, 62, 77, 0, 0, 0.06%, 9, 0, 11, 301.32
1734226983, 109, 10, 77, 0, 0, 0.06%, 9, 0, 11, 257.34
1734226988, 109, 11, 77, 0, 0, 0.06%, 9, 0, 11, 255.17
1734226993, 109, 12, 77, 0, 0, 0.06%, 9, 0, 11, 242.47
1734226998, 109, 13, 77, 0, 0, 0.06%, 9, 0, 11, 257.83
1734227003, 109, 14, 77, 0, 0, 0.06%, 9, 0, 11, 263.31
1734227008, 109, 15, 77, 0, 0, 0.06%, 9, 0, 11, 255.43
1734227013, 109, 20, 77, 0, 0, 0.06%, 9, 0, 11, 251.38
1734227019, 109, 22, 77, 0, 0, 0.06%, 9, 0, 11, 243.79
1734227024, 109, 23, 77, 0, 0, 0.06%, 9, 0, 11, 240.60
1734227029, 109, 39, 77, 0, 0, 0.06%, 9, 0, 11, 254.63
1734227034, 109, 49, 77, 0, 0, 0.06%, 9, 0, 11, 257.30
1734227044, 110, 10, 77, 0, 0, 0.06%, 9, 0, 11, 267.63
1734227049, 110, 12, 77, 0, 0, 0.06%, 9, 0, 11, 252.87
1734227054, 110, 13, 77, 0, 0, 0.06%, 9, 0, 11, 261.93
1734227059, 110, 14, 77, 0, 0, 0.06%, 9, 0, 11, 255.36
1734227064, 110, 15, 77, 0, 0, 0.06%, 9, 0, 11, 259.33
1734227074, 110, 19, 77, 0, 0, 0.06%, 9, 0, 11, 251.22
1734227079, 110, 20, 77, 0, 0, 0.06%, 9, 0, 11, 250.44
1734227085, 110, 22, 77, 0, 0, 0.06%, 9, 0, 11, 252.90
1734227090, 110, 23, 77, 0, 0, 0.06%, 9, 0, 11, 251.61
1734227095, 110, 34, 77, 0, 0, 0.06%, 9, 0, 11, 263.78
1734227100, 111, 10, 77, 0, 0, 0.06%, 9, 0, 11, 251.49
1734227105, 111, 12, 77, 0, 0, 0.06%, 9, 0, 11, 263.49
1734227110, 111, 13, 77, 0, 0, 0.06%, 9, 0, 11, 257.22
1734227115, 111, 14, 77, 0, 0, 0.06%, 9, 0, 11, 263.48
1734227125, 111, 15, 77, 0, 0, 0.06%, 9, 0, 11, 271.25
1734227130, 111, 20, 77, 0, 0, 0.06%, 9, 0, 11, 247.27
1734227136, 111, 22, 77, 0, 0, 0.06%, 9, 0, 11, 247.88
1734227141, 111, 23, 77, 0, 0, 0.06%, 9, 0, 11, 240.03
1734227146, 111, 47, 77, 0, 0, 0.06%, 9, 0, 11, 275.94
1734227151, 111, 65, 77, 0, 0, 0.06%, 9, 0, 11, 277.00
1734227161, 112, 10, 77, 0, 0, 0.06%, 9, 0, 11, 255.41
1734227166, 112, 12, 77, 0, 0, 0.06%, 9, 0, 11, 249.38
1734227171, 112, 13, 77, 0, 0, 0.06%, 9, 0, 11, 251.66
1734227181, 112, 14, 77, 0, 0, 0.06%, 9, 0, 11, 243.66
1734227187, 112, 15, 77, 0, 0, 0.06%, 9, 0, 11, 264.50
1734227192, 112, 20, 77, 0, 0, 0.06%, 9, 0, 11, 255.38
1734227197, 112, 22, 77, 0, 0, 0.06%, 9, 0, 11, 263.16
1734227202, 112, 23, 77, 0, 0, 0.06%, 9, 0, 11, 246.73
1734227207, 112, 25, 77, 0, 0, 0.06%, 9, 0, 11, 256.81
1734227212, 112, 54, 77, 0, 0, 0.06%, 9, 0, 11, 260.95
1734227222, 113, 11, 77, 0, 0, 0.06%, 9, 0, 11, 257.02
1734227227, 113, 12, 77, 0, 0, 0.06%, 9, 0, 11, 246.55
1734227233, 113, 13, 77, 0, 0, 0.06%, 9, 0, 11, 239.11
1734227238, 113, 14, 77, 0, 0, 0.06%, 9, 0, 11, 251.03
1734227243, 113, 15, 77, 0, 0, 0.06%, 9, 0, 11, 255.46
1734227248, 113, 20, 77, 0, 0, 0.06%, 9, 0, 11, 256.08
1734227258, 113, 22, 77, 0, 0, 0.06%, 9, 0, 11, 244.86
1734227263, 113, 23, 77, 0, 0, 0.06%, 9, 0, 11, 248.99
1734227268, 113, 25, 77, 0, 0, 0.06%, 9, 0, 11, 267.27
1734227273, 113, 63, 77, 0, 0, 0.06%, 9, 0, 11, 290.42
1734227279, 114, 10, 77, 0, 0, 0.06%, 9, 0, 11, 260.57
1734227284, 114, 11, 77, 0, 0, 0.06%, 9, 0, 11, 267.18
1734227289, 114, 13, 77, 0, 0, 0.06%, 9, 0, 11, 279.58
1734227299, 114, 14, 77, 0, 0, 0.06%, 9, 0, 11, 256.04
1734227304, 114, 15, 77, 0, 0, 0.06%, 9, 0, 11, 264.25
1734227309, 114, 20, 77, 0, 0, 0.06%, 9, 0, 11, 258.93
1734227314, 114, 22, 77, 0, 0, 0.06%, 9, 0, 11, 249.26
1734227319, 114, 23, 77, 0, 0, 0.06%, 9, 0, 11, 243.25
1734227324, 114, 52, 77, 0, 0, 0.06%, 9, 0, 11, 267.27
1734227334, 114, 61, 77, 0, 0, 0.06%, 9, 0, 11, 310.67
1734227339, 115, 2, 77, 0, 0, 0.06%, 9, 0, 11, 272.98
1734227344, 115, 11, 77, 0, 0, 0.06%, 9, 0, 11, 261.69
1734227350, 115, 12, 77, 0, 0, 0.06%, 9, 0, 11, 256.95
1734227355, 115, 13, 77, 0, 0, 0.06%, 9, 0, 11, 241.78
1734227360, 115, 14, 77, 0, 0, 0.06%, 9, 0, 11, 264.39
1734227365, 115, 15, 77, 0, 0, 0.06%, 9, 0, 11, 239.47
1734227370, 115, 20, 77, 0, 0, 0.06%, 9, 0, 11, 252.80
1734227375, 115, 22, 77, 0, 0, 0.06%, 9, 0, 11, 250.10
1734227380, 115, 23, 77, 0, 0, 0.06%, 9, 0, 11, 256.76
1734227390, 115, 29, 77, 0, 0, 0.06%, 9, 0, 11, 271.36
1734227395, 115, 32, 77, 0, 0, 0.06%, 9, 0, 11, 257.41
1734227400, 115, 66, 77, 0, 0, 0.06%, 9, 0, 11, 279.58
1734227405, 116, 11, 77, 0, 0, 0.06%, 9, 0, 11, 251.37
1734227410, 116, 12, 77, 0, 0, 0.06%, 9, 0, 11, 233.13
1734227415, 116, 13, 77, 0, 0, 0.06%, 9, 0, 11, 230.46
1734227421, 116, 14, 77, 0, 0, 0.06%, 9, 0, 11, 246.62
1734227426, 116, 15, 77, 0, 0, 0.06%, 9, 0, 11, 247.45
1734227431, 116, 20, 77, 0, 0, 0.06%, 9, 0, 11, 258.20
1734227441, 116, 22, 77, 0, 0, 0.06%, 9, 0, 11, 278.22
1734227446, 116, 23, 77, 0, 0, 0.06%, 9, 0, 11, 268.34
1734227451, 116, 73, 77, 0, 0, 0.06%, 9, 0, 11, 288.69
1734227482, 117, 10, 77, 0, 0, 0.06%, 9, 0, 11, 238.01
1734227487, 117, 12, 77, 0, 0, 0.06%, 9, 0, 11, 244.15
1734227497, 117, 13, 77, 0, 0, 0.06%, 9, 0, 11, 244.52
1734227502, 117, 14, 77, 0, 0, 0.06%, 9, 0, 11, 255.35
1734227507, 117, 15, 77, 0, 0, 0.06%, 9, 0, 11, 254.76
1734227512, 117, 20, 77, 0, 0, 0.06%, 9, 0, 11, 246.62
1734227517, 117, 22, 77, 0, 0, 0.06%, 9, 0, 11, 250.50
1734227522, 117, 23, 77, 0, 0, 0.06%, 9, 0, 11, 252.36
1734227528, 118, 1, 77, 0, 0, 0.06%, 9, 0, 11, 260.73
1734227533, 118, 11, 77, 0, 0, 0.06%, 9, 0, 11, 258.17
1734227538, 118, 12, 77, 0, 0, 0.06%, 9, 0, 11, 243.11
1734227543, 118, 13, 77, 0, 0, 0.06%, 9, 0, 11, 251.00
1734227548, 118, 14, 77, 0, 0, 0.06%, 9, 0, 11, 238.76
1734227553, 118, 15, 77, 0, 0, 0.06%, 9, 0, 11, 243.23
1734227558, 118, 20, 77, 0, 0, 0.06%, 9, 0, 11, 239.76
1734227563, 118, 22, 77, 0, 0, 0.06%, 9, 0, 11, 248.19
1734227568, 118, 23, 77, 0, 0, 0.06%, 9, 0, 11, 265.40
1734227578, 118, 34, 77, 0, 0, 0.06%, 9, 0, 11, 278.36
1734227583, 118, 36, 77, 0, 0, 0.06%, 9, 0, 11, 278.45
1734227588, 118, 39, 77, 0, 0, 0.06%, 9, 0, 11, 281.59
1734227593, 118, 47, 77, 0, 0, 0.06%, 9, 0, 11, 285.72
1734227598, 118, 53, 77, 0, 0, 0.06%, 9, 0, 11, 258.04
1734227609, 118, 73, 77, 0, 0, 0.06%, 9, 0, 11, 275.07
1734227639, 119, 10, 77, 0, 0, 0.06%, 9, 0, 11, 274.16
1734227644, 119, 12, 77, 0, 0, 0.06%, 9, 0, 11, 252.30
1734227649, 119, 13, 77, 0, 0, 0.06%, 9, 0, 11, 261.62
1734227660, 119, 14, 77, 0, 0, 0.06%, 9, 0, 11, 247.02
1734227665, 119, 15, 77, 0, 0, 0.06%, 9, 0, 11, 254.53
1734227670, 119, 16, 77, 0, 0, 0.06%, 9, 0, 11, 255.44
1734227675, 119, 20, 77, 0, 0, 0.06%, 9, 0, 11, 258.71
1734227680, 119, 22, 77, 0, 0, 0.06%, 9, 0, 11, 252.80
1734227685, 119, 23, 77, 0, 0, 0.06%, 9, 0, 11, 247.19
1734227690, 119, 40, 77, 0, 0, 0.06%, 9, 0, 11, 263.87
1734227695, 119, 68, 77, 0, 0, 0.06%, 9, 0, 11, 265.57
1734227700, 119, 75, 77, 0, 0, 0.06%, 9, 0, 11, 278.13
1734227730, 120, 5, 77, 0, 0, 0.06%, 9, 0, 11, 277.81
1734227735, 120, 11, 77, 0, 0, 0.06%, 9, 0, 11, 252.11
1734227740, 120, 12, 77, 0, 0, 0.06%, 9, 0, 11, 253.83
1734227746, 120, 13, 77, 0, 0, 0.06%, 9, 0, 11, 235.94
1734227751, 120, 14, 77, 0, 0, 0.06%, 9, 0, 11, 236.81
1734227756, 120, 15, 77, 0, 0, 0.06%, 9, 0, 11, 251.96
1734227761, 120, 20, 77, 0, 0, 0.06%, 9, 0, 11, 256.71
1734227766, 120, 22, 77, 0, 0, 0.06%, 9, 0, 11, 246.09
1734227771, 120, 23, 77, 0, 0, 0.06%, 9, 0, 11, 247.32
1734227781, 120, 44, 77, 0, 0, 0.06%, 9, 0, 11, 249.15
1734227786, 120, 76, 77, 0, 0, 0.06%, 9, 0, 11, 280.03
1734227806, 121, 10, 77, 0, 0, 0.06%, 9, 0, 11, 279.29
1734227811, 121, 11, 77, 0, 0, 0.06%, 9, 0, 11, 259.48
1734227817, 121, 12, 77, 0, 0, 0.06%, 9, 0, 11, 252.52
1734227822, 121, 13, 77, 0, 0, 0.06%, 9, 0, 11, 261.96
1734227827, 121, 14, 77, 0, 0, 0.06%, 9, 0, 11, 252.69
1734227832, 121, 15, 77, 0, 0, 0.06%, 9, 0, 11, 253.29
1734227837, 121, 16, 77, 0, 0, 0.06%, 9, 0, 11, 253.47
1734227842, 121, 20, 77, 0, 0, 0.06%, 9, 0, 11, 255.88
1734227847, 121, 22, 77, 0, 0, 0.06%, 9, 0, 11, 238.35
1734227852, 121, 23, 77, 0, 0, 0.06%, 9, 0, 11, 241.24
1734227857, 121, 42, 77, 0, 0, 0.06%, 9, 0, 11, 258.09
1734227862, 122, 10, 77, 0, 0, 0.06%, 9, 0, 11, 257.96
1734227867, 122, 11, 77, 0, 0, 0.06%, 9, 0, 11, 245.66
1734227872, 122, 12, 77, 0, 0, 0.06%, 9, 0, 11, 254.90
1734227877, 122, 13, 77, 0, 0, 0.06%, 9, 0, 11, 255.71
1734227883, 122, 14, 77, 0, 0, 0.06%, 9, 0, 11, 252.54
1734227888, 122, 15, 77, 0, 0, 0.06%, 9, 0, 11, 244.21
1734227893, 122, 20, 77, 0, 0, 0.06%, 9, 0, 11, 240.48
1734227898, 122, 22, 77, 0, 0, 0.06%, 9, 0, 11, 238.95
1734227903, 122, 23, 77, 0, 0, 0.06%, 9, 0, 11, 253.72
1734227913, 123, 11, 77, 0, 0, 0.06%, 9, 0, 11, 246.69
1734227918, 123, 12, 77, 0, 0, 0.06%, 9, 0, 11, 250.57
1734227923, 123, 13, 77, 0, 0, 0.06%, 9, 0, 11, 246.48
1734227928, 123, 14, 77, 0, 0, 0.06%, 9, 0, 11, 252.99
1734227933, 123, 15, 77, 0, 0, 0.06%, 9, 0, 11, 242.06
1734227938, 123, 20, 77, 0, 0, 0.06%, 9, 0, 11, 250.76
1734227943, 123, 22, 77, 0, 0, 0.06%, 9, 0, 11, 243.56
1734227948, 123, 23, 77, 0, 0, 0.06%, 9, 0, 11, 254.55
1734227954, 123, 33, 77, 0, 0, 0.06%, 9, 0, 11, 269.78
1734227959, 123, 57, 77, 0, 0, 0.06%, 9, 0, 11, 266.87
1734227969, 123, 66, 77, 0, 0, 0.06%, 9, 0, 11, 289.50
1734227974, 124, 10, 77, 0, 0, 0.06%, 9, 0, 11, 241.87
1734227979, 124, 12, 77, 0, 0, 0.06%, 9, 0, 11, 251.93
1734227984, 124, 13, 77, 0, 0, 0.06%, 9, 0, 11, 252.62
1734227989, 124, 14, 77, 0, 0, 0.06%, 9, 0, 11, 245.07
1734227999, 124, 15, 77, 0, 0, 0.06%, 9, 0, 11, 248.00
1734228004, 124, 19, 77, 0, 0, 0.06%, 9, 0, 11, 264.76
1734228009, 124, 20, 77, 0, 0, 0.06%, 9, 0, 11, 254.23
1734228014, 124, 22, 77, 0, 0, 0.06%, 9, 0, 11, 244.02
1734228019, 124, 23, 77, 0, 0, 0.06%, 9, 0, 11, 244.66
1734228024, 124, 30, 77, 0, 0, 0.06%, 9, 0, 11, 256.58
