# unix_time, cycles_done, cur_path, paths_total, pending_total, pending_favs, map_size, unique_crashes, unique_hangs, max_depth, execs_per_sec
1735450302, 0, 0, 10, 10, 1, 0.00%, 0, 0, 1, 172.41
1735450307, 0, 4, 10, 10, 1, 0.00%, 0, 0, 1, 202.71
1735450312, 0, 5, 10, 9, 0, 0.00%, 0, 0, 1, 211.34
1735450317, 0, 6, 10, 8, 0, 0.00%, 0, 0, 1, 206.15
1735450327, 0, 7, 10, 7, 0, 0.00%, 0, 0, 1, 215.24
1735450332, 0, 8, 10, 6, 0, 0.00%, 0, 0, 1, 198.08
1735450343, 0, 9, 10, 5, 0, 0.00%, 0, 0, 1, 213.23
1735450348, 1, 0, 10, 4, 0, 0.00%, 0, 0, 1, 214.69
1735450358, 1, 1, 10, 3, 0, 0.00%, 0, 0, 1, 212.86
1735450368, 1, 2, 10, 2, 0, 0.00%, 0, 0, 1, 215.03
1735450373, 1, 3, 10, 1, 0, 0.00%, 0, 0, 1, 213.03
1735450384, 1, 4, 10, 0, 0, 0.00%, 0, 0, 1, 214.55
1735450389, 1, 5, 10, 0, 0, 0.00%, 0, 0, 1, 211.76
1735450394, 1, 7, 10, 0, 0, 0.00%, 0, 0, 1, 213.29
1735450399, 1, 8, 10, 0, 0, 0.00%, 0, 0, 1, 211.22
1735450404, 2, 0, 10, 0, 0, 0.00%, 0, 0, 1, 209.27
1735450409, 2, 1, 10, 0, 0, 0.00%, 0, 0, 1, 208.48
1735450414, 2, 2, 10, 0, 0, 0.00%, 0, 0, 1, 212.38
1735450419, 2, 4, 10, 0, 0, 0.00%, 0, 0, 1, 214.25
1735450424, 2, 5, 10, 0, 0, 0.00%, 0, 0, 1, 208.91
1735450429, 2, 7, 10, 0, 0, 0.00%, 0, 0, 1, 210.04
1735450434, 2, 8, 10, 0, 0, 0.00%, 0, 0, 1, 210.86
1735450440, 3, 0, 10, 0, 0, 0.00%, 0, 0, 1, 208.85
1735450445, 3, 1, 10, 0, 0, 0.00%, 0, 0, 1, 202.09
1735450450, 3, 3, 10, 0, 0, 0.00%, 0, 0, 1, 205.05
1735450455, 3, 4, 10, 0, 0, 0.00%, 0, 0, 1, 200.51
1735450460, 3, 5, 10, 0, 0, 0.00%, 0, 0, 1, 204.11
1735450465, 3, 7, 10, 0, 0, 0.00%, 0, 0, 1, 201.38
1735450470, 3, 8, 10, 0, 0, 0.00%, 0, 0, 1, 200.59
1735450475, 4, 0, 10, 0, 0, 0.00%, 0, 0, 1, 202.78
1735450480, 4, 1, 10, 0, 0, 0.00%, 0, 0, 1, 196.65
1735450485, 4, 2, 10, 0, 0, 0.00%, 0, 0, 1, 198.87
1735450490, 4, 4, 10, 0, 0, 0.00%, 0, 0, 1, 198.38
1735450495, 4, 5, 10, 0, 0, 0.00%, 0, 0, 1, 198.80
1735450500, 4, 6, 10, 0, 0, 0.00%, 0, 0, 1, 196.36
1735450506, 4, 8, 10, 0, 0, 0.00%, 0, 0, 1, 199.83
1735450511, 4, 9, 10, 0, 0, 0.00%, 0, 0, 1, 197.52
1735450516, 5, 0, 10, 0, 0, 0.00%, 0, 0, 1, 193.17
1735450521, 5, 2, 10, 0, 0, 0.00%, 0, 0, 1, 196.46
1735450526, 5, 3, 10, 0, 0, 0.00%, 0, 0, 1, 195.43
1735450531, 5, 5, 10, 0, 0, 0.00%, 0, 0, 1, 196.59
1735450536, 5, 6, 10, 0, 0, 0.00%, 0, 0, 1, 195.67
1735450541, 5, 7, 10, 0, 0, 0.00%, 0, 0, 1, 195.00
1735450547, 5, 9, 10, 0, 0, 0.00%, 0, 0, 1, 193.57
1735450552, 6, 0, 10, 0, 0, 0.00%, 0, 0, 1, 193.53
1735450557, 6, 1, 10, 0, 0, 0.00%, 0, 0, 1, 195.94
1735450562, 6, 3, 10, 0, 0, 0.00%, 0, 0, 1, 195.96
1735450567, 6, 4, 10, 0, 0, 0.00%, 0, 0, 1, 195.02
1735450572, 6, 5, 10, 0, 0, 0.00%, 0, 0, 1, 194.94
1735450577, 6, 7, 10, 0, 0, 0.00%, 0, 0, 1, 195.68
1735450583, 6, 8, 10, 0, 0, 0.00%, 0, 0, 1, 196.41
1735450588, 7, 0, 10, 0, 0, 0.00%, 0, 0, 1, 194.07
1735450593, 7, 1, 10, 0, 0, 0.00%, 0, 0, 1, 193.85
1735450598, 7, 2, 10, 0, 0, 0.00%, 0, 0, 1, 192.34
1735450603, 7, 4, 10, 0, 0, 0.00%, 0, 0, 1, 191.24
1735450608, 7, 5, 10, 0, 0, 0.00%, 0, 0, 1, 193.27
1735450613, 7, 6, 10, 0, 0, 0.00%, 0, 0, 1, 193.50
1735450619, 7, 8, 10, 0, 0, 0.00%, 0, 0, 1, 194.61
1735450624, 7, 9, 10, 0, 0, 0.00%, 0, 0, 1, 194.89
1735450629, 8, 0, 10, 0, 0, 0.00%, 0, 0, 1, 194.06
1735450634, 8, 2, 10, 0, 0, 0.00%, 0, 0, 1, 190.68
1735450639, 8, 3, 10, 0, 0, 0.00%, 0, 0, 1, 196.27
1735450644, 8, 4, 10, 0, 0, 0.00%, 0, 0, 1, 189.89
1735450650, 8, 6, 10, 0, 0, 0.00%, 0, 0, 1, 192.92
1735450655, 8, 7, 10, 0, 0, 0.00%, 0, 0, 1, 191.58
1735450660, 8, 8, 10, 0, 0, 0.00%, 0, 0, 1, 188.98
1735450665, 9, 0, 10, 0, 0, 0.00%, 0, 0, 1, 194.32
1735450670, 9, 1, 10, 0, 0, 0.00%, 0, 0, 1, 195.42
1735450675, 9, 3, 10, 0, 0, 0.00%, 0, 0, 1, 192.09
1735450681, 9, 4, 10, 0, 0, 0.00%, 0, 0, 1, 192.74
1735450686, 9, 5, 10, 0, 0, 0.00%, 0, 0, 1, 191.28
1735450691, 9, 7, 10, 0, 0, 0.00%, 0, 0, 1, 191.07
1735450696, 9, 8, 11, 1, 0, 0.05%, 1, 0, 2, 192.88
1735450701, 9, 10, 15, 5, 1, 0.06%, 5, 0, 3, 223.96
1735450726, 9, 10, 16, 6, 1, 0.06%, 5, 0, 3, 211.19
1735450818, 9, 10, 20, 10, 1, 0.06%, 5, 0, 3, 234.39
1735450838, 9, 11, 20, 9, 4, 0.06%, 5, 0, 3, 230.00
1735450853, 9, 11, 21, 10, 4, 0.06%, 6, 0, 4, 203.45
1735450889, 9, 11, 22, 11, 4, 0.06%, 6, 0, 4, 210.28
1735450909, 9, 11, 23, 12, 4, 0.06%, 7, 0, 4, 218.13
1735450950, 9, 11, 24, 13, 4, 0.06%, 7, 0, 4, 211.64
1735450965, 9, 12, 24, 12, 5, 0.06%, 7, 0, 4, 230.74
1735450975, 9, 12, 25, 13, 5, 0.06%, 7, 0, 4, 215.20
1735451010, 9, 12, 26, 14, 5, 0.06%, 7, 0, 4, 216.40
1735451036, 9, 12, 27, 15, 5, 0.06%, 8, 0, 4, 217.04
1735451056, 9, 12, 28, 16, 5, 0.06%, 8, 0, 4, 215.50
1735451061, 9, 12, 29, 17, 5, 0.06%, 8, 0, 4, 216.56
1735451086, 9, 13, 29, 16, 5, 0.06%, 8, 0, 4, 243.91
1735451117, 9, 13, 30, 17, 5, 0.06%, 8, 0, 4, 211.97
1735451122, 9, 13, 31, 18, 5, 0.06%, 8, 0, 4, 214.76
1735451127, 9, 13, 32, 19, 5, 0.06%, 8, 0, 4, 216.48
1735451158, 9, 13, 33, 20, 5, 0.06%, 8, 0, 4, 219.00
1735451203, 9, 13, 34, 21, 5, 0.06%, 8, 0, 4, 229.76
1735451208, 9, 13, 35, 22, 5, 0.06%, 8, 0, 4, 225.72
1735451213, 9, 14, 35, 21, 4, 0.06%, 8, 0, 4, 248.77
1735451249, 9, 14, 36, 22, 4, 0.06%, 8, 0, 4, 232.78
1735451259, 9, 22, 38, 23, 3, 0.06%, 9, 0, 5, 244.61
1735451264, 9, 22, 39, 24, 3, 0.06%, 9, 0, 5, 229.91
1735451269, 9, 22, 40, 25, 3, 0.06%, 9, 0, 5, 221.13
1735451289, 9, 22, 41, 26, 3, 0.06%, 9, 0, 5, 228.33
1735451315, 9, 22, 42, 27, 3, 0.06%, 9, 0, 5, 227.75
1735451371, 9, 22, 43, 28, 3, 0.06%, 9, 0, 5, 219.49
1735451382, 9, 22, 44, 29, 3, 0.06%, 9, 0, 5, 248.34
1735451392, 9, 26, 44, 28, 3, 0.06%, 9, 0, 5, 256.04
1735451407, 9, 26, 45, 29, 3, 0.06%, 9, 0, 5, 218.70
1735451463, 9, 26, 46, 30, 3, 0.06%, 9, 0, 5, 216.23
1735451493, 9, 26, 47, 31, 3, 0.06%, 9, 0, 5, 216.56
1735451554, 9, 26, 51, 35, 3, 0.06%, 9, 0, 5, 253.70
1735451564, 9, 36, 51, 34, 2, 0.06%, 9, 0, 5, 266.38
1735451604, 9, 36, 52, 35, 2, 0.06%, 9, 0, 6, 262.19
1735451609, 9, 36, 54, 37, 2, 0.06%, 9, 0, 6, 258.10
1735451619, 9, 43, 54, 36, 1, 0.06%, 9, 0, 6, 278.36
1735451624, 9, 43, 55, 37, 1, 0.06%, 9, 0, 6, 274.99
1735451706, 9, 52, 55, 36, 0, 0.06%, 9, 0, 6, 207.36
1735460081, 9, 52, 59, 40, 0, 0.06%, 9, 0, 7, 441.48
1735460086, 9, 52, 60, 41, 0, 0.06%, 9, 0, 7, 447.51
1735460101, 9, 52, 61, 42, 0, 0.06%, 9, 0, 7, 445.14
1735460126, 9, 52, 62, 43, 0, 0.06%, 9, 0, 7, 443.83
1735460162, 9, 53, 62, 42, 0, 0.06%, 9, 0, 7, 360.46
1735460259, 9, 59, 62, 41, 0, 0.06%, 9, 0, 7, 213.86
