# unix_time, cycles_done, cur_path, paths_total, pending_total, pending_favs, map_size, unique_crashes, unique_hangs, max_depth, execs_per_sec
1735461102, 0, 0, 10, 10, 1, 0.00%, 0, 0, 1, 157.79
1735461107, 0, 1, 10, 10, 1, 0.00%, 0, 0, 1, 191.37
1735461112, 0, 2, 10, 9, 1, 0.00%, 0, 0, 1, 194.31
1735461123, 0, 3, 10, 8, 0, 0.00%, 0, 0, 1, 193.34
1735461128, 0, 4, 10, 7, 0, 0.00%, 0, 0, 1, 178.13
1735461138, 0, 5, 10, 6, 0, 0.00%, 0, 0, 1, 195.72
1735461143, 0, 6, 10, 5, 0, 0.00%, 0, 0, 1, 180.81
1735461153, 0, 7, 10, 4, 0, 0.00%, 0, 0, 1, 195.08
1735461159, 0, 8, 10, 3, 0, 0.00%, 0, 0, 1, 180.16
1735461169, 0, 9, 10, 2, 0, 0.00%, 0, 0, 1, 198.36
1735461174, 1, 0, 10, 1, 0, 0.00%, 0, 0, 1, 182.64
1735461184, 1, 1, 10, 0, 0, 0.00%, 0, 0, 1, 195.76
1735461189, 1, 2, 10, 0, 0, 0.00%, 0, 0, 1, 192.29
1735461195, 1, 4, 10, 0, 0, 0.00%, 0, 0, 1, 193.66
1735461200, 1, 5, 10, 0, 0, 0.00%, 0, 0, 1, 189.01
1735461205, 1, 6, 10, 0, 0, 0.00%, 0, 0, 1, 191.04
1735461210, 1, 8, 10, 0, 0, 0.00%, 0, 0, 1, 189.74
1735461215, 1, 9, 10, 0, 0, 0.00%, 0, 0, 1, 193.62
1735461220, 2, 0, 10, 0, 0, 0.00%, 0, 0, 1, 193.82
1735461226, 2, 2, 10, 0, 0, 0.00%, 0, 0, 1, 193.45
1735461231, 2, 3, 10, 0, 0, 0.00%, 0, 0, 1, 194.35
1735461236, 2, 4, 10, 0, 0, 0.00%, 0, 0, 1, 192.96
1735461241, 2, 6, 10, 0, 0, 0.00%, 0, 0, 1, 195.60
1735461246, 2, 7, 10, 0, 0, 0.00%, 0, 0, 1, 191.78
1735461251, 2, 8, 10, 0, 0, 0.00%, 0, 0, 1, 190.51
1735461256, 3, 0, 10, 0, 0, 0.00%, 0, 0, 1, 194.18
1735461262, 3, 1, 10, 0, 0, 0.00%, 0, 0, 1, 195.03
1735461267, 3, 2, 10, 0, 0, 0.00%, 0, 0, 1, 196.52
1735461272, 3, 4, 10, 0, 0, 0.00%, 0, 0, 1, 194.95
1735461277, 3, 5, 10, 0, 0, 0.00%, 0, 0, 1, 196.09
1735461282, 3, 7, 10, 0, 0, 0.00%, 0, 0, 1, 193.73
1735461287, 3, 8, 10, 0, 0, 0.00%, 0, 0, 1, 191.52
1735461293, 3, 9, 10, 0, 0, 0.00%, 0, 0, 1, 190.80
1735461298, 4, 10, 11, 1, 1, 0.05%, 1, 0, 2, 191.71
1735461303, 4, 10, 12, 2, 1, 0.05%, 2, 0, 3, 207.32
1735461333, 4, 10, 13, 3, 1, 0.05%, 3, 0, 3, 209.57
1735461409, 4, 10, 14, 4, 1, 0.05%, 4, 0, 3, 208.61
1735461450, 4, 11, 17, 6, 3, 0.06%, 6, 0, 4, 230.85
1735461455, 4, 11, 18, 7, 3, 0.06%, 6, 0, 4, 217.43
1735461486, 4, 11, 19, 8, 3, 0.06%, 6, 0, 4, 213.92
1735461496, 4, 11, 20, 9, 3, 0.06%, 7, 0, 4, 206.49
1735461588, 4, 11, 24, 13, 3, 0.06%, 8, 0, 4, 224.17
1735461593, 4, 13, 29, 17, 6, 0.06%, 9, 0, 4, 257.68
1735461613, 4, 13, 30, 18, 6, 0.06%, 9, 0, 4, 210.89
1735461669, 4, 14, 30, 17, 5, 0.06%, 9, 0, 4, 245.91
1735461689, 4, 14, 31, 18, 5, 0.06%, 9, 0, 5, 209.75
1735461719, 4, 14, 32, 19, 5, 0.06%, 9, 0, 5, 214.37
1735461730, 4, 14, 33, 20, 5, 0.06%, 9, 0, 5, 214.69
1735461755, 4, 14, 34, 21, 5, 0.06%, 9, 0, 5, 218.10
1735461760, 4, 14, 35, 22, 5, 0.06%, 9, 0, 5, 214.33
1735461785, 4, 14, 36, 23, 5, 0.06%, 9, 0, 5, 229.94
1735461790, 4, 14, 37, 24, 5, 0.06%, 9, 0, 5, 233.11
1735461801, 4, 14, 39, 26, 5, 0.06%, 9, 0, 5, 255.07
1735461811, 4, 15, 39, 25, 4, 0.06%, 9, 0, 5, 233.13
1735461857, 4, 15, 40, 26, 4, 0.06%, 9, 0, 5, 214.98
1735461922, 4, 15, 41, 27, 4, 0.06%, 9, 0, 5, 222.18
1735461927, 4, 15, 42, 28, 4, 0.06%, 9, 0, 5, 261.36
1735461938, 4, 15, 43, 29, 4, 0.06%, 9, 0, 5, 211.63
1735461943, 4, 15, 45, 31, 4, 0.06%, 9, 0, 5, 220.45
1735461948, 4, 16, 46, 31, 4, 0.06%, 9, 0, 5, 255.76
1735461958, 4, 16, 47, 32, 4, 0.06%, 9, 0, 5, 220.73
1735461973, 4, 16, 48, 33, 4, 0.06%, 9, 0, 5, 218.75
1735462028, 4, 16, 49, 34, 4, 0.06%, 9, 0, 5, 218.70
1735462034, 4, 16, 50, 35, 4, 0.06%, 9, 0, 5, 219.53
1735462044, 4, 16, 51, 36, 4, 0.06%, 9, 0, 5, 214.26
1735462115, 4, 19, 52, 36, 3, 0.06%, 9, 0, 5, 269.38
1735462171, 4, 27, 52, 35, 2, 0.06%, 9, 0, 5, 307.65
1735462202, 4, 27, 53, 36, 2, 0.06%, 9, 0, 5, 317.73
1735462247, 4, 51, 53, 35, 1, 0.06%, 9, 0, 5, 316.84
1735462252, 4, 51, 54, 36, 1, 0.06%, 9, 0, 6, 331.84
1735462308, 4, 51, 55, 37, 1, 0.06%, 9, 0, 6, 288.01
1735462324, 4, 53, 55, 36, 0, 0.06%, 9, 0, 6, 381.78
1735462364, 5, 11, 55, 35, 0, 0.06%, 9, 0, 6, 275.95
1735462369, 5, 12, 55, 35, 0, 0.06%, 9, 0, 6, 300.71
1735462385, 5, 12, 56, 36, 0, 0.06%, 9, 0, 6, 289.59
1735462395, 5, 14, 56, 35, 0, 0.06%, 9, 0, 6, 274.00
1735462400, 5, 15, 56, 35, 0, 0.06%, 9, 0, 6, 286.03
1735462405, 5, 16, 56, 35, 0, 0.06%, 9, 0, 6, 283.61
1735462410, 5, 19, 56, 35, 0, 0.06%, 9, 0, 6, 290.17
1735462415, 5, 27, 56, 35, 0, 0.06%, 9, 0, 6, 298.39
1735462420, 5, 29, 56, 35, 0, 0.06%, 9, 0, 6, 281.05
1735462466, 5, 32, 56, 34, 0, 0.06%, 9, 0, 6, 330.47
1735462506, 5, 32, 57, 35, 0, 0.06%, 9, 0, 6, 288.95
1735462516, 5, 38, 57, 34, 0, 0.06%, 9, 0, 6, 307.51
1735462557, 5, 38, 58, 35, 0, 0.06%, 9, 0, 6, 281.59
1735462567, 5, 41, 58, 34, 0, 0.06%, 9, 0, 6, 320.98
1735462618, 5, 41, 62, 38, 0, 0.06%, 9, 0, 6, 433.61
1735462633, 5, 41, 64, 40, 0, 0.06%, 9, 0, 6, 438.52
1735462923, 5, 41, 65, 41, 0, 0.06%, 9, 0, 6, 322.86
1735462944, 5, 41, 66, 42, 0, 0.06%, 9, 0, 6, 318.48
1735463020, 5, 44, 66, 41, 0, 0.06%, 9, 0, 6, 313.29
1735463066, 5, 49, 66, 40, 0, 0.06%, 9, 0, 6, 383.62
1735463096, 5, 49, 67, 41, 0, 0.06%, 9, 0, 6, 396.96
1735463116, 5, 49, 68, 42, 0, 0.06%, 9, 0, 6, 349.59
1735463202, 5, 51, 68, 41, 0, 0.06%, 9, 0, 6, 312.12
1735463207, 5, 55, 68, 41, 0, 0.06%, 9, 0, 6, 299.35
1735463253, 5, 57, 68, 40, 0, 0.06%, 9, 0, 6, 341.96
1735463268, 5, 57, 69, 41, 0, 0.06%, 9, 0, 7, 298.17
1735463324, 5, 58, 69, 40, 0, 0.06%, 9, 0, 7, 314.45
1735463446, 5, 59, 69, 39, 0, 0.06%, 9, 0, 7, 290.76
1735463567, 5, 60, 69, 38, 0, 0.06%, 9, 0, 7, 342.21
1735463685, 5, 65, 69, 37, 0, 0.06%, 9, 0, 7, 312.60
1735463776, 5, 66, 69, 36, 0, 0.06%, 9, 0, 7, 297.77
1735463827, 6, 11, 69, 35, 0, 0.06%, 9, 0, 7, 260.72
1735463832, 6, 14, 69, 35, 0, 0.06%, 9, 0, 7, 262.57
1735463842, 6, 15, 69, 35, 0, 0.06%, 9, 0, 7, 259.33
1735463847, 6, 16, 69, 35, 0, 0.06%, 9, 0, 7, 263.73
1735463853, 6, 18, 69, 35, 0, 0.06%, 9, 0, 7, 277.24
1735463898, 6, 19, 69, 34, 0, 0.06%, 9, 0, 7, 241.39
1735463903, 6, 22, 69, 34, 0, 0.06%, 9, 0, 7, 265.06
1735463955, 6, 24, 69, 33, 0, 0.06%, 9, 0, 7, 349.63
1735464000, 6, 31, 69, 32, 0, 0.06%, 9, 0, 7, 324.91
1735464051, 6, 38, 69, 31, 0, 0.06%, 9, 0, 7, 270.87
1735464056, 6, 39, 69, 31, 0, 0.06%, 9, 0, 7, 296.10
1735464107, 6, 42, 69, 30, 0, 0.06%, 9, 0, 7, 298.38
1735464173, 6, 42, 70, 31, 0, 0.06%, 9, 0, 7, 305.17
1735464218, 6, 46, 70, 30, 0, 0.06%, 9, 0, 7, 311.96
1735464300, 6, 48, 70, 29, 0, 0.06%, 9, 0, 7, 352.59
1735464381, 6, 51, 70, 28, 0, 0.06%, 9, 0, 7, 265.41
1735464386, 6, 62, 70, 28, 0, 0.06%, 9, 0, 7, 394.24
1735464574, 6, 65, 70, 27, 0, 0.06%, 9, 0, 7, 288.90
1735464590, 6, 69, 70, 27, 0, 0.06%, 9, 0, 7, 389.38
1735464595, 6, 69, 71, 28, 0, 0.06%, 9, 0, 7, 443.78
1735464711, 7, 12, 71, 27, 0, 0.06%, 9, 0, 7, 262.93
1735464716, 7, 14, 71, 27, 0, 0.06%, 9, 0, 7, 258.48
1735464721, 7, 15, 71, 27, 0, 0.06%, 9, 0, 7, 264.44
1735464727, 7, 16, 71, 27, 0, 0.06%, 9, 0, 7, 255.89
1735464732, 7, 17, 71, 27, 0, 0.06%, 9, 0, 7, 356.84
1735464783, 7, 19, 71, 26, 0, 0.06%, 9, 0, 7, 266.95
1735464788, 7, 24, 71, 26, 0, 0.06%, 9, 0, 7, 278.87
1735464793, 7, 28, 71, 26, 0, 0.06%, 9, 0, 7, 311.70
1735464828, 7, 28, 72, 27, 0, 0.06%, 9, 0, 7, 262.19
1735464843, 7, 30, 72, 26, 0, 0.06%, 9, 0, 7, 305.60
1735464894, 7, 34, 72, 25, 0, 0.06%, 9, 0, 7, 391.04
1735464945, 7, 37, 72, 24, 0, 0.06%, 9, 0, 7, 323.35
1735465000, 7, 45, 72, 23, 0, 0.06%, 9, 0, 7, 318.94
1735465051, 7, 47, 72, 22, 0, 0.06%, 9, 0, 7, 310.77
1735465097, 7, 51, 72, 21, 0, 0.06%, 9, 0, 7, 293.79
1735465102, 7, 53, 72, 21, 0, 0.06%, 9, 0, 7, 273.64
1735465108, 7, 56, 72, 21, 0, 0.06%, 9, 0, 7, 331.07
1735465158, 8, 11, 72, 20, 0, 0.06%, 9, 0, 7, 275.25
1735465163, 8, 14, 72, 20, 0, 0.06%, 9, 0, 7, 265.81
1735465174, 8, 15, 72, 20, 0, 0.06%, 9, 0, 7, 259.88
1735465179, 8, 16, 72, 20, 0, 0.06%, 9, 0, 7, 272.66
1735465184, 8, 19, 72, 20, 0, 0.06%, 9, 0, 7, 272.50
1735465189, 8, 26, 72, 20, 0, 0.06%, 9, 0, 7, 360.15
1735465234, 8, 28, 72, 19, 0, 0.06%, 9, 0, 7, 292.18
1735465239, 8, 35, 72, 19, 0, 0.06%, 9, 0, 7, 316.00
1735465285, 8, 46, 72, 18, 0, 0.06%, 9, 0, 7, 299.73
1735465290, 8, 47, 72, 18, 0, 0.06%, 9, 0, 7, 279.69
1735465295, 8, 51, 72, 18, 0, 0.06%, 9, 0, 7, 281.02
1735465301, 8, 64, 72, 18, 0, 0.06%, 9, 0, 7, 251.93
1735465306, 8, 64, 74, 20, 0, 0.06%, 9, 0, 7, 363.94
1735465565, 9, 11, 74, 19, 0, 0.06%, 9, 0, 7, 283.25
1735465570, 9, 13, 74, 19, 0, 0.06%, 9, 0, 7, 273.29
1735465575, 9, 14, 74, 19, 0, 0.06%, 9, 0, 7, 259.66
1735465580, 9, 15, 74, 19, 0, 0.06%, 9, 0, 7, 258.85
1735465585, 9, 16, 74, 19, 0, 0.06%, 9, 0, 7, 273.82
1735465590, 9, 19, 74, 19, 0, 0.06%, 9, 0, 7, 263.98
1735465595, 9, 28, 74, 19, 0, 0.06%, 9, 0, 7, 266.90
1735465600, 9, 34, 74, 19, 0, 0.06%, 9, 0, 7, 275.78
1735465606, 9, 36, 74, 19, 0, 0.06%, 9, 0, 7, 388.04
1735465657, 9, 40, 74, 18, 0, 0.06%, 9, 0, 7, 356.96
1735465728, 9, 44, 74, 17, 0, 0.06%, 9, 0, 7, 289.71
1735465733, 9, 51, 74, 17, 0, 0.06%, 9, 0, 7, 275.44
1735465738, 9, 54, 74, 17, 0, 0.06%, 9, 0, 7, 265.71
1735465855, 9, 62, 74, 16, 0, 0.06%, 9, 0, 7, 278.57
1735465865, 9, 68, 74, 16, 0, 0.06%, 9, 0, 7, 247.06
1735468274, 9, 69, 74, 15, 0, 0.06%, 9, 0, 7, 289.17
1735468284, 9, 73, 74, 15, 0, 0.06%, 9, 0, 7, 262.20
1735468412, 10, 13, 74, 14, 0, 0.06%, 9, 0, 7, 257.97
1735468417, 10, 14, 74, 14, 0, 0.06%, 9, 0, 7, 269.51
1735468422, 10, 15, 74, 14, 0, 0.06%, 9, 0, 7, 264.63
1735468427, 10, 16, 74, 14, 0, 0.06%, 9, 0, 7, 251.36
1735468432, 10, 19, 74, 14, 0, 0.06%, 9, 0, 7, 265.96
1735468437, 10, 23, 74, 14, 0, 0.06%, 9, 0, 7, 332.25
1735468488, 10, 25, 74, 13, 0, 0.06%, 9, 0, 7, 316.13
1735468544, 10, 28, 74, 12, 0, 0.06%, 9, 0, 7, 264.65
1735468549, 10, 51, 74, 12, 0, 0.06%, 9, 0, 7, 295.50
1735468554, 10, 57, 74, 12, 0, 0.06%, 9, 0, 7, 288.96
1735468565, 10, 63, 74, 12, 0, 0.06%, 9, 0, 7, 421.99
1735468763, 11, 11, 74, 11, 0, 0.06%, 9, 0, 7, 254.18
1735468768, 11, 14, 74, 11, 0, 0.06%, 9, 0, 7, 272.03
1735468773, 11, 15, 74, 11, 0, 0.06%, 9, 0, 7, 263.57
1735468783, 11, 16, 74, 11, 0, 0.06%, 9, 0, 7, 265.95
1735468788, 11, 19, 74, 11, 0, 0.06%, 9, 0, 7, 271.26
1735468793, 11, 20, 74, 11, 0, 0.06%, 9, 0, 7, 301.35
1735468839, 11, 28, 74, 10, 0, 0.06%, 9, 0, 7, 254.55
1735468844, 11, 51, 74, 10, 0, 0.06%, 9, 0, 7, 260.95
1735468849, 11, 52, 74, 10, 0, 0.06%, 9, 0, 7, 308.43
1735468904, 11, 61, 74, 9, 0, 0.06%, 9, 0, 7, 338.74
1735469032, 11, 65, 74, 8, 0, 0.06%, 9, 0, 7, 269.12
1735469037, 11, 72, 74, 8, 0, 0.06%, 9, 0, 7, 298.37
1735469154, 12, 11, 74, 7, 0, 0.06%, 9, 0, 7, 254.11
1735469159, 12, 14, 74, 7, 0, 0.06%, 9, 0, 7, 250.85
1735469164, 12, 15, 74, 7, 0, 0.06%, 9, 0, 7, 249.13
1735469175, 12, 16, 74, 7, 0, 0.06%, 9, 0, 7, 262.37
1735469180, 12, 19, 74, 7, 0, 0.06%, 9, 0, 7, 282.95
1735469185, 12, 28, 74, 7, 0, 0.06%, 9, 0, 7, 263.54
1735469190, 12, 51, 74, 7, 0, 0.06%, 9, 0, 7, 265.67
1735469195, 12, 67, 74, 7, 0, 0.06%, 9, 0, 7, 348.16
1735469297, 12, 71, 74, 6, 0, 0.06%, 9, 0, 7, 345.00
1735469393, 12, 71, 75, 7, 0, 0.06%, 9, 0, 7, 306.38
1735469444, 12, 73, 75, 6, 0, 0.06%, 9, 0, 7, 254.56
1735469464, 13, 11, 75, 6, 0, 0.06%, 9, 0, 7, 278.34
1735469469, 13, 13, 75, 6, 0, 0.06%, 9, 0, 7, 264.24
1735469474, 13, 14, 75, 6, 0, 0.06%, 9, 0, 7, 273.12
1735469479, 13, 15, 75, 6, 0, 0.06%, 9, 0, 7, 261.73
1735469485, 13, 16, 75, 6, 0, 0.06%, 9, 0, 7, 262.79
1735469490, 13, 19, 75, 6, 0, 0.06%, 9, 0, 7, 266.36
1735469495, 13, 23, 75, 6, 0, 0.06%, 9, 0, 7, 280.28
1735469500, 13, 28, 75, 6, 0, 0.06%, 9, 0, 7, 279.48
1735469505, 13, 37, 75, 6, 0, 0.06%, 9, 0, 7, 268.95
1735469510, 13, 51, 75, 6, 0, 0.06%, 9, 0, 7, 266.26
1735469515, 13, 63, 75, 6, 0, 0.06%, 9, 0, 7, 311.46
1735469525, 13, 64, 75, 6, 0, 0.06%, 9, 0, 7, 296.45
1735469535, 14, 13, 75, 6, 0, 0.06%, 9, 0, 7, 253.41
1735469540, 14, 14, 75, 6, 0, 0.06%, 9, 0, 7, 264.15
1735469546, 14, 15, 75, 6, 0, 0.06%, 9, 0, 7, 266.10
1735469551, 14, 16, 75, 6, 0, 0.06%, 9, 0, 7, 266.54
1735469556, 14, 19, 75, 6, 0, 0.06%, 9, 0, 7, 262.20
1735469561, 14, 20, 75, 6, 0, 0.06%, 9, 0, 7, 263.14
1735469566, 14, 27, 75, 6, 0, 0.06%, 9, 0, 7, 273.31
1735469571, 14, 28, 75, 6, 0, 0.06%, 9, 0, 7, 277.47
1735469577, 14, 45, 75, 6, 0, 0.06%, 9, 0, 7, 273.63
1735469582, 14, 51, 75, 6, 0, 0.06%, 9, 0, 7, 267.35
1735469587, 14, 56, 75, 6, 0, 0.06%, 9, 0, 7, 277.89
1735469597, 15, 11, 75, 6, 0, 0.06%, 9, 0, 7, 271.77
1735469602, 15, 13, 75, 6, 0, 0.06%, 9, 0, 7, 273.93
1735469607, 15, 14, 75, 6, 0, 0.06%, 9, 0, 7, 272.90
1735469612, 15, 15, 75, 6, 0, 0.06%, 9, 0, 7, 285.91
1735469617, 15, 16, 75, 6, 0, 0.06%, 9, 0, 7, 270.57
1735469622, 15, 19, 75, 6, 0, 0.06%, 9, 0, 7, 267.66
1735469627, 15, 28, 75, 6, 0, 0.06%, 9, 0, 7, 284.43
1735469632, 15, 34, 75, 6, 0, 0.06%, 9, 0, 7, 281.09
1735469638, 15, 51, 75, 6, 0, 0.06%, 9, 0, 7, 298.64
1735469643, 15, 70, 75, 6, 0, 0.06%, 9, 0, 7, 392.70
1735469765, 15, 74, 75, 5, 0, 0.06%, 9, 0, 7, 321.23
1735469886, 16, 13, 75, 4, 0, 0.06%, 9, 0, 7, 285.77
1735469891, 16, 14, 75, 4, 0, 0.06%, 9, 0, 7, 259.99
1735469896, 16, 15, 75, 4, 0, 0.06%, 9, 0, 7, 256.09
1735469902, 16, 16, 75, 4, 0, 0.06%, 9, 0, 7, 253.72
1735469907, 16, 19, 75, 4, 0, 0.06%, 9, 0, 7, 272.07
1735469912, 16, 28, 75, 4, 0, 0.06%, 9, 0, 7, 278.35
1735469917, 16, 32, 75, 4, 0, 0.06%, 9, 0, 7, 273.62
1735469922, 16, 37, 75, 4, 0, 0.06%, 9, 0, 7, 262.81
1735469927, 16, 50, 75, 4, 0, 0.06%, 9, 0, 7, 303.86
1735469978, 16, 51, 75, 3, 0, 0.06%, 9, 0, 7, 277.08
1735469983, 17, 13, 75, 3, 0, 0.06%, 9, 0, 7, 269.99
1735469988, 17, 14, 75, 3, 0, 0.06%, 9, 0, 7, 259.34
1735469993, 17, 15, 75, 3, 0, 0.06%, 9, 0, 7, 266.16
1735469999, 17, 16, 75, 3, 0, 0.06%, 9, 0, 7, 282.21
1735470004, 17, 19, 75, 3, 0, 0.06%, 9, 0, 7, 271.04
1735470009, 17, 28, 75, 3, 0, 0.06%, 9, 0, 7, 274.91
1735470014, 17, 43, 75, 3, 0, 0.06%, 9, 0, 7, 355.32
1735470060, 17, 48, 75, 2, 0, 0.06%, 9, 0, 7, 280.02
1735470065, 17, 51, 75, 2, 0, 0.06%, 9, 0, 7, 278.75
1735470070, 17, 69, 75, 2, 0, 0.06%, 9, 0, 7, 291.61
1735470080, 18, 9, 75, 2, 0, 0.06%, 9, 0, 7, 263.91
1735470085, 18, 13, 75, 2, 0, 0.06%, 9, 0, 7, 263.75
1735470090, 18, 14, 75, 2, 0, 0.06%, 9, 0, 7, 277.89
1735470096, 18, 15, 75, 2, 0, 0.06%, 9, 0, 7, 259.58
1735470101, 18, 16, 75, 2, 0, 0.06%, 9, 0, 7, 266.08
1735470106, 18, 19, 75, 2, 0, 0.06%, 9, 0, 7, 265.63
1735470111, 18, 23, 75, 2, 0, 0.06%, 9, 0, 7, 278.11
1735470116, 18, 28, 75, 2, 0, 0.06%, 9, 0, 7, 264.11
1735470121, 18, 50, 75, 2, 0, 0.06%, 9, 0, 7, 266.87
1735470126, 18, 51, 75, 2, 0, 0.06%, 9, 0, 7, 280.11
1735470131, 18, 73, 75, 2, 0, 0.06%, 9, 0, 7, 295.04
1735470136, 19, 11, 75, 2, 0, 0.06%, 9, 0, 7, 276.83
1735470141, 19, 14, 75, 2, 0, 0.06%, 9, 0, 7, 263.79
1735470146, 19, 15, 75, 2, 0, 0.06%, 9, 0, 7, 265.39
1735470151, 19, 16, 75, 2, 0, 0.06%, 9, 0, 7, 273.80
1735470156, 19, 19, 75, 2, 0, 0.06%, 9, 0, 7, 261.11
1735470161, 19, 28, 75, 2, 0, 0.06%, 9, 0, 7, 274.02
1735470167, 19, 41, 75, 2, 0, 0.06%, 9, 0, 7, 294.42
1735470172, 19, 51, 75, 2, 0, 0.06%, 9, 0, 7, 275.94
1735470177, 19, 55, 75, 2, 0, 0.06%, 9, 0, 7, 274.97
1735470187, 20, 0, 75, 2, 0, 0.06%, 9, 0, 7, 259.48
1735470192, 20, 12, 75, 2, 0, 0.06%, 9, 0, 7, 271.53
1735470197, 20, 14, 75, 2, 0, 0.06%, 9, 0, 7, 268.03
1735470202, 20, 15, 75, 2, 0, 0.06%, 9, 0, 7, 251.76
1735470212, 20, 19, 75, 2, 0, 0.06%, 9, 0, 7, 268.20
1735470217, 20, 28, 75, 2, 0, 0.06%, 9, 0, 7, 282.43
1735470227, 20, 39, 75, 2, 0, 0.06%, 9, 0, 7, 282.61
1735470232, 20, 51, 75, 2, 0, 0.06%, 9, 0, 7, 286.65
1735470237, 20, 70, 75, 2, 0, 0.06%, 9, 0, 7, 295.48
1735470247, 21, 13, 75, 2, 0, 0.06%, 9, 0, 7, 274.55
1735470252, 21, 14, 75, 2, 0, 0.06%, 9, 0, 7, 264.14
1735470257, 21, 15, 75, 2, 0, 0.06%, 9, 0, 7, 274.69
1735470263, 21, 16, 75, 2, 0, 0.06%, 9, 0, 7, 271.99
1735470268, 21, 19, 75, 2, 0, 0.06%, 9, 0, 7, 266.07
1735470273, 21, 21, 75, 2, 0, 0.06%, 9, 0, 7, 331.96
1735470319, 21, 28, 75, 1, 0, 0.06%, 9, 0, 7, 275.92
1735470324, 21, 29, 75, 1, 0, 0.06%, 9, 0, 7, 273.97
1735470329, 21, 51, 75, 1, 0, 0.06%, 9, 0, 7, 270.83
1735470334, 21, 68, 75, 1, 0, 0.06%, 9, 0, 7, 367.97
1735470344, 22, 13, 75, 1, 0, 0.06%, 9, 0, 7, 273.67
1735470349, 22, 14, 75, 1, 0, 0.06%, 9, 0, 7, 274.59
1735470354, 22, 15, 75, 1, 0, 0.06%, 9, 0, 7, 265.74
1735470359, 22, 16, 75, 1, 0, 0.06%, 9, 0, 7, 271.81
1735470364, 22, 19, 75, 1, 0, 0.06%, 9, 0, 7, 277.20
1735470369, 22, 28, 75, 1, 0, 0.06%, 9, 0, 7, 276.64
1735470375, 22, 34, 75, 1, 0, 0.06%, 9, 0, 7, 281.72
1735470380, 22, 51, 75, 1, 0, 0.06%, 9, 0, 7, 271.55
1735470385, 22, 58, 75, 1, 0, 0.06%, 9, 0, 7, 283.25
1735470395, 23, 11, 75, 1, 0, 0.06%, 9, 0, 7, 271.62
1735470400, 23, 14, 75, 1, 0, 0.06%, 9, 0, 7, 261.78
1735470405, 23, 15, 75, 1, 0, 0.06%, 9, 0, 7, 268.03
1735470410, 23, 16, 75, 1, 0, 0.06%, 9, 0, 7, 257.51
1735470415, 23, 19, 75, 1, 0, 0.06%, 9, 0, 7, 266.05
1735470420, 23, 28, 75, 1, 0, 0.06%, 9, 0, 7, 275.51
1735470426, 23, 33, 75, 1, 0, 0.06%, 9, 0, 7, 310.50
1735470481, 23, 33, 76, 2, 0, 0.06%, 9, 0, 7, 323.44
1735470522, 23, 38, 76, 1, 0, 0.06%, 9, 0, 7, 281.30
1735470527, 23, 51, 76, 1, 0, 0.06%, 9, 0, 7, 272.56
1735470532, 23, 57, 76, 1, 0, 0.06%, 9, 0, 7, 273.38
1735470537, 23, 59, 76, 1, 0, 0.06%, 9, 0, 7, 282.64
1735470547, 23, 70, 76, 1, 0, 0.06%, 9, 0, 7, 268.42
1735470557, 23, 75, 76, 1, 0, 0.06%, 9, 0, 7, 281.59
1735470572, 23, 75, 77, 2, 0, 0.06%, 9, 0, 7, 462.17
1735470658, 24, 4, 77, 1, 0, 0.06%, 9, 0, 7, 279.59
1735470663, 24, 13, 77, 1, 0, 0.06%, 9, 0, 7, 275.02
1735470668, 24, 14, 77, 1, 0, 0.06%, 9, 0, 7, 264.41
1735470674, 24, 15, 77, 1, 0, 0.06%, 9, 0, 7, 265.49
1735470679, 24, 16, 77, 1, 0, 0.06%, 9, 0, 7, 276.67
1735470684, 24, 19, 77, 1, 0, 0.06%, 9, 0, 7, 265.45
1735470689, 24, 28, 77, 1, 0, 0.06%, 9, 0, 7, 268.77
1735470694, 24, 29, 77, 1, 0, 0.06%, 9, 0, 7, 268.98
1735470699, 24, 49, 77, 1, 0, 0.06%, 9, 0, 7, 277.51
1735470704, 24, 51, 77, 1, 0, 0.06%, 9, 0, 7, 278.79
1735470709, 24, 58, 77, 1, 0, 0.06%, 9, 0, 7, 293.43
1735470714, 24, 74, 77, 1, 0, 0.06%, 9, 0, 7, 286.63
1735470734, 24, 75, 77, 1, 0, 0.06%, 9, 0, 7, 289.94
1735470755, 25, 11, 77, 1, 0, 0.06%, 9, 0, 7, 278.46
1735470760, 25, 14, 77, 1, 0, 0.06%, 9, 0, 7, 265.57
1735470765, 25, 15, 77, 1, 0, 0.06%, 9, 0, 7, 265.50
1735470770, 25, 16, 77, 1, 0, 0.06%, 9, 0, 7, 266.23
1735470775, 25, 19, 77, 1, 0, 0.06%, 9, 0, 7, 259.44
1735470780, 25, 24, 77, 1, 0, 0.06%, 9, 0, 7, 282.64
1735470785, 25, 28, 77, 1, 0, 0.06%, 9, 0, 7, 281.11
1735470790, 25, 38, 77, 1, 0, 0.06%, 9, 0, 7, 264.81
1735470795, 25, 51, 77, 1, 0, 0.06%, 9, 0, 7, 261.47
1735470800, 25, 52, 77, 1, 0, 0.06%, 9, 0, 7, 295.89
1735470805, 25, 76, 77, 1, 0, 0.06%, 9, 0, 7, 318.41
1735470907, 26, 11, 77, 0, 0, 0.06%, 9, 0, 7, 256.89
1735470912, 26, 14, 77, 0, 0, 0.06%, 9, 0, 7, 261.15
1735470917, 26, 15, 77, 0, 0, 0.06%, 9, 0, 7, 270.54
1735470922, 26, 16, 77, 0, 0, 0.06%, 9, 0, 7, 269.74
1735470927, 26, 19, 77, 0, 0, 0.06%, 9, 0, 7, 255.79
1735470932, 26, 28, 77, 0, 0, 0.06%, 9, 0, 7, 276.81
1735470937, 26, 51, 77, 0, 0, 0.06%, 9, 0, 7, 276.24
1735470942, 26, 57, 77, 0, 0, 0.06%, 9, 0, 7, 275.84
1735470947, 26, 59, 77, 0, 0, 0.06%, 9, 0, 7, 286.61
1735470952, 26, 65, 77, 0, 0, 0.06%, 9, 0, 7, 284.75
1735470957, 27, 4, 77, 0, 0, 0.06%, 9, 0, 7, 274.02
1735470962, 27, 13, 77, 0, 0, 0.06%, 9, 0, 7, 263.02
1735470968, 27, 14, 77, 0, 0, 0.06%, 9, 0, 7, 272.74
1735470973, 27, 15, 77, 0, 0, 0.06%, 9, 0, 7, 262.10
1735470978, 27, 16, 77, 0, 0, 0.06%, 9, 0, 7, 273.88
1735470983, 27, 19, 77, 0, 0, 0.06%, 9, 0, 7, 286.31
1735470988, 27, 28, 77, 0, 0, 0.06%, 9, 0, 7, 273.62
1735470993, 27, 39, 77, 0, 0, 0.06%, 9, 0, 7, 280.63
1735470998, 27, 47, 77, 0, 0, 0.06%, 9, 0, 7, 281.38
1735471003, 27, 51, 77, 0, 0, 0.06%, 9, 0, 7, 280.02
1735471008, 27, 57, 77, 0, 0, 0.06%, 9, 0, 7, 290.21
1735471013, 27, 67, 77, 0, 0, 0.06%, 9, 0, 7, 307.31
1735471023, 28, 11, 77, 0, 0, 0.06%, 9, 0, 7, 279.31
1735471028, 28, 14, 77, 0, 0, 0.06%, 9, 0, 7, 253.18
1735471033, 28, 15, 77, 0, 0, 0.06%, 9, 0, 7, 258.68
1735471039, 28, 16, 77, 0, 0, 0.06%, 9, 0, 7, 264.89
1735471044, 28, 19, 77, 0, 0, 0.06%, 9, 0, 7, 271.49
1735471049, 28, 28, 77, 0, 0, 0.06%, 9, 0, 7, 277.82
1735471054, 28, 49, 77, 0, 0, 0.06%, 9, 0, 7, 298.35
1735471059, 28, 51, 77, 0, 0, 0.06%, 9, 0, 7, 281.93
1735471064, 28, 76, 77, 0, 0, 0.06%, 9, 0, 7, 293.15
1735471084, 29, 11, 77, 0, 0, 0.06%, 9, 0, 7, 263.42
1735471089, 29, 14, 77, 0, 0, 0.06%, 9, 0, 7, 261.26
1735471094, 29, 15, 77, 0, 0, 0.06%, 9, 0, 7, 269.77
1735471099, 29, 16, 77, 0, 0, 0.06%, 9, 0, 7, 259.39
1735471104, 29, 19, 77, 0, 0, 0.06%, 9, 0, 7, 270.41
1735471115, 29, 21, 77, 0, 0, 0.06%, 9, 0, 7, 271.63
1735471120, 29, 27, 77, 0, 0, 0.06%, 9, 0, 7, 275.29
1735471125, 29, 28, 77, 0, 0, 0.06%, 9, 0, 7, 266.18
1735471130, 29, 32, 77, 0, 0, 0.06%, 9, 0, 7, 269.18
1735471135, 29, 36, 77, 0, 0, 0.06%, 9, 0, 7, 275.11
1735471140, 29, 37, 77, 0, 0, 0.06%, 9, 0, 7, 257.77
1735471145, 29, 50, 77, 0, 0, 0.06%, 9, 0, 7, 272.67
1735471150, 29, 51, 77, 0, 0, 0.06%, 9, 0, 7, 279.92
1735471155, 29, 65, 77, 0, 0, 0.06%, 9, 0, 7, 282.43
1735471160, 30, 13, 77, 0, 0, 0.06%, 9, 0, 7, 275.05
1735471165, 30, 14, 77, 0, 0, 0.06%, 9, 0, 7, 254.22
1735471170, 30, 15, 77, 0, 0, 0.06%, 9, 0, 7, 255.56
1735471175, 30, 16, 77, 0, 0, 0.06%, 9, 0, 7, 244.94
1735471180, 30, 19, 77, 0, 0, 0.06%, 9, 0, 7, 254.47
1735471185, 30, 28, 77, 0, 0, 0.06%, 9, 0, 7, 282.64
1735471191, 30, 37, 77, 0, 0, 0.06%, 9, 0, 7, 267.29
1735471196, 30, 51, 77, 0, 0, 0.06%, 9, 0, 7, 269.60
1735471201, 30, 58, 77, 0, 0, 0.06%, 9, 0, 7, 273.03
1735471206, 30, 62, 77, 0, 0, 0.06%, 9, 0, 7, 284.06
1735471211, 31, 11, 77, 0, 0, 0.06%, 9, 0, 7, 283.54
1735471216, 31, 14, 77, 0, 0, 0.06%, 9, 0, 7, 271.08
1735471221, 31, 15, 77, 0, 0, 0.06%, 9, 0, 7, 264.64
1735471226, 31, 16, 77, 0, 0, 0.06%, 9, 0, 7, 263.86
1735471231, 31, 19, 77, 0, 0, 0.06%, 9, 0, 7, 279.77
1735471241, 31, 28, 77, 0, 0, 0.06%, 9, 0, 7, 270.36
1735471246, 31, 38, 77, 0, 0, 0.06%, 9, 0, 7, 276.64
1735471252, 31, 47, 77, 0, 0, 0.06%, 9, 0, 7, 280.33
1735471257, 31, 51, 77, 0, 0, 0.06%, 9, 0, 7, 295.04
1735471262, 31, 67, 77, 0, 0, 0.06%, 9, 0, 7, 292.63
1735471267, 31, 70, 77, 0, 0, 0.06%, 9, 0, 7, 277.39
1735471272, 32, 13, 77, 0, 0, 0.06%, 9, 0, 7, 270.74
1735471277, 32, 14, 77, 0, 0, 0.06%, 9, 0, 7, 276.89
1735471282, 32, 15, 77, 0, 0, 0.06%, 9, 0, 7, 261.80
1735471288, 32, 16, 77, 0, 0, 0.06%, 9, 0, 7, 257.09
1735471293, 32, 19, 77, 0, 0, 0.06%, 9, 0, 7, 278.27
1735471298, 32, 27, 77, 0, 0, 0.06%, 9, 0, 7, 271.05
1735471303, 32, 28, 77, 0, 0, 0.06%, 9, 0, 7, 269.72
1735471308, 32, 51, 77, 0, 0, 0.06%, 9, 0, 7, 262.12
1735471313, 32, 61, 77, 0, 0, 0.06%, 9, 0, 7, 275.99
1735471323, 32, 65, 77, 0, 0, 0.06%, 9, 0, 7, 294.03
1735471328, 33, 11, 77, 0, 0, 0.06%, 9, 0, 7, 286.27
1735471333, 33, 13, 77, 0, 0, 0.06%, 9, 0, 7, 264.24
1735471338, 33, 14, 77, 0, 0, 0.06%, 9, 0, 7, 251.69
1735471343, 33, 15, 77, 0, 0, 0.06%, 9, 0, 7, 256.08
1735471348, 33, 16, 77, 0, 0, 0.06%, 9, 0, 7, 270.72
1735471354, 33, 19, 77, 0, 0, 0.06%, 9, 0, 7, 264.37
1735471359, 33, 28, 77, 0, 0, 0.06%, 9, 0, 7, 276.02
1735471364, 33, 51, 77, 0, 0, 0.06%, 9, 0, 7, 269.04
1735471369, 34, 11, 77, 0, 0, 0.06%, 9, 0, 7, 272.28
1735471374, 34, 13, 77, 0, 0, 0.06%, 9, 0, 7, 283.68
1735471379, 34, 14, 77, 0, 0, 0.06%, 9, 0, 7, 275.02
1735471384, 34, 16, 77, 0, 0, 0.06%, 9, 0, 7, 280.45
1735471395, 34, 19, 77, 0, 0, 0.06%, 9, 0, 7, 265.95
1735471400, 34, 20, 77, 0, 0, 0.06%, 9, 0, 7, 282.27
1735471405, 34, 28, 77, 0, 0, 0.06%, 9, 0, 7, 269.28
1735471410, 34, 51, 77, 0, 0, 0.06%, 9, 0, 7, 274.29
1735471415, 34, 56, 77, 0, 0, 0.06%, 9, 0, 7, 276.68
1735471420, 35, 11, 77, 0, 0, 0.06%, 9, 0, 7, 270.40
1735471425, 35, 14, 77, 0, 0, 0.06%, 9, 0, 7, 254.70
1735471430, 35, 15, 77, 0, 0, 0.06%, 9, 0, 7, 265.52
1735471435, 35, 16, 77, 0, 0, 0.06%, 9, 0, 7, 265.18
1735471440, 35, 19, 77, 0, 0, 0.06%, 9, 0, 7, 263.02
1735471446, 35, 28, 77, 0, 0, 0.06%, 9, 0, 7, 277.68
1735471451, 35, 51, 77, 0, 0, 0.06%, 9, 0, 7, 272.58
1735471456, 35, 61, 77, 0, 0, 0.06%, 9, 0, 7, 275.77
1735471461, 36, 10, 77, 0, 0, 0.06%, 9, 0, 7, 264.01
1735471466, 36, 13, 77, 0, 0, 0.06%, 9, 0, 7, 262.70
1735471471, 36, 14, 77, 0, 0, 0.06%, 9, 0, 7, 269.36
1735471476, 36, 15, 77, 0, 0, 0.06%, 9, 0, 7, 281.79
1735471481, 36, 16, 77, 0, 0, 0.06%, 9, 0, 7, 272.53
1735471486, 36, 19, 77, 0, 0, 0.06%, 9, 0, 7, 263.07
1735471492, 36, 28, 77, 0, 0, 0.06%, 9, 0, 7, 274.51
1735471497, 36, 40, 77, 0, 0, 0.06%, 9, 0, 7, 297.71
1735471502, 36, 51, 77, 0, 0, 0.06%, 9, 0, 7, 269.79
1735471507, 36, 63, 77, 0, 0, 0.06%, 9, 0, 7, 295.81
1735471512, 37, 11, 77, 0, 0, 0.06%, 9, 0, 7, 264.20
1735471517, 37, 14, 77, 0, 0, 0.06%, 9, 0, 7, 257.95
1735471522, 37, 15, 77, 0, 0, 0.06%, 9, 0, 7, 266.71
1735471528, 37, 16, 77, 0, 0, 0.06%, 9, 0, 7, 269.81
1735471533, 37, 19, 77, 0, 0, 0.06%, 9, 0, 7, 273.80
1735471538, 37, 28, 77, 0, 0, 0.06%, 9, 0, 7, 272.78
1735471548, 37, 30, 77, 0, 0, 0.06%, 9, 0, 7, 275.62
1735471553, 37, 35, 77, 0, 0, 0.06%, 9, 0, 7, 288.19
1735471558, 37, 41, 77, 0, 0, 0.06%, 9, 0, 7, 292.10
1735471563, 37, 51, 77, 0, 0, 0.06%, 9, 0, 7, 261.55
1735471568, 37, 66, 77, 0, 0, 0.06%, 9, 0, 7, 286.49
1735471579, 37, 67, 77, 0, 0, 0.06%, 9, 0, 7, 267.07
1735471584, 37, 71, 77, 0, 0, 0.06%, 9, 0, 7, 290.12
1735471594, 37, 76, 77, 0, 0, 0.06%, 9, 0, 7, 300.79
1735471614, 38, 13, 77, 0, 0, 0.06%, 9, 0, 7, 264.17
1735471619, 38, 14, 77, 0, 0, 0.06%, 9, 0, 7, 262.33
1735471624, 38, 15, 77, 0, 0, 0.06%, 9, 0, 7, 269.66
1735471629, 38, 16, 77, 0, 0, 0.06%, 9, 0, 7, 266.82
1735471634, 38, 19, 77, 0, 0, 0.06%, 9, 0, 7, 273.86
1735471640, 38, 28, 77, 0, 0, 0.06%, 9, 0, 7, 269.20
1735471645, 38, 32, 77, 0, 0, 0.06%, 9, 0, 7, 275.00
1735471650, 38, 37, 77, 0, 0, 0.06%, 9, 0, 7, 263.70
1735471655, 38, 50, 77, 0, 0, 0.06%, 9, 0, 7, 280.56
1735471660, 38, 51, 77, 0, 0, 0.06%, 9, 0, 7, 275.41
1735471665, 38, 57, 77, 0, 0, 0.06%, 9, 0, 7, 285.47
1735471670, 38, 63, 77, 0, 0, 0.06%, 9, 0, 7, 285.22
1735471675, 38, 75, 77, 0, 0, 0.06%, 9, 0, 7, 298.49
1735471695, 39, 13, 77, 0, 0, 0.06%, 9, 0, 7, 274.55
1735471701, 39, 14, 77, 0, 0, 0.06%, 9, 0, 7, 272.63
1735471706, 39, 15, 77, 0, 0, 0.06%, 9, 0, 7, 269.33
1735471711, 39, 16, 77, 0, 0, 0.06%, 9, 0, 7, 264.79
1735471716, 39, 19, 77, 0, 0, 0.06%, 9, 0, 7, 267.17
1735471721, 39, 20, 77, 0, 0, 0.06%, 9, 0, 7, 288.33
1735471726, 39, 28, 77, 0, 0, 0.06%, 9, 0, 7, 272.05
1735471731, 39, 42, 77, 0, 0, 0.06%, 9, 0, 7, 281.34
1735471736, 39, 51, 77, 0, 0, 0.06%, 9, 0, 7, 278.03
1735471741, 39, 53, 77, 0, 0, 0.06%, 9, 0, 7, 269.21
1735471746, 40, 8, 77, 0, 0, 0.06%, 9, 0, 7, 279.00
1735471751, 40, 13, 77, 0, 0, 0.06%, 9, 0, 7, 272.74
1735471756, 40, 15, 77, 0, 0, 0.06%, 9, 0, 7, 281.17
1735471762, 40, 16, 77, 0, 0, 0.06%, 9, 0, 7, 272.64
1735471767, 40, 19, 77, 0, 0, 0.06%, 9, 0, 7, 267.06
1735471777, 40, 28, 77, 0, 0, 0.06%, 9, 0, 7, 267.27
1735471782, 40, 42, 77, 0, 0, 0.06%, 9, 0, 7, 278.99
1735471787, 40, 51, 77, 0, 0, 0.06%, 9, 0, 7, 280.08
1735471792, 40, 52, 77, 0, 0, 0.06%, 9, 0, 7, 286.23
1735471797, 41, 11, 77, 0, 0, 0.06%, 9, 0, 7, 278.48
1735471802, 41, 14, 77, 0, 0, 0.06%, 9, 0, 7, 260.23
1735471808, 41, 15, 77, 0, 0, 0.06%, 9, 0, 7, 267.70
1735471813, 41, 16, 77, 0, 0, 0.06%, 9, 0, 7, 258.86
1735471818, 41, 19, 77, 0, 0, 0.06%, 9, 0, 7, 265.01
1735471823, 41, 28, 77, 0, 0, 0.06%, 9, 0, 7, 272.36
1735471828, 41, 45, 77, 0, 0, 0.06%, 9, 0, 7, 273.96
1735471833, 41, 51, 77, 0, 0, 0.06%, 9, 0, 7, 254.99
1735471838, 42, 2, 77, 0, 0, 0.06%, 9, 0, 7, 271.32
1735471844, 42, 11, 77, 0, 0, 0.06%, 9, 0, 7, 278.00
1735471849, 42, 14, 77, 0, 0, 0.06%, 9, 0, 7, 263.07
1735471854, 42, 15, 77, 0, 0, 0.06%, 9, 0, 7, 263.75
1735471859, 42, 16, 77, 0, 0, 0.06%, 9, 0, 7, 256.12
1735471864, 42, 19, 77, 0, 0, 0.06%, 9, 0, 7, 274.37
1735471869, 42, 27, 77, 0, 0, 0.06%, 9, 0, 7, 284.45
1735471874, 42, 28, 77, 0, 0, 0.06%, 9, 0, 7, 278.41
1735471879, 42, 44, 77, 0, 0, 0.06%, 9, 0, 7, 270.93
1735471885, 42, 51, 77, 0, 0, 0.06%, 9, 0, 7, 272.61
1735471890, 42, 53, 77, 0, 0, 0.06%, 9, 0, 7, 295.13
1735471895, 43, 11, 77, 0, 0, 0.06%, 9, 0, 7, 281.50
