# unix_time, cycles_done, cur_path, paths_total, pending_total, pending_favs, map_size, unique_crashes, unique_hangs, max_depth, execs_per_sec
1735654896, 0, 0, 10, 10, 1, 0.00%, 0, 0, 1, 154.14
1735654901, 0, 3, 10, 10, 1, 0.00%, 0, 0, 1, 192.76
1735654906, 0, 4, 10, 9, 0, 0.00%, 0, 0, 1, 189.86
1735654916, 0, 5, 10, 8, 0, 0.00%, 0, 0, 1, 192.97
1735654921, 0, 6, 10, 7, 0, 0.00%, 0, 0, 1, 178.56
1735654932, 0, 7, 10, 6, 0, 0.00%, 0, 0, 1, 191.16
1735654937, 0, 8, 10, 5, 0, 0.00%, 0, 0, 1, 182.10
1735654947, 0, 9, 10, 4, 0, 0.00%, 0, 0, 1, 194.58
1735654952, 1, 0, 10, 3, 0, 0.00%, 0, 0, 1, 183.03
1735654963, 1, 1, 10, 2, 0, 0.00%, 0, 0, 1, 181.54
1735654973, 1, 2, 10, 1, 0, 0.00%, 0, 0, 1, 183.35
1735654983, 1, 3, 10, 0, 0, 0.00%, 0, 0, 1, 191.33
1735654989, 1, 4, 10, 0, 0, 0.00%, 0, 0, 1, 191.14
1735654994, 1, 6, 10, 0, 0, 0.00%, 0, 0, 1, 195.03
1735654999, 1, 7, 10, 0, 0, 0.00%, 0, 0, 1, 192.67
1735655004, 1, 8, 10, 0, 0, 0.00%, 0, 0, 1, 194.20
1735655009, 2, 0, 10, 0, 0, 0.00%, 0, 0, 1, 195.92
1735655015, 2, 1, 10, 0, 0, 0.00%, 0, 0, 1, 192.73
1735655020, 2, 2, 10, 0, 0, 0.00%, 0, 0, 1, 195.76
1735655025, 2, 4, 10, 0, 0, 0.00%, 0, 0, 1, 194.48
1735655030, 2, 5, 10, 0, 0, 0.00%, 0, 0, 1, 190.99
1735655035, 2, 7, 10, 0, 0, 0.00%, 0, 0, 1, 195.33
1735655040, 2, 8, 10, 0, 0, 0.00%, 0, 0, 1, 192.62
1735655046, 2, 9, 10, 0, 0, 0.00%, 0, 0, 1, 190.26
1735655051, 3, 1, 10, 0, 0, 0.00%, 0, 0, 1, 193.79
1735655056, 3, 2, 10, 0, 0, 0.00%, 0, 0, 1, 197.70
1735655061, 3, 3, 10, 0, 0, 0.00%, 0, 0, 1, 194.96
1735655066, 3, 5, 10, 0, 0, 0.00%, 0, 0, 1, 191.85
1735655072, 3, 6, 10, 0, 0, 0.00%, 0, 0, 1, 188.70
1735655077, 3, 7, 10, 0, 0, 0.00%, 0, 0, 1, 191.52
1735655082, 3, 9, 10, 0, 0, 0.00%, 0, 0, 1, 190.72
1735655087, 4, 0, 10, 0, 0, 0.00%, 0, 0, 1, 191.58
1735655092, 4, 1, 10, 0, 0, 0.00%, 0, 0, 1, 194.27
1735655097, 4, 3, 10, 0, 0, 0.00%, 0, 0, 1, 191.97
1735655102, 4, 4, 10, 0, 0, 0.00%, 0, 0, 1, 195.29
1735655108, 4, 5, 10, 0, 0, 0.00%, 0, 0, 1, 192.09
1735655113, 4, 7, 10, 0, 0, 0.00%, 0, 0, 1, 195.58
1735655118, 4, 8, 10, 0, 0, 0.00%, 0, 0, 1, 194.28
1735655123, 5, 0, 10, 0, 0, 0.00%, 0, 0, 1, 197.16
1735655128, 5, 1, 10, 0, 0, 0.00%, 0, 0, 1, 192.31
1735655133, 5, 2, 10, 0, 0, 0.00%, 0, 0, 1, 193.38
1735655139, 5, 4, 10, 0, 0, 0.00%, 0, 0, 1, 194.08
1735655144, 5, 5, 10, 0, 0, 0.00%, 0, 0, 1, 197.47
1735655149, 5, 6, 10, 0, 0, 0.00%, 0, 0, 1, 196.55
1735655154, 5, 8, 10, 0, 0, 0.00%, 0, 0, 1, 193.80
1735655159, 5, 9, 10, 0, 0, 0.00%, 0, 0, 1, 194.86
1735655164, 6, 0, 10, 0, 0, 0.00%, 0, 0, 1, 191.75
1735655169, 6, 2, 10, 0, 0, 0.00%, 0, 0, 1, 192.73
1735655175, 6, 3, 10, 0, 0, 0.00%, 0, 0, 1, 190.22
1735655180, 6, 4, 10, 0, 0, 0.00%, 0, 0, 1, 191.02
1735655185, 6, 6, 10, 0, 0, 0.00%, 0, 0, 1, 189.88
1735655190, 6, 7, 10, 0, 0, 0.00%, 0, 0, 1, 190.74
1735655195, 6, 8, 10, 0, 0, 0.00%, 0, 0, 1, 192.37
1735655200, 7, 0, 10, 0, 0, 0.00%, 0, 0, 1, 191.72
1735655206, 7, 1, 10, 0, 0, 0.00%, 0, 0, 1, 192.62
1735655211, 7, 3, 10, 0, 0, 0.00%, 0, 0, 1, 192.98
1735655216, 7, 4, 10, 0, 0, 0.00%, 0, 0, 1, 192.28
1735655221, 7, 5, 10, 0, 0, 0.00%, 0, 0, 1, 194.40
1735655226, 7, 7, 10, 0, 0, 0.00%, 0, 0, 1, 195.43
1735655231, 7, 8, 10, 0, 0, 0.00%, 0, 0, 1, 195.50
1735655237, 7, 9, 10, 0, 0, 0.00%, 0, 0, 1, 194.50
1735655242, 8, 1, 10, 0, 0, 0.00%, 0, 0, 1, 195.99
1735655247, 8, 2, 10, 0, 0, 0.00%, 0, 0, 1, 197.10
1735655252, 8, 4, 10, 0, 0, 0.00%, 0, 0, 1, 197.76
1735655257, 8, 5, 10, 0, 0, 0.00%, 0, 0, 1, 196.41
1735655262, 8, 6, 10, 0, 0, 0.00%, 0, 0, 1, 194.04
1735655267, 8, 8, 10, 0, 0, 0.00%, 0, 0, 1, 191.53
1735655272, 8, 9, 10, 0, 0, 0.00%, 0, 0, 1, 188.61
1735655278, 9, 0, 10, 0, 0, 0.00%, 0, 0, 1, 196.00
1735655283, 9, 2, 10, 0, 0, 0.00%, 0, 0, 1, 193.11
1735655288, 9, 3, 10, 0, 0, 0.00%, 0, 0, 1, 190.81
1735655293, 9, 4, 10, 0, 0, 0.00%, 0, 0, 1, 191.52
1735655298, 9, 6, 10, 0, 0, 0.00%, 0, 0, 1, 191.70
1735655304, 9, 7, 10, 0, 0, 0.00%, 0, 0, 1, 191.65
1735655309, 9, 8, 10, 0, 0, 0.00%, 0, 0, 1, 194.09
1735655314, 10, 0, 10, 0, 0, 0.00%, 0, 0, 1, 189.04
1735655319, 10, 1, 10, 0, 0, 0.00%, 0, 0, 1, 195.01
1735655324, 10, 2, 10, 0, 0, 0.00%, 0, 0, 1, 188.64
1735655329, 10, 4, 10, 0, 0, 0.00%, 0, 0, 1, 189.31
1735655334, 10, 5, 10, 0, 0, 0.00%, 0, 0, 1, 192.07
1735655339, 10, 6, 10, 0, 0, 0.00%, 0, 0, 1, 191.58
1735655344, 10, 8, 10, 0, 0, 0.00%, 0, 0, 1, 192.29
1735655349, 10, 9, 10, 0, 0, 0.00%, 0, 0, 1, 192.34
1735655355, 11, 0, 10, 0, 0, 0.00%, 0, 0, 1, 190.97
1735655360, 11, 2, 10, 0, 0, 0.00%, 0, 0, 1, 193.42
1735655365, 11, 3, 10, 0, 0, 0.00%, 0, 0, 1, 193.27
1735655370, 11, 4, 10, 0, 0, 0.00%, 0, 0, 1, 191.52
1735655375, 11, 6, 10, 0, 0, 0.00%, 0, 0, 1, 195.17
1735655380, 11, 7, 10, 0, 0, 0.00%, 0, 0, 1, 191.67
1735655385, 11, 8, 10, 0, 0, 0.00%, 0, 0, 1, 192.33
1735655390, 12, 0, 10, 0, 0, 0.00%, 0, 0, 1, 190.17
1735655395, 12, 1, 10, 0, 0, 0.00%, 0, 0, 1, 193.38
1735655401, 12, 2, 10, 0, 0, 0.00%, 0, 0, 1, 193.60
1735655406, 12, 4, 10, 0, 0, 0.00%, 0, 0, 1, 194.39
1735655411, 12, 5, 10, 0, 0, 0.00%, 0, 0, 1, 191.91
1735655416, 12, 6, 10, 0, 0, 0.00%, 0, 0, 1, 190.50
1735655421, 12, 8, 10, 0, 0, 0.00%, 0, 0, 1, 190.95
1735655427, 12, 9, 10, 0, 0, 0.00%, 0, 0, 1, 195.14
1735655432, 13, 1, 10, 0, 0, 0.00%, 0, 0, 1, 195.76
1735655437, 13, 2, 10, 0, 0, 0.00%, 0, 0, 1, 195.12
1735655442, 13, 3, 10, 0, 0, 0.00%, 0, 0, 1, 191.16
1735655447, 13, 4, 10, 0, 0, 0.00%, 0, 0, 1, 190.08
1735655452, 13, 6, 10, 0, 0, 0.00%, 0, 0, 1, 188.46
1735655457, 13, 7, 10, 0, 0, 0.00%, 0, 0, 1, 192.84
1735655462, 13, 9, 10, 0, 0, 0.00%, 0, 0, 1, 194.15
1735655467, 14, 0, 10, 0, 0, 0.00%, 0, 0, 1, 191.12
1735655473, 14, 1, 10, 0, 0, 0.00%, 0, 0, 1, 195.62
1735655478, 14, 3, 10, 0, 0, 0.00%, 0, 0, 1, 194.16
1735655483, 14, 4, 10, 0, 0, 0.00%, 0, 0, 1, 192.82
1735655488, 14, 5, 10, 0, 0, 0.00%, 0, 0, 1, 191.55
1735655493, 14, 7, 10, 0, 0, 0.00%, 0, 0, 1, 187.37
1735655498, 14, 8, 10, 0, 0, 0.00%, 0, 0, 1, 189.41
1735655503, 14, 9, 10, 0, 0, 0.00%, 0, 0, 1, 199.97
1735655508, 15, 1, 10, 0, 0, 0.00%, 0, 0, 1, 197.05
1735655513, 15, 2, 10, 0, 0, 0.00%, 0, 0, 1, 200.64
1735655518, 15, 3, 10, 0, 0, 0.00%, 0, 0, 1, 196.03
1735655524, 15, 5, 10, 0, 0, 0.00%, 0, 0, 1, 200.38
1735655529, 15, 6, 10, 0, 0, 0.00%, 0, 0, 1, 204.48
1735655534, 15, 8, 10, 0, 0, 0.00%, 0, 0, 1, 199.33
1735655539, 15, 9, 10, 0, 0, 0.00%, 0, 0, 1, 198.93
1735655544, 16, 0, 10, 0, 0, 0.00%, 0, 0, 1, 198.99
1735655550, 16, 2, 10, 0, 0, 0.00%, 0, 0, 1, 199.28
1735655555, 16, 3, 10, 0, 0, 0.00%, 0, 0, 1, 199.22
1735655560, 16, 5, 10, 0, 0, 0.00%, 0, 0, 1, 203.29
1735655565, 16, 6, 10, 0, 0, 0.00%, 0, 0, 1, 201.38
1735655570, 16, 7, 10, 0, 0, 0.00%, 0, 0, 1, 197.42
1735655575, 16, 9, 10, 0, 0, 0.00%, 0, 0, 1, 199.27
1735655580, 17, 0, 10, 0, 0, 0.00%, 0, 0, 1, 197.99
1735655586, 17, 2, 10, 0, 0, 0.00%, 0, 0, 1, 199.48
1735655591, 17, 3, 10, 0, 0, 0.00%, 0, 0, 1, 197.75
1735655596, 17, 4, 10, 0, 0, 0.00%, 0, 0, 1, 201.23
1735655601, 17, 6, 10, 0, 0, 0.00%, 0, 0, 1, 202.50
1735655606, 17, 7, 10, 0, 0, 0.00%, 0, 0, 1, 199.28
1735655611, 17, 8, 10, 0, 0, 0.00%, 0, 0, 1, 202.13
1735655616, 18, 0, 10, 0, 0, 0.00%, 0, 0, 1, 202.29
1735655621, 18, 1, 10, 0, 0, 0.00%, 0, 0, 1, 199.21
1735655626, 18, 3, 10, 0, 0, 0.00%, 0, 0, 1, 198.59
1735655631, 18, 4, 10, 0, 0, 0.00%, 0, 0, 1, 199.10
1735655636, 18, 5, 10, 0, 0, 0.00%, 0, 0, 1, 198.90
1735655641, 18, 7, 10, 0, 0, 0.00%, 0, 0, 1, 201.83
1735655646, 18, 8, 10, 0, 0, 0.00%, 0, 0, 1, 201.07
1735655651, 18, 9, 10, 0, 0, 0.00%, 0, 0, 1, 199.04
1735655656, 19, 1, 10, 0, 0, 0.00%, 0, 0, 1, 198.53
1735655661, 19, 2, 10, 0, 0, 0.00%, 0, 0, 1, 198.80
1735655666, 19, 4, 10, 0, 0, 0.00%, 0, 0, 1, 203.99
1735655671, 19, 5, 10, 0, 0, 0.00%, 0, 0, 1, 201.39
1735655676, 19, 6, 10, 0, 0, 0.00%, 0, 0, 1, 199.27
1735655682, 19, 8, 10, 0, 0, 0.00%, 0, 0, 1, 199.26
1735655687, 19, 9, 10, 0, 0, 0.00%, 0, 0, 1, 199.78
1735655692, 20, 1, 10, 0, 0, 0.00%, 0, 0, 1, 205.28
1735655697, 20, 2, 10, 0, 0, 0.00%, 0, 0, 1, 205.16
1735655702, 20, 3, 10, 0, 0, 0.00%, 0, 0, 1, 202.68
1735655707, 20, 5, 10, 0, 0, 0.00%, 0, 0, 1, 198.39
1735655712, 20, 6, 10, 0, 0, 0.00%, 0, 0, 1, 202.08
1735655717, 20, 7, 10, 0, 0, 0.00%, 0, 0, 1, 203.54
1735655722, 20, 9, 10, 0, 0, 0.00%, 0, 0, 1, 201.30
1735655727, 21, 0, 10, 0, 0, 0.00%, 0, 0, 1, 199.02
1735655732, 21, 2, 10, 0, 0, 0.00%, 0, 0, 1, 199.75
1735655737, 21, 3, 10, 0, 0, 0.00%, 0, 0, 1, 200.30
1735655743, 21, 4, 10, 0, 0, 0.00%, 0, 0, 1, 199.36
1735655748, 21, 6, 10, 0, 0, 0.00%, 0, 0, 1, 203.46
1735655753, 21, 7, 10, 0, 0, 0.00%, 0, 0, 1, 201.37
1735655758, 21, 9, 10, 0, 0, 0.00%, 0, 0, 1, 203.70
1735655763, 22, 0, 10, 0, 0, 0.00%, 0, 0, 1, 200.65
1735655768, 22, 1, 10, 0, 0, 0.00%, 0, 0, 1, 203.25
1735655773, 22, 3, 10, 0, 0, 0.00%, 0, 0, 1, 200.16
1735655778, 22, 4, 10, 0, 0, 0.00%, 0, 0, 1, 204.39
1735655783, 22, 5, 10, 0, 0, 0.00%, 0, 0, 1, 197.71
1735655788, 22, 7, 10, 0, 0, 0.00%, 0, 0, 1, 200.31
1735655793, 22, 8, 10, 0, 0, 0.00%, 0, 0, 1, 202.74
1735655799, 23, 0, 10, 0, 0, 0.00%, 0, 0, 1, 200.38
1735655804, 23, 1, 10, 0, 0, 0.00%, 0, 0, 1, 203.68
1735655809, 23, 2, 10, 0, 0, 0.00%, 0, 0, 1, 198.61
1735655814, 23, 4, 10, 0, 0, 0.00%, 0, 0, 1, 201.67
1735655819, 23, 5, 10, 0, 0, 0.00%, 0, 0, 1, 198.92
1735655824, 23, 7, 10, 0, 0, 0.00%, 0, 0, 1, 201.52
1735655829, 23, 8, 10, 0, 0, 0.00%, 0, 0, 1, 202.22
1735655834, 23, 9, 10, 0, 0, 0.00%, 0, 0, 1, 199.49
1735655839, 24, 1, 10, 0, 0, 0.00%, 0, 0, 1, 200.79
1735655844, 24, 2, 10, 0, 0, 0.00%, 0, 0, 1, 195.47
1735655850, 24, 4, 10, 0, 0, 0.00%, 0, 0, 1, 197.52
1735655855, 24, 5, 10, 0, 0, 0.00%, 0, 0, 1, 200.51
1735655860, 24, 6, 10, 0, 0, 0.00%, 0, 0, 1, 201.66
1735655865, 24, 8, 10, 0, 0, 0.00%, 0, 0, 1, 198.54
1735655870, 24, 9, 10, 0, 0, 0.00%, 0, 0, 1, 202.49
1735655875, 25, 0, 10, 0, 0, 0.00%, 0, 0, 1, 200.79
1735655880, 25, 2, 10, 0, 0, 0.00%, 0, 0, 1, 198.00
1735655885, 25, 3, 10, 0, 0, 0.00%, 0, 0, 1, 196.88
1735655890, 25, 5, 10, 0, 0, 0.00%, 0, 0, 1, 197.62
1735655895, 25, 6, 10, 0, 0, 0.00%, 0, 0, 1, 201.49
1735655900, 25, 7, 10, 0, 0, 0.00%, 0, 0, 1, 200.00
1735655905, 25, 9, 10, 0, 0, 0.00%, 0, 0, 1, 202.10
1735655910, 26, 0, 10, 0, 0, 0.00%, 0, 0, 1, 200.93
1735655916, 26, 2, 10, 0, 0, 0.00%, 0, 0, 1, 196.60
1735655921, 26, 3, 10, 0, 0, 0.00%, 0, 0, 1, 204.32
1735655926, 26, 4, 10, 0, 0, 0.00%, 0, 0, 1, 202.82
1735655931, 26, 6, 10, 0, 0, 0.00%, 0, 0, 1, 202.26
1735655936, 26, 7, 10, 0, 0, 0.00%, 0, 0, 1, 202.17
1735655941, 26, 8, 10, 0, 0, 0.00%, 0, 0, 1, 200.39
1735655946, 27, 0, 10, 0, 0, 0.00%, 0, 0, 1, 197.71
1735655951, 27, 1, 10, 0, 0, 0.00%, 0, 0, 1, 199.05
1735655956, 27, 3, 10, 0, 0, 0.00%, 0, 0, 1, 201.63
1735655961, 27, 4, 10, 0, 0, 0.00%, 0, 0, 1, 201.90
1735655966, 27, 5, 10, 0, 0, 0.00%, 0, 0, 1, 200.78
1735655972, 27, 7, 10, 0, 0, 0.00%, 0, 0, 1, 197.97
1735655977, 27, 8, 10, 0, 0, 0.00%, 0, 0, 1, 198.55
1735655982, 28, 0, 10, 0, 0, 0.00%, 0, 0, 1, 198.95
1735655987, 28, 1, 10, 0, 0, 0.00%, 0, 0, 1, 202.93
1735655992, 28, 2, 10, 0, 0, 0.00%, 0, 0, 1, 204.79
1735655997, 28, 4, 10, 0, 0, 0.00%, 0, 0, 1, 199.13
1735656003, 28, 5, 10, 0, 0, 0.00%, 0, 0, 1, 203.58
1735656008, 28, 7, 10, 0, 0, 0.00%, 0, 0, 1, 199.44
1735656013, 28, 8, 10, 0, 0, 0.00%, 0, 0, 1, 197.41
1735656018, 28, 9, 10, 0, 0, 0.00%, 0, 0, 1, 201.60
1735656023, 29, 1, 10, 0, 0, 0.00%, 0, 0, 1, 195.89
1735656028, 29, 2, 11, 1, 0, 0.05%, 1, 0, 2, 202.45
1735656033, 29, 10, 12, 2, 1, 0.05%, 2, 0, 3, 219.50
1735656038, 29, 10, 13, 3, 1, 0.05%, 3, 0, 3, 217.12
1735656180, 29, 11, 15, 4, 2, 0.06%, 5, 0, 4, 233.33
1735656205, 29, 11, 16, 5, 2, 0.06%, 5, 0, 4, 219.96
1735656210, 29, 11, 18, 7, 2, 0.06%, 6, 0, 4, 216.72
1735656261, 29, 11, 19, 8, 2, 0.06%, 6, 0, 4, 214.17
1735656266, 29, 11, 20, 9, 2, 0.06%, 6, 0, 4, 218.86
1735656276, 29, 11, 21, 10, 2, 0.06%, 6, 0, 4, 219.27
1735656292, 29, 11, 22, 11, 2, 0.06%, 6, 0, 4, 220.55
1735656297, 29, 11, 24, 13, 2, 0.06%, 8, 0, 4, 219.87
1735656307, 29, 11, 25, 14, 2, 0.06%, 8, 0, 4, 240.92
1735656317, 29, 12, 25, 13, 5, 0.06%, 8, 0, 4, 238.57
1735656332, 29, 12, 26, 14, 5, 0.06%, 8, 0, 4, 213.65
1735656342, 29, 12, 27, 15, 5, 0.06%, 8, 0, 4, 214.90
1735656352, 29, 12, 28, 16, 5, 0.06%, 8, 0, 4, 222.19
1735656383, 29, 12, 29, 17, 5, 0.06%, 8, 0, 4, 221.30
1735656438, 29, 13, 29, 16, 4, 0.06%, 8, 0, 4, 251.08
1735656443, 29, 13, 30, 17, 4, 0.06%, 8, 0, 5, 229.91
1735656453, 29, 13, 31, 18, 4, 0.06%, 8, 0, 5, 220.31
1735656458, 29, 13, 32, 19, 4, 0.06%, 9, 0, 5, 215.01
1735656469, 29, 13, 33, 20, 4, 0.06%, 9, 0, 5, 216.80
1735656540, 29, 13, 34, 21, 4, 0.06%, 9, 0, 5, 216.56
1735656550, 29, 13, 35, 22, 4, 0.06%, 9, 0, 5, 218.02
1735656571, 29, 13, 37, 24, 4, 0.06%, 9, 0, 5, 257.22
1735656576, 29, 13, 39, 26, 4, 0.06%, 9, 0, 5, 259.61
1735656581, 29, 14, 39, 25, 5, 0.06%, 9, 0, 5, 248.53
1735656596, 29, 14, 40, 26, 5, 0.06%, 9, 0, 5, 217.79
1735656611, 29, 14, 41, 27, 5, 0.06%, 9, 0, 5, 220.93
1735656662, 29, 14, 42, 28, 5, 0.06%, 9, 0, 5, 219.51
1735656698, 29, 14, 43, 29, 5, 0.06%, 9, 0, 5, 272.60
1735656703, 29, 14, 44, 30, 5, 0.06%, 9, 0, 5, 252.49
1735656718, 29, 17, 44, 29, 4, 0.06%, 9, 0, 5, 241.02
1735656748, 29, 17, 45, 30, 4, 0.06%, 9, 0, 5, 221.59
1735656810, 29, 21, 45, 29, 3, 0.06%, 9, 0, 5, 268.80
1735656815, 29, 21, 46, 30, 3, 0.06%, 9, 0, 5, 395.30
1735656835, 29, 21, 48, 32, 3, 0.06%, 9, 0, 5, 272.43
1735656927, 29, 30, 48, 31, 2, 0.06%, 9, 0, 5, 278.94
1735656982, 29, 31, 48, 30, 1, 0.06%, 9, 0, 5, 246.02
1735657003, 29, 31, 49, 31, 1, 0.06%, 9, 0, 6, 231.46
1735657069, 29, 32, 49, 30, 0, 0.06%, 9, 0, 6, 408.11
1735657135, 29, 32, 52, 33, 0, 0.06%, 9, 0, 6, 301.35
1735657140, 29, 32, 53, 34, 0, 0.06%, 9, 0, 6, 305.04
1735657150, 29, 42, 53, 33, 0, 0.06%, 9, 0, 6, 325.05
1735657237, 29, 42, 54, 34, 0, 0.06%, 9, 0, 6, 277.94
1735657303, 29, 51, 54, 33, 0, 0.06%, 9, 0, 6, 327.00
1735657390, 29, 51, 55, 34, 0, 0.06%, 9, 0, 7, 306.03
1735657395, 29, 51, 56, 35, 0, 0.06%, 9, 0, 7, 295.66
1735657420, 29, 51, 57, 36, 0, 0.06%, 9, 0, 7, 305.21
1735657486, 29, 51, 58, 37, 0, 0.06%, 9, 0, 7, 296.95
1735657501, 29, 52, 58, 36, 0, 0.06%, 9, 0, 7, 345.14
1735657536, 29, 52, 59, 37, 0, 0.06%, 9, 0, 7, 439.24
1735657694, 29, 54, 59, 36, 0, 0.06%, 9, 0, 7, 322.44
1735657780, 29, 54, 60, 37, 0, 0.06%, 9, 0, 8, 298.24
1735657810, 29, 54, 61, 38, 0, 0.06%, 9, 0, 8, 307.24
1735657815, 29, 54, 62, 39, 0, 0.06%, 9, 0, 8, 303.92
1735657897, 29, 59, 62, 38, 0, 0.06%, 9, 0, 8, 436.37
1735657917, 29, 59, 63, 39, 0, 0.06%, 9, 0, 9, 303.27
1735658008, 29, 62, 63, 38, 0, 0.06%, 9, 0, 9, 272.81
1735658277, 29, 62, 64, 39, 0, 0.06%, 9, 0, 10, 363.46
1735658282, 29, 62, 65, 40, 0, 0.06%, 9, 0, 10, 372.47
1735658333, 30, 11, 65, 39, 0, 0.06%, 9, 0, 10, 297.88
1735658348, 30, 12, 65, 39, 0, 0.06%, 9, 0, 10, 255.29
1735658358, 30, 13, 65, 39, 0, 0.06%, 9, 0, 10, 243.44
1735658373, 30, 14, 65, 39, 0, 0.06%, 9, 0, 10, 271.94
1735658399, 30, 15, 65, 39, 0, 0.06%, 9, 0, 10, 286.54
1735658450, 30, 16, 65, 38, 0, 0.06%, 9, 0, 10, 311.78
1735658455, 30, 16, 66, 39, 0, 0.06%, 9, 0, 10, 372.61
1735658883, 30, 17, 66, 38, 0, 0.06%, 9, 0, 10, 253.49
1735658903, 30, 19, 66, 38, 0, 0.06%, 9, 0, 10, 338.64
1735658954, 30, 21, 66, 37, 0, 0.06%, 9, 0, 10, 276.63
1735658974, 30, 26, 66, 37, 0, 0.06%, 9, 0, 10, 277.60
1735659014, 30, 26, 67, 38, 0, 0.06%, 9, 0, 10, 260.67
1735659024, 30, 26, 68, 39, 0, 0.06%, 9, 0, 10, 266.06
1735659040, 30, 26, 69, 40, 0, 0.06%, 9, 0, 10, 259.97
1735659050, 30, 26, 70, 41, 0, 0.06%, 9, 0, 10, 262.50
1735659131, 30, 28, 70, 40, 0, 0.06%, 9, 0, 10, 422.74
1735659364, 30, 30, 70, 39, 0, 0.06%, 9, 0, 10, 264.11
1735659384, 30, 31, 70, 39, 0, 0.06%, 9, 0, 10, 245.58
1735659409, 30, 37, 70, 39, 0, 0.06%, 9, 0, 10, 304.23
1735659831, 30, 43, 70, 38, 0, 0.06%, 9, 0, 10, 278.90
1735659841, 30, 43, 71, 39, 0, 0.06%, 9, 0, 10, 246.19
1735659913, 30, 46, 71, 38, 0, 0.06%, 9, 0, 10, 261.99
1735660252, 30, 48, 71, 37, 0, 0.06%, 9, 0, 10, 327.19
1735660293, 30, 49, 71, 36, 0, 0.06%, 9, 0, 10, 382.81
1735660348, 30, 50, 71, 35, 0, 0.06%, 9, 0, 10, 301.83
1735660404, 30, 57, 71, 34, 0, 0.06%, 9, 0, 10, 420.37
1735660465, 30, 58, 71, 33, 0, 0.06%, 9, 0, 10, 369.53
1735660602, 30, 63, 71, 32, 0, 0.06%, 9, 0, 10, 323.22
1735660962, 31, 11, 71, 31, 0, 0.06%, 9, 0, 10, 253.83
1735660972, 31, 12, 71, 31, 0, 0.06%, 9, 0, 10, 256.56
1735660982, 31, 13, 71, 31, 0, 0.06%, 9, 0, 10, 249.41
1735661003, 31, 14, 71, 31, 0, 0.06%, 9, 0, 10, 256.27
1735661028, 31, 17, 71, 31, 0, 0.06%, 9, 0, 10, 238.89
1735661049, 31, 18, 71, 31, 0, 0.06%, 9, 0, 10, 299.85
1735661125, 31, 21, 71, 30, 0, 0.06%, 9, 0, 10, 273.10
1735661146, 31, 27, 71, 30, 0, 0.06%, 9, 0, 10, 319.18
1735661196, 31, 30, 71, 29, 0, 0.06%, 9, 0, 10, 259.91
1735661211, 31, 30, 72, 30, 0, 0.06%, 9, 0, 10, 272.90
1735661222, 31, 31, 72, 30, 0, 0.06%, 9, 0, 10, 263.52
1735661242, 31, 34, 72, 30, 0, 0.06%, 9, 0, 10, 367.01
1735661298, 31, 36, 72, 29, 0, 0.06%, 9, 0, 10, 354.32
1735661405, 31, 47, 72, 28, 0, 0.06%, 9, 0, 10, 356.97
1735661450, 31, 47, 73, 29, 0, 0.06%, 9, 0, 10, 293.73
1735661455, 31, 65, 73, 28, 0, 0.06%, 9, 0, 10, 335.88
1735661567, 31, 66, 73, 27, 0, 0.06%, 9, 0, 10, 399.05
1735661685, 31, 66, 74, 28, 0, 0.06%, 9, 0, 10, 328.05
1735661701, 31, 66, 75, 29, 0, 0.06%, 9, 0, 10, 323.13
1735661777, 31, 73, 75, 28, 0, 0.06%, 9, 0, 10, 274.33
1735661889, 32, 11, 75, 27, 0, 0.06%, 9, 0, 10, 264.28
1735661899, 32, 12, 75, 27, 0, 0.06%, 9, 0, 10, 260.70
1735661909, 32, 13, 75, 27, 0, 0.06%, 9, 0, 10, 258.74
1735661930, 32, 14, 75, 27, 0, 0.06%, 9, 0, 10, 242.45
1735661950, 32, 17, 75, 27, 0, 0.06%, 9, 0, 10, 266.32
1735661970, 32, 21, 75, 27, 0, 0.06%, 9, 0, 10, 255.18
1735661991, 32, 23, 75, 27, 0, 0.06%, 9, 0, 10, 307.48
1735662041, 32, 30, 75, 26, 0, 0.06%, 9, 0, 10, 266.97
1735662062, 32, 31, 75, 26, 0, 0.06%, 9, 0, 10, 260.17
1735662082, 32, 34, 75, 26, 0, 0.06%, 9, 0, 10, 287.97
1735662102, 32, 35, 75, 26, 0, 0.06%, 9, 0, 10, 290.78
1735662153, 32, 40, 75, 25, 0, 0.06%, 9, 0, 10, 374.19
1735662209, 32, 45, 75, 24, 0, 0.06%, 9, 0, 10, 354.14
1735662254, 32, 54, 75, 23, 0, 0.06%, 9, 0, 10, 289.40
1735662275, 32, 64, 75, 23, 0, 0.06%, 9, 0, 10, 292.29
1735662519, 32, 74, 75, 22, 0, 0.06%, 9, 0, 10, 383.58
1735662625, 33, 11, 75, 21, 0, 0.06%, 9, 0, 10, 254.34
1735662635, 33, 12, 75, 21, 0, 0.06%, 9, 0, 10, 248.24
1735662645, 33, 13, 75, 21, 0, 0.06%, 9, 0, 10, 253.89
1735662666, 33, 14, 75, 21, 0, 0.06%, 9, 0, 10, 245.31
1735662691, 33, 17, 75, 21, 0, 0.06%, 9, 0, 10, 241.20
1735662711, 33, 21, 75, 21, 0, 0.06%, 9, 0, 10, 268.56
1735662737, 33, 27, 75, 21, 0, 0.06%, 9, 0, 10, 276.09
1735662752, 33, 29, 75, 21, 0, 0.06%, 9, 0, 10, 304.11
1735662803, 33, 30, 75, 20, 0, 0.06%, 9, 0, 10, 236.24
1735662828, 33, 31, 75, 20, 0, 0.06%, 9, 0, 10, 249.29
1735662849, 33, 38, 75, 20, 0, 0.06%, 9, 0, 10, 267.95
1735663215, 33, 67, 75, 19, 0, 0.06%, 9, 0, 10, 302.46
1735663271, 33, 69, 75, 18, 0, 0.06%, 9, 0, 10, 372.74
1735663326, 34, 6, 75, 17, 0, 0.06%, 9, 0, 10, 276.91
1735663331, 34, 11, 75, 17, 0, 0.06%, 9, 0, 10, 251.61
1735663341, 34, 12, 75, 17, 0, 0.06%, 9, 0, 10, 256.09
1735663351, 34, 13, 75, 17, 0, 0.06%, 9, 0, 10, 254.46
1735663372, 34, 14, 75, 17, 0, 0.06%, 9, 0, 10, 248.61
1735663392, 34, 17, 75, 17, 0, 0.06%, 9, 0, 10, 247.74
1735663413, 34, 21, 75, 17, 0, 0.06%, 9, 0, 10, 292.82
1735663433, 34, 24, 75, 17, 0, 0.06%, 9, 0, 10, 303.70
1735663479, 34, 30, 75, 16, 0, 0.06%, 9, 0, 10, 280.18
1735663499, 34, 31, 75, 16, 0, 0.06%, 9, 0, 10, 253.79
1735663525, 34, 53, 75, 16, 0, 0.06%, 9, 0, 10, 381.44
1735663646, 34, 70, 75, 15, 0, 0.06%, 9, 0, 10, 236.05
1735664042, 34, 71, 75, 14, 0, 0.06%, 9, 0, 10, 354.59
1735664144, 35, 11, 75, 13, 0, 0.06%, 9, 0, 10, 248.89
1735664154, 35, 12, 75, 13, 0, 0.06%, 9, 0, 10, 257.89
1735664164, 35, 13, 75, 13, 0, 0.06%, 9, 0, 10, 253.08
1735664179, 35, 14, 75, 13, 0, 0.06%, 9, 0, 10, 282.12
1735664200, 35, 16, 75, 13, 0, 0.06%, 9, 0, 10, 311.57
1735664220, 35, 17, 75, 13, 0, 0.06%, 9, 0, 10, 264.29
1735664241, 35, 21, 75, 13, 0, 0.06%, 9, 0, 10, 272.33
1735664261, 35, 25, 75, 13, 0, 0.06%, 9, 0, 10, 305.01
1735664311, 35, 30, 75, 12, 0, 0.06%, 9, 0, 10, 267.71
1735664332, 35, 31, 75, 12, 0, 0.06%, 9, 0, 10, 274.03
1735664357, 35, 48, 75, 12, 0, 0.06%, 9, 0, 10, 281.77
1735664373, 35, 55, 76, 13, 0, 0.06%, 9, 0, 10, 325.50
1735664500, 35, 75, 76, 12, 0, 0.06%, 9, 0, 10, 361.67
1735664647, 36, 11, 76, 11, 0, 0.06%, 9, 0, 10, 281.07
1735664652, 36, 12, 76, 11, 0, 0.06%, 9, 0, 10, 260.60
1735664657, 36, 13, 76, 11, 0, 0.06%, 9, 0, 10, 254.75
1735664667, 36, 14, 76, 11, 0, 0.06%, 9, 0, 10, 249.93
1735664677, 36, 17, 76, 11, 0, 0.06%, 9, 0, 10, 256.93
1735664688, 36, 21, 76, 11, 0, 0.06%, 9, 0, 10, 280.78
1735664698, 36, 30, 76, 11, 0, 0.06%, 9, 0, 10, 269.59
1735664708, 36, 31, 76, 11, 0, 0.06%, 9, 0, 10, 252.85
1735664718, 36, 33, 76, 11, 0, 0.06%, 9, 0, 10, 334.30
1735664769, 36, 42, 76, 10, 0, 0.06%, 9, 0, 10, 291.05
1735664790, 36, 68, 76, 10, 0, 0.06%, 9, 0, 10, 325.31
1735664856, 36, 72, 76, 9, 0, 0.06%, 9, 0, 10, 343.70
1735665018, 37, 11, 76, 8, 0, 0.06%, 9, 0, 10, 271.69
1735665023, 37, 13, 76, 8, 0, 0.06%, 9, 0, 10, 267.83
1735665028, 37, 14, 76, 8, 0, 0.06%, 9, 0, 10, 264.88
1735665033, 37, 17, 76, 8, 0, 0.06%, 9, 0, 10, 266.25
1735665038, 37, 21, 76, 8, 0, 0.06%, 9, 0, 10, 279.85
1735665043, 37, 28, 76, 8, 0, 0.06%, 9, 0, 10, 292.12
1735665064, 37, 30, 76, 8, 0, 0.06%, 9, 0, 10, 275.64
1735665069, 37, 31, 76, 8, 0, 0.06%, 9, 0, 10, 272.78
1735665074, 37, 44, 76, 8, 0, 0.06%, 9, 0, 10, 295.79
1735665129, 37, 47, 76, 7, 0, 0.06%, 9, 0, 10, 281.60
1735665150, 37, 61, 76, 7, 0, 0.06%, 9, 0, 10, 344.38
1735665338, 37, 65, 76, 6, 0, 0.06%, 9, 0, 10, 286.11
1735665358, 38, 12, 76, 6, 0, 0.06%, 9, 0, 10, 262.32
1735665363, 38, 13, 76, 6, 0, 0.06%, 9, 0, 10, 250.59
1735665368, 38, 14, 76, 6, 0, 0.06%, 9, 0, 10, 273.50
1735665374, 38, 17, 76, 6, 0, 0.06%, 9, 0, 10, 282.45
1735665379, 38, 20, 76, 6, 0, 0.06%, 9, 0, 10, 377.90
1735665424, 38, 21, 76, 5, 0, 0.06%, 9, 0, 10, 262.61
1735665430, 38, 30, 76, 5, 0, 0.06%, 9, 0, 10, 269.44
1735665435, 38, 31, 76, 5, 0, 0.06%, 9, 0, 10, 291.38
1735665440, 38, 33, 76, 5, 0, 0.06%, 9, 0, 10, 283.31
1735665465, 38, 39, 76, 5, 0, 0.06%, 9, 0, 10, 286.42
1735665511, 38, 48, 76, 4, 0, 0.06%, 9, 0, 10, 268.33
1735665531, 38, 57, 76, 4, 0, 0.06%, 9, 0, 10, 303.21
1735665551, 38, 64, 76, 4, 0, 0.06%, 9, 0, 10, 350.68
1735665576, 39, 11, 76, 4, 0, 0.06%, 9, 0, 10, 276.58
1735665581, 39, 13, 76, 4, 0, 0.06%, 9, 0, 10, 260.98
1735665586, 39, 14, 76, 4, 0, 0.06%, 9, 0, 10, 263.48
1735665592, 39, 17, 76, 4, 0, 0.06%, 9, 0, 10, 257.64
1735665597, 39, 21, 76, 4, 0, 0.06%, 9, 0, 10, 279.85
1735665602, 39, 30, 76, 4, 0, 0.06%, 9, 0, 10, 272.89
1735665612, 39, 31, 76, 4, 0, 0.06%, 9, 0, 10, 273.78
1735665617, 39, 42, 76, 4, 0, 0.06%, 9, 0, 10, 287.20
1735665637, 39, 48, 76, 4, 0, 0.06%, 9, 0, 10, 271.63
1735665652, 40, 10, 76, 4, 0, 0.06%, 9, 0, 10, 249.32
1735665663, 40, 11, 76, 4, 0, 0.06%, 9, 0, 10, 283.47
1735665668, 40, 13, 76, 4, 0, 0.06%, 9, 0, 10, 254.50
1735665673, 40, 14, 76, 4, 0, 0.06%, 9, 0, 10, 254.89
1735665678, 40, 17, 76, 4, 0, 0.06%, 9, 0, 10, 263.75
1735665683, 40, 21, 76, 4, 0, 0.06%, 9, 0, 10, 269.63
1735665688, 40, 30, 76, 4, 0, 0.06%, 9, 0, 10, 278.73
