# unix_time, cycles_done, cur_path, paths_total, pending_total, pending_favs, map_size, unique_crashes, unique_hangs, max_depth, execs_per_sec
1734949462, 0, 0, 10, 10, 1, 0.00%, 0, 0, 1, 148.42
1734949468, 0, 4, 10, 10, 1, 0.00%, 0, 0, 1, 189.68
1734949473, 0, 5, 10, 9, 0, 0.00%, 0, 0, 1, 192.56
1734949483, 0, 6, 10, 8, 0, 0.00%, 0, 0, 1, 189.11
1734949488, 0, 7, 10, 7, 0, 0.00%, 0, 0, 1, 176.17
1734949499, 0, 8, 10, 6, 0, 0.00%, 0, 0, 1, 192.35
1734949504, 0, 9, 10, 5, 0, 0.00%, 0, 0, 1, 179.72
1734949514, 1, 0, 10, 4, 0, 0.00%, 0, 0, 1, 191.35
1734949524, 1, 1, 10, 3, 0, 0.00%, 0, 0, 1, 189.19
1734949534, 1, 2, 10, 2, 0, 0.00%, 0, 0, 1, 192.41
1734949545, 1, 3, 10, 1, 0, 0.00%, 0, 0, 1, 173.49
1734949555, 1, 4, 10, 0, 0, 0.00%, 0, 0, 1, 184.29
1734949560, 1, 5, 10, 0, 0, 0.00%, 0, 0, 1, 185.52
1734949565, 1, 6, 10, 0, 0, 0.00%, 0, 0, 1, 190.96
1734949570, 1, 8, 10, 0, 0, 0.00%, 0, 0, 1, 189.83
1734949575, 1, 9, 10, 0, 0, 0.00%, 0, 0, 1, 191.26
1734949580, 2, 0, 10, 0, 0, 0.00%, 0, 0, 1, 190.96
1734949585, 2, 2, 10, 0, 0, 0.00%, 0, 0, 1, 187.50
1734949590, 2, 3, 10, 0, 0, 0.00%, 0, 0, 1, 194.03
1734949595, 2, 4, 10, 0, 0, 0.00%, 0, 0, 1, 188.18
1734949601, 2, 6, 10, 0, 0, 0.00%, 0, 0, 1, 191.12
1734949606, 2, 7, 10, 0, 0, 0.00%, 0, 0, 1, 186.17
1734949611, 2, 8, 10, 0, 0, 0.00%, 0, 0, 1, 187.72
1734949616, 3, 0, 10, 0, 0, 0.00%, 0, 0, 1, 188.01
1734949621, 3, 1, 10, 0, 0, 0.00%, 0, 0, 1, 187.39
1734949627, 3, 2, 10, 0, 0, 0.00%, 0, 0, 1, 188.94
1734949632, 3, 4, 10, 0, 0, 0.00%, 0, 0, 1, 190.47
1734949637, 3, 5, 10, 0, 0, 0.00%, 0, 0, 1, 197.91
1734949642, 3, 6, 10, 0, 0, 0.00%, 0, 0, 1, 191.39
1734949647, 3, 8, 10, 0, 0, 0.00%, 0, 0, 1, 189.63
1734949652, 3, 9, 10, 0, 0, 0.00%, 0, 0, 1, 190.32
1734949658, 4, 0, 10, 0, 0, 0.00%, 0, 0, 1, 188.16
1734949663, 4, 2, 10, 0, 0, 0.00%, 0, 0, 1, 191.03
1734949668, 4, 3, 10, 0, 0, 0.00%, 0, 0, 1, 190.55
1734949673, 4, 4, 10, 0, 0, 0.00%, 0, 0, 1, 190.88
1734949678, 4, 6, 10, 0, 0, 0.00%, 0, 0, 1, 186.03
1734949683, 4, 7, 10, 0, 0, 0.00%, 0, 0, 1, 186.52
1734949689, 4, 8, 10, 0, 0, 0.00%, 0, 0, 1, 188.97
1734949694, 5, 0, 10, 0, 0, 0.00%, 0, 0, 1, 189.31
1734949699, 5, 1, 10, 0, 0, 0.00%, 0, 0, 1, 191.70
1734949704, 5, 2, 10, 0, 0, 0.00%, 0, 0, 1, 188.91
1734949709, 5, 4, 10, 0, 0, 0.00%, 0, 0, 1, 189.90
1734949714, 5, 5, 10, 0, 0, 0.00%, 0, 0, 1, 191.77
1734949719, 5, 6, 10, 0, 0, 0.00%, 0, 0, 1, 186.84
1734949725, 5, 8, 10, 0, 0, 0.00%, 0, 0, 1, 193.36
1734949730, 5, 9, 10, 0, 0, 0.00%, 0, 0, 1, 191.94
1734949735, 6, 0, 10, 0, 0, 0.00%, 0, 0, 1, 189.77
1734949740, 6, 2, 10, 0, 0, 0.00%, 0, 0, 1, 190.89
1734949745, 6, 3, 10, 0, 0, 0.00%, 0, 0, 1, 189.05
1734949750, 6, 4, 10, 0, 0, 0.00%, 0, 0, 1, 187.56
1734949755, 6, 6, 10, 0, 0, 0.00%, 0, 0, 1, 189.80
1734949760, 6, 7, 10, 0, 0, 0.00%, 0, 0, 1, 192.51
1734949766, 6, 8, 10, 0, 0, 0.00%, 0, 0, 1, 189.07
1734949771, 7, 0, 10, 0, 0, 0.00%, 0, 0, 1, 189.66
1734949776, 7, 1, 10, 0, 0, 0.00%, 0, 0, 1, 190.13
1734949781, 7, 2, 10, 0, 0, 0.00%, 0, 0, 1, 187.56
1734949786, 7, 4, 10, 0, 0, 0.00%, 0, 0, 1, 192.58
1734949791, 7, 5, 10, 0, 0, 0.00%, 0, 0, 1, 192.07
1734949796, 7, 6, 10, 0, 0, 0.00%, 0, 0, 1, 188.02
1734949802, 7, 7, 10, 0, 0, 0.00%, 0, 0, 1, 188.98
1734949807, 7, 9, 10, 0, 0, 0.00%, 0, 0, 1, 188.87
1734949812, 8, 0, 10, 0, 0, 0.00%, 0, 0, 1, 192.27
1734949817, 8, 2, 10, 0, 0, 0.00%, 0, 0, 1, 189.93
1734949822, 8, 3, 10, 0, 0, 0.00%, 0, 0, 1, 191.39
1734949827, 8, 4, 10, 0, 0, 0.00%, 0, 0, 1, 190.03
1734949832, 8, 5, 10, 0, 0, 0.00%, 0, 0, 1, 186.19
1734949838, 8, 7, 10, 0, 0, 0.00%, 0, 0, 1, 189.92
1734949843, 8, 8, 10, 0, 0, 0.00%, 0, 0, 1, 190.22
1734949848, 9, 0, 10, 0, 0, 0.00%, 0, 0, 1, 193.54
1734949853, 9, 1, 10, 0, 0, 0.00%, 0, 0, 1, 187.94
1734949858, 9, 2, 10, 0, 0, 0.00%, 0, 0, 1, 188.09
1734949864, 9, 4, 10, 0, 0, 0.00%, 0, 0, 1, 190.53
1734949869, 9, 5, 10, 0, 0, 0.00%, 0, 0, 1, 188.44
1734949874, 9, 6, 10, 0, 0, 0.00%, 0, 0, 1, 193.24
1734949879, 9, 8, 10, 0, 0, 0.00%, 0, 0, 1, 191.00
1734949884, 9, 9, 10, 0, 0, 0.00%, 0, 0, 1, 191.25
1734949889, 10, 0, 10, 0, 0, 0.00%, 0, 0, 1, 188.92
1734949895, 10, 2, 10, 0, 0, 0.00%, 0, 0, 1, 190.91
1734949900, 10, 3, 10, 0, 0, 0.00%, 0, 0, 1, 192.62
1734949905, 10, 4, 10, 0, 0, 0.00%, 0, 0, 1, 193.18
1734949910, 10, 6, 10, 0, 0, 0.00%, 0, 0, 1, 190.88
1734949915, 10, 7, 10, 0, 0, 0.00%, 0, 0, 1, 188.55
1734949920, 10, 8, 10, 0, 0, 0.00%, 0, 0, 1, 189.57
1734949925, 11, 0, 10, 0, 0, 0.00%, 0, 0, 1, 194.66
1734949930, 11, 1, 10, 0, 0, 0.00%, 0, 0, 1, 193.18
1734949935, 11, 2, 10, 0, 0, 0.00%, 0, 0, 1, 186.18
1734949941, 11, 4, 10, 0, 0, 0.00%, 0, 0, 1, 189.11
1734949946, 11, 5, 10, 0, 0, 0.00%, 0, 0, 1, 190.62
1734949951, 11, 6, 10, 0, 0, 0.00%, 0, 0, 1, 188.94
1734949956, 11, 8, 10, 0, 0, 0.00%, 0, 0, 1, 194.20
1734949961, 11, 10, 11, 1, 1, 0.05%, 1, 0, 2, 196.14
1734949967, 11, 10, 12, 2, 1, 0.05%, 2, 0, 3, 207.00
1734950059, 11, 11, 16, 5, 1, 0.06%, 5, 0, 4, 231.55
1734950069, 11, 11, 17, 6, 1, 0.06%, 5, 0, 4, 210.79
1734950079, 11, 11, 18, 7, 1, 0.06%, 5, 0, 4, 216.78
1734950166, 11, 11, 19, 8, 1, 0.06%, 5, 0, 4, 218.24
1734950171, 11, 11, 20, 9, 1, 0.06%, 5, 0, 4, 212.39
1734950192, 11, 13, 20, 8, 3, 0.06%, 5, 0, 4, 233.35
1734950197, 11, 13, 21, 9, 3, 0.06%, 6, 0, 5, 216.46
1734950232, 11, 13, 22, 10, 3, 0.06%, 6, 0, 5, 214.11
1734950237, 11, 13, 23, 11, 3, 0.06%, 7, 0, 5, 214.44
1734950262, 11, 13, 24, 12, 3, 0.06%, 7, 0, 5, 216.07
1734950308, 11, 13, 26, 14, 3, 0.06%, 7, 0, 5, 205.65
1734950313, 11, 13, 28, 16, 3, 0.06%, 7, 0, 5, 267.00
1734950318, 11, 13, 30, 18, 3, 0.06%, 7, 0, 5, 264.03
1734950324, 11, 13, 33, 21, 3, 0.06%, 7, 0, 5, 266.22
1734950329, 11, 13, 34, 22, 3, 0.06%, 7, 0, 5, 247.02
1734950334, 11, 14, 34, 21, 4, 0.06%, 7, 0, 5, 279.81
1734950344, 11, 14, 35, 22, 4, 0.06%, 7, 0, 5, 219.22
1734950374, 11, 14, 36, 23, 4, 0.06%, 7, 0, 5, 213.04
1734950414, 11, 14, 37, 24, 4, 0.06%, 7, 0, 5, 212.59
1734950425, 11, 14, 39, 26, 4, 0.06%, 7, 0, 5, 217.68
1734950465, 11, 14, 41, 28, 4, 0.06%, 7, 0, 5, 271.85
1734950475, 11, 15, 41, 27, 3, 0.06%, 7, 0, 5, 260.02
1734950516, 11, 15, 42, 28, 3, 0.06%, 7, 0, 5, 213.40
1734950526, 11, 15, 44, 30, 3, 0.06%, 8, 0, 5, 208.75
1734950587, 11, 15, 45, 31, 3, 0.06%, 8, 0, 5, 217.51
1734950602, 11, 15, 46, 32, 3, 0.06%, 8, 0, 5, 221.97
1734950618, 11, 15, 47, 33, 3, 0.06%, 8, 0, 5, 214.86
1734950633, 11, 15, 49, 35, 3, 0.06%, 8, 0, 5, 295.11
1734950638, 11, 15, 50, 36, 3, 0.06%, 8, 0, 5, 269.70
1734950643, 11, 15, 51, 37, 3, 0.06%, 8, 0, 5, 251.36
1734950648, 11, 20, 52, 37, 3, 0.06%, 9, 0, 6, 250.46
1734950704, 11, 22, 52, 36, 3, 0.06%, 9, 0, 6, 233.99
1734950735, 11, 22, 53, 37, 3, 0.06%, 9, 0, 6, 214.25
1734950795, 11, 45, 53, 36, 2, 0.06%, 9, 0, 6, 258.28
1734950831, 11, 45, 55, 38, 2, 0.06%, 9, 0, 6, 228.01
1734950836, 11, 45, 56, 39, 2, 0.06%, 9, 0, 6, 291.42
1734950851, 11, 51, 57, 39, 1, 0.06%, 9, 0, 7, 244.10
1734950866, 11, 51, 58, 40, 1, 0.06%, 9, 0, 7, 213.32
1734950978, 11, 51, 59, 41, 1, 0.06%, 9, 0, 7, 216.78
1734951019, 11, 56, 59, 40, 0, 0.06%, 9, 0, 7, 283.02
1734951034, 11, 56, 60, 41, 0, 0.06%, 9, 0, 8, 241.67
1734951106, 11, 58, 60, 40, 0, 0.06%, 9, 0, 8, 370.66
1734951248, 11, 58, 61, 41, 0, 0.06%, 9, 0, 8, 375.08
1734951253, 11, 58, 62, 42, 0, 0.06%, 9, 0, 8, 338.08
1734951263, 11, 58, 63, 43, 0, 0.06%, 9, 0, 8, 335.08
1734951360, 12, 9, 63, 42, 0, 0.06%, 9, 0, 8, 250.51
1734951365, 12, 10, 63, 42, 0, 0.06%, 9, 0, 8, 220.14
1734951375, 12, 11, 63, 42, 0, 0.06%, 9, 0, 8, 236.00
1734951385, 12, 12, 63, 42, 0, 0.06%, 9, 0, 8, 279.27
1734951415, 12, 13, 63, 41, 0, 0.06%, 9, 0, 8, 212.58
1734951441, 12, 14, 63, 41, 0, 0.06%, 9, 0, 8, 228.41
1734951466, 12, 15, 63, 41, 0, 0.06%, 9, 0, 8, 217.44
1734951486, 12, 20, 63, 41, 0, 0.06%, 9, 0, 8, 240.78
1734951512, 12, 21, 63, 41, 0, 0.06%, 9, 0, 8, 387.43
1734951568, 12, 22, 63, 40, 0, 0.06%, 9, 0, 8, 226.08
1734951588, 12, 25, 63, 40, 0, 0.06%, 9, 0, 8, 353.24
1734951645, 12, 27, 63, 39, 0, 0.06%, 9, 0, 8, 359.82
1734951762, 12, 29, 63, 38, 0, 0.06%, 9, 0, 8, 339.26
1734951929, 12, 29, 65, 40, 0, 0.06%, 9, 0, 8, 277.51
1734951934, 12, 30, 65, 39, 0, 0.06%, 9, 0, 8, 286.87
1734952412, 12, 31, 65, 38, 0, 0.06%, 9, 0, 8, 276.52
1734952636, 12, 31, 66, 39, 0, 0.06%, 9, 0, 8, 272.74
1734952641, 12, 35, 66, 38, 0, 0.06%, 9, 0, 8, 311.57
1734952722, 12, 36, 66, 37, 0, 0.06%, 9, 0, 8, 406.04
1734952768, 12, 36, 67, 38, 0, 0.06%, 9, 0, 8, 295.97
1734952773, 12, 38, 67, 37, 0, 0.06%, 9, 0, 8, 389.70
1734952798, 12, 38, 69, 39, 0, 0.06%, 9, 0, 8, 437.96
1734952895, 12, 39, 69, 38, 0, 0.06%, 9, 0, 8, 295.35
1734952930, 12, 39, 70, 39, 0, 0.06%, 9, 0, 8, 317.42
1734952945, 12, 41, 70, 38, 0, 0.06%, 9, 0, 8, 338.47
1734952981, 12, 41, 71, 39, 0, 0.06%, 9, 0, 8, 280.34
1734952991, 12, 42, 71, 38, 0, 0.06%, 9, 0, 8, 381.96
1734953042, 12, 45, 71, 37, 0, 0.06%, 9, 0, 8, 266.07
1734953057, 12, 45, 72, 38, 0, 0.06%, 9, 0, 8, 301.45
1734953062, 12, 49, 72, 38, 0, 0.06%, 9, 0, 8, 355.34
1734953158, 12, 50, 72, 37, 0, 0.06%, 9, 0, 8, 423.08
1734953204, 12, 51, 72, 36, 0, 0.06%, 9, 0, 8, 287.05
1734953224, 12, 54, 72, 36, 0, 0.06%, 9, 0, 8, 353.62
1734953295, 12, 54, 73, 37, 0, 0.06%, 9, 0, 8, 327.97
1734953341, 12, 61, 74, 37, 0, 0.06%, 9, 0, 9, 390.68
1734953458, 12, 66, 74, 36, 0, 0.06%, 9, 0, 9, 326.84
1734953580, 12, 67, 74, 35, 0, 0.06%, 9, 0, 9, 337.07
1734953703, 12, 70, 74, 34, 0, 0.06%, 9, 0, 9, 410.86
1734953748, 12, 71, 74, 33, 0, 0.06%, 9, 0, 9, 356.66
1734953870, 13, 11, 74, 32, 0, 0.06%, 9, 0, 9, 262.72
1734953875, 13, 13, 74, 32, 0, 0.06%, 9, 0, 9, 262.15
1734953885, 13, 14, 74, 32, 0, 0.06%, 9, 0, 9, 260.57
1734953895, 13, 15, 74, 32, 0, 0.06%, 9, 0, 9, 294.54
1734953905, 13, 20, 74, 32, 0, 0.06%, 9, 0, 9, 275.90
1734953915, 13, 22, 74, 32, 0, 0.06%, 9, 0, 9, 283.21
1734953926, 13, 32, 74, 32, 0, 0.06%, 9, 0, 9, 283.35
1734954211, 13, 39, 74, 31, 0, 0.06%, 9, 0, 9, 258.45
1734954236, 13, 45, 74, 31, 0, 0.06%, 9, 0, 9, 265.60
1734954246, 13, 48, 74, 31, 0, 0.06%, 9, 0, 9, 206.79
1734954957, 13, 48, 75, 32, 0, 0.06%, 9, 0, 9, 386.84
1734955007, 13, 51, 75, 31, 0, 0.06%, 9, 0, 9, 257.04
1734955017, 13, 52, 75, 31, 0, 0.06%, 9, 0, 9, 299.19
1734955063, 13, 57, 75, 30, 0, 0.06%, 9, 0, 9, 323.12
1734955114, 13, 59, 75, 29, 0, 0.06%, 9, 0, 9, 307.45
1734955191, 13, 69, 75, 28, 0, 0.06%, 9, 0, 9, 204.20
1734956110, 13, 73, 75, 27, 0, 0.06%, 9, 0, 9, 393.86
1734956232, 14, 11, 75, 26, 0, 0.06%, 9, 0, 9, 256.01
1734956237, 14, 12, 75, 26, 0, 0.06%, 9, 0, 9, 260.93
1734956247, 14, 13, 75, 26, 0, 0.06%, 9, 0, 9, 240.99
1734956258, 14, 14, 75, 26, 0, 0.06%, 9, 0, 9, 273.42
1734956268, 14, 15, 75, 26, 0, 0.06%, 9, 0, 9, 267.92
1734956278, 14, 16, 75, 26, 0, 0.06%, 9, 0, 9, 314.34
1734956364, 14, 19, 75, 25, 0, 0.06%, 9, 0, 9, 304.49
1734956384, 14, 19, 76, 26, 0, 0.06%, 9, 0, 9, 261.74
1734956445, 14, 20, 76, 25, 0, 0.06%, 9, 0, 9, 246.12
1734956455, 14, 22, 76, 25, 0, 0.06%, 9, 0, 9, 256.92
1734956466, 14, 24, 76, 25, 0, 0.06%, 9, 0, 9, 321.74
1734956547, 14, 27, 76, 24, 0, 0.06%, 9, 0, 9, 284.37
1734956567, 14, 38, 76, 24, 0, 0.06%, 9, 0, 9, 309.23
1734956588, 14, 45, 76, 24, 0, 0.06%, 9, 0, 9, 260.65
1734956598, 14, 47, 76, 24, 0, 0.06%, 9, 0, 9, 343.16
1734956705, 14, 51, 76, 23, 0, 0.06%, 9, 0, 9, 267.65
1734956715, 14, 55, 76, 23, 0, 0.06%, 9, 0, 9, 347.87
1734956761, 14, 72, 76, 22, 0, 0.06%, 9, 0, 9, 245.47
1734956766, 14, 72, 77, 23, 0, 0.06%, 9, 0, 9, 330.25
1734957429, 15, 11, 77, 22, 0, 0.06%, 9, 0, 9, 270.63
1734957434, 15, 13, 77, 22, 0, 0.06%, 9, 0, 9, 258.86
1734957444, 15, 14, 77, 22, 0, 0.06%, 9, 0, 9, 266.08
1734957454, 15, 15, 77, 22, 0, 0.06%, 9, 0, 9, 254.55
1734957464, 15, 20, 77, 22, 0, 0.06%, 9, 0, 9, 252.26
1734957475, 15, 22, 77, 22, 0, 0.06%, 9, 0, 9, 265.92
1734957485, 15, 31, 77, 22, 0, 0.06%, 9, 0, 9, 302.52
1734957505, 15, 45, 77, 22, 0, 0.06%, 9, 0, 9, 274.76
1734957515, 15, 51, 77, 22, 0, 0.06%, 9, 0, 9, 289.40
1734957525, 15, 53, 77, 22, 0, 0.06%, 9, 0, 9, 329.71
1734957576, 15, 63, 77, 21, 0, 0.06%, 9, 0, 9, 366.28
1734957698, 16, 5, 77, 20, 0, 0.06%, 9, 0, 9, 279.94
1734957703, 16, 13, 77, 20, 0, 0.06%, 9, 0, 9, 257.81
1734957708, 16, 14, 77, 20, 0, 0.06%, 9, 0, 9, 256.46
1734957713, 16, 15, 77, 20, 0, 0.06%, 9, 0, 9, 257.57
1734957718, 16, 17, 77, 20, 0, 0.06%, 9, 0, 9, 245.68
1734957978, 16, 20, 77, 19, 0, 0.06%, 9, 0, 9, 281.64
1734957983, 16, 22, 77, 19, 0, 0.06%, 9, 0, 9, 285.03
1734957988, 16, 26, 77, 19, 0, 0.06%, 9, 0, 9, 294.17
1734958111, 16, 33, 77, 18, 0, 0.06%, 9, 0, 9, 299.00
1734958386, 16, 36, 77, 17, 0, 0.06%, 9, 0, 9, 283.67
1734958406, 16, 45, 77, 17, 0, 0.06%, 9, 0, 9, 272.75
1734958412, 16, 51, 77, 17, 0, 0.06%, 9, 0, 9, 263.35
1734958417, 16, 75, 77, 17, 0, 0.06%, 9, 0, 9, 342.74
1734958528, 17, 13, 77, 16, 0, 0.06%, 9, 0, 9, 270.71
1734958538, 17, 14, 77, 16, 0, 0.06%, 9, 0, 9, 283.01
1734958543, 17, 15, 77, 16, 0, 0.06%, 9, 0, 9, 274.29
1734958548, 17, 20, 77, 16, 0, 0.06%, 9, 0, 9, 280.74
1734958553, 17, 22, 77, 16, 0, 0.06%, 9, 0, 9, 271.91
1734958558, 17, 32, 77, 16, 0, 0.06%, 9, 0, 9, 323.92
1734958579, 17, 33, 77, 16, 0, 0.06%, 9, 0, 9, 310.28
1734958599, 17, 38, 77, 16, 0, 0.06%, 9, 0, 9, 292.55
1734958609, 17, 44, 77, 16, 0, 0.06%, 9, 0, 9, 304.39
1734958660, 17, 45, 77, 15, 0, 0.06%, 9, 0, 9, 281.54
1734958665, 17, 51, 77, 15, 0, 0.06%, 9, 0, 9, 274.99
1734958670, 17, 64, 77, 15, 0, 0.06%, 9, 0, 9, 276.23
1734958798, 18, 10, 77, 14, 0, 0.06%, 9, 0, 9, 269.61
1734958803, 18, 12, 77, 14, 0, 0.06%, 9, 0, 9, 278.91
1734958808, 18, 13, 77, 14, 0, 0.06%, 9, 0, 9, 270.28
1734958813, 18, 14, 77, 14, 0, 0.06%, 9, 0, 9, 258.84
1734958818, 18, 15, 77, 14, 0, 0.06%, 9, 0, 9, 273.98
1734958823, 18, 17, 77, 14, 0, 0.06%, 9, 0, 9, 273.56
1734958844, 18, 20, 77, 14, 0, 0.06%, 9, 0, 9, 272.60
1734958849, 18, 22, 77, 14, 0, 0.06%, 9, 0, 9, 268.67
1734958854, 18, 23, 77, 14, 0, 0.06%, 9, 0, 9, 299.32
1734958904, 18, 38, 77, 13, 0, 0.06%, 9, 0, 9, 284.38
1734958914, 18, 43, 77, 13, 0, 0.06%, 9, 0, 9, 353.69
1734958970, 18, 45, 77, 12, 0, 0.06%, 9, 0, 9, 276.27
1734958975, 18, 49, 77, 12, 0, 0.06%, 9, 0, 9, 318.37
1734958991, 18, 51, 77, 12, 0, 0.06%, 9, 0, 9, 306.90
1734958996, 18, 60, 77, 12, 0, 0.06%, 9, 0, 9, 277.83
1734959173, 18, 62, 77, 11, 0, 0.06%, 9, 0, 9, 297.60
1734959351, 18, 71, 77, 10, 0, 0.06%, 9, 0, 9, 300.36
1734959372, 19, 12, 77, 10, 0, 0.06%, 9, 0, 9, 283.27
1734959377, 19, 13, 77, 10, 0, 0.06%, 9, 0, 9, 274.99
1734959382, 19, 14, 77, 10, 0, 0.06%, 9, 0, 9, 284.52
1734959392, 19, 15, 77, 10, 0, 0.06%, 9, 0, 9, 271.38
1734959397, 19, 20, 77, 10, 0, 0.06%, 9, 0, 9, 267.27
1734959402, 19, 22, 77, 10, 0, 0.06%, 9, 0, 9, 296.16
1734959407, 19, 30, 77, 10, 0, 0.06%, 9, 0, 9, 338.37
1734959423, 19, 34, 77, 10, 0, 0.06%, 9, 0, 9, 292.90
1734959468, 19, 37, 77, 9, 0, 0.06%, 9, 0, 9, 304.10
1734959518, 19, 40, 77, 8, 0, 0.06%, 9, 0, 9, 333.59
1734959650, 19, 41, 77, 7, 0, 0.06%, 9, 0, 9, 277.19
1734959671, 19, 45, 77, 7, 0, 0.06%, 9, 0, 9, 275.32
1734959676, 19, 47, 77, 7, 0, 0.06%, 9, 0, 9, 314.01
1734959696, 19, 51, 77, 7, 0, 0.06%, 9, 0, 9, 255.14
1734959701, 19, 68, 77, 7, 0, 0.06%, 9, 0, 9, 286.92
1734959823, 19, 74, 77, 6, 0, 0.06%, 9, 0, 9, 266.00
1734960047, 20, 13, 77, 5, 0, 0.06%, 9, 0, 9, 268.71
1734960052, 20, 14, 77, 5, 0, 0.06%, 9, 0, 9, 263.76
1734960057, 20, 15, 77, 5, 0, 0.06%, 9, 0, 9, 268.26
1734960062, 20, 20, 77, 5, 0, 0.06%, 9, 0, 9, 270.34
1734960067, 20, 22, 77, 5, 0, 0.06%, 9, 0, 9, 277.50
1734960077, 20, 24, 77, 5, 0, 0.06%, 9, 0, 9, 287.41
1734960093, 20, 28, 77, 5, 0, 0.06%, 9, 0, 9, 270.10
