# unix_time, cycles_done, cur_path, paths_total, pending_total, pending_favs, map_size, unique_crashes, unique_hangs, max_depth, execs_per_sec
1734992663, 0, 0, 10, 10, 1, 0.00%, 0, 0, 1, 163.27
1734992668, 0, 4, 10, 10, 1, 0.00%, 0, 0, 1, 197.80
1734992673, 0, 5, 10, 9, 0, 0.00%, 0, 0, 1, 201.86
1734992678, 0, 6, 10, 8, 0, 0.00%, 0, 0, 1, 192.94
1734992688, 0, 7, 10, 7, 0, 0.00%, 0, 0, 1, 198.60
1734992693, 0, 8, 10, 6, 0, 0.00%, 0, 0, 1, 194.24
1734992704, 0, 9, 10, 5, 0, 0.00%, 0, 0, 1, 197.40
1734992709, 1, 0, 10, 4, 0, 0.00%, 0, 0, 1, 195.10
1734992719, 1, 1, 10, 3, 0, 0.00%, 0, 0, 1, 198.14
1734992729, 1, 2, 10, 2, 0, 0.00%, 0, 0, 1, 195.85
1734992745, 1, 3, 10, 1, 0, 0.00%, 0, 0, 1, 199.30
1734992750, 1, 4, 10, 0, 0, 0.00%, 0, 0, 1, 200.59
1734992755, 1, 5, 10, 0, 0, 0.00%, 0, 0, 1, 199.23
1734992760, 1, 6, 10, 0, 0, 0.00%, 0, 0, 1, 194.43
1734992765, 1, 8, 10, 0, 0, 0.00%, 0, 0, 1, 196.23
1734992770, 1, 9, 10, 0, 0, 0.00%, 0, 0, 1, 195.18
1734992776, 2, 0, 10, 0, 0, 0.00%, 0, 0, 1, 193.61
1734992781, 2, 2, 10, 0, 0, 0.00%, 0, 0, 1, 196.99
1734992786, 2, 3, 10, 0, 0, 0.00%, 0, 0, 1, 193.51
1734992791, 2, 4, 10, 0, 0, 0.00%, 0, 0, 1, 192.01
1734992796, 2, 6, 10, 0, 0, 0.00%, 0, 0, 1, 193.98
1734992801, 2, 7, 10, 0, 0, 0.00%, 0, 0, 1, 195.80
1734992807, 2, 9, 10, 0, 0, 0.00%, 0, 0, 1, 193.30
1734992812, 3, 0, 10, 0, 0, 0.00%, 0, 0, 1, 192.94
1734992817, 3, 1, 10, 0, 0, 0.00%, 0, 0, 1, 198.42
1734992822, 3, 3, 10, 0, 0, 0.00%, 0, 0, 1, 191.59
1734992827, 3, 4, 10, 0, 0, 0.00%, 0, 0, 1, 195.73
1734992832, 3, 5, 10, 0, 0, 0.00%, 0, 0, 1, 196.55
1734992838, 3, 7, 10, 0, 0, 0.00%, 0, 0, 1, 193.58
1734992843, 3, 8, 10, 0, 0, 0.00%, 0, 0, 1, 195.61
1734992848, 4, 0, 10, 0, 0, 0.00%, 0, 0, 1, 197.55
1734992853, 4, 1, 10, 0, 0, 0.00%, 0, 0, 1, 197.18
1734992858, 4, 2, 10, 0, 0, 0.00%, 0, 0, 1, 198.85
1734992864, 4, 4, 10, 0, 0, 0.00%, 0, 0, 1, 198.42
1734992869, 4, 5, 10, 0, 0, 0.00%, 0, 0, 1, 196.47
1734992874, 4, 7, 10, 0, 0, 0.00%, 0, 0, 1, 200.56
1734992879, 4, 8, 10, 0, 0, 0.00%, 0, 0, 1, 199.15
1734992884, 4, 9, 10, 0, 0, 0.00%, 0, 0, 1, 196.78
1734992889, 5, 1, 10, 0, 0, 0.00%, 0, 0, 1, 193.08
1734992894, 5, 2, 10, 0, 0, 0.00%, 0, 0, 1, 193.40
1734992900, 5, 3, 10, 0, 0, 0.00%, 0, 0, 1, 195.48
1734992905, 5, 5, 10, 0, 0, 0.00%, 0, 0, 1, 192.79
1734992910, 5, 6, 10, 0, 0, 0.00%, 0, 0, 1, 196.26
1734992915, 5, 7, 10, 0, 0, 0.00%, 0, 0, 1, 194.29
1734992920, 5, 9, 10, 0, 0, 0.00%, 0, 0, 1, 197.47
1734992925, 6, 0, 10, 0, 0, 0.00%, 0, 0, 1, 195.52
1734992931, 6, 2, 10, 0, 0, 0.00%, 0, 0, 1, 196.29
1734992936, 6, 3, 10, 0, 0, 0.00%, 0, 0, 1, 194.45
1734992941, 6, 4, 10, 0, 0, 0.00%, 0, 0, 1, 194.60
1734992946, 6, 6, 10, 0, 0, 0.00%, 0, 0, 1, 197.63
1734992951, 6, 7, 10, 0, 0, 0.00%, 0, 0, 1, 194.45
1734992956, 6, 8, 10, 0, 0, 0.00%, 0, 0, 1, 194.76
1734992962, 7, 0, 10, 0, 0, 0.00%, 0, 0, 1, 199.12
1734992967, 7, 1, 10, 0, 0, 0.00%, 0, 0, 1, 192.52
1734992972, 7, 3, 10, 0, 0, 0.00%, 0, 0, 1, 195.91
1734992977, 7, 4, 10, 0, 0, 0.00%, 0, 0, 1, 195.12
1734992982, 7, 5, 10, 0, 0, 0.00%, 0, 0, 1, 194.70
1734992988, 7, 7, 10, 0, 0, 0.00%, 0, 0, 1, 197.37
1734992993, 7, 8, 10, 0, 0, 0.00%, 0, 0, 1, 193.56
1734992998, 7, 9, 10, 0, 0, 0.00%, 0, 0, 1, 192.75
1734993003, 8, 1, 10, 0, 0, 0.00%, 0, 0, 1, 198.53
1734993008, 8, 2, 10, 0, 0, 0.00%, 0, 0, 1, 199.05
1734993013, 8, 3, 10, 0, 0, 0.00%, 0, 0, 1, 194.22
1734993018, 8, 10, 15, 5, 1, 0.06%, 5, 0, 3, 231.94
1734993094, 8, 11, 15, 4, 4, 0.06%, 5, 0, 3, 229.37
1734993099, 8, 11, 16, 5, 4, 0.06%, 5, 0, 4, 219.52
1734993190, 8, 12, 16, 4, 3, 0.06%, 5, 0, 4, 219.36
1734993195, 8, 12, 17, 5, 3, 0.06%, 5, 0, 4, 214.67
1734993211, 8, 12, 18, 6, 3, 0.06%, 5, 0, 4, 208.74
1734993236, 8, 12, 19, 7, 3, 0.06%, 5, 0, 4, 210.89
1734993302, 8, 12, 20, 8, 3, 0.06%, 5, 0, 4, 219.80
1734993328, 8, 12, 21, 9, 3, 0.06%, 6, 0, 4, 222.74
1734993358, 8, 13, 21, 8, 3, 0.06%, 6, 0, 4, 235.86
1734993388, 8, 13, 24, 11, 3, 0.06%, 6, 0, 4, 239.35
1734993403, 8, 14, 24, 10, 2, 0.06%, 6, 0, 4, 236.61
1734993439, 8, 14, 27, 13, 2, 0.06%, 6, 0, 4, 253.08
1734993444, 8, 20, 30, 15, 1, 0.06%, 9, 0, 5, 254.70
1734993449, 8, 20, 31, 16, 1, 0.06%, 9, 0, 5, 227.77
1734993520, 8, 20, 32, 17, 1, 0.06%, 9, 0, 5, 218.20
1734993582, 8, 27, 32, 16, 3, 0.06%, 9, 0, 5, 265.91
1734993597, 8, 27, 33, 17, 3, 0.06%, 9, 0, 6, 220.19
1734993642, 8, 27, 34, 18, 3, 0.06%, 9, 0, 6, 221.36
1734993718, 8, 28, 34, 17, 2, 0.06%, 9, 0, 6, 254.89
1734993739, 8, 28, 35, 18, 2, 0.06%, 9, 0, 6, 221.15
1734993744, 8, 28, 36, 19, 2, 0.06%, 9, 0, 6, 220.70
1734993774, 8, 28, 37, 20, 2, 0.06%, 9, 0, 6, 221.64
1734993779, 8, 28, 38, 21, 2, 0.06%, 9, 0, 6, 222.16
1734993850, 8, 29, 38, 20, 1, 0.06%, 9, 0, 6, 247.18
1734993875, 8, 29, 39, 21, 1, 0.06%, 9, 0, 6, 217.11
1734993906, 8, 29, 40, 22, 1, 0.06%, 9, 0, 6, 217.18
1734993982, 8, 33, 40, 21, 0, 0.06%, 9, 0, 6, 220.14
1734993992, 8, 33, 41, 22, 0, 0.06%, 9, 0, 7, 228.67
1734994048, 8, 33, 42, 23, 0, 0.06%, 9, 0, 7, 224.96
1734994068, 8, 33, 43, 24, 0, 0.06%, 9, 0, 7, 227.18
1734994114, 8, 33, 44, 25, 0, 0.06%, 9, 0, 7, 242.52
1734994119, 8, 33, 45, 26, 0, 0.06%, 9, 0, 7, 239.57
1734994124, 8, 36, 46, 26, 0, 0.06%, 9, 0, 7, 351.71
1734994160, 8, 36, 47, 27, 0, 0.06%, 9, 0, 7, 266.38
1734994170, 8, 36, 48, 28, 0, 0.06%, 9, 0, 7, 262.69
1734994180, 8, 36, 49, 29, 0, 0.06%, 9, 0, 7, 271.14
1734994185, 8, 36, 50, 30, 0, 0.06%, 9, 0, 7, 272.93
1734994271, 8, 38, 53, 32, 0, 0.06%, 9, 0, 7, 360.19
1734994322, 8, 38, 54, 33, 0, 0.06%, 9, 0, 7, 270.79
1734994332, 8, 38, 55, 34, 0, 0.06%, 9, 0, 7, 271.86
1734994358, 8, 38, 56, 35, 0, 0.06%, 9, 0, 7, 268.99
1734994434, 8, 38, 57, 36, 0, 0.06%, 9, 0, 7, 243.91
1734994440, 8, 38, 59, 38, 0, 0.06%, 9, 0, 7, 295.20
1734994445, 8, 40, 59, 37, 0, 0.06%, 9, 0, 7, 263.43
1734994501, 8, 40, 61, 39, 0, 0.06%, 9, 0, 8, 262.48
1734994506, 8, 43, 61, 38, 0, 0.06%, 9, 0, 8, 410.95
1734994556, 8, 48, 61, 37, 0, 0.06%, 9, 0, 8, 250.54
1734994632, 8, 48, 63, 39, 0, 0.06%, 9, 0, 8, 261.61
1734994647, 8, 50, 63, 38, 0, 0.06%, 9, 0, 8, 293.43
1734994698, 8, 55, 63, 37, 0, 0.06%, 9, 0, 8, 385.87
1734994769, 8, 58, 63, 36, 0, 0.06%, 9, 0, 8, 236.73
1734994780, 8, 58, 64, 37, 0, 0.06%, 9, 0, 8, 447.66
1734994876, 8, 58, 65, 38, 0, 0.06%, 9, 0, 8, 299.30
1734994922, 8, 59, 65, 37, 0, 0.06%, 9, 0, 8, 368.20
1734994998, 8, 60, 65, 36, 0, 0.06%, 9, 0, 8, 233.53
1734995074, 9, 11, 65, 35, 0, 0.06%, 9, 0, 8, 280.13
1734995089, 9, 12, 65, 35, 0, 0.06%, 9, 0, 8, 232.69
1734995099, 9, 13, 65, 35, 0, 0.06%, 9, 0, 8, 245.08
1734995109, 9, 14, 65, 35, 0, 0.06%, 9, 0, 8, 242.12
1734995119, 9, 17, 65, 35, 0, 0.06%, 9, 0, 8, 337.00
1734995160, 9, 17, 66, 36, 0, 0.06%, 9, 0, 8, 264.91
1734995205, 9, 18, 66, 35, 0, 0.06%, 9, 0, 8, 279.27
1734995261, 9, 20, 66, 34, 0, 0.06%, 9, 0, 8, 230.70
1734995281, 9, 26, 66, 34, 0, 0.06%, 9, 0, 8, 368.41
1734995331, 9, 26, 67, 35, 0, 0.06%, 9, 0, 8, 289.96
1734995337, 9, 27, 67, 34, 0, 0.06%, 9, 0, 8, 263.15
1734995362, 9, 28, 67, 34, 0, 0.06%, 9, 0, 8, 250.72
1734995382, 9, 29, 67, 34, 0, 0.06%, 9, 0, 8, 242.74
1734995403, 9, 44, 67, 34, 0, 0.06%, 9, 0, 8, 344.72
1734995459, 9, 46, 67, 33, 0, 0.06%, 9, 0, 8, 405.60
1734995520, 9, 51, 67, 32, 0, 0.06%, 9, 0, 8, 318.04
1734995565, 9, 61, 67, 31, 0, 0.06%, 9, 0, 8, 256.76
1734995702, 9, 62, 67, 30, 0, 0.06%, 9, 0, 8, 370.28
1734995793, 9, 66, 67, 29, 0, 0.06%, 9, 0, 8, 318.74
1734995986, 10, 11, 67, 28, 0, 0.06%, 9, 0, 8, 261.77
1734995991, 10, 13, 67, 28, 0, 0.06%, 9, 0, 8, 253.15
1734995996, 10, 19, 67, 28, 0, 0.06%, 9, 0, 8, 273.38
1734996052, 10, 20, 67, 27, 0, 0.06%, 9, 0, 8, 267.81
1734996058, 10, 24, 67, 27, 0, 0.06%, 9, 0, 8, 328.44
1734996083, 10, 24, 68, 28, 0, 0.06%, 9, 0, 8, 462.94
1734996180, 10, 26, 68, 27, 0, 0.06%, 9, 0, 8, 273.57
1734996200, 10, 27, 68, 27, 0, 0.06%, 9, 0, 8, 263.16
1734996205, 10, 28, 68, 27, 0, 0.06%, 9, 0, 8, 247.70
1734996210, 10, 29, 68, 27, 0, 0.06%, 9, 0, 8, 258.25
1734996215, 10, 37, 68, 27, 0, 0.06%, 9, 0, 8, 296.67
1734996266, 10, 47, 68, 26, 0, 0.06%, 9, 0, 8, 383.07
1734996317, 10, 50, 68, 25, 0, 0.06%, 9, 0, 8, 252.07
1734996342, 10, 52, 68, 25, 0, 0.06%, 9, 0, 8, 398.20
1734996398, 10, 57, 68, 24, 0, 0.06%, 9, 0, 8, 303.54
1734996515, 10, 67, 68, 23, 0, 0.06%, 9, 0, 8, 305.79
1734996637, 11, 0, 68, 22, 0, 0.06%, 9, 0, 8, 266.40
1734996642, 11, 12, 68, 22, 0, 0.06%, 9, 0, 8, 254.96
1734996647, 11, 14, 68, 22, 0, 0.06%, 9, 0, 8, 251.32
1734996653, 11, 16, 68, 22, 0, 0.06%, 9, 0, 8, 273.90
1734996699, 11, 20, 68, 21, 0, 0.06%, 9, 0, 8, 245.46
1734996709, 11, 21, 68, 21, 0, 0.06%, 9, 0, 8, 331.49
1734996755, 11, 27, 68, 20, 0, 0.06%, 9, 0, 8, 246.52
1734996760, 11, 28, 68, 20, 0, 0.06%, 9, 0, 8, 244.49
1734996765, 11, 29, 68, 20, 0, 0.06%, 9, 0, 8, 258.52
1734996770, 11, 56, 68, 20, 0, 0.06%, 9, 0, 8, 295.49
1734996826, 11, 65, 68, 19, 0, 0.06%, 9, 0, 8, 295.43
1734996831, 11, 65, 69, 20, 0, 0.06%, 9, 0, 8, 393.04
1734996933, 12, 11, 69, 19, 0, 0.06%, 9, 0, 8, 257.01
1734996938, 12, 13, 69, 19, 0, 0.06%, 9, 0, 8, 252.65
1734996943, 12, 20, 69, 19, 0, 0.06%, 9, 0, 8, 255.15
1734996949, 12, 27, 69, 19, 0, 0.06%, 9, 0, 8, 259.30
1734996954, 12, 28, 69, 19, 0, 0.06%, 9, 0, 8, 258.28
1734996959, 12, 28, 70, 20, 0, 0.06%, 9, 0, 8, 278.84
1734996964, 12, 29, 70, 20, 0, 0.06%, 9, 0, 8, 270.23
1734996969, 12, 39, 70, 20, 0, 0.06%, 9, 0, 8, 291.57
1734997019, 12, 54, 70, 19, 0, 0.06%, 9, 0, 8, 404.68
1734997106, 13, 11, 70, 18, 0, 0.06%, 9, 0, 8, 251.60
1734997111, 13, 13, 70, 18, 0, 0.06%, 9, 0, 8, 256.06
1734997116, 13, 20, 70, 18, 0, 0.06%, 9, 0, 8, 244.54
1734997121, 13, 22, 70, 18, 0, 0.06%, 9, 0, 8, 238.21
1734997512, 13, 23, 70, 17, 0, 0.06%, 9, 0, 8, 295.48
1734997568, 13, 27, 70, 16, 0, 0.06%, 9, 0, 8, 248.54
1734997573, 13, 28, 70, 16, 0, 0.06%, 9, 0, 8, 257.39
1734997578, 13, 29, 70, 16, 0, 0.06%, 9, 0, 8, 262.93
1734997583, 13, 58, 70, 16, 0, 0.06%, 9, 0, 8, 274.66
1734997604, 14, 11, 70, 16, 0, 0.06%, 9, 0, 8, 264.23
1734997609, 14, 13, 70, 16, 0, 0.06%, 9, 0, 8, 258.44
1734997614, 14, 15, 70, 16, 0, 0.06%, 9, 0, 8, 266.79
1734997670, 14, 20, 70, 15, 0, 0.06%, 9, 0, 8, 263.74
1734997675, 14, 27, 70, 15, 0, 0.06%, 9, 0, 8, 259.12
1734997680, 14, 28, 70, 15, 0, 0.06%, 9, 0, 8, 244.41
1734997685, 14, 29, 70, 15, 0, 0.06%, 9, 0, 8, 251.70
1734997690, 14, 32, 70, 15, 0, 0.06%, 9, 0, 8, 264.82
1734997741, 14, 51, 70, 14, 0, 0.06%, 9, 0, 8, 266.65
1734997761, 14, 54, 70, 14, 0, 0.06%, 9, 0, 8, 287.26
1734997776, 14, 56, 70, 14, 0, 0.06%, 9, 0, 8, 272.50
1734997797, 14, 63, 70, 14, 0, 0.06%, 9, 0, 8, 332.89
1734997944, 15, 12, 70, 13, 0, 0.06%, 9, 0, 8, 255.24
1734997949, 15, 14, 70, 13, 0, 0.06%, 9, 0, 8, 256.93
1734997954, 15, 20, 70, 13, 0, 0.06%, 9, 0, 8, 245.68
1734997959, 15, 25, 70, 13, 0, 0.06%, 9, 0, 8, 310.60
1734998086, 15, 27, 70, 12, 0, 0.06%, 9, 0, 8, 246.96
1734998091, 15, 28, 70, 12, 0, 0.06%, 9, 0, 8, 243.36
1734998096, 15, 29, 70, 12, 0, 0.06%, 9, 0, 8, 245.49
1734998101, 15, 35, 70, 12, 0, 0.06%, 9, 0, 8, 349.17
1734998229, 15, 45, 70, 11, 0, 0.06%, 9, 0, 8, 337.06
1734998280, 15, 47, 70, 10, 0, 0.06%, 9, 0, 8, 274.06
1734998300, 15, 68, 70, 10, 0, 0.06%, 9, 0, 8, 249.11
1734998407, 15, 69, 70, 9, 0, 0.06%, 9, 0, 8, 316.74
1734998488, 15, 69, 71, 10, 0, 0.06%, 9, 0, 8, 313.59
1734998539, 16, 11, 71, 9, 0, 0.06%, 9, 0, 8, 249.63
1734998544, 16, 13, 71, 9, 0, 0.06%, 9, 0, 8, 251.43
1734998549, 16, 20, 71, 9, 0, 0.06%, 9, 0, 8, 251.11
1734998554, 16, 26, 71, 9, 0, 0.06%, 9, 0, 8, 271.90
1734998559, 16, 27, 71, 9, 0, 0.06%, 9, 0, 8, 257.01
1734998564, 16, 28, 71, 9, 0, 0.06%, 9, 0, 8, 262.98
1734998569, 16, 29, 71, 9, 0, 0.06%, 9, 0, 8, 268.28
1734998574, 16, 37, 71, 9, 0, 0.06%, 9, 0, 8, 260.90
1734998599, 16, 53, 71, 9, 0, 0.06%, 9, 0, 8, 373.92
1734998680, 16, 61, 71, 8, 0, 0.06%, 9, 0, 8, 293.91
1734998711, 17, 11, 71, 8, 0, 0.06%, 9, 0, 8, 260.16
1734998716, 17, 13, 71, 8, 0, 0.06%, 9, 0, 8, 264.64
1734998721, 17, 14, 71, 8, 0, 0.06%, 9, 0, 8, 255.98
1734998726, 17, 20, 71, 8, 0, 0.06%, 9, 0, 8, 255.93
1734998731, 17, 25, 71, 8, 0, 0.06%, 9, 0, 8, 275.23
1734998746, 17, 27, 71, 8, 0, 0.06%, 9, 0, 8, 257.54
1734998756, 17, 28, 71, 8, 0, 0.06%, 9, 0, 8, 258.54
1734998761, 17, 29, 71, 8, 0, 0.06%, 9, 0, 8, 261.13
1734998767, 17, 30, 71, 8, 0, 0.06%, 9, 0, 8, 306.49
1734998817, 17, 63, 71, 7, 0, 0.06%, 9, 0, 8, 290.23
1734998848, 18, 12, 71, 7, 0, 0.06%, 9, 0, 8, 266.84
1734998853, 18, 13, 71, 7, 0, 0.06%, 9, 0, 8, 260.00
1734998858, 18, 20, 71, 7, 0, 0.06%, 9, 0, 8, 245.76
1734998863, 18, 27, 71, 7, 0, 0.06%, 9, 0, 8, 247.59
1734998868, 18, 28, 71, 7, 0, 0.06%, 9, 0, 8, 255.09
1734998873, 18, 29, 71, 7, 0, 0.06%, 9, 0, 8, 264.33
1734998878, 18, 34, 71, 7, 0, 0.06%, 9, 0, 8, 275.60
1734998928, 18, 41, 71, 6, 0, 0.06%, 9, 0, 8, 225.18
1734999349, 18, 69, 71, 5, 0, 0.06%, 9, 0, 8, 297.62
1734999374, 19, 12, 71, 5, 0, 0.06%, 9, 0, 8, 245.21
1734999380, 19, 14, 71, 5, 0, 0.06%, 9, 0, 8, 256.88
1734999385, 19, 18, 71, 5, 0, 0.06%, 9, 0, 8, 251.50
1734999405, 19, 20, 71, 5, 0, 0.06%, 9, 0, 8, 250.16
1734999410, 19, 21, 71, 5, 0, 0.06%, 9, 0, 8, 260.58
1734999435, 19, 27, 71, 5, 0, 0.06%, 9, 0, 8, 253.34
1734999440, 19, 28, 71, 5, 0, 0.06%, 9, 0, 8, 249.85
1734999445, 19, 29, 71, 5, 0, 0.06%, 9, 0, 8, 250.78
1734999450, 19, 31, 71, 5, 0, 0.06%, 9, 0, 8, 352.89
1734999506, 19, 49, 71, 4, 0, 0.06%, 9, 0, 8, 374.81
1734999556, 19, 69, 71, 3, 0, 0.06%, 9, 0, 8, 290.28
1734999577, 19, 70, 71, 3, 0, 0.06%, 9, 0, 8, 318.51
1734999683, 20, 11, 71, 2, 0, 0.06%, 9, 0, 8, 241.20
1734999689, 20, 13, 71, 2, 0, 0.06%, 9, 0, 8, 249.64
1734999694, 20, 17, 71, 2, 0, 0.06%, 9, 0, 8, 262.41
1734999719, 20, 20, 71, 2, 0, 0.06%, 9, 0, 8, 272.06
1734999724, 20, 27, 71, 2, 0, 0.06%, 9, 0, 8, 258.68
1734999729, 20, 28, 71, 2, 0, 0.06%, 9, 0, 8, 251.57
1734999734, 20, 29, 71, 2, 0, 0.06%, 9, 0, 8, 250.42
1734999739, 20, 59, 71, 2, 0, 0.06%, 9, 0, 8, 264.88
1734999775, 20, 61, 71, 2, 0, 0.06%, 9, 0, 8, 262.68
1734999780, 20, 70, 71, 2, 0, 0.06%, 9, 0, 8, 290.98
1734999800, 21, 11, 71, 2, 0, 0.06%, 9, 0, 8, 254.45
1734999805, 21, 13, 71, 2, 0, 0.06%, 9, 0, 8, 249.31
1734999810, 21, 20, 71, 2, 0, 0.06%, 9, 0, 8, 258.83
1734999821, 21, 27, 71, 2, 0, 0.06%, 9, 0, 8, 253.62
1734999826, 21, 28, 71, 2, 0, 0.06%, 9, 0, 8, 260.66
1734999831, 21, 29, 71, 2, 0, 0.06%, 9, 0, 8, 259.70
1734999836, 21, 35, 71, 2, 0, 0.06%, 9, 0, 8, 312.07
1734999856, 21, 42, 71, 2, 0, 0.06%, 9, 0, 8, 366.27
1734999932, 21, 48, 71, 1, 0, 0.06%, 9, 0, 8, 286.21
1734999952, 21, 60, 71, 1, 0, 0.06%, 9, 0, 8, 270.18
1734999983, 22, 11, 71, 1, 0, 0.06%, 9, 0, 8, 274.88
1734999988, 22, 13, 71, 1, 0, 0.06%, 9, 0, 8, 257.54
1734999993, 22, 20, 71, 1, 0, 0.06%, 9, 0, 8, 245.20
1734999998, 22, 27, 71, 1, 0, 0.06%, 9, 0, 8, 243.65
1735000003, 22, 28, 71, 1, 0, 0.06%, 9, 0, 8, 261.87
1735000008, 22, 29, 71, 1, 0, 0.06%, 9, 0, 8, 255.60
1735000018, 22, 52, 71, 1, 0, 0.06%, 9, 0, 8, 262.41
1735000038, 22, 60, 71, 1, 0, 0.06%, 9, 0, 8, 272.86
1735000044, 22, 67, 71, 1, 0, 0.06%, 9, 0, 8, 280.56
1735000064, 23, 11, 71, 1, 0, 0.06%, 9, 0, 8, 277.59
1735000069, 23, 13, 71, 1, 0, 0.06%, 9, 0, 8, 254.35
1735000074, 23, 20, 71, 1, 0, 0.06%, 9, 0, 8, 252.71
1735000084, 23, 27, 71, 1, 0, 0.06%, 9, 0, 8, 258.37
1735000089, 23, 28, 71, 1, 0, 0.06%, 9, 0, 8, 266.34
1735000094, 23, 29, 71, 1, 0, 0.06%, 9, 0, 8, 273.68
1735000099, 23, 33, 71, 1, 0, 0.06%, 9, 0, 8, 247.25
1735000120, 23, 34, 71, 1, 0, 0.06%, 9, 0, 8, 256.80
1735000145, 23, 35, 71, 1, 0, 0.06%, 9, 0, 8, 280.46
1735000150, 23, 52, 71, 1, 0, 0.06%, 9, 0, 8, 274.48
1735000155, 24, 12, 71, 1, 0, 0.06%, 9, 0, 8, 259.70
1735000160, 24, 14, 71, 1, 0, 0.06%, 9, 0, 8, 255.37
1735000165, 24, 18, 71, 1, 0, 0.06%, 9, 0, 8, 257.73
1735000170, 24, 20, 71, 1, 0, 0.06%, 9, 0, 8, 253.09
1735000175, 24, 27, 71, 1, 0, 0.06%, 9, 0, 8, 259.48
1735000180, 24, 28, 71, 1, 0, 0.06%, 9, 0, 8, 251.98
1735000186, 24, 29, 71, 1, 0, 0.06%, 9, 0, 8, 243.81
1735000191, 24, 35, 71, 1, 0, 0.06%, 9, 0, 8, 283.82
1735000196, 24, 36, 71, 1, 0, 0.06%, 9, 0, 8, 282.10
1735000221, 24, 61, 71, 1, 0, 0.06%, 9, 0, 8, 269.07
1735000226, 25, 11, 71, 1, 0, 0.06%, 9, 0, 8, 265.99
1735000231, 25, 13, 71, 1, 0, 0.06%, 9, 0, 8, 258.33
1735000236, 25, 20, 71, 1, 0, 0.06%, 9, 0, 8, 255.30
1735000241, 25, 27, 71, 1, 0, 0.06%, 9, 0, 8, 251.52
1735000246, 25, 28, 71, 1, 0, 0.06%, 9, 0, 8, 265.26
1735000252, 25, 29, 71, 1, 0, 0.06%, 9, 0, 8, 260.41
1735000257, 25, 33, 71, 1, 0, 0.06%, 9, 0, 8, 255.89
1735000262, 25, 44, 71, 1, 0, 0.06%, 9, 0, 8, 258.56
1735000287, 26, 10, 71, 1, 0, 0.06%, 9, 0, 8, 243.06
1735000297, 26, 11, 71, 1, 0, 0.06%, 9, 0, 8, 266.07
1735000302, 26, 13, 71, 1, 0, 0.06%, 9, 0, 8, 254.26
1735000307, 26, 20, 71, 1, 0, 0.06%, 9, 0, 8, 248.11
1735000312, 26, 27, 71, 1, 0, 0.06%, 9, 0, 8, 253.60
1735000317, 26, 28, 71, 1, 0, 0.06%, 9, 0, 8, 260.31
1735000322, 26, 29, 71, 1, 0, 0.06%, 9, 0, 8, 261.01
1735000333, 27, 13, 71, 1, 0, 0.06%, 9, 0, 8, 254.28
1735000338, 27, 14, 71, 1, 0, 0.06%, 9, 0, 8, 257.69
1735000343, 27, 18, 71, 1, 0, 0.06%, 9, 0, 8, 266.11
1735000348, 27, 20, 71, 1, 0, 0.06%, 9, 0, 8, 260.90
1735000353, 27, 25, 71, 1, 0, 0.06%, 9, 0, 8, 260.93
1735000358, 27, 27, 71, 1, 0, 0.06%, 9, 0, 8, 257.45
1735000363, 27, 28, 71, 1, 0, 0.06%, 9, 0, 8, 246.12
1735000368, 27, 29, 71, 1, 0, 0.06%, 9, 0, 8, 243.18
1735000373, 27, 55, 71, 1, 0, 0.06%, 9, 0, 8, 273.23
1735000393, 27, 66, 71, 1, 0, 0.06%, 9, 0, 8, 274.29
1735000419, 28, 12, 71, 1, 0, 0.06%, 9, 0, 8, 259.55
1735000424, 28, 14, 71, 1, 0, 0.06%, 9, 0, 8, 254.09
1735000429, 28, 20, 71, 1, 0, 0.06%, 9, 0, 8, 245.97
1735000434, 28, 22, 71, 1, 0, 0.06%, 9, 0, 8, 329.70
1735000454, 28, 27, 71, 1, 0, 0.06%, 9, 0, 8, 253.24
1735000459, 28, 28, 71, 1, 0, 0.06%, 9, 0, 8, 251.53
1735000464, 28, 29, 71, 1, 0, 0.06%, 9, 0, 8, 255.30
1735000470, 28, 45, 71, 1, 0, 0.06%, 9, 0, 8, 285.21
1735000490, 28, 60, 71, 1, 0, 0.06%, 9, 0, 8, 277.55
1735000500, 28, 67, 71, 1, 0, 0.06%, 9, 0, 8, 269.25
1735000510, 29, 12, 71, 1, 0, 0.06%, 9, 0, 8, 259.25
1735000515, 29, 14, 71, 1, 0, 0.06%, 9, 0, 8, 259.79
1735000520, 29, 20, 71, 1, 0, 0.06%, 9, 0, 8, 248.38
1735000525, 29, 25, 71, 1, 0, 0.06%, 9, 0, 8, 275.41
1735000531, 29, 27, 71, 1, 0, 0.06%, 9, 0, 8, 265.84
1735000536, 29, 28, 71, 1, 0, 0.06%, 9, 0, 8, 250.61
1735000541, 29, 29, 71, 1, 0, 0.06%, 9, 0, 8, 262.02
1735000546, 30, 11, 71, 1, 0, 0.06%, 9, 0, 8, 270.36
1735000551, 30, 12, 71, 1, 0, 0.06%, 9, 0, 8, 260.69
1735000556, 30, 14, 71, 1, 0, 0.06%, 9, 0, 8, 265.73
1735000561, 30, 16, 71, 1, 0, 0.06%, 9, 0, 8, 254.99
1735000576, 30, 20, 71, 1, 0, 0.06%, 9, 0, 8, 242.74
1735000586, 30, 22, 71, 1, 0, 0.06%, 9, 0, 8, 272.34
1735000591, 30, 27, 71, 1, 0, 0.06%, 9, 0, 8, 257.81
1735000596, 30, 28, 71, 1, 0, 0.06%, 9, 0, 8, 265.06
1735000601, 30, 29, 71, 1, 0, 0.06%, 9, 0, 8, 258.81
1735000606, 31, 11, 71, 1, 0, 0.06%, 9, 0, 8, 263.94
1735000611, 31, 12, 71, 1, 0, 0.06%, 9, 0, 8, 245.35
1735000617, 31, 14, 71, 1, 0, 0.06%, 9, 0, 8, 254.73
1735000622, 31, 19, 71, 1, 0, 0.06%, 9, 0, 8, 273.00
1735000642, 31, 20, 71, 1, 0, 0.06%, 9, 0, 8, 250.14
1735000647, 31, 27, 71, 1, 0, 0.06%, 9, 0, 8, 244.35
1735000652, 31, 28, 71, 1, 0, 0.06%, 9, 0, 8, 255.28
1735000657, 31, 29, 71, 1, 0, 0.06%, 9, 0, 8, 253.13
1735000662, 31, 34, 71, 1, 0, 0.06%, 9, 0, 8, 250.72
1735000667, 31, 57, 71, 1, 0, 0.06%, 9, 0, 8, 267.86
1735000687, 32, 2, 71, 1, 0, 0.06%, 9, 0, 8, 273.67
1735000692, 32, 12, 71, 1, 0, 0.06%, 9, 0, 8, 263.76
1735000698, 32, 14, 71, 1, 0, 0.06%, 9, 0, 8, 250.99
1735000703, 32, 20, 71, 1, 0, 0.06%, 9, 0, 8, 239.11
1735000708, 32, 27, 71, 1, 0, 0.06%, 9, 0, 8, 247.47
1735000713, 32, 28, 71, 1, 0, 0.06%, 9, 0, 8, 256.26
1735000718, 32, 29, 71, 1, 0, 0.06%, 9, 0, 8, 254.98
1735000723, 32, 34, 71, 1, 0, 0.06%, 9, 0, 8, 262.49
1735000728, 32, 39, 71, 1, 0, 0.06%, 9, 0, 8, 259.66
1735000754, 32, 46, 71, 1, 0, 0.06%, 9, 0, 8, 285.67
1735000774, 32, 61, 71, 1, 0, 0.06%, 9, 0, 8, 282.34
1735000779, 33, 11, 71, 1, 0, 0.06%, 9, 0, 8, 249.94
1735000784, 33, 13, 71, 1, 0, 0.06%, 9, 0, 8, 255.60
1735000789, 33, 19, 71, 1, 0, 0.06%, 9, 0, 8, 264.04
1735000794, 33, 20, 71, 1, 0, 0.06%, 9, 0, 8, 251.28
1735000799, 33, 27, 71, 1, 0, 0.06%, 9, 0, 8, 252.95
1735000804, 33, 28, 71, 1, 0, 0.06%, 9, 0, 8, 258.83
1735000809, 33, 29, 71, 1, 0, 0.06%, 9, 0, 8, 253.07
1735000814, 33, 38, 71, 1, 0, 0.06%, 9, 0, 8, 260.40
1735000840, 33, 61, 71, 1, 0, 0.06%, 9, 0, 8, 276.43
1735000845, 34, 0, 71, 1, 0, 0.06%, 9, 0, 8, 261.88
1735000850, 34, 12, 71, 1, 0, 0.06%, 9, 0, 8, 245.65
1735000855, 34, 14, 71, 1, 0, 0.06%, 9, 0, 8, 248.80
1735000860, 34, 20, 71, 1, 0, 0.06%, 9, 0, 8, 250.02
1735000865, 34, 27, 71, 1, 0, 0.06%, 9, 0, 8, 252.30
1735000870, 34, 28, 71, 1, 0, 0.06%, 9, 0, 8, 258.38
1735000875, 34, 29, 71, 1, 0, 0.06%, 9, 0, 8, 256.14
1735000880, 34, 43, 71, 1, 0, 0.06%, 9, 0, 8, 279.52
1735000900, 34, 51, 71, 1, 0, 0.06%, 9, 0, 8, 276.00
1735000905, 34, 55, 71, 1, 0, 0.06%, 9, 0, 8, 276.54
1735000910, 34, 64, 71, 1, 0, 0.06%, 9, 0, 8, 252.59
1735001124, 35, 11, 71, 0, 0, 0.06%, 9, 0, 8, 262.45
1735001129, 35, 13, 71, 0, 0, 0.06%, 9, 0, 8, 253.80
1735001134, 35, 14, 71, 0, 0, 0.06%, 9, 0, 8, 259.64
1735001139, 35, 18, 71, 0, 0, 0.06%, 9, 0, 8, 260.08
1735001144, 35, 20, 71, 0, 0, 0.06%, 9, 0, 8, 267.83
1735001149, 35, 27, 71, 0, 0, 0.06%, 9, 0, 8, 270.22
1735001154, 35, 28, 71, 0, 0, 0.06%, 9, 0, 8, 284.16
1735001159, 35, 29, 71, 0, 0, 0.06%, 9, 0, 8, 264.40
1735001164, 36, 12, 71, 0, 0, 0.06%, 9, 0, 8, 266.22
1735001169, 36, 13, 71, 0, 0, 0.06%, 9, 0, 8, 263.40
1735001174, 36, 15, 71, 0, 0, 0.06%, 9, 0, 8, 259.30
1735001195, 36, 20, 71, 0, 0, 0.06%, 9, 0, 8, 265.31
1735001205, 36, 27, 71, 0, 0, 0.06%, 9, 0, 8, 269.94
1735001210, 36, 28, 71, 0, 0, 0.06%, 9, 0, 8, 258.24
1735001215, 36, 29, 71, 0, 0, 0.06%, 9, 0, 8, 260.10
1735001220, 36, 37, 71, 0, 0, 0.06%, 9, 0, 8, 260.96
1735001225, 36, 45, 71, 0, 0, 0.06%, 9, 0, 8, 266.59
1735001230, 36, 58, 71, 0, 0, 0.06%, 9, 0, 8, 271.74
1735001235, 37, 11, 71, 0, 0, 0.06%, 9, 0, 8, 257.19
1735001240, 37, 13, 71, 0, 0, 0.06%, 9, 0, 8, 256.77
1735001245, 37, 20, 71, 0, 0, 0.06%, 9, 0, 8, 247.15
1735001250, 37, 27, 71, 0, 0, 0.06%, 9, 0, 8, 260.05
1735001261, 37, 28, 71, 0, 0, 0.06%, 9, 0, 8, 258.23
1735001266, 37, 29, 71, 0, 0, 0.06%, 9, 0, 8, 249.25
1735001271, 37, 38, 71, 0, 0, 0.06%, 9, 0, 8, 250.51
1735001276, 37, 46, 71, 0, 0, 0.06%, 9, 0, 8, 263.13
1735001281, 38, 11, 71, 0, 0, 0.06%, 9, 0, 8, 267.42
1735001286, 38, 13, 71, 0, 0, 0.06%, 9, 0, 8, 273.21
1735001291, 38, 20, 71, 0, 0, 0.06%, 9, 0, 8, 262.49
1735001296, 38, 27, 71, 0, 0, 0.06%, 9, 0, 8, 268.63
1735001301, 38, 28, 71, 0, 0, 0.06%, 9, 0, 8, 262.33
1735001307, 38, 29, 71, 0, 0, 0.06%, 9, 0, 8, 259.36
1735001312, 38, 32, 71, 0, 0, 0.06%, 9, 0, 8, 261.62
1735001337, 38, 63, 71, 0, 0, 0.06%, 9, 0, 8, 264.29
1735001342, 39, 11, 71, 0, 0, 0.06%, 9, 0, 8, 259.64
1735001347, 39, 13, 71, 0, 0, 0.06%, 9, 0, 8, 254.41
1735001352, 39, 20, 71, 0, 0, 0.06%, 9, 0, 8, 265.77
1735001357, 39, 27, 71, 0, 0, 0.06%, 9, 0, 8, 274.24
1735001367, 39, 28, 71, 0, 0, 0.06%, 9, 0, 8, 266.35
1735001372, 39, 29, 71, 0, 0, 0.06%, 9, 0, 8, 254.68
1735001377, 39, 67, 71, 0, 0, 0.06%, 9, 0, 8, 283.18
1735001388, 40, 11, 71, 0, 0, 0.06%, 9, 0, 8, 263.12
1735001393, 40, 13, 71, 0, 0, 0.06%, 9, 0, 8, 254.84
1735001398, 40, 18, 71, 0, 0, 0.06%, 9, 0, 8, 255.18
1735001403, 40, 20, 71, 0, 0, 0.06%, 9, 0, 8, 263.67
1735001408, 40, 27, 71, 0, 0, 0.06%, 9, 0, 8, 260.31
1735001413, 40, 28, 71, 0, 0, 0.06%, 9, 0, 8, 269.56
1735001423, 40, 29, 71, 0, 0, 0.06%, 9, 0, 8, 246.60
1735001428, 40, 30, 71, 0, 0, 0.06%, 9, 0, 8, 256.26
1735001448, 40, 33, 71, 0, 0, 0.06%, 9, 0, 8, 268.77
1735001453, 40, 42, 71, 0, 0, 0.06%, 9, 0, 8, 283.01
1735001474, 40, 45, 71, 0, 0, 0.06%, 9, 0, 8, 269.87
1735001479, 40, 54, 71, 0, 0, 0.06%, 9, 0, 8, 291.83
1735001484, 41, 11, 71, 0, 0, 0.06%, 9, 0, 8, 267.81
1735001489, 41, 13, 71, 0, 0, 0.06%, 9, 0, 8, 262.57
1735001494, 41, 20, 71, 0, 0, 0.06%, 9, 0, 8, 251.72
1735001499, 41, 27, 71, 0, 0, 0.06%, 9, 0, 8, 253.87
1735001504, 41, 28, 71, 0, 0, 0.06%, 9, 0, 8, 258.69
1735001509, 41, 29, 71, 0, 0, 0.06%, 9, 0, 8, 266.59
1735001514, 41, 44, 71, 0, 0, 0.06%, 9, 0, 8, 260.84
1735001519, 41, 45, 71, 0, 0, 0.06%, 9, 0, 8, 256.64
1735001524, 41, 51, 71, 0, 0, 0.06%, 9, 0, 8, 272.63
1735001534, 41, 56, 71, 0, 0, 0.06%, 9, 0, 8, 260.16
1735001539, 42, 11, 71, 0, 0, 0.06%, 9, 0, 8, 253.75
1735001544, 42, 13, 71, 0, 0, 0.06%, 9, 0, 8, 248.05
1735001549, 42, 20, 71, 0, 0, 0.06%, 9, 0, 8, 254.57
1735001554, 42, 25, 71, 0, 0, 0.06%, 9, 0, 8, 277.22
1735001559, 42, 27, 71, 0, 0, 0.06%, 9, 0, 8, 248.01
1735001565, 42, 28, 71, 0, 0, 0.06%, 9, 0, 8, 247.80
1735001570, 42, 29, 71, 0, 0, 0.06%, 9, 0, 8, 264.78
1735001575, 42, 31, 71, 0, 0, 0.06%, 9, 0, 8, 260.07
1735001600, 43, 11, 71, 0, 0, 0.06%, 9, 0, 8, 252.51
1735001605, 43, 13, 71, 0, 0, 0.06%, 9, 0, 8, 262.02
1735001610, 43, 20, 71, 0, 0, 0.06%, 9, 0, 8, 256.74
1735001615, 43, 27, 71, 0, 0, 0.06%, 9, 0, 8, 257.90
1735001620, 43, 28, 71, 0, 0, 0.06%, 9, 0, 8, 267.12
1735001625, 43, 29, 71, 0, 0, 0.06%, 9, 0, 8, 259.89
1735001631, 43, 35, 71, 0, 0, 0.06%, 9, 0, 8, 277.01
1735001636, 44, 11, 71, 0, 0, 0.06%, 9, 0, 8, 263.01
1735001641, 44, 12, 71, 0, 0, 0.06%, 9, 0, 8, 253.13
1735001646, 44, 14, 71, 0, 0, 0.06%, 9, 0, 8, 253.20
1735001651, 44, 20, 71, 0, 0, 0.06%, 9, 0, 8, 259.76
1735001656, 44, 26, 71, 0, 0, 0.06%, 9, 0, 8, 270.96
1735001661, 44, 27, 71, 0, 0, 0.06%, 9, 0, 8, 262.47
1735001666, 44, 28, 71, 0, 0, 0.06%, 9, 0, 8, 252.70
1735001671, 44, 29, 71, 0, 0, 0.06%, 9, 0, 8, 251.50
1735001676, 44, 36, 71, 0, 0, 0.06%, 9, 0, 8, 263.70
1735001681, 45, 11, 71, 0, 0, 0.06%, 9, 0, 8, 268.00
1735001686, 45, 13, 71, 0, 0, 0.06%, 9, 0, 8, 255.63
1735001691, 45, 20, 71, 0, 0, 0.06%, 9, 0, 8, 262.10
1735001696, 45, 27, 71, 0, 0, 0.06%, 9, 0, 8, 255.17
1735001701, 45, 28, 71, 0, 0, 0.06%, 9, 0, 8, 260.96
1735001706, 45, 29, 71, 0, 0, 0.06%, 9, 0, 8, 260.65
1735001712, 46, 11, 71, 0, 0, 0.06%, 9, 0, 8, 276.93
1735001717, 46, 13, 71, 0, 0, 0.06%, 9, 0, 8, 262.10
1735001722, 46, 14, 71, 0, 0, 0.06%, 9, 0, 8, 255.07
1735001727, 46, 18, 71, 0, 0, 0.06%, 9, 0, 8, 265.35
1735001732, 46, 20, 71, 0, 0, 0.06%, 9, 0, 8, 266.82
1735001737, 46, 27, 71, 0, 0, 0.06%, 9, 0, 8, 262.75
1735001742, 46, 28, 71, 0, 0, 0.06%, 9, 0, 8, 258.17
1735001747, 46, 29, 71, 0, 0, 0.06%, 9, 0, 8, 240.60
1735001752, 46, 36, 71, 0, 0, 0.06%, 9, 0, 8, 285.29
1735001757, 46, 41, 71, 0, 0, 0.06%, 9, 0, 8, 341.16
1735001778, 46, 50, 71, 0, 0, 0.06%, 9, 0, 8, 271.28
1735001783, 46, 55, 71, 0, 0, 0.06%, 9, 0, 8, 284.96
1735001788, 46, 64, 71, 0, 0, 0.06%, 9, 0, 8, 311.87
1735001818, 47, 11, 71, 0, 0, 0.06%, 9, 0, 8, 271.12
1735001823, 47, 13, 71, 0, 0, 0.06%, 9, 0, 8, 264.93
1735001828, 47, 18, 71, 0, 0, 0.06%, 9, 0, 8, 255.82
1735001833, 47, 20, 71, 0, 0, 0.06%, 9, 0, 8, 246.50
1735001838, 47, 27, 71, 0, 0, 0.06%, 9, 0, 8, 252.35
1735001843, 47, 28, 71, 0, 0, 0.06%, 9, 0, 8, 250.20
1735001848, 47, 29, 72, 1, 0, 0.06%, 9, 0, 8, 265.24
1735001853, 47, 52, 72, 1, 0, 0.06%, 9, 0, 8, 269.97
1735001858, 47, 56, 72, 1, 0, 0.06%, 9, 0, 8, 255.48
1735001863, 47, 69, 72, 1, 0, 0.06%, 9, 0, 8, 265.69
1735001869, 48, 11, 72, 1, 0, 0.06%, 9, 0, 8, 279.04
1735001874, 48, 13, 72, 1, 0, 0.06%, 9, 0, 8, 256.71
1735001879, 48, 20, 72, 1, 0, 0.06%, 9, 0, 8, 261.27
1735001884, 48, 27, 72, 1, 0, 0.06%, 9, 0, 8, 271.85
1735001894, 48, 28, 72, 1, 0, 0.06%, 9, 0, 8, 266.71
1735001899, 48, 29, 72, 1, 0, 0.06%, 9, 0, 8, 266.20
1735001904, 49, 11, 72, 1, 0, 0.06%, 9, 0, 8, 258.80
1735001909, 49, 13, 72, 1, 0, 0.06%, 9, 0, 8, 256.13
1735001914, 49, 20, 72, 1, 0, 0.06%, 9, 0, 8, 245.84
1735001920, 49, 27, 72, 1, 0, 0.06%, 9, 0, 8, 257.13
1735001925, 49, 28, 72, 1, 0, 0.06%, 9, 0, 8, 260.59
1735001935, 49, 31, 72, 1, 0, 0.06%, 9, 0, 8, 269.25
1735001940, 50, 1, 72, 1, 0, 0.06%, 9, 0, 8, 271.23
1735001945, 50, 12, 72, 1, 0, 0.06%, 9, 0, 8, 261.99
1735001950, 50, 14, 72, 1, 0, 0.06%, 9, 0, 8, 254.07
1735001955, 50, 20, 72, 1, 0, 0.06%, 9, 0, 8, 258.35
1735001960, 50, 27, 72, 1, 0, 0.06%, 9, 0, 8, 258.51
1735001965, 50, 28, 72, 1, 0, 0.06%, 9, 0, 8, 262.20
1735001970, 50, 29, 72, 1, 0, 0.06%, 9, 0, 8, 262.01
1735001975, 50, 33, 72, 1, 0, 0.06%, 9, 0, 8, 248.09
1735001980, 50, 41, 72, 1, 0, 0.06%, 9, 0, 8, 292.82
1735001985, 50, 44, 72, 1, 0, 0.06%, 9, 0, 8, 271.29
1735001991, 50, 60, 72, 1, 0, 0.06%, 9, 0, 8, 269.82
1735002001, 50, 69, 72, 1, 0, 0.06%, 9, 0, 8, 275.81
1735002006, 51, 12, 72, 1, 0, 0.06%, 9, 0, 8, 262.00
1735002011, 51, 14, 72, 1, 0, 0.06%, 9, 0, 8, 263.46
1735002016, 51, 20, 72, 1, 0, 0.06%, 9, 0, 8, 243.78
1735002021, 51, 27, 72, 1, 0, 0.06%, 9, 0, 8, 251.39
1735002026, 51, 28, 72, 1, 0, 0.06%, 9, 0, 8, 259.22
1735002031, 51, 29, 72, 1, 0, 0.06%, 9, 0, 8, 245.93
1735002036, 51, 68, 72, 1, 0, 0.06%, 9, 0, 8, 249.37
1735002062, 52, 12, 72, 1, 0, 0.06%, 9, 0, 8, 249.73
1735002067, 52, 14, 72, 1, 0, 0.06%, 9, 0, 8, 257.09
1735002072, 52, 20, 72, 1, 0, 0.06%, 9, 0, 8, 276.41
1735002077, 52, 24, 72, 1, 0, 0.06%, 9, 0, 8, 299.35
1735002098, 52, 27, 72, 1, 0, 0.06%, 9, 0, 8, 268.85
1735002103, 52, 28, 72, 1, 0, 0.06%, 9, 0, 8, 248.85
1735002108, 52, 29, 72, 1, 0, 0.06%, 9, 0, 8, 253.64
1735002113, 52, 41, 72, 1, 0, 0.06%, 9, 0, 8, 300.01
1735002118, 53, 12, 72, 1, 0, 0.06%, 9, 0, 8, 270.28
1735002123, 53, 14, 72, 1, 0, 0.06%, 9, 0, 8, 257.40
1735002128, 53, 20, 72, 1, 0, 0.06%, 9, 0, 8, 251.73
1735002133, 53, 27, 72, 1, 0, 0.06%, 9, 0, 8, 252.04
1735002138, 53, 28, 72, 1, 0, 0.06%, 9, 0, 8, 247.93
1735002143, 53, 29, 72, 1, 0, 0.06%, 9, 0, 8, 252.65
1735002148, 54, 11, 72, 1, 0, 0.06%, 9, 0, 8, 271.22
1735002153, 54, 12, 72, 1, 0, 0.06%, 9, 0, 8, 260.23
1735002158, 54, 14, 72, 1, 0, 0.06%, 9, 0, 8, 272.39
1735002164, 54, 20, 72, 1, 0, 0.06%, 9, 0, 8, 257.44
1735002169, 54, 22, 72, 1, 0, 0.06%, 9, 0, 8, 284.84
1735002174, 54, 27, 72, 1, 0, 0.06%, 9, 0, 8, 249.49
1735002179, 54, 28, 73, 2, 0, 0.06%, 9, 0, 8, 259.01
1735002184, 54, 29, 73, 2, 0, 0.06%, 9, 0, 8, 251.78
1735002189, 54, 31, 73, 2, 0, 0.06%, 9, 0, 8, 265.02
1735002194, 55, 12, 73, 2, 0, 0.06%, 9, 0, 8, 263.44
1735002199, 55, 13, 73, 2, 0, 0.06%, 9, 0, 8, 255.33
1735002204, 55, 20, 73, 2, 0, 0.06%, 9, 0, 8, 253.18
1735002209, 55, 27, 73, 2, 0, 0.06%, 9, 0, 8, 252.15
1735002214, 55, 28, 73, 2, 0, 0.06%, 9, 0, 8, 258.74
1735002219, 55, 29, 73, 2, 0, 0.06%, 9, 0, 8, 262.27
1735002224, 55, 38, 73, 2, 0, 0.06%, 9, 0, 8, 264.29
1735002230, 55, 41, 73, 2, 0, 0.06%, 9, 0, 8, 266.49
1735002235, 55, 70, 73, 2, 0, 0.06%, 9, 0, 8, 285.63
1735002260, 55, 71, 73, 2, 0, 0.06%, 9, 0, 8, 331.44
1735002597, 56, 12, 73, 1, 0, 0.06%, 9, 0, 8, 260.62
1735002603, 56, 13, 73, 1, 0, 0.06%, 9, 0, 8, 251.03
1735002608, 56, 20, 73, 1, 0, 0.06%, 9, 0, 8, 251.32
1735002613, 56, 27, 73, 1, 0, 0.06%, 9, 0, 8, 254.82
1735002618, 56, 28, 73, 1, 0, 0.06%, 9, 0, 8, 255.11
1735002623, 56, 29, 73, 1, 0, 0.06%, 9, 0, 8, 252.40
1735002628, 56, 61, 73, 1, 0, 0.06%, 9, 0, 8, 291.11
1735002638, 57, 12, 73, 1, 0, 0.06%, 9, 0, 8, 254.48
1735002643, 57, 14, 73, 1, 0, 0.06%, 9, 0, 8, 256.72
1735002648, 57, 20, 73, 1, 0, 0.06%, 9, 0, 8, 253.27
1735002653, 57, 27, 73, 1, 0, 0.06%, 9, 0, 8, 253.42
1735002658, 57, 28, 73, 1, 0, 0.06%, 9, 0, 8, 244.15
1735002663, 57, 29, 73, 1, 0, 0.06%, 9, 0, 8, 245.17
1735002668, 58, 10, 73, 1, 0, 0.06%, 9, 0, 8, 253.42
1735002673, 58, 12, 73, 1, 0, 0.06%, 9, 0, 8, 259.00
1735002678, 58, 13, 73, 1, 0, 0.06%, 9, 0, 8, 261.34
1735002683, 58, 20, 73, 1, 0, 0.06%, 9, 0, 8, 253.27
1735002689, 58, 23, 73, 1, 0, 0.06%, 9, 0, 8, 269.67
1735002709, 58, 27, 73, 1, 0, 0.06%, 9, 0, 8, 276.07
1735002719, 58, 28, 73, 1, 0, 0.06%, 9, 0, 8, 249.41
1735002724, 58, 29, 73, 1, 0, 0.06%, 9, 0, 8, 253.25
1735002729, 58, 49, 73, 1, 0, 0.06%, 9, 0, 8, 278.11
1735002749, 58, 70, 73, 1, 0, 0.06%, 9, 0, 8, 301.32
1735002759, 58, 72, 73, 1, 0, 0.06%, 9, 0, 8, 310.13
1735003094, 59, 11, 73, 0, 0, 0.06%, 9, 0, 8, 280.10
1735003099, 59, 13, 73, 0, 0, 0.06%, 9, 0, 8, 257.92
1735003104, 59, 14, 73, 0, 0, 0.06%, 9, 0, 8, 254.12
1735003109, 59, 20, 73, 0, 0, 0.06%, 9, 0, 8, 263.93
1735003114, 59, 27, 73, 0, 0, 0.06%, 9, 0, 8, 254.48
1735003119, 59, 28, 73, 0, 0, 0.06%, 9, 0, 8, 257.44
1735003125, 59, 29, 73, 0, 0, 0.06%, 9, 0, 8, 257.23
1735003130, 59, 58, 73, 0, 0, 0.06%, 9, 0, 8, 270.87
1735003135, 60, 11, 73, 0, 0, 0.06%, 9, 0, 8, 276.67
1735003140, 60, 13, 73, 0, 0, 0.06%, 9, 0, 8, 272.84
1735003145, 60, 20, 73, 0, 0, 0.06%, 9, 0, 8, 249.73
1735003150, 60, 27, 73, 0, 0, 0.06%, 9, 0, 8, 251.30
1735003155, 60, 28, 73, 0, 0, 0.06%, 9, 0, 8, 254.37
1735003160, 60, 29, 73, 0, 0, 0.06%, 9, 0, 8, 251.40
1735003165, 60, 31, 73, 0, 0, 0.06%, 9, 0, 8, 258.91
1735003175, 60, 71, 73, 0, 0, 0.06%, 9, 0, 8, 352.95
1735003195, 61, 12, 73, 0, 0, 0.06%, 9, 0, 8, 266.96
1735003201, 61, 14, 73, 0, 0, 0.06%, 9, 0, 8, 254.59
1735003206, 61, 20, 74, 1, 0, 0.06%, 9, 0, 8, 264.04
1735003211, 61, 27, 74, 1, 0, 0.06%, 9, 0, 8, 251.36
1735003216, 61, 28, 74, 1, 0, 0.06%, 9, 0, 8, 245.88
1735003221, 61, 29, 74, 1, 0, 0.06%, 9, 0, 8, 249.38
1735003226, 61, 33, 74, 1, 0, 0.06%, 9, 0, 8, 255.39
1735003231, 61, 44, 74, 1, 0, 0.06%, 9, 0, 8, 271.08
1735003236, 61, 64, 74, 1, 0, 0.06%, 9, 0, 8, 273.48
1735003246, 61, 65, 74, 1, 0, 0.06%, 9, 0, 8, 300.84
1735003267, 61, 73, 74, 1, 0, 0.06%, 9, 0, 8, 374.89
1735003292, 61, 73, 75, 2, 0, 0.06%, 9, 0, 8, 469.79
1735003389, 61, 74, 75, 1, 0, 0.06%, 9, 0, 8, 312.84
