# unix_time, cycles_done, cur_path, paths_total, pending_total, pending_favs, map_size, unique_crashes, unique_hangs, max_depth, execs_per_sec
1735708896, 0, 0, 10, 10, 1, 0.00%, 0, 0, 1, 155.64
1735708901, 0, 4, 10, 10, 1, 0.00%, 0, 0, 1, 195.71
1735708906, 0, 5, 10, 9, 0, 0.00%, 0, 0, 1, 200.73
1735708916, 0, 6, 10, 8, 0, 0.00%, 0, 0, 1, 193.89
1735708921, 0, 7, 10, 7, 0, 0.00%, 0, 0, 1, 193.02
1735708926, 0, 8, 10, 6, 0, 0.00%, 0, 0, 1, 188.38
1735708937, 0, 9, 10, 5, 0, 0.00%, 0, 0, 1, 196.61
1735708942, 1, 0, 10, 4, 0, 0.00%, 0, 0, 1, 188.80
1735708952, 1, 1, 10, 3, 0, 0.00%, 0, 0, 1, 190.63
1735708962, 1, 2, 10, 2, 0, 0.00%, 0, 0, 1, 191.37
1735708973, 1, 3, 10, 1, 0, 0.00%, 0, 0, 1, 190.73
1735708988, 1, 5, 10, 0, 0, 0.00%, 0, 0, 1, 196.42
1735708993, 1, 6, 10, 0, 0, 0.00%, 0, 0, 1, 196.23
1735708998, 1, 8, 10, 0, 0, 0.00%, 0, 0, 1, 197.68
1735709003, 1, 9, 10, 0, 0, 0.00%, 0, 0, 1, 197.38
1735709008, 2, 1, 10, 0, 0, 0.00%, 0, 0, 1, 197.91
1735709013, 2, 2, 10, 0, 0, 0.00%, 0, 0, 1, 198.18
1735709019, 2, 3, 10, 0, 0, 0.00%, 0, 0, 1, 195.11
1735709024, 2, 5, 10, 0, 0, 0.00%, 0, 0, 1, 189.58
1735709029, 2, 6, 10, 0, 0, 0.00%, 0, 0, 1, 192.13
1735709034, 2, 8, 10, 0, 0, 0.00%, 0, 0, 1, 194.23
1735709039, 2, 9, 10, 0, 0, 0.00%, 0, 0, 1, 195.44
1735709045, 3, 0, 10, 0, 0, 0.00%, 0, 0, 1, 196.06
1735709050, 3, 2, 10, 0, 0, 0.00%, 0, 0, 1, 194.20
1735709055, 3, 3, 10, 0, 0, 0.00%, 0, 0, 1, 194.16
1735709060, 3, 4, 10, 0, 0, 0.00%, 0, 0, 1, 194.97
1735709065, 3, 6, 10, 0, 0, 0.00%, 0, 0, 1, 191.99
1735709070, 3, 7, 10, 0, 0, 0.00%, 0, 0, 1, 194.86
1735709076, 3, 9, 10, 0, 0, 0.00%, 0, 0, 1, 193.03
1735709081, 4, 0, 10, 0, 0, 0.00%, 0, 0, 1, 191.28
1735709086, 4, 1, 10, 0, 0, 0.00%, 0, 0, 1, 194.83
1735709091, 4, 3, 10, 0, 0, 0.00%, 0, 0, 1, 196.22
1735709096, 4, 4, 10, 0, 0, 0.00%, 0, 0, 1, 196.01
1735709101, 4, 6, 10, 0, 0, 0.00%, 0, 0, 1, 193.12
1735709106, 4, 7, 10, 0, 0, 0.00%, 0, 0, 1, 195.96
1735709111, 4, 10, 12, 2, 1, 0.05%, 2, 0, 3, 212.25
1735709132, 4, 10, 13, 3, 1, 0.05%, 3, 0, 3, 208.87
1735709208, 4, 10, 14, 4, 1, 0.05%, 4, 0, 3, 206.13
1735709259, 4, 11, 16, 5, 3, 0.06%, 6, 0, 4, 222.06
1735709309, 4, 11, 18, 7, 3, 0.06%, 8, 0, 4, 209.99
1735709375, 4, 11, 19, 8, 3, 0.06%, 8, 0, 4, 217.44
1735709401, 4, 11, 21, 10, 3, 0.06%, 8, 0, 4, 205.78
1735709406, 4, 12, 22, 10, 6, 0.06%, 9, 0, 4, 231.57
1735709446, 4, 13, 22, 9, 6, 0.06%, 9, 0, 4, 243.76
1735709472, 4, 13, 23, 10, 6, 0.06%, 9, 0, 4, 212.04
1735709492, 4, 13, 24, 11, 6, 0.06%, 9, 0, 4, 211.61
1735709532, 4, 13, 25, 12, 6, 0.06%, 9, 0, 4, 225.11
1735709553, 4, 13, 26, 13, 6, 0.06%, 9, 0, 4, 221.23
1735709568, 4, 14, 26, 12, 5, 0.06%, 9, 0, 4, 229.41
1735709593, 4, 14, 27, 13, 5, 0.06%, 9, 0, 5, 225.10
1735709639, 4, 14, 28, 14, 5, 0.06%, 9, 0, 5, 221.32
1735709664, 4, 14, 29, 15, 5, 0.06%, 9, 0, 5, 219.17
1735709675, 4, 14, 30, 16, 5, 0.06%, 9, 0, 5, 223.37
1735709690, 4, 14, 31, 17, 5, 0.06%, 9, 0, 5, 241.07
1735709700, 4, 15, 31, 16, 4, 0.06%, 9, 0, 5, 254.20
1735709720, 4, 15, 32, 17, 4, 0.06%, 9, 0, 5, 222.18
1735709751, 4, 15, 33, 18, 4, 0.06%, 9, 0, 5, 217.59
1735709776, 4, 15, 34, 19, 4, 0.06%, 9, 0, 5, 223.37
1735709811, 4, 15, 35, 20, 4, 0.06%, 9, 0, 5, 220.36
1735709821, 4, 15, 37, 22, 4, 0.06%, 9, 0, 5, 232.32
1735709837, 4, 16, 37, 21, 3, 0.06%, 9, 0, 5, 277.21
1735709877, 4, 16, 38, 22, 3, 0.06%, 9, 0, 5, 231.18
1735709943, 4, 16, 39, 23, 3, 0.06%, 9, 0, 5, 227.59
1735709969, 4, 17, 39, 22, 2, 0.06%, 9, 0, 5, 261.51
1735709994, 4, 17, 40, 23, 2, 0.06%, 9, 0, 5, 216.99
1735710050, 4, 17, 41, 24, 2, 0.06%, 9, 0, 5, 219.21
1735710055, 4, 17, 42, 25, 2, 0.06%, 9, 0, 5, 221.02
1735710096, 4, 17, 44, 27, 2, 0.06%, 9, 0, 5, 242.06
1735710101, 4, 17, 45, 28, 2, 0.06%, 9, 0, 5, 247.71
1735710106, 4, 21, 45, 27, 1, 0.06%, 9, 0, 5, 279.76
1735710127, 4, 21, 47, 29, 1, 0.06%, 9, 0, 5, 219.60
1735710274, 4, 22, 47, 28, 0, 0.06%, 9, 0, 5, 348.54
1735710284, 4, 22, 48, 29, 0, 0.06%, 9, 0, 5, 281.82
1735710315, 4, 22, 49, 30, 0, 0.06%, 9, 0, 5, 257.00
1735710320, 4, 22, 50, 31, 0, 0.06%, 9, 0, 5, 251.94
1735710325, 4, 22, 51, 32, 0, 0.06%, 9, 0, 5, 257.30
1735710360, 4, 22, 52, 33, 0, 0.06%, 9, 0, 5, 258.84
1735710381, 4, 22, 53, 34, 0, 0.06%, 9, 0, 5, 258.95
1735710426, 4, 23, 53, 33, 0, 0.06%, 9, 0, 5, 236.52
1735710472, 4, 23, 54, 34, 0, 0.06%, 9, 0, 5, 226.31
1735710483, 4, 27, 54, 33, 0, 0.06%, 9, 0, 5, 258.45
1735710548, 4, 27, 55, 34, 0, 0.06%, 9, 0, 6, 270.61
1735710574, 4, 27, 56, 35, 0, 0.06%, 9, 0, 6, 274.94
1735710625, 4, 27, 57, 36, 0, 0.06%, 9, 0, 6, 274.91
1735710650, 4, 27, 58, 37, 0, 0.06%, 9, 0, 6, 259.75
1735710655, 4, 28, 58, 36, 0, 0.06%, 9, 0, 6, 275.45
1735710665, 4, 28, 59, 37, 0, 0.06%, 9, 0, 6, 248.79
1735710742, 4, 32, 59, 36, 0, 0.06%, 9, 0, 6, 273.87
1735710803, 4, 36, 59, 35, 0, 0.06%, 9, 0, 6, 312.47
1735710849, 4, 36, 61, 37, 0, 0.06%, 9, 0, 6, 300.00
1735710859, 4, 37, 61, 36, 0, 0.06%, 9, 0, 6, 353.39
1735710900, 4, 37, 62, 37, 0, 0.06%, 9, 0, 6, 293.11
1735710915, 4, 41, 62, 36, 0, 0.06%, 9, 0, 6, 222.30
1735711271, 4, 41, 63, 37, 0, 0.06%, 9, 0, 6, 342.97
1735711296, 4, 41, 64, 38, 0, 0.06%, 9, 0, 6, 370.34
1735711306, 4, 41, 65, 39, 0, 0.06%, 9, 0, 6, 373.08
1735711326, 4, 41, 66, 40, 0, 0.06%, 9, 0, 6, 364.99
1735711372, 4, 43, 66, 39, 0, 0.06%, 9, 0, 6, 376.38
1735711417, 4, 49, 66, 38, 0, 0.06%, 9, 0, 6, 331.02
1735711473, 4, 50, 66, 37, 0, 0.06%, 9, 0, 6, 398.93
1735711555, 4, 52, 66, 36, 0, 0.06%, 9, 0, 6, 192.07
