# unix_time, cycles_done, cur_path, paths_total, pending_total, pending_favs, map_size, unique_crashes, unique_hangs, max_depth, execs_per_sec
1735331253, 0, 0, 10, 10, 1, 0.00%, 0, 0, 1, 175.05
1735331258, 0, 2, 11, 11, 1, 0.05%, 1, 0, 2, 206.52
1735331268, 0, 10, 12, 11, 1, 0.05%, 2, 0, 3, 230.27
1735331283, 0, 11, 16, 14, 1, 0.06%, 5, 0, 4, 255.01
1735331299, 0, 11, 17, 15, 1, 0.06%, 5, 0, 4, 232.11
1735331334, 0, 11, 18, 16, 1, 0.06%, 6, 0, 4, 235.41
1735331350, 0, 11, 19, 17, 1, 0.06%, 6, 0, 4, 232.71
1735331355, 0, 11, 20, 18, 1, 0.06%, 6, 0, 4, 230.01
1735331365, 0, 11, 21, 19, 1, 0.06%, 7, 0, 4, 229.62
1735331390, 0, 12, 21, 18, 5, 0.06%, 7, 0, 4, 264.63
1735331406, 0, 12, 23, 20, 5, 0.06%, 8, 0, 5, 227.30
1735331447, 0, 13, 23, 19, 5, 0.06%, 8, 0, 5, 251.67
1735331452, 0, 13, 24, 20, 5, 0.06%, 8, 0, 5, 223.39
1735331477, 0, 14, 24, 19, 4, 0.06%, 8, 0, 5, 237.72
1735331488, 0, 14, 25, 20, 4, 0.06%, 8, 0, 5, 216.02
1735331508, 0, 17, 26, 20, 3, 0.06%, 9, 0, 5, 274.45
1735331523, 0, 20, 26, 19, 3, 0.06%, 9, 0, 5, 242.91
1735331538, 0, 20, 27, 20, 3, 0.06%, 9, 0, 5, 216.16
1735331553, 0, 22, 27, 19, 2, 0.06%, 9, 0, 5, 273.67
1735331558, 0, 22, 28, 20, 2, 0.06%, 9, 0, 6, 234.16
1735331563, 0, 22, 29, 21, 2, 0.06%, 9, 0, 6, 225.21
1735331574, 0, 22, 31, 23, 2, 0.06%, 9, 0, 6, 233.58
1735331630, 0, 22, 32, 24, 2, 0.06%, 9, 0, 6, 221.40
1735331635, 0, 22, 33, 25, 2, 0.06%, 9, 0, 6, 226.23
1735331665, 0, 25, 33, 24, 1, 0.06%, 9, 0, 6, 283.81
1735331670, 0, 25, 34, 25, 1, 0.06%, 9, 0, 6, 251.63
1735331696, 1, 1, 34, 23, 0, 0.06%, 9, 0, 6, 196.78
1735331701, 1, 6, 34, 22, 0, 0.06%, 9, 0, 6, 195.42
1735331706, 1, 11, 34, 21, 0, 0.06%, 9, 0, 6, 204.33
1735331711, 1, 13, 34, 21, 0, 0.06%, 9, 0, 6, 205.77
1735331716, 1, 14, 34, 21, 0, 0.06%, 9, 0, 6, 214.01
1735331721, 1, 20, 34, 21, 0, 0.06%, 9, 0, 6, 228.33
1735331726, 1, 22, 34, 21, 0, 0.06%, 9, 0, 6, 220.68
1735331731, 1, 26, 34, 21, 0, 0.06%, 9, 0, 6, 234.56
1735331746, 1, 26, 36, 23, 0, 0.06%, 9, 0, 6, 216.97
1735331782, 1, 28, 36, 22, 0, 0.06%, 9, 0, 6, 282.31
1735331792, 1, 28, 37, 23, 0, 0.06%, 9, 0, 7, 234.59
1735331812, 1, 32, 38, 23, 0, 0.06%, 9, 0, 7, 369.27
1735331827, 1, 32, 39, 24, 0, 0.06%, 9, 0, 7, 250.52
1735331843, 1, 32, 40, 25, 0, 0.06%, 9, 0, 7, 252.51
1735331868, 1, 34, 40, 24, 0, 0.06%, 9, 0, 7, 288.33
1735331878, 1, 34, 42, 26, 0, 0.06%, 9, 0, 7, 282.97
1735331924, 1, 35, 42, 25, 0, 0.06%, 9, 0, 7, 301.22
1735331944, 1, 39, 42, 24, 0, 0.06%, 9, 0, 7, 306.21
1735331965, 1, 39, 43, 25, 0, 0.06%, 9, 0, 8, 280.16
1735331970, 1, 39, 44, 26, 0, 0.06%, 9, 0, 8, 279.05
1735331995, 1, 39, 45, 27, 0, 0.06%, 9, 0, 8, 276.58
1735332045, 1, 42, 45, 26, 0, 0.06%, 9, 0, 8, 323.69
1735332061, 1, 42, 46, 27, 0, 0.06%, 9, 0, 9, 259.20
1735332101, 1, 43, 46, 26, 0, 0.06%, 9, 0, 9, 275.82
1735332127, 1, 43, 49, 29, 0, 0.06%, 9, 0, 9, 406.37
1735332193, 1, 43, 50, 30, 0, 0.06%, 9, 0, 9, 311.00
1735332213, 1, 43, 51, 31, 0, 0.06%, 9, 0, 9, 313.75
1735332233, 1, 43, 52, 32, 0, 0.06%, 9, 0, 9, 318.33
1735332259, 1, 44, 52, 31, 0, 0.06%, 9, 0, 9, 350.41
1735332320, 1, 45, 52, 30, 0, 0.06%, 9, 0, 9, 337.66
1735332360, 1, 45, 53, 31, 0, 0.06%, 9, 0, 10, 301.53
1735332381, 1, 45, 54, 32, 0, 0.06%, 9, 0, 10, 298.43
1735332396, 1, 45, 55, 33, 0, 0.06%, 9, 0, 10, 301.82
1735332431, 1, 47, 55, 32, 0, 0.06%, 9, 0, 10, 337.59
1735332528, 1, 49, 55, 31, 0, 0.06%, 9, 0, 10, 311.27
1735332619, 1, 49, 56, 32, 0, 0.06%, 9, 0, 10, 316.22
1735332649, 1, 55, 56, 31, 0, 0.06%, 9, 0, 10, 387.93
1735332746, 1, 55, 57, 32, 0, 0.06%, 9, 0, 11, 327.04
1735332766, 2, 3, 57, 31, 0, 0.06%, 9, 0, 11, 261.17
1735332771, 2, 4, 57, 30, 0, 0.06%, 9, 0, 11, 221.34
1735332776, 2, 12, 57, 29, 0, 0.06%, 9, 0, 11, 227.54
1735332782, 2, 16, 57, 29, 0, 0.06%, 9, 0, 11, 267.38
1735332802, 2, 20, 57, 28, 0, 0.06%, 9, 0, 11, 275.06
1735332807, 2, 21, 57, 28, 0, 0.06%, 9, 0, 11, 275.49
1735332817, 2, 25, 57, 27, 0, 0.06%, 9, 0, 11, 249.45
1735332822, 2, 29, 57, 27, 0, 0.06%, 9, 0, 11, 323.30
1735332833, 2, 30, 57, 26, 0, 0.06%, 9, 0, 11, 314.25
1735332848, 2, 46, 57, 25, 0, 0.06%, 9, 0, 11, 400.74
1735332939, 2, 50, 57, 24, 0, 0.06%, 9, 0, 11, 343.85
1735333097, 2, 50, 58, 25, 0, 0.06%, 9, 0, 11, 323.29
1735333102, 2, 50, 59, 26, 0, 0.06%, 9, 0, 11, 329.15
1735333158, 2, 56, 59, 25, 0, 0.06%, 9, 0, 11, 316.52
1735333164, 2, 56, 60, 26, 0, 0.06%, 9, 0, 12, 393.07
1735333255, 2, 56, 61, 27, 0, 0.06%, 9, 0, 12, 268.26
1735333265, 2, 56, 62, 28, 0, 0.06%, 9, 0, 12, 313.42
1735333331, 2, 60, 62, 27, 0, 0.06%, 9, 0, 12, 358.81
1735333361, 3, 11, 62, 26, 0, 0.06%, 9, 0, 12, 262.34
1735333366, 3, 13, 62, 26, 0, 0.06%, 9, 0, 12, 245.31
1735333372, 3, 19, 62, 26, 0, 0.06%, 9, 0, 12, 285.68
1735333387, 3, 25, 62, 25, 0, 0.06%, 9, 0, 12, 262.52
1735333392, 3, 31, 64, 27, 0, 0.06%, 9, 0, 12, 407.58
1735333413, 3, 52, 64, 26, 0, 0.06%, 9, 0, 12, 405.53
1735333483, 3, 63, 64, 25, 0, 0.06%, 9, 0, 12, 348.93
1735333493, 3, 63, 65, 26, 0, 0.06%, 9, 0, 12, 255.21
1735333509, 3, 63, 66, 27, 0, 0.06%, 9, 0, 12, 248.74
1735333524, 3, 63, 67, 28, 0, 0.06%, 9, 0, 12, 251.04
1735333529, 3, 63, 68, 29, 0, 0.06%, 9, 0, 12, 251.04
1735333585, 3, 63, 69, 30, 0, 0.06%, 9, 0, 12, 254.15
1735333626, 3, 66, 69, 29, 0, 0.06%, 9, 0, 12, 318.85
1735333676, 3, 66, 70, 30, 0, 0.06%, 9, 0, 12, 459.55
1735333681, 3, 66, 71, 31, 0, 0.06%, 9, 0, 12, 456.73
1735334001, 3, 67, 71, 30, 0, 0.06%, 9, 0, 12, 423.36
1735334032, 3, 68, 71, 29, 0, 0.06%, 9, 0, 12, 299.13
1735334067, 4, 10, 71, 28, 0, 0.06%, 9, 0, 12, 266.62
1735334072, 4, 13, 71, 28, 0, 0.06%, 9, 0, 12, 240.80
1735334078, 4, 17, 71, 28, 0, 0.06%, 9, 0, 12, 241.23
1735334083, 4, 25, 71, 28, 0, 0.06%, 9, 0, 12, 253.83
1735334088, 4, 38, 71, 28, 0, 0.06%, 9, 0, 12, 345.11
1735334118, 4, 47, 71, 27, 0, 0.06%, 9, 0, 12, 300.37
1735334123, 4, 48, 71, 27, 0, 0.06%, 9, 0, 12, 335.97
1735334220, 4, 55, 71, 26, 0, 0.06%, 9, 0, 12, 302.39
1735334225, 4, 64, 71, 26, 0, 0.06%, 9, 0, 12, 328.63
1735334261, 4, 69, 71, 25, 0, 0.06%, 9, 0, 12, 343.83
1735334367, 4, 70, 71, 24, 0, 0.06%, 9, 0, 12, 335.96
1735334474, 5, 11, 71, 23, 0, 0.06%, 9, 0, 12, 258.60
1735334479, 5, 12, 71, 23, 0, 0.06%, 9, 0, 12, 248.81
1735334484, 5, 13, 71, 23, 0, 0.06%, 9, 0, 12, 258.74
1735334489, 5, 14, 71, 23, 0, 0.06%, 9, 0, 12, 248.61
1735334494, 5, 17, 71, 23, 0, 0.06%, 9, 0, 12, 265.41
1735334499, 5, 18, 71, 23, 0, 0.06%, 9, 0, 12, 331.14
1735334519, 5, 20, 71, 22, 0, 0.06%, 9, 0, 12, 267.86
1735334524, 5, 22, 71, 22, 0, 0.06%, 9, 0, 12, 266.51
1735334535, 5, 24, 71, 22, 0, 0.06%, 9, 0, 12, 266.61
1735334545, 5, 25, 71, 21, 0, 0.06%, 9, 0, 12, 264.36
1735334555, 5, 54, 71, 21, 0, 0.06%, 9, 0, 12, 413.34
1735334641, 6, 10, 71, 20, 0, 0.06%, 9, 0, 12, 260.96
1735334646, 6, 12, 71, 20, 0, 0.06%, 9, 0, 12, 259.33
1735334651, 6, 13, 71, 20, 0, 0.06%, 9, 0, 12, 272.59
1735334656, 6, 14, 71, 20, 0, 0.06%, 9, 0, 12, 266.10
1735334662, 6, 17, 71, 20, 0, 0.06%, 9, 0, 12, 270.08
1735334672, 6, 20, 71, 20, 0, 0.06%, 9, 0, 12, 261.21
1735334677, 6, 22, 71, 20, 0, 0.06%, 9, 0, 12, 263.41
1735334682, 6, 23, 71, 20, 0, 0.06%, 9, 0, 12, 290.30
1735334697, 6, 25, 71, 19, 0, 0.06%, 9, 0, 12, 255.89
1735334702, 6, 29, 71, 19, 0, 0.06%, 9, 0, 12, 270.85
1735334707, 6, 33, 71, 19, 0, 0.06%, 9, 0, 12, 261.75
1735334723, 6, 65, 71, 18, 0, 0.06%, 9, 0, 12, 338.19
1735334819, 7, 8, 71, 17, 0, 0.06%, 9, 0, 12, 231.50
1735334824, 7, 11, 71, 16, 0, 0.06%, 9, 0, 12, 255.56
1735334830, 7, 12, 71, 16, 0, 0.06%, 9, 0, 12, 247.53
1735334835, 7, 13, 71, 16, 0, 0.06%, 9, 0, 12, 244.40
1735334840, 7, 14, 71, 16, 0, 0.06%, 9, 0, 12, 253.42
1735334845, 7, 17, 72, 17, 0, 0.06%, 9, 0, 12, 260.43
1735334855, 7, 20, 72, 17, 0, 0.06%, 9, 0, 12, 264.63
1735334860, 7, 22, 72, 17, 0, 0.06%, 9, 0, 12, 256.59
1735334865, 7, 25, 72, 17, 0, 0.06%, 9, 0, 12, 267.39
1735334870, 7, 29, 72, 17, 0, 0.06%, 9, 0, 12, 264.53
1735334875, 7, 52, 72, 17, 0, 0.06%, 9, 0, 12, 279.87
1735334880, 7, 58, 72, 17, 0, 0.06%, 9, 0, 12, 273.94
1735335028, 7, 61, 72, 16, 0, 0.06%, 9, 0, 12, 373.04
1735335160, 7, 68, 72, 15, 0, 0.06%, 9, 0, 12, 296.02
1735335176, 8, 10, 72, 15, 0, 0.06%, 9, 0, 12, 255.60
1735335181, 8, 11, 72, 15, 0, 0.06%, 9, 0, 12, 258.71
1735335186, 8, 12, 72, 15, 0, 0.06%, 9, 0, 12, 258.49
1735335191, 8, 13, 72, 15, 0, 0.06%, 9, 0, 12, 272.67
1735335196, 8, 14, 72, 15, 0, 0.06%, 9, 0, 12, 260.85
1735335201, 8, 17, 72, 15, 0, 0.06%, 9, 0, 12, 262.63
1735335206, 8, 20, 72, 15, 0, 0.06%, 9, 0, 12, 248.59
1735335211, 8, 22, 72, 15, 0, 0.06%, 9, 0, 12, 257.39
1735335216, 8, 25, 72, 15, 0, 0.06%, 9, 0, 12, 266.31
1735335221, 8, 27, 72, 15, 0, 0.06%, 9, 0, 12, 314.89
1735335241, 8, 44, 72, 14, 0, 0.06%, 9, 0, 12, 295.46
1735335252, 8, 47, 72, 14, 0, 0.06%, 9, 0, 12, 276.04
1735335257, 8, 53, 72, 14, 0, 0.06%, 9, 0, 12, 280.18
1735335323, 8, 54, 72, 13, 0, 0.06%, 9, 0, 12, 298.25
1735335328, 8, 56, 72, 13, 0, 0.06%, 9, 0, 12, 302.23
1735335338, 8, 71, 72, 13, 0, 0.06%, 9, 0, 12, 392.78
1735335419, 9, 5, 72, 12, 0, 0.06%, 9, 0, 12, 232.26
1735335424, 9, 7, 72, 11, 0, 0.06%, 9, 0, 12, 209.51
1735335429, 9, 9, 72, 10, 0, 0.06%, 9, 0, 12, 199.65
1735335434, 9, 10, 72, 9, 0, 0.06%, 9, 0, 12, 248.81
1735335439, 9, 12, 72, 9, 0, 0.06%, 9, 0, 12, 250.15
1735335444, 9, 13, 72, 9, 0, 0.06%, 9, 0, 12, 254.81
1735335449, 9, 14, 72, 9, 0, 0.06%, 9, 0, 12, 261.79
1735335454, 9, 17, 72, 9, 0, 0.06%, 9, 0, 12, 270.63
1735335459, 9, 20, 72, 9, 0, 0.06%, 9, 0, 12, 242.02
1735335464, 9, 22, 72, 9, 0, 0.06%, 9, 0, 12, 261.10
1735335474, 9, 25, 72, 9, 0, 0.06%, 9, 0, 12, 262.14
1735335480, 9, 28, 72, 9, 0, 0.06%, 9, 0, 12, 261.92
1735335485, 9, 45, 72, 9, 0, 0.06%, 9, 0, 12, 278.23
1735335490, 9, 51, 72, 9, 0, 0.06%, 9, 0, 12, 290.60
1735335566, 9, 69, 72, 8, 0, 0.06%, 9, 0, 12, 289.47
1735335581, 9, 70, 72, 8, 0, 0.06%, 9, 0, 12, 262.49
1735335601, 10, 11, 72, 8, 0, 0.06%, 9, 0, 12, 274.14
1735335606, 10, 12, 72, 8, 0, 0.06%, 9, 0, 12, 275.37
1735335611, 10, 13, 72, 8, 0, 0.06%, 9, 0, 12, 263.34
1735335616, 10, 14, 72, 8, 0, 0.06%, 9, 0, 12, 260.15
1735335622, 10, 17, 72, 8, 0, 0.06%, 9, 0, 12, 262.82
1735335627, 10, 20, 72, 8, 0, 0.06%, 9, 0, 12, 254.15
1735335632, 10, 22, 72, 8, 0, 0.06%, 9, 0, 12, 262.01
1735335637, 10, 25, 72, 8, 0, 0.06%, 9, 0, 12, 270.89
1735335642, 10, 40, 72, 8, 0, 0.06%, 9, 0, 12, 329.89
1735335672, 10, 59, 72, 7, 0, 0.06%, 9, 0, 12, 375.76
1735335799, 10, 71, 72, 6, 0, 0.06%, 9, 0, 12, 282.99
1735335809, 11, 10, 72, 6, 0, 0.06%, 9, 0, 12, 271.68
1735335814, 11, 12, 72, 6, 0, 0.06%, 9, 0, 12, 266.65
1735335824, 11, 13, 72, 6, 0, 0.06%, 9, 0, 12, 266.34
1735335829, 11, 14, 72, 6, 0, 0.06%, 9, 0, 12, 254.50
1735335834, 11, 16, 72, 6, 0, 0.06%, 9, 0, 12, 270.80
1735335839, 11, 17, 72, 6, 0, 0.06%, 9, 0, 12, 262.36
1735335844, 11, 20, 72, 6, 0, 0.06%, 9, 0, 12, 247.86
1735335849, 11, 22, 72, 6, 0, 0.06%, 9, 0, 12, 259.57
1735335854, 11, 25, 72, 6, 0, 0.06%, 9, 0, 12, 254.81
1735335860, 11, 37, 72, 6, 0, 0.06%, 9, 0, 12, 321.10
1735335890, 11, 41, 72, 5, 0, 0.06%, 9, 0, 12, 277.41
1735335941, 11, 52, 72, 4, 0, 0.06%, 9, 0, 12, 272.00
1735335946, 11, 64, 72, 4, 0, 0.06%, 9, 0, 12, 268.90
1735335961, 12, 10, 72, 4, 0, 0.06%, 9, 0, 12, 258.57
1735335966, 12, 12, 72, 4, 0, 0.06%, 9, 0, 12, 261.07
1735335977, 12, 13, 72, 4, 0, 0.06%, 9, 0, 12, 253.18
1735335982, 12, 14, 72, 4, 0, 0.06%, 9, 0, 12, 263.98
1735335987, 12, 15, 72, 4, 0, 0.06%, 9, 0, 12, 295.36
1735336002, 12, 17, 72, 3, 0, 0.06%, 9, 0, 12, 260.44
1735336007, 12, 20, 72, 3, 0, 0.06%, 9, 0, 12, 272.00
1735336012, 12, 22, 72, 3, 0, 0.06%, 9, 0, 12, 271.33
1735336017, 12, 25, 72, 3, 0, 0.06%, 9, 0, 12, 265.58
1735336022, 12, 30, 72, 3, 0, 0.06%, 9, 0, 12, 265.88
1735336027, 12, 33, 72, 3, 0, 0.06%, 9, 0, 12, 267.10
1735336033, 12, 41, 72, 3, 0, 0.06%, 9, 0, 12, 291.01
1735336038, 12, 45, 72, 3, 0, 0.06%, 9, 0, 12, 280.77
1735336048, 13, 11, 72, 3, 0, 0.06%, 9, 0, 12, 269.64
1735336053, 13, 12, 72, 3, 0, 0.06%, 9, 0, 12, 257.70
1735336058, 13, 13, 72, 3, 0, 0.06%, 9, 0, 12, 253.97
1735336063, 13, 14, 72, 3, 0, 0.06%, 9, 0, 12, 264.02
1735336068, 13, 17, 72, 3, 0, 0.06%, 9, 0, 12, 271.91
1735336073, 13, 20, 72, 3, 0, 0.06%, 9, 0, 12, 256.38
1735336083, 13, 22, 72, 3, 0, 0.06%, 9, 0, 12, 255.70
1735336088, 13, 25, 72, 3, 0, 0.06%, 9, 0, 12, 276.54
1735336093, 13, 36, 72, 3, 0, 0.06%, 9, 0, 12, 322.16
1735336119, 13, 57, 72, 2, 0, 0.06%, 9, 0, 12, 312.71
1735336307, 13, 62, 72, 1, 0, 0.06%, 9, 0, 12, 318.16
1735336338, 14, 10, 72, 0, 0, 0.06%, 9, 0, 12, 266.79
1735336343, 14, 12, 72, 0, 0, 0.06%, 9, 0, 12, 265.07
1735336353, 14, 13, 72, 0, 0, 0.06%, 9, 0, 12, 265.28
1735336359, 14, 14, 72, 0, 0, 0.06%, 9, 0, 12, 274.54
1735336364, 14, 15, 72, 0, 0, 0.06%, 9, 0, 12, 281.27
1735336369, 14, 17, 72, 0, 0, 0.06%, 9, 0, 12, 262.20
1735336374, 14, 18, 72, 0, 0, 0.06%, 9, 0, 12, 282.50
1735336379, 14, 20, 72, 0, 0, 0.06%, 9, 0, 12, 265.13
1735336384, 14, 22, 72, 0, 0, 0.06%, 9, 0, 12, 269.21
1735336389, 14, 25, 72, 0, 0, 0.06%, 9, 0, 12, 276.32
1735336394, 14, 29, 72, 0, 0, 0.06%, 9, 0, 12, 270.20
1735336399, 14, 32, 72, 0, 0, 0.06%, 9, 0, 12, 271.65
1735336404, 14, 53, 72, 0, 0, 0.06%, 9, 0, 12, 297.24
1735336414, 15, 11, 72, 0, 0, 0.06%, 9, 0, 12, 266.20
1735336419, 15, 12, 72, 0, 0, 0.06%, 9, 0, 12, 262.19
1735336424, 15, 13, 72, 0, 0, 0.06%, 9, 0, 12, 270.87
1735336429, 15, 14, 72, 0, 0, 0.06%, 9, 0, 12, 257.37
1735336434, 15, 17, 72, 0, 0, 0.06%, 9, 0, 12, 257.87
1735336439, 15, 20, 72, 0, 0, 0.06%, 9, 0, 12, 265.10
1735336444, 15, 22, 72, 0, 0, 0.06%, 9, 0, 12, 262.93
1735336449, 15, 25, 72, 0, 0, 0.06%, 9, 0, 12, 270.09
1735336455, 15, 29, 72, 0, 0, 0.06%, 9, 0, 12, 273.18
1735336460, 15, 32, 72, 0, 0, 0.06%, 9, 0, 12, 282.39
1735336465, 15, 35, 72, 0, 0, 0.06%, 9, 0, 12, 270.09
1735336470, 15, 45, 72, 0, 0, 0.06%, 9, 0, 12, 286.07
1735336480, 15, 55, 72, 0, 0, 0.06%, 9, 0, 12, 287.46
1735336485, 16, 10, 72, 0, 0, 0.06%, 9, 0, 12, 276.91
1735336490, 16, 11, 72, 0, 0, 0.06%, 9, 0, 12, 255.04
1735336495, 16, 12, 72, 0, 0, 0.06%, 9, 0, 12, 268.14
1735336500, 16, 13, 72, 0, 0, 0.06%, 9, 0, 12, 267.16
1735336505, 16, 14, 72, 0, 0, 0.06%, 9, 0, 12, 250.02
1735336510, 16, 17, 72, 0, 0, 0.06%, 9, 0, 12, 260.22
1735336515, 16, 20, 72, 0, 0, 0.06%, 9, 0, 12, 256.02
1735336520, 16, 22, 72, 0, 0, 0.06%, 9, 0, 12, 272.30
1735336525, 16, 25, 72, 0, 0, 0.06%, 9, 0, 12, 267.54
1735336530, 16, 38, 72, 0, 0, 0.06%, 9, 0, 12, 273.32
1735336535, 16, 47, 72, 0, 0, 0.06%, 9, 0, 12, 286.11
1735336546, 16, 58, 72, 0, 0, 0.06%, 9, 0, 12, 319.15
1735336561, 17, 11, 72, 0, 0, 0.06%, 9, 0, 12, 245.24
1735336566, 17, 12, 72, 0, 0, 0.06%, 9, 0, 12, 256.84
1735336571, 17, 13, 72, 0, 0, 0.06%, 9, 0, 12, 249.97
1735336576, 17, 14, 72, 0, 0, 0.06%, 9, 0, 12, 260.41
1735336581, 17, 17, 72, 0, 0, 0.06%, 9, 0, 12, 258.19
1735336586, 17, 20, 72, 0, 0, 0.06%, 9, 0, 12, 255.06
1735336591, 17, 22, 72, 0, 0, 0.06%, 9, 0, 12, 262.70
1735336596, 17, 25, 72, 0, 0, 0.06%, 9, 0, 12, 275.15
1735336601, 17, 26, 72, 0, 0, 0.06%, 9, 0, 12, 263.58
1735336606, 17, 50, 72, 0, 0, 0.06%, 9, 0, 12, 290.16
1735336617, 18, 11, 72, 0, 0, 0.06%, 9, 0, 12, 265.28
1735336622, 18, 12, 72, 0, 0, 0.06%, 9, 0, 12, 255.17
1735336627, 18, 13, 72, 0, 0, 0.06%, 9, 0, 12, 251.15
1735336632, 18, 14, 72, 0, 0, 0.06%, 9, 0, 12, 256.71
1735336637, 18, 17, 72, 0, 0, 0.06%, 9, 0, 12, 264.40
1735336642, 18, 20, 72, 0, 0, 0.06%, 9, 0, 12, 255.68
1735336647, 18, 22, 72, 0, 0, 0.06%, 9, 0, 12, 255.37
1735336652, 18, 25, 72, 0, 0, 0.06%, 9, 0, 12, 271.20
1735336662, 18, 29, 72, 0, 0, 0.06%, 9, 0, 12, 266.98
1735336667, 18, 36, 72, 0, 0, 0.06%, 9, 0, 12, 271.48
1735336672, 18, 62, 72, 0, 0, 0.06%, 9, 0, 12, 260.85
1735336682, 19, 11, 72, 0, 0, 0.06%, 9, 0, 12, 257.14
1735336687, 19, 12, 72, 0, 0, 0.06%, 9, 0, 12, 256.38
1735336693, 19, 13, 72, 0, 0, 0.06%, 9, 0, 12, 271.42
1735336698, 19, 14, 72, 0, 0, 0.06%, 9, 0, 12, 260.32
1735336703, 19, 15, 72, 0, 0, 0.06%, 9, 0, 12, 274.82
1735336708, 19, 16, 72, 0, 0, 0.06%, 9, 0, 12, 271.23
1735336713, 19, 17, 72, 0, 0, 0.06%, 9, 0, 12, 272.24
1735336718, 19, 18, 72, 0, 0, 0.06%, 9, 0, 12, 271.41
1735336723, 19, 20, 72, 0, 0, 0.06%, 9, 0, 12, 261.21
1735336728, 19, 22, 72, 0, 0, 0.06%, 9, 0, 12, 258.23
1735336733, 19, 25, 72, 0, 0, 0.06%, 9, 0, 12, 255.13
1735336743, 19, 33, 72, 0, 0, 0.06%, 9, 0, 12, 278.90
1735336749, 19, 53, 72, 0, 0, 0.06%, 9, 0, 12, 290.94
1735336754, 20, 10, 72, 0, 0, 0.06%, 9, 0, 12, 265.30
1735336759, 20, 12, 72, 0, 0, 0.06%, 9, 0, 12, 250.96
1735336764, 20, 13, 72, 0, 0, 0.06%, 9, 0, 12, 272.35
1735336769, 20, 14, 72, 0, 0, 0.06%, 9, 0, 12, 269.28
1735336779, 20, 17, 72, 0, 0, 0.06%, 9, 0, 12, 266.21
1735336784, 20, 20, 72, 0, 0, 0.06%, 9, 0, 12, 269.80
1735336789, 20, 22, 72, 0, 0, 0.06%, 9, 0, 12, 274.25
1735336794, 20, 25, 72, 0, 0, 0.06%, 9, 0, 12, 273.13
1735336799, 20, 28, 72, 0, 0, 0.06%, 9, 0, 12, 253.67
1735336804, 20, 36, 72, 0, 0, 0.06%, 9, 0, 12, 267.16
1735336809, 20, 53, 72, 0, 0, 0.06%, 9, 0, 12, 294.54
1735336815, 20, 59, 72, 0, 0, 0.06%, 9, 0, 12, 282.84
1735336830, 21, 7, 72, 0, 0, 0.06%, 9, 0, 12, 279.69
1735336835, 21, 11, 72, 0, 0, 0.06%, 9, 0, 12, 264.47
1735336840, 21, 12, 72, 0, 0, 0.06%, 9, 0, 12, 244.57
1735336845, 21, 13, 72, 0, 0, 0.06%, 9, 0, 12, 246.67
1735336850, 21, 14, 72, 0, 0, 0.06%, 9, 0, 12, 249.57
1735336855, 21, 17, 72, 0, 0, 0.06%, 9, 0, 12, 263.22
1735336860, 21, 20, 72, 0, 0, 0.06%, 9, 0, 12, 251.92
1735336866, 21, 22, 72, 0, 0, 0.06%, 9, 0, 12, 268.24
1735336876, 21, 25, 72, 0, 0, 0.06%, 9, 0, 12, 269.90
1735336881, 21, 33, 72, 0, 0, 0.06%, 9, 0, 12, 259.69
1735336886, 21, 55, 72, 0, 0, 0.06%, 9, 0, 12, 286.84
1735336891, 21, 70, 72, 0, 0, 0.06%, 9, 0, 12, 277.83
1735336906, 22, 10, 72, 0, 0, 0.06%, 9, 0, 12, 261.87
1735336911, 22, 12, 72, 0, 0, 0.06%, 9, 0, 12, 264.29
1735336916, 22, 13, 72, 0, 0, 0.06%, 9, 0, 12, 267.41
1735336926, 22, 14, 72, 0, 0, 0.06%, 9, 0, 12, 269.58
1735336932, 22, 17, 72, 0, 0, 0.06%, 9, 0, 12, 265.72
1735336937, 22, 18, 72, 0, 0, 0.06%, 9, 0, 12, 281.24
1735336942, 22, 20, 72, 0, 0, 0.06%, 9, 0, 12, 274.30
1735336947, 22, 22, 72, 0, 0, 0.06%, 9, 0, 12, 265.86
1735336952, 22, 25, 72, 0, 0, 0.06%, 9, 0, 12, 272.04
1735336957, 22, 28, 72, 0, 0, 0.06%, 9, 0, 12, 269.37
1735336962, 23, 10, 72, 0, 0, 0.06%, 9, 0, 12, 278.04
1735336967, 23, 12, 72, 0, 0, 0.06%, 9, 0, 12, 258.03
1735336972, 23, 13, 72, 0, 0, 0.06%, 9, 0, 12, 255.12
1735336977, 23, 14, 72, 0, 0, 0.06%, 9, 0, 12, 256.69
1735336982, 23, 17, 72, 0, 0, 0.06%, 9, 0, 12, 270.86
1735336987, 23, 20, 72, 0, 0, 0.06%, 9, 0, 12, 259.29
1735336997, 23, 22, 72, 0, 0, 0.06%, 9, 0, 12, 279.36
1735337002, 23, 25, 72, 0, 0, 0.06%, 9, 0, 12, 269.76
1735337007, 23, 28, 72, 0, 0, 0.06%, 9, 0, 12, 262.43
1735337012, 23, 42, 72, 0, 0, 0.06%, 9, 0, 12, 271.13
1735337018, 23, 65, 72, 0, 0, 0.06%, 9, 0, 12, 292.38
1735337033, 24, 10, 72, 0, 0, 0.06%, 9, 0, 12, 262.21
1735337038, 24, 11, 72, 0, 0, 0.06%, 9, 0, 12, 263.06
1735337043, 24, 12, 72, 0, 0, 0.06%, 9, 0, 12, 272.31
1735337048, 24, 13, 72, 0, 0, 0.06%, 9, 0, 12, 274.82
1735337053, 24, 14, 72, 0, 0, 0.06%, 9, 0, 12, 265.69
1735337058, 24, 17, 72, 0, 0, 0.06%, 9, 0, 12, 261.51
1735337063, 24, 20, 72, 0, 0, 0.06%, 9, 0, 12, 263.33
1735337068, 24, 22, 72, 0, 0, 0.06%, 9, 0, 12, 269.95
1735337073, 24, 25, 72, 0, 0, 0.06%, 9, 0, 12, 274.20
1735337079, 24, 52, 72, 0, 0, 0.06%, 9, 0, 12, 282.36
1735337084, 24, 54, 72, 0, 0, 0.06%, 9, 0, 12, 285.93
1735337094, 25, 11, 72, 0, 0, 0.06%, 9, 0, 12, 278.47
1735337099, 25, 12, 72, 0, 0, 0.06%, 9, 0, 12, 252.07
1735337104, 25, 13, 72, 0, 0, 0.06%, 9, 0, 12, 255.78
1735337109, 25, 14, 72, 0, 0, 0.06%, 9, 0, 12, 249.93
1735337114, 25, 17, 72, 0, 0, 0.06%, 9, 0, 12, 265.21
1735337119, 25, 20, 72, 0, 0, 0.06%, 9, 0, 12, 259.31
1735337124, 25, 22, 72, 0, 0, 0.06%, 9, 0, 12, 259.56
1735337130, 25, 25, 72, 0, 0, 0.06%, 9, 0, 12, 270.07
1735337135, 26, 10, 72, 0, 0, 0.06%, 9, 0, 12, 261.39
1735337140, 26, 12, 72, 0, 0, 0.06%, 9, 0, 12, 272.04
1735337150, 26, 13, 72, 0, 0, 0.06%, 9, 0, 12, 272.53
1735337155, 26, 14, 72, 0, 0, 0.06%, 9, 0, 12, 262.74
1735337160, 26, 17, 72, 0, 0, 0.06%, 9, 0, 12, 273.88
1735337165, 26, 19, 72, 0, 0, 0.06%, 9, 0, 12, 261.57
1735337170, 26, 20, 72, 0, 0, 0.06%, 9, 0, 12, 252.37
1735337175, 26, 22, 72, 0, 0, 0.06%, 9, 0, 12, 263.51
1735337180, 26, 23, 72, 0, 0, 0.06%, 9, 0, 12, 267.15
1735337185, 26, 25, 72, 0, 0, 0.06%, 9, 0, 12, 264.29
1735337190, 26, 46, 72, 0, 0, 0.06%, 9, 0, 12, 287.07
1735337200, 27, 10, 72, 0, 0, 0.06%, 9, 0, 12, 253.80
1735337206, 27, 12, 72, 0, 0, 0.06%, 9, 0, 12, 253.18
1735337211, 27, 13, 72, 0, 0, 0.06%, 9, 0, 12, 268.00
1735337216, 27, 14, 72, 0, 0, 0.06%, 9, 0, 12, 272.77
1735337221, 27, 17, 72, 0, 0, 0.06%, 9, 0, 12, 272.71
1735337226, 27, 20, 72, 0, 0, 0.06%, 9, 0, 12, 279.27
1735337236, 27, 22, 72, 0, 0, 0.06%, 9, 0, 12, 265.23
1735337241, 27, 25, 72, 0, 0, 0.06%, 9, 0, 12, 259.50
1735337246, 27, 30, 72, 0, 0, 0.06%, 9, 0, 12, 260.20
1735337251, 27, 56, 72, 0, 0, 0.06%, 9, 0, 12, 272.59
1735337256, 28, 10, 72, 0, 0, 0.06%, 9, 0, 12, 258.42
1735337261, 28, 12, 72, 0, 0, 0.06%, 9, 0, 12, 262.96
1735337271, 28, 13, 72, 0, 0, 0.06%, 9, 0, 12, 270.70
1735337277, 28, 14, 72, 0, 0, 0.06%, 9, 0, 12, 279.10
1735337282, 28, 17, 72, 0, 0, 0.06%, 9, 0, 12, 268.87
1735337287, 28, 20, 72, 0, 0, 0.06%, 9, 0, 12, 263.85
1735337292, 28, 22, 72, 0, 0, 0.06%, 9, 0, 12, 276.66
1735337297, 28, 25, 72, 0, 0, 0.06%, 9, 0, 12, 272.90
1735337302, 28, 29, 72, 0, 0, 0.06%, 9, 0, 12, 272.36
1735337307, 29, 10, 72, 0, 0, 0.06%, 9, 0, 12, 262.19
1735337312, 29, 12, 72, 0, 0, 0.06%, 9, 0, 12, 253.06
1735337317, 29, 13, 72, 0, 0, 0.06%, 9, 0, 12, 262.24
1735337322, 29, 14, 72, 0, 0, 0.06%, 9, 0, 12, 265.49
1735337327, 29, 16, 72, 0, 0, 0.06%, 9, 0, 12, 269.45
1735337332, 29, 17, 72, 0, 0, 0.06%, 9, 0, 12, 281.36
1735337337, 29, 20, 72, 0, 0, 0.06%, 9, 0, 12, 255.20
1735337348, 29, 22, 72, 0, 0, 0.06%, 9, 0, 12, 276.15
1735337353, 29, 24, 72, 0, 0, 0.06%, 9, 0, 12, 268.82
1735337358, 29, 25, 72, 0, 0, 0.06%, 9, 0, 12, 262.29
1735337363, 29, 26, 72, 0, 0, 0.06%, 9, 0, 12, 261.48
1735337368, 29, 44, 72, 0, 0, 0.06%, 9, 0, 12, 269.74
1735337373, 29, 52, 72, 0, 0, 0.06%, 9, 0, 12, 283.34
1735337378, 30, 10, 72, 0, 0, 0.06%, 9, 0, 12, 256.31
1735337383, 30, 11, 72, 0, 0, 0.06%, 9, 0, 12, 260.05
1735337388, 30, 12, 72, 0, 0, 0.06%, 9, 0, 12, 249.72
1735337393, 30, 13, 72, 0, 0, 0.06%, 9, 0, 12, 272.09
1735337398, 30, 14, 72, 0, 0, 0.06%, 9, 0, 12, 267.44
1735337403, 30, 17, 72, 0, 0, 0.06%, 9, 0, 12, 263.46
1735337408, 30, 20, 72, 0, 0, 0.06%, 9, 0, 12, 263.13
1735337413, 30, 22, 72, 0, 0, 0.06%, 9, 0, 12, 262.74
1735337419, 30, 25, 72, 0, 0, 0.06%, 9, 0, 12, 282.40
1735337424, 30, 26, 72, 0, 0, 0.06%, 9, 0, 12, 275.01
1735337429, 30, 68, 72, 0, 0, 0.06%, 9, 0, 12, 265.25
1735337444, 31, 10, 72, 0, 0, 0.06%, 9, 0, 12, 261.83
1735337449, 31, 12, 72, 0, 0, 0.06%, 9, 0, 12, 254.81
1735337454, 31, 13, 72, 0, 0, 0.06%, 9, 0, 12, 258.90
1735337459, 31, 14, 72, 0, 0, 0.06%, 9, 0, 12, 248.95
1735337464, 31, 17, 72, 0, 0, 0.06%, 9, 0, 12, 262.52
1735337469, 31, 20, 72, 0, 0, 0.06%, 9, 0, 12, 255.49
1735337480, 31, 22, 72, 0, 0, 0.06%, 9, 0, 12, 255.22
1735337485, 31, 25, 72, 0, 0, 0.06%, 9, 0, 12, 268.40
1735337490, 31, 53, 72, 0, 0, 0.06%, 9, 0, 12, 297.25
1735337495, 32, 8, 72, 0, 0, 0.06%, 9, 0, 12, 269.26
1735337500, 32, 11, 72, 0, 0, 0.06%, 9, 0, 12, 265.80
1735337505, 32, 12, 72, 0, 0, 0.06%, 9, 0, 12, 262.13
1735337510, 32, 13, 72, 0, 0, 0.06%, 9, 0, 12, 259.88
1735337515, 32, 14, 72, 0, 0, 0.06%, 9, 0, 12, 251.65
1735337520, 32, 17, 72, 0, 0, 0.06%, 9, 0, 12, 266.13
1735337525, 32, 20, 72, 0, 0, 0.06%, 9, 0, 12, 255.24
1735337530, 32, 22, 72, 0, 0, 0.06%, 9, 0, 12, 248.12
1735337535, 32, 25, 72, 0, 0, 0.06%, 9, 0, 12, 265.64
1735337540, 32, 42, 72, 0, 0, 0.06%, 9, 0, 12, 265.57
1735337550, 32, 62, 72, 0, 0, 0.06%, 9, 0, 12, 271.46
1735337561, 32, 71, 72, 0, 0, 0.06%, 9, 0, 12, 300.78
1735337571, 33, 10, 72, 0, 0, 0.06%, 9, 0, 12, 268.93
1735337576, 33, 12, 72, 0, 0, 0.06%, 9, 0, 12, 250.45
1735337581, 33, 13, 72, 0, 0, 0.06%, 9, 0, 12, 255.08
1735337586, 33, 14, 72, 0, 0, 0.06%, 9, 0, 12, 248.90
1735337591, 33, 17, 72, 0, 0, 0.06%, 9, 0, 12, 272.41
1735337596, 33, 20, 72, 0, 0, 0.06%, 9, 0, 12, 252.48
1735337602, 33, 22, 72, 0, 0, 0.06%, 9, 0, 12, 274.84
1735337607, 33, 25, 72, 0, 0, 0.06%, 9, 0, 12, 273.62
1735337612, 34, 10, 72, 0, 0, 0.06%, 9, 0, 12, 274.28
1735337617, 34, 12, 72, 0, 0, 0.06%, 9, 0, 12, 266.63
1735337622, 34, 13, 72, 0, 0, 0.06%, 9, 0, 12, 265.16
1735337632, 34, 14, 72, 0, 0, 0.06%, 9, 0, 12, 290.22
1735337637, 34, 17, 72, 0, 0, 0.06%, 9, 0, 12, 279.80
1735337642, 34, 20, 72, 0, 0, 0.06%, 9, 0, 12, 257.37
1735337647, 34, 22, 72, 0, 0, 0.06%, 9, 0, 12, 271.02
1735337652, 34, 25, 72, 0, 0, 0.06%, 9, 0, 12, 266.44
1735337657, 34, 27, 72, 0, 0, 0.06%, 9, 0, 12, 263.05
1735337662, 34, 53, 72, 0, 0, 0.06%, 9, 0, 12, 307.54
1735337667, 35, 10, 72, 0, 0, 0.06%, 9, 0, 12, 286.19
1735337672, 35, 11, 72, 0, 0, 0.06%, 9, 0, 12, 271.19
1735337677, 35, 12, 72, 0, 0, 0.06%, 9, 0, 12, 272.26
1735337683, 35, 13, 72, 0, 0, 0.06%, 9, 0, 12, 282.06
1735337688, 35, 14, 72, 0, 0, 0.06%, 9, 0, 12, 263.41
1735337693, 35, 17, 72, 0, 0, 0.06%, 9, 0, 12, 264.30
1735337698, 35, 20, 72, 0, 0, 0.06%, 9, 0, 12, 258.85
1735337703, 35, 22, 72, 0, 0, 0.06%, 9, 0, 12, 262.89
1735337708, 35, 25, 72, 0, 0, 0.06%, 9, 0, 12, 263.64
1735337713, 35, 49, 72, 0, 0, 0.06%, 9, 0, 12, 288.83
1735337723, 35, 54, 72, 0, 0, 0.06%, 9, 0, 12, 293.20
1735337728, 35, 69, 72, 0, 0, 0.06%, 9, 0, 12, 297.80
1735337743, 36, 10, 72, 0, 0, 0.06%, 9, 0, 12, 265.48
1735337748, 36, 12, 72, 0, 0, 0.06%, 9, 0, 12, 264.43
1735337758, 36, 13, 72, 0, 0, 0.06%, 9, 0, 12, 262.18
1735337763, 36, 14, 72, 0, 0, 0.06%, 9, 0, 12, 260.21
1735337769, 36, 15, 72, 0, 0, 0.06%, 9, 0, 12, 253.97
1735337774, 36, 17, 72, 0, 0, 0.06%, 9, 0, 12, 263.15
1735337779, 36, 20, 72, 0, 0, 0.06%, 9, 0, 12, 260.24
1735337784, 36, 22, 72, 0, 0, 0.06%, 9, 0, 12, 254.88
1735337789, 36, 25, 72, 0, 0, 0.06%, 9, 0, 12, 262.46
1735337794, 37, 10, 72, 0, 0, 0.06%, 9, 0, 12, 262.38
1735337799, 37, 11, 72, 0, 0, 0.06%, 9, 0, 12, 264.72
1735337804, 37, 12, 72, 0, 0, 0.06%, 9, 0, 12, 262.21
1735337809, 37, 13, 72, 0, 0, 0.06%, 9, 0, 12, 266.14
1735337814, 37, 14, 72, 0, 0, 0.06%, 9, 0, 12, 257.69
1735337819, 37, 17, 72, 0, 0, 0.06%, 9, 0, 12, 264.95
1735337824, 37, 20, 72, 0, 0, 0.06%, 9, 0, 12, 263.47
1735337829, 37, 22, 72, 0, 0, 0.06%, 9, 0, 12, 271.57
1735337834, 37, 25, 72, 0, 0, 0.06%, 9, 0, 12, 279.09
1735337839, 37, 38, 72, 0, 0, 0.06%, 9, 0, 12, 280.48
1735337844, 37, 42, 72, 0, 0, 0.06%, 9, 0, 12, 265.11
1735337854, 37, 56, 72, 0, 0, 0.06%, 9, 0, 12, 292.78
1735337860, 37, 62, 72, 0, 0, 0.06%, 9, 0, 12, 268.06
1735337865, 38, 10, 72, 0, 0, 0.06%, 9, 0, 12, 256.71
1735337870, 38, 12, 72, 0, 0, 0.06%, 9, 0, 12, 258.11
1735337880, 38, 13, 72, 0, 0, 0.06%, 9, 0, 12, 256.88
1735337885, 38, 14, 72, 0, 0, 0.06%, 9, 0, 12, 257.36
1735337890, 38, 17, 72, 0, 0, 0.06%, 9, 0, 12, 273.48
1735337895, 38, 18, 72, 0, 0, 0.06%, 9, 0, 12, 281.43
1735337900, 38, 20, 72, 0, 0, 0.06%, 9, 0, 12, 266.75
1735337905, 38, 22, 72, 0, 0, 0.06%, 9, 0, 12, 267.83
1735337910, 38, 25, 72, 0, 0, 0.06%, 9, 0, 12, 264.71
1735337916, 39, 2, 72, 0, 0, 0.06%, 9, 0, 12, 270.40
1735337921, 39, 11, 72, 0, 0, 0.06%, 9, 0, 12, 259.43
1735337926, 39, 12, 72, 0, 0, 0.06%, 9, 0, 12, 268.28
1735337931, 39, 13, 72, 0, 0, 0.06%, 9, 0, 12, 277.57
1735337936, 39, 14, 72, 0, 0, 0.06%, 9, 0, 12, 261.07
1735337941, 39, 17, 72, 0, 0, 0.06%, 9, 0, 12, 266.09
1735337946, 39, 20, 72, 0, 0, 0.06%, 9, 0, 12, 264.93
1735337951, 39, 22, 72, 0, 0, 0.06%, 9, 0, 12, 269.29
1735337956, 39, 25, 72, 0, 0, 0.06%, 9, 0, 12, 256.73
1735337961, 39, 69, 72, 0, 0, 0.06%, 9, 0, 12, 263.72
1735337971, 40, 10, 72, 0, 0, 0.06%, 9, 0, 12, 265.18
1735337976, 40, 12, 72, 0, 0, 0.06%, 9, 0, 12, 256.98
1735337981, 40, 13, 72, 0, 0, 0.06%, 9, 0, 12, 249.72
1735337986, 40, 14, 72, 0, 0, 0.06%, 9, 0, 12, 259.51
1735337991, 40, 17, 72, 0, 0, 0.06%, 9, 0, 12, 260.68
1735337996, 40, 20, 72, 0, 0, 0.06%, 9, 0, 12, 267.54
1735338006, 40, 22, 72, 0, 0, 0.06%, 9, 0, 12, 269.69
1735338011, 40, 25, 72, 0, 0, 0.06%, 9, 0, 12, 261.79
1735338016, 40, 28, 72, 0, 0, 0.06%, 9, 0, 12, 257.92
1735338022, 40, 40, 72, 0, 0, 0.06%, 9, 0, 12, 263.49
1735338027, 40, 42, 72, 0, 0, 0.06%, 9, 0, 12, 271.51
1735338037, 40, 46, 72, 0, 0, 0.06%, 9, 0, 12, 282.11
1735338042, 40, 67, 72, 0, 0, 0.06%, 9, 0, 12, 283.02
1735338057, 41, 10, 72, 0, 0, 0.06%, 9, 0, 12, 268.19
1735338062, 41, 12, 72, 0, 0, 0.06%, 9, 0, 12, 256.06
1735338067, 41, 13, 72, 0, 0, 0.06%, 9, 0, 12, 263.32
1735338072, 41, 14, 72, 0, 0, 0.06%, 9, 0, 12, 275.59
1735338077, 41, 17, 72, 0, 0, 0.06%, 9, 0, 12, 270.52
1735338088, 41, 20, 72, 0, 0, 0.06%, 9, 0, 12, 267.57
1735338093, 41, 22, 72, 0, 0, 0.06%, 9, 0, 12, 265.61
1735338098, 41, 25, 72, 0, 0, 0.06%, 9, 0, 12, 267.81
1735338103, 41, 59, 72, 0, 0, 0.06%, 9, 0, 12, 287.26
1735338108, 41, 65, 72, 0, 0, 0.06%, 9, 0, 12, 293.70
1735338123, 42, 10, 72, 0, 0, 0.06%, 9, 0, 12, 262.56
1735338128, 42, 12, 72, 0, 0, 0.06%, 9, 0, 12, 265.72
1735338138, 42, 13, 72, 0, 0, 0.06%, 9, 0, 12, 269.94
1735338143, 42, 14, 72, 0, 0, 0.06%, 9, 0, 12, 268.62
1735338148, 42, 17, 72, 0, 0, 0.06%, 9, 0, 12, 270.91
1735338154, 42, 20, 72, 0, 0, 0.06%, 9, 0, 12, 254.02
1735338159, 42, 22, 72, 0, 0, 0.06%, 9, 0, 12, 269.55
1735338164, 42, 25, 72, 0, 0, 0.06%, 9, 0, 12, 273.68
1735338169, 42, 37, 72, 0, 0, 0.06%, 9, 0, 12, 275.62
1735338174, 43, 10, 72, 0, 0, 0.06%, 9, 0, 12, 279.19
1735338179, 43, 12, 72, 0, 0, 0.06%, 9, 0, 12, 256.91
1735338184, 43, 13, 72, 0, 0, 0.06%, 9, 0, 12, 259.66
1735338189, 43, 14, 72, 0, 0, 0.06%, 9, 0, 12, 257.11
1735338194, 43, 17, 72, 0, 0, 0.06%, 9, 0, 12, 274.87
1735338199, 43, 19, 72, 0, 0, 0.06%, 9, 0, 12, 267.43
1735338209, 43, 20, 72, 0, 0, 0.06%, 9, 0, 12, 268.23
1735338214, 43, 22, 72, 0, 0, 0.06%, 9, 0, 12, 275.49
1735338219, 43, 24, 72, 0, 0, 0.06%, 9, 0, 12, 256.98
1735338224, 43, 25, 72, 0, 0, 0.06%, 9, 0, 12, 271.84
1735338229, 43, 39, 72, 0, 0, 0.06%, 9, 0, 12, 277.74
1735338234, 43, 60, 72, 0, 0, 0.06%, 9, 0, 12, 278.17
1735338249, 43, 62, 72, 0, 0, 0.06%, 9, 0, 12, 258.43
1735338254, 44, 10, 72, 0, 0, 0.06%, 9, 0, 12, 259.54
1735338259, 44, 11, 72, 0, 0, 0.06%, 9, 0, 12, 262.72
1735338264, 44, 12, 72, 0, 0, 0.06%, 9, 0, 12, 279.08
1735338269, 44, 13, 72, 0, 0, 0.06%, 9, 0, 12, 266.92
1735338275, 44, 14, 72, 0, 0, 0.06%, 9, 0, 12, 269.28
1735338280, 44, 17, 72, 0, 0, 0.06%, 9, 0, 12, 266.74
1735338285, 44, 20, 72, 0, 0, 0.06%, 9, 0, 12, 265.34
1735338290, 44, 22, 72, 0, 0, 0.06%, 9, 0, 12, 270.40
1735338295, 44, 24, 72, 0, 0, 0.06%, 9, 0, 12, 254.60
1735338300, 44, 25, 72, 0, 0, 0.06%, 9, 0, 12, 262.44
1735338305, 44, 30, 72, 0, 0, 0.06%, 9, 0, 12, 261.94
1735338310, 44, 59, 72, 0, 0, 0.06%, 9, 0, 12, 289.12
1735338320, 45, 10, 72, 0, 0, 0.06%, 9, 0, 12, 265.21
1735338325, 45, 12, 72, 0, 0, 0.06%, 9, 0, 12, 256.94
1735338330, 45, 13, 72, 0, 0, 0.06%, 9, 0, 12, 252.74
1735338335, 45, 14, 72, 0, 0, 0.06%, 9, 0, 12, 263.19
1735338341, 45, 17, 72, 0, 0, 0.06%, 9, 0, 12, 274.75
1735338346, 45, 20, 72, 0, 0, 0.06%, 9, 0, 12, 252.04
1735338356, 45, 22, 72, 0, 0, 0.06%, 9, 0, 12, 266.81
1735338361, 45, 25, 72, 0, 0, 0.06%, 9, 0, 12, 263.81
1735338366, 45, 31, 72, 0, 0, 0.06%, 9, 0, 12, 277.66
1735338371, 45, 48, 72, 0, 0, 0.06%, 9, 0, 12, 276.29
1735338376, 45, 61, 72, 0, 0, 0.06%, 9, 0, 12, 295.51
1735338391, 45, 69, 72, 0, 0, 0.06%, 9, 0, 12, 287.10
1735338402, 46, 11, 72, 0, 0, 0.06%, 9, 0, 12, 256.05
1735338407, 46, 12, 72, 0, 0, 0.06%, 9, 0, 12, 270.73
1735338412, 46, 13, 72, 0, 0, 0.06%, 9, 0, 12, 265.18
1735338417, 46, 14, 72, 0, 0, 0.06%, 9, 0, 12, 254.70
1735338422, 46, 17, 72, 0, 0, 0.06%, 9, 0, 12, 276.71
1735338427, 46, 19, 72, 0, 0, 0.06%, 9, 0, 12, 269.82
1735338432, 46, 20, 72, 0, 0, 0.06%, 9, 0, 12, 268.14
1735338437, 46, 22, 72, 0, 0, 0.06%, 9, 0, 12, 266.62
1735338442, 46, 25, 72, 0, 0, 0.06%, 9, 0, 12, 265.78
1735338452, 46, 30, 72, 0, 0, 0.06%, 9, 0, 12, 273.35
1735338457, 46, 38, 72, 0, 0, 0.06%, 9, 0, 12, 270.40
1735338462, 47, 11, 72, 0, 0, 0.06%, 9, 0, 12, 268.71
1735338468, 47, 12, 72, 0, 0, 0.06%, 9, 0, 12, 255.77
1735338473, 47, 13, 72, 0, 0, 0.06%, 9, 0, 12, 256.10
1735338478, 47, 14, 72, 0, 0, 0.06%, 9, 0, 12, 267.53
1735338483, 47, 17, 72, 0, 0, 0.06%, 9, 0, 12, 278.38
1735338488, 47, 20, 72, 0, 0, 0.06%, 9, 0, 12, 263.04
1735338493, 47, 22, 72, 0, 0, 0.06%, 9, 0, 12, 267.32
1735338498, 47, 25, 72, 0, 0, 0.06%, 9, 0, 12, 269.22
1735338503, 47, 30, 72, 0, 0, 0.06%, 9, 0, 12, 276.16
1735338508, 47, 32, 72, 0, 0, 0.06%, 9, 0, 12, 288.77
1735338513, 48, 8, 72, 0, 0, 0.06%, 9, 0, 12, 269.16
1735338518, 48, 11, 72, 0, 0, 0.06%, 9, 0, 12, 250.71
1735338523, 48, 12, 72, 0, 0, 0.06%, 9, 0, 12, 262.38
1735338528, 48, 13, 72, 0, 0, 0.06%, 9, 0, 12, 256.71
1735338533, 48, 14, 72, 0, 0, 0.06%, 9, 0, 12, 255.12
1735338538, 48, 17, 72, 0, 0, 0.06%, 9, 0, 12, 269.59
1735338543, 48, 20, 72, 0, 0, 0.06%, 9, 0, 12, 254.03
1735338549, 48, 22, 72, 0, 0, 0.06%, 9, 0, 12, 260.25
1735338554, 48, 25, 72, 0, 0, 0.06%, 9, 0, 12, 252.40
1735338559, 48, 34, 72, 0, 0, 0.06%, 9, 0, 12, 274.82
1735338564, 48, 43, 72, 0, 0, 0.06%, 9, 0, 12, 275.70
1735338574, 49, 10, 72, 0, 0, 0.06%, 9, 0, 12, 256.91
1735338579, 49, 12, 72, 0, 0, 0.06%, 9, 0, 12, 248.76
1735338584, 49, 13, 72, 0, 0, 0.06%, 9, 0, 12, 262.95
1735338589, 49, 14, 72, 0, 0, 0.06%, 9, 0, 12, 250.57
1735338594, 49, 17, 72, 0, 0, 0.06%, 9, 0, 12, 269.65
1735338599, 49, 20, 72, 0, 0, 0.06%, 9, 0, 12, 259.04
1735338604, 49, 22, 72, 0, 0, 0.06%, 9, 0, 12, 282.77
1735338614, 49, 25, 72, 0, 0, 0.06%, 9, 0, 12, 257.86
1735338619, 49, 36, 72, 0, 0, 0.06%, 9, 0, 12, 255.47
1735338624, 49, 38, 72, 0, 0, 0.06%, 9, 0, 12, 284.13
1735338630, 49, 45, 72, 0, 0, 0.06%, 9, 0, 12, 279.65
1735338635, 49, 55, 72, 0, 0, 0.06%, 9, 0, 12, 285.52
1735338645, 49, 61, 72, 0, 0, 0.06%, 9, 0, 12, 305.56
1735338650, 49, 69, 72, 0, 0, 0.06%, 9, 0, 12, 283.55
1735338660, 50, 11, 72, 0, 0, 0.06%, 9, 0, 12, 258.75
1735338665, 50, 12, 72, 0, 0, 0.06%, 9, 0, 12, 260.58
1735338670, 50, 13, 72, 0, 0, 0.06%, 9, 0, 12, 263.75
1735338675, 50, 14, 72, 0, 0, 0.06%, 9, 0, 12, 247.26
1735338680, 50, 17, 72, 0, 0, 0.06%, 9, 0, 12, 269.90
1735338685, 50, 19, 72, 0, 0, 0.06%, 9, 0, 12, 258.24
1735338690, 50, 20, 72, 0, 0, 0.06%, 9, 0, 12, 269.98
1735338695, 50, 22, 72, 0, 0, 0.06%, 9, 0, 12, 272.19
1735338706, 50, 25, 72, 0, 0, 0.06%, 9, 0, 12, 284.63
1735338711, 50, 29, 72, 0, 0, 0.06%, 9, 0, 12, 272.21
1735338716, 50, 32, 72, 0, 0, 0.06%, 9, 0, 12, 273.90
1735338726, 50, 48, 72, 0, 0, 0.06%, 9, 0, 12, 281.89
1735338731, 50, 57, 72, 0, 0, 0.06%, 9, 0, 12, 301.11
1735338746, 50, 58, 72, 0, 0, 0.06%, 9, 0, 12, 306.16
1735338757, 51, 11, 72, 0, 0, 0.06%, 9, 0, 12, 263.47
1735338762, 51, 12, 72, 0, 0, 0.06%, 9, 0, 12, 260.78
1735338767, 51, 13, 72, 0, 0, 0.06%, 9, 0, 12, 258.78
1735338772, 51, 14, 72, 0, 0, 0.06%, 9, 0, 12, 265.94
1735338777, 51, 17, 72, 0, 0, 0.06%, 9, 0, 12, 256.90
1735338782, 51, 20, 72, 0, 0, 0.06%, 9, 0, 12, 258.27
1735338787, 51, 22, 72, 0, 0, 0.06%, 9, 0, 12, 255.90
1735338792, 51, 25, 72, 0, 0, 0.06%, 9, 0, 12, 262.95
1735338797, 51, 32, 72, 0, 0, 0.06%, 9, 0, 12, 273.16
1735338802, 51, 43, 72, 0, 0, 0.06%, 9, 0, 12, 275.39
1735338812, 51, 51, 72, 0, 0, 0.06%, 9, 0, 12, 282.00
1735338822, 51, 60, 72, 0, 0, 0.06%, 9, 0, 12, 261.06
1735338827, 51, 62, 72, 0, 0, 0.06%, 9, 0, 12, 262.91
1735338833, 51, 67, 72, 0, 0, 0.06%, 9, 0, 12, 273.38
1735338848, 52, 10, 72, 0, 0, 0.06%, 9, 0, 12, 272.27
1735338853, 52, 12, 72, 0, 0, 0.06%, 9, 0, 12, 256.75
1735338858, 52, 13, 72, 0, 0, 0.06%, 9, 0, 12, 269.76
1735338863, 52, 14, 72, 0, 0, 0.06%, 9, 0, 12, 266.89
1735338868, 52, 17, 72, 0, 0, 0.06%, 9, 0, 12, 266.81
1735338873, 52, 20, 72, 0, 0, 0.06%, 9, 0, 12, 268.52
1735338883, 52, 22, 72, 0, 0, 0.06%, 9, 0, 12, 259.66
1735338888, 52, 25, 72, 0, 0, 0.06%, 9, 0, 12, 276.48
1735338893, 52, 47, 72, 0, 0, 0.06%, 9, 0, 12, 272.85
1735338898, 52, 57, 72, 0, 0, 0.06%, 9, 0, 12, 274.27
1735338909, 53, 11, 72, 0, 0, 0.06%, 9, 0, 12, 271.53
1735338914, 53, 12, 72, 0, 0, 0.06%, 9, 0, 12, 259.42
1735338919, 53, 13, 72, 0, 0, 0.06%, 9, 0, 12, 258.78
1735338924, 53, 14, 72, 0, 0, 0.06%, 9, 0, 12, 259.19
1735338929, 53, 15, 72, 0, 0, 0.06%, 9, 0, 12, 259.03
1735338934, 53, 17, 72, 0, 0, 0.06%, 9, 0, 12, 254.62
1735338939, 53, 20, 72, 0, 0, 0.06%, 9, 0, 12, 263.63
1735338949, 53, 22, 72, 0, 0, 0.06%, 9, 0, 12, 262.37
1735338954, 53, 25, 72, 0, 0, 0.06%, 9, 0, 12, 251.36
1735338959, 53, 45, 72, 0, 0, 0.06%, 9, 0, 12, 293.68
1735338964, 53, 48, 72, 0, 0, 0.06%, 9, 0, 12, 284.33
1735338974, 53, 68, 72, 0, 0, 0.06%, 9, 0, 12, 280.44
1735338979, 54, 4, 72, 0, 0, 0.06%, 9, 0, 12, 270.06
1735338985, 54, 11, 72, 0, 0, 0.06%, 9, 0, 12, 263.78
1735338990, 54, 12, 72, 0, 0, 0.06%, 9, 0, 12, 253.84
1735338995, 54, 13, 72, 0, 0, 0.06%, 9, 0, 12, 275.75
1735339000, 54, 14, 72, 0, 0, 0.06%, 9, 0, 12, 271.36
1735339005, 54, 16, 72, 0, 0, 0.06%, 9, 0, 12, 277.27
1735339010, 54, 17, 72, 0, 0, 0.06%, 9, 0, 12, 266.64
1735339015, 54, 20, 72, 0, 0, 0.06%, 9, 0, 12, 254.13
1735339020, 54, 22, 72, 0, 0, 0.06%, 9, 0, 12, 260.98
1735339025, 54, 25, 72, 0, 0, 0.06%, 9, 0, 12, 274.64
1735339030, 54, 31, 72, 0, 0, 0.06%, 9, 0, 12, 266.95
1735339035, 54, 40, 72, 0, 0, 0.06%, 9, 0, 12, 268.81
1735339040, 54, 53, 72, 0, 0, 0.06%, 9, 0, 12, 286.13
1735339051, 54, 56, 72, 0, 0, 0.06%, 9, 0, 12, 303.09
1735339056, 55, 4, 72, 0, 0, 0.06%, 9, 0, 12, 284.46
1735339061, 55, 11, 72, 0, 0, 0.06%, 9, 0, 12, 265.62
1735339066, 55, 12, 72, 0, 0, 0.06%, 9, 0, 12, 265.82
1735339071, 55, 13, 72, 0, 0, 0.06%, 9, 0, 12, 262.16
1735339076, 55, 14, 72, 0, 0, 0.06%, 9, 0, 12, 248.91
1735339081, 55, 17, 72, 0, 0, 0.06%, 9, 0, 12, 251.97
1735339086, 55, 20, 72, 0, 0, 0.06%, 9, 0, 12, 254.44
1735339091, 55, 22, 72, 0, 0, 0.06%, 9, 0, 12, 258.53
1735339096, 55, 25, 72, 0, 0, 0.06%, 9, 0, 12, 278.45
1735339101, 55, 34, 72, 0, 0, 0.06%, 9, 0, 12, 262.94
1735339106, 55, 38, 72, 0, 0, 0.06%, 9, 0, 12, 271.68
1735339111, 55, 55, 72, 0, 0, 0.06%, 9, 0, 12, 284.03
1735339122, 56, 11, 72, 0, 0, 0.06%, 9, 0, 12, 277.07
1735339127, 56, 12, 72, 0, 0, 0.06%, 9, 0, 12, 273.49
1735339132, 56, 13, 72, 0, 0, 0.06%, 9, 0, 12, 254.06
1735339137, 56, 14, 72, 0, 0, 0.06%, 9, 0, 12, 246.22
1735339142, 56, 17, 72, 0, 0, 0.06%, 9, 0, 12, 265.83
1735339147, 56, 20, 72, 0, 0, 0.06%, 9, 0, 12, 256.89
1735339152, 56, 22, 72, 0, 0, 0.06%, 9, 0, 12, 262.71
1735339162, 56, 25, 72, 0, 0, 0.06%, 9, 0, 12, 268.92
1735339167, 56, 48, 72, 0, 0, 0.06%, 9, 0, 12, 271.57
1735339172, 57, 10, 72, 0, 0, 0.06%, 9, 0, 12, 262.33
1735339177, 57, 12, 72, 0, 0, 0.06%, 9, 0, 12, 252.28
1735339183, 57, 13, 72, 0, 0, 0.06%, 9, 0, 12, 251.56
1735339193, 57, 14, 72, 0, 0, 0.06%, 9, 0, 12, 266.13
1735339198, 57, 17, 72, 0, 0, 0.06%, 9, 0, 12, 268.02
1735339203, 57, 20, 72, 0, 0, 0.06%, 9, 0, 12, 257.81
1735339208, 57, 21, 72, 0, 0, 0.06%, 9, 0, 12, 273.71
1735339213, 57, 22, 72, 0, 0, 0.06%, 9, 0, 12, 274.89
1735339218, 57, 25, 72, 0, 0, 0.06%, 9, 0, 12, 276.61
1735339223, 58, 10, 72, 0, 0, 0.06%, 9, 0, 12, 258.70
1735339228, 58, 12, 72, 0, 0, 0.06%, 9, 0, 12, 255.18
1735339233, 58, 13, 72, 0, 0, 0.06%, 9, 0, 12, 249.71
1735339238, 58, 14, 72, 0, 0, 0.06%, 9, 0, 12, 258.08
1735339243, 58, 17, 72, 0, 0, 0.06%, 9, 0, 12, 272.15
1735339249, 58, 19, 72, 0, 0, 0.06%, 9, 0, 12, 275.23
1735339254, 58, 20, 72, 0, 0, 0.06%, 9, 0, 12, 260.28
1735339259, 58, 22, 72, 0, 0, 0.06%, 9, 0, 12, 263.15
1735339269, 58, 25, 72, 0, 0, 0.06%, 9, 0, 12, 280.36
1735339274, 58, 32, 72, 0, 0, 0.06%, 9, 0, 12, 285.06
1735339279, 58, 45, 72, 0, 0, 0.06%, 9, 0, 12, 304.49
1735339284, 59, 10, 72, 0, 0, 0.06%, 9, 0, 12, 271.38
1735339289, 59, 12, 72, 0, 0, 0.06%, 9, 0, 12, 269.28
1735339299, 59, 13, 72, 0, 0, 0.06%, 9, 0, 12, 256.89
1735339304, 59, 14, 72, 0, 0, 0.06%, 9, 0, 12, 258.54
1735339309, 59, 17, 72, 0, 0, 0.06%, 9, 0, 12, 270.51
1735339314, 59, 20, 72, 0, 0, 0.06%, 9, 0, 12, 260.77
1735339319, 59, 22, 72, 0, 0, 0.06%, 9, 0, 12, 262.77
1735339325, 59, 24, 72, 0, 0, 0.06%, 9, 0, 12, 261.08
1735339330, 59, 25, 72, 0, 0, 0.06%, 9, 0, 12, 273.78
1735339335, 59, 47, 72, 0, 0, 0.06%, 9, 0, 12, 270.46
1735339345, 59, 53, 72, 0, 0, 0.06%, 9, 0, 12, 306.37
1735339350, 59, 56, 72, 0, 0, 0.06%, 9, 0, 12, 302.08
1735339360, 59, 59, 72, 0, 0, 0.06%, 9, 0, 12, 294.86
1735339365, 59, 65, 73, 1, 0, 0.06%, 9, 0, 13, 272.52
1735339376, 60, 11, 73, 1, 0, 0.06%, 9, 0, 13, 270.52
1735339381, 60, 12, 73, 1, 0, 0.06%, 9, 0, 13, 260.17
1735339386, 60, 13, 73, 1, 0, 0.06%, 9, 0, 13, 256.76
1735339391, 60, 14, 73, 1, 0, 0.06%, 9, 0, 13, 267.70
1735339396, 60, 17, 73, 1, 0, 0.06%, 9, 0, 13, 271.56
1735339401, 60, 20, 73, 1, 0, 0.06%, 9, 0, 13, 252.97
1735339406, 60, 22, 73, 1, 0, 0.06%, 9, 0, 13, 262.25
1735339411, 60, 25, 73, 1, 0, 0.06%, 9, 0, 13, 265.49
1735339416, 60, 49, 73, 1, 0, 0.06%, 9, 0, 13, 264.50
1735339426, 60, 55, 73, 1, 0, 0.06%, 9, 0, 13, 293.62
1735339431, 60, 62, 73, 1, 0, 0.06%, 9, 0, 13, 268.48
1735339441, 61, 11, 73, 1, 0, 0.06%, 9, 0, 13, 260.74
1735339446, 61, 12, 73, 1, 0, 0.06%, 9, 0, 13, 265.19
1735339451, 61, 13, 73, 1, 0, 0.06%, 9, 0, 13, 278.53
1735339456, 61, 14, 73, 1, 0, 0.06%, 9, 0, 13, 264.59
1735339461, 61, 17, 73, 1, 0, 0.06%, 9, 0, 13, 265.90
1735339466, 61, 20, 73, 1, 0, 0.06%, 9, 0, 13, 267.33
1735339471, 61, 22, 73, 1, 0, 0.06%, 9, 0, 13, 266.00
1735339476, 61, 25, 73, 1, 0, 0.06%, 9, 0, 13, 262.00
1735339482, 61, 36, 73, 1, 0, 0.06%, 9, 0, 13, 257.90
1735339487, 61, 43, 73, 1, 0, 0.06%, 9, 0, 13, 277.06
1735339497, 61, 59, 73, 1, 0, 0.06%, 9, 0, 13, 279.00
1735339502, 61, 70, 73, 1, 0, 0.06%, 9, 0, 13, 269.92
1735339512, 61, 72, 74, 2, 0, 0.06%, 9, 0, 14, 369.18
1735339639, 62, 10, 74, 1, 0, 0.06%, 9, 0, 14, 274.24
1735339644, 62, 12, 74, 1, 0, 0.06%, 9, 0, 14, 251.55
1735339649, 62, 13, 74, 1, 0, 0.06%, 9, 0, 14, 264.58
1735339654, 62, 14, 74, 1, 0, 0.06%, 9, 0, 14, 253.30
1735339659, 62, 17, 74, 1, 0, 0.06%, 9, 0, 14, 269.68
1735339664, 62, 20, 74, 1, 0, 0.06%, 9, 0, 14, 266.12
1735339669, 62, 22, 74, 1, 0, 0.06%, 9, 0, 14, 270.95
1735339679, 62, 25, 74, 1, 0, 0.06%, 9, 0, 14, 270.80
1735339684, 62, 30, 74, 1, 0, 0.06%, 9, 0, 14, 285.33
1735339690, 62, 37, 74, 1, 0, 0.06%, 9, 0, 14, 271.59
1735339695, 63, 10, 74, 1, 0, 0.06%, 9, 0, 14, 263.85
1735339700, 63, 11, 74, 1, 0, 0.06%, 9, 0, 14, 264.37
1735339705, 63, 13, 74, 1, 0, 0.06%, 9, 0, 14, 265.31
1735339715, 63, 14, 74, 1, 0, 0.06%, 9, 0, 14, 261.94
1735339720, 63, 15, 74, 1, 0, 0.06%, 9, 0, 14, 272.80
1735339725, 63, 17, 74, 1, 0, 0.06%, 9, 0, 14, 273.69
1735339730, 63, 20, 74, 1, 0, 0.06%, 9, 0, 14, 260.62
1735339735, 63, 21, 74, 1, 0, 0.06%, 9, 0, 14, 261.14
1735339740, 63, 22, 74, 1, 0, 0.06%, 9, 0, 14, 269.31
1735339745, 63, 25, 74, 1, 0, 0.06%, 9, 0, 14, 272.98
1735339750, 63, 54, 74, 1, 0, 0.06%, 9, 0, 14, 283.29
1735339761, 64, 11, 74, 1, 0, 0.06%, 9, 0, 14, 273.59
1735339766, 64, 12, 74, 1, 0, 0.06%, 9, 0, 14, 262.19
1735339771, 64, 13, 74, 1, 0, 0.06%, 9, 0, 14, 259.48
1735339776, 64, 14, 74, 1, 0, 0.06%, 9, 0, 14, 256.91
1735339781, 64, 17, 74, 1, 0, 0.06%, 9, 0, 14, 279.61
1735339786, 64, 20, 74, 1, 0, 0.06%, 9, 0, 14, 274.04
1735339791, 64, 22, 74, 1, 0, 0.06%, 9, 0, 14, 283.15
1735339796, 64, 25, 74, 1, 0, 0.06%, 9, 0, 14, 270.80
1735339801, 64, 37, 74, 1, 0, 0.06%, 9, 0, 14, 282.46
1735339806, 65, 10, 74, 1, 0, 0.06%, 9, 0, 14, 260.40
1735339811, 65, 12, 74, 1, 0, 0.06%, 9, 0, 14, 263.66
1735339817, 65, 13, 74, 1, 0, 0.06%, 9, 0, 14, 259.68
1735339827, 65, 14, 74, 1, 0, 0.06%, 9, 0, 14, 272.10
1735339832, 65, 15, 74, 1, 0, 0.06%, 9, 0, 14, 274.03
1735339837, 65, 17, 74, 1, 0, 0.06%, 9, 0, 14, 260.72
1735339842, 65, 20, 74, 1, 0, 0.06%, 9, 0, 14, 256.12
1735339847, 65, 22, 74, 1, 0, 0.06%, 9, 0, 14, 266.48
1735339852, 65, 25, 74, 1, 0, 0.06%, 9, 0, 14, 261.42
1735339857, 65, 37, 74, 1, 0, 0.06%, 9, 0, 14, 274.38
1735339862, 65, 40, 74, 1, 0, 0.06%, 9, 0, 14, 282.76
1735339867, 65, 64, 74, 1, 0, 0.06%, 9, 0, 14, 279.33
1735339883, 65, 73, 74, 1, 0, 0.06%, 9, 0, 14, 330.70
1735340025, 66, 1, 74, 0, 0, 0.06%, 9, 0, 14, 266.02
1735340030, 66, 11, 74, 0, 0, 0.06%, 9, 0, 14, 264.86
1735340035, 66, 12, 74, 0, 0, 0.06%, 9, 0, 14, 267.50
1735340040, 66, 13, 74, 0, 0, 0.06%, 9, 0, 14, 249.10
1735340045, 66, 14, 74, 0, 0, 0.06%, 9, 0, 14, 255.30
1735340051, 66, 17, 74, 0, 0, 0.06%, 9, 0, 14, 265.13
1735340056, 66, 20, 74, 0, 0, 0.06%, 9, 0, 14, 252.83
1735340061, 66, 22, 74, 0, 0, 0.06%, 9, 0, 14, 255.38
1735340071, 66, 24, 74, 0, 0, 0.06%, 9, 0, 14, 278.62
1735340076, 66, 25, 74, 0, 0, 0.06%, 9, 0, 14, 263.55
1735340081, 66, 54, 74, 0, 0, 0.06%, 9, 0, 14, 285.57
1735340086, 66, 55, 74, 0, 0, 0.06%, 9, 0, 14, 290.77
1735340097, 66, 63, 74, 0, 0, 0.06%, 9, 0, 14, 265.92
1735340107, 66, 65, 74, 0, 0, 0.06%, 9, 0, 14, 285.85
1735340112, 67, 10, 74, 0, 0, 0.06%, 9, 0, 14, 279.27
1735340117, 67, 12, 74, 0, 0, 0.06%, 9, 0, 14, 259.91
1735340122, 67, 13, 74, 0, 0, 0.06%, 9, 0, 14, 270.71
1735340128, 67, 14, 74, 0, 0, 0.06%, 9, 0, 14, 272.20
1735340133, 67, 16, 74, 0, 0, 0.06%, 9, 0, 14, 264.32
1735340143, 67, 17, 74, 0, 0, 0.06%, 9, 0, 14, 270.13
1735340148, 67, 20, 74, 0, 0, 0.06%, 9, 0, 14, 271.51
1735340153, 67, 21, 74, 0, 0, 0.06%, 9, 0, 14, 265.06
1735340158, 67, 22, 74, 0, 0, 0.06%, 9, 0, 14, 262.74
1735340163, 67, 25, 74, 0, 0, 0.06%, 9, 0, 14, 267.05
1735340168, 67, 29, 74, 0, 0, 0.06%, 9, 0, 14, 271.24
1735340173, 67, 42, 74, 0, 0, 0.06%, 9, 0, 14, 280.84
1735340178, 67, 63, 74, 0, 0, 0.06%, 9, 0, 14, 269.64
1735340194, 67, 64, 74, 0, 0, 0.06%, 9, 0, 14, 259.96
1735340199, 68, 10, 74, 0, 0, 0.06%, 9, 0, 14, 257.95
1735340204, 68, 12, 74, 0, 0, 0.06%, 9, 0, 14, 261.68
1735340214, 68, 13, 74, 0, 0, 0.06%, 9, 0, 14, 267.62
1735340219, 68, 14, 74, 0, 0, 0.06%, 9, 0, 14, 276.21
1735340224, 68, 17, 74, 0, 0, 0.06%, 9, 0, 14, 264.06
1735340229, 68, 20, 74, 0, 0, 0.06%, 9, 0, 14, 257.83
1735340234, 68, 22, 74, 0, 0, 0.06%, 9, 0, 14, 275.84
1735340239, 68, 25, 74, 0, 0, 0.06%, 9, 0, 14, 263.80
1735340244, 68, 27, 74, 0, 0, 0.06%, 9, 0, 14, 279.78
1735340250, 68, 28, 74, 0, 0, 0.06%, 9, 0, 14, 259.77
1735340255, 68, 41, 74, 0, 0, 0.06%, 9, 0, 14, 283.77
1735340260, 68, 45, 74, 0, 0, 0.06%, 9, 0, 14, 291.76
1735340270, 68, 58, 74, 0, 0, 0.06%, 9, 0, 14, 284.60
1735340275, 69, 10, 74, 0, 0, 0.06%, 9, 0, 14, 261.50
1735340280, 69, 12, 74, 0, 0, 0.06%, 9, 0, 14, 268.99
1735340285, 69, 13, 74, 0, 0, 0.06%, 9, 0, 14, 267.15
1735340290, 69, 14, 74, 0, 0, 0.06%, 9, 0, 14, 266.38
1735340300, 69, 17, 74, 0, 0, 0.06%, 9, 0, 14, 273.50
1735340305, 69, 20, 74, 0, 0, 0.06%, 9, 0, 14, 259.58
1735340310, 69, 22, 74, 0, 0, 0.06%, 9, 0, 14, 265.65
1735340315, 69, 25, 74, 0, 0, 0.06%, 9, 0, 14, 275.58
1735340321, 69, 37, 74, 0, 0, 0.06%, 9, 0, 14, 271.17
1735340326, 69, 54, 74, 0, 0, 0.06%, 9, 0, 14, 287.74
1735340331, 70, 10, 74, 0, 0, 0.06%, 9, 0, 14, 269.42
1735340336, 70, 11, 74, 0, 0, 0.06%, 9, 0, 14, 258.57
1735340341, 70, 12, 74, 0, 0, 0.06%, 9, 0, 14, 255.35
1735340346, 70, 13, 74, 0, 0, 0.06%, 9, 0, 14, 256.87
1735340351, 70, 14, 74, 0, 0, 0.06%, 9, 0, 14, 254.80
1735340356, 70, 17, 74, 0, 0, 0.06%, 9, 0, 14, 262.48
1735340361, 70, 20, 74, 0, 0, 0.06%, 9, 0, 14, 246.42
1735340366, 70, 22, 74, 0, 0, 0.06%, 9, 0, 14, 258.88
1735340371, 70, 25, 74, 0, 0, 0.06%, 9, 0, 14, 262.83
1735340377, 71, 10, 74, 0, 0, 0.06%, 9, 0, 14, 258.87
1735340382, 71, 11, 74, 0, 0, 0.06%, 9, 0, 14, 252.26
1735340387, 71, 12, 74, 0, 0, 0.06%, 9, 0, 14, 263.43
1735340392, 71, 13, 74, 0, 0, 0.06%, 9, 0, 14, 267.31
1735340397, 71, 14, 74, 0, 0, 0.06%, 9, 0, 14, 258.19
1735340402, 71, 16, 74, 0, 0, 0.06%, 9, 0, 14, 260.30
1735340407, 71, 17, 74, 0, 0, 0.06%, 9, 0, 14, 267.30
1735340412, 71, 20, 74, 0, 0, 0.06%, 9, 0, 14, 271.32
1735340417, 71, 22, 74, 0, 0, 0.06%, 9, 0, 14, 265.96
1735340423, 71, 25, 74, 0, 0, 0.06%, 9, 0, 14, 283.16
1735340428, 71, 38, 74, 0, 0, 0.06%, 9, 0, 14, 291.41
1735340433, 71, 43, 74, 0, 0, 0.06%, 9, 0, 14, 296.15
1735340443, 72, 11, 74, 0, 0, 0.06%, 9, 0, 14, 262.69
1735340448, 72, 12, 74, 0, 0, 0.06%, 9, 0, 14, 260.45
1735340453, 72, 13, 75, 1, 0, 0.06%, 9, 0, 14, 265.17
1735340458, 72, 14, 75, 1, 0, 0.06%, 9, 0, 14, 252.23
1735340463, 72, 17, 75, 1, 0, 0.06%, 9, 0, 14, 270.52
1735340468, 72, 20, 75, 1, 0, 0.06%, 9, 0, 14, 254.75
1735340473, 72, 22, 75, 1, 0, 0.06%, 9, 0, 14, 272.45
1735340479, 72, 25, 75, 1, 0, 0.06%, 9, 0, 14, 278.44
1735340484, 72, 63, 75, 1, 0, 0.06%, 9, 0, 14, 266.40
1735340489, 72, 69, 75, 1, 0, 0.06%, 9, 0, 14, 267.01
1735340499, 72, 72, 75, 1, 0, 0.06%, 9, 0, 14, 291.96
1735340530, 73, 10, 75, 1, 0, 0.06%, 9, 0, 14, 258.28
1735340535, 73, 12, 75, 1, 0, 0.06%, 9, 0, 14, 257.43
1735340540, 73, 13, 75, 1, 0, 0.06%, 9, 0, 14, 258.52
1735340545, 73, 14, 75, 1, 0, 0.06%, 9, 0, 14, 260.10
1735340550, 73, 17, 75, 1, 0, 0.06%, 9, 0, 14, 267.29
1735340555, 73, 20, 75, 1, 0, 0.06%, 9, 0, 14, 263.77
1735340565, 73, 22, 75, 1, 0, 0.06%, 9, 0, 14, 266.48
1735340570, 73, 25, 76, 2, 0, 0.06%, 9, 0, 14, 264.91
1735340575, 73, 61, 76, 2, 0, 0.06%, 9, 0, 14, 295.52
1735340580, 73, 74, 76, 2, 0, 0.06%, 9, 0, 14, 295.60
1735340703, 74, 4, 76, 1, 0, 0.06%, 9, 0, 14, 273.56
1735340708, 74, 11, 76, 1, 0, 0.06%, 9, 0, 14, 263.02
1735340713, 74, 12, 76, 1, 0, 0.06%, 9, 0, 14, 261.47
1735340718, 74, 13, 76, 1, 0, 0.06%, 9, 0, 14, 255.07
1735340723, 74, 14, 76, 1, 0, 0.06%, 9, 0, 14, 276.07
1735340728, 74, 17, 76, 1, 0, 0.06%, 9, 0, 14, 280.77
1735340733, 74, 20, 76, 1, 0, 0.06%, 9, 0, 14, 269.04
1735340738, 74, 22, 76, 1, 0, 0.06%, 9, 0, 14, 273.13
1735340743, 74, 25, 76, 1, 0, 0.06%, 9, 0, 14, 276.98
1735340748, 74, 40, 76, 1, 0, 0.06%, 9, 0, 14, 271.64
1735340753, 74, 60, 76, 1, 0, 0.06%, 9, 0, 14, 275.81
1735340764, 74, 67, 76, 1, 0, 0.06%, 9, 0, 14, 289.34
1735340769, 75, 10, 76, 1, 0, 0.06%, 9, 0, 14, 275.95
1735340774, 75, 12, 76, 1, 0, 0.06%, 9, 0, 14, 271.15
1735340784, 75, 13, 76, 1, 0, 0.06%, 9, 0, 14, 280.13
1735340789, 75, 14, 76, 1, 0, 0.06%, 9, 0, 14, 267.18
1735340794, 75, 17, 76, 1, 0, 0.06%, 9, 0, 14, 271.27
1735340799, 75, 20, 76, 1, 0, 0.06%, 9, 0, 14, 263.84
1735340804, 75, 22, 76, 1, 0, 0.06%, 9, 0, 14, 282.23
1735340809, 75, 25, 76, 1, 0, 0.06%, 9, 0, 14, 277.26
1735340814, 75, 52, 76, 1, 0, 0.06%, 9, 0, 14, 299.10
1735340819, 75, 57, 76, 1, 0, 0.06%, 9, 0, 14, 293.14
1735340824, 75, 74, 76, 1, 0, 0.06%, 9, 0, 14, 284.47
1735340845, 76, 3, 76, 1, 0, 0.06%, 9, 0, 14, 253.81
1735340850, 76, 11, 76, 1, 0, 0.06%, 9, 0, 14, 263.25
1735340855, 76, 12, 76, 1, 0, 0.06%, 9, 0, 14, 264.59
1735340860, 76, 13, 76, 1, 0, 0.06%, 9, 0, 14, 260.96
1735340865, 76, 14, 76, 1, 0, 0.06%, 9, 0, 14, 265.53
1735340870, 76, 17, 76, 1, 0, 0.06%, 9, 0, 14, 266.29
1735340875, 76, 20, 76, 1, 0, 0.06%, 9, 0, 14, 261.67
1735340880, 76, 22, 76, 1, 0, 0.06%, 9, 0, 14, 267.80
1735340886, 76, 25, 76, 1, 0, 0.06%, 9, 0, 14, 270.18
1735340891, 76, 27, 76, 1, 0, 0.06%, 9, 0, 14, 274.63
1735340896, 76, 48, 76, 1, 0, 0.06%, 9, 0, 14, 293.17
1735340906, 77, 11, 76, 1, 0, 0.06%, 9, 0, 14, 263.60
1735340911, 77, 12, 76, 1, 0, 0.06%, 9, 0, 14, 267.68
1735340916, 77, 13, 76, 1, 0, 0.06%, 9, 0, 14, 271.70
1735340921, 77, 14, 76, 1, 0, 0.06%, 9, 0, 14, 271.76
1735340926, 77, 17, 76, 1, 0, 0.06%, 9, 0, 14, 255.32
1735340931, 77, 20, 76, 1, 0, 0.06%, 9, 0, 14, 257.60
1735340936, 77, 22, 76, 1, 0, 0.06%, 9, 0, 14, 260.99
1735340941, 77, 25, 76, 1, 0, 0.06%, 9, 0, 14, 274.76
1735340946, 77, 57, 76, 1, 0, 0.06%, 9, 0, 14, 305.35
1735340957, 78, 11, 76, 1, 0, 0.06%, 9, 0, 14, 268.21
1735340962, 78, 12, 76, 1, 0, 0.06%, 9, 0, 14, 268.03
1735340967, 78, 13, 76, 1, 0, 0.06%, 9, 0, 14, 264.21
1735340972, 78, 14, 76, 1, 0, 0.06%, 9, 0, 14, 254.24
1735340977, 78, 17, 76, 1, 0, 0.06%, 9, 0, 14, 266.73
1735340982, 78, 20, 76, 1, 0, 0.06%, 9, 0, 14, 262.06
1735340987, 78, 22, 76, 1, 0, 0.06%, 9, 0, 14, 267.46
1735340992, 78, 25, 76, 1, 0, 0.06%, 9, 0, 14, 266.15
1735340997, 78, 32, 76, 1, 0, 0.06%, 9, 0, 14, 289.55
1735341002, 78, 75, 76, 1, 0, 0.06%, 9, 0, 14, 292.59
1735341129, 79, 11, 76, 0, 0, 0.06%, 9, 0, 14, 274.21
1735341134, 79, 12, 76, 0, 0, 0.06%, 9, 0, 14, 275.76
1735341139, 79, 13, 76, 0, 0, 0.06%, 9, 0, 14, 262.22
1735341144, 79, 14, 76, 0, 0, 0.06%, 9, 0, 14, 278.28
1735341150, 79, 17, 76, 0, 0, 0.06%, 9, 0, 14, 267.54
1735341155, 79, 20, 76, 0, 0, 0.06%, 9, 0, 14, 264.99
1735341160, 79, 22, 76, 0, 0, 0.06%, 9, 0, 14, 276.48
1735341165, 79, 25, 76, 0, 0, 0.06%, 9, 0, 14, 271.45
1735341170, 79, 31, 76, 0, 0, 0.06%, 9, 0, 14, 277.18
1735341175, 79, 40, 76, 0, 0, 0.06%, 9, 0, 14, 282.92
1735341180, 79, 59, 76, 0, 0, 0.06%, 9, 0, 14, 272.93
1735341190, 79, 60, 76, 0, 0, 0.06%, 9, 0, 14, 265.25
1735341195, 80, 10, 76, 0, 0, 0.06%, 9, 0, 14, 271.05
1735341200, 80, 11, 76, 0, 0, 0.06%, 9, 0, 14, 256.73
1735341205, 80, 12, 76, 0, 0, 0.06%, 9, 0, 14, 263.30
1735341210, 80, 13, 76, 0, 0, 0.06%, 9, 0, 14, 274.92
1735341215, 80, 14, 76, 0, 0, 0.06%, 9, 0, 14, 277.04
1735341220, 80, 17, 76, 0, 0, 0.06%, 9, 0, 14, 265.40
1735341225, 80, 20, 76, 0, 0, 0.06%, 9, 0, 14, 268.76
1735341230, 80, 22, 76, 0, 0, 0.06%, 9, 0, 14, 265.10
1735341235, 80, 25, 76, 0, 0, 0.06%, 9, 0, 14, 275.16
1735341240, 80, 57, 76, 0, 0, 0.06%, 9, 0, 14, 298.21
1735341250, 80, 67, 76, 0, 0, 0.06%, 9, 0, 14, 302.09
1735341256, 81, 10, 76, 0, 0, 0.06%, 9, 0, 14, 275.16
1735341261, 81, 12, 76, 0, 0, 0.06%, 9, 0, 14, 256.48
1735341266, 81, 13, 76, 0, 0, 0.06%, 9, 0, 14, 254.70
1735341271, 81, 14, 76, 0, 0, 0.06%, 9, 0, 14, 273.26
1735341276, 81, 17, 76, 0, 0, 0.06%, 9, 0, 14, 262.64
1735341286, 81, 20, 76, 0, 0, 0.06%, 9, 0, 14, 261.14
1735341291, 81, 21, 76, 0, 0, 0.06%, 9, 0, 14, 265.83
1735341297, 81, 22, 76, 0, 0, 0.06%, 9, 0, 14, 276.65
1735341302, 81, 24, 76, 0, 0, 0.06%, 9, 0, 14, 260.21
1735341307, 81, 25, 76, 0, 0, 0.06%, 9, 0, 14, 266.66
1735341312, 81, 35, 76, 0, 0, 0.06%, 9, 0, 14, 262.07
1735341317, 81, 49, 76, 0, 0, 0.06%, 9, 0, 14, 285.81
1735341327, 81, 51, 76, 0, 0, 0.06%, 9, 0, 14, 283.84
1735341332, 81, 54, 76, 0, 0, 0.06%, 9, 0, 14, 285.27
1735341342, 81, 72, 76, 0, 0, 0.06%, 9, 0, 14, 302.37
1735341372, 82, 11, 76, 0, 0, 0.06%, 9, 0, 14, 260.70
1735341377, 82, 12, 76, 0, 0, 0.06%, 9, 0, 14, 253.93
1735341382, 82, 13, 76, 0, 0, 0.06%, 9, 0, 14, 253.22
1735341387, 82, 14, 76, 0, 0, 0.06%, 9, 0, 14, 256.01
1735341393, 82, 17, 76, 0, 0, 0.06%, 9, 0, 14, 275.02
1735341398, 82, 20, 76, 0, 0, 0.06%, 9, 0, 14, 261.18
1735341403, 82, 22, 76, 0, 0, 0.06%, 9, 0, 14, 267.06
1735341408, 82, 25, 76, 0, 0, 0.06%, 9, 0, 14, 270.29
1735341413, 83, 10, 76, 0, 0, 0.06%, 9, 0, 14, 259.91
1735341418, 83, 12, 76, 0, 0, 0.06%, 9, 0, 14, 277.49
1735341428, 83, 14, 76, 0, 0, 0.06%, 9, 0, 14, 267.45
1735341439, 83, 17, 76, 0, 0, 0.06%, 9, 0, 14, 248.21
1735341444, 83, 20, 76, 0, 0, 0.06%, 9, 0, 14, 260.46
1735341449, 83, 22, 76, 0, 0, 0.06%, 9, 0, 14, 260.30
1735341454, 83, 25, 76, 0, 0, 0.06%, 9, 0, 14, 270.45
1735341459, 83, 28, 76, 0, 0, 0.06%, 9, 0, 14, 268.35
1735341464, 83, 40, 76, 0, 0, 0.06%, 9, 0, 14, 292.44
1735341469, 83, 54, 76, 0, 0, 0.06%, 9, 0, 14, 293.57
1735341474, 83, 59, 76, 0, 0, 0.06%, 9, 0, 14, 287.73
1735341484, 83, 66, 76, 0, 0, 0.06%, 9, 0, 14, 304.56
1735341499, 84, 10, 76, 0, 0, 0.06%, 9, 0, 14, 255.37
1735341504, 84, 12, 76, 0, 0, 0.06%, 9, 0, 14, 260.58
1735341510, 84, 13, 76, 0, 0, 0.06%, 9, 0, 14, 270.72
1735341520, 84, 14, 76, 0, 0, 0.06%, 9, 0, 14, 268.97
1735341525, 84, 17, 76, 0, 0, 0.06%, 9, 0, 14, 266.86
1735341530, 84, 20, 76, 0, 0, 0.06%, 9, 0, 14, 258.33
1735341535, 84, 22, 76, 0, 0, 0.06%, 9, 0, 14, 260.58
1735341540, 84, 25, 76, 0, 0, 0.06%, 9, 0, 14, 268.68
1735341545, 84, 28, 76, 0, 0, 0.06%, 9, 0, 14, 262.93
1735341550, 84, 62, 76, 0, 0, 0.06%, 9, 0, 14, 253.86
1735341555, 84, 71, 76, 0, 0, 0.06%, 9, 0, 14, 296.29
1735341566, 84, 74, 76, 0, 0, 0.06%, 9, 0, 14, 282.69
1735341586, 85, 10, 76, 0, 0, 0.06%, 9, 0, 14, 270.60
1735341591, 85, 12, 76, 0, 0, 0.06%, 9, 0, 14, 251.28
1735341596, 85, 13, 76, 0, 0, 0.06%, 9, 0, 14, 272.18
1735341606, 85, 14, 76, 0, 0, 0.06%, 9, 0, 14, 274.86
1735341611, 85, 17, 76, 0, 0, 0.06%, 9, 0, 14, 262.13
1735341616, 85, 20, 76, 0, 0, 0.06%, 9, 0, 14, 263.89
1735341621, 85, 22, 76, 0, 0, 0.06%, 9, 0, 14, 266.43
1735341626, 85, 24, 76, 0, 0, 0.06%, 9, 0, 14, 263.59
1735341631, 85, 25, 76, 0, 0, 0.06%, 9, 0, 14, 277.48
1735341636, 85, 33, 76, 0, 0, 0.06%, 9, 0, 14, 271.23
1735341641, 85, 45, 76, 0, 0, 0.06%, 9, 0, 14, 296.99
1735341652, 86, 11, 76, 0, 0, 0.06%, 9, 0, 14, 264.56
1735341657, 86, 12, 76, 0, 0, 0.06%, 9, 0, 14, 257.02
1735341662, 86, 13, 76, 0, 0, 0.06%, 9, 0, 14, 252.61
1735341667, 86, 14, 76, 0, 0, 0.06%, 9, 0, 14, 260.58
1735341672, 86, 17, 76, 0, 0, 0.06%, 9, 0, 14, 266.69
1735341677, 86, 20, 76, 0, 0, 0.06%, 9, 0, 14, 248.77
1735341682, 86, 22, 76, 0, 0, 0.06%, 9, 0, 14, 263.39
1735341687, 86, 25, 76, 0, 0, 0.06%, 9, 0, 14, 271.02
1735341692, 86, 35, 76, 0, 0, 0.06%, 9, 0, 14, 266.34
1735341697, 86, 68, 76, 0, 0, 0.06%, 9, 0, 14, 271.48
1735341707, 87, 11, 76, 0, 0, 0.06%, 9, 0, 14, 265.27
1735341712, 87, 12, 76, 0, 0, 0.06%, 9, 0, 14, 257.84
1735341718, 87, 13, 76, 0, 0, 0.06%, 9, 0, 14, 257.60
1735341723, 87, 14, 76, 0, 0, 0.06%, 9, 0, 14, 253.27
1735341728, 87, 15, 76, 0, 0, 0.06%, 9, 0, 14, 275.48
1735341733, 87, 17, 76, 0, 0, 0.06%, 9, 0, 14, 269.86
1735341738, 87, 20, 76, 0, 0, 0.06%, 9, 0, 14, 263.98
1735341743, 87, 22, 76, 0, 0, 0.06%, 9, 0, 14, 267.15
1735341748, 87, 25, 76, 0, 0, 0.06%, 9, 0, 14, 274.19
1735341758, 87, 35, 76, 0, 0, 0.06%, 9, 0, 14, 268.89
1735341763, 87, 70, 76, 0, 0, 0.06%, 9, 0, 14, 275.43
1735341768, 88, 10, 76, 0, 0, 0.06%, 9, 0, 14, 269.70
1735341773, 88, 12, 76, 0, 0, 0.06%, 9, 0, 14, 261.37
1735341778, 88, 13, 76, 0, 0, 0.06%, 9, 0, 14, 260.46
1735341783, 88, 14, 76, 0, 0, 0.06%, 9, 0, 14, 263.50
1735341788, 88, 17, 76, 0, 0, 0.06%, 9, 0, 14, 268.78
1735341793, 88, 20, 76, 0, 0, 0.06%, 9, 0, 14, 259.27
1735341799, 88, 22, 76, 0, 0, 0.06%, 9, 0, 14, 275.19
1735341809, 88, 23, 76, 0, 0, 0.06%, 9, 0, 14, 275.70
1735341814, 88, 25, 76, 0, 0, 0.06%, 9, 0, 14, 252.49
1735341819, 88, 26, 76, 0, 0, 0.06%, 9, 0, 14, 255.03
1735341824, 88, 30, 76, 0, 0, 0.06%, 9, 0, 14, 262.72
1735341829, 89, 11, 76, 0, 0, 0.06%, 9, 0, 14, 267.89
1735341834, 89, 12, 76, 0, 0, 0.06%, 9, 0, 14, 262.20
1735341839, 89, 13, 76, 0, 0, 0.06%, 9, 0, 14, 258.64
1735341844, 89, 14, 76, 0, 0, 0.06%, 9, 0, 14, 253.84
1735341849, 89, 17, 76, 0, 0, 0.06%, 9, 0, 14, 272.18
1735341854, 89, 20, 76, 0, 0, 0.06%, 9, 0, 14, 258.18
1735341859, 89, 22, 76, 0, 0, 0.06%, 9, 0, 14, 261.14
1735341864, 89, 25, 76, 0, 0, 0.06%, 9, 0, 14, 265.25
1735341869, 89, 27, 76, 0, 0, 0.06%, 9, 0, 14, 264.72
1735341875, 89, 45, 76, 0, 0, 0.06%, 9, 0, 14, 291.36
1735341885, 89, 55, 76, 0, 0, 0.06%, 9, 0, 14, 281.03
1735341890, 90, 8, 76, 0, 0, 0.06%, 9, 0, 14, 265.94
1735341895, 90, 11, 76, 0, 0, 0.06%, 9, 0, 14, 260.31
1735341900, 90, 12, 76, 0, 0, 0.06%, 9, 0, 14, 270.58
1735341905, 90, 13, 76, 0, 0, 0.06%, 9, 0, 14, 273.05
1735341910, 90, 14, 76, 0, 0, 0.06%, 9, 0, 14, 254.65
1735341915, 90, 17, 76, 0, 0, 0.06%, 9, 0, 14, 276.52
1735341920, 90, 20, 76, 0, 0, 0.06%, 9, 0, 14, 252.08
1735341925, 90, 22, 76, 0, 0, 0.06%, 9, 0, 14, 256.37
1735341930, 90, 25, 76, 0, 0, 0.06%, 9, 0, 14, 265.38
1735341935, 90, 37, 76, 0, 0, 0.06%, 9, 0, 14, 271.91
1735341940, 90, 42, 76, 0, 0, 0.06%, 9, 0, 14, 277.79
1735341950, 90, 47, 76, 0, 0, 0.06%, 9, 0, 14, 284.36
1735341955, 90, 48, 76, 0, 0, 0.06%, 9, 0, 14, 271.86
1735341965, 90, 63, 76, 0, 0, 0.06%, 9, 0, 14, 274.68
1735341970, 91, 10, 76, 0, 0, 0.06%, 9, 0, 14, 265.85
1735341976, 91, 12, 76, 0, 0, 0.06%, 9, 0, 14, 270.29
1735341986, 91, 13, 76, 0, 0, 0.06%, 9, 0, 14, 272.94
1735341991, 91, 14, 76, 0, 0, 0.06%, 9, 0, 14, 270.81
1735341996, 91, 17, 76, 0, 0, 0.06%, 9, 0, 14, 262.04
1735342001, 91, 20, 76, 0, 0, 0.06%, 9, 0, 14, 263.58
1735342006, 91, 22, 76, 0, 0, 0.06%, 9, 0, 14, 270.76
1735342011, 91, 25, 76, 0, 0, 0.06%, 9, 0, 14, 263.07
1735342016, 91, 39, 76, 0, 0, 0.06%, 9, 0, 14, 275.86
1735342021, 91, 63, 76, 0, 0, 0.06%, 9, 0, 14, 269.62
1735342026, 91, 75, 76, 0, 0, 0.06%, 9, 0, 14, 292.29
1735342047, 92, 10, 76, 0, 0, 0.06%, 9, 0, 14, 265.53
