# unix_time, cycles_done, cur_path, paths_total, pending_total, pending_favs, map_size, unique_crashes, unique_hangs, max_depth, execs_per_sec
1735644096, 0, 0, 10, 10, 1, 0.00%, 0, 0, 1, 151.23
1735644106, 0, 1, 10, 9, 0, 0.00%, 0, 0, 1, 197.33
1735644117, 0, 2, 10, 8, 0, 0.00%, 0, 0, 1, 196.49
1735644122, 0, 3, 10, 7, 0, 0.00%, 0, 0, 1, 177.07
1735644132, 0, 4, 10, 6, 0, 0.00%, 0, 0, 1, 193.26
1735644137, 0, 5, 10, 5, 0, 0.00%, 0, 0, 1, 180.97
1735644147, 0, 6, 10, 4, 0, 0.00%, 0, 0, 1, 194.04
1735644152, 0, 7, 10, 3, 0, 0.00%, 0, 0, 1, 187.57
1735644162, 0, 8, 10, 2, 0, 0.00%, 0, 0, 1, 192.30
1735644167, 0, 9, 10, 1, 0, 0.00%, 0, 0, 1, 190.60
1735644178, 1, 0, 10, 0, 0, 0.00%, 0, 0, 1, 190.77
1735644183, 1, 2, 10, 0, 0, 0.00%, 0, 0, 1, 193.77
1735644188, 1, 3, 10, 0, 0, 0.00%, 0, 0, 1, 189.53
1735644193, 1, 4, 10, 0, 0, 0.00%, 0, 0, 1, 189.65
1735644198, 1, 6, 10, 0, 0, 0.00%, 0, 0, 1, 188.74
1735644204, 1, 7, 10, 0, 0, 0.00%, 0, 0, 1, 190.36
1735644209, 1, 8, 10, 0, 0, 0.00%, 0, 0, 1, 190.75
1735644214, 2, 0, 10, 0, 0, 0.00%, 0, 0, 1, 190.85
1735644219, 2, 1, 10, 0, 0, 0.00%, 0, 0, 1, 196.41
1735644224, 2, 2, 10, 0, 0, 0.00%, 0, 0, 1, 193.66
1735644229, 2, 4, 10, 0, 0, 0.00%, 0, 0, 1, 191.84
1735644234, 2, 5, 10, 0, 0, 0.00%, 0, 0, 1, 192.72
1735644239, 2, 6, 10, 0, 0, 0.00%, 0, 0, 1, 198.01
1735644245, 2, 8, 10, 0, 0, 0.00%, 0, 0, 1, 193.58
1735644250, 2, 9, 10, 0, 0, 0.00%, 0, 0, 1, 192.34
1735644255, 3, 0, 10, 0, 0, 0.00%, 0, 0, 1, 190.26
1735644260, 3, 2, 10, 0, 0, 0.00%, 0, 0, 1, 188.01
1735644265, 3, 3, 10, 0, 0, 0.00%, 0, 0, 1, 193.93
1735644271, 3, 4, 10, 0, 0, 0.00%, 0, 0, 1, 189.65
1735644276, 3, 6, 10, 0, 0, 0.00%, 0, 0, 1, 189.84
1735644281, 3, 7, 10, 0, 0, 0.00%, 0, 0, 1, 192.89
1735644286, 3, 8, 10, 0, 0, 0.00%, 0, 0, 1, 192.17
1735644291, 4, 0, 10, 0, 0, 0.00%, 0, 0, 1, 190.59
1735644296, 4, 1, 10, 0, 0, 0.00%, 0, 0, 1, 191.49
1735644302, 4, 2, 10, 0, 0, 0.00%, 0, 0, 1, 189.45
1735644307, 4, 4, 10, 0, 0, 0.00%, 0, 0, 1, 189.62
1735644312, 4, 5, 10, 0, 0, 0.00%, 0, 0, 1, 188.82
1735644317, 4, 6, 10, 0, 0, 0.00%, 0, 0, 1, 192.98
1735644322, 4, 8, 10, 0, 0, 0.00%, 0, 0, 1, 193.13
1735644327, 4, 9, 10, 0, 0, 0.00%, 0, 0, 1, 193.65
1735644332, 5, 0, 10, 0, 0, 0.00%, 0, 0, 1, 191.56
1735644337, 5, 2, 10, 0, 0, 0.00%, 0, 0, 1, 195.33
1735644343, 5, 3, 10, 0, 0, 0.00%, 0, 0, 1, 193.06
1735644348, 5, 5, 10, 0, 0, 0.00%, 0, 0, 1, 193.66
1735644353, 5, 6, 10, 0, 0, 0.00%, 0, 0, 1, 191.70
1735644358, 5, 7, 10, 0, 0, 0.00%, 0, 0, 1, 189.76
1735644363, 5, 9, 10, 0, 0, 0.00%, 0, 0, 1, 189.69
1735644368, 6, 0, 10, 0, 0, 0.00%, 0, 0, 1, 194.56
1735644374, 6, 1, 10, 0, 0, 0.00%, 0, 0, 1, 191.24
1735644379, 6, 3, 10, 0, 0, 0.00%, 0, 0, 1, 188.34
1735644384, 6, 4, 10, 0, 0, 0.00%, 0, 0, 1, 188.65
1735644389, 6, 5, 10, 0, 0, 0.00%, 0, 0, 1, 191.76
1735644394, 6, 7, 10, 0, 0, 0.00%, 0, 0, 1, 191.32
1735644399, 6, 8, 10, 0, 0, 0.00%, 0, 0, 1, 193.28
1735644405, 6, 9, 10, 0, 0, 0.00%, 0, 0, 1, 189.83
1735644410, 7, 1, 10, 0, 0, 0.00%, 0, 0, 1, 190.47
1735644415, 7, 2, 10, 0, 0, 0.00%, 0, 0, 1, 190.55
1735644420, 7, 3, 10, 0, 0, 0.00%, 0, 0, 1, 190.70
1735644425, 7, 5, 10, 0, 0, 0.00%, 0, 0, 1, 192.36
1735644430, 7, 6, 10, 0, 0, 0.00%, 0, 0, 1, 192.49
1735644435, 7, 7, 10, 0, 0, 0.00%, 0, 0, 1, 191.61
1735644440, 7, 9, 10, 0, 0, 0.00%, 0, 0, 1, 191.02
1735644446, 8, 0, 10, 0, 0, 0.00%, 0, 0, 1, 191.36
1735644451, 8, 1, 10, 0, 0, 0.00%, 0, 0, 1, 192.96
1735644456, 8, 3, 10, 0, 0, 0.00%, 0, 0, 1, 187.87
1735644461, 8, 4, 10, 0, 0, 0.00%, 0, 0, 1, 193.24
1735644466, 8, 5, 10, 0, 0, 0.00%, 0, 0, 1, 194.12
1735644472, 8, 7, 10, 0, 0, 0.00%, 0, 0, 1, 188.92
1735644477, 8, 8, 10, 0, 0, 0.00%, 0, 0, 1, 193.16
1735644482, 8, 9, 10, 0, 0, 0.00%, 0, 0, 1, 192.07
1735644487, 9, 1, 10, 0, 0, 0.00%, 0, 0, 1, 191.91
1735644492, 9, 2, 10, 0, 0, 0.00%, 0, 0, 1, 192.31
1735644498, 9, 3, 10, 0, 0, 0.00%, 0, 0, 1, 191.93
1735644503, 9, 5, 10, 0, 0, 0.00%, 0, 0, 1, 193.09
1735644508, 9, 6, 10, 0, 0, 0.00%, 0, 0, 1, 193.29
1735644513, 9, 7, 10, 0, 0, 0.00%, 0, 0, 1, 191.90
1735644518, 9, 9, 10, 0, 0, 0.00%, 0, 0, 1, 194.51
1735644523, 10, 0, 10, 0, 0, 0.00%, 0, 0, 1, 194.66
1735644529, 10, 2, 10, 0, 0, 0.00%, 0, 0, 1, 190.26
1735644534, 10, 3, 10, 0, 0, 0.00%, 0, 0, 1, 195.48
1735644539, 10, 4, 10, 0, 0, 0.00%, 0, 0, 1, 191.46
1735644544, 10, 6, 10, 0, 0, 0.00%, 0, 0, 1, 193.61
1735644549, 10, 7, 10, 0, 0, 0.00%, 0, 0, 1, 193.39
1735644554, 10, 8, 10, 0, 0, 0.00%, 0, 0, 1, 194.44
1735644560, 11, 0, 10, 0, 0, 0.00%, 0, 0, 1, 197.01
1735644565, 11, 1, 10, 0, 0, 0.00%, 0, 0, 1, 192.23
1735644570, 11, 2, 10, 0, 0, 0.00%, 0, 0, 1, 195.15
1735644575, 11, 4, 10, 0, 0, 0.00%, 0, 0, 1, 195.40
1735644580, 11, 5, 10, 0, 0, 0.00%, 0, 0, 1, 190.27
1735644585, 11, 6, 10, 0, 0, 0.00%, 0, 0, 1, 196.51
1735644590, 11, 8, 10, 0, 0, 0.00%, 0, 0, 1, 193.62
1735644595, 11, 9, 10, 0, 0, 0.00%, 0, 0, 1, 195.72
1735644601, 12, 1, 10, 0, 0, 0.00%, 0, 0, 1, 193.14
1735644606, 12, 2, 10, 0, 0, 0.00%, 0, 0, 1, 195.35
1735644611, 12, 3, 10, 0, 0, 0.00%, 0, 0, 1, 194.85
1735644616, 12, 5, 10, 0, 0, 0.00%, 0, 0, 1, 193.61
1735644621, 12, 6, 10, 0, 0, 0.00%, 0, 0, 1, 194.50
1735644626, 12, 7, 10, 0, 0, 0.00%, 0, 0, 1, 195.42
1735644632, 12, 9, 10, 0, 0, 0.00%, 0, 0, 1, 194.10
1735644637, 13, 0, 10, 0, 0, 0.00%, 0, 0, 1, 192.71
1735644642, 13, 1, 10, 0, 0, 0.00%, 0, 0, 1, 190.51
1735644647, 13, 3, 10, 0, 0, 0.00%, 0, 0, 1, 190.55
1735644652, 13, 4, 10, 0, 0, 0.00%, 0, 0, 1, 192.38
1735644657, 13, 5, 10, 0, 0, 0.00%, 0, 0, 1, 192.96
1735644662, 13, 7, 10, 0, 0, 0.00%, 0, 0, 1, 189.47
1735644667, 13, 8, 10, 0, 0, 0.00%, 0, 0, 1, 195.15
1735644673, 13, 9, 10, 0, 0, 0.00%, 0, 0, 1, 193.28
1735644678, 14, 1, 10, 0, 0, 0.00%, 0, 0, 1, 191.22
1735644683, 14, 2, 10, 0, 0, 0.00%, 0, 0, 1, 190.63
1735644688, 14, 3, 10, 0, 0, 0.00%, 0, 0, 1, 194.95
1735644693, 14, 10, 11, 1, 1, 0.05%, 1, 0, 2, 212.17
1735644698, 14, 10, 12, 2, 1, 0.05%, 2, 0, 3, 211.42
1735644703, 14, 10, 13, 3, 1, 0.05%, 3, 0, 3, 219.59
1735644718, 14, 10, 14, 4, 1, 0.05%, 4, 0, 3, 210.46
1735644754, 14, 10, 16, 6, 1, 0.06%, 6, 0, 3, 217.46
1735644835, 14, 11, 16, 5, 5, 0.06%, 6, 0, 3, 212.86
1735644851, 14, 11, 17, 6, 5, 0.06%, 6, 0, 4, 218.61
1735644876, 14, 11, 18, 7, 5, 0.06%, 6, 0, 4, 217.36
1735644896, 14, 11, 19, 8, 5, 0.06%, 6, 0, 4, 217.62
1735644907, 14, 11, 20, 9, 5, 0.06%, 6, 0, 4, 217.63
1735644912, 14, 11, 21, 10, 5, 0.06%, 6, 0, 4, 218.27
1735644947, 14, 11, 22, 11, 5, 0.06%, 6, 0, 4, 223.97
1735644998, 14, 11, 23, 12, 5, 0.06%, 6, 0, 4, 227.60
1735645008, 14, 12, 26, 14, 4, 0.06%, 9, 0, 4, 222.53
1735645013, 14, 12, 27, 15, 4, 0.06%, 9, 0, 4, 225.20
1735645075, 14, 13, 27, 14, 6, 0.06%, 9, 0, 4, 255.10
1735645105, 14, 13, 28, 15, 6, 0.06%, 9, 0, 4, 242.81
1735645110, 14, 13, 29, 16, 6, 0.06%, 9, 0, 4, 220.52
1735645115, 14, 14, 29, 15, 5, 0.06%, 9, 0, 4, 244.64
1735645131, 14, 14, 30, 16, 5, 0.06%, 9, 0, 4, 224.03
1735645136, 14, 14, 31, 17, 5, 0.06%, 9, 0, 4, 214.42
1735645187, 14, 14, 32, 18, 5, 0.06%, 9, 0, 4, 221.97
1735645207, 14, 14, 33, 19, 5, 0.06%, 9, 0, 4, 218.60
1735645217, 14, 14, 34, 20, 5, 0.06%, 9, 0, 4, 220.29
1735645232, 14, 14, 35, 21, 5, 0.06%, 9, 0, 4, 233.26
1735645243, 14, 15, 35, 20, 4, 0.06%, 9, 0, 4, 247.47
1735645273, 14, 15, 41, 26, 4, 0.06%, 9, 0, 4, 233.29
1735645278, 14, 15, 42, 27, 4, 0.06%, 9, 0, 4, 229.55
1735645283, 14, 15, 46, 31, 4, 0.06%, 9, 0, 4, 273.19
1735645288, 14, 23, 46, 30, 3, 0.06%, 9, 0, 4, 274.81
1735645328, 14, 23, 47, 31, 3, 0.06%, 9, 0, 5, 248.10
1735645333, 14, 24, 47, 30, 2, 0.06%, 9, 0, 5, 240.98
1735645338, 14, 24, 48, 31, 2, 0.06%, 9, 0, 5, 224.90
1735645420, 14, 25, 48, 30, 1, 0.06%, 9, 0, 5, 262.17
1735645445, 14, 25, 49, 31, 1, 0.06%, 9, 0, 5, 223.32
1735645450, 14, 25, 50, 32, 1, 0.06%, 9, 0, 5, 219.45
1735645470, 14, 25, 51, 33, 1, 0.06%, 9, 0, 5, 216.52
1735645475, 14, 25, 52, 34, 1, 0.06%, 9, 0, 5, 218.84
1735645583, 14, 29, 52, 33, 0, 0.06%, 9, 0, 5, 320.00
1735645608, 14, 29, 54, 35, 0, 0.06%, 9, 0, 5, 425.51
1735645694, 14, 29, 55, 36, 0, 0.06%, 9, 0, 5, 290.24
1735645699, 14, 29, 56, 37, 0, 0.06%, 9, 0, 5, 282.81
1735645705, 14, 32, 56, 36, 0, 0.06%, 9, 0, 5, 270.01
1735645755, 14, 32, 57, 37, 0, 0.06%, 9, 0, 5, 438.23
1735645771, 14, 32, 58, 38, 0, 0.06%, 9, 0, 5, 433.00
1735646035, 14, 32, 59, 39, 0, 0.06%, 9, 0, 5, 315.28
1735646086, 14, 35, 59, 38, 0, 0.06%, 9, 0, 5, 324.94
1735646213, 14, 36, 59, 37, 0, 0.06%, 9, 0, 5, 285.41
1735646259, 14, 41, 59, 36, 0, 0.06%, 9, 0, 5, 288.51
1735646310, 14, 47, 59, 35, 0, 0.06%, 9, 0, 5, 248.76
1735646315, 14, 47, 60, 36, 0, 0.06%, 9, 0, 6, 265.36
1735646356, 14, 47, 61, 37, 0, 0.06%, 9, 0, 6, 278.41
1735646371, 14, 47, 62, 38, 0, 0.06%, 9, 0, 6, 280.80
1735646437, 14, 47, 63, 39, 0, 0.06%, 9, 0, 6, 310.78
1735646442, 14, 49, 63, 38, 0, 0.06%, 9, 0, 6, 290.88
1735646508, 14, 51, 63, 37, 0, 0.06%, 9, 0, 6, 345.14
1735646554, 14, 52, 63, 36, 0, 0.06%, 9, 0, 6, 347.48
1735646671, 14, 56, 63, 35, 0, 0.06%, 9, 0, 6, 385.52
1735646788, 14, 58, 63, 34, 0, 0.06%, 9, 0, 6, 323.99
1735646829, 14, 58, 64, 35, 0, 0.06%, 9, 0, 6, 338.61
1735646834, 14, 60, 64, 34, 0, 0.06%, 9, 0, 6, 409.97
1735646894, 15, 8, 64, 33, 0, 0.06%, 9, 0, 6, 302.26
1735646900, 15, 11, 64, 33, 0, 0.06%, 9, 0, 6, 285.70
1735646905, 15, 12, 64, 33, 0, 0.06%, 9, 0, 6, 284.54
1735646915, 15, 13, 64, 33, 0, 0.06%, 9, 0, 6, 294.38
1735646925, 15, 14, 64, 33, 0, 0.06%, 9, 0, 6, 270.04
1735646935, 15, 15, 64, 33, 0, 0.06%, 9, 0, 6, 269.03
1735646945, 15, 16, 64, 33, 0, 0.06%, 9, 0, 6, 303.03
1735646986, 15, 19, 64, 32, 0, 0.06%, 9, 0, 6, 303.08
1735647062, 15, 21, 64, 31, 0, 0.06%, 9, 0, 6, 409.02
1735647093, 15, 21, 65, 32, 0, 0.06%, 9, 0, 6, 364.46
1735647098, 15, 21, 66, 33, 0, 0.06%, 9, 0, 6, 357.37
1735647189, 15, 22, 66, 32, 0, 0.06%, 9, 0, 6, 406.78
1735647234, 15, 23, 66, 31, 0, 0.06%, 9, 0, 6, 291.47
1735647240, 15, 23, 67, 32, 0, 0.06%, 9, 0, 6, 254.35
1735647250, 15, 24, 67, 32, 0, 0.06%, 9, 0, 6, 279.95
1735647270, 15, 25, 67, 32, 0, 0.06%, 9, 0, 6, 284.79
1735647290, 15, 34, 67, 32, 0, 0.06%, 9, 0, 6, 317.98
1735647336, 15, 43, 67, 31, 0, 0.06%, 9, 0, 6, 392.27
1735647412, 15, 43, 68, 32, 0, 0.06%, 9, 0, 6, 306.54
1735647417, 15, 43, 69, 33, 0, 0.06%, 9, 0, 6, 303.96
1735647519, 15, 43, 71, 35, 0, 0.06%, 9, 0, 6, 313.53
1735647529, 15, 45, 71, 34, 0, 0.06%, 9, 0, 6, 319.50
1735647575, 15, 48, 71, 33, 0, 0.06%, 9, 0, 6, 313.90
1735647620, 15, 50, 71, 32, 0, 0.06%, 9, 0, 6, 395.77
1735647686, 15, 58, 71, 31, 0, 0.06%, 9, 0, 6, 296.26
1735647706, 15, 63, 71, 31, 0, 0.06%, 9, 0, 6, 403.58
1735647737, 15, 63, 72, 32, 0, 0.06%, 9, 0, 7, 287.74
1735647777, 15, 63, 73, 33, 0, 0.06%, 9, 0, 7, 305.20
1735647787, 15, 64, 73, 32, 0, 0.06%, 9, 0, 7, 326.58
1735647843, 15, 64, 74, 33, 0, 0.06%, 9, 0, 7, 332.87
1735647899, 15, 68, 74, 32, 0, 0.06%, 9, 0, 7, 373.82
1735648016, 16, 11, 74, 31, 0, 0.06%, 9, 0, 7, 272.05
1735648026, 16, 12, 74, 31, 0, 0.06%, 9, 0, 7, 250.76
1735648036, 16, 13, 74, 31, 0, 0.06%, 9, 0, 7, 270.66
1735648047, 16, 14, 74, 31, 0, 0.06%, 9, 0, 7, 268.18
1735648057, 16, 15, 74, 31, 0, 0.06%, 9, 0, 7, 258.04
1735648067, 16, 23, 74, 31, 0, 0.06%, 9, 0, 7, 264.57
1735648082, 16, 24, 74, 31, 0, 0.06%, 9, 0, 7, 262.95
1735648102, 16, 25, 74, 31, 0, 0.06%, 9, 0, 7, 263.07
1735648123, 16, 40, 74, 31, 0, 0.06%, 9, 0, 7, 356.22
1735648235, 16, 45, 74, 30, 0, 0.06%, 9, 0, 7, 278.04
1735648260, 16, 46, 74, 30, 0, 0.06%, 9, 0, 7, 331.87
1735648526, 16, 67, 74, 29, 0, 0.06%, 9, 0, 7, 397.34
1735648643, 16, 69, 74, 28, 0, 0.06%, 9, 0, 7, 241.39
1735649171, 16, 71, 74, 27, 0, 0.06%, 9, 0, 7, 381.50
1735649253, 16, 73, 74, 26, 0, 0.06%, 9, 0, 7, 432.55
1735649339, 17, 11, 74, 25, 0, 0.06%, 9, 0, 7, 269.67
1735649344, 17, 12, 74, 25, 0, 0.06%, 9, 0, 7, 286.15
1735649349, 17, 13, 74, 25, 0, 0.06%, 9, 0, 7, 277.63
1735649354, 17, 14, 74, 25, 0, 0.06%, 9, 0, 7, 254.21
1735649359, 17, 15, 74, 25, 0, 0.06%, 9, 0, 7, 276.03
1735649364, 17, 18, 74, 25, 0, 0.06%, 9, 0, 7, 222.44
1735649959, 17, 21, 74, 24, 0, 0.06%, 9, 0, 7, 324.38
1735649979, 17, 23, 74, 24, 0, 0.06%, 9, 0, 7, 253.69
1735649989, 17, 24, 74, 24, 0, 0.06%, 9, 0, 7, 262.46
1735649999, 17, 25, 74, 24, 0, 0.06%, 9, 0, 7, 270.81
1735650004, 17, 28, 74, 24, 0, 0.06%, 9, 0, 7, 316.71
1735650060, 17, 44, 74, 23, 0, 0.06%, 9, 0, 7, 369.99
1735650095, 17, 57, 74, 22, 0, 0.06%, 9, 0, 7, 270.60
1735650303, 17, 63, 74, 21, 0, 0.06%, 9, 0, 7, 288.03
1735650324, 17, 65, 74, 21, 0, 0.06%, 9, 0, 7, 397.63
1735650370, 17, 70, 74, 20, 0, 0.06%, 9, 0, 7, 285.82
1735650777, 18, 11, 74, 19, 0, 0.06%, 9, 0, 7, 269.51
1735650782, 18, 12, 74, 19, 0, 0.06%, 9, 0, 7, 267.23
1735650787, 18, 13, 74, 19, 0, 0.06%, 9, 0, 7, 266.31
1735650792, 18, 14, 74, 19, 0, 0.06%, 9, 0, 7, 267.25
1735650797, 18, 15, 74, 19, 0, 0.06%, 9, 0, 7, 256.31
1735650802, 18, 18, 74, 19, 0, 0.06%, 9, 0, 7, 300.55
1735650823, 18, 21, 74, 19, 0, 0.06%, 9, 0, 7, 297.18
1735650843, 18, 23, 74, 19, 0, 0.06%, 9, 0, 7, 279.45
1735650848, 18, 24, 74, 19, 0, 0.06%, 9, 0, 7, 277.55
1735650858, 18, 25, 74, 19, 0, 0.06%, 9, 0, 7, 284.48
1735650869, 18, 27, 74, 19, 0, 0.06%, 9, 0, 7, 330.58
1735650915, 18, 30, 74, 18, 0, 0.06%, 9, 0, 7, 280.20
1735650965, 18, 43, 74, 17, 0, 0.06%, 9, 0, 7, 291.70
1735650985, 18, 52, 74, 17, 0, 0.06%, 9, 0, 7, 302.50
1735651006, 18, 54, 74, 17, 0, 0.06%, 9, 0, 7, 338.48
1735651203, 18, 69, 74, 16, 0, 0.06%, 9, 0, 7, 325.89
1735651224, 19, 12, 74, 16, 0, 0.06%, 9, 0, 7, 272.75
1735651229, 19, 14, 74, 16, 0, 0.06%, 9, 0, 7, 269.89
1735651234, 19, 20, 74, 16, 0, 0.06%, 9, 0, 7, 324.52
1735651280, 19, 23, 74, 15, 0, 0.06%, 9, 0, 7, 273.09
1735651285, 19, 24, 74, 15, 0, 0.06%, 9, 0, 7, 273.99
1735651290, 19, 25, 74, 15, 0, 0.06%, 9, 0, 7, 266.28
1735651295, 19, 31, 74, 15, 0, 0.06%, 9, 0, 7, 342.53
1735651346, 19, 33, 74, 14, 0, 0.06%, 9, 0, 7, 369.14
1735651428, 19, 38, 74, 13, 0, 0.06%, 9, 0, 7, 353.84
1735651473, 19, 56, 74, 12, 0, 0.06%, 9, 0, 7, 296.13
1735651494, 19, 66, 74, 12, 0, 0.06%, 9, 0, 7, 398.06
1735651549, 20, 11, 74, 11, 0, 0.06%, 9, 0, 7, 260.79
1735651554, 20, 13, 74, 11, 0, 0.06%, 9, 0, 7, 277.50
1735651559, 20, 15, 74, 11, 0, 0.06%, 9, 0, 7, 286.57
1735651565, 20, 24, 74, 11, 0, 0.06%, 9, 0, 7, 275.73
1735651570, 20, 25, 74, 11, 0, 0.06%, 9, 0, 7, 280.56
1735651575, 20, 26, 74, 11, 0, 0.06%, 9, 0, 7, 280.20
1735651625, 20, 29, 74, 10, 0, 0.06%, 9, 0, 7, 244.94
1735651645, 20, 34, 74, 10, 0, 0.06%, 9, 0, 7, 295.12
1735651666, 20, 39, 74, 10, 0, 0.06%, 9, 0, 7, 284.47
1735651793, 20, 42, 74, 9, 0, 0.06%, 9, 0, 7, 322.66
1735652074, 20, 44, 74, 8, 0, 0.06%, 9, 0, 7, 301.08
1735652089, 20, 53, 74, 8, 0, 0.06%, 9, 0, 7, 300.73
1735652216, 20, 61, 74, 7, 0, 0.06%, 9, 0, 7, 381.81
1735652267, 20, 62, 74, 6, 0, 0.06%, 9, 0, 7, 337.02
1735652312, 21, 11, 74, 5, 0, 0.06%, 9, 0, 7, 277.87
1735652317, 21, 14, 74, 5, 0, 0.06%, 9, 0, 7, 270.88
1735652323, 21, 19, 74, 5, 0, 0.06%, 9, 0, 7, 273.10
1735652348, 21, 24, 74, 5, 0, 0.06%, 9, 0, 7, 270.58
1735652353, 21, 25, 74, 5, 0, 0.06%, 9, 0, 7, 278.59
1735652358, 21, 34, 74, 5, 0, 0.06%, 9, 0, 7, 290.56
1735652378, 21, 44, 74, 5, 0, 0.06%, 9, 0, 7, 303.61
1735652394, 22, 11, 74, 5, 0, 0.06%, 9, 0, 7, 279.55
1735652399, 22, 13, 74, 5, 0, 0.06%, 9, 0, 7, 277.35
1735652404, 22, 15, 74, 5, 0, 0.06%, 9, 0, 7, 278.73
1735652409, 22, 23, 74, 5, 0, 0.06%, 9, 0, 7, 285.05
1735652414, 22, 24, 74, 5, 0, 0.06%, 9, 0, 7, 280.76
1735652419, 22, 25, 74, 5, 0, 0.06%, 9, 0, 7, 264.29
1735652424, 22, 30, 74, 5, 0, 0.06%, 9, 0, 7, 268.50
1735652445, 22, 37, 74, 5, 0, 0.06%, 9, 0, 7, 324.87
1735652526, 22, 70, 74, 4, 0, 0.06%, 9, 0, 7, 320.93
1735652546, 23, 11, 74, 4, 0, 0.06%, 9, 0, 7, 277.68
1735652551, 23, 13, 74, 4, 0, 0.06%, 9, 0, 7, 266.35
1735652556, 23, 15, 74, 4, 0, 0.06%, 9, 0, 7, 265.15
1735652561, 23, 24, 74, 4, 0, 0.06%, 9, 0, 7, 270.21
1735652566, 23, 25, 74, 4, 0, 0.06%, 9, 0, 7, 277.43
1735652571, 23, 26, 74, 4, 0, 0.06%, 9, 0, 7, 283.76
1735652597, 23, 27, 74, 4, 0, 0.06%, 9, 0, 7, 287.31
1735652617, 23, 37, 74, 4, 0, 0.06%, 9, 0, 7, 306.46
1735652637, 23, 72, 74, 4, 0, 0.06%, 9, 0, 7, 395.55
1735652709, 24, 11, 74, 3, 0, 0.06%, 9, 0, 7, 289.89
1735652714, 24, 13, 74, 3, 0, 0.06%, 9, 0, 7, 278.34
1735652719, 24, 15, 74, 3, 0, 0.06%, 9, 0, 7, 271.57
1735652724, 24, 16, 74, 3, 0, 0.06%, 9, 0, 7, 282.76
1735652744, 24, 23, 74, 3, 0, 0.06%, 9, 0, 7, 277.44
1735652749, 24, 24, 74, 3, 0, 0.06%, 9, 0, 7, 272.22
1735652754, 24, 25, 74, 3, 0, 0.06%, 9, 0, 7, 274.78
1735652760, 24, 33, 74, 3, 0, 0.06%, 9, 0, 7, 296.04
1735652780, 24, 37, 74, 3, 0, 0.06%, 9, 0, 7, 291.33
1735652800, 24, 59, 74, 3, 0, 0.06%, 9, 0, 7, 286.57
1735652851, 25, 13, 74, 2, 0, 0.06%, 9, 0, 7, 280.78
1735652856, 25, 15, 74, 2, 0, 0.06%, 9, 0, 7, 269.01
1735652861, 25, 17, 74, 2, 0, 0.06%, 9, 0, 7, 247.85
1735653389, 25, 23, 74, 1, 0, 0.06%, 9, 0, 7, 260.41
1735653394, 25, 24, 74, 1, 0, 0.06%, 9, 0, 7, 262.86
1735653399, 25, 25, 74, 1, 0, 0.06%, 9, 0, 7, 270.85
1735653405, 25, 28, 74, 1, 0, 0.06%, 9, 0, 7, 279.18
1735653430, 25, 55, 74, 1, 0, 0.06%, 9, 0, 7, 375.05
1735653557, 26, 11, 74, 0, 0, 0.06%, 9, 0, 7, 270.55
1735653562, 26, 13, 74, 0, 0, 0.06%, 9, 0, 7, 272.52
1735653567, 26, 15, 74, 0, 0, 0.06%, 9, 0, 7, 271.13
1735653572, 26, 24, 74, 0, 0, 0.06%, 9, 0, 7, 277.42
1735653577, 26, 25, 74, 0, 0, 0.06%, 9, 0, 7, 280.82
1735653582, 26, 50, 74, 0, 0, 0.06%, 9, 0, 7, 305.76
1735653603, 27, 11, 74, 0, 0, 0.06%, 9, 0, 7, 280.00
1735653608, 27, 13, 74, 0, 0, 0.06%, 9, 0, 7, 270.78
1735653613, 27, 15, 74, 0, 0, 0.06%, 9, 0, 7, 277.71
1735653618, 27, 21, 74, 0, 0, 0.06%, 9, 0, 7, 317.56
1735653628, 27, 24, 74, 0, 0, 0.06%, 9, 0, 7, 274.37
1735653633, 27, 25, 74, 0, 0, 0.06%, 9, 0, 7, 287.46
1735653638, 27, 33, 74, 0, 0, 0.06%, 9, 0, 7, 305.72
1735653658, 27, 41, 74, 0, 0, 0.06%, 9, 0, 7, 274.64
1735653679, 27, 44, 74, 0, 0, 0.06%, 9, 0, 7, 278.05
1735653689, 28, 12, 74, 0, 0, 0.06%, 9, 0, 7, 264.47
1735653694, 28, 14, 74, 0, 0, 0.06%, 9, 0, 7, 274.83
1735653699, 28, 19, 74, 0, 0, 0.06%, 9, 0, 7, 294.77
1735653720, 28, 24, 74, 0, 0, 0.06%, 9, 0, 7, 285.47
1735653725, 28, 25, 74, 0, 0, 0.06%, 9, 0, 7, 273.84
1735653730, 28, 38, 74, 0, 0, 0.06%, 9, 0, 7, 277.89
1735653755, 28, 39, 74, 0, 0, 0.06%, 9, 0, 7, 299.10
1735653775, 28, 43, 74, 0, 0, 0.06%, 9, 0, 7, 299.99
1735653796, 28, 46, 74, 0, 0, 0.06%, 9, 0, 7, 321.44
1735653811, 28, 47, 74, 0, 0, 0.06%, 9, 0, 7, 283.31
1735653831, 29, 11, 74, 0, 0, 0.06%, 9, 0, 7, 295.57
1735653836, 29, 13, 74, 0, 0, 0.06%, 9, 0, 7, 282.25
1735653841, 29, 15, 74, 0, 0, 0.06%, 9, 0, 7, 269.88
1735653846, 29, 23, 74, 0, 0, 0.06%, 9, 0, 7, 291.89
1735653851, 29, 24, 74, 0, 0, 0.06%, 9, 0, 7, 282.89
1735653856, 29, 25, 74, 0, 0, 0.06%, 9, 0, 7, 281.46
1735653862, 29, 29, 74, 0, 0, 0.06%, 9, 0, 7, 310.24
1735653882, 29, 39, 74, 0, 0, 0.06%, 9, 0, 7, 302.71
1735653887, 29, 39, 75, 1, 0, 0.06%, 9, 0, 7, 275.42
1735653902, 29, 44, 75, 1, 0, 0.06%, 9, 0, 7, 277.33
1735653907, 30, 11, 75, 1, 0, 0.06%, 9, 0, 7, 272.26
1735653912, 30, 13, 75, 1, 0, 0.06%, 9, 0, 7, 276.48
1735653917, 30, 15, 75, 1, 0, 0.06%, 9, 0, 7, 273.02
1735653923, 30, 24, 75, 1, 0, 0.06%, 9, 0, 7, 272.46
1735653928, 30, 25, 75, 1, 0, 0.06%, 9, 0, 7, 282.18
1735653933, 30, 36, 75, 1, 0, 0.06%, 9, 0, 7, 277.11
1735653958, 30, 43, 75, 1, 0, 0.06%, 9, 0, 7, 291.02
1735653968, 31, 12, 75, 1, 0, 0.06%, 9, 0, 7, 262.50
1735653973, 31, 14, 75, 1, 0, 0.06%, 9, 0, 7, 258.34
1735653979, 31, 20, 75, 1, 0, 0.06%, 9, 0, 7, 279.14
1735653999, 31, 23, 75, 1, 0, 0.06%, 9, 0, 7, 273.18
1735654004, 31, 24, 75, 1, 0, 0.06%, 9, 0, 7, 265.20
1735654009, 31, 25, 75, 1, 0, 0.06%, 9, 0, 7, 270.20
1735654014, 31, 68, 75, 1, 0, 0.06%, 9, 0, 7, 292.12
1735654035, 32, 12, 75, 1, 0, 0.06%, 9, 0, 7, 263.97
1735654040, 32, 14, 75, 1, 0, 0.06%, 9, 0, 7, 268.11
1735654045, 32, 23, 75, 1, 0, 0.06%, 9, 0, 7, 270.75
1735654050, 32, 24, 75, 1, 0, 0.06%, 9, 0, 7, 274.65
1735654055, 32, 25, 75, 1, 0, 0.06%, 9, 0, 7, 269.65
1735654060, 32, 30, 75, 1, 0, 0.06%, 9, 0, 7, 271.10
1735654080, 32, 31, 75, 1, 0, 0.06%, 9, 0, 7, 278.96
1735654106, 32, 36, 75, 1, 0, 0.06%, 9, 0, 7, 280.53
1735654126, 33, 12, 75, 1, 0, 0.06%, 9, 0, 7, 270.78
1735654131, 33, 14, 75, 1, 0, 0.06%, 9, 0, 7, 266.44
1735654136, 33, 23, 75, 1, 0, 0.06%, 9, 0, 7, 260.83
1735654141, 33, 24, 75, 1, 0, 0.06%, 9, 0, 7, 277.71
1735654147, 33, 25, 75, 1, 0, 0.06%, 9, 0, 7, 275.92
1735654152, 33, 41, 75, 1, 0, 0.06%, 9, 0, 7, 274.61
1735654172, 33, 59, 75, 1, 0, 0.06%, 9, 0, 7, 291.75
1735654193, 34, 3, 75, 1, 0, 0.06%, 9, 0, 7, 284.52
1735654198, 34, 12, 75, 1, 0, 0.06%, 9, 0, 7, 266.66
1735654203, 34, 14, 75, 1, 0, 0.06%, 9, 0, 7, 275.06
1735654208, 34, 17, 75, 1, 0, 0.06%, 9, 0, 7, 291.89
1735654223, 34, 23, 75, 1, 0, 0.06%, 9, 0, 7, 305.40
1735654228, 34, 24, 75, 1, 0, 0.06%, 9, 0, 7, 279.97
1735654233, 34, 25, 75, 1, 0, 0.06%, 9, 0, 7, 272.97
1735654239, 34, 52, 75, 1, 0, 0.06%, 9, 0, 7, 295.70
1735654259, 35, 11, 75, 1, 0, 0.06%, 9, 0, 7, 277.52
1735654264, 35, 12, 75, 1, 0, 0.06%, 9, 0, 7, 269.61
1735654269, 35, 14, 75, 1, 0, 0.06%, 9, 0, 7, 275.09
1735654274, 35, 18, 75, 1, 0, 0.06%, 9, 0, 7, 313.11
1735654294, 35, 22, 75, 1, 0, 0.06%, 9, 0, 7, 299.61
1735654315, 35, 24, 75, 1, 0, 0.06%, 9, 0, 7, 279.73
1735654320, 35, 25, 75, 1, 0, 0.06%, 9, 0, 7, 274.88
1735654325, 35, 42, 75, 1, 0, 0.06%, 9, 0, 7, 298.83
1735654345, 35, 74, 75, 1, 0, 0.06%, 9, 0, 7, 345.35
1735654416, 35, 74, 76, 2, 0, 0.06%, 9, 0, 7, 330.96
1735654472, 36, 12, 76, 1, 0, 0.06%, 9, 0, 7, 290.39
1735654477, 36, 15, 76, 1, 0, 0.06%, 9, 0, 7, 281.69
1735654482, 36, 23, 76, 1, 0, 0.06%, 9, 0, 7, 273.09
1735654487, 36, 24, 76, 1, 0, 0.06%, 9, 0, 7, 260.82
1735654493, 36, 25, 76, 1, 0, 0.06%, 9, 0, 7, 276.77
1735654498, 36, 32, 76, 1, 0, 0.06%, 9, 0, 7, 319.67
1735654513, 36, 42, 76, 1, 0, 0.06%, 9, 0, 7, 313.07
1735654534, 36, 45, 76, 1, 0, 0.06%, 9, 0, 7, 271.95
1735654554, 36, 55, 76, 1, 0, 0.06%, 9, 0, 7, 294.07
1735654574, 36, 73, 76, 1, 0, 0.06%, 9, 0, 7, 300.07
1735654594, 36, 75, 76, 1, 0, 0.06%, 9, 0, 7, 360.41
1735654696, 37, 5, 76, 0, 0, 0.06%, 9, 0, 7, 243.46
1735654701, 37, 12, 76, 0, 0, 0.06%, 9, 0, 7, 260.80
1735654706, 37, 14, 76, 0, 0, 0.06%, 9, 0, 7, 269.75
1735654711, 37, 23, 76, 0, 0, 0.06%, 9, 0, 7, 271.83
1735654716, 37, 24, 76, 0, 0, 0.06%, 9, 0, 7, 268.86
1735654721, 37, 25, 76, 0, 0, 0.06%, 9, 0, 7, 272.94
1735654726, 37, 35, 76, 0, 0, 0.06%, 9, 0, 7, 300.59
1735654747, 37, 44, 76, 0, 0, 0.06%, 9, 0, 7, 272.42
1735654752, 37, 69, 76, 0, 0, 0.06%, 9, 0, 7, 314.18
1735654772, 38, 12, 76, 0, 0, 0.06%, 9, 0, 7, 274.66
1735654777, 38, 14, 76, 0, 0, 0.06%, 9, 0, 7, 265.31
1735654782, 38, 23, 76, 0, 0, 0.06%, 9, 0, 7, 275.57
1735654787, 38, 24, 76, 0, 0, 0.06%, 9, 0, 7, 278.99
1735654792, 38, 25, 76, 0, 0, 0.06%, 9, 0, 7, 271.49
1735654797, 38, 39, 76, 0, 0, 0.06%, 9, 0, 7, 305.26
1735654807, 38, 40, 76, 0, 0, 0.06%, 9, 0, 7, 306.86
1735654828, 38, 41, 76, 0, 0, 0.06%, 9, 0, 7, 260.90
1735654838, 38, 42, 76, 0, 0, 0.06%, 9, 0, 7, 294.22
1735654843, 39, 11, 76, 0, 0, 0.06%, 9, 0, 7, 274.96
1735654848, 39, 13, 76, 0, 0, 0.06%, 9, 0, 7, 277.61
1735654853, 39, 15, 76, 0, 0, 0.06%, 9, 0, 7, 264.09
1735654858, 39, 23, 76, 0, 0, 0.06%, 9, 0, 7, 273.41
1735654863, 39, 24, 77, 1, 0, 0.06%, 9, 0, 7, 253.72
1735654868, 39, 25, 77, 1, 0, 0.06%, 9, 0, 7, 265.14
1735654873, 39, 53, 77, 1, 0, 0.06%, 9, 0, 7, 300.68
