# unix_time, cycles_done, cur_path, paths_total, pending_total, pending_favs, map_size, unique_crashes, unique_hangs, max_depth, execs_per_sec
1734174032, 0, 0, 10, 10, 1, 0.00%, 0, 0, 1, 172.41
1734174037, 0, 4, 10, 10, 1, 0.00%, 0, 0, 1, 200.19
1734174042, 0, 5, 10, 9, 0, 0.00%, 0, 0, 1, 210.60
1734174047, 0, 6, 10, 8, 0, 0.00%, 0, 0, 1, 201.29
1734174058, 0, 7, 10, 7, 0, 0.00%, 0, 0, 1, 212.93
1734174063, 0, 8, 10, 6, 0, 0.00%, 0, 0, 1, 198.79
1734174073, 0, 9, 10, 5, 0, 0.00%, 0, 0, 1, 212.54
1734174078, 1, 0, 10, 4, 0, 0.00%, 0, 0, 1, 212.12
1734174088, 1, 1, 10, 3, 0, 0.00%, 0, 0, 1, 210.87
1734174098, 1, 2, 10, 2, 0, 0.00%, 0, 0, 1, 203.79
1734174108, 1, 3, 10, 1, 0, 0.00%, 0, 0, 1, 199.97
1734174119, 1, 4, 10, 0, 0, 0.00%, 0, 0, 1, 195.36
1734174124, 1, 6, 10, 0, 0, 0.00%, 0, 0, 1, 194.72
1734174129, 1, 7, 10, 0, 0, 0.00%, 0, 0, 1, 194.28
1734174134, 1, 9, 10, 0, 0, 0.00%, 0, 0, 1, 190.67
1734174139, 2, 0, 10, 0, 0, 0.00%, 0, 0, 1, 192.74
1734174144, 2, 1, 10, 0, 0, 0.00%, 0, 0, 1, 195.96
1734174149, 2, 3, 10, 0, 0, 0.00%, 0, 0, 1, 191.00
1734174155, 2, 4, 10, 0, 0, 0.00%, 0, 0, 1, 190.36
1734174160, 2, 5, 10, 0, 0, 0.00%, 0, 0, 1, 186.99
1734174165, 2, 6, 10, 0, 0, 0.00%, 0, 0, 1, 191.85
1734174170, 2, 8, 10, 0, 0, 0.00%, 0, 0, 1, 191.01
1734174175, 2, 9, 10, 0, 0, 0.00%, 0, 0, 1, 186.34
1734174180, 3, 0, 10, 0, 0, 0.00%, 0, 0, 1, 191.19
1734174185, 3, 2, 10, 0, 0, 0.00%, 0, 0, 1, 189.21
1734174191, 3, 3, 10, 0, 0, 0.00%, 0, 0, 1, 185.98
1734174196, 3, 4, 10, 0, 0, 0.00%, 0, 0, 1, 186.96
1734174201, 3, 6, 10, 0, 0, 0.00%, 0, 0, 1, 187.59
1734174206, 3, 7, 10, 0, 0, 0.00%, 0, 0, 1, 188.02
1734174211, 3, 8, 10, 0, 0, 0.00%, 0, 0, 1, 190.18
1734174216, 4, 0, 10, 0, 0, 0.00%, 0, 0, 1, 189.00
1734174221, 4, 1, 10, 0, 0, 0.00%, 0, 0, 1, 186.27
1734174226, 4, 2, 10, 0, 0, 0.00%, 0, 0, 1, 182.77
1734174231, 4, 3, 10, 0, 0, 0.00%, 0, 0, 1, 184.71
1734174236, 4, 5, 10, 0, 0, 0.00%, 0, 0, 1, 187.57
1734174242, 4, 6, 10, 0, 0, 0.00%, 0, 0, 1, 188.64
1734174247, 4, 7, 10, 0, 0, 0.00%, 0, 0, 1, 187.34
1734174252, 4, 9, 10, 0, 0, 0.00%, 0, 0, 1, 188.40
1734174257, 5, 0, 10, 0, 0, 0.00%, 0, 0, 1, 184.53
1734174262, 5, 1, 10, 0, 0, 0.00%, 0, 0, 1, 185.15
1734174268, 5, 3, 10, 0, 0, 0.00%, 0, 0, 1, 184.55
1734174273, 5, 4, 10, 0, 0, 0.00%, 0, 0, 1, 184.72
1734174278, 5, 5, 10, 0, 0, 0.00%, 0, 0, 1, 182.84
1734174283, 5, 6, 10, 0, 0, 0.00%, 0, 0, 1, 182.07
1734174288, 5, 8, 10, 0, 0, 0.00%, 0, 0, 1, 184.53
1734174293, 5, 9, 10, 0, 0, 0.00%, 0, 0, 1, 185.26
1734174298, 6, 0, 10, 0, 0, 0.00%, 0, 0, 1, 184.02
1734174304, 6, 2, 10, 0, 0, 0.00%, 0, 0, 1, 181.85
1734174309, 6, 3, 10, 0, 0, 0.00%, 0, 0, 1, 183.00
1734174314, 6, 4, 10, 0, 0, 0.00%, 0, 0, 1, 186.29
1734174319, 6, 5, 10, 0, 0, 0.00%, 0, 0, 1, 184.54
1734174324, 6, 7, 10, 0, 0, 0.00%, 0, 0, 1, 184.18
1734174329, 6, 8, 10, 0, 0, 0.00%, 0, 0, 1, 183.63
1734174334, 6, 9, 10, 0, 0, 0.00%, 0, 0, 1, 182.27
1734174339, 7, 1, 10, 0, 0, 0.00%, 0, 0, 1, 186.95
1734174345, 7, 2, 10, 0, 0, 0.00%, 0, 0, 1, 184.33
1734174350, 7, 3, 10, 0, 0, 0.00%, 0, 0, 1, 184.15
1734174355, 7, 4, 10, 0, 0, 0.00%, 0, 0, 1, 183.52
1734174360, 7, 6, 10, 0, 0, 0.00%, 0, 0, 1, 186.88
1734174365, 7, 7, 10, 0, 0, 0.00%, 0, 0, 1, 183.84
1734174370, 7, 8, 10, 0, 0, 0.00%, 0, 0, 1, 186.37
1734174375, 8, 0, 10, 0, 0, 0.00%, 0, 0, 1, 185.60
1734174380, 8, 1, 10, 0, 0, 0.00%, 0, 0, 1, 184.27
1734174385, 8, 2, 10, 0, 0, 0.00%, 0, 0, 1, 184.05
1734174391, 8, 3, 10, 0, 0, 0.00%, 0, 0, 1, 180.89
1734174396, 8, 5, 10, 0, 0, 0.00%, 0, 0, 1, 183.75
1734174401, 8, 6, 10, 0, 0, 0.00%, 0, 0, 1, 186.82
1734174406, 8, 7, 10, 0, 0, 0.00%, 0, 0, 1, 184.32
1734174411, 8, 9, 10, 0, 0, 0.00%, 0, 0, 1, 184.38
1734174416, 9, 0, 10, 0, 0, 0.00%, 0, 0, 1, 185.25
1734174421, 9, 1, 10, 0, 0, 0.00%, 0, 0, 1, 183.17
1734174426, 9, 2, 10, 0, 0, 0.00%, 0, 0, 1, 183.65
1734174432, 9, 4, 10, 0, 0, 0.00%, 0, 0, 1, 187.71
1734174437, 9, 5, 10, 0, 0, 0.00%, 0, 0, 1, 183.40
1734174442, 9, 6, 10, 0, 0, 0.00%, 0, 0, 1, 182.01
1734174447, 9, 7, 10, 0, 0, 0.00%, 0, 0, 1, 183.93
1734174452, 9, 9, 10, 0, 0, 0.00%, 0, 0, 1, 182.73
1734174457, 10, 0, 10, 0, 0, 0.00%, 0, 0, 1, 187.64
1734174462, 10, 1, 10, 0, 0, 0.00%, 0, 0, 1, 186.73
1734174467, 10, 3, 10, 0, 0, 0.00%, 0, 0, 1, 188.95
1734174472, 10, 4, 10, 0, 0, 0.00%, 0, 0, 1, 180.10
1734174477, 10, 5, 10, 0, 0, 0.00%, 0, 0, 1, 180.27
1734174482, 10, 6, 10, 0, 0, 0.00%, 0, 0, 1, 186.34
1734174487, 10, 8, 10, 0, 0, 0.00%, 0, 0, 1, 183.50
1734174493, 10, 9, 10, 0, 0, 0.00%, 0, 0, 1, 181.59
1734174498, 11, 0, 10, 0, 0, 0.00%, 0, 0, 1, 183.86
1734174503, 11, 1, 10, 0, 0, 0.00%, 0, 0, 1, 183.99
1734174508, 11, 3, 10, 0, 0, 0.00%, 0, 0, 1, 183.21
1734174513, 11, 4, 10, 0, 0, 0.00%, 0, 0, 1, 183.53
1734174518, 11, 5, 10, 0, 0, 0.00%, 0, 0, 1, 181.67
1734174524, 11, 7, 10, 0, 0, 0.00%, 0, 0, 1, 183.42
1734174529, 11, 8, 10, 0, 0, 0.00%, 0, 0, 1, 183.80
1734174534, 11, 9, 10, 0, 0, 0.00%, 0, 0, 1, 190.16
1734174539, 12, 0, 10, 0, 0, 0.00%, 0, 0, 1, 181.33
1734174544, 12, 2, 10, 0, 0, 0.00%, 0, 0, 1, 180.95
1734174549, 12, 3, 10, 0, 0, 0.00%, 0, 0, 1, 183.74
1734174554, 12, 4, 10, 0, 0, 0.00%, 0, 0, 1, 183.47
1734174559, 12, 5, 10, 0, 0, 0.00%, 0, 0, 1, 185.27
1734174564, 12, 7, 10, 0, 0, 0.00%, 0, 0, 1, 182.78
1734174569, 12, 8, 10, 0, 0, 0.00%, 0, 0, 1, 179.65
1734174574, 12, 9, 10, 0, 0, 0.00%, 0, 0, 1, 185.87
1734174579, 13, 0, 10, 0, 0, 0.00%, 0, 0, 1, 185.04
1734174585, 13, 2, 10, 0, 0, 0.00%, 0, 0, 1, 184.84
1734174590, 13, 3, 10, 0, 0, 0.00%, 0, 0, 1, 184.95
1734174595, 13, 4, 10, 0, 0, 0.00%, 0, 0, 1, 182.34
1734174600, 13, 6, 10, 0, 0, 0.00%, 0, 0, 1, 182.33
1734174605, 13, 7, 10, 0, 0, 0.00%, 0, 0, 1, 186.37
1734174610, 13, 8, 10, 0, 0, 0.00%, 0, 0, 1, 183.13
1734174616, 13, 9, 11, 1, 0, 0.05%, 1, 0, 2, 184.26
1734174621, 13, 10, 15, 5, 1, 0.06%, 5, 0, 3, 209.25
1734174702, 13, 11, 15, 4, 4, 0.06%, 5, 0, 3, 215.16
1734174728, 13, 11, 16, 5, 4, 0.06%, 5, 0, 4, 202.95
1734174763, 13, 11, 17, 6, 4, 0.06%, 6, 0, 4, 204.41
1734174789, 13, 11, 18, 7, 4, 0.06%, 6, 0, 4, 206.31
1734174799, 13, 11, 19, 8, 4, 0.06%, 6, 0, 4, 204.75
1734174834, 13, 11, 20, 9, 4, 0.06%, 6, 0, 4, 210.31
1734174875, 13, 12, 20, 8, 4, 0.06%, 6, 0, 4, 221.82
1734174880, 13, 12, 22, 10, 4, 0.06%, 6, 0, 4, 209.82
1734174925, 13, 12, 23, 11, 4, 0.06%, 6, 0, 4, 203.44
1734174981, 13, 12, 24, 12, 4, 0.06%, 7, 0, 4, 202.48
1734175001, 13, 12, 26, 14, 4, 0.06%, 7, 0, 4, 234.81
1734175006, 13, 12, 27, 15, 4, 0.06%, 7, 0, 4, 206.41
1734175011, 13, 13, 27, 14, 4, 0.06%, 7, 0, 4, 219.60
1734175027, 13, 13, 28, 15, 4, 0.06%, 7, 0, 4, 203.96
1734175037, 13, 13, 29, 16, 4, 0.06%, 7, 0, 4, 209.43
1734175077, 13, 13, 30, 17, 4, 0.06%, 8, 0, 4, 206.92
1734175097, 13, 13, 31, 18, 4, 0.06%, 8, 0, 4, 208.04
1734175143, 13, 14, 31, 17, 4, 0.06%, 8, 0, 4, 218.38
1734175168, 13, 14, 32, 18, 4, 0.06%, 8, 0, 4, 210.95
1734175214, 13, 14, 35, 21, 4, 0.06%, 8, 0, 4, 229.02
1734175219, 13, 18, 36, 21, 3, 0.06%, 9, 0, 5, 257.93
1734175239, 13, 18, 37, 22, 3, 0.06%, 9, 0, 5, 230.91
1734175331, 13, 18, 38, 23, 3, 0.06%, 9, 0, 5, 230.53
1734175347, 13, 18, 41, 26, 3, 0.06%, 9, 0, 5, 227.50
1734175357, 13, 23, 41, 25, 3, 0.06%, 9, 0, 5, 282.79
1734175382, 13, 23, 42, 26, 3, 0.06%, 9, 0, 5, 224.32
1734175387, 13, 23, 43, 27, 3, 0.06%, 9, 0, 5, 230.86
1734175413, 13, 23, 44, 28, 3, 0.06%, 9, 0, 5, 228.71
1734175464, 13, 23, 45, 29, 3, 0.06%, 9, 0, 5, 230.76
1734175469, 13, 23, 46, 30, 3, 0.06%, 9, 0, 5, 227.96
1734175484, 13, 23, 47, 31, 3, 0.06%, 9, 0, 5, 207.29
1734175494, 13, 23, 48, 32, 3, 0.06%, 9, 0, 5, 239.26
1734175499, 13, 29, 49, 32, 2, 0.06%, 9, 0, 5, 240.54
1734175535, 13, 29, 50, 33, 2, 0.06%, 9, 0, 5, 209.74
1734175550, 13, 29, 51, 34, 2, 0.06%, 9, 0, 5, 209.37
1734175621, 13, 29, 52, 35, 2, 0.06%, 9, 0, 5, 201.37
1734175651, 13, 29, 53, 36, 2, 0.06%, 9, 0, 5, 207.92
1734175666, 13, 29, 54, 37, 2, 0.06%, 9, 0, 5, 255.56
1734175677, 13, 35, 54, 36, 1, 0.06%, 9, 0, 5, 259.42
1734175687, 13, 35, 56, 38, 1, 0.06%, 9, 0, 6, 229.49
1734175697, 13, 35, 57, 39, 1, 0.06%, 9, 0, 6, 230.85
1734175702, 13, 35, 58, 40, 1, 0.06%, 9, 0, 6, 229.74
1734175753, 13, 35, 59, 41, 1, 0.06%, 9, 0, 6, 220.92
1734175839, 13, 41, 59, 40, 0, 0.06%, 9, 0, 6, 320.94
1734175859, 13, 41, 60, 41, 0, 0.06%, 9, 0, 6, 239.79
1734175925, 13, 42, 60, 40, 0, 0.06%, 9, 0, 6, 236.53
1734175945, 13, 42, 61, 41, 0, 0.06%, 9, 0, 6, 223.55
1734176021, 13, 43, 61, 40, 0, 0.06%, 9, 0, 6, 301.61
1734176072, 13, 43, 62, 41, 0, 0.06%, 9, 0, 6, 256.06
1734176082, 13, 50, 62, 40, 0, 0.06%, 9, 0, 6, 199.45
1734176478, 13, 50, 63, 41, 0, 0.06%, 9, 0, 6, 261.53
1734176488, 14, 11, 63, 40, 0, 0.06%, 9, 0, 6, 224.37
1734176503, 14, 12, 63, 40, 0, 0.06%, 9, 0, 6, 221.97
1734176514, 14, 13, 63, 40, 0, 0.06%, 9, 0, 6, 223.74
1734176524, 14, 14, 63, 40, 0, 0.06%, 9, 0, 6, 224.88
1734176534, 14, 15, 63, 40, 0, 0.06%, 9, 0, 6, 295.00
1734176539, 14, 15, 64, 41, 0, 0.06%, 9, 0, 6, 417.28
1734176640, 14, 18, 64, 40, 0, 0.06%, 9, 0, 6, 261.70
1734176666, 14, 23, 64, 40, 0, 0.06%, 9, 0, 6, 263.50
1734176686, 14, 24, 64, 40, 0, 0.06%, 9, 0, 6, 274.55
1734176747, 14, 29, 64, 39, 0, 0.06%, 9, 0, 6, 223.86
1734176768, 14, 31, 64, 39, 0, 0.06%, 9, 0, 6, 375.21
1734176818, 14, 31, 65, 40, 0, 0.06%, 9, 0, 6, 281.51
1734176828, 14, 35, 65, 39, 0, 0.06%, 9, 0, 6, 238.65
1734176849, 14, 41, 65, 39, 0, 0.06%, 9, 0, 6, 270.35
1734176874, 14, 42, 65, 39, 0, 0.06%, 9, 0, 6, 239.79
1734176889, 14, 42, 66, 40, 0, 0.06%, 9, 0, 6, 316.98
1734176900, 14, 48, 66, 40, 0, 0.06%, 9, 0, 6, 392.22
1734176956, 14, 48, 67, 41, 0, 0.06%, 9, 0, 6, 416.43
1734177180, 14, 49, 67, 40, 0, 0.06%, 9, 0, 6, 262.80
1734177236, 14, 50, 67, 39, 0, 0.06%, 9, 0, 6, 316.87
1734177257, 14, 52, 67, 39, 0, 0.06%, 9, 0, 6, 265.49
1734177770, 14, 55, 67, 38, 0, 0.06%, 9, 0, 6, 295.79
1734177826, 14, 56, 67, 37, 0, 0.06%, 9, 0, 6, 321.94
1734177912, 14, 59, 67, 36, 0, 0.06%, 9, 0, 6, 244.39
1734177968, 14, 60, 67, 35, 0, 0.06%, 9, 0, 6, 315.90
1734178101, 15, 11, 67, 34, 0, 0.06%, 9, 0, 6, 224.75
1734178111, 15, 12, 67, 34, 0, 0.06%, 9, 0, 6, 244.84
1734178121, 15, 13, 67, 34, 0, 0.06%, 9, 0, 6, 250.11
1734178136, 15, 14, 67, 34, 0, 0.06%, 9, 0, 6, 228.62
1734178146, 15, 18, 67, 34, 0, 0.06%, 9, 0, 6, 241.65
1734178167, 15, 23, 67, 34, 0, 0.06%, 9, 0, 6, 248.43
1734178192, 15, 25, 67, 34, 0, 0.06%, 9, 0, 6, 330.99
1734178253, 15, 27, 67, 33, 0, 0.06%, 9, 0, 6, 193.35
1734178851, 15, 29, 67, 32, 0, 0.06%, 9, 0, 6, 228.47
1734178871, 15, 35, 67, 32, 0, 0.06%, 9, 0, 6, 255.29
1734178897, 15, 39, 67, 32, 0, 0.06%, 9, 0, 6, 287.07
1734178948, 15, 45, 67, 31, 0, 0.06%, 9, 0, 6, 257.21
1734179004, 15, 61, 67, 30, 0, 0.06%, 9, 0, 6, 332.52
1734179060, 15, 63, 67, 29, 0, 0.06%, 9, 0, 6, 291.03
1734179171, 15, 66, 67, 28, 0, 0.06%, 9, 0, 6, 339.54
1734179375, 16, 11, 67, 27, 0, 0.06%, 9, 0, 6, 222.53
1734179380, 16, 12, 67, 27, 0, 0.06%, 9, 0, 6, 234.98
1734179385, 16, 13, 67, 27, 0, 0.06%, 9, 0, 6, 238.21
1734179390, 16, 14, 67, 27, 0, 0.06%, 9, 0, 6, 239.58
1734179395, 16, 18, 67, 27, 0, 0.06%, 9, 0, 6, 269.25
1734179410, 16, 22, 67, 27, 0, 0.06%, 9, 0, 6, 366.78
1734179466, 16, 23, 67, 26, 0, 0.06%, 9, 0, 6, 249.39
1734179476, 16, 29, 67, 26, 0, 0.06%, 9, 0, 6, 249.95
1734179492, 16, 32, 67, 26, 0, 0.06%, 9, 0, 6, 403.93
1734179553, 16, 35, 67, 25, 0, 0.06%, 9, 0, 6, 231.16
1734179563, 17, 9, 67, 25, 0, 0.06%, 9, 0, 6, 225.24
1734179568, 17, 12, 67, 25, 0, 0.06%, 9, 0, 6, 242.82
1734179573, 17, 14, 67, 25, 0, 0.06%, 9, 0, 6, 240.06
1734179578, 17, 18, 67, 25, 0, 0.06%, 9, 0, 6, 243.78
1734179583, 17, 20, 67, 25, 0, 0.06%, 9, 0, 6, 275.17
1734179639, 17, 23, 67, 24, 0, 0.06%, 9, 0, 6, 231.05
1734179644, 17, 29, 67, 24, 0, 0.06%, 9, 0, 6, 233.16
1734179649, 17, 31, 67, 24, 0, 0.06%, 9, 0, 6, 253.25
1734179674, 17, 32, 67, 24, 0, 0.06%, 9, 0, 6, 253.54
1734179694, 17, 34, 67, 24, 0, 0.06%, 9, 0, 6, 320.58
1734179755, 17, 35, 67, 23, 0, 0.06%, 9, 0, 6, 258.95
1734179760, 17, 40, 67, 23, 0, 0.06%, 9, 0, 6, 259.39
1734179821, 18, 9, 67, 22, 0, 0.06%, 9, 0, 6, 253.83
1734179827, 18, 12, 67, 22, 0, 0.06%, 9, 0, 6, 253.04
1734179832, 18, 14, 67, 22, 0, 0.06%, 9, 0, 6, 248.23
1734179837, 18, 15, 67, 22, 0, 0.06%, 9, 0, 6, 267.81
1734179857, 18, 18, 67, 22, 0, 0.06%, 9, 0, 6, 242.45
1734179862, 18, 23, 67, 22, 0, 0.06%, 9, 0, 6, 246.44
1734179867, 18, 29, 67, 22, 0, 0.06%, 9, 0, 6, 242.93
1734179877, 18, 35, 67, 22, 0, 0.06%, 9, 0, 6, 247.98
1734179882, 18, 39, 67, 22, 0, 0.06%, 9, 0, 6, 252.11
1734179903, 18, 46, 67, 22, 0, 0.06%, 9, 0, 6, 332.30
1734179989, 18, 49, 67, 21, 0, 0.06%, 9, 0, 6, 242.85
1734180014, 18, 54, 67, 21, 0, 0.06%, 9, 0, 6, 322.63
1734180064, 18, 64, 67, 20, 0, 0.06%, 9, 0, 6, 207.14
1734180350, 18, 66, 67, 19, 0, 0.06%, 9, 0, 6, 289.21
1734180370, 19, 11, 67, 19, 0, 0.06%, 9, 0, 6, 238.76
1734180375, 19, 12, 67, 19, 0, 0.06%, 9, 0, 6, 238.60
1734180381, 19, 14, 67, 19, 0, 0.06%, 9, 0, 6, 234.40
1734180386, 19, 16, 67, 19, 0, 0.06%, 9, 0, 6, 300.82
1734180756, 19, 18, 67, 18, 0, 0.06%, 9, 0, 6, 256.38
1734180766, 19, 23, 67, 18, 0, 0.06%, 9, 0, 6, 268.47
1734180771, 19, 28, 67, 18, 0, 0.06%, 9, 0, 6, 381.48
1734180831, 19, 29, 67, 17, 0, 0.06%, 9, 0, 6, 245.46
1734180837, 19, 35, 67, 17, 0, 0.06%, 9, 0, 6, 253.42
1734180842, 19, 36, 67, 17, 0, 0.06%, 9, 0, 6, 292.91
1734180958, 19, 37, 67, 16, 0, 0.06%, 9, 0, 6, 370.11
1734181186, 19, 40, 67, 15, 0, 0.06%, 9, 0, 6, 257.00
1734181206, 19, 53, 67, 15, 0, 0.06%, 9, 0, 6, 222.10
1734181572, 19, 62, 67, 14, 0, 0.06%, 9, 0, 6, 291.40
1734181628, 19, 65, 67, 13, 0, 0.06%, 9, 0, 6, 236.80
1734181669, 19, 65, 68, 14, 0, 0.06%, 9, 0, 7, 447.95
1734181908, 20, 11, 68, 13, 0, 0.06%, 9, 0, 7, 255.17
1734181913, 20, 13, 68, 13, 0, 0.06%, 9, 0, 7, 244.72
1734181918, 20, 17, 68, 13, 0, 0.06%, 9, 0, 7, 286.53
1734181974, 20, 18, 68, 12, 0, 0.06%, 9, 0, 7, 276.42
1734181979, 20, 19, 68, 12, 0, 0.06%, 9, 0, 7, 308.93
1734182385, 20, 23, 68, 11, 0, 0.06%, 9, 0, 7, 256.43
1734182390, 20, 24, 68, 11, 0, 0.06%, 9, 0, 7, 236.85
1734182411, 20, 29, 68, 11, 0, 0.06%, 9, 0, 7, 235.53
1734182416, 20, 35, 68, 11, 0, 0.06%, 9, 0, 7, 244.27
1734182421, 20, 55, 68, 11, 0, 0.06%, 9, 0, 7, 255.60
1734182446, 21, 11, 68, 11, 0, 0.06%, 9, 0, 7, 251.55
1734182451, 21, 13, 68, 11, 0, 0.06%, 9, 0, 7, 252.65
1734182456, 21, 14, 68, 11, 0, 0.06%, 9, 0, 7, 245.03
1734182461, 21, 18, 68, 11, 0, 0.06%, 9, 0, 7, 264.15
1734182466, 21, 23, 68, 11, 0, 0.06%, 9, 0, 7, 245.56
1734182471, 21, 29, 68, 11, 0, 0.06%, 9, 0, 7, 242.71
1734182477, 21, 30, 68, 11, 0, 0.06%, 9, 0, 7, 252.61
1734182532, 21, 35, 68, 10, 0, 0.06%, 9, 0, 7, 241.61
1734182537, 21, 37, 68, 10, 0, 0.06%, 9, 0, 7, 291.43
1734182557, 21, 51, 68, 10, 0, 0.06%, 9, 0, 7, 213.74
1734182988, 21, 53, 69, 10, 0, 0.06%, 9, 0, 7, 308.36
1734183008, 21, 64, 69, 10, 0, 0.06%, 9, 0, 7, 272.86
1734183029, 22, 9, 69, 10, 0, 0.06%, 9, 0, 7, 283.37
1734183034, 22, 12, 69, 10, 0, 0.06%, 9, 0, 7, 249.54
1734183039, 22, 14, 69, 10, 0, 0.06%, 9, 0, 7, 238.03
1734183044, 22, 18, 69, 10, 0, 0.06%, 9, 0, 7, 252.04
1734183049, 22, 22, 69, 10, 0, 0.06%, 9, 0, 7, 255.87
1734183069, 22, 23, 69, 10, 0, 0.06%, 9, 0, 7, 265.96
1734183080, 22, 29, 69, 10, 0, 0.06%, 9, 0, 7, 242.99
1734183085, 22, 35, 69, 10, 0, 0.06%, 9, 0, 7, 261.90
1734183090, 22, 55, 69, 10, 0, 0.06%, 9, 0, 7, 237.82
1734183115, 23, 11, 69, 10, 0, 0.06%, 9, 0, 7, 253.36
1734183120, 23, 13, 69, 10, 0, 0.06%, 9, 0, 7, 252.64
1734183125, 23, 18, 69, 10, 0, 0.06%, 9, 0, 7, 250.44
1734183130, 23, 23, 69, 10, 0, 0.06%, 9, 0, 7, 254.66
1734183135, 23, 29, 69, 10, 0, 0.06%, 9, 0, 7, 248.10
1734183146, 23, 33, 69, 10, 0, 0.06%, 9, 0, 7, 268.17
1734183202, 23, 35, 69, 9, 0, 0.06%, 9, 0, 7, 240.70
1734183207, 23, 44, 69, 9, 0, 0.06%, 9, 0, 7, 243.13
1734183263, 24, 9, 69, 8, 0, 0.06%, 9, 0, 7, 274.38
1734183268, 24, 12, 69, 8, 0, 0.06%, 9, 0, 7, 260.82
1734183273, 24, 14, 69, 8, 0, 0.06%, 9, 0, 7, 258.50
1734183278, 24, 18, 69, 8, 0, 0.06%, 9, 0, 7, 264.29
1734183283, 24, 21, 69, 8, 0, 0.06%, 9, 0, 7, 267.24
1734183723, 24, 23, 69, 7, 0, 0.06%, 9, 0, 7, 238.45
1734183728, 24, 29, 69, 7, 0, 0.06%, 9, 0, 7, 259.76
1734183738, 24, 35, 69, 7, 0, 0.06%, 9, 0, 7, 252.90
1734183743, 24, 45, 69, 7, 0, 0.06%, 9, 0, 7, 266.19
1734183764, 25, 6, 69, 7, 0, 0.06%, 9, 0, 7, 236.70
1734183769, 25, 10, 69, 7, 0, 0.06%, 9, 0, 7, 234.75
1734183779, 25, 11, 69, 7, 0, 0.06%, 9, 0, 7, 261.17
1734183784, 25, 13, 69, 7, 0, 0.06%, 9, 0, 7, 258.46
1734183789, 25, 18, 69, 7, 0, 0.06%, 9, 0, 7, 256.33
1734183799, 25, 23, 69, 7, 0, 0.06%, 9, 0, 7, 257.36
1734183804, 25, 26, 69, 7, 0, 0.06%, 9, 0, 7, 271.96
1734183855, 25, 29, 69, 6, 0, 0.06%, 9, 0, 7, 244.34
1734183860, 25, 30, 69, 6, 0, 0.06%, 9, 0, 7, 268.71
1734183886, 25, 35, 69, 6, 0, 0.06%, 9, 0, 7, 263.18
1734183891, 25, 47, 69, 6, 0, 0.06%, 9, 0, 7, 241.56
1734184177, 26, 11, 69, 5, 0, 0.06%, 9, 0, 7, 253.55
1734184182, 26, 13, 69, 5, 0, 0.06%, 9, 0, 7, 246.47
1734184187, 26, 16, 69, 5, 0, 0.06%, 9, 0, 7, 300.03
1734184208, 26, 18, 69, 5, 0, 0.06%, 9, 0, 7, 260.08
1734184213, 26, 23, 69, 5, 0, 0.06%, 9, 0, 7, 249.93
1734184218, 26, 28, 69, 5, 0, 0.06%, 9, 0, 7, 250.59
1734184243, 26, 29, 69, 5, 0, 0.06%, 9, 0, 7, 268.92
1734184248, 26, 35, 69, 5, 0, 0.06%, 9, 0, 7, 251.69
1734184253, 26, 67, 69, 5, 0, 0.06%, 9, 0, 7, 234.33
1734184527, 26, 68, 69, 4, 0, 0.06%, 9, 0, 7, 237.56
1734184639, 26, 68, 70, 5, 0, 0.06%, 9, 0, 7, 312.20
1734184649, 26, 68, 71, 6, 0, 0.06%, 9, 0, 7, 308.25
1734184740, 26, 69, 71, 5, 0, 0.06%, 9, 0, 7, 329.48
1734184847, 27, 9, 71, 4, 0, 0.06%, 9, 0, 7, 230.33
1734184852, 27, 12, 71, 4, 0, 0.06%, 9, 0, 7, 244.23
1734184857, 27, 14, 71, 4, 0, 0.06%, 9, 0, 7, 244.59
1734184862, 27, 18, 71, 4, 0, 0.06%, 9, 0, 7, 250.00
1734184867, 27, 23, 71, 4, 0, 0.06%, 9, 0, 7, 265.77
1734184872, 27, 29, 71, 4, 0, 0.06%, 9, 0, 7, 233.98
1734184877, 27, 32, 71, 4, 0, 0.06%, 9, 0, 7, 271.43
1734184898, 27, 35, 71, 4, 0, 0.06%, 9, 0, 7, 258.54
1734184908, 27, 39, 71, 4, 0, 0.06%, 9, 0, 7, 253.23
1734184928, 27, 62, 71, 4, 0, 0.06%, 9, 0, 7, 235.92
1734184954, 27, 64, 71, 4, 0, 0.06%, 9, 0, 7, 296.30
1734184974, 27, 70, 71, 4, 0, 0.06%, 9, 0, 7, 364.88
1734185075, 28, 0, 71, 3, 0, 0.06%, 9, 0, 7, 254.69
1734185080, 28, 12, 71, 3, 0, 0.06%, 9, 0, 7, 252.04
1734185085, 28, 13, 71, 3, 0, 0.06%, 9, 0, 7, 256.79
1734185090, 28, 18, 71, 3, 0, 0.06%, 9, 0, 7, 241.72
1734185095, 28, 23, 71, 3, 0, 0.06%, 9, 0, 7, 254.28
1734185100, 28, 29, 71, 3, 0, 0.06%, 9, 0, 7, 252.34
1734185105, 28, 35, 71, 3, 0, 0.06%, 9, 0, 7, 258.24
1734185115, 28, 58, 71, 3, 0, 0.06%, 9, 0, 7, 245.27
1734185623, 28, 70, 71, 2, 0, 0.06%, 9, 0, 7, 279.26
1734185648, 29, 11, 71, 2, 0, 0.06%, 9, 0, 7, 246.03
1734185653, 29, 13, 71, 2, 0, 0.06%, 9, 0, 7, 248.01
1734185658, 29, 14, 71, 2, 0, 0.06%, 9, 0, 7, 256.85
1734185663, 29, 15, 71, 2, 0, 0.06%, 9, 0, 7, 281.75
1734185679, 29, 18, 71, 2, 0, 0.06%, 9, 0, 7, 270.35
1734185684, 29, 22, 71, 2, 0, 0.06%, 9, 0, 7, 270.30
1734185704, 29, 23, 71, 2, 0, 0.06%, 9, 0, 7, 253.15
1734185714, 29, 29, 71, 2, 0, 0.06%, 9, 0, 7, 244.80
1734185719, 29, 35, 71, 2, 0, 0.06%, 9, 0, 7, 254.52
1734185724, 29, 61, 71, 2, 0, 0.06%, 9, 0, 7, 253.37
1734185745, 29, 68, 71, 2, 0, 0.06%, 9, 0, 7, 309.33
1734185765, 29, 70, 71, 2, 0, 0.06%, 9, 0, 7, 289.41
1734185785, 30, 9, 71, 2, 0, 0.06%, 9, 0, 7, 257.51
1734185790, 30, 12, 71, 2, 0, 0.06%, 9, 0, 7, 245.07
1734185795, 30, 14, 71, 2, 0, 0.06%, 9, 0, 7, 240.72
1734185800, 30, 18, 71, 2, 0, 0.06%, 9, 0, 7, 250.72
1734185805, 30, 20, 71, 2, 0, 0.06%, 9, 0, 7, 251.93
1734185830, 30, 23, 71, 2, 0, 0.06%, 9, 0, 7, 248.49
1734185836, 30, 29, 71, 2, 0, 0.06%, 9, 0, 7, 263.43
1734185841, 30, 35, 71, 2, 0, 0.06%, 9, 0, 7, 249.38
1734185846, 30, 40, 71, 2, 0, 0.06%, 9, 0, 7, 257.01
1734185871, 31, 11, 71, 2, 0, 0.06%, 9, 0, 7, 246.79
1734185876, 31, 13, 71, 2, 0, 0.06%, 9, 0, 7, 251.52
1734185881, 31, 18, 71, 2, 0, 0.06%, 9, 0, 7, 235.65
1734185886, 31, 23, 72, 3, 0, 0.06%, 9, 0, 7, 265.45
1734185891, 31, 29, 72, 3, 0, 0.06%, 9, 0, 7, 269.89
1734185901, 31, 35, 72, 3, 0, 0.06%, 9, 0, 7, 241.58
1734185906, 31, 57, 72, 3, 0, 0.06%, 9, 0, 7, 392.56
1734185957, 31, 69, 72, 2, 0, 0.06%, 9, 0, 7, 289.41
1734185983, 32, 11, 72, 2, 0, 0.06%, 9, 0, 7, 244.18
1734185988, 32, 13, 72, 2, 0, 0.06%, 9, 0, 7, 252.46
1734185993, 32, 18, 72, 2, 0, 0.06%, 9, 0, 7, 240.16
1734186003, 32, 23, 72, 2, 0, 0.06%, 9, 0, 7, 261.26
1734186008, 32, 29, 72, 2, 0, 0.06%, 9, 0, 7, 241.21
1734186013, 32, 35, 72, 2, 0, 0.06%, 9, 0, 7, 247.12
1734186019, 32, 57, 72, 2, 0, 0.06%, 9, 0, 7, 278.58
1734186039, 33, 11, 72, 2, 0, 0.06%, 9, 0, 7, 278.30
1734186044, 33, 13, 72, 2, 0, 0.06%, 9, 0, 7, 254.89
1734186049, 33, 14, 72, 2, 0, 0.06%, 9, 0, 7, 247.46
1734186054, 33, 18, 72, 2, 0, 0.06%, 9, 0, 7, 252.03
1734186059, 33, 23, 72, 2, 0, 0.06%, 9, 0, 7, 258.45
1734186064, 33, 29, 72, 2, 0, 0.06%, 9, 0, 7, 236.43
1734186069, 33, 35, 72, 2, 0, 0.06%, 9, 0, 7, 255.46
1734186075, 33, 38, 72, 2, 0, 0.06%, 9, 0, 7, 306.16
1734186126, 33, 39, 72, 1, 0, 0.06%, 9, 0, 7, 264.58
1734186136, 34, 11, 72, 1, 0, 0.06%, 9, 0, 7, 242.59
1734186141, 34, 13, 72, 1, 0, 0.06%, 9, 0, 7, 258.56
1734186146, 34, 18, 72, 1, 0, 0.06%, 9, 0, 7, 251.55
1734186151, 34, 23, 72, 1, 0, 0.06%, 9, 0, 7, 279.05
1734186161, 34, 29, 72, 1, 0, 0.06%, 9, 0, 7, 269.67
1734186166, 34, 35, 72, 1, 0, 0.06%, 9, 0, 7, 249.59
1734186171, 34, 38, 72, 1, 0, 0.06%, 9, 0, 7, 246.50
1734186192, 34, 61, 72, 1, 0, 0.06%, 9, 0, 7, 280.81
1734186212, 34, 61, 73, 2, 0, 0.06%, 9, 0, 7, 283.94
1734186217, 35, 10, 73, 2, 0, 0.06%, 9, 0, 7, 238.98
1734186228, 35, 11, 73, 2, 0, 0.06%, 9, 0, 7, 247.28
1734186233, 35, 13, 73, 2, 0, 0.06%, 9, 0, 7, 250.33
1734186238, 35, 18, 73, 2, 0, 0.06%, 9, 0, 7, 258.88
1734186243, 35, 23, 73, 2, 0, 0.06%, 9, 0, 7, 271.37
1734186248, 35, 28, 73, 2, 0, 0.06%, 9, 0, 7, 261.76
1734186273, 35, 29, 73, 2, 0, 0.06%, 9, 0, 7, 228.77
1734186278, 35, 35, 73, 2, 0, 0.06%, 9, 0, 7, 244.62
1734186284, 36, 1, 73, 2, 0, 0.06%, 9, 0, 7, 250.26
1734186289, 36, 12, 73, 2, 0, 0.06%, 9, 0, 7, 244.58
1734186294, 36, 14, 73, 2, 0, 0.06%, 9, 0, 7, 238.25
1734186299, 36, 18, 73, 2, 0, 0.06%, 9, 0, 7, 259.52
1734186304, 36, 23, 73, 2, 0, 0.06%, 9, 0, 7, 271.50
1734186309, 36, 27, 73, 2, 0, 0.06%, 9, 0, 7, 298.20
1734186329, 36, 29, 73, 2, 0, 0.06%, 9, 0, 7, 242.17
1734186334, 36, 35, 73, 2, 0, 0.06%, 9, 0, 7, 256.91
1734186339, 36, 41, 73, 2, 0, 0.06%, 9, 0, 7, 252.04
1734186365, 37, 11, 73, 2, 0, 0.06%, 9, 0, 7, 253.63
1734186370, 37, 13, 73, 2, 0, 0.06%, 9, 0, 7, 245.25
1734186375, 37, 18, 73, 2, 0, 0.06%, 9, 0, 7, 239.50
1734186380, 37, 23, 73, 2, 0, 0.06%, 9, 0, 7, 270.21
1734186390, 37, 29, 73, 2, 0, 0.06%, 9, 0, 7, 246.46
1734186395, 37, 35, 73, 2, 0, 0.06%, 9, 0, 7, 244.72
1734186400, 37, 36, 73, 2, 0, 0.06%, 9, 0, 7, 300.46
1734186421, 37, 41, 73, 2, 0, 0.06%, 9, 0, 7, 240.29
1734186431, 37, 52, 73, 2, 0, 0.06%, 9, 0, 7, 304.99
1734186451, 37, 56, 73, 2, 0, 0.06%, 9, 0, 7, 270.01
1734186471, 37, 71, 73, 2, 0, 0.06%, 9, 0, 7, 284.45
1734186578, 37, 72, 73, 1, 0, 0.06%, 9, 0, 7, 325.06
1734186583, 37, 72, 74, 2, 0, 0.06%, 9, 0, 8, 439.66
1734186797, 37, 73, 74, 1, 0, 0.06%, 9, 0, 8, 270.53
1734187036, 38, 9, 74, 0, 0, 0.06%, 9, 0, 8, 274.56
1734187041, 38, 12, 74, 0, 0, 0.06%, 9, 0, 8, 245.85
1734187046, 38, 14, 74, 0, 0, 0.06%, 9, 0, 8, 234.50
1734187051, 38, 18, 74, 0, 0, 0.06%, 9, 0, 8, 248.90
1734187056, 38, 23, 74, 0, 0, 0.06%, 9, 0, 8, 258.12
1734187061, 38, 29, 74, 0, 0, 0.06%, 9, 0, 8, 242.93
1734187066, 38, 35, 74, 0, 0, 0.06%, 9, 0, 8, 259.94
1734187071, 38, 41, 74, 0, 0, 0.06%, 9, 0, 8, 256.76
1734187076, 38, 47, 74, 0, 0, 0.06%, 9, 0, 8, 266.45
1734187102, 38, 48, 74, 0, 0, 0.06%, 9, 0, 8, 288.06
1734187123, 39, 11, 74, 0, 0, 0.06%, 9, 0, 8, 252.27
1734187128, 39, 13, 74, 0, 0, 0.06%, 9, 0, 8, 247.89
1734187133, 39, 18, 74, 0, 0, 0.06%, 9, 0, 8, 261.69
1734187138, 39, 23, 74, 0, 0, 0.06%, 9, 0, 8, 269.45
1734187148, 39, 29, 74, 0, 0, 0.06%, 9, 0, 8, 268.12
1734187153, 39, 33, 74, 0, 0, 0.06%, 9, 0, 8, 247.27
1734187173, 39, 35, 74, 0, 0, 0.06%, 9, 0, 8, 229.92
1734187179, 39, 42, 74, 0, 0, 0.06%, 9, 0, 8, 268.85
1734187204, 39, 68, 74, 0, 0, 0.06%, 9, 0, 8, 271.07
1734187224, 40, 9, 74, 0, 0, 0.06%, 9, 0, 8, 258.99
1734187230, 40, 12, 74, 0, 0, 0.06%, 9, 0, 8, 257.53
1734187235, 40, 14, 74, 0, 0, 0.06%, 9, 0, 8, 242.36
1734187240, 40, 18, 74, 0, 0, 0.06%, 9, 0, 8, 262.17
1734187245, 40, 23, 74, 0, 0, 0.06%, 9, 0, 8, 258.73
1734187250, 40, 29, 74, 0, 0, 0.06%, 9, 0, 8, 238.34
1734187255, 40, 35, 74, 0, 0, 0.06%, 9, 0, 8, 246.36
1734187260, 40, 56, 74, 0, 0, 0.06%, 9, 0, 8, 266.94
1734187285, 41, 11, 74, 0, 0, 0.06%, 9, 0, 8, 244.33
1734187290, 41, 13, 74, 0, 0, 0.06%, 9, 0, 8, 244.25
1734187296, 41, 15, 74, 0, 0, 0.06%, 9, 0, 8, 260.83
1734187306, 41, 18, 74, 0, 0, 0.06%, 9, 0, 8, 247.05
1734187316, 41, 23, 74, 0, 0, 0.06%, 9, 0, 8, 249.67
1734187321, 41, 28, 74, 0, 0, 0.06%, 9, 0, 8, 252.54
1734187331, 41, 29, 74, 0, 0, 0.06%, 9, 0, 8, 223.19
1734187336, 41, 35, 74, 0, 0, 0.06%, 9, 0, 8, 247.02
1734187341, 41, 47, 74, 0, 0, 0.06%, 9, 0, 8, 273.94
1734187366, 41, 71, 74, 0, 0, 0.06%, 9, 0, 8, 288.22
1734187386, 42, 11, 74, 0, 0, 0.06%, 9, 0, 8, 263.80
1734187392, 42, 13, 74, 0, 0, 0.06%, 9, 0, 8, 247.87
1734187397, 42, 18, 74, 0, 0, 0.06%, 9, 0, 8, 253.60
1734187402, 42, 23, 74, 0, 0, 0.06%, 9, 0, 8, 254.57
1734187412, 42, 29, 74, 0, 0, 0.06%, 9, 0, 8, 230.62
1734187417, 42, 34, 74, 0, 0, 0.06%, 9, 0, 8, 235.17
1734187437, 42, 35, 74, 0, 0, 0.06%, 9, 0, 8, 266.74
1734187442, 42, 48, 74, 0, 0, 0.06%, 9, 0, 8, 282.85
1734187463, 42, 66, 74, 0, 0, 0.06%, 9, 0, 8, 285.20
1734187488, 42, 67, 74, 0, 0, 0.06%, 9, 0, 8, 325.08
1734187503, 43, 9, 74, 0, 0, 0.06%, 9, 0, 8, 273.07
1734187508, 43, 12, 74, 0, 0, 0.06%, 9, 0, 8, 246.28
1734187513, 43, 14, 74, 0, 0, 0.06%, 9, 0, 8, 252.99
1734187518, 43, 18, 74, 0, 0, 0.06%, 9, 0, 8, 251.79
1734187523, 43, 23, 74, 0, 0, 0.06%, 9, 0, 8, 257.96
1734187528, 43, 25, 74, 0, 0, 0.06%, 9, 0, 8, 249.89
1734187548, 43, 29, 74, 0, 0, 0.06%, 9, 0, 8, 255.79
1734187559, 43, 35, 74, 0, 0, 0.06%, 9, 0, 8, 239.84
1734187564, 43, 38, 74, 0, 0, 0.06%, 9, 0, 8, 243.03
1734187584, 43, 50, 74, 0, 0, 0.06%, 9, 0, 8, 282.23
1734187604, 44, 11, 74, 0, 0, 0.06%, 9, 0, 8, 255.04
1734187609, 44, 12, 74, 0, 0, 0.06%, 9, 0, 8, 248.14
1734187614, 44, 14, 74, 0, 0, 0.06%, 9, 0, 8, 240.14
1734187619, 44, 18, 74, 0, 0, 0.06%, 9, 0, 8, 255.32
1734187624, 44, 20, 74, 0, 0, 0.06%, 9, 0, 8, 248.15
1734187645, 44, 23, 74, 0, 0, 0.06%, 9, 0, 8, 267.45
1734187650, 44, 29, 74, 0, 0, 0.06%, 9, 0, 8, 244.80
1734187655, 44, 35, 74, 0, 0, 0.06%, 9, 0, 8, 245.74
1734187660, 44, 42, 74, 0, 0, 0.06%, 9, 0, 8, 258.13
1734187675, 44, 53, 74, 0, 0, 0.06%, 9, 0, 8, 329.96
1734187696, 44, 60, 74, 0, 0, 0.06%, 9, 0, 8, 308.30
1734187716, 44, 67, 74, 0, 0, 0.06%, 9, 0, 8, 319.74
1734187737, 45, 11, 74, 0, 0, 0.06%, 9, 0, 8, 237.14
1734187742, 45, 12, 74, 0, 0, 0.06%, 9, 0, 8, 243.39
1734187747, 45, 14, 74, 0, 0, 0.06%, 9, 0, 8, 242.55
1734187752, 45, 15, 74, 0, 0, 0.06%, 9, 0, 8, 269.59
1734187757, 45, 16, 74, 0, 0, 0.06%, 9, 0, 8, 340.09
1734187777, 45, 18, 74, 0, 0, 0.06%, 9, 0, 8, 254.89
1734187782, 45, 23, 74, 0, 0, 0.06%, 9, 0, 8, 279.93
1734187787, 45, 28, 74, 0, 0, 0.06%, 9, 0, 8, 259.23
1734187792, 45, 29, 74, 0, 0, 0.06%, 9, 0, 8, 236.34
1734187797, 45, 35, 74, 0, 0, 0.06%, 9, 0, 8, 247.92
1734187802, 45, 57, 74, 0, 0, 0.06%, 9, 0, 8, 271.87
1734187828, 45, 58, 74, 0, 0, 0.06%, 9, 0, 8, 350.40
1734187843, 45, 62, 74, 0, 0, 0.06%, 9, 0, 8, 293.10
1734187868, 46, 12, 74, 0, 0, 0.06%, 9, 0, 8, 244.47
1734187874, 46, 14, 74, 0, 0, 0.06%, 9, 0, 8, 245.71
1734187879, 46, 17, 74, 0, 0, 0.06%, 9, 0, 8, 238.96
1734187899, 46, 18, 74, 0, 0, 0.06%, 9, 0, 8, 249.44
1734187909, 46, 23, 74, 0, 0, 0.06%, 9, 0, 8, 253.02
1734187914, 46, 29, 74, 0, 0, 0.06%, 9, 0, 8, 272.99
1734187919, 46, 30, 74, 0, 0, 0.06%, 9, 0, 8, 236.00
1734187945, 46, 32, 74, 0, 0, 0.06%, 9, 0, 8, 282.38
1734187955, 46, 35, 74, 0, 0, 0.06%, 9, 0, 8, 259.80
1734187960, 47, 11, 74, 0, 0, 0.06%, 9, 0, 8, 259.79
1734187965, 47, 13, 74, 0, 0, 0.06%, 9, 0, 8, 245.94
1734187970, 47, 18, 74, 0, 0, 0.06%, 9, 0, 8, 256.28
1734187975, 47, 23, 74, 0, 0, 0.06%, 9, 0, 8, 258.54
1734187985, 47, 29, 74, 0, 0, 0.06%, 9, 0, 8, 243.54
1734187990, 47, 31, 74, 0, 0, 0.06%, 9, 0, 8, 259.39
1734188010, 47, 35, 74, 0, 0, 0.06%, 9, 0, 8, 249.23
1734188015, 47, 65, 74, 0, 0, 0.06%, 9, 0, 8, 300.99
1734188036, 48, 11, 74, 0, 0, 0.06%, 9, 0, 8, 257.01
1734188041, 48, 12, 74, 0, 0, 0.06%, 9, 0, 8, 259.03
1734188046, 48, 14, 74, 0, 0, 0.06%, 9, 0, 8, 246.87
1734188051, 48, 18, 74, 0, 0, 0.06%, 9, 0, 8, 234.40
1734188056, 48, 23, 74, 0, 0, 0.06%, 9, 0, 8, 243.14
1734188061, 48, 29, 74, 0, 0, 0.06%, 9, 0, 8, 243.81
1734188066, 48, 35, 74, 0, 0, 0.06%, 9, 0, 8, 253.38
1734188072, 48, 52, 74, 0, 0, 0.06%, 9, 0, 8, 291.40
1734188092, 49, 9, 74, 0, 0, 0.06%, 9, 0, 8, 269.18
1734188097, 49, 10, 74, 0, 0, 0.06%, 9, 0, 8, 259.47
1734188102, 49, 12, 74, 0, 0, 0.06%, 9, 0, 8, 243.15
1734188107, 49, 14, 74, 0, 0, 0.06%, 9, 0, 8, 242.56
1734188112, 49, 18, 74, 0, 0, 0.06%, 9, 0, 8, 248.42
1734188117, 49, 20, 74, 0, 0, 0.06%, 9, 0, 8, 253.33
1734188127, 49, 23, 74, 0, 0, 0.06%, 9, 0, 8, 233.90
1734188137, 49, 29, 74, 0, 0, 0.06%, 9, 0, 8, 250.92
1734188142, 49, 35, 74, 0, 0, 0.06%, 9, 0, 8, 255.76
1734188147, 49, 48, 74, 0, 0, 0.06%, 9, 0, 8, 302.15
1734188157, 49, 59, 74, 0, 0, 0.06%, 9, 0, 8, 261.36
1734188178, 50, 8, 74, 0, 0, 0.06%, 9, 0, 8, 244.74
1734188183, 50, 12, 74, 0, 0, 0.06%, 9, 0, 8, 253.00
1734188188, 50, 14, 74, 0, 0, 0.06%, 9, 0, 8, 247.25
1734188193, 50, 18, 74, 0, 0, 0.06%, 9, 0, 8, 247.84
1734188198, 50, 23, 74, 0, 0, 0.06%, 9, 0, 8, 242.87
1734188203, 50, 25, 74, 0, 0, 0.06%, 9, 0, 8, 248.20
1734188224, 50, 29, 74, 0, 0, 0.06%, 9, 0, 8, 247.77
1734188229, 50, 31, 74, 0, 0, 0.06%, 9, 0, 8, 255.12
1734188239, 50, 35, 74, 0, 0, 0.06%, 9, 0, 8, 264.90
1734188249, 50, 53, 74, 0, 0, 0.06%, 9, 0, 8, 296.51
1734188254, 50, 59, 74, 0, 0, 0.06%, 9, 0, 8, 291.67
1734188280, 51, 11, 74, 0, 0, 0.06%, 9, 0, 8, 240.45
1734188285, 51, 13, 74, 0, 0, 0.06%, 9, 0, 8, 255.85
1734188290, 51, 18, 74, 0, 0, 0.06%, 9, 0, 8, 253.73
1734188300, 51, 23, 74, 0, 0, 0.06%, 9, 0, 8, 260.36
1734188305, 51, 29, 74, 0, 0, 0.06%, 9, 0, 8, 244.75
1734188311, 51, 35, 74, 0, 0, 0.06%, 9, 0, 8, 246.27
1734188316, 51, 46, 74, 0, 0, 0.06%, 9, 0, 8, 281.93
1734188336, 51, 62, 74, 0, 0, 0.06%, 9, 0, 8, 235.08
1734188351, 52, 12, 74, 0, 0, 0.06%, 9, 0, 8, 256.30
1734188356, 52, 14, 74, 0, 0, 0.06%, 9, 0, 8, 241.43
1734188361, 52, 17, 74, 0, 0, 0.06%, 9, 0, 8, 239.94
1734188382, 52, 18, 74, 0, 0, 0.06%, 9, 0, 8, 249.25
1734188387, 52, 23, 74, 0, 0, 0.06%, 9, 0, 8, 258.86
1734188392, 52, 29, 74, 0, 0, 0.06%, 9, 0, 8, 246.48
1734188397, 52, 35, 74, 0, 0, 0.06%, 9, 0, 8, 243.39
1734188402, 52, 48, 74, 0, 0, 0.06%, 9, 0, 8, 280.54
1734188407, 52, 62, 74, 0, 0, 0.06%, 9, 0, 8, 282.21
1734188412, 52, 73, 74, 0, 0, 0.06%, 9, 0, 8, 302.97
1734188443, 53, 11, 74, 0, 0, 0.06%, 9, 0, 8, 253.37
1734188448, 53, 13, 74, 0, 0, 0.06%, 9, 0, 8, 261.45
1734188453, 53, 14, 74, 0, 0, 0.06%, 9, 0, 8, 261.75
1734188458, 53, 18, 74, 0, 0, 0.06%, 9, 0, 8, 255.32
1734188463, 53, 23, 74, 0, 0, 0.06%, 9, 0, 8, 254.06
1734188468, 53, 29, 74, 0, 0, 0.06%, 9, 0, 8, 241.11
1734188473, 53, 35, 74, 0, 0, 0.06%, 9, 0, 8, 250.28
1734188478, 54, 11, 74, 0, 0, 0.06%, 9, 0, 8, 250.81
1734188483, 54, 12, 74, 0, 0, 0.06%, 9, 0, 8, 237.19
1734188488, 54, 14, 74, 0, 0, 0.06%, 9, 0, 8, 259.32
1734188494, 54, 18, 74, 0, 0, 0.06%, 9, 0, 8, 269.54
1734188499, 54, 23, 74, 0, 0, 0.06%, 9, 0, 8, 266.11
1734188504, 54, 24, 74, 0, 0, 0.06%, 9, 0, 8, 237.28
1734188524, 54, 28, 74, 0, 0, 0.06%, 9, 0, 8, 241.88
1734188529, 54, 29, 74, 0, 0, 0.06%, 9, 0, 8, 246.77
1734188534, 54, 35, 74, 0, 0, 0.06%, 9, 0, 8, 253.71
1734188539, 54, 41, 74, 0, 0, 0.06%, 9, 0, 8, 269.82
1734188549, 54, 42, 74, 0, 0, 0.06%, 9, 0, 8, 242.46
1734188554, 54, 62, 74, 0, 0, 0.06%, 9, 0, 8, 273.27
1734188559, 55, 11, 74, 0, 0, 0.06%, 9, 0, 8, 261.76
1734188564, 55, 13, 74, 0, 0, 0.06%, 9, 0, 8, 247.67
1734188570, 55, 18, 74, 0, 0, 0.06%, 9, 0, 8, 256.64
1734188575, 55, 23, 74, 0, 0, 0.06%, 9, 0, 8, 257.89
1734188585, 55, 28, 74, 0, 0, 0.06%, 9, 0, 8, 264.20
1734188590, 55, 29, 74, 0, 0, 0.06%, 9, 0, 8, 253.60
1734188595, 55, 35, 74, 0, 0, 0.06%, 9, 0, 8, 267.13
1734188600, 55, 38, 74, 0, 0, 0.06%, 9, 0, 8, 241.75
1734188610, 55, 42, 74, 0, 0, 0.06%, 9, 0, 8, 255.64
1734188615, 55, 73, 74, 0, 0, 0.06%, 9, 0, 8, 272.08
1734188646, 56, 11, 74, 0, 0, 0.06%, 9, 0, 8, 231.71
1734188651, 56, 13, 74, 0, 0, 0.06%, 9, 0, 8, 253.62
1734188656, 56, 14, 74, 0, 0, 0.06%, 9, 0, 8, 257.62
1734188661, 56, 18, 74, 0, 0, 0.06%, 9, 0, 8, 245.61
1734188666, 56, 20, 74, 0, 0, 0.06%, 9, 0, 8, 246.02
1734188671, 56, 23, 74, 0, 0, 0.06%, 9, 0, 8, 253.88
1734188676, 56, 29, 74, 0, 0, 0.06%, 9, 0, 8, 247.21
1734188681, 56, 35, 74, 0, 0, 0.06%, 9, 0, 8, 256.03
1734188686, 56, 64, 74, 0, 0, 0.06%, 9, 0, 8, 269.32
1734188696, 57, 9, 74, 0, 0, 0.06%, 9, 0, 8, 274.92
1734188701, 57, 12, 74, 0, 0, 0.06%, 9, 0, 8, 256.31
1734188706, 57, 14, 74, 0, 0, 0.06%, 9, 0, 8, 254.54
1734188711, 57, 17, 74, 0, 0, 0.06%, 9, 0, 8, 243.49
1734188722, 57, 18, 74, 0, 0, 0.06%, 9, 0, 8, 249.30
1734188727, 57, 22, 74, 0, 0, 0.06%, 9, 0, 8, 258.87
1734188737, 57, 23, 74, 0, 0, 0.06%, 9, 0, 8, 246.39
1734188742, 57, 29, 74, 0, 0, 0.06%, 9, 0, 8, 245.52
1734188752, 57, 35, 74, 0, 0, 0.06%, 9, 0, 8, 265.32
1734188757, 57, 59, 74, 0, 0, 0.06%, 9, 0, 8, 270.49
1734188767, 57, 67, 74, 0, 0, 0.06%, 9, 0, 8, 338.38
1734188788, 57, 72, 74, 0, 0, 0.06%, 9, 0, 8, 329.15
1734188808, 58, 11, 74, 0, 0, 0.06%, 9, 0, 8, 250.62
1734188813, 58, 13, 74, 0, 0, 0.06%, 9, 0, 8, 236.57
1734188818, 58, 18, 74, 0, 0, 0.06%, 9, 0, 8, 246.30
1734188823, 58, 23, 74, 0, 0, 0.06%, 9, 0, 8, 255.39
1734188833, 58, 29, 74, 0, 0, 0.06%, 9, 0, 8, 262.95
1734188838, 58, 35, 74, 0, 0, 0.06%, 9, 0, 8, 242.41
1734188843, 58, 40, 74, 0, 0, 0.06%, 9, 0, 8, 241.46
1734188854, 59, 9, 74, 0, 0, 0.06%, 9, 0, 8, 268.69
1734188859, 59, 12, 74, 0, 0, 0.06%, 9, 0, 8, 241.42
1734188864, 59, 14, 74, 0, 0, 0.06%, 9, 0, 8, 250.33
1734188869, 59, 18, 74, 0, 0, 0.06%, 9, 0, 8, 261.57
1734188874, 59, 23, 74, 0, 0, 0.06%, 9, 0, 8, 244.89
1734188879, 59, 24, 74, 0, 0, 0.06%, 9, 0, 8, 247.56
1734188889, 59, 27, 74, 0, 0, 0.06%, 9, 0, 8, 305.10
1734188910, 59, 29, 74, 0, 0, 0.06%, 9, 0, 8, 258.07
1734188915, 59, 35, 74, 0, 0, 0.06%, 9, 0, 8, 265.71
1734188920, 59, 59, 74, 0, 0, 0.06%, 9, 0, 8, 266.26
1734188925, 59, 62, 74, 0, 0, 0.06%, 9, 0, 8, 285.00
1734188930, 60, 11, 74, 0, 0, 0.06%, 9, 0, 8, 260.82
1734188935, 60, 13, 74, 0, 0, 0.06%, 9, 0, 8, 258.71
1734188940, 60, 15, 74, 0, 0, 0.06%, 9, 0, 8, 254.78
1734188945, 60, 18, 74, 0, 0, 0.06%, 9, 0, 8, 257.36
1734188955, 60, 23, 74, 0, 0, 0.06%, 9, 0, 8, 260.77
1734188960, 60, 29, 74, 0, 0, 0.06%, 9, 0, 8, 255.68
1734188965, 60, 31, 74, 0, 0, 0.06%, 9, 0, 8, 266.59
1734188970, 60, 35, 74, 0, 0, 0.06%, 9, 0, 8, 258.86
1734188976, 60, 36, 74, 0, 0, 0.06%, 9, 0, 8, 292.36
1734188996, 61, 9, 74, 0, 0, 0.06%, 9, 0, 8, 244.53
1734189001, 61, 12, 74, 0, 0, 0.06%, 9, 0, 8, 247.73
1734189006, 61, 14, 74, 0, 0, 0.06%, 9, 0, 8, 247.56
1734189011, 61, 18, 74, 0, 0, 0.06%, 9, 0, 8, 258.10
1734189016, 61, 23, 74, 0, 0, 0.06%, 9, 0, 8, 248.38
1734189021, 61, 25, 74, 0, 0, 0.06%, 9, 0, 8, 257.67
1734189031, 61, 29, 74, 0, 0, 0.06%, 9, 0, 8, 257.59
1734189036, 61, 33, 74, 0, 0, 0.06%, 9, 0, 8, 257.43
1734189062, 61, 35, 74, 0, 0, 0.06%, 9, 0, 8, 253.86
1734189067, 61, 38, 74, 0, 0, 0.06%, 9, 0, 8, 258.23
1734189072, 61, 58, 74, 0, 0, 0.06%, 9, 0, 8, 327.19
1734189092, 61, 72, 74, 0, 0, 0.06%, 9, 0, 8, 320.42
1734189113, 62, 11, 74, 0, 0, 0.06%, 9, 0, 8, 245.60
1734189118, 62, 13, 74, 0, 0, 0.06%, 9, 0, 8, 242.78
1734189123, 62, 14, 74, 0, 0, 0.06%, 9, 0, 8, 244.72
1734189128, 62, 18, 74, 0, 0, 0.06%, 9, 0, 8, 247.30
1734189133, 62, 23, 74, 0, 0, 0.06%, 9, 0, 8, 251.16
1734189138, 62, 29, 74, 0, 0, 0.06%, 9, 0, 8, 249.45
1734189143, 62, 35, 74, 0, 0, 0.06%, 9, 0, 8, 251.79
1734189148, 62, 39, 74, 0, 0, 0.06%, 9, 0, 8, 254.69
1734189153, 62, 43, 74, 0, 0, 0.06%, 9, 0, 8, 244.00
1734189179, 62, 48, 74, 0, 0, 0.06%, 9, 0, 8, 290.98
1734189184, 62, 57, 74, 0, 0, 0.06%, 9, 0, 8, 281.35
1734189194, 63, 11, 74, 0, 0, 0.06%, 9, 0, 8, 267.14
1734189199, 63, 13, 74, 0, 0, 0.06%, 9, 0, 8, 248.78
1734189204, 63, 18, 74, 0, 0, 0.06%, 9, 0, 8, 247.57
1734189214, 63, 23, 74, 0, 0, 0.06%, 9, 0, 8, 267.57
1734189219, 63, 29, 74, 0, 0, 0.06%, 9, 0, 8, 256.12
1734189224, 63, 35, 74, 0, 0, 0.06%, 9, 0, 8, 257.75
1734189229, 63, 66, 74, 0, 0, 0.06%, 9, 0, 8, 291.43
1734189239, 63, 71, 74, 0, 0, 0.06%, 9, 0, 8, 290.97
1734189260, 64, 11, 74, 0, 0, 0.06%, 9, 0, 8, 264.40
1734189265, 64, 13, 74, 0, 0, 0.06%, 9, 0, 8, 252.19
1734189270, 64, 18, 74, 0, 0, 0.06%, 9, 0, 8, 251.12
1734189280, 64, 23, 74, 0, 0, 0.06%, 9, 0, 8, 254.39
1734189285, 64, 29, 74, 0, 0, 0.06%, 9, 0, 8, 263.44
1734189290, 64, 30, 74, 0, 0, 0.06%, 9, 0, 8, 230.26
1734189300, 64, 33, 74, 0, 0, 0.06%, 9, 0, 8, 245.17
1734189310, 64, 35, 74, 0, 0, 0.06%, 9, 0, 8, 260.50
1734189316, 64, 43, 74, 0, 0, 0.06%, 9, 0, 8, 263.65
1734189341, 64, 45, 74, 0, 0, 0.06%, 9, 0, 8, 259.74
1734189361, 64, 72, 74, 0, 0, 0.06%, 9, 0, 8, 285.59
1734189382, 65, 9, 74, 0, 0, 0.06%, 9, 0, 8, 279.61
1734189387, 65, 12, 74, 0, 0, 0.06%, 9, 0, 8, 263.09
1734189392, 65, 14, 74, 0, 0, 0.06%, 9, 0, 8, 255.92
1734189397, 65, 18, 74, 0, 0, 0.06%, 9, 0, 8, 255.64
1734189402, 65, 23, 74, 0, 0, 0.06%, 9, 0, 8, 259.08
1734189407, 65, 27, 74, 0, 0, 0.06%, 9, 0, 8, 309.96
1734189417, 65, 29, 74, 0, 0, 0.06%, 9, 0, 8, 247.67
1734189423, 65, 35, 74, 0, 0, 0.06%, 9, 0, 8, 260.27
1734189428, 65, 53, 74, 0, 0, 0.06%, 9, 0, 8, 295.81
1734189433, 66, 11, 74, 0, 0, 0.06%, 9, 0, 8, 267.43
1734189438, 66, 13, 74, 0, 0, 0.06%, 9, 0, 8, 255.08
1734189443, 66, 14, 74, 0, 0, 0.06%, 9, 0, 8, 246.76
1734189448, 66, 18, 74, 0, 0, 0.06%, 9, 0, 8, 248.50
1734189453, 66, 23, 74, 0, 0, 0.06%, 9, 0, 8, 250.82
1734189458, 66, 29, 74, 0, 0, 0.06%, 9, 0, 8, 242.95
1734189463, 66, 35, 74, 0, 0, 0.06%, 9, 0, 8, 247.30
1734189468, 66, 60, 74, 0, 0, 0.06%, 9, 0, 8, 285.23
1734189489, 66, 70, 74, 0, 0, 0.06%, 9, 0, 8, 276.67
1734189509, 66, 72, 74, 0, 0, 0.06%, 9, 0, 8, 271.23
1734189529, 67, 9, 74, 0, 0, 0.06%, 9, 0, 8, 265.35
1734189534, 67, 12, 74, 0, 0, 0.06%, 9, 0, 8, 238.64
1734189539, 67, 14, 74, 0, 0, 0.06%, 9, 0, 8, 237.30
1734189545, 67, 18, 74, 0, 0, 0.06%, 9, 0, 8, 243.66
1734189550, 67, 23, 74, 0, 0, 0.06%, 9, 0, 8, 242.48
1734189555, 67, 29, 74, 0, 0, 0.06%, 9, 0, 8, 238.53
1734189560, 67, 35, 74, 0, 0, 0.06%, 9, 0, 8, 261.23
1734189565, 67, 37, 74, 0, 0, 0.06%, 9, 0, 8, 286.74
1734189590, 68, 12, 74, 0, 0, 0.06%, 9, 0, 8, 246.86
1734189595, 68, 14, 74, 0, 0, 0.06%, 9, 0, 8, 257.07
1734189600, 68, 18, 74, 0, 0, 0.06%, 9, 0, 8, 257.74
1734189605, 68, 23, 74, 0, 0, 0.06%, 9, 0, 8, 248.77
1734189610, 68, 29, 74, 0, 0, 0.06%, 9, 0, 8, 249.15
1734189615, 68, 35, 74, 0, 0, 0.06%, 9, 0, 8, 254.15
1734189626, 68, 46, 74, 0, 0, 0.06%, 9, 0, 8, 283.76
1734189646, 68, 53, 74, 0, 0, 0.06%, 9, 0, 8, 279.66
1734189651, 68, 64, 74, 0, 0, 0.06%, 9, 0, 8, 300.75
1734189661, 69, 11, 74, 0, 0, 0.06%, 9, 0, 8, 257.08
1734189666, 69, 13, 74, 0, 0, 0.06%, 9, 0, 8, 249.37
1734189671, 69, 18, 74, 0, 0, 0.06%, 9, 0, 8, 257.95
1734189681, 69, 23, 74, 0, 0, 0.06%, 9, 0, 8, 248.26
1734189687, 69, 29, 74, 0, 0, 0.06%, 9, 0, 8, 247.00
1734189692, 69, 35, 74, 0, 0, 0.06%, 9, 0, 8, 260.54
1734189697, 70, 11, 74, 0, 0, 0.06%, 9, 0, 8, 246.58
1734189702, 70, 12, 74, 0, 0, 0.06%, 9, 0, 8, 247.43
1734189707, 70, 14, 74, 0, 0, 0.06%, 9, 0, 8, 247.58
1734189712, 70, 18, 74, 0, 0, 0.06%, 9, 0, 8, 263.51
1734189717, 70, 23, 74, 0, 0, 0.06%, 9, 0, 8, 267.64
1734189722, 70, 29, 74, 0, 0, 0.06%, 9, 0, 8, 250.45
1734189727, 70, 35, 74, 0, 0, 0.06%, 9, 0, 8, 256.28
1734189732, 70, 56, 74, 0, 0, 0.06%, 9, 0, 8, 261.69
1734189742, 70, 63, 74, 0, 0, 0.06%, 9, 0, 8, 286.06
1734189768, 70, 68, 74, 0, 0, 0.06%, 9, 0, 8, 295.78
1734189788, 71, 8, 74, 0, 0, 0.06%, 9, 0, 8, 266.60
1734189793, 71, 11, 74, 0, 0, 0.06%, 9, 0, 8, 245.02
1734189798, 71, 13, 74, 0, 0, 0.06%, 9, 0, 8, 244.90
1734189803, 71, 14, 74, 0, 0, 0.06%, 9, 0, 8, 254.27
1734189808, 71, 15, 74, 0, 0, 0.06%, 9, 0, 8, 258.52
1734189813, 71, 18, 74, 0, 0, 0.06%, 9, 0, 8, 251.40
1734189818, 71, 22, 74, 0, 0, 0.06%, 9, 0, 8, 262.54
1734189824, 71, 23, 74, 0, 0, 0.06%, 9, 0, 8, 261.04
1734189829, 71, 24, 74, 0, 0, 0.06%, 9, 0, 8, 261.79
1734189834, 71, 29, 74, 0, 0, 0.06%, 9, 0, 8, 243.46
1734189839, 71, 30, 74, 0, 0, 0.06%, 9, 0, 8, 248.59
1734189844, 71, 32, 74, 0, 0, 0.06%, 9, 0, 8, 254.90
1734189849, 71, 35, 74, 0, 0, 0.06%, 9, 0, 8, 259.24
1734189859, 71, 58, 74, 0, 0, 0.06%, 9, 0, 8, 297.32
1734189864, 71, 63, 74, 0, 0, 0.06%, 9, 0, 8, 302.24
1734189890, 71, 64, 74, 0, 0, 0.06%, 9, 0, 8, 261.53
1734189895, 72, 11, 74, 0, 0, 0.06%, 9, 0, 8, 246.51
1734189900, 72, 13, 74, 0, 0, 0.06%, 9, 0, 8, 253.46
1734189905, 72, 18, 74, 0, 0, 0.06%, 9, 0, 8, 252.48
1734189910, 72, 19, 74, 0, 0, 0.06%, 9, 0, 8, 288.92
1734189930, 72, 23, 74, 0, 0, 0.06%, 9, 0, 8, 256.97
1734189935, 72, 29, 74, 0, 0, 0.06%, 9, 0, 8, 245.97
1734189940, 72, 35, 74, 0, 0, 0.06%, 9, 0, 8, 267.83
1734189946, 73, 9, 74, 0, 0, 0.06%, 9, 0, 8, 249.77
1734189951, 73, 12, 74, 0, 0, 0.06%, 9, 0, 8, 237.21
1734189956, 73, 14, 74, 0, 0, 0.06%, 9, 0, 8, 244.54
1734189961, 73, 18, 74, 0, 0, 0.06%, 9, 0, 8, 252.79
1734189966, 73, 23, 74, 0, 0, 0.06%, 9, 0, 8, 256.51
1734189971, 73, 29, 74, 0, 0, 0.06%, 9, 0, 8, 243.66
1734189976, 73, 30, 74, 0, 0, 0.06%, 9, 0, 8, 250.18
1734189986, 73, 35, 74, 0, 0, 0.06%, 9, 0, 8, 262.68
1734189991, 73, 73, 74, 0, 0, 0.06%, 9, 0, 8, 328.20
1734190017, 74, 11, 74, 0, 0, 0.06%, 9, 0, 8, 258.83
1734190022, 74, 13, 74, 0, 0, 0.06%, 9, 0, 8, 238.88
1734190027, 74, 18, 74, 0, 0, 0.06%, 9, 0, 8, 256.60
1734190037, 74, 23, 74, 0, 0, 0.06%, 9, 0, 8, 259.95
1734190042, 74, 25, 74, 0, 0, 0.06%, 9, 0, 8, 259.49
1734190047, 74, 29, 74, 0, 0, 0.06%, 9, 0, 8, 237.15
1734190052, 74, 35, 74, 0, 0, 0.06%, 9, 0, 8, 243.72
1734190058, 74, 50, 74, 0, 0, 0.06%, 9, 0, 8, 291.43
1734190068, 75, 11, 74, 0, 0, 0.06%, 9, 0, 8, 274.74
1734190073, 75, 12, 74, 0, 0, 0.06%, 9, 0, 8, 246.23
1734190078, 75, 14, 74, 0, 0, 0.06%, 9, 0, 8, 262.91
1734190083, 75, 18, 74, 0, 0, 0.06%, 9, 0, 8, 264.29
1734190088, 75, 23, 74, 0, 0, 0.06%, 9, 0, 8, 258.52
1734190093, 75, 29, 74, 0, 0, 0.06%, 9, 0, 8, 263.30
1734190098, 75, 32, 74, 0, 0, 0.06%, 9, 0, 8, 269.83
1734190103, 75, 35, 74, 0, 0, 0.06%, 9, 0, 8, 255.75
1734190108, 75, 46, 74, 0, 0, 0.06%, 9, 0, 8, 273.23
1734190118, 75, 53, 74, 0, 0, 0.06%, 9, 0, 8, 268.76
1734190123, 75, 58, 74, 0, 0, 0.06%, 9, 0, 8, 272.24
1734190129, 75, 59, 74, 0, 0, 0.06%, 9, 0, 8, 275.52
1734190134, 75, 73, 74, 0, 0, 0.06%, 9, 0, 8, 293.03
1734190164, 76, 9, 74, 0, 0, 0.06%, 9, 0, 8, 254.39
1734190169, 76, 12, 74, 0, 0, 0.06%, 9, 0, 8, 259.76
1734190174, 76, 14, 74, 0, 0, 0.06%, 9, 0, 8, 252.16
1734190179, 76, 15, 74, 0, 0, 0.06%, 9, 0, 8, 266.97
1734190184, 76, 18, 74, 0, 0, 0.06%, 9, 0, 8, 251.43
1734190189, 76, 23, 74, 0, 0, 0.06%, 9, 0, 8, 270.90
1734190194, 76, 24, 74, 0, 0, 0.06%, 9, 0, 8, 240.01
1734190199, 76, 29, 74, 0, 0, 0.06%, 9, 0, 8, 242.93
1734190204, 76, 35, 74, 0, 0, 0.06%, 9, 0, 8, 259.51
1734190209, 77, 9, 74, 0, 0, 0.06%, 9, 0, 8, 272.69
1734190214, 77, 12, 74, 0, 0, 0.06%, 9, 0, 8, 265.54
1734190220, 77, 14, 74, 0, 0, 0.06%, 9, 0, 8, 254.71
1734190225, 77, 18, 74, 0, 0, 0.06%, 9, 0, 8, 265.09
1734190230, 77, 23, 74, 0, 0, 0.06%, 9, 0, 8, 284.97
1734190235, 77, 29, 74, 0, 0, 0.06%, 9, 0, 8, 250.92
1734190240, 77, 35, 74, 0, 0, 0.06%, 9, 0, 8, 256.31
1734190245, 77, 42, 74, 0, 0, 0.06%, 9, 0, 8, 248.82
1734190250, 77, 63, 74, 0, 0, 0.06%, 9, 0, 8, 275.17
1734190260, 77, 71, 74, 0, 0, 0.06%, 9, 0, 8, 252.54
1734190280, 78, 11, 74, 0, 0, 0.06%, 9, 0, 8, 267.31
1734190285, 78, 12, 74, 0, 0, 0.06%, 9, 0, 8, 256.40
1734190290, 78, 14, 74, 0, 0, 0.06%, 9, 0, 8, 261.49
1734190295, 78, 18, 74, 0, 0, 0.06%, 9, 0, 8, 270.11
1734190300, 78, 23, 74, 0, 0, 0.06%, 9, 0, 8, 270.09
1734190305, 78, 29, 74, 0, 0, 0.06%, 9, 0, 8, 260.21
1734190310, 78, 35, 74, 0, 0, 0.06%, 9, 0, 8, 247.29
1734190315, 78, 54, 74, 0, 0, 0.06%, 9, 0, 8, 279.32
1734190336, 78, 66, 74, 0, 0, 0.06%, 9, 0, 8, 294.63
1734190346, 79, 3, 74, 0, 0, 0.06%, 9, 0, 8, 249.81
1734190351, 79, 12, 74, 0, 0, 0.06%, 9, 0, 8, 252.31
1734190356, 79, 13, 74, 0, 0, 0.06%, 9, 0, 8, 257.51
1734190361, 79, 18, 74, 0, 0, 0.06%, 9, 0, 8, 252.63
1734190366, 79, 23, 74, 0, 0, 0.06%, 9, 0, 8, 259.74
1734190371, 79, 29, 74, 0, 0, 0.06%, 9, 0, 8, 250.51
1734190381, 79, 34, 74, 0, 0, 0.06%, 9, 0, 8, 238.56
1734190402, 79, 35, 74, 0, 0, 0.06%, 9, 0, 8, 267.78
1734190407, 79, 68, 74, 0, 0, 0.06%, 9, 0, 8, 288.50
1734190427, 80, 11, 74, 0, 0, 0.06%, 9, 0, 8, 261.32
1734190433, 80, 13, 74, 0, 0, 0.06%, 9, 0, 8, 249.49
1734190438, 80, 18, 74, 0, 0, 0.06%, 9, 0, 8, 254.08
1734190443, 80, 23, 74, 0, 0, 0.06%, 9, 0, 8, 257.86
1734190453, 80, 29, 74, 0, 0, 0.06%, 9, 0, 8, 253.12
1734190458, 80, 35, 74, 0, 0, 0.06%, 9, 0, 8, 268.95
1734190463, 80, 41, 74, 0, 0, 0.06%, 9, 0, 8, 277.08
1734190468, 80, 46, 74, 0, 0, 0.06%, 9, 0, 8, 266.79
1734190473, 80, 54, 74, 0, 0, 0.06%, 9, 0, 8, 259.31
1734190493, 80, 62, 74, 0, 0, 0.06%, 9, 0, 8, 300.46
1734190498, 80, 63, 74, 0, 0, 0.06%, 9, 0, 8, 293.45
1734190508, 80, 65, 74, 0, 0, 0.06%, 9, 0, 8, 330.45
1734190529, 80, 68, 74, 0, 0, 0.06%, 9, 0, 8, 296.90
1734190539, 81, 11, 74, 0, 0, 0.06%, 9, 0, 8, 246.02
1734190544, 81, 13, 74, 0, 0, 0.06%, 9, 0, 8, 242.75
1734190549, 81, 18, 74, 0, 0, 0.06%, 9, 0, 8, 251.77
1734190554, 81, 23, 74, 0, 0, 0.06%, 9, 0, 8, 270.46
1734190559, 81, 27, 74, 0, 0, 0.06%, 9, 0, 8, 279.11
1734190564, 81, 29, 74, 0, 0, 0.06%, 9, 0, 8, 265.35
1734190575, 81, 30, 74, 0, 0, 0.06%, 9, 0, 8, 247.94
1734190580, 81, 35, 74, 0, 0, 0.06%, 9, 0, 8, 250.35
1734190585, 81, 67, 74, 0, 0, 0.06%, 9, 0, 8, 311.23
1734190595, 82, 11, 74, 0, 0, 0.06%, 9, 0, 8, 248.39
1734190600, 82, 13, 74, 0, 0, 0.06%, 9, 0, 8, 251.26
1734190605, 82, 18, 74, 0, 0, 0.06%, 9, 0, 8, 264.88
1734190615, 82, 23, 74, 0, 0, 0.06%, 9, 0, 8, 257.97
1734190620, 82, 29, 74, 0, 0, 0.06%, 9, 0, 8, 247.95
1734190625, 82, 35, 74, 0, 0, 0.06%, 9, 0, 8, 251.55
1734190630, 83, 11, 74, 0, 0, 0.06%, 9, 0, 8, 255.19
1734190635, 83, 13, 74, 0, 0, 0.06%, 9, 0, 8, 246.42
1734190641, 83, 18, 74, 0, 0, 0.06%, 9, 0, 8, 250.62
1734190646, 83, 23, 74, 0, 0, 0.06%, 9, 0, 8, 255.35
1734190656, 83, 29, 74, 0, 0, 0.06%, 9, 0, 8, 252.24
1734190661, 83, 35, 74, 0, 0, 0.06%, 9, 0, 8, 262.79
1734190666, 83, 49, 74, 0, 0, 0.06%, 9, 0, 8, 258.41
1734190687, 83, 62, 74, 0, 0, 0.06%, 9, 0, 8, 266.07
1734190697, 84, 12, 74, 0, 0, 0.06%, 9, 0, 8, 233.76
1734190702, 84, 14, 74, 0, 0, 0.06%, 9, 0, 8, 241.56
1734190707, 84, 18, 74, 0, 0, 0.06%, 9, 0, 8, 243.19
1734190712, 84, 22, 74, 0, 0, 0.06%, 9, 0, 8, 264.36
1734190718, 84, 23, 74, 0, 0, 0.06%, 9, 0, 8, 247.53
1734190723, 84, 29, 74, 0, 0, 0.06%, 9, 0, 8, 252.27
1734190728, 84, 35, 74, 0, 0, 0.06%, 9, 0, 8, 262.11
1734190738, 85, 12, 74, 0, 0, 0.06%, 9, 0, 8, 246.28
1734190743, 85, 13, 74, 0, 0, 0.06%, 9, 0, 8, 242.41
1734190748, 85, 18, 74, 0, 0, 0.06%, 9, 0, 8, 249.03
1734190753, 85, 23, 74, 0, 0, 0.06%, 9, 0, 8, 259.72
1734190758, 85, 27, 74, 0, 0, 0.06%, 9, 0, 8, 284.22
1734190763, 85, 29, 74, 0, 0, 0.06%, 9, 0, 8, 249.92
1734190768, 85, 35, 74, 0, 0, 0.06%, 9, 0, 8, 263.76
1734190773, 85, 47, 74, 0, 0, 0.06%, 9, 0, 8, 263.54
1734190788, 86, 12, 74, 0, 0, 0.06%, 9, 0, 8, 246.06
1734190794, 86, 14, 74, 0, 0, 0.06%, 9, 0, 8, 247.66
1734190799, 86, 18, 74, 0, 0, 0.06%, 9, 0, 8, 267.10
1734190804, 86, 23, 74, 0, 0, 0.06%, 9, 0, 8, 270.37
1734190809, 86, 29, 74, 0, 0, 0.06%, 9, 0, 8, 251.13
1734190814, 86, 35, 74, 0, 0, 0.06%, 9, 0, 8, 251.24
1734190819, 86, 70, 74, 0, 0, 0.06%, 9, 0, 8, 252.18
1734190844, 87, 11, 74, 0, 0, 0.06%, 9, 0, 8, 243.03
1734190849, 87, 13, 74, 0, 0, 0.06%, 9, 0, 8, 243.88
1734190854, 87, 18, 74, 0, 0, 0.06%, 9, 0, 8, 248.69
1734190859, 87, 23, 74, 0, 0, 0.06%, 9, 0, 8, 254.13
1734190870, 87, 29, 74, 0, 0, 0.06%, 9, 0, 8, 253.37
1734190875, 87, 32, 74, 0, 0, 0.06%, 9, 0, 8, 266.30
1734190880, 87, 35, 74, 0, 0, 0.06%, 9, 0, 8, 273.98
1734190885, 87, 57, 74, 0, 0, 0.06%, 9, 0, 8, 278.65
1734190890, 87, 63, 74, 0, 0, 0.06%, 9, 0, 8, 258.85
1734190895, 88, 11, 74, 0, 0, 0.06%, 9, 0, 8, 251.48
1734190900, 88, 13, 74, 0, 0, 0.06%, 9, 0, 8, 249.48
1734190905, 88, 14, 74, 0, 0, 0.06%, 9, 0, 8, 259.62
1734190910, 88, 18, 74, 0, 0, 0.06%, 9, 0, 8, 263.78
1734190915, 88, 23, 74, 0, 0, 0.06%, 9, 0, 8, 249.58
1734190920, 88, 27, 74, 0, 0, 0.06%, 9, 0, 8, 273.81
1734190925, 88, 29, 74, 0, 0, 0.06%, 9, 0, 8, 253.44
1734190930, 88, 35, 74, 0, 0, 0.06%, 9, 0, 8, 257.28
1734190935, 89, 11, 74, 0, 0, 0.06%, 9, 0, 8, 243.92
1734190940, 89, 13, 74, 0, 0, 0.06%, 9, 0, 8, 253.28
1734190945, 89, 14, 74, 0, 0, 0.06%, 9, 0, 8, 250.58
1734190950, 89, 18, 74, 0, 0, 0.06%, 9, 0, 8, 257.58
1734190955, 89, 23, 74, 0, 0, 0.06%, 9, 0, 8, 255.85
1734190960, 89, 29, 74, 0, 0, 0.06%, 9, 0, 8, 245.13
1734190965, 89, 35, 74, 0, 0, 0.06%, 9, 0, 8, 245.88
1734190971, 89, 44, 74, 0, 0, 0.06%, 9, 0, 8, 253.60
1734190996, 90, 11, 74, 0, 0, 0.06%, 9, 0, 8, 256.47
1734191001, 90, 13, 74, 0, 0, 0.06%, 9, 0, 8, 247.98
1734191006, 90, 14, 74, 0, 0, 0.06%, 9, 0, 8, 242.64
1734191011, 90, 18, 74, 0, 0, 0.06%, 9, 0, 8, 253.77
1734191016, 90, 23, 74, 0, 0, 0.06%, 9, 0, 8, 251.76
1734191021, 90, 29, 74, 0, 0, 0.06%, 9, 0, 8, 251.55
1734191026, 90, 35, 74, 0, 0, 0.06%, 9, 0, 8, 255.64
1734191032, 91, 10, 74, 0, 0, 0.06%, 9, 0, 8, 245.02
1734191037, 91, 12, 74, 0, 0, 0.06%, 9, 0, 8, 255.02
1734191042, 91, 14, 74, 0, 0, 0.06%, 9, 0, 8, 255.09
1734191047, 91, 18, 74, 0, 0, 0.06%, 9, 0, 8, 257.74
1734191052, 91, 23, 74, 0, 0, 0.06%, 9, 0, 8, 262.65
1734191057, 91, 29, 74, 0, 0, 0.06%, 9, 0, 8, 254.01
1734191062, 91, 35, 74, 0, 0, 0.06%, 9, 0, 8, 251.15
1734191067, 91, 36, 74, 0, 0, 0.06%, 9, 0, 8, 248.73
1734191077, 91, 41, 74, 0, 0, 0.06%, 9, 0, 8, 266.94
1734191087, 91, 43, 74, 0, 0, 0.06%, 9, 0, 8, 244.51
1734191098, 91, 60, 74, 0, 0, 0.06%, 9, 0, 8, 295.63
1734191108, 92, 11, 74, 0, 0, 0.06%, 9, 0, 8, 251.61
1734191113, 92, 13, 74, 0, 0, 0.06%, 9, 0, 8, 243.00
1734191118, 92, 18, 74, 0, 0, 0.06%, 9, 0, 8, 245.68
1734191123, 92, 23, 74, 0, 0, 0.06%, 9, 0, 8, 236.27
1734191134, 92, 29, 74, 0, 0, 0.06%, 9, 0, 8, 247.98
1734191139, 92, 35, 74, 0, 0, 0.06%, 9, 0, 8, 263.88
1734191144, 93, 11, 74, 0, 0, 0.06%, 9, 0, 8, 257.09
1734191149, 93, 13, 74, 0, 0, 0.06%, 9, 0, 8, 264.40
1734191154, 93, 18, 74, 0, 0, 0.06%, 9, 0, 8, 241.77
1734191159, 93, 23, 74, 0, 0, 0.06%, 9, 0, 8, 243.48
1734191164, 93, 29, 74, 0, 0, 0.06%, 9, 0, 8, 244.89
1734191175, 93, 35, 74, 0, 0, 0.06%, 9, 0, 8, 249.99
1734191180, 93, 43, 74, 0, 0, 0.06%, 9, 0, 8, 243.11
1734191185, 94, 11, 74, 0, 0, 0.06%, 9, 0, 8, 241.64
1734191190, 94, 13, 74, 0, 0, 0.06%, 9, 0, 8, 253.23
1734191195, 94, 18, 74, 0, 0, 0.06%, 9, 0, 8, 249.45
1734191200, 94, 23, 74, 0, 0, 0.06%, 9, 0, 8, 249.62
1734191205, 94, 29, 74, 0, 0, 0.06%, 9, 0, 8, 252.09
1734191215, 94, 31, 74, 0, 0, 0.06%, 9, 0, 8, 268.73
1734191220, 94, 35, 74, 0, 0, 0.06%, 9, 0, 8, 272.74
1734191225, 95, 11, 74, 0, 0, 0.06%, 9, 0, 8, 255.01
1734191230, 95, 13, 74, 0, 0, 0.06%, 9, 0, 8, 243.76
1734191236, 95, 16, 74, 0, 0, 0.06%, 9, 0, 8, 264.23
1734191246, 95, 18, 74, 0, 0, 0.06%, 9, 0, 8, 258.95
1734191251, 95, 23, 74, 0, 0, 0.06%, 9, 0, 8, 280.98
1734191261, 95, 29, 74, 0, 0, 0.06%, 9, 0, 8, 243.19
1734191266, 95, 35, 74, 0, 0, 0.06%, 9, 0, 8, 257.46
1734191271, 95, 67, 74, 0, 0, 0.06%, 9, 0, 8, 316.69
1734191281, 95, 69, 74, 0, 0, 0.06%, 9, 0, 8, 273.27
1734191301, 95, 71, 74, 0, 0, 0.06%, 9, 0, 8, 278.39
1734191322, 96, 6, 74, 0, 0, 0.06%, 9, 0, 8, 243.22
1734191327, 96, 12, 74, 0, 0, 0.06%, 9, 0, 8, 245.95
1734191332, 96, 14, 74, 0, 0, 0.06%, 9, 0, 8, 247.13
1734191337, 96, 18, 74, 0, 0, 0.06%, 9, 0, 8, 256.77
1734191342, 96, 23, 74, 0, 0, 0.06%, 9, 0, 8, 248.12
1734191347, 96, 29, 74, 0, 0, 0.06%, 9, 0, 8, 242.58
1734191352, 96, 32, 74, 0, 0, 0.06%, 9, 0, 8, 256.67
1734191357, 96, 35, 74, 0, 0, 0.06%, 9, 0, 8, 269.03
1734191367, 96, 56, 74, 0, 0, 0.06%, 9, 0, 8, 265.14
1734191372, 96, 59, 74, 0, 0, 0.06%, 9, 0, 8, 260.26
1734191377, 97, 11, 74, 0, 0, 0.06%, 9, 0, 8, 246.47
1734191382, 97, 13, 74, 0, 0, 0.06%, 9, 0, 8, 244.51
1734191388, 97, 14, 74, 0, 0, 0.06%, 9, 0, 8, 234.32
1734191393, 97, 18, 74, 0, 0, 0.06%, 9, 0, 8, 238.67
1734191398, 97, 21, 74, 0, 0, 0.06%, 9, 0, 8, 294.99
1734191418, 97, 23, 74, 0, 0, 0.06%, 9, 0, 8, 248.79
1734191423, 97, 29, 74, 0, 0, 0.06%, 9, 0, 8, 254.88
1734191428, 97, 35, 74, 0, 0, 0.06%, 9, 0, 8, 254.88
1734191434, 97, 37, 74, 0, 0, 0.06%, 9, 0, 8, 298.66
1734191444, 97, 47, 74, 0, 0, 0.06%, 9, 0, 8, 295.44
1734191449, 97, 70, 74, 0, 0, 0.06%, 9, 0, 8, 267.91
1734191469, 98, 9, 74, 0, 0, 0.06%, 9, 0, 8, 279.26
1734191474, 98, 12, 74, 0, 0, 0.06%, 9, 0, 8, 252.89
1734191479, 98, 14, 74, 0, 0, 0.06%, 9, 0, 8, 250.98
1734191484, 98, 18, 74, 0, 0, 0.06%, 9, 0, 8, 268.48
1734191489, 98, 23, 74, 0, 0, 0.06%, 9, 0, 8, 244.75
1734191494, 98, 29, 74, 0, 0, 0.06%, 9, 0, 8, 241.85
1734191499, 98, 32, 74, 0, 0, 0.06%, 9, 0, 8, 267.67
1734191504, 98, 35, 74, 0, 0, 0.06%, 9, 0, 8, 262.57
1734191510, 98, 36, 74, 0, 0, 0.06%, 9, 0, 8, 269.53
1734191515, 98, 60, 74, 0, 0, 0.06%, 9, 0, 8, 279.19
1734191520, 98, 63, 74, 0, 0, 0.06%, 9, 0, 8, 275.41
1734191530, 98, 65, 74, 0, 0, 0.06%, 9, 0, 8, 293.52
1734191535, 98, 69, 74, 0, 0, 0.06%, 9, 0, 8, 278.32
1734191560, 99, 11, 74, 0, 0, 0.06%, 9, 0, 8, 242.69
1734191565, 99, 13, 74, 0, 0, 0.06%, 9, 0, 8, 240.69
1734191570, 99, 18, 74, 0, 0, 0.06%, 9, 0, 8, 252.75
1734191580, 99, 23, 74, 0, 0, 0.06%, 9, 0, 8, 279.01
1734191586, 99, 25, 74, 0, 0, 0.06%, 9, 0, 8, 283.64
1734191591, 99, 29, 74, 0, 0, 0.06%, 9, 0, 8, 250.15
1734191596, 99, 35, 74, 0, 0, 0.06%, 9, 0, 8, 262.53
1734191601, 99, 72, 74, 0, 0, 0.06%, 9, 0, 8, 323.00
1734191621, 100, 9, 74, 0, 0, 0.06%, 9, 0, 8, 251.05
1734191626, 100, 12, 74, 0, 0, 0.06%, 9, 0, 8, 244.33
1734191631, 100, 14, 74, 0, 0, 0.06%, 9, 0, 8, 252.96
1734191636, 100, 18, 74, 0, 0, 0.06%, 9, 0, 8, 267.49
1734191641, 100, 23, 75, 1, 0, 0.06%, 9, 0, 8, 250.03
1734191646, 100, 29, 75, 1, 0, 0.06%, 9, 0, 8, 242.67
1734191651, 100, 35, 75, 1, 0, 0.06%, 9, 0, 8, 266.62
1734191657, 100, 52, 75, 1, 0, 0.06%, 9, 0, 8, 292.05
1734191667, 100, 55, 75, 1, 0, 0.06%, 9, 0, 8, 244.85
1734191682, 101, 12, 75, 1, 0, 0.06%, 9, 0, 8, 248.22
1734191687, 101, 14, 75, 1, 0, 0.06%, 9, 0, 8, 251.20
1734191692, 101, 18, 75, 1, 0, 0.06%, 9, 0, 8, 255.34
1734191697, 101, 23, 75, 1, 0, 0.06%, 9, 0, 8, 255.82
1734191702, 101, 29, 75, 1, 0, 0.06%, 9, 0, 8, 243.00
1734191707, 101, 35, 75, 1, 0, 0.06%, 9, 0, 8, 252.40
1734191717, 101, 49, 75, 1, 0, 0.06%, 9, 0, 8, 236.62
1734191728, 101, 54, 75, 1, 0, 0.06%, 9, 0, 8, 274.12
1734191738, 101, 74, 75, 1, 0, 0.06%, 9, 0, 8, 312.57
1734191829, 101, 74, 76, 2, 0, 0.06%, 9, 0, 8, 286.61
1734191896, 102, 11, 76, 1, 0, 0.06%, 9, 0, 8, 250.02
1734191901, 102, 13, 76, 1, 0, 0.06%, 9, 0, 8, 261.51
1734191906, 102, 18, 76, 1, 0, 0.06%, 9, 0, 8, 256.71
1734191916, 102, 23, 76, 1, 0, 0.06%, 9, 0, 8, 263.62
1734191921, 102, 29, 76, 1, 0, 0.06%, 9, 0, 8, 257.12
1734191926, 102, 35, 76, 1, 0, 0.06%, 9, 0, 8, 265.14
1734191931, 102, 44, 76, 1, 0, 0.06%, 9, 0, 8, 263.80
1734191952, 102, 69, 76, 1, 0, 0.06%, 9, 0, 8, 272.75
1734191972, 103, 9, 76, 1, 0, 0.06%, 9, 0, 8, 252.67
1734191977, 103, 12, 76, 1, 0, 0.06%, 9, 0, 8, 245.16
1734191982, 103, 14, 76, 1, 0, 0.06%, 9, 0, 8, 247.02
1734191987, 103, 15, 76, 1, 0, 0.06%, 9, 0, 8, 263.55
1734191993, 103, 16, 76, 1, 0, 0.06%, 9, 0, 8, 298.21
1734191998, 103, 18, 76, 1, 0, 0.06%, 9, 0, 8, 273.33
1734192003, 103, 23, 76, 1, 0, 0.06%, 9, 0, 8, 246.78
1734192008, 103, 29, 76, 1, 0, 0.06%, 9, 0, 8, 245.76
1734192013, 103, 30, 76, 1, 0, 0.06%, 9, 0, 8, 243.17
1734192018, 103, 35, 76, 1, 0, 0.06%, 9, 0, 8, 256.60
1734192023, 103, 70, 76, 1, 0, 0.06%, 9, 0, 8, 262.87
