# unix_time, cycles_done, cur_path, paths_total, pending_total, pending_favs, map_size, unique_crashes, unique_hangs, max_depth, execs_per_sec
1734344303, 0, 0, 10, 10, 1, 0.00%, 0, 0, 1, 151.52
1734344313, 0, 1, 10, 9, 0, 0.00%, 0, 0, 1, 165.82
1734344324, 0, 2, 10, 8, 0, 0.00%, 0, 0, 1, 180.20
1734344334, 0, 3, 10, 7, 0, 0.00%, 0, 0, 1, 178.13
1734344339, 0, 4, 10, 6, 0, 0.00%, 0, 0, 1, 164.59
1734344349, 0, 5, 10, 5, 0, 0.00%, 0, 0, 1, 171.31
1734344359, 0, 6, 10, 4, 0, 0.00%, 0, 0, 1, 177.65
1734344364, 0, 7, 10, 3, 0, 0.00%, 0, 0, 1, 170.62
1734344375, 0, 8, 10, 2, 0, 0.00%, 0, 0, 1, 162.57
1734344385, 0, 9, 10, 1, 0, 0.00%, 0, 0, 1, 180.30
1734344390, 1, 0, 10, 0, 0, 0.00%, 0, 0, 1, 177.85
1734344395, 1, 1, 10, 0, 0, 0.00%, 0, 0, 1, 175.55
1734344400, 1, 2, 10, 0, 0, 0.00%, 0, 0, 1, 176.43
1734344405, 1, 3, 10, 0, 0, 0.00%, 0, 0, 1, 176.64
1734344410, 1, 4, 10, 0, 0, 0.00%, 0, 0, 1, 173.35
1734344415, 1, 6, 10, 0, 0, 0.00%, 0, 0, 1, 176.35
1734344421, 1, 7, 10, 0, 0, 0.00%, 0, 0, 1, 180.75
1734344426, 1, 8, 10, 0, 0, 0.00%, 0, 0, 1, 177.09
1734344431, 1, 9, 10, 0, 0, 0.00%, 0, 0, 1, 175.01
1734344436, 2, 1, 10, 0, 0, 0.00%, 0, 0, 1, 177.74
1734344441, 2, 2, 10, 0, 0, 0.00%, 0, 0, 1, 174.95
1734344446, 2, 3, 10, 0, 0, 0.00%, 0, 0, 1, 174.88
1734344451, 2, 4, 10, 0, 0, 0.00%, 0, 0, 1, 174.04
1734344456, 2, 5, 10, 0, 0, 0.00%, 0, 0, 1, 175.12
1734344462, 2, 7, 10, 0, 0, 0.00%, 0, 0, 1, 175.58
1734344467, 2, 8, 10, 0, 0, 0.00%, 0, 0, 1, 175.42
1734344472, 2, 9, 10, 0, 0, 0.00%, 0, 0, 1, 176.67
1734344477, 3, 0, 10, 0, 0, 0.00%, 0, 0, 1, 176.19
1734344482, 3, 2, 10, 0, 0, 0.00%, 0, 0, 1, 174.19
1734344487, 3, 3, 10, 0, 0, 0.00%, 0, 0, 1, 175.36
1734344492, 3, 4, 10, 0, 0, 0.00%, 0, 0, 1, 176.12
1734344497, 3, 5, 10, 0, 0, 0.00%, 0, 0, 1, 172.77
1734344502, 3, 6, 10, 0, 0, 0.00%, 0, 0, 1, 175.57
1734344507, 3, 8, 10, 0, 0, 0.00%, 0, 0, 1, 173.47
1734344513, 3, 9, 10, 0, 0, 0.00%, 0, 0, 1, 174.65
1734344518, 4, 0, 10, 0, 0, 0.00%, 0, 0, 1, 175.24
1734344523, 4, 1, 10, 0, 0, 0.00%, 0, 0, 1, 175.28
1734344528, 4, 3, 10, 0, 0, 0.00%, 0, 0, 1, 176.11
1734344533, 4, 4, 10, 0, 0, 0.00%, 0, 0, 1, 180.05
1734344538, 4, 5, 10, 0, 0, 0.00%, 0, 0, 1, 174.18
1734344544, 4, 6, 10, 0, 0, 0.00%, 0, 0, 1, 176.28
1734344549, 4, 8, 10, 0, 0, 0.00%, 0, 0, 1, 176.45
1734344554, 4, 9, 10, 0, 0, 0.00%, 0, 0, 1, 175.76
1734344559, 5, 0, 10, 0, 0, 0.00%, 0, 0, 1, 173.93
1734344564, 5, 1, 10, 0, 0, 0.00%, 0, 0, 1, 178.20
1734344569, 5, 2, 10, 0, 0, 0.00%, 0, 0, 1, 173.93
1734344574, 5, 4, 10, 0, 0, 0.00%, 0, 0, 1, 175.18
1734344579, 5, 5, 10, 0, 0, 0.00%, 0, 0, 1, 175.05
1734344585, 5, 6, 10, 0, 0, 0.00%, 0, 0, 1, 177.71
1734344590, 5, 7, 10, 0, 0, 0.00%, 0, 0, 1, 176.13
1734344595, 5, 8, 10, 0, 0, 0.00%, 0, 0, 1, 177.76
1734344600, 6, 0, 10, 0, 0, 0.00%, 0, 0, 1, 175.54
1734344605, 6, 1, 10, 0, 0, 0.00%, 0, 0, 1, 176.22
1734344610, 6, 2, 10, 0, 0, 0.00%, 0, 0, 1, 173.26
1734344616, 6, 3, 10, 0, 0, 0.00%, 0, 0, 1, 175.68
1734344621, 6, 5, 10, 0, 0, 0.00%, 0, 0, 1, 176.20
1734344626, 6, 6, 10, 0, 0, 0.00%, 0, 0, 1, 175.51
1734344631, 6, 7, 10, 0, 0, 0.00%, 0, 0, 1, 174.79
1734344636, 6, 8, 10, 0, 0, 0.00%, 0, 0, 1, 177.37
1734344641, 7, 0, 10, 0, 0, 0.00%, 0, 0, 1, 175.93
1734344646, 7, 1, 10, 0, 0, 0.00%, 0, 0, 1, 174.40
1734344651, 7, 2, 10, 0, 0, 0.00%, 0, 0, 1, 173.31
1734344656, 7, 3, 10, 0, 0, 0.00%, 0, 0, 1, 171.83
1734344661, 7, 4, 10, 0, 0, 0.00%, 0, 0, 1, 175.91
1734344666, 7, 6, 10, 0, 0, 0.00%, 0, 0, 1, 173.70
1734344671, 7, 7, 10, 0, 0, 0.00%, 0, 0, 1, 175.75
1734344677, 7, 8, 10, 0, 0, 0.00%, 0, 0, 1, 174.92
1734344682, 7, 9, 10, 0, 0, 0.00%, 0, 0, 1, 174.07
1734344687, 8, 0, 10, 0, 0, 0.00%, 0, 0, 1, 174.56
1734344692, 8, 2, 10, 0, 0, 0.00%, 0, 0, 1, 173.70
1734344697, 8, 3, 10, 0, 0, 0.00%, 0, 0, 1, 173.28
1734344702, 8, 4, 10, 0, 0, 0.00%, 0, 0, 1, 177.89
1734344707, 8, 5, 10, 0, 0, 0.00%, 0, 0, 1, 176.32
1734344712, 8, 7, 10, 0, 0, 0.00%, 0, 0, 1, 179.92
1734344718, 8, 8, 10, 0, 0, 0.00%, 0, 0, 1, 176.83
1734344723, 8, 9, 10, 0, 0, 0.00%, 0, 0, 1, 174.48
1734344728, 9, 0, 10, 0, 0, 0.00%, 0, 0, 1, 173.88
1734344733, 9, 1, 10, 0, 0, 0.00%, 0, 0, 1, 175.15
1734344738, 9, 3, 10, 0, 0, 0.00%, 0, 0, 1, 177.99
1734344743, 9, 4, 10, 0, 0, 0.00%, 0, 0, 1, 174.71
1734344748, 9, 5, 10, 0, 0, 0.00%, 0, 0, 1, 173.36
1734344753, 9, 6, 10, 0, 0, 0.00%, 0, 0, 1, 171.19
1734344758, 9, 7, 10, 0, 0, 0.00%, 0, 0, 1, 174.96
1734344763, 9, 9, 10, 0, 0, 0.00%, 0, 0, 1, 172.13
1734344768, 10, 0, 10, 0, 0, 0.00%, 0, 0, 1, 172.93
1734344774, 10, 1, 10, 0, 0, 0.00%, 0, 0, 1, 174.77
1734344779, 10, 2, 10, 0, 0, 0.00%, 0, 0, 1, 173.07
1734344784, 10, 3, 10, 0, 0, 0.00%, 0, 0, 1, 176.58
1734344789, 10, 5, 10, 0, 0, 0.00%, 0, 0, 1, 175.39
1734344794, 10, 6, 10, 0, 0, 0.00%, 0, 0, 1, 176.11
1734344799, 10, 7, 10, 0, 0, 0.00%, 0, 0, 1, 172.98
1734344804, 10, 8, 10, 0, 0, 0.00%, 0, 0, 1, 176.80
1734344809, 10, 9, 10, 0, 0, 0.00%, 0, 0, 1, 174.49
1734344814, 11, 1, 10, 0, 0, 0.00%, 0, 0, 1, 173.74
1734344819, 11, 2, 10, 0, 0, 0.00%, 0, 0, 1, 171.99
1734344824, 11, 3, 10, 0, 0, 0.00%, 0, 0, 1, 175.63
1734344830, 11, 4, 10, 0, 0, 0.00%, 0, 0, 1, 175.51
1734344835, 11, 6, 10, 0, 0, 0.00%, 0, 0, 1, 173.48
1734344840, 11, 7, 10, 0, 0, 0.00%, 0, 0, 1, 174.58
1734344845, 11, 8, 10, 0, 0, 0.00%, 0, 0, 1, 173.86
1734344850, 11, 10, 15, 5, 1, 0.06%, 5, 0, 3, 210.35
1734344881, 11, 10, 16, 6, 1, 0.06%, 6, 0, 3, 196.80
1734344891, 11, 10, 17, 7, 1, 0.06%, 7, 0, 3, 193.50
1734344993, 11, 11, 17, 6, 6, 0.06%, 7, 0, 3, 225.46
1734344998, 11, 11, 19, 8, 6, 0.06%, 7, 0, 4, 208.67
1734345003, 11, 11, 20, 9, 6, 0.06%, 7, 0, 4, 199.32
1734345059, 11, 11, 21, 10, 6, 0.06%, 8, 0, 4, 194.97
1734345135, 11, 11, 23, 12, 6, 0.06%, 8, 0, 4, 204.39
1734345150, 11, 11, 24, 13, 6, 0.06%, 8, 0, 4, 203.79
1734345161, 11, 11, 27, 16, 6, 0.06%, 8, 0, 4, 248.62
1734345166, 11, 12, 29, 17, 6, 0.06%, 9, 0, 4, 267.87
1734345201, 11, 12, 31, 19, 6, 0.06%, 9, 0, 4, 248.71
1734345206, 11, 12, 32, 20, 6, 0.06%, 9, 0, 4, 227.70
1734345211, 11, 13, 33, 20, 5, 0.06%, 9, 0, 4, 222.18
1734345257, 11, 14, 34, 20, 4, 0.06%, 9, 0, 4, 258.01
1734345288, 11, 14, 35, 21, 4, 0.06%, 9, 0, 4, 197.02
1734345323, 11, 14, 36, 22, 4, 0.06%, 9, 0, 4, 202.15
1734345385, 11, 14, 38, 24, 4, 0.06%, 9, 0, 4, 230.30
1734345395, 11, 16, 38, 23, 3, 0.06%, 9, 0, 4, 233.59
1734345400, 11, 16, 39, 24, 3, 0.06%, 9, 0, 4, 209.04
1734345425, 11, 16, 40, 25, 3, 0.06%, 9, 0, 4, 201.35
1734345430, 11, 16, 41, 26, 3, 0.06%, 9, 0, 4, 198.59
1734345537, 11, 20, 41, 25, 2, 0.06%, 9, 0, 4, 252.22
1734345542, 11, 20, 42, 26, 2, 0.06%, 9, 0, 5, 222.86
1734345618, 11, 20, 43, 27, 2, 0.06%, 9, 0, 5, 210.82
1734345669, 11, 20, 44, 28, 2, 0.06%, 9, 0, 5, 239.97
1734345679, 11, 20, 49, 33, 2, 0.06%, 9, 0, 5, 255.09
1734345684, 11, 28, 49, 32, 1, 0.06%, 9, 0, 5, 355.58
1734345694, 11, 28, 50, 33, 1, 0.06%, 9, 0, 5, 415.93
1734345740, 11, 28, 51, 34, 1, 0.06%, 9, 0, 5, 333.35
1734345745, 11, 28, 53, 36, 1, 0.06%, 9, 0, 5, 314.07
1734345750, 11, 28, 54, 37, 1, 0.06%, 9, 0, 5, 311.30
1734345755, 11, 28, 55, 38, 1, 0.06%, 9, 0, 5, 305.91
1734345821, 11, 28, 56, 39, 1, 0.06%, 9, 0, 5, 295.57
1734345867, 11, 36, 56, 38, 1, 0.06%, 9, 0, 5, 265.26
1734345973, 11, 36, 58, 40, 1, 0.06%, 9, 0, 5, 266.03
1734345978, 11, 36, 59, 41, 1, 0.06%, 9, 0, 5, 252.60
1734345988, 11, 52, 59, 40, 1, 0.06%, 9, 0, 5, 391.47
1734346080, 11, 53, 59, 39, 0, 0.06%, 9, 0, 5, 275.17
1734346115, 11, 53, 60, 40, 0, 0.06%, 9, 0, 6, 298.29
1734346146, 11, 53, 61, 41, 0, 0.06%, 9, 0, 6, 286.68
1734346156, 11, 53, 62, 42, 0, 0.06%, 9, 0, 6, 287.54
1734346191, 11, 53, 63, 43, 0, 0.06%, 9, 0, 6, 286.69
1734346237, 11, 61, 63, 42, 1, 0.06%, 9, 0, 6, 298.66
1734346268, 11, 61, 65, 44, 1, 0.06%, 9, 0, 7, 312.15
1734346273, 11, 61, 66, 45, 1, 0.06%, 9, 0, 7, 295.05
1734346303, 11, 61, 67, 46, 1, 0.06%, 9, 0, 7, 286.04
1734346394, 12, 11, 67, 45, 0, 0.06%, 9, 0, 7, 269.84
1734346409, 12, 12, 67, 45, 0, 0.06%, 9, 0, 7, 227.28
1734346414, 12, 12, 68, 46, 0, 0.06%, 9, 0, 7, 252.93
1734346419, 12, 13, 68, 46, 0, 0.06%, 9, 0, 7, 233.21
1734346430, 12, 14, 68, 46, 0, 0.06%, 9, 0, 7, 243.37
1734346445, 12, 16, 68, 46, 0, 0.06%, 9, 0, 7, 230.30
1734346455, 12, 20, 68, 46, 0, 0.06%, 9, 0, 7, 247.02
1734346480, 12, 21, 68, 46, 0, 0.06%, 9, 0, 7, 288.31
1734346531, 12, 26, 69, 46, 0, 0.06%, 9, 0, 7, 214.26
1734346781, 12, 32, 69, 45, 0, 0.06%, 9, 0, 7, 310.14
1734347035, 12, 35, 69, 44, 0, 0.06%, 9, 0, 7, 280.11
1734347081, 12, 35, 70, 45, 0, 0.06%, 9, 0, 7, 244.34
1734347096, 12, 38, 70, 44, 0, 0.06%, 9, 0, 7, 268.72
1734347147, 12, 45, 70, 43, 0, 0.06%, 9, 0, 7, 288.29
1734347208, 12, 46, 70, 42, 0, 0.06%, 9, 0, 7, 309.67
1734347264, 12, 48, 70, 41, 0, 0.06%, 9, 0, 7, 264.91
1734347299, 12, 48, 71, 42, 0, 0.06%, 9, 0, 7, 308.73
1734347310, 12, 48, 72, 43, 0, 0.06%, 9, 0, 7, 283.93
1734347427, 12, 54, 72, 42, 0, 0.06%, 9, 0, 7, 354.84
1734347523, 12, 57, 72, 41, 0, 0.06%, 9, 0, 7, 316.53
1734347564, 12, 57, 73, 42, 0, 0.06%, 9, 0, 7, 403.00
1734347779, 12, 61, 73, 41, 0, 0.06%, 9, 0, 7, 279.59
1734347799, 12, 67, 73, 41, 0, 0.06%, 9, 0, 7, 329.61
1734348064, 12, 72, 73, 40, 0, 0.06%, 9, 0, 7, 320.47
1734348197, 13, 11, 73, 39, 0, 0.06%, 9, 0, 7, 253.37
1734348202, 13, 12, 73, 39, 0, 0.06%, 9, 0, 7, 241.58
1734348207, 13, 13, 73, 39, 0, 0.06%, 9, 0, 7, 233.50
1734348212, 13, 14, 73, 39, 0, 0.06%, 9, 0, 7, 242.31
1734348217, 13, 16, 73, 39, 0, 0.06%, 9, 0, 7, 245.14
1734348227, 13, 19, 73, 39, 0, 0.06%, 9, 0, 7, 251.39
1734348273, 13, 20, 73, 38, 0, 0.06%, 9, 0, 7, 227.86
1734348288, 13, 25, 73, 38, 0, 0.06%, 9, 0, 7, 312.26
1734348339, 13, 29, 73, 37, 0, 0.06%, 9, 0, 7, 284.83
1734348532, 13, 34, 73, 36, 0, 0.06%, 9, 0, 7, 317.35
1734348588, 13, 47, 73, 35, 0, 0.06%, 9, 0, 7, 285.12
1734348639, 13, 51, 73, 34, 0, 0.06%, 9, 0, 7, 348.46
1734348766, 13, 59, 73, 33, 0, 0.06%, 9, 0, 7, 301.51
1734348848, 13, 60, 73, 32, 0, 0.06%, 9, 0, 7, 316.14
1734348898, 13, 60, 74, 33, 0, 0.06%, 9, 0, 7, 290.03
1734348954, 13, 61, 74, 32, 0, 0.06%, 9, 0, 7, 299.41
1734348964, 13, 62, 74, 32, 0, 0.06%, 9, 0, 7, 300.16
1734349045, 13, 65, 74, 31, 0, 0.06%, 9, 0, 7, 323.86
1734349101, 13, 66, 75, 31, 0, 0.06%, 9, 0, 8, 326.85
1734349228, 13, 74, 75, 30, 0, 0.06%, 9, 0, 8, 268.40
1734349382, 14, 11, 75, 29, 0, 0.06%, 9, 0, 8, 244.17
1734349387, 14, 12, 75, 29, 0, 0.06%, 9, 0, 8, 235.69
1734349392, 14, 13, 75, 29, 0, 0.06%, 9, 0, 8, 243.54
1734349402, 14, 14, 75, 29, 0, 0.06%, 9, 0, 8, 248.88
1734349407, 14, 16, 75, 29, 0, 0.06%, 9, 0, 8, 245.74
1734349412, 14, 20, 75, 29, 0, 0.06%, 9, 0, 8, 245.35
1734349422, 14, 23, 75, 29, 0, 0.06%, 9, 0, 8, 230.96
1734349805, 14, 24, 75, 28, 0, 0.06%, 9, 0, 8, 294.11
1734350004, 14, 26, 75, 27, 0, 0.06%, 9, 0, 8, 307.61
1734350025, 14, 30, 75, 27, 0, 0.06%, 9, 0, 8, 312.86
1734350239, 14, 37, 75, 26, 0, 0.06%, 9, 0, 8, 271.86
1734350376, 14, 41, 75, 25, 0, 0.06%, 9, 0, 8, 277.84
1734350427, 14, 42, 75, 24, 0, 0.06%, 9, 0, 8, 261.69
