# unix_time, cycles_done, cur_path, paths_total, pending_total, pending_favs, map_size, unique_crashes, unique_hangs, max_depth, execs_per_sec
1734122702, 0, 0, 10, 10, 1, 0.00%, 0, 0, 1, 157.48
1734122707, 0, 2, 10, 10, 1, 0.00%, 0, 0, 1, 185.25
1734122712, 0, 3, 10, 9, 0, 0.00%, 0, 0, 1, 170.90
1734122722, 0, 4, 10, 8, 0, 0.00%, 0, 0, 1, 187.54
1734122727, 0, 5, 10, 7, 0, 0.00%, 0, 0, 1, 179.10
1734122738, 0, 6, 10, 6, 0, 0.00%, 0, 0, 1, 186.71
1734122748, 0, 7, 10, 5, 0, 0.00%, 0, 0, 1, 185.61
1734122753, 0, 8, 10, 4, 0, 0.00%, 0, 0, 1, 168.88
1734122763, 0, 9, 10, 3, 0, 0.00%, 0, 0, 1, 187.42
1734122768, 1, 0, 10, 2, 0, 0.00%, 0, 0, 1, 181.02
1734122779, 1, 1, 10, 1, 0, 0.00%, 0, 0, 1, 183.20
1734122794, 1, 3, 10, 0, 0, 0.00%, 0, 0, 1, 180.12
1734122799, 1, 4, 10, 0, 0, 0.00%, 0, 0, 1, 179.85
1734122804, 1, 5, 10, 0, 0, 0.00%, 0, 0, 1, 180.76
1734122810, 1, 6, 10, 0, 0, 0.00%, 0, 0, 1, 181.32
1734122815, 1, 8, 10, 0, 0, 0.00%, 0, 0, 1, 184.11
1734122820, 1, 9, 10, 0, 0, 0.00%, 0, 0, 1, 187.04
1734122825, 2, 0, 10, 0, 0, 0.00%, 0, 0, 1, 185.54
1734122830, 2, 2, 10, 0, 0, 0.00%, 0, 0, 1, 184.70
1734122835, 2, 3, 10, 0, 0, 0.00%, 0, 0, 1, 186.62
1734122840, 2, 4, 10, 0, 0, 0.00%, 0, 0, 1, 184.27
1734122845, 2, 5, 10, 0, 0, 0.00%, 0, 0, 1, 179.85
1734122851, 2, 7, 10, 0, 0, 0.00%, 0, 0, 1, 183.47
1734122856, 2, 8, 10, 0, 0, 0.00%, 0, 0, 1, 182.21
1734122861, 2, 9, 10, 0, 0, 0.00%, 0, 0, 1, 183.49
1734122866, 3, 0, 10, 0, 0, 0.00%, 0, 0, 1, 182.32
1734122871, 3, 2, 10, 0, 0, 0.00%, 0, 0, 1, 185.46
1734122876, 3, 3, 10, 0, 0, 0.00%, 0, 0, 1, 185.38
1734122881, 3, 4, 10, 0, 0, 0.00%, 0, 0, 1, 187.27
1734122886, 3, 6, 10, 0, 0, 0.00%, 0, 0, 1, 184.24
1734122891, 3, 7, 10, 0, 0, 0.00%, 0, 0, 1, 190.63
1734122896, 3, 8, 10, 0, 0, 0.00%, 0, 0, 1, 185.48
1734122901, 3, 9, 10, 0, 0, 0.00%, 0, 0, 1, 183.85
1734122907, 4, 1, 10, 0, 0, 0.00%, 0, 0, 1, 187.12
1734122912, 4, 2, 10, 0, 0, 0.00%, 0, 0, 1, 179.47
1734122917, 4, 3, 10, 0, 0, 0.00%, 0, 0, 1, 180.64
1734122922, 4, 5, 10, 0, 0, 0.00%, 0, 0, 1, 182.24
1734122927, 4, 6, 10, 0, 0, 0.00%, 0, 0, 1, 182.07
1734122932, 4, 7, 10, 0, 0, 0.00%, 0, 0, 1, 185.36
1734122938, 4, 8, 10, 0, 0, 0.00%, 0, 0, 1, 186.10
1734122943, 5, 0, 10, 0, 0, 0.00%, 0, 0, 1, 182.68
1734122948, 5, 1, 10, 0, 0, 0.00%, 0, 0, 1, 181.68
1734122953, 5, 2, 10, 0, 0, 0.00%, 0, 0, 1, 188.25
1734122958, 5, 4, 10, 0, 0, 0.00%, 0, 0, 1, 183.31
1734122963, 5, 5, 10, 0, 0, 0.00%, 0, 0, 1, 184.41
1734122968, 5, 6, 10, 0, 0, 0.00%, 0, 0, 1, 182.28
1734122973, 5, 7, 10, 0, 0, 0.00%, 0, 0, 1, 190.22
1734122979, 5, 9, 10, 0, 0, 0.00%, 0, 0, 1, 183.69
1734122984, 6, 0, 10, 0, 0, 0.00%, 0, 0, 1, 176.55
1734122989, 6, 1, 10, 0, 0, 0.00%, 0, 0, 1, 179.32
1734122994, 6, 2, 10, 0, 0, 0.00%, 0, 0, 1, 183.00
1734122999, 6, 4, 10, 0, 0, 0.00%, 0, 0, 1, 184.90
1734123004, 6, 5, 10, 0, 0, 0.00%, 0, 0, 1, 183.65
1734123010, 6, 6, 10, 0, 0, 0.00%, 0, 0, 1, 186.52
1734123015, 6, 8, 10, 0, 0, 0.00%, 0, 0, 1, 184.78
1734123020, 6, 9, 10, 0, 0, 0.00%, 0, 0, 1, 186.33
1734123025, 7, 0, 10, 0, 0, 0.00%, 0, 0, 1, 185.40
1734123030, 7, 2, 10, 0, 0, 0.00%, 0, 0, 1, 186.26
1734123035, 7, 3, 10, 0, 0, 0.00%, 0, 0, 1, 181.09
1734123040, 7, 4, 10, 0, 0, 0.00%, 0, 0, 1, 185.38
1734123046, 7, 5, 10, 0, 0, 0.00%, 0, 0, 1, 184.42
1734123051, 7, 7, 10, 0, 0, 0.00%, 0, 0, 1, 184.26
1734123056, 7, 8, 10, 0, 0, 0.00%, 0, 0, 1, 185.60
1734123061, 7, 9, 10, 0, 0, 0.00%, 0, 0, 1, 185.13
1734123066, 8, 1, 10, 0, 0, 0.00%, 0, 0, 1, 185.35
1734123072, 8, 2, 10, 0, 0, 0.00%, 0, 0, 1, 183.21
1734123077, 8, 3, 10, 0, 0, 0.00%, 0, 0, 1, 186.44
1734123082, 8, 4, 10, 0, 0, 0.00%, 0, 0, 1, 183.71
1734123087, 8, 6, 10, 0, 0, 0.00%, 0, 0, 1, 181.99
1734123092, 8, 7, 10, 0, 0, 0.00%, 0, 0, 1, 187.26
1734123097, 8, 8, 10, 0, 0, 0.00%, 0, 0, 1, 183.97
1734123102, 9, 0, 10, 0, 0, 0.00%, 0, 0, 1, 180.35
1734123107, 9, 1, 10, 0, 0, 0.00%, 0, 0, 1, 185.09
1734123113, 9, 2, 10, 0, 0, 0.00%, 0, 0, 1, 186.88
1734123118, 9, 3, 10, 0, 0, 0.00%, 0, 0, 1, 183.94
1734123123, 9, 5, 10, 0, 0, 0.00%, 0, 0, 1, 183.14
1734123128, 9, 6, 10, 0, 0, 0.00%, 0, 0, 1, 183.39
1734123133, 9, 7, 10, 0, 0, 0.00%, 0, 0, 1, 182.25
1734123138, 9, 9, 10, 0, 0, 0.00%, 0, 0, 1, 183.54
1734123143, 10, 0, 10, 0, 0, 0.00%, 0, 0, 1, 188.76
1734123148, 10, 1, 10, 0, 0, 0.00%, 0, 0, 1, 185.48
1734123153, 10, 2, 10, 0, 0, 0.00%, 0, 0, 1, 187.51
1734123158, 10, 4, 10, 0, 0, 0.00%, 0, 0, 1, 183.16
1734123164, 10, 5, 10, 0, 0, 0.00%, 0, 0, 1, 182.31
1734123169, 10, 6, 10, 0, 0, 0.00%, 0, 0, 1, 184.29
1734123174, 10, 7, 10, 0, 0, 0.00%, 0, 0, 1, 182.43
1734123179, 10, 9, 10, 0, 0, 0.00%, 0, 0, 1, 185.77
1734123184, 11, 0, 10, 0, 0, 0.00%, 0, 0, 1, 182.67
1734123189, 11, 1, 10, 0, 0, 0.00%, 0, 0, 1, 182.43
1734123194, 11, 3, 10, 0, 0, 0.00%, 0, 0, 1, 177.94
1734123199, 11, 4, 10, 0, 0, 0.00%, 0, 0, 1, 185.13
1734123204, 11, 5, 10, 0, 0, 0.00%, 0, 0, 1, 184.00
1734123209, 11, 6, 10, 0, 0, 0.00%, 0, 0, 1, 179.35
1734123215, 11, 8, 10, 0, 0, 0.00%, 0, 0, 1, 184.74
1734123220, 11, 9, 10, 0, 0, 0.00%, 0, 0, 1, 184.91
1734123225, 12, 0, 10, 0, 0, 0.00%, 0, 0, 1, 182.67
1734123230, 12, 1, 10, 0, 0, 0.00%, 0, 0, 1, 185.75
1734123235, 12, 3, 10, 0, 0, 0.00%, 0, 0, 1, 186.90
1734123240, 12, 4, 10, 0, 0, 0.00%, 0, 0, 1, 187.44
1734123245, 12, 5, 10, 0, 0, 0.00%, 0, 0, 1, 182.49
1734123250, 12, 7, 10, 0, 0, 0.00%, 0, 0, 1, 184.93
1734123256, 12, 8, 10, 0, 0, 0.00%, 0, 0, 1, 182.51
1734123261, 12, 9, 10, 0, 0, 0.00%, 0, 0, 1, 181.94
1734123266, 13, 1, 10, 0, 0, 0.00%, 0, 0, 1, 182.87
1734123271, 13, 2, 10, 0, 0, 0.00%, 0, 0, 1, 183.41
1734123276, 13, 3, 10, 0, 0, 0.00%, 0, 0, 1, 185.38
1734123281, 13, 4, 10, 0, 0, 0.00%, 0, 0, 1, 182.29
1734123287, 13, 6, 10, 0, 0, 0.00%, 0, 0, 1, 182.51
1734123292, 13, 7, 10, 0, 0, 0.00%, 0, 0, 1, 185.94
1734123297, 13, 8, 10, 0, 0, 0.00%, 0, 0, 1, 184.69
1734123302, 14, 0, 10, 0, 0, 0.00%, 0, 0, 1, 187.13
1734123307, 14, 1, 10, 0, 0, 0.00%, 0, 0, 1, 187.72
1734123312, 14, 2, 10, 0, 0, 0.00%, 0, 0, 1, 188.54
1734123317, 14, 3, 10, 0, 0, 0.00%, 0, 0, 1, 185.26
1734123323, 14, 5, 10, 0, 0, 0.00%, 0, 0, 1, 192.27
1734123328, 14, 6, 10, 0, 0, 0.00%, 0, 0, 1, 193.15
1734123333, 14, 8, 10, 0, 0, 0.00%, 0, 0, 1, 187.42
1734123338, 14, 9, 10, 0, 0, 0.00%, 0, 0, 1, 191.56
1734123343, 15, 0, 10, 0, 0, 0.00%, 0, 0, 1, 189.99
1734123349, 15, 2, 10, 0, 0, 0.00%, 0, 0, 1, 189.01
1734123354, 15, 3, 10, 0, 0, 0.00%, 0, 0, 1, 190.94
1734123359, 15, 4, 10, 0, 0, 0.00%, 0, 0, 1, 190.47
1734123364, 15, 6, 10, 0, 0, 0.00%, 0, 0, 1, 191.95
1734123369, 15, 7, 10, 0, 0, 0.00%, 0, 0, 1, 189.44
1734123374, 15, 8, 10, 0, 0, 0.00%, 0, 0, 1, 193.46
1734123379, 16, 0, 10, 0, 0, 0.00%, 0, 0, 1, 196.09
1734123384, 16, 1, 10, 0, 0, 0.00%, 0, 0, 1, 192.93
1734123390, 16, 2, 10, 0, 0, 0.00%, 0, 0, 1, 190.73
1734123395, 16, 4, 10, 0, 0, 0.00%, 0, 0, 1, 196.61
1734123400, 16, 5, 10, 0, 0, 0.00%, 0, 0, 1, 188.43
1734123405, 16, 6, 11, 1, 0, 0.05%, 1, 0, 2, 191.73
1734123410, 16, 10, 15, 5, 1, 0.06%, 5, 0, 3, 220.86
1734123420, 16, 10, 16, 6, 1, 0.06%, 6, 0, 3, 213.07
1734123440, 16, 10, 17, 7, 1, 0.06%, 7, 0, 3, 210.19
1734123547, 16, 11, 17, 6, 6, 0.06%, 7, 0, 3, 226.28
1734123552, 16, 11, 18, 7, 6, 0.06%, 7, 0, 4, 217.44
1734123583, 16, 11, 20, 9, 6, 0.06%, 7, 0, 4, 210.42
1734123623, 16, 11, 21, 10, 6, 0.06%, 7, 0, 4, 205.97
1734123644, 16, 11, 22, 11, 6, 0.06%, 7, 0, 4, 206.94
1734123674, 16, 11, 23, 12, 6, 0.06%, 7, 0, 4, 207.90
1734123714, 16, 11, 24, 13, 6, 0.06%, 8, 0, 4, 189.81
1734123719, 16, 11, 25, 14, 6, 0.06%, 8, 0, 4, 211.69
1734123724, 16, 12, 26, 14, 6, 0.06%, 8, 0, 4, 239.40
1734123750, 16, 12, 27, 15, 6, 0.06%, 8, 0, 4, 205.76
1734123755, 16, 12, 28, 16, 6, 0.06%, 8, 0, 4, 206.87
1734123765, 16, 12, 29, 17, 6, 0.06%, 8, 0, 4, 199.13
1734123770, 16, 12, 30, 18, 6, 0.06%, 8, 0, 4, 210.06
1734123785, 16, 12, 31, 19, 6, 0.06%, 8, 0, 4, 206.84
1734123851, 16, 12, 35, 23, 6, 0.06%, 8, 0, 4, 211.02
1734123856, 16, 13, 36, 23, 5, 0.06%, 8, 0, 4, 244.42
1734123892, 16, 13, 37, 24, 5, 0.06%, 8, 0, 4, 217.34
1734123897, 16, 13, 42, 29, 5, 0.06%, 8, 0, 4, 238.67
1734123902, 16, 13, 43, 30, 5, 0.06%, 8, 0, 4, 211.93
1734123907, 16, 14, 43, 29, 4, 0.06%, 8, 0, 4, 223.42
1734123932, 16, 14, 44, 30, 4, 0.06%, 8, 0, 4, 207.72
1734123937, 16, 15, 45, 30, 3, 0.06%, 9, 0, 4, 228.29
1734123963, 16, 15, 47, 32, 3, 0.06%, 9, 0, 4, 259.11
1734123968, 16, 16, 47, 31, 3, 0.06%, 9, 0, 4, 238.76
1734123998, 16, 23, 47, 30, 2, 0.06%, 9, 0, 4, 222.78
1734124013, 16, 23, 48, 31, 2, 0.06%, 9, 0, 5, 204.75
1734124054, 16, 23, 49, 32, 2, 0.06%, 9, 0, 5, 214.23
1734124115, 16, 23, 50, 33, 2, 0.06%, 9, 0, 5, 206.96
1734124156, 16, 23, 51, 34, 2, 0.06%, 9, 0, 5, 218.70
1734124161, 16, 23, 52, 35, 2, 0.06%, 9, 0, 5, 250.97
1734124171, 16, 44, 52, 34, 1, 0.06%, 9, 0, 5, 256.67
1734124186, 16, 44, 53, 35, 1, 0.06%, 9, 0, 5, 205.59
1734124268, 16, 48, 53, 34, 0, 0.06%, 9, 0, 5, 371.41
1734124344, 16, 51, 53, 33, 0, 0.06%, 9, 0, 5, 349.85
1734124395, 16, 52, 53, 32, 0, 0.06%, 9, 0, 5, 284.74
1734124451, 17, 11, 53, 31, 0, 0.06%, 9, 0, 5, 212.60
1734124461, 17, 12, 54, 32, 0, 0.06%, 9, 0, 5, 215.99
1734124477, 17, 13, 54, 32, 0, 0.06%, 9, 0, 5, 217.35
1734124487, 17, 13, 57, 35, 0, 0.06%, 9, 0, 5, 235.21
1734124492, 17, 14, 57, 35, 0, 0.06%, 9, 0, 5, 221.23
1734124502, 17, 15, 57, 35, 0, 0.06%, 9, 0, 5, 232.87
1734124517, 17, 16, 57, 35, 0, 0.06%, 9, 0, 5, 219.14
1734124522, 17, 16, 58, 36, 0, 0.06%, 9, 0, 5, 232.23
1734124527, 17, 19, 58, 36, 0, 0.06%, 9, 0, 5, 308.90
1734124568, 17, 19, 59, 37, 0, 0.06%, 9, 0, 5, 223.96
1734124589, 17, 21, 59, 36, 0, 0.06%, 9, 0, 5, 370.12
1734124640, 17, 23, 59, 35, 0, 0.06%, 9, 0, 5, 235.40
1734124660, 17, 25, 59, 35, 0, 0.06%, 9, 0, 5, 281.18
1734124716, 17, 27, 59, 34, 0, 0.06%, 9, 0, 5, 308.00
1734124777, 17, 28, 59, 33, 0, 0.06%, 9, 0, 5, 379.98
1734124792, 17, 28, 60, 34, 0, 0.06%, 9, 0, 5, 281.14
1734124863, 17, 30, 60, 33, 0, 0.06%, 9, 0, 5, 271.96
1734124914, 17, 37, 60, 32, 0, 0.06%, 9, 0, 5, 236.55
1734124975, 17, 38, 60, 31, 0, 0.06%, 9, 0, 5, 298.56
1734125010, 17, 38, 61, 32, 0, 0.06%, 9, 0, 5, 243.68
1734125056, 17, 38, 62, 33, 0, 0.06%, 9, 0, 5, 209.33
1734125066, 17, 41, 62, 32, 0, 0.06%, 9, 0, 5, 224.99
1734125127, 17, 44, 62, 31, 0, 0.06%, 9, 0, 5, 226.65
1734125147, 17, 50, 62, 31, 0, 0.06%, 9, 0, 5, 296.82
1734125213, 17, 50, 63, 32, 0, 0.06%, 9, 0, 6, 296.40
1734125259, 17, 62, 63, 31, 0, 0.06%, 9, 0, 6, 233.49
1734125264, 17, 62, 64, 32, 0, 0.06%, 9, 0, 7, 359.43
1734125387, 17, 63, 64, 31, 0, 0.06%, 9, 0, 7, 331.85
1734125514, 18, 11, 64, 30, 0, 0.06%, 9, 0, 7, 269.00
1734125524, 18, 12, 64, 30, 0, 0.06%, 9, 0, 7, 251.75
1734125534, 18, 13, 64, 30, 0, 0.06%, 9, 0, 7, 256.88
1734125544, 18, 14, 64, 30, 0, 0.06%, 9, 0, 7, 259.03
1734125554, 18, 15, 64, 30, 0, 0.06%, 9, 0, 7, 245.82
1734125564, 18, 16, 64, 30, 0, 0.06%, 9, 0, 7, 279.95
1734125579, 18, 23, 64, 30, 0, 0.06%, 9, 0, 7, 250.49
1734125599, 18, 30, 64, 30, 0, 0.06%, 9, 0, 7, 272.19
1734125620, 18, 34, 64, 30, 0, 0.06%, 9, 0, 7, 232.08
1734125731, 18, 38, 65, 30, 0, 0.06%, 9, 0, 7, 271.21
1734125756, 18, 44, 65, 30, 0, 0.06%, 9, 0, 7, 244.72
1734125777, 18, 46, 65, 30, 0, 0.06%, 9, 0, 7, 302.26
1734125828, 18, 47, 65, 29, 0, 0.06%, 9, 0, 7, 379.67
1734125873, 18, 49, 65, 28, 0, 0.06%, 9, 0, 7, 298.73
1734125924, 18, 59, 65, 27, 0, 0.06%, 9, 0, 7, 312.21
1734126051, 18, 59, 67, 29, 0, 0.06%, 9, 0, 7, 299.17
1734126056, 18, 61, 67, 28, 0, 0.06%, 9, 0, 7, 306.93
1734126168, 19, 11, 67, 27, 0, 0.06%, 9, 0, 7, 265.77
1734126178, 19, 12, 67, 27, 0, 0.06%, 9, 0, 7, 256.84
1734126193, 19, 13, 67, 27, 0, 0.06%, 9, 0, 7, 242.41
1734126204, 19, 14, 67, 27, 0, 0.06%, 9, 0, 7, 255.98
1734126214, 19, 15, 67, 27, 0, 0.06%, 9, 0, 7, 253.25
1734126219, 19, 15, 68, 28, 0, 0.06%, 9, 0, 7, 265.07
1734126224, 19, 16, 68, 28, 0, 0.06%, 9, 0, 7, 263.55
1734126234, 19, 20, 68, 28, 0, 0.06%, 9, 0, 7, 297.79
1734126285, 19, 20, 69, 29, 0, 0.06%, 9, 0, 7, 280.74
1734126290, 19, 23, 69, 28, 0, 0.06%, 9, 0, 7, 237.99
1734126315, 19, 36, 69, 28, 0, 0.06%, 9, 0, 7, 300.88
1734126361, 19, 42, 69, 27, 0, 0.06%, 9, 0, 7, 236.58
1734126468, 19, 43, 69, 26, 0, 0.06%, 9, 0, 7, 282.39
1734126579, 19, 44, 69, 25, 0, 0.06%, 9, 0, 7, 239.47
1734126605, 19, 45, 69, 25, 0, 0.06%, 9, 0, 7, 233.65
1734126666, 19, 56, 69, 24, 0, 0.06%, 9, 0, 7, 348.13
1734126727, 19, 60, 69, 23, 0, 0.06%, 9, 0, 7, 320.16
1734126778, 19, 65, 69, 22, 0, 0.06%, 9, 0, 7, 305.99
1734127017, 19, 65, 70, 23, 0, 0.06%, 9, 0, 7, 377.39
1734127047, 19, 65, 71, 24, 0, 0.06%, 9, 0, 7, 367.12
1734127052, 19, 65, 73, 26, 0, 0.06%, 9, 0, 7, 369.55
1734127118, 19, 72, 74, 26, 0, 0.06%, 9, 0, 8, 334.86
1734127287, 20, 11, 74, 25, 0, 0.06%, 9, 0, 8, 261.94
1734127292, 20, 13, 74, 25, 0, 0.06%, 9, 0, 8, 267.47
1734127297, 20, 15, 74, 25, 0, 0.06%, 9, 0, 8, 249.09
1734127302, 20, 17, 74, 25, 0, 0.06%, 9, 0, 8, 250.00
1734127424, 20, 23, 74, 24, 0, 0.06%, 9, 0, 8, 239.72
1734127429, 20, 26, 74, 24, 0, 0.06%, 9, 0, 8, 349.17
1734127439, 20, 26, 75, 25, 0, 0.06%, 9, 0, 8, 275.54
1734127511, 20, 32, 75, 24, 0, 0.06%, 9, 0, 8, 325.56
1734127567, 20, 33, 75, 23, 0, 0.06%, 9, 0, 8, 294.43
1734127618, 20, 40, 75, 22, 0, 0.06%, 9, 0, 8, 356.76
1734127699, 20, 44, 75, 21, 0, 0.06%, 9, 0, 8, 282.44
1734127709, 20, 53, 75, 21, 0, 0.06%, 9, 0, 8, 370.72
1734127791, 20, 54, 75, 20, 0, 0.06%, 9, 0, 8, 314.62
1734127841, 20, 57, 75, 19, 0, 0.06%, 9, 0, 8, 328.12
1734127927, 20, 67, 75, 18, 0, 0.06%, 9, 0, 8, 246.80
1734128104, 21, 12, 75, 17, 0, 0.06%, 9, 0, 8, 251.05
1734128110, 21, 14, 75, 17, 0, 0.06%, 9, 0, 8, 262.64
1734128115, 21, 16, 75, 17, 0, 0.06%, 9, 0, 8, 258.03
1734128120, 21, 18, 75, 17, 0, 0.06%, 9, 0, 8, 276.64
1734128171, 21, 23, 75, 16, 0, 0.06%, 9, 0, 8, 250.85
1734128176, 21, 24, 75, 16, 0, 0.06%, 9, 0, 8, 320.80
1734128221, 21, 29, 75, 15, 0, 0.06%, 9, 0, 8, 276.94
1734128272, 21, 44, 75, 14, 0, 0.06%, 9, 0, 8, 279.99
1734128277, 21, 52, 75, 14, 0, 0.06%, 9, 0, 8, 267.66
1734128303, 21, 58, 75, 14, 0, 0.06%, 9, 0, 8, 398.44
1734128333, 21, 58, 76, 15, 0, 0.06%, 9, 0, 8, 321.49
1734128394, 21, 69, 76, 14, 0, 0.06%, 9, 0, 8, 308.88
1734128649, 21, 74, 76, 13, 0, 0.06%, 9, 0, 8, 262.64
1734129254, 21, 75, 76, 12, 0, 0.06%, 9, 0, 8, 256.72
1734129325, 21, 75, 77, 13, 0, 0.06%, 9, 0, 8, 314.79
1734129376, 22, 12, 77, 12, 0, 0.06%, 9, 0, 8, 258.66
1734129381, 22, 14, 77, 12, 0, 0.06%, 9, 0, 8, 251.63
1734129386, 22, 16, 77, 12, 0, 0.06%, 9, 0, 8, 256.81
1734129391, 22, 17, 77, 12, 0, 0.06%, 9, 0, 8, 283.05
1734129411, 22, 23, 77, 12, 0, 0.06%, 9, 0, 8, 261.37
1734129416, 22, 31, 77, 12, 0, 0.06%, 9, 0, 8, 331.70
1734129553, 22, 31, 78, 13, 0, 0.06%, 9, 0, 8, 279.59
1734129564, 22, 41, 78, 12, 0, 0.06%, 9, 0, 8, 275.73
1734129584, 22, 44, 78, 12, 0, 0.06%, 9, 0, 8, 246.78
1734129589, 22, 55, 78, 12, 0, 0.06%, 9, 0, 8, 290.06
1734129640, 23, 11, 78, 11, 0, 0.06%, 9, 0, 8, 250.91
1734129645, 23, 13, 78, 11, 0, 0.06%, 9, 0, 8, 253.06
1734129650, 23, 15, 78, 11, 0, 0.06%, 9, 0, 8, 252.28
1734129655, 23, 23, 78, 11, 0, 0.06%, 9, 0, 8, 247.74
1734129660, 23, 26, 78, 11, 0, 0.06%, 9, 0, 8, 265.59
1734129680, 23, 35, 78, 11, 0, 0.06%, 9, 0, 8, 242.98
1734129924, 23, 44, 78, 10, 0, 0.06%, 9, 0, 8, 259.14
1734129929, 23, 49, 78, 10, 0, 0.06%, 9, 0, 8, 270.36
1734129950, 23, 74, 78, 10, 0, 0.06%, 9, 0, 8, 314.98
1734129970, 23, 77, 79, 11, 0, 0.06%, 9, 0, 8, 311.72
1734130169, 23, 78, 79, 10, 0, 0.06%, 9, 0, 8, 319.32
1734130367, 24, 11, 79, 9, 0, 0.06%, 9, 0, 8, 264.55
1734130372, 24, 13, 79, 9, 0, 0.06%, 9, 0, 8, 259.07
1734130377, 24, 15, 79, 9, 0, 0.06%, 9, 0, 8, 251.01
1734130383, 24, 23, 79, 9, 0, 0.06%, 9, 0, 8, 264.85
1734130388, 24, 25, 79, 9, 0, 0.06%, 9, 0, 8, 259.58
1734130413, 24, 44, 79, 9, 0, 0.06%, 9, 0, 8, 257.42
1734130418, 24, 49, 79, 9, 0, 0.06%, 9, 0, 8, 269.06
1734130439, 24, 53, 79, 9, 0, 0.06%, 9, 0, 8, 289.44
1734130459, 24, 54, 79, 9, 0, 0.06%, 9, 0, 8, 267.17
1734130484, 24, 57, 79, 9, 0, 0.06%, 9, 0, 8, 279.48
1734130494, 24, 57, 80, 10, 0, 0.07%, 10, 0, 8, 286.79
1734130504, 24, 64, 80, 10, 1, 0.07%, 10, 0, 8, 246.29
1734130810, 24, 79, 80, 9, 1, 0.07%, 10, 0, 8, 384.96
1734130871, 25, 9, 80, 8, 0, 0.07%, 10, 0, 8, 242.85
1734130876, 25, 13, 80, 8, 0, 0.07%, 10, 0, 8, 262.80
1734130881, 25, 15, 80, 8, 0, 0.07%, 10, 0, 8, 259.97
1734130886, 25, 20, 80, 8, 0, 0.07%, 10, 0, 8, 269.81
1734130912, 25, 23, 80, 8, 0, 0.07%, 10, 0, 8, 278.42
1734130917, 25, 44, 80, 8, 0, 0.07%, 10, 0, 8, 283.22
1734130922, 25, 64, 80, 8, 0, 0.07%, 10, 0, 8, 345.85
1734130942, 25, 73, 80, 8, 0, 0.07%, 10, 0, 8, 340.37
1734131130, 25, 79, 80, 7, 0, 0.07%, 10, 0, 8, 282.52
1734131150, 26, 11, 80, 7, 0, 0.07%, 10, 0, 8, 254.09
1734131155, 26, 13, 80, 7, 0, 0.07%, 10, 0, 8, 259.63
1734131160, 26, 14, 80, 7, 0, 0.07%, 10, 0, 8, 250.56
1734131165, 26, 16, 80, 7, 0, 0.07%, 10, 0, 8, 258.02
1734131170, 26, 23, 80, 7, 0, 0.07%, 10, 0, 8, 269.77
1734131175, 26, 32, 80, 7, 0, 0.07%, 10, 0, 8, 263.34
1734131191, 26, 44, 80, 7, 0, 0.07%, 10, 0, 8, 273.61
1734131196, 26, 60, 80, 7, 0, 0.07%, 10, 0, 8, 271.28
1734131221, 26, 70, 80, 7, 0, 0.07%, 10, 0, 8, 336.62
1734131394, 26, 79, 80, 6, 0, 0.07%, 10, 0, 8, 276.47
1734131419, 27, 12, 80, 6, 0, 0.07%, 10, 0, 8, 259.66
1734131424, 27, 14, 80, 6, 0, 0.07%, 10, 0, 8, 262.24
1734131429, 27, 16, 80, 6, 0, 0.07%, 10, 0, 8, 253.80
1734131434, 27, 19, 80, 6, 0, 0.07%, 10, 0, 8, 264.68
1734131455, 27, 23, 80, 6, 0, 0.07%, 10, 0, 8, 253.22
1734131460, 27, 39, 80, 6, 0, 0.07%, 10, 0, 8, 281.11
1734131511, 27, 42, 80, 5, 0, 0.07%, 10, 0, 8, 268.47
1734131531, 27, 44, 80, 5, 0, 0.07%, 10, 0, 8, 250.15
1734131536, 27, 57, 80, 5, 0, 0.07%, 10, 0, 8, 275.78
1734131562, 27, 68, 80, 5, 0, 0.07%, 10, 0, 8, 346.10
1734131700, 27, 79, 80, 4, 0, 0.07%, 10, 0, 8, 271.22
1734131721, 28, 12, 80, 4, 0, 0.07%, 10, 0, 8, 259.94
1734131726, 28, 14, 80, 4, 0, 0.07%, 10, 0, 8, 257.55
1734131731, 28, 16, 80, 4, 0, 0.07%, 10, 0, 8, 252.78
1734131736, 28, 23, 80, 4, 0, 0.07%, 10, 0, 8, 261.29
1734131741, 28, 40, 80, 4, 0, 0.07%, 10, 0, 8, 287.29
1734131761, 28, 44, 80, 4, 0, 0.07%, 10, 0, 8, 253.67
1734131766, 28, 60, 80, 4, 0, 0.07%, 10, 0, 8, 273.71
1734131786, 28, 75, 80, 4, 0, 0.07%, 10, 0, 8, 277.25
1734131812, 28, 79, 80, 4, 0, 0.07%, 10, 0, 8, 267.72
1734131832, 29, 11, 80, 4, 0, 0.07%, 10, 0, 8, 256.35
1734131837, 29, 13, 80, 4, 0, 0.07%, 10, 0, 8, 252.38
1734131842, 29, 15, 80, 4, 0, 0.07%, 10, 0, 8, 257.99
1734131847, 29, 23, 80, 4, 0, 0.07%, 10, 0, 8, 266.67
1734131852, 29, 44, 80, 4, 0, 0.07%, 10, 0, 8, 257.43
1734131862, 29, 66, 80, 4, 0, 0.07%, 10, 0, 8, 350.81
1734131943, 29, 71, 80, 3, 0, 0.07%, 10, 0, 8, 236.60
1734132183, 29, 75, 80, 2, 0, 0.07%, 10, 0, 8, 273.22
1734132208, 29, 79, 80, 2, 0, 0.07%, 10, 0, 8, 266.50
1734132228, 30, 12, 80, 2, 0, 0.07%, 10, 0, 8, 257.91
1734132233, 30, 14, 80, 2, 0, 0.07%, 10, 0, 8, 255.08
1734132238, 30, 15, 80, 2, 0, 0.07%, 10, 0, 8, 263.29
1734132243, 30, 23, 80, 2, 0, 0.07%, 10, 0, 8, 249.69
1734132248, 30, 44, 80, 2, 0, 0.07%, 10, 0, 8, 249.78
1734132254, 30, 56, 80, 2, 0, 0.07%, 10, 0, 8, 268.39
1734132279, 30, 64, 80, 2, 0, 0.07%, 10, 0, 8, 331.01
1734132299, 30, 79, 80, 2, 0, 0.07%, 10, 0, 8, 277.91
1734132304, 31, 12, 80, 2, 0, 0.07%, 10, 0, 8, 261.85
1734132309, 31, 14, 80, 2, 0, 0.07%, 10, 0, 8, 259.23
1734132314, 31, 16, 80, 2, 0, 0.07%, 10, 0, 8, 267.87
1734132320, 31, 23, 80, 2, 0, 0.07%, 10, 0, 8, 269.15
1734132325, 31, 25, 80, 2, 0, 0.07%, 10, 0, 8, 262.04
1734132350, 31, 44, 80, 2, 0, 0.07%, 10, 0, 8, 273.73
1734132355, 31, 76, 80, 2, 0, 0.07%, 10, 0, 8, 412.12
1734132446, 31, 79, 80, 1, 0, 0.07%, 10, 0, 8, 264.24
1734132451, 32, 11, 80, 1, 0, 0.07%, 10, 0, 8, 253.71
1734132456, 32, 13, 80, 1, 0, 0.07%, 10, 0, 8, 273.63
1734132461, 32, 15, 80, 1, 0, 0.07%, 10, 0, 8, 264.53
1734132466, 32, 23, 80, 1, 0, 0.07%, 10, 0, 8, 255.16
1734132471, 32, 44, 80, 1, 0, 0.07%, 10, 0, 8, 251.19
1734132477, 32, 54, 80, 1, 0, 0.07%, 10, 0, 8, 256.43
1734132502, 32, 78, 80, 1, 0, 0.07%, 10, 0, 8, 290.31
1734132517, 32, 79, 80, 1, 0, 0.07%, 10, 0, 8, 289.60
1734132527, 33, 13, 80, 1, 0, 0.07%, 10, 0, 8, 247.04
1734132532, 33, 15, 80, 1, 0, 0.07%, 10, 0, 8, 259.26
1734132537, 33, 16, 80, 1, 0, 0.07%, 10, 0, 8, 260.35
1734132542, 33, 23, 80, 1, 0, 0.07%, 10, 0, 8, 249.52
1734132548, 33, 25, 80, 1, 0, 0.07%, 10, 0, 8, 260.14
1734132568, 33, 38, 80, 1, 0, 0.07%, 10, 0, 8, 270.46
1734132588, 33, 44, 80, 1, 0, 0.07%, 10, 0, 8, 247.40
1734132598, 33, 47, 80, 1, 0, 0.07%, 10, 0, 8, 279.10
1734132618, 33, 57, 80, 1, 0, 0.07%, 10, 0, 8, 283.92
1734132638, 33, 65, 80, 1, 0, 0.07%, 10, 0, 8, 338.04
1734132659, 33, 73, 80, 1, 0, 0.07%, 10, 0, 8, 320.58
1734132689, 33, 77, 80, 1, 0, 0.07%, 10, 0, 8, 297.96
1734132709, 33, 79, 80, 1, 0, 0.07%, 10, 0, 8, 269.29
1734132714, 34, 12, 80, 1, 0, 0.07%, 10, 0, 8, 254.11
1734132719, 34, 14, 80, 1, 0, 0.07%, 10, 0, 8, 264.50
1734132724, 34, 15, 80, 1, 0, 0.07%, 10, 0, 8, 259.32
1734132729, 34, 23, 80, 1, 0, 0.07%, 10, 0, 8, 261.44
1734132734, 34, 38, 80, 1, 0, 0.07%, 10, 0, 8, 266.77
1734132760, 34, 44, 80, 1, 0, 0.07%, 10, 0, 8, 257.06
1734132765, 34, 52, 80, 1, 0, 0.07%, 10, 0, 8, 261.50
1734132785, 34, 79, 80, 1, 0, 0.07%, 10, 0, 8, 281.48
1734132790, 35, 11, 80, 1, 0, 0.07%, 10, 0, 8, 253.81
1734132795, 35, 13, 80, 1, 0, 0.07%, 10, 0, 8, 254.59
1734132800, 35, 15, 80, 1, 0, 0.07%, 10, 0, 8, 253.40
1734132805, 35, 16, 80, 1, 0, 0.07%, 10, 0, 8, 257.32
1734132810, 35, 23, 80, 1, 0, 0.07%, 10, 0, 8, 281.74
1734132816, 35, 35, 80, 1, 0, 0.07%, 10, 0, 8, 306.03
1734132836, 35, 44, 80, 1, 0, 0.07%, 10, 0, 8, 268.16
1734132841, 35, 79, 80, 1, 0, 0.07%, 10, 0, 8, 270.48
1734132846, 36, 12, 80, 1, 0, 0.07%, 10, 0, 8, 248.30
1734132851, 36, 14, 80, 1, 0, 0.07%, 10, 0, 8, 249.25
1734132856, 36, 16, 80, 1, 0, 0.07%, 10, 0, 8, 246.30
1734132861, 36, 23, 80, 1, 0, 0.07%, 10, 0, 8, 256.50
1734132866, 36, 44, 80, 1, 0, 0.07%, 10, 0, 8, 258.67
1734132871, 36, 68, 80, 1, 0, 0.07%, 10, 0, 8, 278.51
1734132892, 36, 79, 80, 1, 0, 0.07%, 10, 0, 8, 275.44
1734132897, 37, 11, 80, 1, 0, 0.07%, 10, 0, 8, 257.22
1734132902, 37, 13, 80, 1, 0, 0.07%, 10, 0, 8, 268.93
1734132907, 37, 15, 80, 1, 0, 0.07%, 10, 0, 8, 271.41
1734132912, 37, 22, 80, 1, 0, 0.07%, 10, 0, 8, 354.43
1734132963, 37, 23, 80, 0, 0, 0.07%, 10, 0, 8, 251.42
1734132968, 37, 44, 80, 0, 0, 0.07%, 10, 0, 8, 257.25
1734132973, 37, 52, 80, 0, 0, 0.07%, 10, 0, 8, 265.53
1734132994, 37, 79, 80, 0, 0, 0.07%, 10, 0, 8, 279.80
1734132999, 38, 10, 80, 0, 0, 0.07%, 10, 0, 8, 272.25
1734133009, 38, 11, 80, 0, 0, 0.07%, 10, 0, 8, 252.30
1734133014, 38, 13, 80, 0, 0, 0.07%, 10, 0, 8, 258.57
1734133019, 38, 15, 80, 0, 0, 0.07%, 10, 0, 8, 265.83
1734133024, 38, 23, 80, 0, 0, 0.07%, 10, 0, 8, 265.53
1734133034, 38, 44, 80, 0, 0, 0.07%, 10, 0, 8, 268.03
1734133039, 38, 71, 80, 0, 0, 0.07%, 10, 0, 8, 342.71
1734133055, 38, 77, 80, 0, 0, 0.07%, 10, 0, 8, 295.19
1734133080, 38, 79, 80, 0, 0, 0.07%, 10, 0, 8, 270.44
1734133085, 39, 12, 80, 0, 0, 0.07%, 10, 0, 8, 262.67
1734133090, 39, 14, 80, 0, 0, 0.07%, 10, 0, 8, 267.25
1734133095, 39, 16, 80, 0, 0, 0.07%, 10, 0, 8, 269.30
1734133100, 39, 23, 80, 0, 0, 0.07%, 10, 0, 8, 244.47
1734133105, 39, 31, 80, 0, 0, 0.07%, 10, 0, 8, 275.17
1734133126, 39, 32, 80, 0, 0, 0.07%, 10, 0, 8, 266.05
1734133146, 39, 40, 80, 0, 0, 0.07%, 10, 0, 8, 284.42
1734133166, 39, 44, 80, 0, 0, 0.07%, 10, 0, 8, 261.44
1734133171, 39, 62, 80, 0, 0, 0.07%, 10, 0, 8, 269.92
1734133191, 39, 76, 80, 0, 0, 0.07%, 10, 0, 8, 273.47
1734133212, 39, 79, 80, 0, 0, 0.07%, 10, 0, 8, 263.71
1734133217, 40, 11, 80, 0, 0, 0.07%, 10, 0, 8, 263.02
1734133222, 40, 13, 80, 0, 0, 0.07%, 10, 0, 8, 264.22
1734133227, 40, 15, 80, 0, 0, 0.07%, 10, 0, 8, 263.40
1734133232, 40, 23, 80, 0, 0, 0.07%, 10, 0, 8, 261.66
1734133237, 40, 35, 80, 0, 0, 0.07%, 10, 0, 8, 285.77
1734133258, 40, 39, 80, 0, 0, 0.07%, 10, 0, 8, 285.87
1734133283, 40, 44, 80, 0, 0, 0.07%, 10, 0, 8, 263.86
1734133288, 40, 67, 80, 0, 0, 0.07%, 10, 0, 8, 296.94
1734133308, 40, 76, 80, 0, 0, 0.07%, 10, 0, 8, 306.17
1734133328, 40, 79, 80, 0, 0, 0.07%, 10, 0, 8, 269.73
1734133333, 41, 12, 80, 0, 0, 0.07%, 10, 0, 8, 257.31
1734133339, 41, 14, 80, 0, 0, 0.07%, 10, 0, 8, 260.68
1734133344, 41, 16, 80, 0, 0, 0.07%, 10, 0, 8, 256.05
1734133349, 41, 23, 80, 0, 0, 0.07%, 10, 0, 8, 244.25
1734133354, 41, 26, 80, 0, 0, 0.07%, 10, 0, 8, 263.55
1734133374, 41, 29, 80, 0, 0, 0.07%, 10, 0, 8, 270.91
1734133394, 41, 29, 81, 1, 0, 0.07%, 10, 0, 8, 292.45
1734133400, 41, 42, 81, 1, 0, 0.07%, 10, 0, 8, 294.86
1734133415, 41, 44, 81, 1, 0, 0.07%, 10, 0, 8, 275.68
1734133425, 41, 50, 81, 1, 0, 0.07%, 10, 0, 8, 285.95
1734133445, 41, 54, 81, 1, 0, 0.07%, 10, 0, 8, 262.81
1734133465, 41, 69, 81, 1, 0, 0.07%, 10, 0, 8, 336.22
1734133485, 41, 79, 81, 1, 0, 0.07%, 10, 0, 8, 274.70
1734133491, 41, 80, 81, 1, 0, 0.07%, 10, 0, 8, 363.12
1734133496, 41, 80, 82, 2, 0, 0.07%, 10, 0, 8, 418.52
1734133597, 42, 11, 82, 1, 0, 0.07%, 10, 0, 8, 258.61
1734133602, 42, 13, 82, 1, 0, 0.07%, 10, 0, 8, 260.28
1734133607, 42, 15, 82, 1, 0, 0.07%, 10, 0, 8, 240.88
1734133613, 42, 22, 82, 1, 0, 0.07%, 10, 0, 8, 267.66
1734133633, 42, 23, 82, 1, 0, 0.07%, 10, 0, 8, 282.53
1734133638, 42, 27, 82, 1, 0, 0.07%, 10, 0, 8, 268.18
1734133663, 42, 44, 82, 1, 0, 0.07%, 10, 0, 8, 249.40
1734133668, 42, 68, 82, 1, 0, 0.07%, 10, 0, 8, 276.16
1734133688, 42, 79, 82, 1, 0, 0.07%, 10, 0, 8, 269.55
1734133693, 43, 11, 82, 1, 0, 0.07%, 10, 0, 8, 251.73
1734133698, 43, 12, 82, 1, 0, 0.07%, 10, 0, 8, 254.64
1734133703, 43, 14, 82, 1, 0, 0.07%, 10, 0, 8, 262.03
1734133708, 43, 16, 82, 1, 0, 0.07%, 10, 0, 8, 262.37
1734133713, 43, 23, 82, 1, 0, 0.07%, 10, 0, 8, 261.36
1734133718, 43, 33, 82, 1, 0, 0.07%, 10, 0, 8, 273.27
1734133739, 43, 36, 82, 1, 0, 0.07%, 10, 0, 8, 235.02
1734133764, 43, 44, 82, 1, 0, 0.07%, 10, 0, 8, 262.78
1734133769, 43, 64, 82, 1, 0, 0.07%, 10, 0, 8, 338.28
1734133785, 43, 79, 82, 1, 0, 0.07%, 10, 0, 8, 298.53
1734133790, 44, 11, 82, 1, 0, 0.07%, 10, 0, 8, 270.21
1734133795, 44, 13, 82, 1, 0, 0.07%, 10, 0, 8, 252.19
1734133800, 44, 15, 82, 1, 0, 0.07%, 10, 0, 8, 262.64
1734133805, 44, 23, 82, 1, 0, 0.07%, 10, 0, 8, 258.09
1734133810, 44, 44, 82, 1, 0, 0.07%, 10, 0, 8, 254.40
1734133820, 44, 65, 82, 1, 0, 0.07%, 10, 0, 8, 344.73
1734133836, 44, 79, 82, 1, 0, 0.07%, 10, 0, 8, 283.38
1734133846, 44, 81, 82, 1, 0, 0.07%, 10, 0, 8, 369.55
1734133952, 45, 12, 82, 0, 0, 0.07%, 10, 0, 8, 245.42
1734133957, 45, 14, 82, 0, 0, 0.07%, 10, 0, 8, 250.06
1734133962, 45, 16, 82, 0, 0, 0.07%, 10, 0, 8, 243.01
1734133968, 45, 23, 82, 0, 0, 0.07%, 10, 0, 8, 247.46
1734133973, 45, 25, 82, 0, 0, 0.07%, 10, 0, 8, 253.36
1734133978, 45, 36, 82, 0, 0, 0.07%, 10, 0, 8, 255.68
1734133998, 45, 37, 82, 0, 0, 0.07%, 10, 0, 8, 278.73
1734134023, 45, 44, 82, 0, 0, 0.07%, 10, 0, 8, 269.83
1734134029, 45, 48, 82, 0, 0, 0.07%, 10, 0, 8, 304.06
1734134049, 45, 59, 82, 0, 0, 0.07%, 10, 0, 8, 306.64
1734134069, 45, 63, 82, 0, 0, 0.07%, 10, 0, 8, 292.35
1734134090, 45, 69, 82, 0, 0, 0.07%, 10, 0, 8, 343.97
1734134110, 45, 79, 82, 0, 0, 0.07%, 10, 0, 8, 259.04
1734134115, 46, 12, 82, 0, 0, 0.07%, 10, 0, 8, 263.19
1734134120, 46, 14, 82, 0, 0, 0.07%, 10, 0, 8, 249.01
1734134125, 46, 16, 82, 0, 0, 0.07%, 10, 0, 8, 253.24
1734134130, 46, 18, 82, 0, 0, 0.07%, 10, 0, 8, 249.68
1734134150, 46, 23, 82, 0, 0, 0.07%, 10, 0, 8, 270.87
1734134155, 46, 27, 82, 0, 0, 0.07%, 10, 0, 8, 278.71
1734134181, 46, 40, 82, 0, 0, 0.07%, 10, 0, 8, 283.08
1734134201, 46, 44, 82, 0, 0, 0.07%, 10, 0, 8, 244.14
1734134206, 46, 65, 82, 0, 0, 0.07%, 10, 0, 8, 308.08
1734134226, 46, 76, 82, 0, 0, 0.07%, 10, 0, 8, 301.62
1734134246, 46, 78, 82, 0, 0, 0.07%, 10, 0, 8, 292.57
1734134266, 46, 79, 82, 0, 0, 0.07%, 10, 0, 8, 263.67
1734134271, 47, 1, 82, 0, 0, 0.07%, 10, 0, 8, 262.59
1734134276, 47, 12, 82, 0, 0, 0.07%, 10, 0, 8, 257.67
1734134281, 47, 14, 82, 0, 0, 0.07%, 10, 0, 8, 260.84
1734134287, 47, 16, 82, 0, 0, 0.07%, 10, 0, 8, 254.44
1734134292, 47, 23, 82, 0, 0, 0.07%, 10, 0, 8, 275.93
1734134297, 47, 29, 82, 0, 0, 0.07%, 10, 0, 8, 279.88
1734134317, 47, 37, 82, 0, 0, 0.07%, 10, 0, 8, 259.90
1734134337, 47, 39, 82, 0, 0, 0.07%, 10, 0, 8, 249.07
1734134363, 47, 44, 82, 0, 0, 0.07%, 10, 0, 8, 265.43
1734134368, 47, 47, 82, 0, 0, 0.07%, 10, 0, 8, 275.53
1734134388, 47, 53, 82, 0, 0, 0.07%, 10, 0, 8, 283.91
1734134409, 47, 79, 82, 0, 0, 0.07%, 10, 0, 8, 258.05
1734134414, 48, 11, 82, 0, 0, 0.07%, 10, 0, 8, 254.36
1734134419, 48, 13, 82, 0, 0, 0.07%, 10, 0, 8, 256.54
1734134424, 48, 14, 82, 0, 0, 0.07%, 10, 0, 8, 247.30
1734134429, 48, 16, 82, 0, 0, 0.07%, 10, 0, 8, 252.76
1734134434, 48, 23, 82, 0, 0, 0.07%, 10, 0, 8, 271.69
1734134439, 48, 30, 82, 0, 0, 0.07%, 10, 0, 8, 266.75
1734134459, 48, 33, 82, 0, 0, 0.07%, 10, 0, 8, 261.08
1734134480, 48, 44, 82, 0, 0, 0.07%, 10, 0, 8, 268.16
1734134490, 48, 49, 82, 0, 0, 0.07%, 10, 0, 8, 262.38
1734134510, 48, 72, 82, 0, 0, 0.07%, 10, 0, 8, 332.94
1734134530, 48, 79, 82, 0, 0, 0.07%, 10, 0, 8, 271.79
1734134535, 49, 12, 82, 0, 0, 0.07%, 10, 0, 8, 252.36
1734134540, 49, 14, 82, 0, 0, 0.07%, 10, 0, 8, 249.69
1734134546, 49, 16, 82, 0, 0, 0.07%, 10, 0, 8, 241.63
1734134551, 49, 19, 82, 0, 0, 0.07%, 10, 0, 8, 253.10
1734134571, 49, 23, 82, 0, 0, 0.07%, 10, 0, 8, 263.55
1734134576, 49, 25, 82, 0, 0, 0.07%, 10, 0, 8, 268.57
1734134581, 49, 29, 82, 0, 0, 0.07%, 10, 0, 8, 258.85
1734134607, 49, 32, 82, 0, 0, 0.07%, 10, 0, 8, 264.95
1734134627, 49, 33, 82, 0, 0, 0.07%, 10, 0, 8, 267.90
1734134647, 49, 37, 82, 0, 0, 0.07%, 10, 0, 8, 249.37
1734134673, 49, 44, 82, 0, 0, 0.07%, 10, 0, 8, 239.37
1734134678, 49, 48, 82, 0, 0, 0.07%, 10, 0, 8, 278.07
1734134698, 49, 79, 82, 0, 0, 0.07%, 10, 0, 8, 287.45
1734134703, 50, 11, 82, 0, 0, 0.07%, 10, 0, 8, 266.72
1734134708, 50, 13, 82, 0, 0, 0.07%, 10, 0, 8, 265.83
1734134713, 50, 14, 82, 0, 0, 0.07%, 10, 0, 8, 261.60
1734134718, 50, 16, 82, 0, 0, 0.07%, 10, 0, 8, 270.51
1734134723, 50, 23, 82, 0, 0, 0.07%, 10, 0, 8, 263.31
1734134728, 50, 30, 82, 0, 0, 0.07%, 10, 0, 8, 264.49
1734134749, 50, 44, 82, 0, 0, 0.07%, 10, 0, 8, 238.99
1734134754, 50, 52, 82, 0, 0, 0.07%, 10, 0, 8, 259.72
1734134759, 50, 62, 82, 0, 0, 0.07%, 10, 0, 8, 278.15
1734134779, 50, 79, 82, 0, 0, 0.07%, 10, 0, 8, 278.57
1734134784, 50, 82, 83, 1, 1, 0.09%, 11, 0, 8, 263.27
1734134860, 51, 11, 83, 0, 0, 0.09%, 11, 0, 8, 245.05
1734134866, 51, 13, 83, 0, 0, 0.09%, 11, 0, 8, 242.96
1734134871, 51, 15, 83, 0, 0, 0.09%, 11, 0, 8, 253.48
1734134876, 51, 16, 83, 0, 0, 0.09%, 11, 0, 8, 249.94
1734134881, 51, 44, 83, 0, 0, 0.09%, 11, 0, 8, 257.54
1734134891, 51, 49, 83, 0, 0, 0.09%, 11, 0, 8, 268.00
1734134896, 51, 79, 83, 0, 0, 0.09%, 11, 0, 8, 275.04
1734134901, 51, 82, 83, 0, 0, 0.09%, 11, 0, 8, 252.35
1734134932, 52, 11, 83, 0, 0, 0.09%, 11, 0, 8, 292.62
1734134937, 52, 13, 83, 0, 0, 0.09%, 11, 0, 8, 248.83
1734134942, 52, 14, 83, 0, 0, 0.09%, 11, 0, 8, 250.46
1734134947, 52, 16, 83, 0, 0, 0.09%, 11, 0, 8, 257.22
1734134952, 52, 23, 83, 0, 0, 0.09%, 11, 0, 8, 276.25
1734134957, 52, 30, 83, 0, 0, 0.09%, 11, 0, 8, 265.86
1734134962, 52, 40, 83, 0, 0, 0.09%, 11, 0, 8, 267.10
1734134967, 52, 44, 83, 0, 0, 0.09%, 11, 0, 8, 250.78
1734134972, 52, 79, 83, 0, 0, 0.09%, 11, 0, 8, 268.94
1734134977, 52, 82, 83, 0, 0, 0.09%, 11, 0, 8, 258.70
1734135008, 53, 11, 83, 0, 0, 0.09%, 11, 0, 8, 294.66
1734135013, 53, 13, 83, 0, 0, 0.09%, 11, 0, 8, 262.84
1734135018, 53, 14, 83, 0, 0, 0.09%, 11, 0, 8, 263.78
1734135023, 53, 16, 83, 0, 0, 0.09%, 11, 0, 8, 254.06
1734135028, 53, 23, 83, 0, 0, 0.09%, 11, 0, 8, 259.06
1734135033, 53, 35, 83, 0, 0, 0.09%, 11, 0, 8, 298.32
1734135053, 53, 44, 83, 0, 0, 0.09%, 11, 0, 8, 265.94
1734135058, 53, 79, 83, 0, 0, 0.09%, 11, 0, 8, 270.98
1734135063, 53, 82, 83, 0, 0, 0.09%, 11, 0, 8, 249.75
1734135099, 54, 12, 83, 0, 0, 0.09%, 11, 0, 8, 254.80
1734135104, 54, 14, 83, 0, 0, 0.09%, 11, 0, 8, 250.76
1734135109, 54, 16, 83, 0, 0, 0.09%, 11, 0, 8, 252.66
1734135114, 54, 23, 83, 0, 0, 0.09%, 11, 0, 8, 254.77
1734135119, 54, 33, 83, 0, 0, 0.09%, 11, 0, 8, 265.60
1734135124, 54, 44, 83, 0, 0, 0.09%, 11, 0, 8, 259.71
1734135129, 54, 51, 83, 0, 0, 0.09%, 11, 0, 8, 273.38
1734135149, 54, 67, 83, 0, 0, 0.09%, 11, 0, 8, 289.78
1734135170, 54, 78, 83, 0, 0, 0.09%, 11, 0, 8, 267.01
1734135190, 54, 79, 83, 0, 0, 0.09%, 11, 0, 8, 257.47
1734135196, 54, 82, 83, 0, 0, 0.09%, 11, 0, 8, 264.28
1734135231, 55, 12, 83, 0, 0, 0.09%, 11, 0, 8, 259.54
1734135236, 55, 14, 83, 0, 0, 0.09%, 11, 0, 8, 258.93
1734135241, 55, 16, 83, 0, 0, 0.09%, 11, 0, 8, 256.19
1734135246, 55, 23, 83, 0, 0, 0.09%, 11, 0, 8, 245.02
1734135251, 55, 36, 83, 0, 0, 0.09%, 11, 0, 8, 256.17
1734135272, 55, 38, 83, 0, 0, 0.09%, 11, 0, 8, 286.09
1734135277, 55, 44, 83, 0, 0, 0.09%, 11, 0, 8, 264.20
1734135287, 55, 59, 83, 0, 0, 0.09%, 11, 0, 8, 310.04
1734135307, 55, 65, 83, 0, 0, 0.09%, 11, 0, 8, 297.61
1734135317, 55, 79, 84, 1, 0, 0.09%, 11, 0, 8, 269.18
1734135322, 55, 83, 84, 1, 1, 0.09%, 11, 0, 8, 267.26
1734135358, 55, 83, 85, 2, 1, 0.09%, 12, 0, 8, 234.59
1734135409, 55, 84, 88, 4, 1, 0.12%, 15, 0, 8, 349.99
1734135424, 55, 84, 89, 5, 1, 0.12%, 16, 0, 8, 308.59
1734135430, 55, 84, 92, 8, 1, 0.12%, 16, 0, 8, 282.32
1734135440, 55, 84, 93, 9, 1, 0.12%, 16, 0, 8, 277.81
1734135516, 55, 84, 94, 10, 1, 0.12%, 16, 0, 8, 278.21
1734135531, 55, 84, 95, 11, 1, 0.12%, 17, 0, 8, 283.21
1734135542, 55, 84, 96, 12, 1, 0.12%, 17, 0, 8, 281.82
1734135557, 55, 85, 96, 11, 5, 0.12%, 17, 0, 8, 368.81
1734135567, 55, 85, 97, 12, 5, 0.12%, 17, 0, 9, 315.89
1734135572, 55, 85, 98, 13, 5, 0.12%, 17, 0, 9, 285.14
1734135618, 55, 85, 99, 14, 5, 0.12%, 17, 0, 9, 269.02
1734135689, 55, 87, 99, 13, 4, 0.12%, 17, 0, 9, 328.82
1734135709, 55, 87, 100, 14, 4, 0.12%, 17, 0, 9, 278.12
1734135811, 55, 92, 100, 13, 3, 0.12%, 17, 0, 9, 301.26
1734135841, 55, 92, 101, 14, 3, 0.12%, 17, 0, 9, 274.66
1734135852, 55, 92, 102, 15, 3, 0.12%, 17, 0, 9, 273.52
1734135862, 55, 92, 104, 17, 3, 0.12%, 18, 0, 9, 274.46
1734135974, 55, 94, 105, 17, 2, 0.12%, 18, 0, 9, 379.37
1734135994, 55, 94, 106, 18, 2, 0.12%, 18, 0, 9, 267.32
1734136020, 55, 94, 107, 19, 2, 0.12%, 18, 0, 9, 274.50
1734136030, 55, 94, 108, 20, 2, 0.12%, 18, 0, 9, 270.70
1734136131, 55, 102, 108, 19, 1, 0.12%, 18, 0, 9, 345.35
1734136147, 55, 102, 109, 20, 1, 0.12%, 18, 0, 10, 327.90
1734136152, 55, 102, 111, 22, 1, 0.12%, 18, 0, 10, 279.97
1734136157, 55, 102, 112, 23, 1, 0.12%, 18, 0, 10, 275.01
1734136162, 55, 102, 113, 24, 1, 0.12%, 18, 0, 10, 268.22
1734136167, 55, 102, 114, 25, 1, 0.12%, 18, 0, 10, 270.44
1734136192, 55, 102, 115, 26, 1, 0.12%, 19, 0, 10, 272.60
1734136202, 55, 102, 116, 27, 1, 0.13%, 20, 0, 10, 267.47
1734136207, 55, 102, 117, 28, 1, 0.13%, 20, 0, 10, 278.20
1734136278, 55, 102, 118, 29, 1, 0.13%, 20, 0, 10, 280.48
1734136298, 55, 114, 120, 30, 2, 0.13%, 22, 0, 11, 339.51
1734136344, 55, 114, 121, 31, 2, 0.13%, 22, 0, 11, 275.66
1734136405, 55, 114, 122, 32, 2, 0.14%, 23, 0, 11, 275.86
1734136420, 55, 114, 123, 33, 2, 0.14%, 23, 0, 11, 268.67
1734136456, 55, 118, 123, 32, 3, 0.14%, 23, 0, 11, 332.99
1734136491, 55, 118, 124, 33, 3, 0.14%, 23, 0, 12, 272.99
1734136522, 55, 118, 125, 34, 3, 0.14%, 23, 0, 12, 276.38
1734136613, 55, 119, 125, 33, 2, 0.14%, 23, 0, 12, 326.64
1734136689, 55, 119, 126, 34, 2, 0.15%, 24, 0, 12, 272.09
1734136710, 55, 121, 126, 33, 2, 0.15%, 24, 0, 12, 352.87
1734136725, 55, 121, 127, 34, 2, 0.15%, 25, 0, 12, 324.57
1734136730, 55, 121, 128, 35, 2, 0.15%, 25, 0, 12, 283.67
1734136771, 55, 121, 129, 36, 2, 0.15%, 25, 0, 12, 280.53
1734136806, 55, 121, 130, 37, 2, 0.15%, 25, 0, 12, 277.54
1734136852, 55, 121, 131, 38, 2, 0.15%, 25, 0, 12, 294.22
1734136857, 55, 121, 133, 40, 2, 0.15%, 25, 0, 12, 267.80
1734136872, 55, 125, 135, 41, 2, 0.16%, 26, 0, 13, 343.64
1734136877, 55, 125, 145, 51, 2, 0.18%, 30, 0, 13, 331.25
1734136953, 55, 125, 146, 52, 2, 0.18%, 30, 0, 13, 299.10
1734136969, 55, 126, 146, 51, 6, 0.18%, 30, 0, 13, 317.16
1734137004, 55, 126, 147, 52, 6, 0.18%, 30, 0, 13, 279.51
1734137055, 55, 126, 148, 53, 6, 0.18%, 30, 0, 13, 271.19
1734137131, 55, 133, 148, 52, 5, 0.18%, 30, 0, 13, 305.02
1734137232, 55, 135, 148, 51, 4, 0.18%, 30, 0, 13, 365.03
1734137238, 55, 135, 149, 52, 4, 0.18%, 30, 0, 14, 388.58
1734137248, 55, 135, 150, 53, 4, 0.18%, 30, 0, 14, 290.40
1734137278, 55, 135, 151, 54, 4, 0.18%, 30, 0, 14, 282.98
1734137288, 55, 135, 152, 55, 4, 0.18%, 30, 0, 14, 276.96
1734137364, 55, 135, 153, 56, 4, 0.18%, 30, 0, 14, 309.52
1734137395, 55, 136, 154, 56, 3, 0.18%, 30, 0, 14, 378.41
1734137400, 55, 136, 155, 57, 3, 0.18%, 30, 0, 14, 409.44
1734137405, 55, 136, 156, 58, 3, 0.18%, 30, 0, 14, 333.28
1734137410, 55, 136, 157, 59, 3, 0.18%, 30, 0, 14, 285.25
1734137461, 55, 136, 158, 60, 3, 0.18%, 30, 0, 14, 266.64
1734137552, 55, 141, 158, 59, 3, 0.18%, 30, 0, 14, 391.61
1734137578, 55, 141, 159, 60, 3, 0.18%, 30, 0, 14, 278.12
1734137709, 55, 142, 159, 59, 2, 0.18%, 30, 0, 14, 364.92
1734137806, 55, 155, 159, 58, 1, 0.18%, 30, 0, 14, 246.65
1734137852, 55, 155, 160, 59, 1, 0.18%, 30, 0, 15, 273.40
1734137862, 55, 155, 161, 60, 1, 0.18%, 30, 0, 15, 276.76
1734137897, 55, 155, 162, 61, 1, 0.18%, 30, 0, 15, 275.61
1734137907, 55, 155, 163, 62, 1, 0.18%, 30, 0, 15, 274.67
1734137969, 55, 157, 163, 61, 0, 0.18%, 30, 0, 15, 342.71
1734138034, 55, 157, 164, 62, 0, 0.18%, 30, 0, 15, 283.95
1734138070, 55, 157, 165, 63, 0, 0.18%, 30, 0, 15, 280.82
1734138120, 55, 157, 166, 64, 0, 0.18%, 30, 0, 15, 301.31
1734138125, 55, 157, 168, 66, 0, 0.18%, 30, 0, 15, 307.25
1734138130, 55, 165, 168, 65, 0, 0.18%, 30, 0, 15, 223.39
1734138314, 55, 165, 169, 66, 0, 0.18%, 30, 0, 16, 371.99
1734139051, 56, 3, 169, 65, 0, 0.18%, 30, 0, 16, 252.56
1734139056, 56, 12, 169, 65, 0, 0.18%, 30, 0, 16, 253.18
1734139061, 56, 14, 169, 65, 0, 0.18%, 30, 0, 16, 257.47
1734139066, 56, 23, 169, 65, 0, 0.18%, 30, 0, 16, 272.24
1734139071, 56, 29, 169, 65, 0, 0.18%, 30, 0, 16, 287.12
1734139076, 56, 58, 169, 65, 0, 0.18%, 30, 0, 16, 300.97
1734139096, 56, 78, 169, 65, 0, 0.18%, 30, 0, 16, 286.06
1734139117, 56, 82, 169, 65, 0, 0.18%, 30, 0, 16, 251.45
1734139137, 56, 83, 169, 65, 0, 0.18%, 30, 0, 16, 281.60
1734139157, 56, 85, 169, 65, 0, 0.18%, 30, 0, 16, 269.17
1734139177, 56, 89, 169, 65, 0, 0.18%, 30, 0, 16, 284.37
1734139249, 56, 90, 169, 64, 0, 0.18%, 30, 0, 16, 345.45
1734139335, 56, 99, 169, 63, 0, 0.18%, 30, 0, 16, 369.49
1734139350, 56, 99, 170, 64, 0, 0.18%, 30, 0, 16, 295.40
1734139360, 56, 99, 171, 65, 0, 0.18%, 30, 0, 16, 284.02
1734139452, 56, 100, 171, 64, 0, 0.18%, 30, 0, 16, 394.61
1734139528, 56, 104, 171, 63, 0, 0.18%, 30, 0, 16, 359.02
1734139604, 56, 107, 171, 62, 0, 0.18%, 30, 0, 16, 294.02
1734139690, 56, 111, 171, 61, 0, 0.18%, 30, 0, 16, 248.76
1734139695, 56, 111, 172, 62, 0, 0.18%, 31, 0, 16, 203.00
1734139802, 56, 144, 172, 61, 1, 0.18%, 31, 0, 16, 381.69
1734139873, 56, 144, 173, 62, 1, 0.18%, 31, 0, 16, 294.04
1734139899, 56, 165, 173, 61, 1, 0.18%, 31, 0, 16, 289.12
1734139940, 56, 171, 173, 61, 1, 0.18%, 31, 0, 16, 239.10
1734139996, 56, 171, 174, 62, 1, 0.18%, 31, 0, 16, 288.83
1734140016, 56, 171, 175, 63, 1, 0.18%, 31, 0, 16, 293.72
1734140042, 56, 171, 176, 64, 1, 0.18%, 31, 0, 16, 286.52
1734140077, 56, 173, 177, 64, 0, 0.18%, 31, 0, 16, 268.22
1734140148, 56, 173, 179, 66, 0, 0.18%, 31, 0, 16, 288.82
1734140220, 56, 173, 180, 67, 0, 0.18%, 31, 0, 16, 280.36
1734140245, 56, 175, 181, 67, 0, 0.18%, 31, 0, 16, 226.96
1734140256, 56, 175, 186, 72, 0, 0.20%, 36, 0, 16, 159.96
1734140291, 56, 175, 187, 73, 0, 0.20%, 36, 0, 16, 290.28
1734140317, 56, 175, 188, 74, 0, 0.20%, 36, 0, 16, 284.75
1734140337, 56, 175, 189, 75, 0, 0.20%, 36, 0, 16, 301.28
1734140393, 56, 181, 189, 74, 5, 0.20%, 36, 0, 16, 253.54
1734140408, 56, 181, 190, 75, 5, 0.20%, 36, 0, 16, 149.02
1734140505, 56, 182, 190, 74, 5, 0.20%, 36, 0, 16, 211.12
1734140516, 56, 182, 191, 75, 5, 0.20%, 36, 0, 16, 153.30
1734140592, 56, 183, 191, 74, 5, 0.20%, 36, 0, 16, 280.47
1734140607, 56, 183, 192, 75, 5, 0.20%, 36, 0, 16, 147.76
