# unix_time, cycles_done, cur_path, paths_total, pending_total, pending_favs, map_size, unique_crashes, unique_hangs, max_depth, execs_per_sec
1734487104, 0, 0, 10, 10, 1, 0.00%, 0, 0, 1, 173.16
1734487109, 0, 3, 10, 10, 1, 0.00%, 0, 0, 1, 201.80
1734487114, 0, 4, 10, 9, 0, 0.00%, 0, 0, 1, 210.07
1734487119, 0, 5, 10, 8, 0, 0.00%, 0, 0, 1, 205.70
1734487130, 0, 6, 10, 7, 0, 0.00%, 0, 0, 1, 208.42
1734487135, 0, 7, 10, 6, 0, 0.00%, 0, 0, 1, 199.21
1734487145, 0, 8, 10, 5, 0, 0.00%, 0, 0, 1, 213.74
1734487150, 0, 9, 10, 4, 0, 0.00%, 0, 0, 1, 207.63
1734487155, 1, 0, 10, 3, 0, 0.00%, 0, 0, 1, 209.08
1734487165, 1, 1, 10, 2, 0, 0.00%, 0, 0, 1, 203.65
1734487176, 1, 2, 10, 1, 0, 0.00%, 0, 0, 1, 194.31
1734487186, 1, 3, 10, 0, 0, 0.00%, 0, 0, 1, 206.98
1734487191, 1, 4, 10, 0, 0, 0.00%, 0, 0, 1, 207.49
1734487196, 1, 6, 10, 0, 0, 0.00%, 0, 0, 1, 208.73
1734487201, 1, 7, 10, 0, 0, 0.00%, 0, 0, 1, 208.64
1734487206, 1, 9, 10, 0, 0, 0.00%, 0, 0, 1, 204.21
1734487211, 2, 0, 10, 0, 0, 0.00%, 0, 0, 1, 203.41
1734487216, 2, 2, 10, 0, 0, 0.00%, 0, 0, 1, 205.48
1734487222, 2, 3, 10, 0, 0, 0.00%, 0, 0, 1, 201.46
1734487227, 2, 4, 10, 0, 0, 0.00%, 0, 0, 1, 197.82
1734487232, 2, 6, 10, 0, 0, 0.00%, 0, 0, 1, 197.51
1734487237, 2, 7, 10, 0, 0, 0.00%, 0, 0, 1, 196.02
1734487242, 2, 8, 10, 0, 0, 0.00%, 0, 0, 1, 189.30
1734487247, 3, 0, 10, 0, 0, 0.00%, 0, 0, 1, 195.06
1734487253, 3, 1, 10, 0, 0, 0.00%, 0, 0, 1, 195.21
1734487258, 3, 3, 10, 0, 0, 0.00%, 0, 0, 1, 197.86
1734487263, 3, 4, 10, 0, 0, 0.00%, 0, 0, 1, 188.82
1734487268, 3, 5, 10, 0, 0, 0.00%, 0, 0, 1, 193.44
1734487273, 3, 7, 10, 0, 0, 0.00%, 0, 0, 1, 191.59
1734487278, 3, 8, 10, 0, 0, 0.00%, 0, 0, 1, 189.26
1734487283, 3, 9, 10, 0, 0, 0.00%, 0, 0, 1, 194.89
1734487288, 4, 1, 10, 0, 0, 0.00%, 0, 0, 1, 193.85
1734487294, 4, 2, 10, 0, 0, 0.00%, 0, 0, 1, 191.30
1734487299, 4, 3, 10, 0, 0, 0.00%, 0, 0, 1, 191.03
1734487304, 4, 5, 10, 0, 0, 0.00%, 0, 0, 1, 191.11
1734487309, 4, 6, 10, 0, 0, 0.00%, 0, 0, 1, 187.05
1734487314, 4, 7, 10, 0, 0, 0.00%, 0, 0, 1, 192.33
1734487319, 4, 9, 10, 0, 0, 0.00%, 0, 0, 1, 192.18
1734487324, 5, 0, 10, 0, 0, 0.00%, 0, 0, 1, 192.58
1734487329, 5, 1, 10, 0, 0, 0.00%, 0, 0, 1, 191.07
1734487334, 5, 2, 10, 0, 0, 0.00%, 0, 0, 1, 184.93
1734487340, 5, 4, 10, 0, 0, 0.00%, 0, 0, 1, 185.26
1734487345, 5, 5, 10, 0, 0, 0.00%, 0, 0, 1, 190.43
1734487350, 5, 6, 10, 0, 0, 0.00%, 0, 0, 1, 190.65
1734487355, 5, 8, 11, 1, 0, 0.05%, 1, 0, 2, 190.03
1734487360, 5, 10, 11, 1, 1, 0.05%, 1, 0, 2, 209.54
1734487365, 5, 10, 12, 2, 1, 0.05%, 2, 0, 3, 202.44
1734487421, 5, 10, 14, 4, 1, 0.05%, 4, 0, 3, 198.60
1734487462, 5, 10, 15, 5, 1, 0.06%, 5, 0, 3, 200.76
1734487508, 5, 10, 16, 6, 1, 0.06%, 6, 0, 3, 192.78
1734487519, 5, 11, 18, 7, 5, 0.06%, 8, 0, 4, 230.90
1734487534, 5, 11, 19, 8, 5, 0.06%, 8, 0, 4, 203.81
1734487544, 5, 11, 21, 10, 5, 0.06%, 8, 0, 4, 202.58
1734487646, 5, 11, 22, 11, 5, 0.06%, 8, 0, 4, 198.62
1734487697, 5, 12, 24, 12, 6, 0.06%, 9, 0, 4, 212.84
1734487717, 5, 12, 25, 13, 6, 0.06%, 9, 0, 4, 212.64
1734487793, 5, 12, 26, 14, 6, 0.06%, 9, 0, 4, 209.26
1734487824, 5, 13, 26, 13, 6, 0.06%, 9, 0, 4, 236.31
1734487839, 5, 13, 27, 14, 6, 0.06%, 9, 0, 4, 206.64
1734487844, 5, 13, 28, 15, 6, 0.06%, 9, 0, 4, 207.98
1734487925, 5, 13, 29, 16, 6, 0.06%, 9, 0, 4, 207.70
1734487950, 5, 13, 30, 17, 6, 0.06%, 9, 0, 4, 219.65
1734487955, 5, 14, 30, 16, 5, 0.06%, 9, 0, 4, 243.08
1734487960, 5, 14, 31, 17, 5, 0.06%, 9, 0, 4, 220.29
1734488006, 5, 14, 33, 19, 5, 0.06%, 9, 0, 4, 208.83
1734488077, 5, 14, 35, 21, 5, 0.06%, 9, 0, 4, 220.57
1734488087, 5, 14, 38, 24, 5, 0.06%, 9, 0, 4, 238.29
1734488092, 5, 15, 38, 23, 4, 0.06%, 9, 0, 4, 235.60
1734488128, 5, 15, 39, 24, 4, 0.06%, 9, 0, 4, 226.04
1734488133, 5, 16, 40, 24, 3, 0.06%, 9, 0, 4, 246.95
1734488194, 5, 17, 40, 23, 2, 0.06%, 9, 0, 4, 231.49
1734488204, 5, 17, 41, 24, 2, 0.06%, 9, 0, 5, 205.10
1734488224, 5, 17, 42, 25, 2, 0.06%, 9, 0, 5, 209.89
1734488356, 5, 17, 43, 26, 2, 0.06%, 9, 0, 5, 241.34
1734488366, 5, 22, 43, 25, 1, 0.06%, 9, 0, 5, 228.15
1734488386, 5, 22, 44, 26, 1, 0.06%, 9, 0, 5, 207.40
1734488427, 5, 22, 45, 27, 1, 0.06%, 9, 0, 5, 208.29
1734488452, 5, 22, 46, 28, 1, 0.06%, 9, 0, 5, 209.28
1734488503, 5, 22, 47, 29, 1, 0.06%, 9, 0, 5, 206.15
1734488543, 5, 23, 47, 28, 0, 0.06%, 9, 0, 5, 275.46
1734488574, 5, 23, 48, 29, 0, 0.06%, 9, 0, 5, 232.20
1734488584, 5, 23, 49, 30, 0, 0.06%, 9, 0, 5, 237.79
1734488706, 5, 29, 49, 29, 0, 0.06%, 9, 0, 5, 289.19
1734488716, 5, 29, 50, 30, 0, 0.06%, 9, 0, 5, 237.04
1734488726, 5, 29, 51, 31, 0, 0.06%, 9, 0, 5, 229.37
1734488803, 5, 29, 52, 32, 0, 0.06%, 9, 0, 5, 232.45
1734488864, 5, 29, 54, 34, 0, 0.06%, 9, 0, 5, 251.13
1734488869, 5, 35, 54, 33, 0, 0.06%, 9, 0, 5, 288.80
1734488919, 5, 35, 56, 35, 0, 0.06%, 9, 0, 5, 249.49
1734488929, 5, 36, 56, 34, 0, 0.06%, 9, 0, 5, 280.84
1734488960, 5, 36, 60, 38, 0, 0.06%, 9, 0, 5, 423.78
1734489087, 5, 36, 61, 39, 0, 0.06%, 9, 0, 5, 250.09
1734489097, 5, 41, 61, 38, 0, 0.06%, 9, 0, 5, 373.16
1734489137, 5, 41, 63, 40, 0, 0.06%, 9, 0, 6, 441.38
1734489158, 5, 41, 65, 42, 0, 0.06%, 9, 0, 6, 440.07
1734489402, 5, 47, 65, 41, 0, 0.06%, 9, 0, 6, 287.43
1734489442, 5, 47, 66, 42, 0, 0.06%, 9, 0, 6, 275.84
1734489452, 5, 47, 67, 43, 0, 0.06%, 9, 0, 6, 306.67
1734489457, 5, 48, 67, 42, 0, 0.06%, 9, 0, 6, 315.38
1734489554, 5, 48, 69, 44, 0, 0.06%, 9, 0, 6, 307.26
1734489676, 5, 51, 69, 43, 0, 0.06%, 9, 0, 6, 356.75
1734489757, 5, 51, 70, 44, 0, 0.06%, 9, 0, 6, 308.79
1734489812, 5, 57, 70, 43, 0, 0.06%, 9, 0, 6, 277.62
1734489899, 5, 57, 71, 44, 0, 0.06%, 9, 0, 6, 233.73
1734489974, 5, 58, 71, 43, 0, 0.06%, 9, 0, 6, 268.53
1734490102, 5, 60, 71, 42, 0, 0.06%, 9, 0, 6, 359.51
1734490153, 5, 65, 71, 41, 0, 0.06%, 9, 0, 6, 279.79
1734490163, 5, 65, 72, 42, 0, 0.06%, 9, 0, 7, 340.92
1734490209, 6, 11, 72, 41, 0, 0.06%, 9, 0, 7, 230.95
1734490214, 6, 12, 72, 41, 0, 0.06%, 9, 0, 7, 243.90
1734490224, 6, 13, 72, 41, 0, 0.06%, 9, 0, 7, 243.40
1734490229, 6, 14, 72, 41, 0, 0.06%, 9, 0, 7, 233.85
1734490234, 6, 15, 72, 41, 0, 0.06%, 9, 0, 7, 233.90
1734490239, 6, 16, 72, 41, 0, 0.06%, 9, 0, 7, 227.07
1734490249, 6, 17, 72, 41, 0, 0.06%, 9, 0, 7, 250.33
1734490260, 6, 18, 72, 41, 0, 0.06%, 9, 0, 7, 300.26
1734490316, 6, 22, 72, 40, 0, 0.06%, 9, 0, 7, 245.01
1734490326, 6, 26, 72, 40, 0, 0.06%, 9, 0, 7, 367.07
1734490382, 6, 42, 72, 39, 0, 0.06%, 9, 0, 7, 266.33
1734490514, 6, 50, 72, 38, 0, 0.06%, 9, 0, 7, 336.18
1734490605, 6, 50, 73, 39, 0, 0.06%, 9, 0, 7, 326.39
1734490610, 6, 50, 74, 40, 0, 0.06%, 9, 0, 7, 315.30
1734490721, 6, 53, 74, 39, 0, 0.06%, 9, 0, 7, 378.53
1734490772, 6, 60, 74, 38, 0, 0.06%, 9, 0, 7, 264.99
1734490782, 6, 63, 74, 38, 0, 0.06%, 9, 0, 7, 278.72
1734490985, 6, 64, 74, 37, 0, 0.06%, 9, 0, 7, 399.77
1734491189, 6, 67, 74, 36, 0, 0.06%, 9, 0, 7, 349.31
1734491290, 6, 70, 74, 35, 0, 0.06%, 9, 0, 7, 289.32
1734491408, 6, 70, 75, 36, 0, 0.06%, 9, 0, 7, 285.91
1734491433, 6, 70, 76, 37, 0, 0.06%, 9, 0, 7, 286.93
1734491525, 7, 9, 76, 36, 0, 0.06%, 9, 0, 7, 255.47
1734491530, 7, 12, 76, 36, 0, 0.06%, 9, 0, 7, 247.66
1734491535, 7, 14, 76, 36, 0, 0.06%, 9, 0, 7, 244.81
1734491540, 7, 16, 76, 36, 0, 0.06%, 9, 0, 7, 244.06
1734491550, 7, 20, 76, 36, 0, 0.06%, 9, 0, 7, 266.38
1734491606, 7, 22, 76, 35, 0, 0.06%, 9, 0, 7, 250.45
1734491611, 7, 24, 76, 35, 0, 0.06%, 9, 0, 7, 274.72
1734491900, 7, 31, 76, 34, 0, 0.06%, 9, 0, 7, 296.10
1734491961, 7, 33, 76, 33, 0, 0.06%, 9, 0, 7, 305.98
1734492011, 7, 50, 76, 32, 0, 0.06%, 9, 0, 7, 299.92
1734492016, 7, 53, 76, 32, 0, 0.06%, 9, 0, 7, 309.53
1734492026, 7, 54, 76, 32, 0, 0.06%, 9, 0, 7, 290.75
1734492087, 7, 55, 76, 31, 0, 0.06%, 9, 0, 7, 321.56
1734492138, 7, 70, 76, 30, 0, 0.06%, 9, 0, 7, 272.38
1734492148, 7, 71, 76, 30, 0, 0.06%, 9, 0, 7, 312.81
1734492199, 7, 75, 76, 29, 0, 0.06%, 9, 0, 7, 248.26
1734492357, 8, 11, 76, 28, 0, 0.06%, 9, 0, 7, 255.59
1734492362, 8, 13, 77, 29, 0, 0.06%, 9, 0, 7, 254.17
1734492367, 8, 15, 77, 29, 0, 0.06%, 9, 0, 7, 247.97
1734492372, 8, 16, 77, 29, 0, 0.06%, 9, 0, 7, 249.01
1734492377, 8, 17, 77, 29, 0, 0.06%, 9, 0, 7, 250.60
1734492382, 8, 22, 77, 29, 0, 0.06%, 9, 0, 7, 248.40
1734492387, 8, 30, 77, 29, 0, 0.06%, 9, 0, 7, 250.84
1734492443, 8, 32, 77, 28, 0, 0.06%, 9, 0, 7, 329.60
1734492814, 8, 37, 77, 27, 0, 0.06%, 9, 0, 7, 349.24
1734492860, 8, 37, 78, 28, 0, 0.06%, 9, 0, 7, 280.08
1734492870, 8, 37, 79, 29, 0, 0.06%, 9, 0, 7, 272.27
1734492875, 8, 43, 79, 28, 0, 0.06%, 9, 0, 7, 279.56
1734492926, 8, 49, 79, 27, 0, 0.06%, 9, 0, 7, 316.66
1734492976, 8, 60, 79, 26, 0, 0.06%, 9, 0, 7, 277.10
1734492981, 8, 61, 79, 26, 0, 0.06%, 9, 0, 7, 367.14
1734493108, 9, 5, 79, 25, 0, 0.06%, 9, 0, 7, 240.62
1734493113, 9, 11, 79, 25, 0, 0.06%, 9, 0, 7, 242.92
1734493118, 9, 13, 79, 25, 0, 0.06%, 9, 0, 7, 245.90
1734493123, 9, 15, 79, 25, 0, 0.06%, 9, 0, 7, 255.26
1734493128, 9, 16, 79, 25, 0, 0.06%, 9, 0, 7, 248.57
1734493133, 9, 17, 79, 25, 0, 0.06%, 9, 0, 7, 238.70
1734493139, 9, 22, 79, 25, 0, 0.06%, 9, 0, 7, 241.50
1734493144, 9, 25, 79, 25, 0, 0.06%, 9, 0, 7, 315.96
1734493200, 9, 28, 79, 24, 0, 0.06%, 9, 0, 7, 334.06
1734493250, 9, 40, 79, 23, 0, 0.06%, 9, 0, 7, 327.13
1734493306, 9, 45, 79, 22, 0, 0.06%, 9, 0, 7, 381.34
1734493357, 9, 47, 79, 21, 0, 0.06%, 9, 0, 7, 277.10
1734493367, 10, 9, 79, 21, 0, 0.06%, 9, 0, 7, 247.90
1734493372, 10, 12, 79, 21, 0, 0.06%, 9, 0, 7, 236.10
1734493378, 10, 14, 79, 21, 0, 0.06%, 9, 0, 7, 243.85
1734493383, 10, 16, 79, 21, 0, 0.06%, 9, 0, 7, 239.06
1734493388, 10, 17, 79, 21, 0, 0.06%, 9, 0, 7, 248.62
1734493393, 10, 22, 79, 21, 0, 0.06%, 9, 0, 7, 252.72
1734493403, 10, 27, 79, 21, 0, 0.06%, 9, 0, 7, 256.89
1734493454, 10, 44, 79, 20, 0, 0.06%, 9, 0, 7, 313.25
1734493505, 10, 52, 79, 19, 0, 0.06%, 9, 0, 7, 324.47
1734493556, 10, 69, 79, 18, 0, 0.06%, 9, 0, 7, 341.35
1734493657, 10, 70, 79, 17, 0, 0.06%, 9, 0, 7, 274.93
1734493662, 10, 74, 79, 17, 0, 0.06%, 9, 0, 7, 307.31
1734493825, 11, 7, 79, 16, 0, 0.06%, 9, 0, 7, 240.24
1734493830, 11, 11, 79, 16, 0, 0.06%, 9, 0, 7, 239.09
1734493836, 11, 13, 79, 16, 0, 0.06%, 9, 0, 7, 249.36
1734493841, 11, 15, 79, 16, 0, 0.06%, 9, 0, 7, 247.22
1734493846, 11, 16, 79, 16, 0, 0.06%, 9, 0, 7, 257.59
1734493851, 11, 17, 79, 16, 0, 0.06%, 9, 0, 7, 246.22
1734493856, 11, 21, 79, 16, 0, 0.06%, 9, 0, 7, 272.49
1734493906, 11, 22, 79, 15, 0, 0.06%, 9, 0, 7, 256.57
1734493911, 11, 46, 79, 15, 0, 0.06%, 9, 0, 7, 364.87
1734493998, 11, 56, 79, 14, 0, 0.06%, 9, 0, 7, 299.83
1734494125, 11, 59, 79, 13, 0, 0.06%, 9, 0, 7, 254.12
1734494267, 11, 62, 79, 12, 0, 0.06%, 9, 0, 7, 346.41
1734494399, 11, 63, 79, 11, 0, 0.06%, 9, 0, 7, 248.18
1734494409, 11, 72, 79, 11, 0, 0.06%, 9, 0, 7, 233.04
1734494649, 12, 7, 79, 10, 0, 0.06%, 9, 0, 7, 254.89
1734494654, 12, 11, 79, 10, 0, 0.06%, 9, 0, 7, 241.27
1734494659, 12, 13, 79, 10, 0, 0.06%, 9, 0, 7, 248.30
1734494664, 12, 15, 79, 10, 0, 0.06%, 9, 0, 7, 248.18
1734494669, 12, 16, 79, 10, 0, 0.06%, 9, 0, 7, 247.91
1734494674, 12, 17, 79, 10, 0, 0.06%, 9, 0, 7, 228.92
1734494679, 12, 22, 79, 10, 0, 0.06%, 9, 0, 7, 231.77
1734494684, 12, 34, 79, 10, 0, 0.06%, 9, 0, 7, 306.57
1734494740, 12, 46, 79, 9, 0, 0.06%, 9, 0, 7, 284.45
1734494751, 12, 63, 79, 9, 0, 0.06%, 9, 0, 7, 276.17
1734494756, 12, 64, 79, 9, 0, 0.06%, 9, 0, 7, 281.65
1734494766, 12, 68, 79, 9, 0, 0.06%, 9, 0, 7, 319.06
1734494883, 13, 11, 79, 8, 0, 0.06%, 9, 0, 7, 245.35
1734494888, 13, 13, 79, 8, 0, 0.06%, 9, 0, 7, 249.52
1734494893, 13, 15, 79, 8, 0, 0.06%, 9, 0, 7, 252.88
1734494898, 13, 16, 79, 8, 0, 0.06%, 9, 0, 7, 250.00
1734494903, 13, 17, 79, 8, 0, 0.06%, 9, 0, 7, 253.84
1734494908, 13, 18, 79, 8, 0, 0.06%, 9, 0, 7, 252.25
1734494919, 13, 20, 79, 8, 0, 0.06%, 9, 0, 7, 266.79
1734494934, 13, 22, 79, 8, 0, 0.06%, 9, 0, 7, 254.40
1734494939, 13, 44, 79, 8, 0, 0.06%, 9, 0, 7, 250.61
1734494949, 13, 50, 79, 8, 0, 0.06%, 9, 0, 7, 272.82
1734494954, 13, 73, 79, 8, 0, 0.06%, 9, 0, 7, 277.08
1734495188, 13, 77, 79, 7, 0, 0.06%, 9, 0, 7, 343.58
1734495335, 14, 9, 79, 6, 0, 0.06%, 9, 0, 7, 242.28
1734495340, 14, 12, 79, 6, 0, 0.06%, 9, 0, 7, 246.64
1734495345, 14, 14, 79, 6, 0, 0.06%, 9, 0, 7, 242.53
1734495350, 14, 16, 79, 6, 0, 0.06%, 9, 0, 7, 247.29
1734495355, 14, 17, 79, 6, 0, 0.06%, 9, 0, 7, 271.50
1734495366, 14, 19, 79, 6, 0, 0.06%, 9, 0, 7, 384.91
1734495417, 14, 22, 79, 5, 0, 0.06%, 9, 0, 7, 253.62
1734495422, 14, 39, 79, 5, 0, 0.06%, 9, 0, 7, 297.47
1734495473, 14, 58, 79, 4, 0, 0.06%, 9, 0, 7, 254.18
1734495483, 15, 5, 79, 4, 0, 0.06%, 9, 0, 7, 245.93
1734495488, 15, 12, 79, 4, 0, 0.06%, 9, 0, 7, 247.11
1734495493, 15, 13, 79, 4, 0, 0.06%, 9, 0, 7, 250.25
1734495498, 15, 15, 79, 4, 0, 0.06%, 9, 0, 7, 249.80
1734495503, 15, 16, 79, 4, 0, 0.06%, 9, 0, 7, 247.42
1734495508, 15, 17, 79, 4, 0, 0.06%, 9, 0, 7, 234.37
1734495513, 15, 22, 79, 4, 0, 0.06%, 9, 0, 7, 243.94
1734495518, 15, 43, 79, 4, 0, 0.06%, 9, 0, 7, 258.40
1734495528, 15, 45, 79, 4, 0, 0.06%, 9, 0, 7, 257.64
1734495543, 15, 65, 79, 4, 0, 0.06%, 9, 0, 7, 252.35
1734495554, 15, 76, 79, 4, 0, 0.06%, 9, 0, 7, 371.11
1734495660, 16, 4, 79, 3, 0, 0.06%, 9, 0, 7, 249.09
1734495665, 16, 12, 79, 3, 0, 0.06%, 9, 0, 7, 240.09
1734495670, 16, 13, 79, 3, 0, 0.06%, 9, 0, 7, 239.84
1734495675, 16, 15, 79, 3, 0, 0.06%, 9, 0, 7, 234.72
1734495680, 16, 16, 79, 3, 0, 0.06%, 9, 0, 7, 243.69
1734495685, 16, 17, 79, 3, 0, 0.06%, 9, 0, 7, 245.40
1734495690, 16, 22, 79, 3, 0, 0.06%, 9, 0, 7, 239.54
1734495695, 16, 54, 79, 3, 0, 0.06%, 9, 0, 7, 252.14
1734495705, 16, 62, 79, 3, 0, 0.06%, 9, 0, 7, 268.29
1734495716, 16, 65, 79, 3, 0, 0.06%, 9, 0, 7, 247.36
1734495726, 17, 12, 79, 3, 0, 0.06%, 9, 0, 7, 247.10
1734495731, 17, 14, 79, 3, 0, 0.06%, 9, 0, 7, 241.85
1734495736, 17, 15, 79, 3, 0, 0.06%, 9, 0, 7, 258.05
1734495741, 17, 16, 79, 3, 0, 0.06%, 9, 0, 7, 249.51
1734495746, 17, 17, 79, 3, 0, 0.06%, 9, 0, 7, 244.54
1734495751, 17, 22, 79, 3, 0, 0.06%, 9, 0, 7, 255.16
1734495756, 17, 38, 79, 3, 0, 0.06%, 9, 0, 7, 340.01
1734495812, 17, 74, 79, 2, 0, 0.06%, 9, 0, 7, 275.07
1734495822, 17, 75, 79, 2, 0, 0.06%, 9, 0, 7, 276.46
1734495832, 17, 78, 79, 2, 0, 0.06%, 9, 0, 7, 264.40
1734495985, 18, 9, 79, 1, 0, 0.06%, 9, 0, 7, 260.25
1734495990, 18, 12, 79, 1, 0, 0.06%, 9, 0, 7, 249.35
1734495995, 18, 14, 79, 1, 0, 0.06%, 9, 0, 7, 241.91
1734496000, 18, 16, 79, 1, 0, 0.06%, 9, 0, 7, 247.23
1734496010, 18, 17, 79, 1, 0, 0.06%, 9, 0, 7, 246.81
1734496015, 18, 22, 79, 1, 0, 0.06%, 9, 0, 7, 237.89
1734496020, 18, 66, 79, 1, 0, 0.06%, 9, 0, 7, 344.46
1734496076, 18, 77, 79, 0, 0, 0.06%, 9, 0, 7, 243.52
1734496102, 19, 11, 79, 0, 0, 0.06%, 9, 0, 7, 242.87
1734496107, 19, 13, 79, 0, 0, 0.06%, 9, 0, 7, 240.60
1734496112, 19, 15, 79, 0, 0, 0.06%, 9, 0, 7, 249.48
1734496117, 19, 16, 79, 0, 0, 0.06%, 9, 0, 7, 237.59
1734496122, 19, 17, 79, 0, 0, 0.06%, 9, 0, 7, 245.20
1734496127, 19, 22, 79, 0, 0, 0.06%, 9, 0, 7, 238.60
1734496132, 19, 23, 79, 0, 0, 0.06%, 9, 0, 7, 257.47
1734496148, 19, 32, 79, 0, 0, 0.06%, 9, 0, 7, 309.35
1734496158, 19, 57, 79, 0, 0, 0.06%, 9, 0, 7, 263.46
1734496168, 20, 11, 79, 0, 0, 0.06%, 9, 0, 7, 243.00
1734496173, 20, 13, 79, 0, 0, 0.06%, 9, 0, 7, 256.14
1734496178, 20, 15, 79, 0, 0, 0.06%, 9, 0, 7, 252.29
1734496183, 20, 16, 79, 0, 0, 0.06%, 9, 0, 7, 239.92
1734496188, 20, 17, 79, 0, 0, 0.06%, 9, 0, 7, 243.88
1734496193, 20, 22, 79, 0, 0, 0.06%, 9, 0, 7, 238.03
1734496198, 20, 26, 79, 0, 0, 0.06%, 9, 0, 7, 263.81
1734496209, 20, 40, 79, 0, 0, 0.06%, 9, 0, 7, 263.18
1734496219, 21, 9, 79, 0, 0, 0.06%, 9, 0, 7, 253.95
1734496224, 21, 12, 79, 0, 0, 0.06%, 9, 0, 7, 262.86
1734496229, 21, 14, 79, 0, 0, 0.06%, 9, 0, 7, 245.59
1734496234, 21, 16, 79, 0, 0, 0.06%, 9, 0, 7, 250.17
1734496239, 21, 17, 79, 0, 0, 0.06%, 9, 0, 7, 247.35
1734496249, 21, 22, 79, 0, 0, 0.06%, 9, 0, 7, 218.88
1734496254, 21, 51, 79, 0, 0, 0.06%, 9, 0, 7, 277.73
1734496265, 21, 69, 79, 0, 0, 0.06%, 9, 0, 7, 282.20
1734496275, 21, 73, 79, 0, 0, 0.06%, 9, 0, 7, 288.42
1734496285, 22, 11, 79, 0, 0, 0.06%, 9, 0, 7, 259.32
1734496290, 22, 13, 79, 0, 0, 0.06%, 9, 0, 7, 240.53
1734496295, 22, 15, 79, 0, 0, 0.06%, 9, 0, 7, 252.07
1734496300, 22, 16, 79, 0, 0, 0.06%, 9, 0, 7, 256.10
1734496305, 22, 17, 79, 0, 0, 0.06%, 9, 0, 7, 235.75
1734496310, 22, 22, 79, 0, 0, 0.06%, 9, 0, 7, 234.89
1734496315, 22, 50, 79, 0, 0, 0.06%, 9, 0, 7, 271.01
1734496320, 23, 11, 79, 0, 0, 0.06%, 9, 0, 7, 258.66
1734496325, 23, 13, 79, 0, 0, 0.06%, 9, 0, 7, 262.66
1734496330, 23, 14, 79, 0, 0, 0.06%, 9, 0, 7, 250.78
1734496335, 23, 16, 79, 0, 0, 0.06%, 9, 0, 7, 238.96
1734496341, 23, 17, 79, 0, 0, 0.06%, 9, 0, 7, 254.61
1734496346, 23, 20, 79, 0, 0, 0.06%, 9, 0, 7, 243.08
1734496351, 23, 22, 79, 0, 0, 0.06%, 9, 0, 7, 255.07
1734496361, 23, 60, 79, 0, 0, 0.06%, 9, 0, 7, 259.17
1734496366, 23, 62, 79, 0, 0, 0.06%, 9, 0, 7, 265.09
1734496371, 23, 63, 79, 0, 0, 0.06%, 9, 0, 7, 257.72
1734496376, 24, 11, 79, 0, 0, 0.06%, 9, 0, 7, 247.33
1734496381, 24, 13, 79, 0, 0, 0.06%, 9, 0, 7, 249.40
1734496386, 24, 15, 79, 0, 0, 0.06%, 9, 0, 7, 248.50
1734496391, 24, 16, 79, 0, 0, 0.06%, 9, 0, 7, 244.26
1734496396, 24, 17, 79, 0, 0, 0.06%, 9, 0, 7, 247.38
1734496402, 24, 19, 79, 0, 0, 0.06%, 9, 0, 7, 267.37
1734496412, 24, 22, 79, 0, 0, 0.06%, 9, 0, 7, 242.32
1734496417, 24, 28, 79, 0, 0, 0.06%, 9, 0, 7, 248.12
1734496432, 24, 29, 79, 0, 0, 0.06%, 9, 0, 7, 255.69
1734496442, 24, 31, 79, 0, 0, 0.06%, 9, 0, 7, 269.16
1734496452, 24, 63, 79, 0, 0, 0.06%, 9, 0, 7, 272.57
1734496457, 24, 74, 79, 0, 0, 0.06%, 9, 0, 7, 264.19
1734496467, 25, 1, 79, 0, 0, 0.06%, 9, 0, 7, 263.77
1734496473, 25, 12, 79, 0, 0, 0.06%, 9, 0, 7, 248.09
1734496478, 25, 14, 79, 0, 0, 0.06%, 9, 0, 7, 254.27
1734496483, 25, 15, 79, 0, 0, 0.06%, 9, 0, 7, 254.52
1734496488, 25, 16, 79, 0, 0, 0.06%, 9, 0, 7, 256.80
1734496493, 25, 17, 79, 0, 0, 0.06%, 9, 0, 7, 226.80
1734496498, 25, 22, 79, 0, 0, 0.06%, 9, 0, 7, 240.40
1734496503, 25, 45, 79, 0, 0, 0.06%, 9, 0, 7, 256.84
1734496508, 25, 50, 79, 0, 0, 0.06%, 9, 0, 7, 294.20
1734496513, 25, 61, 79, 0, 0, 0.06%, 9, 0, 7, 263.99
1734496523, 25, 76, 79, 0, 0, 0.06%, 9, 0, 7, 272.53
1734496548, 26, 11, 79, 0, 0, 0.06%, 9, 0, 7, 249.23
1734496553, 26, 12, 79, 0, 0, 0.06%, 9, 0, 7, 246.38
1734496559, 26, 14, 79, 0, 0, 0.06%, 9, 0, 7, 243.71
1734496564, 26, 16, 79, 0, 0, 0.06%, 9, 0, 7, 237.08
1734496569, 26, 17, 79, 0, 0, 0.06%, 9, 0, 7, 237.96
1734496579, 26, 22, 79, 0, 0, 0.06%, 9, 0, 7, 247.56
1734496584, 26, 36, 79, 0, 0, 0.06%, 9, 0, 7, 267.55
1734496594, 26, 39, 79, 0, 0, 0.06%, 9, 0, 7, 262.48
1734496604, 26, 53, 79, 0, 0, 0.06%, 9, 0, 7, 259.22
1734496609, 26, 64, 79, 0, 0, 0.06%, 9, 0, 7, 261.94
1734496614, 26, 67, 79, 0, 0, 0.06%, 9, 0, 7, 269.10
1734496625, 27, 9, 79, 0, 0, 0.06%, 9, 0, 7, 257.78
1734496630, 27, 12, 79, 0, 0, 0.06%, 9, 0, 7, 252.00
1734496635, 27, 14, 79, 0, 0, 0.06%, 9, 0, 7, 241.63
1734496640, 27, 16, 79, 0, 0, 0.06%, 9, 0, 7, 243.20
1734496645, 27, 17, 79, 0, 0, 0.06%, 9, 0, 7, 251.22
1734496655, 27, 22, 80, 1, 0, 0.06%, 9, 0, 7, 246.82
1734496660, 27, 28, 80, 1, 0, 0.06%, 9, 0, 7, 248.32
1734496665, 27, 55, 80, 1, 0, 0.06%, 9, 0, 7, 259.38
1734496675, 28, 3, 80, 1, 0, 0.06%, 9, 0, 7, 263.01
1734496680, 28, 12, 80, 1, 0, 0.06%, 9, 0, 7, 248.84
1734496685, 28, 13, 80, 1, 0, 0.06%, 9, 0, 7, 249.76
1734496690, 28, 15, 80, 1, 0, 0.06%, 9, 0, 7, 242.42
1734496695, 28, 16, 80, 1, 0, 0.06%, 9, 0, 7, 232.99
1734496701, 28, 17, 80, 1, 0, 0.06%, 9, 0, 7, 250.93
1734496706, 28, 22, 80, 1, 0, 0.06%, 9, 0, 7, 239.35
1734496711, 28, 41, 80, 1, 0, 0.06%, 9, 0, 7, 298.40
1734496721, 28, 68, 80, 1, 0, 0.06%, 9, 0, 7, 269.90
1734496731, 29, 11, 80, 1, 0, 0.06%, 9, 0, 7, 252.84
1734496736, 29, 13, 80, 1, 0, 0.06%, 9, 0, 7, 250.34
1734496741, 29, 15, 80, 1, 0, 0.06%, 9, 0, 7, 235.63
1734496746, 29, 16, 80, 1, 0, 0.06%, 9, 0, 7, 233.86
1734496751, 29, 17, 80, 1, 0, 0.06%, 9, 0, 7, 247.65
1734496756, 29, 22, 80, 1, 0, 0.06%, 9, 0, 7, 241.96
1734496761, 29, 61, 80, 1, 0, 0.06%, 9, 0, 7, 263.56
1734496767, 29, 75, 80, 1, 0, 0.06%, 9, 0, 7, 259.64
1734496782, 30, 11, 80, 1, 0, 0.06%, 9, 0, 7, 260.80
1734496787, 30, 13, 80, 1, 0, 0.06%, 9, 0, 7, 245.79
1734496792, 30, 15, 80, 1, 0, 0.06%, 9, 0, 7, 236.29
1734496797, 30, 16, 80, 1, 0, 0.06%, 9, 0, 7, 243.33
1734496802, 30, 17, 80, 1, 0, 0.06%, 9, 0, 7, 232.33
1734496807, 30, 22, 80, 1, 0, 0.06%, 9, 0, 7, 238.29
1734496812, 31, 8, 80, 1, 0, 0.06%, 9, 0, 7, 250.29
1734496817, 31, 12, 80, 1, 0, 0.06%, 9, 0, 7, 239.52
1734496822, 31, 13, 80, 1, 0, 0.06%, 9, 0, 7, 252.75
1734496827, 31, 15, 80, 1, 0, 0.06%, 9, 0, 7, 249.17
1734496832, 31, 16, 80, 1, 0, 0.06%, 9, 0, 7, 242.80
1734496837, 31, 17, 80, 1, 0, 0.06%, 9, 0, 7, 241.02
1734496842, 31, 21, 80, 1, 0, 0.06%, 9, 0, 7, 246.67
1734496852, 31, 22, 80, 1, 0, 0.06%, 9, 0, 7, 244.87
1734496857, 31, 26, 80, 1, 0, 0.06%, 9, 0, 7, 271.47
1734496863, 31, 36, 80, 1, 0, 0.06%, 9, 0, 7, 271.23
1734496868, 31, 37, 80, 1, 0, 0.06%, 9, 0, 7, 265.78
1734496878, 31, 39, 80, 1, 0, 0.06%, 9, 0, 7, 267.26
1734496888, 31, 58, 80, 1, 0, 0.06%, 9, 0, 7, 255.15
1734496893, 31, 78, 80, 1, 0, 0.06%, 9, 0, 7, 266.30
1734496913, 32, 11, 80, 1, 0, 0.06%, 9, 0, 7, 256.63
1734496918, 32, 12, 80, 1, 0, 0.06%, 9, 0, 7, 241.04
1734496923, 32, 14, 80, 1, 0, 0.06%, 9, 0, 7, 247.41
1734496928, 32, 16, 80, 1, 0, 0.06%, 9, 0, 7, 242.45
1734496933, 32, 17, 80, 1, 0, 0.06%, 9, 0, 7, 234.69
1734496939, 32, 18, 80, 1, 0, 0.06%, 9, 0, 7, 251.73
1734496944, 32, 22, 80, 1, 0, 0.06%, 9, 0, 7, 247.15
1734496954, 32, 36, 80, 1, 0, 0.06%, 9, 0, 7, 253.14
1734496959, 32, 37, 80, 1, 0, 0.06%, 9, 0, 7, 267.39
1734496964, 32, 64, 80, 1, 0, 0.06%, 9, 0, 7, 252.41
1734496969, 32, 72, 80, 1, 0, 0.06%, 9, 0, 7, 292.52
1734496979, 33, 11, 80, 1, 0, 0.06%, 9, 0, 7, 262.30
1734496984, 33, 13, 80, 1, 0, 0.06%, 9, 0, 7, 237.13
1734496989, 33, 15, 80, 1, 0, 0.06%, 9, 0, 7, 236.43
1734496994, 33, 16, 80, 1, 0, 0.06%, 9, 0, 7, 239.56
1734496999, 33, 17, 80, 1, 0, 0.06%, 9, 0, 7, 236.68
1734497005, 33, 18, 80, 1, 0, 0.06%, 9, 0, 7, 243.21
1734497010, 33, 22, 80, 1, 0, 0.06%, 9, 0, 7, 242.66
1734497020, 33, 31, 80, 1, 0, 0.06%, 9, 0, 7, 255.56
1734497025, 33, 33, 80, 1, 0, 0.06%, 9, 0, 7, 263.84
1734497035, 33, 39, 80, 1, 0, 0.06%, 9, 0, 7, 260.02
1734497040, 33, 78, 80, 1, 0, 0.06%, 9, 0, 7, 265.78
1734497045, 34, 8, 80, 1, 0, 0.06%, 9, 0, 7, 254.94
1734497050, 34, 12, 80, 1, 0, 0.06%, 9, 0, 7, 237.33
1734497056, 34, 14, 80, 1, 0, 0.06%, 9, 0, 7, 241.95
1734497061, 34, 16, 80, 1, 0, 0.06%, 9, 0, 7, 246.67
1734497071, 34, 17, 80, 1, 0, 0.06%, 9, 0, 7, 255.90
1734497076, 34, 22, 80, 1, 0, 0.06%, 9, 0, 7, 243.83
1734497081, 34, 74, 80, 1, 0, 0.06%, 9, 0, 7, 259.54
1734497086, 34, 78, 80, 1, 0, 0.06%, 9, 0, 7, 268.64
1734497091, 35, 11, 80, 1, 0, 0.06%, 9, 0, 7, 254.58
1734497096, 35, 13, 80, 1, 0, 0.06%, 9, 0, 7, 241.83
1734497101, 35, 15, 80, 1, 0, 0.06%, 9, 0, 7, 252.58
1734497106, 35, 16, 80, 1, 0, 0.06%, 9, 0, 7, 235.51
1734497112, 35, 17, 80, 1, 0, 0.06%, 9, 0, 7, 238.24
1734497117, 35, 22, 80, 1, 0, 0.06%, 9, 0, 7, 244.65
1734497122, 35, 25, 80, 1, 0, 0.06%, 9, 0, 7, 250.12
1734497137, 35, 74, 80, 1, 0, 0.06%, 9, 0, 7, 257.18
1734497147, 36, 11, 80, 1, 0, 0.06%, 9, 0, 7, 240.11
1734497152, 36, 13, 80, 1, 0, 0.06%, 9, 0, 7, 253.28
1734497157, 36, 14, 80, 1, 0, 0.06%, 9, 0, 7, 254.02
1734497162, 36, 16, 80, 1, 0, 0.06%, 9, 0, 7, 246.25
1734497167, 36, 17, 80, 1, 0, 0.06%, 9, 0, 7, 241.16
1734497173, 36, 22, 80, 1, 0, 0.06%, 9, 0, 7, 226.62
1734497178, 36, 29, 80, 1, 0, 0.06%, 9, 0, 7, 259.61
1734497188, 36, 30, 80, 1, 0, 0.06%, 9, 0, 7, 238.16
1734497198, 36, 35, 80, 1, 0, 0.06%, 9, 0, 7, 246.94
1734497208, 36, 42, 80, 1, 0, 0.06%, 9, 0, 7, 258.52
1734497218, 36, 53, 80, 1, 0, 0.06%, 9, 0, 7, 256.83
1734497223, 36, 60, 80, 1, 0, 0.06%, 9, 0, 7, 261.41
1734497228, 37, 9, 80, 1, 0, 0.06%, 9, 0, 7, 250.15
1734497233, 37, 12, 80, 1, 0, 0.06%, 9, 0, 7, 236.72
1734497238, 37, 14, 80, 1, 0, 0.06%, 9, 0, 7, 238.54
1734497244, 37, 16, 80, 1, 0, 0.06%, 9, 0, 7, 256.62
1734497254, 37, 22, 80, 1, 0, 0.06%, 9, 0, 7, 248.07
1734497264, 37, 28, 80, 1, 0, 0.06%, 9, 0, 7, 264.76
1734497269, 37, 36, 80, 1, 0, 0.06%, 9, 0, 7, 257.47
1734497274, 37, 43, 80, 1, 0, 0.06%, 9, 0, 7, 257.51
1734497279, 37, 57, 80, 1, 0, 0.06%, 9, 0, 7, 246.91
1734497284, 37, 62, 80, 1, 0, 0.06%, 9, 0, 7, 261.34
1734497289, 37, 72, 80, 1, 0, 0.06%, 9, 0, 7, 308.90
1734497299, 38, 11, 80, 1, 0, 0.06%, 9, 0, 7, 255.19
1734497305, 38, 13, 80, 1, 0, 0.06%, 9, 0, 7, 246.76
1734497310, 38, 15, 80, 1, 0, 0.06%, 9, 0, 7, 252.25
1734497315, 38, 16, 80, 1, 0, 0.06%, 9, 0, 7, 235.22
1734497320, 38, 17, 80, 1, 0, 0.06%, 9, 0, 7, 244.29
1734497325, 38, 19, 80, 1, 0, 0.06%, 9, 0, 7, 252.72
1734497330, 38, 22, 80, 1, 0, 0.06%, 9, 0, 7, 250.80
1734497336, 38, 26, 80, 1, 0, 0.06%, 9, 0, 7, 258.55
1734497346, 38, 44, 80, 1, 0, 0.06%, 9, 0, 7, 247.74
1734497351, 38, 48, 80, 1, 0, 0.06%, 9, 0, 7, 284.88
1734497361, 38, 55, 80, 1, 0, 0.06%, 9, 0, 7, 263.56
1734497366, 38, 73, 80, 1, 0, 0.06%, 9, 0, 7, 290.11
1734497371, 38, 79, 80, 1, 0, 0.06%, 9, 0, 7, 245.19
1734497396, 38, 79, 81, 2, 0, 0.06%, 9, 0, 7, 373.83
1734497777, 38, 80, 81, 1, 0, 0.06%, 9, 0, 7, 328.57
1734498183, 39, 11, 81, 0, 0, 0.06%, 9, 0, 7, 251.81
1734498188, 39, 13, 81, 0, 0, 0.06%, 9, 0, 7, 244.94
1734498193, 39, 15, 81, 0, 0, 0.06%, 9, 0, 7, 246.45
1734498198, 39, 16, 81, 0, 0, 0.06%, 9, 0, 7, 231.18
1734498203, 39, 17, 81, 0, 0, 0.06%, 9, 0, 7, 237.34
1734498208, 39, 22, 81, 0, 0, 0.06%, 9, 0, 7, 240.02
1734498213, 39, 47, 81, 0, 0, 0.06%, 9, 0, 7, 257.85
1734498223, 39, 77, 81, 0, 0, 0.06%, 9, 0, 7, 253.21
1734498228, 40, 12, 81, 0, 0, 0.06%, 9, 0, 7, 248.33
1734498234, 40, 14, 81, 0, 0, 0.06%, 9, 0, 7, 243.47
1734498239, 40, 15, 81, 0, 0, 0.06%, 9, 0, 7, 246.17
1734498244, 40, 16, 81, 0, 0, 0.06%, 9, 0, 7, 261.96
1734498249, 40, 17, 81, 0, 0, 0.06%, 9, 0, 7, 256.25
1734498254, 40, 22, 81, 0, 0, 0.06%, 9, 0, 7, 240.56
1734498259, 40, 80, 81, 0, 0, 0.06%, 9, 0, 7, 327.91
1734498279, 41, 11, 81, 0, 0, 0.06%, 9, 0, 7, 245.81
1734498284, 41, 13, 81, 0, 0, 0.06%, 9, 0, 7, 241.28
1734498289, 41, 15, 81, 0, 0, 0.06%, 9, 0, 7, 246.54
1734498294, 41, 16, 81, 0, 0, 0.06%, 9, 0, 7, 242.99
1734498299, 41, 17, 81, 0, 0, 0.06%, 9, 0, 7, 240.07
1734498304, 41, 22, 81, 0, 0, 0.06%, 9, 0, 7, 234.53
1734498309, 41, 45, 81, 0, 0, 0.06%, 9, 0, 7, 253.74
1734498320, 41, 55, 81, 0, 0, 0.06%, 9, 0, 7, 260.76
1734498325, 41, 71, 81, 0, 0, 0.06%, 9, 0, 7, 263.89
1734498335, 42, 11, 81, 0, 0, 0.06%, 9, 0, 7, 239.95
1734498340, 42, 13, 81, 0, 0, 0.06%, 9, 0, 7, 244.69
1734498345, 42, 14, 81, 0, 0, 0.06%, 9, 0, 7, 240.94
1734498350, 42, 16, 81, 0, 0, 0.06%, 9, 0, 7, 229.79
1734498355, 42, 17, 81, 0, 0, 0.06%, 9, 0, 7, 238.55
1734498360, 42, 22, 81, 0, 0, 0.06%, 9, 0, 7, 243.12
1734498370, 42, 32, 81, 0, 0, 0.06%, 9, 0, 7, 291.40
1734498375, 42, 45, 81, 0, 0, 0.06%, 9, 0, 7, 281.97
1734498380, 42, 65, 81, 0, 0, 0.06%, 9, 0, 7, 264.98
1734498385, 43, 11, 81, 0, 0, 0.06%, 9, 0, 7, 246.11
1734498390, 43, 13, 81, 0, 0, 0.06%, 9, 0, 7, 254.68
1734498395, 43, 15, 81, 0, 0, 0.06%, 9, 0, 7, 246.82
1734498401, 43, 16, 81, 0, 0, 0.06%, 9, 0, 7, 240.88
1734498406, 43, 17, 81, 0, 0, 0.06%, 9, 0, 7, 252.52
1734498411, 43, 21, 81, 0, 0, 0.06%, 9, 0, 7, 244.17
1734498416, 43, 22, 81, 0, 0, 0.06%, 9, 0, 7, 239.77
1734498421, 43, 35, 81, 0, 0, 0.06%, 9, 0, 7, 254.80
1734498426, 44, 11, 81, 0, 0, 0.06%, 9, 0, 7, 253.41
1734498431, 44, 12, 81, 0, 0, 0.06%, 9, 0, 7, 257.99
1734498436, 44, 14, 81, 0, 0, 0.06%, 9, 0, 7, 247.07
1734498441, 44, 16, 81, 0, 0, 0.06%, 9, 0, 7, 238.99
1734498446, 44, 17, 81, 0, 0, 0.06%, 9, 0, 7, 238.74
1734498452, 44, 22, 81, 0, 0, 0.06%, 9, 0, 7, 256.37
1734498462, 45, 12, 81, 0, 0, 0.06%, 9, 0, 7, 255.36
1734498467, 45, 14, 81, 0, 0, 0.06%, 9, 0, 7, 245.29
1734498472, 45, 15, 81, 0, 0, 0.06%, 9, 0, 7, 244.84
1734498477, 45, 16, 81, 0, 0, 0.06%, 9, 0, 7, 252.99
1734498482, 45, 17, 81, 0, 0, 0.06%, 9, 0, 7, 255.30
1734498487, 45, 22, 81, 0, 0, 0.06%, 9, 0, 7, 248.26
1734498492, 45, 23, 81, 0, 0, 0.06%, 9, 0, 7, 246.87
1734498497, 45, 26, 81, 0, 0, 0.06%, 9, 0, 7, 250.53
1734498502, 45, 33, 81, 0, 0, 0.06%, 9, 0, 7, 249.39
1734498507, 46, 6, 81, 0, 0, 0.06%, 9, 0, 7, 256.33
1734498512, 46, 12, 81, 0, 0, 0.06%, 9, 0, 7, 245.80
1734498518, 46, 14, 81, 0, 0, 0.06%, 9, 0, 7, 241.21
1734498523, 46, 15, 81, 0, 0, 0.06%, 9, 0, 7, 251.46
1734498528, 46, 16, 81, 0, 0, 0.06%, 9, 0, 7, 241.53
1734498533, 46, 17, 81, 0, 0, 0.06%, 9, 0, 7, 231.92
1734498538, 46, 22, 81, 0, 0, 0.06%, 9, 0, 7, 233.67
1734498543, 46, 44, 81, 0, 0, 0.06%, 9, 0, 7, 264.98
1734498548, 47, 11, 81, 0, 0, 0.06%, 9, 0, 7, 245.94
1734498553, 47, 12, 81, 0, 0, 0.06%, 9, 0, 7, 258.44
1734498558, 47, 14, 81, 0, 0, 0.06%, 9, 0, 7, 258.58
1734498563, 47, 16, 81, 0, 0, 0.06%, 9, 0, 7, 243.93
1734498568, 47, 17, 81, 0, 0, 0.06%, 9, 0, 7, 245.68
1734498573, 47, 22, 81, 0, 0, 0.06%, 9, 0, 7, 255.51
1734498584, 48, 11, 81, 0, 0, 0.06%, 9, 0, 7, 247.31
1734498589, 48, 13, 81, 0, 0, 0.06%, 9, 0, 7, 249.53
1734498594, 48, 15, 81, 0, 0, 0.06%, 9, 0, 7, 243.29
1734498599, 48, 16, 81, 0, 0, 0.06%, 9, 0, 7, 240.18
1734498604, 48, 17, 81, 0, 0, 0.06%, 9, 0, 7, 240.38
1734498609, 48, 20, 81, 0, 0, 0.06%, 9, 0, 7, 248.65
1734498614, 48, 22, 81, 0, 0, 0.06%, 9, 0, 7, 235.36
1734498619, 48, 52, 81, 0, 0, 0.06%, 9, 0, 7, 264.19
1734498635, 48, 57, 81, 0, 0, 0.06%, 9, 0, 7, 251.37
1734498640, 48, 63, 81, 0, 0, 0.06%, 9, 0, 7, 258.90
1734498645, 48, 65, 81, 0, 0, 0.06%, 9, 0, 7, 269.74
1734498650, 49, 11, 81, 0, 0, 0.06%, 9, 0, 7, 252.88
1734498655, 49, 13, 81, 0, 0, 0.06%, 9, 0, 7, 247.11
1734498660, 49, 15, 81, 0, 0, 0.06%, 9, 0, 7, 248.64
1734498665, 49, 16, 81, 0, 0, 0.06%, 9, 0, 7, 252.06
1734498670, 49, 17, 81, 0, 0, 0.06%, 9, 0, 7, 235.64
1734498675, 49, 22, 81, 0, 0, 0.06%, 9, 0, 7, 246.29
1734498680, 49, 52, 81, 0, 0, 0.06%, 9, 0, 7, 256.04
1734498690, 50, 11, 81, 0, 0, 0.06%, 9, 0, 7, 253.56
1734498695, 50, 13, 81, 0, 0, 0.06%, 9, 0, 7, 235.84
1734498700, 50, 15, 81, 0, 0, 0.06%, 9, 0, 7, 236.95
1734498705, 50, 16, 81, 0, 0, 0.06%, 9, 0, 7, 250.70
1734498710, 50, 17, 81, 0, 0, 0.06%, 9, 0, 7, 234.33
1734498715, 50, 21, 81, 0, 0, 0.06%, 9, 0, 7, 250.73
1734498720, 50, 22, 81, 0, 0, 0.06%, 9, 0, 7, 246.76
1734498725, 50, 33, 81, 0, 0, 0.06%, 9, 0, 7, 270.77
1734498730, 51, 11, 81, 0, 0, 0.06%, 9, 0, 7, 261.17
1734498735, 51, 12, 81, 0, 0, 0.06%, 9, 0, 7, 255.66
1734498740, 51, 14, 81, 0, 0, 0.06%, 9, 0, 7, 249.92
1734498745, 51, 16, 81, 0, 0, 0.06%, 9, 0, 7, 253.34
1734498751, 51, 17, 81, 0, 0, 0.06%, 9, 0, 7, 241.83
1734498756, 51, 22, 81, 0, 0, 0.06%, 9, 0, 7, 246.37
1734498761, 52, 8, 81, 0, 0, 0.06%, 9, 0, 7, 261.31
1734498766, 52, 11, 81, 0, 0, 0.06%, 9, 0, 7, 249.18
1734498771, 52, 13, 81, 0, 0, 0.06%, 9, 0, 7, 247.24
1734498776, 52, 15, 81, 0, 0, 0.06%, 9, 0, 7, 254.47
1734498781, 52, 16, 81, 0, 0, 0.06%, 9, 0, 7, 235.85
1734498786, 52, 17, 81, 0, 0, 0.06%, 9, 0, 7, 236.97
1734498791, 52, 22, 81, 0, 0, 0.06%, 9, 0, 7, 236.52
1734498796, 52, 53, 81, 0, 0, 0.06%, 9, 0, 7, 243.74
1734498801, 52, 55, 81, 0, 0, 0.06%, 9, 0, 7, 263.25
1734498811, 52, 67, 81, 0, 0, 0.06%, 9, 0, 7, 284.34
1734498816, 53, 11, 81, 0, 0, 0.06%, 9, 0, 7, 256.16
1734498821, 53, 13, 81, 0, 0, 0.06%, 9, 0, 7, 242.74
1734498827, 53, 15, 81, 0, 0, 0.06%, 9, 0, 7, 243.59
1734498832, 53, 16, 81, 0, 0, 0.06%, 9, 0, 7, 251.09
1734498837, 53, 17, 81, 0, 0, 0.06%, 9, 0, 7, 241.40
1734498842, 53, 22, 81, 0, 0, 0.06%, 9, 0, 7, 232.13
1734498847, 53, 25, 81, 0, 0, 0.06%, 9, 0, 7, 266.39
1734498852, 53, 27, 81, 0, 0, 0.06%, 9, 0, 7, 254.15
1734498867, 53, 36, 81, 0, 0, 0.06%, 9, 0, 7, 249.25
1734498873, 54, 12, 81, 0, 0, 0.06%, 9, 0, 7, 240.20
1734498878, 54, 13, 81, 0, 0, 0.06%, 9, 0, 7, 251.00
1734498883, 54, 15, 81, 0, 0, 0.06%, 9, 0, 7, 248.63
1734498888, 54, 16, 81, 0, 0, 0.06%, 9, 0, 7, 257.85
1734498893, 54, 17, 81, 0, 0, 0.06%, 9, 0, 7, 242.95
1734498898, 54, 22, 81, 0, 0, 0.06%, 9, 0, 7, 244.46
1734498903, 54, 28, 81, 0, 0, 0.06%, 9, 0, 7, 245.07
1734498908, 54, 58, 81, 0, 0, 0.06%, 9, 0, 7, 263.88
1734498913, 55, 9, 81, 0, 0, 0.06%, 9, 0, 7, 259.16
1734498918, 55, 12, 81, 0, 0, 0.06%, 9, 0, 7, 251.15
1734498923, 55, 14, 81, 0, 0, 0.06%, 9, 0, 7, 250.53
1734498929, 55, 16, 81, 0, 0, 0.06%, 9, 0, 7, 247.32
1734498939, 55, 17, 81, 0, 0, 0.06%, 9, 0, 7, 251.19
1734498944, 55, 22, 81, 0, 0, 0.06%, 9, 0, 7, 259.52
1734498949, 55, 34, 81, 0, 0, 0.06%, 9, 0, 7, 270.59
1734498959, 55, 38, 81, 0, 0, 0.06%, 9, 0, 7, 271.34
1734498969, 55, 45, 81, 0, 0, 0.06%, 9, 0, 7, 267.79
1734498974, 56, 9, 81, 0, 0, 0.06%, 9, 0, 7, 258.81
1734498979, 56, 12, 81, 0, 0, 0.06%, 9, 0, 7, 248.84
1734498984, 56, 14, 81, 0, 0, 0.06%, 9, 0, 7, 237.95
1734498989, 56, 16, 81, 0, 0, 0.06%, 9, 0, 7, 243.33
1734498999, 56, 17, 81, 0, 0, 0.06%, 9, 0, 7, 244.79
1734499004, 56, 20, 81, 0, 0, 0.06%, 9, 0, 7, 253.45
1734499009, 56, 22, 81, 0, 0, 0.06%, 9, 0, 7, 249.93
1734499015, 56, 36, 81, 0, 0, 0.06%, 9, 0, 7, 266.42
1734499020, 56, 65, 81, 0, 0, 0.06%, 9, 0, 7, 257.44
1734499025, 56, 73, 81, 0, 0, 0.06%, 9, 0, 7, 284.04
1734499030, 56, 76, 81, 0, 0, 0.06%, 9, 0, 7, 272.85
1734499035, 57, 11, 81, 0, 0, 0.06%, 9, 0, 7, 259.75
1734499040, 57, 14, 81, 0, 0, 0.06%, 9, 0, 7, 242.12
1734499045, 57, 15, 81, 0, 0, 0.06%, 9, 0, 7, 244.22
1734499050, 57, 16, 81, 0, 0, 0.06%, 9, 0, 7, 254.62
1734499055, 57, 17, 81, 0, 0, 0.06%, 9, 0, 7, 228.40
1734499060, 57, 22, 81, 0, 0, 0.06%, 9, 0, 7, 243.60
1734499065, 57, 53, 81, 0, 0, 0.06%, 9, 0, 7, 264.62
1734499071, 57, 56, 81, 0, 0, 0.06%, 9, 0, 7, 280.74
1734499081, 57, 69, 81, 0, 0, 0.06%, 9, 0, 7, 274.58
1734499086, 57, 78, 81, 0, 0, 0.06%, 9, 0, 7, 279.21
1734499091, 58, 11, 81, 0, 0, 0.06%, 9, 0, 7, 255.96
1734499096, 58, 12, 81, 0, 0, 0.06%, 9, 0, 7, 255.81
1734499101, 58, 14, 81, 0, 0, 0.06%, 9, 0, 7, 251.58
1734499106, 58, 16, 81, 0, 0, 0.06%, 9, 0, 7, 244.89
1734499111, 58, 17, 81, 0, 0, 0.06%, 9, 0, 7, 260.93
1734499116, 58, 18, 81, 0, 0, 0.06%, 9, 0, 7, 252.46
1734499126, 58, 22, 81, 0, 0, 0.06%, 9, 0, 7, 236.38
1734499131, 58, 39, 81, 0, 0, 0.06%, 9, 0, 7, 261.34
1734499136, 59, 10, 81, 0, 0, 0.06%, 9, 0, 7, 245.44
1734499141, 59, 11, 81, 0, 0, 0.06%, 9, 0, 7, 241.04
1734499147, 59, 12, 81, 0, 0, 0.06%, 9, 0, 7, 251.52
1734499152, 59, 14, 81, 0, 0, 0.06%, 9, 0, 7, 248.75
1734499157, 59, 16, 81, 0, 0, 0.06%, 9, 0, 7, 243.44
1734499162, 59, 17, 81, 0, 0, 0.06%, 9, 0, 7, 243.69
1734499167, 59, 18, 81, 0, 0, 0.06%, 9, 0, 7, 259.52
1734499172, 59, 22, 81, 0, 0, 0.06%, 9, 0, 7, 253.53
1734499177, 59, 37, 81, 0, 0, 0.06%, 9, 0, 7, 260.46
1734499182, 59, 38, 81, 0, 0, 0.06%, 9, 0, 7, 264.59
1734499192, 59, 76, 81, 0, 0, 0.06%, 9, 0, 7, 294.40
1734499202, 60, 12, 81, 0, 0, 0.06%, 9, 0, 7, 253.52
1734499207, 60, 14, 81, 0, 0, 0.06%, 9, 0, 7, 250.01
1734499212, 60, 15, 81, 0, 0, 0.06%, 9, 0, 7, 259.16
1734499217, 60, 16, 81, 0, 0, 0.06%, 9, 0, 7, 266.61
1734499222, 60, 17, 81, 0, 0, 0.06%, 9, 0, 7, 259.35
1734499227, 60, 22, 81, 0, 0, 0.06%, 9, 0, 7, 254.89
1734499233, 60, 35, 81, 0, 0, 0.06%, 9, 0, 7, 253.81
1734499238, 60, 48, 81, 0, 0, 0.06%, 9, 0, 7, 274.30
1734499243, 60, 54, 81, 0, 0, 0.06%, 9, 0, 7, 258.72
1734499248, 61, 11, 81, 0, 0, 0.06%, 9, 0, 7, 254.61
1734499253, 61, 12, 81, 0, 0, 0.06%, 9, 0, 7, 246.46
1734499258, 61, 14, 81, 0, 0, 0.06%, 9, 0, 7, 244.66
1734499263, 61, 16, 81, 0, 0, 0.06%, 9, 0, 7, 235.64
1734499268, 61, 17, 81, 0, 0, 0.06%, 9, 0, 7, 234.11
1734499273, 61, 22, 81, 0, 0, 0.06%, 9, 0, 7, 250.92
1734499279, 62, 7, 81, 0, 0, 0.06%, 9, 0, 7, 255.56
1734499284, 62, 12, 81, 0, 0, 0.06%, 9, 0, 7, 254.62
1734499289, 62, 14, 81, 0, 0, 0.06%, 9, 0, 7, 248.17
1734499294, 62, 15, 81, 0, 0, 0.06%, 9, 0, 7, 247.65
1734499299, 62, 16, 81, 0, 0, 0.06%, 9, 0, 7, 255.68
1734499304, 62, 17, 81, 0, 0, 0.06%, 9, 0, 7, 240.67
1734499309, 62, 22, 81, 0, 0, 0.06%, 9, 0, 7, 262.84
1734499314, 62, 24, 81, 0, 0, 0.06%, 9, 0, 7, 310.32
1734499324, 62, 66, 81, 0, 0, 0.06%, 9, 0, 7, 266.52
1734499334, 63, 11, 81, 0, 0, 0.06%, 9, 0, 7, 243.43
1734499339, 63, 13, 81, 0, 0, 0.06%, 9, 0, 7, 249.02
1734499344, 63, 15, 81, 0, 0, 0.06%, 9, 0, 7, 254.11
1734499349, 63, 16, 81, 0, 0, 0.06%, 9, 0, 7, 249.63
1734499354, 63, 17, 81, 0, 0, 0.06%, 9, 0, 7, 239.10
1734499359, 63, 22, 81, 0, 0, 0.06%, 9, 0, 7, 241.49
1734499364, 63, 25, 81, 0, 0, 0.06%, 9, 0, 7, 269.59
1734499369, 63, 32, 81, 0, 0, 0.06%, 9, 0, 7, 267.75
1734499375, 63, 45, 81, 0, 0, 0.06%, 9, 0, 7, 267.77
1734499385, 64, 12, 81, 0, 0, 0.06%, 9, 0, 7, 254.83
1734499390, 64, 14, 81, 0, 0, 0.06%, 9, 0, 7, 246.53
1734499395, 64, 15, 81, 0, 0, 0.06%, 9, 0, 7, 260.38
1734499400, 64, 16, 81, 0, 0, 0.06%, 9, 0, 7, 258.33
1734499405, 64, 17, 81, 0, 0, 0.06%, 9, 0, 7, 252.97
1734499410, 64, 22, 81, 0, 0, 0.06%, 9, 0, 7, 256.46
1734499415, 64, 37, 81, 0, 0, 0.06%, 9, 0, 7, 258.90
1734499420, 64, 75, 81, 0, 0, 0.06%, 9, 0, 7, 278.41
1734499426, 64, 78, 81, 0, 0, 0.06%, 9, 0, 7, 268.99
1734499431, 65, 10, 81, 0, 0, 0.06%, 9, 0, 7, 247.30
1734499436, 65, 12, 81, 0, 0, 0.06%, 9, 0, 7, 253.14
1734499441, 65, 14, 81, 0, 0, 0.06%, 9, 0, 7, 243.81
1734499446, 65, 16, 81, 0, 0, 0.06%, 9, 0, 7, 243.47
1734499456, 65, 17, 81, 0, 0, 0.06%, 9, 0, 7, 242.44
1734499461, 65, 22, 81, 0, 0, 0.06%, 9, 0, 7, 255.10
1734499466, 65, 28, 81, 0, 0, 0.06%, 9, 0, 7, 243.82
1734499471, 65, 34, 81, 0, 0, 0.06%, 9, 0, 7, 265.44
1734499476, 65, 35, 81, 0, 0, 0.06%, 9, 0, 7, 255.92
1734499482, 65, 45, 81, 0, 0, 0.06%, 9, 0, 7, 266.34
1734499487, 65, 69, 81, 0, 0, 0.06%, 9, 0, 7, 281.87
1734499492, 65, 70, 81, 0, 0, 0.06%, 9, 0, 7, 285.16
1734499497, 66, 4, 81, 0, 0, 0.06%, 9, 0, 7, 258.48
1734499502, 66, 12, 81, 0, 0, 0.06%, 9, 0, 7, 248.95
1734499507, 66, 14, 81, 0, 0, 0.06%, 9, 0, 7, 252.92
1734499512, 66, 15, 81, 0, 0, 0.06%, 9, 0, 7, 245.63
1734499517, 66, 16, 81, 0, 0, 0.06%, 9, 0, 7, 257.23
1734499522, 66, 17, 81, 0, 0, 0.06%, 9, 0, 7, 257.61
1734499527, 66, 22, 81, 0, 0, 0.06%, 9, 0, 7, 268.13
1734499532, 67, 11, 81, 0, 0, 0.06%, 9, 0, 7, 251.26
1734499537, 67, 13, 81, 0, 0, 0.06%, 9, 0, 7, 253.61
1734499542, 67, 15, 81, 0, 0, 0.06%, 9, 0, 7, 253.12
1734499547, 67, 16, 81, 0, 0, 0.06%, 9, 0, 7, 242.35
1734499552, 67, 17, 81, 0, 0, 0.06%, 9, 0, 7, 240.61
1734499558, 67, 22, 81, 0, 0, 0.06%, 9, 0, 7, 237.16
1734499563, 67, 55, 81, 0, 0, 0.06%, 9, 0, 7, 247.94
1734499568, 68, 11, 81, 0, 0, 0.06%, 9, 0, 7, 253.49
1734499573, 68, 13, 81, 0, 0, 0.06%, 9, 0, 7, 257.02
1734499578, 68, 15, 81, 0, 0, 0.06%, 9, 0, 7, 264.68
1734499583, 68, 16, 81, 0, 0, 0.06%, 9, 0, 7, 248.49
1734499589, 68, 17, 81, 0, 0, 0.06%, 9, 0, 7, 250.10
1734499594, 68, 22, 81, 0, 0, 0.06%, 9, 0, 7, 246.03
1734499599, 68, 27, 81, 0, 0, 0.06%, 9, 0, 7, 250.41
1734499604, 68, 37, 81, 0, 0, 0.06%, 9, 0, 7, 249.68
1734499614, 68, 43, 81, 0, 0, 0.06%, 9, 0, 7, 263.20
1734499619, 68, 55, 81, 0, 0, 0.06%, 9, 0, 7, 247.66
1734499624, 69, 11, 81, 0, 0, 0.06%, 9, 0, 7, 244.38
1734499629, 69, 13, 81, 0, 0, 0.06%, 9, 0, 7, 261.08
1734499634, 69, 15, 81, 0, 0, 0.06%, 9, 0, 7, 245.32
1734499639, 69, 16, 81, 0, 0, 0.06%, 9, 0, 7, 250.60
1734499644, 69, 17, 81, 0, 0, 0.06%, 9, 0, 7, 247.74
1734499649, 69, 22, 81, 0, 0, 0.06%, 9, 0, 7, 249.85
1734499654, 70, 11, 81, 0, 0, 0.06%, 9, 0, 7, 256.11
1734499659, 70, 13, 81, 0, 0, 0.06%, 9, 0, 7, 251.48
1734499664, 70, 15, 81, 0, 0, 0.06%, 9, 0, 7, 249.47
1734499670, 70, 16, 81, 0, 0, 0.06%, 9, 0, 7, 244.25
1734499675, 70, 17, 81, 0, 0, 0.06%, 9, 0, 7, 252.67
1734499680, 70, 19, 81, 0, 0, 0.06%, 9, 0, 7, 271.48
1734499685, 70, 22, 81, 0, 0, 0.06%, 9, 0, 7, 245.95
1734499690, 70, 30, 81, 0, 0, 0.06%, 9, 0, 7, 244.84
1734499700, 70, 42, 81, 0, 0, 0.06%, 9, 0, 7, 257.56
1734499705, 71, 11, 81, 0, 0, 0.06%, 9, 0, 7, 251.35
1734499710, 71, 13, 81, 0, 0, 0.06%, 9, 0, 7, 246.53
1734499715, 71, 15, 81, 0, 0, 0.06%, 9, 0, 7, 252.80
1734499720, 71, 16, 81, 0, 0, 0.06%, 9, 0, 7, 243.72
1734499725, 71, 17, 81, 0, 0, 0.06%, 9, 0, 7, 236.09
1734499730, 71, 20, 81, 0, 0, 0.06%, 9, 0, 7, 243.72
1734499735, 71, 22, 81, 0, 0, 0.06%, 9, 0, 7, 245.05
1734499741, 71, 28, 81, 0, 0, 0.06%, 9, 0, 7, 259.64
1734499746, 71, 49, 81, 0, 0, 0.06%, 9, 0, 7, 269.61
1734499761, 71, 62, 81, 0, 0, 0.06%, 9, 0, 7, 259.23
1734499766, 72, 11, 81, 0, 0, 0.06%, 9, 0, 7, 242.52
1734499771, 72, 13, 81, 0, 0, 0.06%, 9, 0, 7, 244.27
1734499776, 72, 15, 81, 0, 0, 0.06%, 9, 0, 7, 257.09
1734499781, 72, 16, 81, 0, 0, 0.06%, 9, 0, 7, 249.63
1734499786, 72, 17, 81, 0, 0, 0.06%, 9, 0, 7, 238.48
1734499791, 72, 22, 81, 0, 0, 0.06%, 9, 0, 7, 247.08
1734499796, 72, 23, 81, 0, 0, 0.06%, 9, 0, 7, 260.41
1734499801, 72, 28, 81, 0, 0, 0.06%, 9, 0, 7, 258.41
1734499807, 72, 57, 81, 0, 0, 0.06%, 9, 0, 7, 265.13
1734499817, 73, 11, 81, 0, 0, 0.06%, 9, 0, 7, 251.48
1734499822, 73, 13, 81, 0, 0, 0.06%, 9, 0, 7, 258.15
1734499827, 73, 15, 81, 0, 0, 0.06%, 9, 0, 7, 259.80
1734499832, 73, 16, 81, 0, 0, 0.06%, 9, 0, 7, 253.73
1734499837, 73, 17, 81, 0, 0, 0.06%, 9, 0, 7, 245.69
1734499842, 73, 21, 81, 0, 0, 0.06%, 9, 0, 7, 252.69
1734499847, 73, 22, 81, 0, 0, 0.06%, 9, 0, 7, 238.37
1734499852, 73, 30, 81, 0, 0, 0.06%, 9, 0, 7, 245.34
1734499858, 73, 47, 81, 0, 0, 0.06%, 9, 0, 7, 251.65
1734499863, 73, 62, 81, 0, 0, 0.06%, 9, 0, 7, 263.33
1734499868, 73, 76, 81, 0, 0, 0.06%, 9, 0, 7, 281.12
1734499873, 74, 9, 81, 0, 0, 0.06%, 9, 0, 7, 264.18
1734499878, 74, 12, 81, 0, 0, 0.06%, 9, 0, 7, 252.41
1734499883, 74, 14, 81, 0, 0, 0.06%, 9, 0, 7, 244.87
1734499888, 74, 16, 81, 0, 0, 0.06%, 9, 0, 7, 248.78
1734499898, 74, 17, 81, 0, 0, 0.06%, 9, 0, 7, 253.15
1734499903, 74, 22, 81, 0, 0, 0.06%, 9, 0, 7, 251.32
1734499908, 74, 24, 81, 0, 0, 0.06%, 9, 0, 7, 281.20
1734499913, 74, 63, 81, 0, 0, 0.06%, 9, 0, 7, 264.23
1734499918, 75, 11, 81, 0, 0, 0.06%, 9, 0, 7, 255.44
1734499923, 75, 13, 81, 0, 0, 0.06%, 9, 0, 7, 248.52
1734499928, 75, 15, 81, 0, 0, 0.06%, 9, 0, 7, 235.08
1734499933, 75, 16, 81, 0, 0, 0.06%, 9, 0, 7, 256.90
1734499938, 75, 17, 81, 0, 0, 0.06%, 9, 0, 7, 244.55
1734499944, 75, 22, 81, 0, 0, 0.06%, 9, 0, 7, 244.05
1734499949, 75, 42, 81, 0, 0, 0.06%, 9, 0, 7, 255.41
1734499954, 75, 44, 81, 0, 0, 0.06%, 9, 0, 7, 254.63
1734499959, 75, 52, 81, 0, 0, 0.06%, 9, 0, 7, 253.70
1734499964, 75, 60, 81, 0, 0, 0.06%, 9, 0, 7, 264.98
1734499969, 76, 9, 81, 0, 0, 0.06%, 9, 0, 7, 246.23
1734499974, 76, 12, 81, 0, 0, 0.06%, 9, 0, 7, 247.68
1734499979, 76, 14, 81, 0, 0, 0.06%, 9, 0, 7, 249.05
1734499984, 76, 16, 81, 0, 0, 0.06%, 9, 0, 7, 254.90
1734499989, 76, 17, 81, 0, 0, 0.06%, 9, 0, 7, 252.77
1734499999, 76, 19, 81, 0, 0, 0.06%, 9, 0, 7, 260.97
1734500004, 76, 21, 81, 0, 0, 0.06%, 9, 0, 7, 254.09
1734500009, 76, 22, 81, 0, 0, 0.06%, 9, 0, 7, 244.49
1734500014, 76, 40, 81, 0, 0, 0.06%, 9, 0, 7, 265.11
1734500020, 76, 75, 81, 0, 0, 0.06%, 9, 0, 7, 273.41
1734500025, 77, 11, 81, 0, 0, 0.06%, 9, 0, 7, 257.52
1734500030, 77, 13, 81, 0, 0, 0.06%, 9, 0, 7, 248.35
1734500035, 77, 15, 81, 0, 0, 0.06%, 9, 0, 7, 245.55
1734500040, 77, 16, 81, 0, 0, 0.06%, 9, 0, 7, 236.60
1734500045, 77, 17, 81, 0, 0, 0.06%, 9, 0, 7, 236.92
1734500051, 77, 22, 81, 0, 0, 0.06%, 9, 0, 7, 248.42
1734500056, 77, 49, 81, 0, 0, 0.06%, 9, 0, 7, 260.51
1734500061, 77, 50, 81, 0, 0, 0.06%, 9, 0, 7, 275.21
1734500066, 77, 53, 81, 0, 0, 0.06%, 9, 0, 7, 264.79
1734500071, 77, 75, 81, 0, 0, 0.06%, 9, 0, 7, 256.86
1734500081, 78, 12, 81, 0, 0, 0.06%, 9, 0, 7, 256.49
1734500086, 78, 14, 81, 0, 0, 0.06%, 9, 0, 7, 254.81
1734500091, 78, 16, 81, 0, 0, 0.06%, 9, 0, 7, 247.02
1734500101, 78, 17, 81, 0, 0, 0.06%, 9, 0, 7, 253.31
1734500107, 78, 21, 81, 0, 0, 0.06%, 9, 0, 7, 255.99
1734500112, 78, 22, 81, 0, 0, 0.06%, 9, 0, 7, 240.65
1734500117, 78, 23, 81, 0, 0, 0.06%, 9, 0, 7, 251.10
1734500122, 78, 57, 81, 0, 0, 0.06%, 9, 0, 7, 261.09
1734500127, 79, 9, 81, 0, 0, 0.06%, 9, 0, 7, 252.96
1734500132, 79, 12, 81, 0, 0, 0.06%, 9, 0, 7, 245.16
1734500137, 79, 14, 81, 0, 0, 0.06%, 9, 0, 7, 243.39
1734500142, 79, 16, 81, 0, 0, 0.06%, 9, 0, 7, 244.20
1734500152, 79, 17, 81, 0, 0, 0.06%, 9, 0, 7, 240.40
1734500158, 79, 22, 81, 0, 0, 0.06%, 9, 0, 7, 249.94
1734500163, 79, 54, 81, 0, 0, 0.06%, 9, 0, 7, 250.35
1734500168, 80, 11, 81, 0, 0, 0.06%, 9, 0, 7, 248.35
1734500173, 80, 13, 81, 0, 0, 0.06%, 9, 0, 7, 235.38
1734500178, 80, 15, 81, 0, 0, 0.06%, 9, 0, 7, 238.47
1734500183, 80, 16, 81, 0, 0, 0.06%, 9, 0, 7, 245.98
1734500188, 80, 17, 81, 0, 0, 0.06%, 9, 0, 7, 236.42
1734500193, 80, 22, 81, 0, 0, 0.06%, 9, 0, 7, 235.20
1734500198, 80, 32, 81, 0, 0, 0.06%, 9, 0, 7, 283.06
1734500203, 80, 33, 81, 0, 0, 0.06%, 9, 0, 7, 273.37
1734500209, 80, 36, 81, 0, 0, 0.06%, 9, 0, 7, 269.93
1734500214, 80, 38, 81, 0, 0, 0.06%, 9, 0, 7, 267.53
1734500219, 80, 68, 81, 0, 0, 0.06%, 9, 0, 7, 257.25
1734500229, 81, 12, 81, 0, 0, 0.06%, 9, 0, 7, 246.75
1734500234, 81, 14, 81, 0, 0, 0.06%, 9, 0, 7, 248.45
1734500239, 81, 16, 81, 0, 0, 0.06%, 9, 0, 7, 253.77
1734500249, 81, 17, 81, 0, 0, 0.06%, 9, 0, 7, 253.74
1734500254, 81, 22, 81, 0, 0, 0.06%, 9, 0, 7, 258.25
1734500259, 81, 35, 81, 0, 0, 0.06%, 9, 0, 7, 250.13
1734500264, 81, 41, 81, 0, 0, 0.06%, 9, 0, 7, 269.48
1734500269, 81, 46, 81, 0, 0, 0.06%, 9, 0, 7, 271.46
1734500274, 81, 48, 81, 0, 0, 0.06%, 9, 0, 7, 282.11
1734500279, 81, 53, 81, 0, 0, 0.06%, 9, 0, 7, 262.07
1734500284, 81, 58, 81, 0, 0, 0.06%, 9, 0, 7, 266.18
1734500290, 82, 11, 81, 0, 0, 0.06%, 9, 0, 7, 250.41
1734500295, 82, 13, 81, 0, 0, 0.06%, 9, 0, 7, 253.36
1734500300, 82, 15, 81, 0, 0, 0.06%, 9, 0, 7, 250.86
1734500305, 82, 16, 81, 0, 0, 0.06%, 9, 0, 7, 243.11
1734500310, 82, 17, 81, 0, 0, 0.06%, 9, 0, 7, 247.19
1734500315, 82, 22, 81, 0, 0, 0.06%, 9, 0, 7, 244.18
1734500320, 82, 38, 81, 0, 0, 0.06%, 9, 0, 7, 270.73
1734500325, 83, 9, 81, 0, 0, 0.06%, 9, 0, 7, 254.93
1734500330, 83, 11, 81, 0, 0, 0.06%, 9, 0, 7, 258.62
1734500335, 83, 13, 81, 0, 0, 0.06%, 9, 0, 7, 255.25
1734500340, 83, 15, 81, 0, 0, 0.06%, 9, 0, 7, 241.60
1734500345, 83, 16, 81, 0, 0, 0.06%, 9, 0, 7, 239.82
1734500350, 83, 17, 81, 0, 0, 0.06%, 9, 0, 7, 243.61
1734500355, 83, 22, 81, 0, 0, 0.06%, 9, 0, 7, 246.22
1734500361, 83, 54, 81, 0, 0, 0.06%, 9, 0, 7, 261.53
1734500366, 83, 60, 81, 0, 0, 0.06%, 9, 0, 7, 252.39
1734500371, 83, 72, 81, 0, 0, 0.06%, 9, 0, 7, 278.59
1734500376, 84, 9, 81, 0, 0, 0.06%, 9, 0, 7, 258.61
1734500381, 84, 12, 81, 0, 0, 0.06%, 9, 0, 7, 249.76
1734500386, 84, 14, 81, 0, 0, 0.06%, 9, 0, 7, 251.31
1734500391, 84, 16, 81, 0, 0, 0.06%, 9, 0, 7, 253.23
1734500401, 84, 17, 81, 0, 0, 0.06%, 9, 0, 7, 242.09
1734500406, 84, 22, 81, 0, 0, 0.06%, 9, 0, 7, 242.06
1734500411, 84, 70, 81, 0, 0, 0.06%, 9, 0, 7, 270.91
1734500416, 85, 9, 81, 0, 0, 0.06%, 9, 0, 7, 250.22
1734500422, 85, 12, 81, 0, 0, 0.06%, 9, 0, 7, 245.39
1734500427, 85, 14, 81, 0, 0, 0.06%, 9, 0, 7, 254.70
1734500432, 85, 16, 81, 0, 0, 0.06%, 9, 0, 7, 245.05
1734500442, 85, 17, 81, 0, 0, 0.06%, 9, 0, 7, 260.72
1734500447, 85, 19, 81, 0, 0, 0.06%, 9, 0, 7, 261.60
1734500452, 85, 22, 81, 0, 0, 0.06%, 9, 0, 7, 266.51
1734500457, 85, 34, 81, 0, 0, 0.06%, 9, 0, 7, 256.68
1734500462, 85, 45, 81, 0, 0, 0.06%, 9, 0, 7, 250.26
1734500468, 85, 48, 81, 0, 0, 0.06%, 9, 0, 7, 271.66
1734500473, 85, 68, 81, 0, 0, 0.06%, 9, 0, 7, 260.71
1734500478, 85, 76, 81, 0, 0, 0.06%, 9, 0, 7, 280.44
1734500483, 86, 9, 81, 0, 0, 0.06%, 9, 0, 7, 262.12
1734500488, 86, 12, 81, 0, 0, 0.06%, 9, 0, 7, 246.52
1734500493, 86, 14, 81, 0, 0, 0.06%, 9, 0, 7, 245.46
1734500498, 86, 16, 81, 0, 0, 0.06%, 9, 0, 7, 253.33
1734500503, 86, 17, 81, 0, 0, 0.06%, 9, 0, 7, 242.06
1734500513, 86, 22, 81, 0, 0, 0.06%, 9, 0, 7, 257.52
1734500518, 86, 53, 81, 0, 0, 0.06%, 9, 0, 7, 264.99
1734500523, 86, 75, 81, 0, 0, 0.06%, 9, 0, 7, 270.48
1734500528, 87, 11, 81, 0, 0, 0.06%, 9, 0, 7, 260.44
1734500534, 87, 13, 81, 0, 0, 0.06%, 9, 0, 7, 251.16
1734500539, 87, 15, 81, 0, 0, 0.06%, 9, 0, 7, 239.70
1734500544, 87, 16, 81, 0, 0, 0.06%, 9, 0, 7, 241.73
1734500549, 87, 17, 81, 0, 0, 0.06%, 9, 0, 7, 249.29
1734500554, 87, 22, 81, 0, 0, 0.06%, 9, 0, 7, 246.42
1734500559, 87, 34, 81, 0, 0, 0.06%, 9, 0, 7, 257.67
1734500564, 87, 35, 81, 0, 0, 0.06%, 9, 0, 7, 262.24
1734500569, 87, 48, 81, 0, 0, 0.06%, 9, 0, 7, 255.81
1734500579, 87, 55, 81, 0, 0, 0.06%, 9, 0, 7, 245.24
1734500584, 87, 77, 81, 0, 0, 0.06%, 9, 0, 7, 272.69
1734500589, 87, 78, 81, 0, 0, 0.06%, 9, 0, 7, 261.69
1734500594, 88, 9, 81, 0, 0, 0.06%, 9, 0, 7, 259.68
1734500599, 88, 12, 81, 0, 0, 0.06%, 9, 0, 7, 248.58
1734500604, 88, 14, 81, 0, 0, 0.06%, 9, 0, 7, 243.41
1734500609, 88, 16, 81, 0, 0, 0.06%, 9, 0, 7, 242.84
1734500615, 88, 17, 81, 0, 0, 0.06%, 9, 0, 7, 247.54
1734500625, 88, 22, 81, 0, 0, 0.06%, 9, 0, 7, 251.04
1734500630, 89, 12, 81, 0, 0, 0.06%, 9, 0, 7, 238.97
1734500635, 89, 14, 81, 0, 0, 0.06%, 9, 0, 7, 243.74
1734500640, 89, 15, 81, 0, 0, 0.06%, 9, 0, 7, 257.46
1734500645, 89, 16, 81, 0, 0, 0.06%, 9, 0, 7, 256.32
1734500650, 89, 17, 81, 0, 0, 0.06%, 9, 0, 7, 243.38
1734500656, 89, 22, 81, 0, 0, 0.06%, 9, 0, 7, 241.82
1734500661, 89, 30, 81, 0, 0, 0.06%, 9, 0, 7, 239.31
1734500666, 89, 40, 81, 0, 0, 0.06%, 9, 0, 7, 254.75
1734500671, 89, 43, 81, 0, 0, 0.06%, 9, 0, 7, 254.39
1734500676, 90, 9, 81, 0, 0, 0.06%, 9, 0, 7, 234.06
1734500681, 90, 12, 81, 0, 0, 0.06%, 9, 0, 7, 242.86
1734500686, 90, 14, 81, 0, 0, 0.06%, 9, 0, 7, 247.96
1734500692, 90, 16, 81, 0, 0, 0.06%, 9, 0, 7, 248.93
1734500702, 90, 22, 81, 0, 0, 0.06%, 9, 0, 7, 242.10
1734500712, 90, 29, 81, 0, 0, 0.06%, 9, 0, 7, 250.41
1734500717, 90, 30, 81, 0, 0, 0.06%, 9, 0, 7, 239.40
1734500722, 90, 47, 81, 0, 0, 0.06%, 9, 0, 7, 237.88
1734500728, 90, 49, 81, 0, 0, 0.06%, 9, 0, 7, 258.48
1734500733, 90, 53, 81, 0, 0, 0.06%, 9, 0, 7, 266.41
1734500738, 90, 68, 81, 0, 0, 0.06%, 9, 0, 7, 264.80
1734500743, 91, 9, 81, 0, 0, 0.06%, 9, 0, 7, 256.91
1734500748, 91, 12, 81, 0, 0, 0.06%, 9, 0, 7, 246.58
1734500753, 91, 14, 81, 0, 0, 0.06%, 9, 0, 7, 234.13
1734500758, 91, 16, 81, 0, 0, 0.06%, 9, 0, 7, 247.73
1734500763, 91, 17, 81, 0, 0, 0.06%, 9, 0, 7, 257.28
1734500768, 91, 17, 82, 1, 0, 0.07%, 10, 0, 7, 256.32
1734500773, 91, 53, 82, 1, 1, 0.07%, 10, 0, 7, 258.57
1734500778, 91, 81, 82, 1, 1, 0.07%, 10, 0, 7, 225.09
1734500783, 91, 81, 83, 2, 1, 0.08%, 11, 0, 7, 217.34
1734500869, 91, 82, 83, 1, 1, 0.08%, 11, 0, 7, 275.61
1734500925, 92, 10, 83, 0, 0, 0.08%, 11, 0, 7, 252.13
1734500930, 92, 12, 83, 0, 0, 0.08%, 11, 0, 7, 248.31
1734500935, 92, 14, 83, 0, 0, 0.08%, 11, 0, 7, 243.20
1734500940, 92, 15, 83, 0, 0, 0.08%, 11, 0, 7, 246.77
1734500945, 92, 16, 83, 0, 0, 0.08%, 11, 0, 7, 257.76
1734500950, 92, 17, 83, 0, 0, 0.08%, 11, 0, 7, 243.04
1734500956, 92, 22, 83, 0, 0, 0.08%, 11, 0, 7, 251.52
1734500961, 92, 40, 83, 0, 0, 0.08%, 11, 0, 7, 253.48
1734500966, 92, 54, 83, 0, 0, 0.08%, 11, 0, 7, 259.83
1734500971, 92, 68, 83, 0, 0, 0.08%, 11, 0, 7, 254.38
1734500976, 92, 73, 83, 0, 0, 0.08%, 11, 0, 7, 290.16
1734500981, 92, 81, 83, 0, 0, 0.08%, 11, 0, 7, 245.05
1734501007, 92, 82, 83, 0, 0, 0.08%, 11, 0, 7, 244.51
1734501027, 93, 4, 83, 0, 0, 0.08%, 11, 0, 7, 255.84
1734501032, 93, 12, 83, 0, 0, 0.08%, 11, 0, 7, 242.25
1734501037, 93, 13, 83, 0, 0, 0.08%, 11, 0, 7, 254.07
1734501042, 93, 15, 83, 0, 0, 0.08%, 11, 0, 7, 256.21
1734501047, 93, 16, 83, 0, 0, 0.08%, 11, 0, 7, 246.57
1734501052, 93, 17, 83, 0, 0, 0.08%, 11, 0, 7, 254.20
1734501057, 93, 22, 83, 0, 0, 0.08%, 11, 0, 7, 246.39
1734501062, 93, 38, 83, 0, 0, 0.08%, 11, 0, 7, 255.17
1734501067, 93, 76, 83, 0, 0, 0.08%, 11, 0, 7, 285.10
1734501072, 93, 78, 83, 0, 0, 0.08%, 11, 0, 7, 278.74
1734501077, 93, 79, 83, 0, 0, 0.08%, 11, 0, 7, 292.01
1734501097, 93, 81, 83, 0, 0, 0.08%, 11, 0, 7, 245.25
1734501123, 93, 82, 83, 0, 0, 0.08%, 11, 0, 7, 223.13
1734501148, 94, 9, 83, 0, 0, 0.08%, 11, 0, 7, 249.30
1734501153, 94, 12, 83, 0, 0, 0.08%, 11, 0, 7, 246.16
1734501158, 94, 14, 83, 0, 0, 0.08%, 11, 0, 7, 242.52
1734501163, 94, 16, 83, 0, 0, 0.08%, 11, 0, 7, 247.45
1734501169, 94, 17, 83, 0, 0, 0.08%, 11, 0, 7, 251.54
1734501174, 94, 22, 83, 0, 0, 0.08%, 11, 0, 7, 241.26
1734501184, 94, 72, 83, 0, 0, 0.08%, 11, 0, 7, 279.13
1734501189, 94, 81, 83, 0, 0, 0.08%, 11, 0, 7, 205.65
1734501215, 94, 82, 83, 0, 0, 0.08%, 11, 0, 7, 237.91
1734501235, 95, 9, 83, 0, 0, 0.08%, 11, 0, 7, 275.12
1734501240, 95, 12, 83, 0, 0, 0.08%, 11, 0, 7, 254.36
1734501245, 95, 14, 83, 0, 0, 0.08%, 11, 0, 7, 244.06
1734501250, 95, 16, 83, 0, 0, 0.08%, 11, 0, 7, 245.56
1734501260, 95, 17, 83, 0, 0, 0.08%, 11, 0, 7, 241.84
1734501265, 95, 22, 83, 0, 0, 0.08%, 11, 0, 7, 243.67
1734501270, 95, 25, 83, 0, 0, 0.08%, 11, 0, 7, 247.99
1734501275, 95, 26, 83, 0, 0, 0.08%, 11, 0, 7, 256.75
1734501281, 95, 41, 83, 0, 0, 0.08%, 11, 0, 7, 283.08
1734501286, 95, 54, 83, 0, 0, 0.08%, 11, 0, 7, 267.02
1734501291, 95, 81, 83, 0, 0, 0.08%, 11, 0, 7, 244.69
1734501316, 95, 82, 83, 0, 0, 0.08%, 11, 0, 7, 244.56
1734501341, 96, 10, 83, 0, 0, 0.08%, 11, 0, 7, 249.50
1734501347, 96, 12, 83, 0, 0, 0.08%, 11, 0, 7, 246.52
1734501352, 96, 14, 83, 0, 0, 0.08%, 11, 0, 7, 250.83
1734501357, 96, 15, 83, 0, 0, 0.08%, 11, 0, 7, 250.21
1734501362, 96, 16, 83, 0, 0, 0.08%, 11, 0, 7, 252.64
1734501367, 96, 17, 83, 0, 0, 0.08%, 11, 0, 7, 252.37
1734501372, 96, 22, 83, 0, 0, 0.08%, 11, 0, 7, 252.12
1734501377, 96, 42, 83, 0, 0, 0.08%, 11, 0, 7, 268.10
1734501382, 96, 81, 83, 0, 0, 0.08%, 11, 0, 7, 239.71
1734501408, 96, 82, 83, 0, 0, 0.08%, 11, 0, 7, 243.77
1734501433, 97, 12, 83, 0, 0, 0.08%, 11, 0, 7, 249.89
1734501438, 97, 14, 83, 0, 0, 0.08%, 11, 0, 7, 253.08
1734501443, 97, 16, 83, 0, 0, 0.08%, 11, 0, 7, 251.24
1734501453, 97, 17, 83, 0, 0, 0.08%, 11, 0, 7, 237.25
1734501459, 97, 22, 83, 0, 0, 0.08%, 11, 0, 7, 237.89
1734501464, 97, 35, 83, 0, 0, 0.08%, 11, 0, 7, 240.39
1734501469, 97, 41, 83, 0, 0, 0.08%, 11, 0, 7, 257.54
1734501474, 97, 45, 83, 0, 0, 0.08%, 11, 0, 7, 256.35
1734501479, 97, 65, 83, 0, 0, 0.08%, 11, 0, 7, 274.65
1734501484, 97, 81, 83, 0, 0, 0.08%, 11, 0, 7, 238.29
1734501509, 97, 82, 83, 0, 0, 0.08%, 11, 0, 7, 234.02
1734501530, 98, 8, 83, 0, 0, 0.08%, 11, 0, 7, 264.84
1734501535, 98, 12, 83, 0, 0, 0.08%, 11, 0, 7, 254.52
1734501540, 98, 14, 83, 0, 0, 0.08%, 11, 0, 7, 242.23
1734501545, 98, 15, 83, 0, 0, 0.08%, 11, 0, 7, 243.06
1734501550, 98, 16, 83, 0, 0, 0.08%, 11, 0, 7, 256.08
1734501555, 98, 17, 83, 0, 0, 0.08%, 11, 0, 7, 244.29
1734501560, 98, 19, 83, 0, 0, 0.08%, 11, 0, 7, 251.38
1734501565, 98, 22, 83, 0, 0, 0.08%, 11, 0, 7, 242.00
1734501571, 98, 24, 83, 0, 0, 0.08%, 11, 0, 7, 284.26
1734501576, 98, 81, 83, 0, 0, 0.08%, 11, 0, 7, 239.04
1734501601, 98, 82, 83, 0, 0, 0.08%, 11, 0, 7, 247.62
1734501627, 99, 11, 83, 0, 0, 0.08%, 11, 0, 7, 252.00
1734501632, 99, 13, 83, 0, 0, 0.08%, 11, 0, 7, 249.14
1734501637, 99, 15, 83, 0, 0, 0.08%, 11, 0, 7, 257.33
1734501642, 99, 16, 83, 0, 0, 0.08%, 11, 0, 7, 269.42
1734501647, 99, 17, 83, 0, 0, 0.08%, 11, 0, 7, 254.01
1734501652, 99, 21, 83, 0, 0, 0.08%, 11, 0, 7, 259.67
1734501657, 99, 22, 83, 0, 0, 0.08%, 11, 0, 7, 247.62
1734501662, 99, 45, 83, 0, 0, 0.08%, 11, 0, 7, 263.05
1734501667, 99, 68, 83, 0, 0, 0.08%, 11, 0, 7, 282.94
1734501672, 99, 81, 83, 0, 0, 0.08%, 11, 0, 7, 260.02
1734501697, 99, 82, 83, 0, 0, 0.08%, 11, 0, 7, 245.23
1734501718, 100, 9, 83, 0, 0, 0.08%, 11, 0, 7, 255.92
1734501723, 100, 12, 83, 0, 0, 0.08%, 11, 0, 7, 239.28
1734501728, 100, 14, 83, 0, 0, 0.08%, 11, 0, 7, 247.15
1734501733, 100, 15, 83, 0, 0, 0.08%, 11, 0, 7, 243.83
1734501738, 100, 16, 83, 0, 0, 0.08%, 11, 0, 7, 255.80
1734501743, 100, 17, 83, 0, 0, 0.08%, 11, 0, 7, 245.00
1734501749, 100, 22, 83, 0, 0, 0.08%, 11, 0, 7, 265.25
1734501754, 100, 50, 83, 0, 0, 0.08%, 11, 0, 7, 272.04
1734501759, 100, 51, 83, 0, 0, 0.08%, 11, 0, 7, 270.97
1734501764, 100, 53, 83, 0, 0, 0.08%, 11, 0, 7, 264.45
1734501769, 100, 60, 83, 0, 0, 0.08%, 11, 0, 7, 273.96
1734501774, 100, 67, 83, 0, 0, 0.08%, 11, 0, 7, 291.35
1734501779, 100, 81, 83, 0, 0, 0.08%, 11, 0, 7, 254.83
1734501804, 100, 82, 83, 0, 0, 0.08%, 11, 0, 7, 239.37
1734501809, 100, 82, 84, 1, 0, 0.08%, 11, 0, 7, 230.44
1734501835, 101, 11, 84, 1, 0, 0.08%, 11, 0, 7, 261.50
1734501840, 101, 12, 84, 1, 0, 0.08%, 11, 0, 7, 240.35
1734501845, 101, 14, 84, 1, 0, 0.08%, 11, 0, 7, 245.98
1734501850, 101, 16, 84, 1, 0, 0.08%, 11, 0, 7, 239.06
1734501855, 101, 17, 84, 1, 0, 0.08%, 11, 0, 7, 247.16
1734501861, 101, 22, 84, 1, 0, 0.08%, 11, 0, 7, 243.82
1734501871, 101, 32, 84, 1, 0, 0.08%, 11, 0, 7, 265.67
1734501876, 101, 40, 84, 1, 0, 0.08%, 11, 0, 7, 266.52
1734501881, 101, 55, 84, 1, 0, 0.08%, 11, 0, 7, 255.52
1734501886, 101, 81, 84, 1, 0, 0.08%, 11, 0, 7, 228.31
1734501911, 101, 82, 84, 1, 0, 0.08%, 11, 0, 7, 227.56
1734501931, 102, 9, 84, 1, 0, 0.08%, 11, 0, 7, 248.79
1734501936, 102, 11, 84, 1, 0, 0.08%, 11, 0, 7, 238.74
1734501941, 102, 13, 84, 1, 0, 0.08%, 11, 0, 7, 256.70
1734501947, 102, 14, 84, 1, 0, 0.08%, 11, 0, 7, 242.17
1734501952, 102, 16, 84, 1, 0, 0.08%, 11, 0, 7, 241.10
1734501957, 102, 17, 84, 1, 0, 0.08%, 11, 0, 7, 245.88
1734501962, 102, 20, 84, 1, 0, 0.08%, 11, 0, 7, 250.60
1734501972, 102, 22, 84, 1, 0, 0.08%, 11, 0, 7, 258.87
1734501977, 102, 23, 84, 1, 0, 0.08%, 11, 0, 7, 241.68
1734501982, 102, 49, 84, 1, 0, 0.08%, 11, 0, 7, 249.39
1734501987, 102, 81, 84, 1, 0, 0.08%, 11, 0, 7, 238.49
1734502013, 102, 82, 84, 1, 0, 0.08%, 11, 0, 7, 236.56
1734502033, 103, 9, 84, 1, 0, 0.08%, 11, 0, 7, 264.38
1734502038, 103, 12, 84, 1, 0, 0.08%, 11, 0, 7, 255.68
1734502043, 103, 14, 84, 1, 0, 0.08%, 11, 0, 7, 240.82
1734502048, 103, 16, 84, 1, 0, 0.08%, 11, 0, 7, 243.92
1734502053, 103, 17, 84, 1, 0, 0.08%, 11, 0, 7, 264.51
1734502063, 103, 22, 84, 1, 0, 0.08%, 11, 0, 7, 256.00
1734502068, 103, 46, 84, 1, 0, 0.08%, 11, 0, 7, 257.06
1734502073, 103, 60, 84, 1, 0, 0.08%, 11, 0, 7, 263.26
1734502078, 103, 81, 84, 1, 0, 0.08%, 11, 0, 7, 235.18
1734502104, 103, 82, 84, 1, 0, 0.08%, 11, 0, 7, 237.45
1734502129, 104, 5, 84, 1, 0, 0.08%, 11, 0, 7, 228.79
1734502134, 104, 12, 84, 1, 0, 0.08%, 11, 0, 7, 239.08
1734502139, 104, 14, 84, 1, 0, 0.08%, 11, 0, 7, 239.47
1734502144, 104, 16, 84, 1, 0, 0.08%, 11, 0, 7, 257.59
1734502155, 104, 17, 84, 1, 0, 0.08%, 11, 0, 7, 255.42
1734502160, 104, 22, 84, 1, 0, 0.08%, 11, 0, 7, 249.58
1734502165, 104, 81, 84, 1, 0, 0.08%, 11, 0, 7, 226.49
1734502190, 104, 82, 84, 1, 0, 0.08%, 11, 0, 7, 239.31
1734502216, 105, 11, 84, 1, 0, 0.08%, 11, 0, 7, 257.10
1734502221, 105, 13, 84, 1, 0, 0.08%, 11, 0, 7, 253.25
1734502226, 105, 15, 84, 1, 0, 0.08%, 11, 0, 7, 250.32
1734502231, 105, 16, 84, 1, 0, 0.08%, 11, 0, 7, 254.66
1734502236, 105, 17, 84, 1, 0, 0.08%, 11, 0, 7, 250.21
1734502241, 105, 22, 84, 1, 0, 0.08%, 11, 0, 7, 255.72
1734502246, 105, 57, 84, 1, 0, 0.08%, 11, 0, 7, 267.79
1734502251, 105, 76, 84, 1, 0, 0.08%, 11, 0, 7, 281.04
1734502256, 105, 81, 84, 1, 0, 0.08%, 11, 0, 7, 250.20
1734502282, 105, 82, 84, 1, 0, 0.08%, 11, 0, 7, 244.02
1734502302, 106, 2, 84, 1, 0, 0.08%, 11, 0, 7, 270.92
1734502307, 106, 11, 84, 1, 0, 0.08%, 11, 0, 7, 256.20
1734502312, 106, 13, 84, 1, 0, 0.08%, 11, 0, 7, 245.19
1734502317, 106, 15, 84, 1, 0, 0.08%, 11, 0, 7, 242.79
1734502322, 106, 16, 84, 1, 0, 0.08%, 11, 0, 7, 246.54
1734502327, 106, 17, 84, 1, 0, 0.08%, 11, 0, 7, 253.53
1734502332, 106, 22, 84, 1, 0, 0.08%, 11, 0, 7, 257.73
1734502337, 106, 23, 84, 1, 0, 0.08%, 11, 0, 7, 259.12
1734502342, 106, 30, 84, 1, 0, 0.08%, 11, 0, 7, 237.80
1734502347, 106, 41, 84, 1, 0, 0.08%, 11, 0, 7, 253.06
1734502352, 106, 43, 84, 1, 0, 0.08%, 11, 0, 7, 259.00
1734502363, 106, 69, 84, 1, 0, 0.08%, 11, 0, 7, 270.93
1734502368, 106, 75, 84, 1, 0, 0.08%, 11, 0, 7, 254.28
1734502373, 106, 81, 84, 1, 0, 0.08%, 11, 0, 7, 228.23
1734502393, 106, 82, 84, 1, 0, 0.08%, 11, 0, 7, 242.28
1734502419, 106, 83, 85, 2, 0, 0.08%, 12, 0, 8, 350.65
1734502424, 106, 83, 86, 3, 0, 0.08%, 12, 0, 8, 322.94
1734502470, 106, 84, 86, 2, 1, 0.08%, 12, 0, 8, 326.73
1734502506, 106, 84, 87, 3, 1, 0.08%, 12, 0, 9, 253.85
1734502597, 107, 11, 87, 2, 0, 0.08%, 12, 0, 9, 254.48
1734502602, 107, 13, 87, 2, 0, 0.08%, 12, 0, 9, 255.37
1734502607, 107, 15, 87, 2, 0, 0.08%, 12, 0, 9, 251.14
1734502612, 107, 16, 87, 2, 0, 0.08%, 12, 0, 9, 251.27
1734502617, 107, 17, 87, 2, 0, 0.08%, 12, 0, 9, 254.90
1734502622, 107, 22, 87, 2, 0, 0.08%, 12, 0, 9, 254.30
1734502627, 107, 31, 87, 2, 0, 0.08%, 12, 0, 9, 255.50
1734502632, 107, 78, 87, 2, 0, 0.08%, 12, 0, 9, 257.00
1734502637, 107, 81, 87, 2, 0, 0.08%, 12, 0, 9, 250.12
1734502662, 107, 84, 88, 3, 0, 0.08%, 12, 0, 9, 260.40
1734502677, 107, 84, 89, 4, 0, 0.10%, 13, 0, 9, 257.62
1734502708, 107, 88, 91, 6, 1, 0.10%, 15, 0, 10, 295.64
1734502713, 107, 88, 93, 8, 1, 0.11%, 16, 0, 10, 352.31
1734502728, 107, 88, 94, 9, 1, 0.11%, 16, 0, 10, 275.83
1734502738, 107, 88, 95, 10, 1, 0.11%, 16, 0, 10, 265.34
1734502870, 107, 90, 96, 10, 2, 0.11%, 16, 0, 11, 328.42
1734502942, 107, 90, 98, 12, 2, 0.11%, 16, 0, 11, 262.91
1734502972, 107, 90, 99, 13, 2, 0.11%, 17, 0, 11, 284.73
1734503008, 107, 90, 100, 14, 2, 0.11%, 17, 0, 11, 315.83
1734503028, 107, 92, 100, 13, 3, 0.11%, 17, 0, 11, 292.91
1734503063, 107, 92, 101, 14, 3, 0.11%, 17, 0, 11, 274.88
1734503134, 107, 92, 102, 15, 3, 0.11%, 17, 0, 11, 274.75
1734503140, 107, 92, 104, 17, 3, 0.12%, 18, 0, 11, 265.04
1734503155, 107, 96, 104, 16, 3, 0.12%, 18, 0, 11, 310.37
1734503160, 107, 96, 106, 18, 3, 0.14%, 20, 0, 12, 345.80
1734503170, 107, 96, 107, 19, 3, 0.14%, 20, 0, 12, 294.42
1734503180, 107, 96, 108, 20, 3, 0.14%, 20, 0, 12, 262.77
1734503317, 107, 98, 108, 19, 4, 0.14%, 20, 0, 12, 335.65
1734503332, 107, 98, 111, 22, 4, 0.14%, 20, 0, 12, 291.63
1734503357, 107, 98, 112, 23, 4, 0.14%, 20, 0, 12, 272.22
1734503377, 107, 98, 113, 24, 4, 0.14%, 20, 0, 12, 268.48
1734503382, 107, 98, 114, 25, 4, 0.14%, 20, 0, 12, 267.73
1734503433, 107, 98, 115, 26, 4, 0.14%, 20, 0, 12, 270.49
1734503443, 107, 102, 116, 26, 3, 0.14%, 20, 0, 12, 306.36
1734503448, 107, 102, 117, 27, 3, 0.14%, 21, 0, 12, 390.44
1734503479, 107, 102, 118, 28, 3, 0.14%, 21, 0, 12, 263.51
1734503489, 107, 102, 119, 29, 3, 0.14%, 21, 0, 12, 266.82
1734503499, 107, 102, 120, 30, 3, 0.14%, 21, 0, 12, 271.91
1734503586, 107, 102, 121, 31, 3, 0.14%, 21, 0, 12, 264.32
1734503621, 107, 104, 122, 31, 4, 0.14%, 21, 0, 13, 339.82
1734503626, 107, 104, 123, 32, 4, 0.14%, 21, 0, 13, 344.30
1734503677, 107, 104, 124, 33, 4, 0.14%, 21, 0, 13, 270.76
1734503769, 107, 104, 125, 34, 4, 0.14%, 21, 0, 13, 298.77
1734503784, 107, 105, 127, 35, 4, 0.14%, 22, 0, 13, 346.80
1734503789, 107, 105, 129, 37, 4, 0.14%, 23, 0, 13, 341.78
1734503840, 107, 105, 130, 38, 4, 0.14%, 23, 0, 13, 269.74
1734503880, 107, 105, 131, 39, 4, 0.14%, 23, 0, 13, 267.31
1734503890, 107, 105, 132, 40, 4, 0.14%, 23, 0, 13, 271.42
1734503946, 107, 116, 132, 39, 5, 0.14%, 23, 0, 13, 355.18
1734503951, 107, 116, 133, 40, 5, 0.14%, 23, 0, 13, 326.35
1734504058, 107, 117, 133, 39, 5, 0.14%, 23, 0, 13, 344.51
1734504073, 107, 117, 134, 40, 5, 0.14%, 23, 0, 13, 266.06
1734504215, 107, 121, 134, 39, 4, 0.14%, 23, 0, 13, 312.81
1734504266, 107, 121, 135, 40, 4, 0.14%, 23, 0, 14, 273.05
1734504372, 107, 121, 136, 41, 4, 0.14%, 23, 0, 14, 266.63
1734504382, 107, 125, 136, 40, 4, 0.14%, 23, 0, 14, 370.53
1734504403, 107, 125, 137, 41, 4, 0.14%, 23, 0, 14, 265.96
1734504438, 107, 125, 138, 42, 4, 0.14%, 23, 0, 14, 273.49
1734504489, 107, 125, 139, 43, 4, 0.14%, 23, 0, 14, 275.93
1734504544, 107, 127, 139, 42, 3, 0.14%, 23, 0, 14, 379.82
1734504560, 107, 127, 140, 43, 3, 0.14%, 23, 0, 14, 274.37
1734504707, 107, 132, 140, 42, 3, 0.14%, 23, 0, 14, 325.63
1734504819, 107, 134, 140, 41, 2, 0.14%, 23, 0, 14, 258.19
1734504824, 107, 134, 141, 42, 2, 0.14%, 24, 0, 15, 345.38
1734504864, 107, 134, 142, 43, 2, 0.14%, 24, 0, 15, 264.43
1734504880, 107, 134, 143, 44, 2, 0.14%, 24, 0, 15, 272.59
1734504981, 107, 139, 143, 43, 2, 0.14%, 24, 0, 15, 331.28
1734505021, 107, 139, 144, 44, 2, 0.14%, 24, 0, 15, 269.23
1734505032, 107, 139, 146, 46, 2, 0.14%, 24, 0, 15, 268.91
