# unix_time, cycles_done, cur_path, paths_total, pending_total, pending_favs, map_size, unique_crashes, unique_hangs, max_depth, execs_per_sec
1733767400, 0, 0, 10, 10, 1, 0.00%, 0, 0, 1, 152.96
1733767405, 0, 2, 10, 10, 1, 0.00%, 0, 0, 1, 183.62
1733767410, 0, 3, 10, 9, 0, 0.00%, 0, 0, 1, 172.08
1733767421, 0, 4, 10, 8, 0, 0.00%, 0, 0, 1, 189.04
1733767426, 0, 5, 10, 7, 0, 0.00%, 0, 0, 1, 178.67
1733767436, 0, 6, 10, 6, 0, 0.00%, 0, 0, 1, 189.11
1733767446, 0, 7, 10, 5, 0, 0.00%, 0, 0, 1, 186.38
1733767452, 0, 8, 10, 4, 0, 0.00%, 0, 0, 1, 172.57
1733767462, 0, 9, 10, 3, 0, 0.00%, 0, 0, 1, 190.07
1733767467, 1, 0, 10, 2, 0, 0.00%, 0, 0, 1, 182.64
1733767477, 1, 1, 10, 1, 0, 0.00%, 0, 0, 1, 182.72
1733767493, 1, 3, 10, 0, 0, 0.00%, 0, 0, 1, 187.88
1733767498, 1, 4, 10, 0, 0, 0.00%, 0, 0, 1, 184.21
1733767503, 1, 5, 10, 0, 0, 0.00%, 0, 0, 1, 185.72
1733767508, 1, 7, 10, 0, 0, 0.00%, 0, 0, 1, 186.08
1733767513, 1, 8, 10, 0, 0, 0.00%, 0, 0, 1, 183.95
1733767518, 1, 9, 10, 0, 0, 0.00%, 0, 0, 1, 185.62
1733767524, 2, 1, 10, 0, 0, 0.00%, 0, 0, 1, 189.66
1733767529, 2, 2, 10, 0, 0, 0.00%, 0, 0, 1, 183.11
1733767534, 2, 3, 10, 0, 0, 0.00%, 0, 0, 1, 181.73
1733767539, 2, 4, 10, 0, 0, 0.00%, 0, 0, 1, 184.73
1733767544, 2, 6, 10, 0, 0, 0.00%, 0, 0, 1, 186.76
1733767549, 2, 7, 10, 0, 0, 0.00%, 0, 0, 1, 189.20
1733767555, 2, 8, 10, 0, 0, 0.00%, 0, 0, 1, 185.40
1733767560, 3, 0, 10, 0, 0, 0.00%, 0, 0, 1, 185.55
1733767565, 3, 1, 10, 0, 0, 0.00%, 0, 0, 1, 184.33
1733767570, 3, 2, 10, 0, 0, 0.00%, 0, 0, 1, 183.33
1733767575, 3, 4, 10, 0, 0, 0.00%, 0, 0, 1, 185.95
1733767580, 3, 5, 10, 0, 0, 0.00%, 0, 0, 1, 182.18
1733767586, 3, 6, 10, 0, 0, 0.00%, 0, 0, 1, 183.97
1733767591, 3, 7, 10, 0, 0, 0.00%, 0, 0, 1, 182.72
1733767596, 3, 9, 10, 0, 0, 0.00%, 0, 0, 1, 188.54
1733767601, 4, 0, 10, 0, 0, 0.00%, 0, 0, 1, 184.71
1733767606, 4, 1, 10, 0, 0, 0.00%, 0, 0, 1, 178.98
1733767611, 4, 3, 10, 0, 0, 0.00%, 0, 0, 1, 181.86
1733767616, 4, 4, 10, 0, 0, 0.00%, 0, 0, 1, 183.79
1733767621, 4, 5, 10, 0, 0, 0.00%, 0, 0, 1, 189.64
1733767627, 4, 7, 10, 0, 0, 0.00%, 0, 0, 1, 188.87
1733767632, 4, 8, 10, 0, 0, 0.00%, 0, 0, 1, 185.43
1733767637, 4, 9, 10, 0, 0, 0.00%, 0, 0, 1, 181.93
1733767642, 5, 0, 10, 0, 0, 0.00%, 0, 0, 1, 185.01
1733767647, 5, 2, 10, 0, 0, 0.00%, 0, 0, 1, 189.12
1733767652, 5, 3, 10, 0, 0, 0.00%, 0, 0, 1, 183.70
1733767657, 5, 4, 10, 0, 0, 0.00%, 0, 0, 1, 186.14
1733767662, 5, 5, 10, 0, 0, 0.00%, 0, 0, 1, 187.02
1733767667, 5, 7, 10, 0, 0, 0.00%, 0, 0, 1, 191.95
1733767672, 5, 8, 10, 0, 0, 0.00%, 0, 0, 1, 184.75
1733767678, 5, 9, 10, 0, 0, 0.00%, 0, 0, 1, 182.26
1733767683, 6, 1, 10, 0, 0, 0.00%, 0, 0, 1, 182.76
1733767688, 6, 2, 10, 0, 0, 0.00%, 0, 0, 1, 181.23
1733767693, 6, 3, 10, 0, 0, 0.00%, 0, 0, 1, 184.12
1733767698, 6, 5, 10, 0, 0, 0.00%, 0, 0, 1, 186.36
1733767703, 6, 6, 10, 0, 0, 0.00%, 0, 0, 1, 191.20
1733767708, 6, 7, 10, 0, 0, 0.00%, 0, 0, 1, 188.81
1733767714, 6, 8, 10, 0, 0, 0.00%, 0, 0, 1, 186.84
1733767719, 7, 0, 10, 0, 0, 0.00%, 0, 0, 1, 188.12
1733767724, 7, 1, 10, 0, 0, 0.00%, 0, 0, 1, 185.25
1733767729, 7, 2, 10, 0, 0, 0.00%, 0, 0, 1, 181.11
1733767734, 7, 4, 10, 0, 0, 0.00%, 0, 0, 1, 182.61
1733767739, 7, 5, 10, 0, 0, 0.00%, 0, 0, 1, 187.22
1733767744, 7, 6, 10, 0, 0, 0.00%, 0, 0, 1, 187.40
1733767749, 7, 8, 10, 0, 0, 0.00%, 0, 0, 1, 186.77
1733767755, 7, 9, 10, 0, 0, 0.00%, 0, 0, 1, 184.98
1733767760, 8, 0, 10, 0, 0, 0.00%, 0, 0, 1, 186.46
1733767765, 8, 1, 10, 0, 0, 0.00%, 0, 0, 1, 191.90
1733767770, 8, 3, 10, 0, 0, 0.00%, 0, 0, 1, 181.10
1733767775, 8, 4, 10, 0, 0, 0.00%, 0, 0, 1, 181.90
1733767780, 8, 5, 10, 0, 0, 0.00%, 0, 0, 1, 182.46
1733767785, 8, 6, 10, 0, 0, 0.00%, 0, 0, 1, 181.21
1733767790, 8, 8, 10, 0, 0, 0.00%, 0, 0, 1, 184.14
1733767795, 8, 9, 10, 0, 0, 0.00%, 0, 0, 1, 188.32
1733767801, 9, 0, 10, 0, 0, 0.00%, 0, 0, 1, 185.67
1733767806, 9, 2, 10, 0, 0, 0.00%, 0, 0, 1, 185.04
1733767811, 9, 3, 10, 0, 0, 0.00%, 0, 0, 1, 179.96
1733767816, 9, 4, 10, 0, 0, 0.00%, 0, 0, 1, 182.71
1733767821, 9, 5, 10, 0, 0, 0.00%, 0, 0, 1, 183.61
1733767826, 9, 7, 10, 0, 0, 0.00%, 0, 0, 1, 183.26
1733767831, 9, 8, 10, 0, 0, 0.00%, 0, 0, 1, 186.46
1733767837, 9, 9, 10, 0, 0, 0.00%, 0, 0, 1, 185.36
1733767842, 10, 1, 10, 0, 0, 0.00%, 0, 0, 1, 183.68
1733767847, 10, 2, 10, 0, 0, 0.00%, 0, 0, 1, 183.25
1733767852, 10, 3, 10, 0, 0, 0.00%, 0, 0, 1, 181.37
1733767857, 10, 4, 10, 0, 0, 0.00%, 0, 0, 1, 186.16
1733767862, 10, 6, 10, 0, 0, 0.00%, 0, 0, 1, 183.69
1733767867, 10, 7, 10, 0, 0, 0.00%, 0, 0, 1, 180.84
1733767872, 10, 8, 10, 0, 0, 0.00%, 0, 0, 1, 181.09
1733767878, 11, 0, 10, 0, 0, 0.00%, 0, 0, 1, 187.55
1733767883, 11, 1, 10, 0, 0, 0.00%, 0, 0, 1, 182.91
1733767888, 11, 2, 10, 0, 0, 0.00%, 0, 0, 1, 185.86
1733767893, 11, 3, 10, 0, 0, 0.00%, 0, 0, 1, 184.11
1733767898, 11, 5, 10, 0, 0, 0.00%, 0, 0, 1, 188.41
1733767903, 11, 6, 10, 0, 0, 0.00%, 0, 0, 1, 182.10
1733767908, 11, 7, 10, 0, 0, 0.00%, 0, 0, 1, 180.95
1733767913, 11, 9, 10, 0, 0, 0.00%, 0, 0, 1, 187.43
1733767919, 12, 0, 10, 0, 0, 0.00%, 0, 0, 1, 185.46
1733767924, 12, 1, 10, 0, 0, 0.00%, 0, 0, 1, 186.25
1733767929, 12, 2, 10, 0, 0, 0.00%, 0, 0, 1, 183.86
1733767934, 12, 4, 10, 0, 0, 0.00%, 0, 0, 1, 187.15
1733767939, 12, 5, 10, 0, 0, 0.00%, 0, 0, 1, 185.97
1733767944, 12, 6, 10, 0, 0, 0.00%, 0, 0, 1, 187.49
1733767949, 12, 8, 10, 0, 0, 0.00%, 0, 0, 1, 185.52
1733767955, 12, 9, 10, 0, 0, 0.00%, 0, 0, 1, 184.78
1733767960, 13, 0, 10, 0, 0, 0.00%, 0, 0, 1, 187.83
1733767965, 13, 2, 10, 0, 0, 0.00%, 0, 0, 1, 186.25
1733767970, 13, 3, 10, 0, 0, 0.00%, 0, 0, 1, 181.48
1733767975, 13, 4, 10, 0, 0, 0.00%, 0, 0, 1, 188.49
1733767980, 13, 5, 10, 0, 0, 0.00%, 0, 0, 1, 185.30
1733767985, 13, 7, 10, 0, 0, 0.00%, 0, 0, 1, 184.11
1733767990, 13, 8, 10, 0, 0, 0.00%, 0, 0, 1, 186.22
1733767996, 13, 9, 10, 0, 0, 0.00%, 0, 0, 1, 187.34
1733768001, 14, 1, 10, 0, 0, 0.00%, 0, 0, 1, 186.71
1733768006, 14, 2, 10, 0, 0, 0.00%, 0, 0, 1, 186.01
1733768011, 14, 3, 10, 0, 0, 0.00%, 0, 0, 1, 186.61
1733768016, 14, 5, 10, 0, 0, 0.00%, 0, 0, 1, 188.61
1733768021, 14, 6, 10, 0, 0, 0.00%, 0, 0, 1, 190.52
1733768026, 14, 7, 10, 0, 0, 0.00%, 0, 0, 1, 188.69
1733768031, 14, 8, 10, 0, 0, 0.00%, 0, 0, 1, 190.90
1733768036, 15, 0, 10, 0, 0, 0.00%, 0, 0, 1, 188.74
1733768042, 15, 1, 10, 0, 0, 0.00%, 0, 0, 1, 193.10
1733768047, 15, 2, 10, 0, 0, 0.00%, 0, 0, 1, 190.92
1733768052, 15, 4, 10, 0, 0, 0.00%, 0, 0, 1, 194.55
1733768057, 15, 5, 10, 0, 0, 0.00%, 0, 0, 1, 192.33
1733768062, 15, 7, 10, 0, 0, 0.00%, 0, 0, 1, 193.34
1733768067, 15, 8, 10, 0, 0, 0.00%, 0, 0, 1, 194.70
1733768073, 15, 9, 10, 0, 0, 0.00%, 0, 0, 1, 191.60
1733768078, 16, 1, 10, 0, 0, 0.00%, 0, 0, 1, 184.01
1733768083, 16, 2, 10, 0, 0, 0.00%, 0, 0, 1, 188.60
1733768088, 16, 3, 10, 0, 0, 0.00%, 0, 0, 1, 188.45
1733768093, 16, 4, 10, 0, 0, 0.00%, 0, 0, 1, 190.97
1733768098, 16, 6, 10, 0, 0, 0.00%, 0, 0, 1, 191.24
1733768103, 16, 7, 10, 0, 0, 0.00%, 0, 0, 1, 193.47
1733768108, 16, 9, 10, 0, 0, 0.00%, 0, 0, 1, 189.15
1733768114, 17, 0, 10, 0, 0, 0.00%, 0, 0, 1, 189.55
1733768119, 17, 1, 10, 0, 0, 0.00%, 0, 0, 1, 190.54
1733768124, 17, 2, 10, 0, 0, 0.00%, 0, 0, 1, 188.42
1733768129, 17, 4, 10, 0, 0, 0.00%, 0, 0, 1, 190.68
1733768134, 17, 5, 10, 0, 0, 0.00%, 0, 0, 1, 190.79
1733768139, 17, 6, 10, 0, 0, 0.00%, 0, 0, 1, 195.11
1733768144, 17, 8, 10, 0, 0, 0.00%, 0, 0, 1, 193.46
1733768149, 17, 9, 10, 0, 0, 0.00%, 0, 0, 1, 195.09
1733768154, 18, 0, 10, 0, 0, 0.00%, 0, 0, 1, 186.63
1733768159, 18, 2, 10, 0, 0, 0.00%, 0, 0, 1, 191.00
1733768164, 18, 3, 10, 0, 0, 0.00%, 0, 0, 1, 190.38
1733768169, 18, 4, 10, 0, 0, 0.00%, 0, 0, 1, 193.32
1733768175, 18, 6, 10, 0, 0, 0.00%, 0, 0, 1, 195.58
1733768180, 18, 7, 10, 0, 0, 0.00%, 0, 0, 1, 190.06
1733768185, 18, 8, 10, 0, 0, 0.00%, 0, 0, 1, 193.30
1733768190, 19, 0, 10, 0, 0, 0.00%, 0, 0, 1, 191.79
1733768195, 19, 1, 10, 0, 0, 0.00%, 0, 0, 1, 191.23
1733768200, 19, 2, 10, 0, 0, 0.00%, 0, 0, 1, 191.45
1733768205, 19, 4, 10, 0, 0, 0.00%, 0, 0, 1, 191.90
1733768211, 19, 5, 10, 0, 0, 0.00%, 0, 0, 1, 190.17
1733768216, 19, 7, 10, 0, 0, 0.00%, 0, 0, 1, 192.67
1733768221, 19, 8, 10, 0, 0, 0.00%, 0, 0, 1, 194.49
1733768226, 19, 9, 10, 0, 0, 0.00%, 0, 0, 1, 191.59
1733768231, 20, 1, 10, 0, 0, 0.00%, 0, 0, 1, 193.09
1733768236, 20, 2, 10, 0, 0, 0.00%, 0, 0, 1, 188.00
1733768242, 20, 3, 10, 0, 0, 0.00%, 0, 0, 1, 190.02
1733768247, 20, 5, 10, 0, 0, 0.00%, 0, 0, 1, 196.78
1733768252, 20, 6, 10, 0, 0, 0.00%, 0, 0, 1, 195.94
1733768257, 20, 7, 10, 0, 0, 0.00%, 0, 0, 1, 193.78
1733768262, 20, 9, 10, 0, 0, 0.00%, 0, 0, 1, 193.20
1733768267, 21, 0, 10, 0, 0, 0.00%, 0, 0, 1, 187.57
1733768272, 21, 1, 10, 0, 0, 0.00%, 0, 0, 1, 190.06
1733768277, 21, 3, 10, 0, 0, 0.00%, 0, 0, 1, 193.18
1733768283, 21, 4, 10, 0, 0, 0.00%, 0, 0, 1, 190.73
1733768288, 21, 5, 10, 0, 0, 0.00%, 0, 0, 1, 188.66
1733768293, 21, 7, 10, 0, 0, 0.00%, 0, 0, 1, 185.97
1733768298, 21, 8, 10, 0, 0, 0.00%, 0, 0, 1, 193.30
1733768303, 21, 9, 10, 0, 0, 0.00%, 0, 0, 1, 194.59
1733768308, 22, 1, 10, 0, 0, 0.00%, 0, 0, 1, 191.81
1733768314, 22, 2, 10, 0, 0, 0.00%, 0, 0, 1, 194.61
1733768319, 22, 3, 10, 0, 0, 0.00%, 0, 0, 1, 195.49
1733768324, 22, 5, 10, 0, 0, 0.00%, 0, 0, 1, 192.01
1733768329, 22, 6, 10, 0, 0, 0.00%, 0, 0, 1, 194.49
1733768334, 22, 8, 10, 0, 0, 0.00%, 0, 0, 1, 194.72
1733768339, 22, 9, 10, 0, 0, 0.00%, 0, 0, 1, 194.37
1733768344, 23, 0, 10, 0, 0, 0.00%, 0, 0, 1, 191.11
1733768349, 23, 2, 10, 0, 0, 0.00%, 0, 0, 1, 194.43
1733768355, 23, 3, 10, 0, 0, 0.00%, 0, 0, 1, 194.22
1733768360, 23, 4, 10, 0, 0, 0.00%, 0, 0, 1, 193.61
1733768365, 23, 6, 10, 0, 0, 0.00%, 0, 0, 1, 194.34
1733768370, 23, 7, 10, 0, 0, 0.00%, 0, 0, 1, 197.47
1733768375, 23, 8, 10, 0, 0, 0.00%, 0, 0, 1, 192.15
1733768380, 24, 0, 10, 0, 0, 0.00%, 0, 0, 1, 194.99
1733768386, 24, 1, 10, 0, 0, 0.00%, 0, 0, 1, 190.10
1733768391, 24, 2, 10, 0, 0, 0.00%, 0, 0, 1, 192.72
1733768396, 24, 4, 10, 0, 0, 0.00%, 0, 0, 1, 194.47
1733768401, 24, 5, 10, 0, 0, 0.00%, 0, 0, 1, 197.08
1733768406, 24, 7, 10, 0, 0, 0.00%, 0, 0, 1, 193.28
1733768412, 24, 8, 10, 0, 0, 0.00%, 0, 0, 1, 192.08
1733768417, 24, 9, 10, 0, 0, 0.00%, 0, 0, 1, 190.97
1733768422, 25, 1, 10, 0, 0, 0.00%, 0, 0, 1, 194.59
1733768427, 25, 2, 10, 0, 0, 0.00%, 0, 0, 1, 192.54
1733768432, 25, 3, 10, 0, 0, 0.00%, 0, 0, 1, 192.05
1733768437, 25, 5, 10, 0, 0, 0.00%, 0, 0, 1, 189.37
1733768442, 25, 6, 10, 0, 0, 0.00%, 0, 0, 1, 191.87
1733768447, 25, 7, 10, 0, 0, 0.00%, 0, 0, 1, 191.08
1733768453, 25, 9, 10, 0, 0, 0.00%, 0, 0, 1, 192.47
1733768458, 26, 0, 10, 0, 0, 0.00%, 0, 0, 1, 195.91
1733768463, 26, 1, 10, 0, 0, 0.00%, 0, 0, 1, 192.40
1733768468, 26, 3, 10, 0, 0, 0.00%, 0, 0, 1, 193.01
1733768473, 26, 4, 10, 0, 0, 0.00%, 0, 0, 1, 195.04
1733768478, 26, 5, 10, 0, 0, 0.00%, 0, 0, 1, 195.40
1733768483, 26, 7, 10, 0, 0, 0.00%, 0, 0, 1, 189.41
1733768489, 26, 8, 10, 0, 0, 0.00%, 0, 0, 1, 188.15
1733768494, 26, 9, 10, 0, 0, 0.00%, 0, 0, 1, 187.15
1733768499, 27, 1, 10, 0, 0, 0.00%, 0, 0, 1, 192.78
1733768504, 27, 2, 10, 0, 0, 0.00%, 0, 0, 1, 194.00
1733768509, 27, 3, 10, 0, 0, 0.00%, 0, 0, 1, 190.13
1733768514, 27, 5, 10, 0, 0, 0.00%, 0, 0, 1, 191.76
1733768519, 27, 6, 10, 0, 0, 0.00%, 0, 0, 1, 196.16
1733768524, 27, 7, 10, 0, 0, 0.00%, 0, 0, 1, 192.72
1733768530, 27, 9, 10, 0, 0, 0.00%, 0, 0, 1, 189.78
1733768535, 28, 0, 10, 0, 0, 0.00%, 0, 0, 1, 190.77
1733768540, 28, 1, 10, 0, 0, 0.00%, 0, 0, 1, 194.35
1733768545, 28, 3, 10, 0, 0, 0.00%, 0, 0, 1, 193.20
1733768550, 28, 4, 10, 0, 0, 0.00%, 0, 0, 1, 193.27
1733768555, 28, 5, 10, 0, 0, 0.00%, 0, 0, 1, 190.66
1733768560, 28, 7, 10, 0, 0, 0.00%, 0, 0, 1, 189.79
1733768566, 28, 8, 10, 0, 0, 0.00%, 0, 0, 1, 194.52
1733768571, 29, 0, 10, 0, 0, 0.00%, 0, 0, 1, 194.85
1733768576, 29, 1, 10, 0, 0, 0.00%, 0, 0, 1, 195.93
1733768581, 29, 2, 10, 0, 0, 0.00%, 0, 0, 1, 194.97
1733768586, 29, 4, 10, 0, 0, 0.00%, 0, 0, 1, 192.03
1733768591, 29, 5, 10, 0, 0, 0.00%, 0, 0, 1, 188.07
1733768596, 29, 6, 10, 0, 0, 0.00%, 0, 0, 1, 189.97
1733768601, 29, 7, 10, 0, 0, 0.00%, 0, 0, 1, 188.25
1733768606, 29, 9, 10, 0, 0, 0.00%, 0, 0, 1, 189.19
1733768612, 30, 0, 10, 0, 0, 0.00%, 0, 0, 1, 188.84
1733768617, 30, 2, 10, 0, 0, 0.00%, 0, 0, 1, 197.48
1733768622, 30, 3, 10, 0, 0, 0.00%, 0, 0, 1, 194.37
1733768627, 30, 4, 10, 0, 0, 0.00%, 0, 0, 1, 193.48
1733768632, 30, 6, 10, 0, 0, 0.00%, 0, 0, 1, 189.82
1733768637, 30, 7, 10, 0, 0, 0.00%, 0, 0, 1, 191.79
1733768642, 30, 8, 11, 1, 0, 0.05%, 1, 0, 2, 187.16
1733768647, 30, 10, 15, 5, 1, 0.06%, 5, 0, 3, 223.25
1733768729, 30, 11, 16, 5, 4, 0.06%, 5, 0, 4, 222.20
1733768739, 30, 11, 17, 6, 4, 0.06%, 6, 0, 4, 207.68
1733768749, 30, 11, 18, 7, 4, 0.06%, 6, 0, 4, 210.64
1733768754, 30, 11, 19, 8, 4, 0.06%, 7, 0, 4, 207.07
1733768759, 30, 11, 20, 9, 4, 0.06%, 8, 0, 4, 208.41
1733768790, 30, 11, 21, 10, 4, 0.06%, 8, 0, 4, 208.84
1733768825, 30, 11, 22, 11, 4, 0.06%, 8, 0, 4, 211.83
1733768856, 30, 11, 23, 12, 4, 0.06%, 8, 0, 4, 208.07
1733768886, 30, 11, 26, 15, 4, 0.06%, 9, 0, 4, 269.38
1733768901, 30, 12, 26, 14, 6, 0.06%, 9, 0, 4, 221.60
1733768917, 30, 12, 27, 15, 6, 0.06%, 9, 0, 4, 208.78
1733768922, 30, 12, 28, 16, 6, 0.06%, 9, 0, 4, 209.01
1733768998, 30, 12, 29, 17, 6, 0.06%, 9, 0, 4, 208.82
1733769013, 30, 12, 30, 18, 6, 0.06%, 9, 0, 4, 207.95
1733769023, 30, 12, 32, 20, 6, 0.06%, 9, 0, 4, 243.36
1733769033, 30, 13, 32, 19, 5, 0.06%, 9, 0, 4, 236.29
1733769058, 30, 13, 33, 20, 5, 0.06%, 9, 0, 4, 206.51
1733769098, 30, 13, 35, 22, 5, 0.06%, 9, 0, 4, 260.54
1733769104, 30, 13, 37, 24, 5, 0.06%, 9, 0, 4, 240.84
1733769109, 30, 14, 37, 23, 4, 0.06%, 9, 0, 4, 230.07
1733769114, 30, 14, 38, 24, 4, 0.06%, 9, 0, 4, 213.05
1733769134, 30, 14, 39, 25, 4, 0.06%, 9, 0, 4, 203.15
1733769235, 30, 14, 42, 28, 4, 0.06%, 9, 0, 4, 271.45
1733769240, 30, 16, 42, 27, 3, 0.06%, 9, 0, 4, 240.23
1733769266, 30, 16, 43, 28, 3, 0.06%, 9, 0, 5, 208.38
1733769327, 30, 16, 44, 29, 3, 0.06%, 9, 0, 5, 272.79
1733769332, 30, 16, 45, 30, 3, 0.06%, 9, 0, 5, 239.79
1733769337, 30, 18, 45, 29, 2, 0.06%, 9, 0, 5, 236.18
1733769372, 30, 18, 46, 30, 2, 0.06%, 9, 0, 5, 210.42
1733769398, 30, 18, 47, 31, 2, 0.06%, 9, 0, 5, 207.32
1733769428, 30, 18, 48, 32, 2, 0.06%, 9, 0, 5, 200.97
1733769444, 30, 18, 49, 33, 2, 0.06%, 9, 0, 5, 208.69
1733769504, 30, 18, 50, 34, 2, 0.06%, 9, 0, 5, 238.43
1733769509, 30, 43, 51, 34, 1, 0.06%, 9, 0, 6, 306.73
1733769555, 30, 43, 54, 37, 1, 0.06%, 9, 0, 6, 281.04
1733769560, 30, 43, 55, 38, 1, 0.06%, 9, 0, 6, 296.24
1733769565, 30, 45, 55, 37, 0, 0.06%, 9, 0, 6, 257.93
1733769575, 30, 45, 56, 38, 0, 0.06%, 9, 0, 6, 239.87
1733769656, 30, 49, 56, 37, 0, 0.06%, 9, 0, 6, 301.00
1733769707, 30, 50, 56, 36, 0, 0.06%, 9, 0, 6, 235.13
1733769717, 30, 50, 57, 37, 0, 0.06%, 9, 0, 7, 245.28
1733769722, 30, 50, 58, 38, 0, 0.06%, 9, 0, 7, 236.78
1733769728, 30, 50, 59, 39, 0, 0.06%, 9, 0, 7, 224.68
1733769804, 30, 50, 60, 40, 0, 0.06%, 9, 0, 7, 233.02
1733769855, 30, 50, 61, 41, 0, 0.06%, 9, 0, 7, 260.14
1733769870, 30, 55, 61, 40, 0, 0.06%, 9, 0, 7, 338.68
1733769886, 30, 55, 62, 41, 0, 0.06%, 9, 0, 7, 235.11
1733769957, 31, 11, 62, 40, 0, 0.06%, 9, 0, 7, 250.62
1733769967, 31, 11, 63, 41, 0, 0.06%, 9, 0, 7, 236.03
1733769972, 31, 12, 63, 41, 0, 0.06%, 9, 0, 7, 230.58
1733769982, 31, 13, 63, 41, 0, 0.06%, 9, 0, 7, 216.92
1733769992, 31, 13, 64, 42, 0, 0.06%, 9, 0, 7, 232.74
1733769998, 31, 14, 64, 42, 0, 0.06%, 9, 0, 7, 224.10
1733770008, 31, 16, 64, 42, 0, 0.06%, 9, 0, 7, 240.34
1733770033, 31, 18, 64, 42, 0, 0.06%, 9, 0, 7, 234.39
1733770058, 31, 29, 64, 42, 0, 0.06%, 9, 0, 7, 263.21
1733770109, 31, 29, 65, 43, 0, 0.06%, 9, 0, 7, 250.14
1733770114, 31, 31, 65, 42, 0, 0.06%, 9, 0, 7, 232.57
1733770226, 31, 35, 65, 41, 0, 0.06%, 9, 0, 7, 246.46
1733770409, 31, 38, 65, 40, 0, 0.06%, 9, 0, 7, 316.60
1733770469, 31, 43, 65, 39, 0, 0.06%, 9, 0, 7, 230.24
1733770495, 31, 46, 65, 39, 0, 0.06%, 9, 0, 7, 271.69
1733770540, 31, 46, 66, 40, 0, 0.06%, 9, 0, 7, 231.00
1733770551, 31, 47, 66, 39, 0, 0.06%, 9, 0, 7, 363.52
1733770607, 31, 47, 67, 40, 0, 0.06%, 9, 0, 7, 424.40
1733770993, 31, 51, 67, 39, 0, 0.06%, 9, 0, 7, 274.81
1733771120, 31, 61, 67, 38, 0, 0.06%, 9, 0, 7, 378.25
1733771197, 31, 63, 67, 37, 0, 0.06%, 9, 0, 7, 341.62
1733771308, 32, 11, 67, 36, 0, 0.06%, 9, 0, 7, 241.52
1733771318, 32, 12, 67, 36, 0, 0.06%, 9, 0, 7, 226.92
1733771333, 32, 13, 67, 36, 0, 0.06%, 9, 0, 7, 227.73
1733771344, 32, 14, 67, 36, 0, 0.06%, 9, 0, 7, 224.58
1733771354, 32, 16, 67, 36, 0, 0.06%, 9, 0, 7, 234.45
1733771384, 32, 18, 67, 36, 0, 0.06%, 9, 0, 7, 217.23
1733771404, 32, 26, 67, 36, 0, 0.06%, 9, 0, 7, 352.96
1733771460, 32, 28, 67, 35, 0, 0.06%, 9, 0, 7, 287.76
1733771836, 32, 28, 68, 36, 0, 0.06%, 9, 0, 7, 355.19
1733771887, 32, 36, 68, 35, 0, 0.06%, 9, 0, 7, 292.58
1733771993, 32, 43, 68, 34, 0, 0.06%, 9, 0, 7, 239.44
1733772014, 32, 52, 68, 34, 0, 0.06%, 9, 0, 7, 316.79
1733772074, 32, 53, 68, 33, 0, 0.06%, 9, 0, 7, 224.32
1733772515, 32, 60, 68, 32, 0, 0.06%, 9, 0, 7, 287.17
1733772576, 33, 11, 68, 31, 0, 0.06%, 9, 0, 7, 236.97
1733772587, 33, 12, 68, 31, 0, 0.06%, 9, 0, 7, 225.73
1733772597, 33, 13, 68, 31, 0, 0.06%, 9, 0, 7, 238.94
1733772607, 33, 13, 69, 32, 0, 0.06%, 9, 0, 7, 245.52
1733772612, 33, 14, 69, 32, 0, 0.06%, 9, 0, 7, 221.10
1733772622, 33, 15, 69, 32, 0, 0.06%, 9, 0, 7, 265.00
1733772927, 33, 16, 69, 31, 0, 0.06%, 9, 0, 7, 240.04
1733772952, 33, 17, 69, 31, 0, 0.06%, 9, 0, 7, 272.33
1733773003, 33, 18, 69, 30, 0, 0.06%, 9, 0, 7, 243.56
1733773028, 33, 24, 69, 30, 0, 0.06%, 9, 0, 7, 274.08
1733773079, 33, 25, 69, 29, 0, 0.06%, 9, 0, 7, 247.55
1733773150, 33, 27, 69, 28, 0, 0.06%, 9, 0, 7, 298.72
1733773180, 33, 27, 70, 29, 0, 0.06%, 9, 0, 7, 438.51
1733773312, 33, 34, 70, 28, 0, 0.06%, 9, 0, 7, 309.91
1733773444, 33, 34, 71, 29, 0, 0.06%, 9, 0, 7, 273.46
1733773515, 33, 41, 71, 28, 0, 0.06%, 9, 0, 7, 323.86
1733773637, 33, 41, 72, 29, 0, 0.06%, 9, 0, 7, 335.56
1733773693, 33, 42, 72, 28, 0, 0.06%, 9, 0, 7, 342.04
1733773749, 33, 43, 72, 27, 0, 0.06%, 9, 0, 7, 239.69
1733773769, 33, 44, 72, 27, 0, 0.06%, 9, 0, 7, 277.22
1733773825, 33, 48, 72, 26, 0, 0.06%, 9, 0, 7, 357.25
1733773886, 33, 58, 72, 25, 0, 0.06%, 9, 0, 7, 310.22
1733773941, 33, 59, 72, 24, 0, 0.06%, 9, 0, 7, 414.49
1733773962, 33, 59, 73, 25, 0, 0.06%, 9, 0, 8, 281.64
1733774022, 33, 66, 73, 24, 0, 0.06%, 9, 0, 8, 239.29
1733774154, 34, 11, 73, 23, 0, 0.06%, 9, 0, 8, 244.49
1733774164, 34, 12, 74, 24, 0, 0.06%, 9, 0, 8, 256.58
1733774175, 34, 13, 74, 24, 0, 0.06%, 9, 0, 8, 250.86
1733774190, 34, 14, 74, 24, 0, 0.06%, 9, 0, 8, 235.17
1733774200, 34, 16, 74, 24, 0, 0.06%, 9, 0, 8, 242.32
1733774225, 34, 18, 74, 24, 0, 0.06%, 9, 0, 8, 234.59
1733774246, 34, 19, 74, 24, 0, 0.06%, 9, 0, 8, 283.57
1733774297, 34, 30, 74, 23, 0, 0.06%, 9, 0, 8, 286.58
1733774536, 34, 33, 74, 22, 0, 0.06%, 9, 0, 8, 246.09
1733774654, 34, 37, 74, 21, 0, 0.06%, 9, 0, 8, 334.30
1733774704, 34, 42, 74, 20, 0, 0.06%, 9, 0, 8, 275.48
1733774729, 34, 43, 74, 20, 0, 0.06%, 9, 0, 8, 250.83
1733774750, 34, 54, 74, 20, 0, 0.06%, 9, 0, 8, 295.12
1733774811, 34, 54, 75, 21, 0, 0.06%, 9, 0, 8, 293.54
1733774867, 34, 57, 75, 20, 0, 0.06%, 9, 0, 8, 359.90
1733774928, 34, 63, 75, 19, 0, 0.06%, 9, 0, 8, 276.94
1733774948, 34, 67, 75, 19, 0, 0.06%, 9, 0, 8, 232.49
1733775160, 34, 69, 75, 18, 0, 0.06%, 9, 0, 8, 307.69
1733775287, 34, 74, 75, 17, 0, 0.06%, 9, 0, 8, 331.71
1733775409, 35, 11, 75, 16, 0, 0.06%, 9, 0, 8, 240.04
1733775419, 35, 12, 75, 16, 0, 0.06%, 9, 0, 8, 253.53
1733775434, 35, 13, 75, 16, 0, 0.06%, 9, 0, 8, 237.24
1733775445, 35, 14, 75, 16, 0, 0.06%, 9, 0, 8, 241.44
1733775455, 35, 16, 75, 16, 0, 0.06%, 9, 0, 8, 251.84
1733775481, 35, 18, 75, 16, 0, 0.06%, 9, 0, 8, 231.04
1733775501, 35, 19, 75, 16, 0, 0.06%, 9, 0, 8, 247.46
1733775526, 35, 22, 75, 16, 0, 0.06%, 9, 0, 8, 398.28
1733775602, 35, 25, 75, 15, 0, 0.06%, 9, 0, 8, 288.91
1733775622, 35, 32, 75, 15, 0, 0.06%, 9, 0, 8, 207.27
1733776187, 35, 43, 75, 14, 0, 0.06%, 9, 0, 8, 268.69
1733776213, 35, 53, 76, 15, 0, 0.06%, 9, 0, 8, 303.07
1733776233, 35, 64, 76, 15, 0, 0.06%, 9, 0, 8, 312.20
1733776471, 35, 75, 76, 14, 0, 0.06%, 9, 0, 8, 236.11
1733776578, 36, 11, 76, 13, 0, 0.06%, 9, 0, 8, 232.63
1733776588, 36, 12, 76, 13, 0, 0.06%, 9, 0, 8, 240.99
1733776599, 36, 13, 76, 13, 0, 0.06%, 9, 0, 8, 254.40
1733776609, 36, 14, 76, 13, 0, 0.06%, 9, 0, 8, 261.13
1733776624, 36, 16, 76, 13, 0, 0.06%, 9, 0, 8, 233.97
1733776650, 36, 18, 76, 13, 0, 0.06%, 9, 0, 8, 235.58
1733776670, 36, 20, 76, 13, 0, 0.06%, 9, 0, 8, 337.38
1733776721, 36, 39, 76, 12, 0, 0.06%, 9, 0, 8, 301.14
1733776883, 36, 43, 76, 11, 0, 0.06%, 9, 0, 8, 260.57
1733776904, 36, 51, 76, 11, 0, 0.06%, 9, 0, 8, 275.75
1733776929, 36, 68, 76, 11, 0, 0.06%, 9, 0, 8, 309.94
1733777300, 36, 73, 76, 10, 0, 0.06%, 9, 0, 8, 327.81
1733777423, 37, 11, 76, 9, 0, 0.06%, 9, 0, 8, 264.30
1733777428, 37, 12, 76, 9, 0, 0.06%, 9, 0, 8, 235.35
1733777433, 37, 13, 76, 9, 0, 0.06%, 9, 0, 8, 249.52
1733777438, 37, 14, 76, 9, 0, 0.06%, 9, 0, 8, 251.02
1733777448, 37, 16, 76, 9, 0, 0.06%, 9, 0, 8, 235.03
1733777458, 37, 17, 76, 9, 0, 0.06%, 9, 0, 8, 236.90
1733777479, 37, 18, 76, 9, 0, 0.06%, 9, 0, 8, 246.61
1733777489, 37, 21, 76, 9, 0, 0.06%, 9, 0, 8, 360.44
1733777600, 37, 28, 76, 8, 0, 0.06%, 9, 0, 8, 305.48
1733777621, 37, 43, 76, 8, 0, 0.06%, 9, 0, 8, 291.69
1733777636, 38, 11, 76, 8, 0, 0.06%, 9, 0, 8, 269.54
1733777641, 38, 12, 76, 8, 0, 0.06%, 9, 0, 8, 260.15
1733777646, 38, 13, 76, 8, 0, 0.06%, 9, 0, 8, 247.61
1733777652, 38, 14, 76, 8, 0, 0.06%, 9, 0, 8, 248.85
1733777657, 38, 16, 76, 8, 0, 0.06%, 9, 0, 8, 235.89
1733777667, 38, 18, 76, 8, 0, 0.06%, 9, 0, 8, 247.06
1733777677, 38, 43, 76, 8, 0, 0.06%, 9, 0, 8, 263.64
1733777687, 38, 56, 76, 8, 0, 0.06%, 9, 0, 8, 280.22
1733777738, 38, 62, 76, 7, 0, 0.06%, 9, 0, 8, 295.74
1733777799, 38, 72, 76, 6, 0, 0.06%, 9, 0, 8, 311.16
1733777921, 39, 10, 76, 5, 0, 0.06%, 9, 0, 8, 264.58
1733777931, 39, 11, 76, 5, 0, 0.06%, 9, 0, 8, 283.78
1733777936, 39, 13, 76, 5, 0, 0.06%, 9, 0, 8, 253.43
1733777941, 39, 16, 76, 5, 0, 0.06%, 9, 0, 8, 239.23
1733777947, 39, 18, 76, 5, 0, 0.06%, 9, 0, 8, 250.38
1733777952, 39, 43, 76, 5, 0, 0.06%, 9, 0, 8, 254.13
1733777957, 39, 51, 76, 5, 0, 0.06%, 9, 0, 8, 284.19
1733777977, 40, 7, 76, 5, 0, 0.06%, 9, 0, 8, 279.50
1733777982, 40, 12, 76, 5, 0, 0.06%, 9, 0, 8, 264.71
1733777987, 40, 14, 76, 5, 0, 0.06%, 9, 0, 8, 247.39
1733777992, 40, 16, 76, 5, 0, 0.06%, 9, 0, 8, 249.73
1733777997, 40, 18, 76, 5, 0, 0.06%, 9, 0, 8, 240.65
1733778002, 40, 35, 76, 5, 0, 0.06%, 9, 0, 8, 284.86
1733778023, 40, 43, 76, 5, 0, 0.06%, 9, 0, 8, 253.46
1733778033, 40, 65, 76, 5, 0, 0.06%, 9, 0, 8, 186.10
1733779146, 40, 71, 76, 4, 0, 0.06%, 9, 0, 8, 375.17
1733779248, 40, 72, 76, 3, 0, 0.06%, 9, 0, 8, 253.66
1733779283, 41, 12, 76, 3, 0, 0.06%, 9, 0, 8, 236.13
1733779288, 41, 14, 76, 3, 0, 0.06%, 9, 0, 8, 252.10
1733779293, 41, 16, 77, 4, 0, 0.06%, 9, 0, 8, 256.12
1733779298, 41, 18, 77, 4, 0, 0.06%, 9, 0, 8, 248.58
1733779303, 41, 38, 77, 4, 0, 0.06%, 9, 0, 8, 266.68
1733779324, 41, 43, 77, 4, 0, 0.06%, 9, 0, 8, 252.26
1733779329, 41, 56, 77, 4, 0, 0.06%, 9, 0, 8, 265.26
1733779349, 41, 62, 77, 4, 0, 0.06%, 9, 0, 8, 269.97
1733779374, 41, 71, 77, 4, 0, 0.06%, 9, 0, 8, 268.27
1733779395, 42, 11, 77, 4, 0, 0.06%, 9, 0, 8, 271.50
1733779400, 42, 13, 77, 4, 0, 0.06%, 9, 0, 8, 262.12
1733779405, 42, 14, 77, 4, 0, 0.06%, 9, 0, 8, 261.74
1733779410, 42, 16, 77, 4, 0, 0.06%, 9, 0, 8, 250.40
1733779415, 42, 18, 77, 4, 0, 0.06%, 9, 0, 8, 242.24
1733779420, 42, 23, 77, 4, 0, 0.06%, 9, 0, 8, 363.32
1733779617, 42, 43, 77, 3, 0, 0.06%, 9, 0, 8, 271.76
1733779622, 42, 52, 77, 3, 0, 0.06%, 9, 0, 8, 282.43
1733779643, 42, 71, 77, 3, 0, 0.06%, 9, 0, 8, 299.99
1733779663, 42, 73, 77, 3, 0, 0.06%, 9, 0, 8, 292.27
1733779688, 43, 10, 77, 3, 0, 0.06%, 9, 0, 8, 245.46
1733779698, 43, 12, 77, 3, 0, 0.06%, 9, 0, 8, 261.48
1733779704, 43, 14, 77, 3, 0, 0.06%, 9, 0, 8, 255.69
1733779709, 43, 16, 77, 3, 0, 0.06%, 9, 0, 8, 274.36
1733779714, 43, 18, 77, 3, 0, 0.06%, 9, 0, 8, 274.28
1733779719, 43, 40, 77, 3, 0, 0.06%, 9, 0, 8, 393.20
1733779770, 43, 43, 77, 2, 0, 0.06%, 9, 0, 8, 290.32
1733779775, 43, 64, 77, 2, 0, 0.06%, 9, 0, 8, 299.22
1733779795, 44, 12, 77, 2, 0, 0.06%, 9, 0, 8, 258.75
1733779800, 44, 14, 77, 2, 0, 0.06%, 9, 0, 8, 264.73
1733779805, 44, 16, 77, 2, 0, 0.06%, 9, 0, 8, 245.17
1733779810, 44, 18, 77, 2, 0, 0.06%, 9, 0, 8, 257.16
1733779815, 44, 43, 77, 2, 0, 0.06%, 9, 0, 8, 258.70
1733779820, 44, 56, 77, 2, 0, 0.06%, 9, 0, 8, 264.49
1733779846, 44, 73, 77, 2, 0, 0.06%, 9, 0, 8, 295.16
1733779866, 45, 12, 77, 2, 0, 0.06%, 9, 0, 8, 272.52
1733779871, 45, 14, 77, 2, 0, 0.06%, 9, 0, 8, 271.67
1733779876, 45, 16, 77, 2, 0, 0.06%, 9, 0, 8, 267.95
1733779881, 45, 18, 77, 2, 0, 0.06%, 9, 0, 8, 277.05
1733779886, 45, 27, 77, 2, 0, 0.06%, 9, 0, 8, 295.51
1733779906, 45, 43, 77, 2, 0, 0.06%, 9, 0, 8, 270.59
1733779911, 45, 52, 77, 2, 0, 0.06%, 9, 0, 8, 273.61
1733779931, 45, 64, 77, 2, 0, 0.06%, 9, 0, 8, 262.05
1733779957, 46, 13, 77, 2, 0, 0.06%, 9, 0, 8, 264.15
1733779962, 46, 14, 77, 2, 0, 0.06%, 9, 0, 8, 249.24
1733779967, 46, 16, 77, 2, 0, 0.06%, 9, 0, 8, 252.70
1733779972, 46, 18, 77, 2, 0, 0.06%, 9, 0, 8, 259.04
1733779977, 46, 43, 77, 2, 0, 0.06%, 9, 0, 8, 275.70
1733779982, 46, 53, 77, 2, 0, 0.06%, 9, 0, 8, 317.46
1733780003, 46, 70, 77, 2, 0, 0.06%, 9, 0, 8, 365.55
1733780318, 46, 76, 77, 1, 0, 0.06%, 9, 0, 8, 371.76
1733780578, 47, 11, 77, 0, 0, 0.06%, 9, 0, 8, 254.17
1733780583, 47, 13, 77, 0, 0, 0.06%, 9, 0, 8, 241.44
1733780588, 47, 16, 77, 0, 0, 0.06%, 9, 0, 8, 251.52
1733780598, 47, 18, 77, 0, 0, 0.06%, 9, 0, 8, 271.00
1733780603, 47, 21, 77, 0, 0, 0.06%, 9, 0, 8, 318.96
1733780623, 47, 33, 77, 0, 0, 0.06%, 9, 0, 8, 276.08
1733780643, 47, 43, 77, 0, 0, 0.06%, 9, 0, 8, 266.80
1733780648, 47, 48, 77, 0, 0, 0.06%, 9, 0, 8, 273.29
1733780669, 47, 61, 77, 0, 0, 0.06%, 9, 0, 8, 290.66
1733780689, 48, 11, 77, 0, 0, 0.06%, 9, 0, 8, 255.54
1733780694, 48, 13, 77, 0, 0, 0.06%, 9, 0, 8, 259.16
1733780699, 48, 16, 77, 0, 0, 0.06%, 9, 0, 8, 265.70
1733780709, 48, 18, 77, 0, 0, 0.06%, 9, 0, 8, 265.58
1733780715, 48, 38, 77, 0, 0, 0.06%, 9, 0, 8, 265.12
1733780735, 48, 43, 77, 0, 0, 0.06%, 9, 0, 8, 266.59
1733780740, 49, 11, 77, 0, 0, 0.06%, 9, 0, 8, 261.64
1733780745, 49, 13, 77, 0, 0, 0.06%, 9, 0, 8, 254.89
1733780750, 49, 16, 77, 0, 0, 0.06%, 9, 0, 8, 244.42
1733780755, 49, 18, 77, 0, 0, 0.06%, 9, 0, 8, 252.44
1733780760, 49, 21, 77, 0, 0, 0.06%, 9, 0, 8, 287.30
1733780780, 49, 23, 77, 0, 0, 0.06%, 9, 0, 8, 308.65
1733780801, 49, 25, 77, 0, 0, 0.06%, 9, 0, 8, 301.69
1733780821, 49, 43, 77, 0, 0, 0.06%, 9, 0, 8, 270.62
1733780826, 49, 60, 77, 0, 0, 0.06%, 9, 0, 8, 267.05
1733780846, 49, 71, 77, 0, 0, 0.06%, 9, 0, 8, 263.39
1733780867, 50, 1, 77, 0, 0, 0.06%, 9, 0, 8, 267.09
1733780872, 50, 12, 77, 0, 0, 0.06%, 9, 0, 8, 257.12
1733780877, 50, 14, 77, 0, 0, 0.06%, 9, 0, 8, 244.39
1733780882, 50, 16, 77, 0, 0, 0.06%, 9, 0, 8, 255.53
1733780887, 50, 18, 77, 0, 0, 0.06%, 9, 0, 8, 255.79
1733780892, 50, 30, 77, 0, 0, 0.06%, 9, 0, 8, 291.64
1733780912, 50, 43, 77, 0, 0, 0.06%, 9, 0, 8, 264.42
1733780917, 51, 11, 77, 0, 0, 0.06%, 9, 0, 8, 259.52
1733780922, 51, 13, 77, 0, 0, 0.06%, 9, 0, 8, 246.62
1733780927, 51, 16, 77, 0, 0, 0.06%, 9, 0, 8, 257.89
1733780933, 51, 18, 77, 0, 0, 0.06%, 9, 0, 8, 261.32
1733780943, 51, 36, 77, 0, 0, 0.06%, 9, 0, 8, 283.28
1733780963, 51, 43, 77, 0, 0, 0.06%, 9, 0, 8, 263.42
1733780968, 51, 70, 77, 0, 0, 0.06%, 9, 0, 8, 327.57
1733780988, 52, 11, 77, 0, 0, 0.06%, 9, 0, 8, 256.09
1733780993, 52, 13, 77, 0, 0, 0.06%, 9, 0, 8, 260.59
1733780998, 52, 16, 77, 0, 0, 0.06%, 9, 0, 8, 247.92
1733781003, 52, 18, 77, 0, 0, 0.06%, 9, 0, 8, 248.59
1733781009, 52, 25, 77, 0, 0, 0.06%, 9, 0, 8, 263.04
1733781029, 52, 31, 77, 0, 0, 0.06%, 9, 0, 8, 293.45
1733781054, 52, 36, 77, 0, 0, 0.06%, 9, 0, 8, 302.15
1733781069, 52, 43, 77, 0, 0, 0.06%, 9, 0, 8, 251.78
1733781080, 52, 46, 77, 0, 0, 0.06%, 9, 0, 8, 254.98
1733781100, 52, 54, 77, 0, 0, 0.06%, 9, 0, 8, 305.51
1733781120, 52, 59, 77, 0, 0, 0.06%, 9, 0, 8, 287.45
1733781141, 52, 60, 77, 0, 0, 0.06%, 9, 0, 8, 284.39
1733781161, 53, 12, 77, 0, 0, 0.06%, 9, 0, 8, 259.78
1733781166, 53, 14, 77, 0, 0, 0.06%, 9, 0, 8, 257.24
1733781171, 53, 16, 77, 0, 0, 0.06%, 9, 0, 8, 253.52
1733781176, 53, 18, 77, 0, 0, 0.06%, 9, 0, 8, 248.90
1733781181, 53, 39, 77, 0, 0, 0.06%, 9, 0, 8, 291.58
1733781201, 53, 43, 77, 0, 0, 0.06%, 9, 0, 8, 264.70
1733781206, 53, 51, 77, 0, 0, 0.06%, 9, 0, 8, 278.63
1733781227, 54, 11, 77, 0, 0, 0.06%, 9, 0, 8, 236.77
1733781232, 54, 13, 77, 0, 0, 0.06%, 9, 0, 8, 257.57
1733781237, 54, 16, 77, 0, 0, 0.06%, 9, 0, 8, 257.12
1733781242, 54, 18, 77, 0, 0, 0.06%, 9, 0, 8, 273.84
1733781247, 54, 43, 77, 0, 0, 0.06%, 9, 0, 8, 272.98
1733781257, 54, 71, 77, 0, 0, 0.06%, 9, 0, 8, 304.24
1733781272, 54, 76, 77, 0, 0, 0.06%, 9, 0, 8, 287.43
1733781292, 55, 1, 77, 0, 0, 0.06%, 9, 0, 8, 263.76
1733781297, 55, 12, 77, 0, 0, 0.06%, 9, 0, 8, 243.53
1733781303, 55, 14, 77, 0, 0, 0.06%, 9, 0, 8, 254.26
1733781308, 55, 16, 77, 0, 0, 0.06%, 9, 0, 8, 252.75
1733781313, 55, 18, 77, 0, 0, 0.06%, 9, 0, 8, 248.41
1733781318, 55, 23, 77, 0, 0, 0.06%, 9, 0, 8, 317.47
1733781338, 55, 38, 77, 0, 0, 0.06%, 9, 0, 8, 269.74
1733781358, 55, 43, 77, 0, 0, 0.06%, 9, 0, 8, 280.79
1733781363, 55, 48, 77, 0, 0, 0.06%, 9, 0, 8, 282.43
1733781384, 55, 49, 77, 0, 0, 0.06%, 9, 0, 8, 265.82
1733781404, 55, 64, 77, 0, 0, 0.06%, 9, 0, 8, 271.93
1733781424, 56, 3, 77, 0, 0, 0.06%, 9, 0, 8, 267.23
1733781429, 56, 12, 77, 0, 0, 0.06%, 9, 0, 8, 249.66
1733781434, 56, 14, 77, 0, 0, 0.06%, 9, 0, 8, 244.82
1733781440, 56, 16, 77, 0, 0, 0.06%, 9, 0, 8, 253.84
1733781445, 56, 18, 77, 0, 0, 0.06%, 9, 0, 8, 241.45
1733781450, 56, 43, 77, 0, 0, 0.06%, 9, 0, 8, 253.39
1733781455, 56, 70, 77, 0, 0, 0.06%, 9, 0, 8, 305.95
1733781475, 57, 11, 77, 0, 0, 0.06%, 9, 0, 8, 267.79
1733781481, 57, 13, 77, 0, 0, 0.06%, 9, 0, 8, 266.18
1733781486, 57, 16, 77, 0, 0, 0.06%, 9, 0, 8, 247.78
1733781491, 57, 18, 77, 0, 0, 0.06%, 9, 0, 8, 260.27
1733781496, 57, 19, 77, 0, 0, 0.06%, 9, 0, 8, 263.21
1733781516, 57, 36, 77, 0, 0, 0.06%, 9, 0, 8, 293.12
1733781537, 57, 41, 77, 0, 0, 0.06%, 9, 0, 8, 303.09
1733781557, 57, 43, 77, 0, 0, 0.06%, 9, 0, 8, 273.28
1733781562, 57, 46, 77, 0, 0, 0.06%, 9, 0, 8, 271.32
1733781582, 57, 59, 77, 0, 0, 0.06%, 9, 0, 8, 273.96
1733781603, 57, 62, 77, 0, 0, 0.06%, 9, 0, 8, 282.33
1733781629, 57, 76, 77, 0, 0, 0.06%, 9, 0, 8, 339.49
1733781649, 58, 12, 77, 0, 0, 0.06%, 9, 0, 8, 263.77
1733781654, 58, 14, 77, 0, 0, 0.06%, 9, 0, 8, 241.92
1733781659, 58, 16, 77, 0, 0, 0.06%, 9, 0, 8, 255.15
1733781664, 58, 18, 77, 0, 0, 0.06%, 9, 0, 8, 259.56
1733781669, 58, 43, 77, 0, 0, 0.06%, 9, 0, 8, 285.01
1733781674, 58, 73, 77, 0, 0, 0.06%, 9, 0, 8, 288.97
1733781695, 59, 11, 77, 0, 0, 0.06%, 9, 0, 8, 259.53
1733781700, 59, 13, 77, 0, 0, 0.06%, 9, 0, 8, 261.79
1733781705, 59, 16, 77, 0, 0, 0.06%, 9, 0, 8, 247.57
1733781710, 59, 18, 77, 0, 0, 0.06%, 9, 0, 8, 255.96
1733781715, 59, 22, 77, 0, 0, 0.06%, 9, 0, 8, 263.00
1733781735, 59, 34, 77, 0, 0, 0.06%, 9, 0, 8, 282.78
1733781755, 59, 41, 77, 0, 0, 0.06%, 9, 0, 8, 265.84
1733781776, 59, 43, 77, 0, 0, 0.06%, 9, 0, 8, 280.54
1733781781, 59, 47, 77, 0, 0, 0.06%, 9, 0, 8, 279.92
1733781801, 59, 53, 77, 0, 0, 0.06%, 9, 0, 8, 263.53
1733781821, 60, 12, 77, 0, 0, 0.06%, 9, 0, 8, 273.00
1733781827, 60, 14, 77, 0, 0, 0.06%, 9, 0, 8, 258.23
1733781832, 60, 15, 77, 0, 0, 0.06%, 9, 0, 8, 296.88
1733781847, 60, 16, 77, 0, 0, 0.06%, 9, 0, 8, 272.50
1733781852, 60, 18, 77, 0, 0, 0.06%, 9, 0, 8, 267.33
1733781857, 60, 20, 77, 0, 0, 0.06%, 9, 0, 8, 262.27
1733781883, 60, 36, 77, 0, 0, 0.06%, 9, 0, 8, 283.35
1733781898, 60, 43, 77, 0, 0, 0.06%, 9, 0, 8, 262.72
1733781908, 60, 47, 77, 0, 0, 0.06%, 9, 0, 8, 312.48
1733781928, 60, 57, 77, 0, 0, 0.06%, 9, 0, 8, 270.49
1733781948, 60, 63, 77, 0, 0, 0.06%, 9, 0, 8, 286.19
1733781968, 60, 68, 77, 0, 0, 0.06%, 9, 0, 8, 330.03
1733781989, 61, 12, 77, 0, 0, 0.06%, 9, 0, 8, 258.46
1733781994, 61, 14, 77, 0, 0, 0.06%, 9, 0, 8, 252.33
1733781999, 61, 16, 77, 0, 0, 0.06%, 9, 0, 8, 241.40
1733782004, 61, 18, 77, 0, 0, 0.06%, 9, 0, 8, 256.87
1733782009, 61, 37, 77, 0, 0, 0.06%, 9, 0, 8, 254.90
1733782030, 61, 39, 77, 0, 0, 0.06%, 9, 0, 8, 325.57
1733782050, 61, 43, 77, 0, 0, 0.06%, 9, 0, 8, 255.89
1733782055, 61, 50, 77, 0, 0, 0.06%, 9, 0, 8, 257.36
1733782075, 61, 66, 77, 0, 0, 0.06%, 9, 0, 8, 275.73
1733782100, 61, 67, 77, 0, 0, 0.06%, 9, 0, 8, 329.44
1733782116, 62, 11, 77, 0, 0, 0.06%, 9, 0, 8, 298.50
1733782121, 62, 13, 77, 0, 0, 0.06%, 9, 0, 8, 267.83
1733782126, 62, 16, 77, 0, 0, 0.06%, 9, 0, 8, 265.47
1733782136, 62, 18, 77, 0, 0, 0.06%, 9, 0, 8, 258.10
1733782141, 62, 43, 77, 0, 0, 0.06%, 9, 0, 8, 276.27
1733782146, 62, 54, 77, 0, 0, 0.06%, 9, 0, 8, 303.62
1733782166, 63, 12, 77, 0, 0, 0.06%, 9, 0, 8, 249.13
1733782171, 63, 14, 77, 0, 0, 0.06%, 9, 0, 8, 261.34
1733782176, 63, 16, 77, 0, 0, 0.06%, 9, 0, 8, 260.98
1733782181, 63, 18, 77, 0, 0, 0.06%, 9, 0, 8, 244.82
1733782187, 63, 28, 77, 0, 0, 0.06%, 9, 0, 8, 327.01
1733782207, 63, 38, 77, 0, 0, 0.06%, 9, 0, 8, 279.53
1733782227, 63, 43, 77, 0, 0, 0.06%, 9, 0, 8, 263.83
1733782232, 63, 46, 77, 0, 0, 0.06%, 9, 0, 8, 264.33
1733782253, 64, 11, 77, 0, 0, 0.06%, 9, 0, 8, 266.31
1733782258, 64, 13, 77, 0, 0, 0.06%, 9, 0, 8, 257.34
1733782263, 64, 16, 77, 0, 0, 0.06%, 9, 0, 8, 260.30
1733782273, 64, 18, 77, 0, 0, 0.06%, 9, 0, 8, 262.71
1733782278, 64, 24, 77, 0, 0, 0.06%, 9, 0, 8, 266.58
1733782298, 64, 43, 77, 0, 0, 0.06%, 9, 0, 8, 258.16
1733782303, 64, 72, 77, 0, 0, 0.06%, 9, 0, 8, 267.31
1733782339, 65, 12, 77, 0, 0, 0.06%, 9, 0, 8, 245.39
1733782344, 65, 14, 77, 0, 0, 0.06%, 9, 0, 8, 252.49
1733782349, 65, 16, 77, 0, 0, 0.06%, 9, 0, 8, 278.26
1733782354, 65, 18, 77, 0, 0, 0.06%, 9, 0, 8, 268.07
1733782359, 65, 33, 77, 0, 0, 0.06%, 9, 0, 8, 273.69
1733782379, 65, 43, 77, 0, 0, 0.06%, 9, 0, 8, 249.90
1733782384, 65, 50, 77, 0, 0, 0.06%, 9, 0, 8, 264.23
1733782410, 65, 51, 77, 0, 0, 0.06%, 9, 0, 8, 290.55
1733782425, 65, 61, 77, 0, 0, 0.06%, 9, 0, 8, 273.65
1733782451, 65, 65, 77, 0, 0, 0.06%, 9, 0, 8, 321.03
1733782466, 66, 0, 77, 0, 0, 0.06%, 9, 0, 8, 285.81
1733782471, 66, 12, 77, 0, 0, 0.06%, 9, 0, 8, 257.19
1733782476, 66, 14, 77, 0, 0, 0.06%, 9, 0, 8, 254.95
1733782481, 66, 16, 77, 0, 0, 0.06%, 9, 0, 8, 249.15
1733782486, 66, 18, 77, 0, 0, 0.06%, 9, 0, 8, 256.00
1733782491, 66, 28, 77, 0, 0, 0.06%, 9, 0, 8, 317.09
1733782511, 66, 30, 77, 0, 0, 0.06%, 9, 0, 8, 310.06
1733782532, 66, 43, 77, 0, 0, 0.06%, 9, 0, 8, 260.49
1733782537, 66, 44, 77, 0, 0, 0.06%, 9, 0, 8, 263.04
1733782562, 67, 12, 77, 0, 0, 0.06%, 9, 0, 8, 263.41
1733782567, 67, 14, 77, 0, 0, 0.06%, 9, 0, 8, 270.19
1733782572, 67, 16, 77, 0, 0, 0.06%, 9, 0, 8, 246.30
1733782577, 67, 18, 77, 0, 0, 0.06%, 9, 0, 8, 249.27
1733782582, 67, 34, 77, 0, 0, 0.06%, 9, 0, 8, 297.35
1733782603, 67, 43, 77, 0, 0, 0.06%, 9, 0, 8, 276.83
1733782608, 67, 57, 77, 0, 0, 0.06%, 9, 0, 8, 278.37
1733782628, 67, 71, 77, 0, 0, 0.06%, 9, 0, 8, 310.97
1733782648, 68, 12, 77, 0, 0, 0.06%, 9, 0, 8, 278.04
1733782654, 68, 13, 77, 0, 0, 0.06%, 9, 0, 8, 269.70
1733782659, 68, 16, 77, 0, 0, 0.06%, 9, 0, 8, 233.42
1733782664, 68, 18, 77, 0, 0, 0.06%, 9, 0, 8, 241.34
1733782669, 68, 26, 77, 0, 0, 0.06%, 9, 0, 8, 261.24
1733782694, 68, 30, 77, 0, 0, 0.06%, 9, 0, 8, 301.02
1733782715, 68, 32, 77, 0, 0, 0.06%, 9, 0, 8, 305.45
1733782735, 68, 43, 77, 0, 0, 0.06%, 9, 0, 8, 261.11
1733782740, 68, 51, 77, 0, 0, 0.06%, 9, 0, 8, 287.82
1733782760, 68, 65, 77, 0, 0, 0.06%, 9, 0, 8, 306.10
1733782781, 69, 11, 77, 0, 0, 0.06%, 9, 0, 8, 250.57
1733782786, 69, 13, 77, 0, 0, 0.06%, 9, 0, 8, 253.77
1733782791, 69, 14, 77, 0, 0, 0.06%, 9, 0, 8, 247.67
1733782796, 69, 16, 77, 0, 0, 0.06%, 9, 0, 8, 245.87
1733782801, 69, 18, 77, 0, 0, 0.06%, 9, 0, 8, 252.88
1733782806, 69, 43, 77, 0, 0, 0.06%, 9, 0, 8, 272.15
1733782811, 69, 63, 77, 0, 0, 0.06%, 9, 0, 8, 284.67
1733782831, 69, 71, 77, 0, 0, 0.06%, 9, 0, 8, 294.92
1733782852, 70, 12, 77, 0, 0, 0.06%, 9, 0, 8, 278.76
1733782857, 70, 14, 77, 0, 0, 0.06%, 9, 0, 8, 258.42
1733782862, 70, 16, 77, 0, 0, 0.06%, 9, 0, 8, 254.21
1733782867, 70, 18, 77, 0, 0, 0.06%, 9, 0, 8, 251.84
1733782872, 70, 20, 77, 0, 0, 0.06%, 9, 0, 8, 258.03
1733782887, 70, 36, 77, 0, 0, 0.06%, 9, 0, 8, 313.24
1733782908, 70, 43, 77, 0, 0, 0.06%, 9, 0, 8, 271.05
1733782913, 70, 46, 77, 0, 0, 0.06%, 9, 0, 8, 266.84
1733782938, 70, 55, 77, 0, 0, 0.06%, 9, 0, 8, 259.15
1733782959, 70, 67, 77, 0, 0, 0.06%, 9, 0, 8, 316.44
1733782979, 70, 72, 77, 0, 0, 0.06%, 9, 0, 8, 298.06
1733783009, 71, 11, 77, 0, 0, 0.06%, 9, 0, 8, 266.42
1733783014, 71, 13, 77, 0, 0, 0.06%, 9, 0, 8, 254.47
1733783019, 71, 16, 77, 0, 0, 0.06%, 9, 0, 8, 250.86
1733783024, 71, 18, 77, 0, 0, 0.06%, 9, 0, 8, 266.25
1733783029, 71, 41, 77, 0, 0, 0.06%, 9, 0, 8, 291.50
1733783050, 71, 42, 77, 0, 0, 0.06%, 9, 0, 8, 268.73
1733783075, 71, 43, 77, 0, 0, 0.06%, 9, 0, 8, 263.63
1733783080, 72, 10, 77, 0, 0, 0.06%, 9, 0, 8, 252.18
1733783090, 72, 12, 77, 0, 0, 0.06%, 9, 0, 8, 263.05
1733783095, 72, 14, 77, 0, 0, 0.06%, 9, 0, 8, 253.58
1733783100, 72, 16, 77, 0, 0, 0.06%, 9, 0, 8, 248.77
1733783106, 72, 18, 77, 0, 0, 0.06%, 9, 0, 8, 244.93
1733783111, 72, 26, 77, 0, 0, 0.06%, 9, 0, 8, 259.27
1733783136, 72, 28, 77, 0, 0, 0.06%, 9, 0, 8, 337.00
1733783156, 72, 43, 77, 0, 0, 0.06%, 9, 0, 8, 273.87
1733783161, 72, 58, 77, 0, 0, 0.06%, 9, 0, 8, 271.93
1733783181, 72, 72, 77, 0, 0, 0.06%, 9, 0, 8, 291.70
1733783212, 73, 11, 77, 0, 0, 0.06%, 9, 0, 8, 264.76
1733783217, 73, 13, 77, 0, 0, 0.06%, 9, 0, 8, 264.51
1733783222, 73, 16, 77, 0, 0, 0.06%, 9, 0, 8, 241.21
1733783227, 73, 18, 77, 0, 0, 0.06%, 9, 0, 8, 249.21
1733783232, 73, 43, 77, 0, 0, 0.06%, 9, 0, 8, 261.37
1733783237, 73, 53, 77, 0, 0, 0.06%, 9, 0, 8, 270.10
1733783263, 73, 65, 77, 0, 0, 0.06%, 9, 0, 8, 308.74
1733783283, 74, 13, 77, 0, 0, 0.06%, 9, 0, 8, 262.19
1733783288, 74, 16, 77, 0, 0, 0.06%, 9, 0, 8, 267.52
1733783298, 74, 18, 77, 0, 0, 0.06%, 9, 0, 8, 259.23
1733783303, 74, 32, 77, 0, 0, 0.06%, 9, 0, 8, 317.82
1733783318, 74, 43, 77, 0, 0, 0.06%, 9, 0, 8, 267.20
1733783323, 74, 48, 77, 0, 0, 0.06%, 9, 0, 8, 275.17
1733783349, 74, 57, 77, 0, 0, 0.06%, 9, 0, 8, 260.88
1733783369, 74, 74, 77, 0, 0, 0.06%, 9, 0, 8, 266.76
1733783390, 75, 11, 77, 0, 0, 0.06%, 9, 0, 8, 272.04
1733783395, 75, 13, 77, 0, 0, 0.06%, 9, 0, 8, 263.83
1733783400, 75, 16, 77, 0, 0, 0.06%, 9, 0, 8, 263.38
1733783410, 75, 18, 77, 0, 0, 0.06%, 9, 0, 8, 277.19
1733783415, 75, 33, 77, 0, 0, 0.06%, 9, 0, 8, 274.63
1733783430, 75, 43, 77, 0, 0, 0.06%, 9, 0, 8, 277.55
1733783435, 75, 62, 77, 0, 0, 0.06%, 9, 0, 8, 267.96
1733783461, 75, 65, 77, 0, 0, 0.06%, 9, 0, 8, 331.37
1733783476, 76, 11, 77, 0, 0, 0.06%, 9, 0, 8, 259.09
1733783481, 76, 13, 77, 0, 0, 0.06%, 9, 0, 8, 260.07
1733783486, 76, 14, 77, 0, 0, 0.06%, 9, 0, 8, 253.67
1733783491, 76, 16, 77, 0, 0, 0.06%, 9, 0, 8, 240.42
1733783496, 76, 18, 77, 0, 0, 0.06%, 9, 0, 8, 244.75
1733783501, 76, 19, 77, 0, 0, 0.06%, 9, 0, 8, 238.98
1733783522, 76, 43, 77, 0, 0, 0.06%, 9, 0, 8, 297.44
1733783527, 77, 11, 77, 0, 0, 0.06%, 9, 0, 8, 265.08
1733783532, 77, 13, 77, 0, 0, 0.06%, 9, 0, 8, 259.77
1733783537, 77, 16, 77, 0, 0, 0.06%, 9, 0, 8, 253.11
1733783542, 77, 18, 77, 0, 0, 0.06%, 9, 0, 8, 265.98
1733783553, 77, 29, 77, 0, 0, 0.06%, 9, 0, 8, 241.41
1733783573, 77, 43, 77, 0, 0, 0.06%, 9, 0, 8, 264.24
1733783578, 77, 49, 77, 0, 0, 0.06%, 9, 0, 8, 269.99
1733783598, 77, 57, 77, 0, 0, 0.06%, 9, 0, 8, 288.60
1733783618, 78, 0, 77, 0, 0, 0.06%, 9, 0, 8, 265.15
1733783623, 78, 12, 77, 0, 0, 0.06%, 9, 0, 8, 248.50
1733783628, 78, 14, 77, 0, 0, 0.06%, 9, 0, 8, 245.61
1733783633, 78, 16, 77, 0, 0, 0.06%, 9, 0, 8, 263.55
1733783639, 78, 18, 77, 0, 0, 0.06%, 9, 0, 8, 253.34
1733783644, 78, 43, 77, 0, 0, 0.06%, 9, 0, 8, 258.61
1733783649, 79, 11, 77, 0, 0, 0.06%, 9, 0, 8, 249.41
1733783654, 79, 13, 77, 0, 0, 0.06%, 9, 0, 8, 249.50
1733783659, 79, 16, 77, 0, 0, 0.06%, 9, 0, 8, 264.05
1733783664, 79, 18, 77, 0, 0, 0.06%, 9, 0, 8, 274.12
1733783674, 79, 43, 77, 0, 0, 0.06%, 9, 0, 8, 266.77
1733783679, 79, 63, 77, 0, 0, 0.06%, 9, 0, 8, 281.65
1733783694, 80, 11, 77, 0, 0, 0.06%, 9, 0, 8, 254.77
1733783700, 80, 13, 77, 0, 0, 0.06%, 9, 0, 8, 245.22
1733783705, 80, 16, 77, 0, 0, 0.06%, 9, 0, 8, 263.46
1733783710, 80, 18, 77, 0, 0, 0.06%, 9, 0, 8, 255.28
1733783715, 80, 20, 77, 0, 0, 0.06%, 9, 0, 8, 258.21
1733783740, 80, 22, 77, 0, 0, 0.06%, 9, 0, 8, 296.68
1733783761, 80, 36, 77, 0, 0, 0.06%, 9, 0, 8, 287.10
1733783781, 80, 38, 77, 0, 0, 0.06%, 9, 0, 8, 268.50
1733783801, 80, 42, 77, 0, 0, 0.06%, 9, 0, 8, 268.34
1733783821, 80, 43, 77, 0, 0, 0.06%, 9, 0, 8, 301.14
1733783831, 80, 57, 77, 0, 0, 0.06%, 9, 0, 8, 271.42
1733783852, 81, 12, 77, 0, 0, 0.06%, 9, 0, 8, 259.85
1733783857, 81, 14, 77, 0, 0, 0.06%, 9, 0, 8, 255.48
1733783862, 81, 16, 77, 0, 0, 0.06%, 9, 0, 8, 264.41
1733783867, 81, 18, 77, 0, 0, 0.06%, 9, 0, 8, 253.37
1733783872, 81, 22, 77, 0, 0, 0.06%, 9, 0, 8, 276.03
1733783892, 81, 43, 77, 0, 0, 0.06%, 9, 0, 8, 254.98
1733783897, 82, 11, 77, 0, 0, 0.06%, 9, 0, 8, 260.50
1733783902, 82, 13, 77, 0, 0, 0.06%, 9, 0, 8, 254.79
1733783907, 82, 14, 77, 0, 0, 0.06%, 9, 0, 8, 250.17
1733783913, 82, 16, 77, 0, 0, 0.06%, 9, 0, 8, 263.24
1733783918, 82, 18, 77, 0, 0, 0.06%, 9, 0, 8, 254.82
1733783923, 82, 30, 77, 0, 0, 0.06%, 9, 0, 8, 302.60
1733783938, 82, 43, 77, 0, 0, 0.06%, 9, 0, 8, 270.02
1733783943, 82, 68, 77, 0, 0, 0.06%, 9, 0, 8, 270.35
1733783963, 83, 11, 77, 0, 0, 0.06%, 9, 0, 8, 284.78
1733783968, 83, 13, 77, 0, 0, 0.06%, 9, 0, 8, 248.57
1733783973, 83, 16, 77, 0, 0, 0.06%, 9, 0, 8, 254.19
1733783978, 83, 18, 77, 0, 0, 0.06%, 9, 0, 8, 252.41
1733783989, 83, 21, 77, 0, 0, 0.06%, 9, 0, 8, 311.98
1733784009, 83, 43, 77, 0, 0, 0.06%, 9, 0, 8, 263.75
1733784014, 83, 47, 77, 0, 0, 0.06%, 9, 0, 8, 308.21
1733784034, 83, 54, 77, 0, 0, 0.06%, 9, 0, 8, 292.87
1733784055, 83, 64, 77, 0, 0, 0.06%, 9, 0, 8, 295.85
1733784075, 83, 74, 77, 0, 0, 0.06%, 9, 0, 8, 279.93
1733784095, 84, 11, 77, 0, 0, 0.06%, 9, 0, 8, 262.19
1733784100, 84, 13, 77, 0, 0, 0.06%, 9, 0, 8, 252.53
1733784106, 84, 16, 77, 0, 0, 0.06%, 9, 0, 8, 245.79
1733784111, 84, 18, 77, 0, 0, 0.06%, 9, 0, 8, 254.76
1733784121, 84, 20, 77, 0, 0, 0.06%, 9, 0, 8, 258.34
1733784141, 84, 43, 77, 0, 0, 0.06%, 9, 0, 8, 251.70
1733784146, 84, 59, 77, 0, 0, 0.06%, 9, 0, 8, 276.32
1733784166, 85, 12, 77, 0, 0, 0.06%, 9, 0, 8, 273.75
1733784171, 85, 14, 77, 0, 0, 0.06%, 9, 0, 8, 254.16
1733784176, 85, 16, 77, 0, 0, 0.06%, 9, 0, 8, 269.21
1733784182, 85, 18, 77, 0, 0, 0.06%, 9, 0, 8, 253.58
1733784187, 85, 23, 77, 0, 0, 0.06%, 9, 0, 8, 316.91
1733784207, 85, 33, 77, 0, 0, 0.06%, 9, 0, 8, 279.53
1733784227, 85, 38, 77, 0, 0, 0.06%, 9, 0, 8, 273.70
1733784247, 85, 43, 77, 0, 0, 0.06%, 9, 0, 8, 282.52
1733784253, 85, 47, 77, 0, 0, 0.06%, 9, 0, 8, 309.66
1733784273, 85, 54, 77, 0, 0, 0.06%, 9, 0, 8, 308.53
1733784293, 85, 72, 77, 0, 0, 0.06%, 9, 0, 8, 274.52
1733784324, 86, 12, 77, 0, 0, 0.06%, 9, 0, 8, 283.76
1733784329, 86, 14, 77, 0, 0, 0.06%, 9, 0, 8, 265.99
1733784334, 86, 16, 77, 0, 0, 0.06%, 9, 0, 8, 283.71
1733784339, 86, 18, 77, 0, 0, 0.06%, 9, 0, 8, 271.65
1733784344, 86, 43, 77, 0, 0, 0.06%, 9, 0, 8, 269.75
1733784349, 86, 53, 77, 0, 0, 0.06%, 9, 0, 8, 318.51
1733784364, 86, 67, 77, 0, 0, 0.06%, 9, 0, 8, 283.86
1733784384, 87, 10, 77, 0, 0, 0.06%, 9, 0, 8, 293.23
1733784395, 87, 11, 77, 0, 0, 0.06%, 9, 0, 8, 247.54
1733784400, 87, 13, 77, 0, 0, 0.06%, 9, 0, 8, 258.65
1733784405, 87, 14, 77, 0, 0, 0.06%, 9, 0, 8, 248.17
1733784410, 87, 16, 77, 0, 0, 0.06%, 9, 0, 8, 247.11
1733784415, 87, 18, 77, 0, 0, 0.06%, 9, 0, 8, 245.96
1733784420, 87, 21, 77, 0, 0, 0.06%, 9, 0, 8, 305.49
1733784440, 87, 43, 77, 0, 0, 0.06%, 9, 0, 8, 266.25
1733784446, 87, 54, 77, 0, 0, 0.06%, 9, 0, 8, 291.02
1733784466, 87, 55, 77, 0, 0, 0.06%, 9, 0, 8, 256.10
1733784491, 88, 12, 77, 0, 0, 0.06%, 9, 0, 8, 255.18
1733784496, 88, 14, 77, 0, 0, 0.06%, 9, 0, 8, 257.52
1733784501, 88, 16, 77, 0, 0, 0.06%, 9, 0, 8, 240.91
1733784506, 88, 18, 77, 0, 0, 0.06%, 9, 0, 8, 236.99
1733784511, 88, 42, 77, 0, 0, 0.06%, 9, 0, 8, 264.80
1733784536, 88, 43, 77, 0, 0, 0.06%, 9, 0, 8, 258.68
1733784541, 88, 49, 77, 0, 0, 0.06%, 9, 0, 8, 266.64
1733784562, 88, 75, 77, 0, 0, 0.06%, 9, 0, 8, 287.92
1733784582, 89, 11, 77, 0, 0, 0.06%, 9, 0, 8, 264.40
1733784587, 89, 13, 77, 0, 0, 0.06%, 9, 0, 8, 245.16
1733784592, 89, 14, 77, 0, 0, 0.06%, 9, 0, 8, 253.96
1733784597, 89, 16, 77, 0, 0, 0.06%, 9, 0, 8, 271.01
1733784603, 89, 18, 77, 0, 0, 0.06%, 9, 0, 8, 258.45
1733784608, 89, 36, 77, 0, 0, 0.06%, 9, 0, 8, 283.04
1733784618, 89, 43, 77, 0, 0, 0.06%, 9, 0, 8, 275.56
1733784623, 89, 48, 77, 0, 0, 0.06%, 9, 0, 8, 282.22
1733784644, 89, 54, 77, 0, 0, 0.06%, 9, 0, 8, 297.66
1733784664, 89, 58, 77, 0, 0, 0.06%, 9, 0, 8, 273.31
1733784684, 89, 68, 77, 0, 0, 0.06%, 9, 0, 8, 347.52
1733784704, 90, 8, 77, 0, 0, 0.06%, 9, 0, 8, 252.82
1733784709, 90, 12, 77, 0, 0, 0.06%, 9, 0, 8, 264.54
1733784714, 90, 14, 77, 0, 0, 0.06%, 9, 0, 8, 248.28
1733784719, 90, 16, 77, 0, 0, 0.06%, 9, 0, 8, 273.73
1733784724, 90, 18, 77, 0, 0, 0.06%, 9, 0, 8, 261.80
1733784729, 90, 43, 77, 0, 0, 0.06%, 9, 0, 8, 259.03
1733784734, 90, 69, 77, 0, 0, 0.06%, 9, 0, 8, 275.74
1733784755, 90, 70, 77, 0, 0, 0.06%, 9, 0, 8, 290.66
1733784775, 91, 9, 77, 0, 0, 0.06%, 9, 0, 8, 267.28
1733784780, 91, 12, 77, 0, 0, 0.06%, 9, 0, 8, 245.25
1733784785, 91, 14, 77, 0, 0, 0.06%, 9, 0, 8, 249.29
1733784790, 91, 15, 77, 0, 0, 0.06%, 9, 0, 8, 305.44
1733784811, 91, 16, 77, 0, 0, 0.06%, 9, 0, 8, 267.35
1733784816, 91, 18, 77, 0, 0, 0.06%, 9, 0, 8, 268.21
1733784821, 91, 30, 77, 0, 0, 0.06%, 9, 0, 8, 307.42
1733784841, 91, 43, 77, 0, 0, 0.06%, 9, 0, 8, 264.40
1733784846, 91, 70, 77, 0, 0, 0.06%, 9, 0, 8, 326.75
1733784867, 91, 74, 77, 0, 0, 0.06%, 9, 0, 8, 297.06
1733784887, 92, 12, 77, 0, 0, 0.06%, 9, 0, 8, 256.98
1733784892, 92, 14, 77, 0, 0, 0.06%, 9, 0, 8, 252.93
1733784897, 92, 16, 77, 0, 0, 0.06%, 9, 0, 8, 269.31
1733784902, 92, 18, 77, 0, 0, 0.06%, 9, 0, 8, 267.52
1733784907, 92, 31, 77, 0, 0, 0.06%, 9, 0, 8, 280.31
1733784928, 92, 37, 77, 0, 0, 0.06%, 9, 0, 8, 243.30
1733784948, 92, 43, 77, 0, 0, 0.06%, 9, 0, 8, 267.53
1733784953, 92, 50, 77, 0, 0, 0.06%, 9, 0, 8, 270.44
1733784973, 92, 69, 77, 0, 0, 0.06%, 9, 0, 8, 300.60
1733784994, 93, 1, 77, 0, 0, 0.06%, 9, 0, 8, 272.06
1733784999, 93, 12, 77, 0, 0, 0.06%, 9, 0, 8, 256.79
1733785004, 93, 14, 77, 0, 0, 0.06%, 9, 0, 8, 242.29
1733785009, 93, 16, 77, 0, 0, 0.06%, 9, 0, 8, 245.61
1733785014, 93, 18, 77, 0, 0, 0.06%, 9, 0, 8, 251.92
1733785019, 93, 22, 77, 0, 0, 0.06%, 9, 0, 8, 276.50
1733785039, 93, 25, 77, 0, 0, 0.06%, 9, 0, 8, 285.57
1733785059, 93, 34, 77, 0, 0, 0.06%, 9, 0, 8, 304.47
1733785080, 93, 43, 77, 0, 0, 0.06%, 9, 0, 8, 262.52
1733785085, 93, 53, 77, 0, 0, 0.06%, 9, 0, 8, 291.35
1733785105, 93, 62, 77, 0, 0, 0.06%, 9, 0, 8, 259.56
1733785126, 93, 66, 77, 0, 0, 0.06%, 9, 0, 8, 246.42
1733785151, 94, 12, 77, 0, 0, 0.06%, 9, 0, 8, 245.23
1733785156, 94, 13, 77, 0, 0, 0.06%, 9, 0, 8, 248.03
1733785161, 94, 16, 77, 0, 0, 0.06%, 9, 0, 8, 246.94
1733785166, 94, 18, 77, 0, 0, 0.06%, 9, 0, 8, 247.05
1733785171, 94, 21, 77, 0, 0, 0.06%, 9, 0, 8, 294.60
1733785192, 94, 28, 77, 0, 0, 0.06%, 9, 0, 8, 272.62
1733785212, 94, 43, 77, 0, 0, 0.06%, 9, 0, 8, 259.06
1733785217, 94, 50, 77, 0, 0, 0.06%, 9, 0, 8, 274.99
1733785237, 94, 51, 77, 0, 0, 0.06%, 9, 0, 8, 288.65
1733785258, 94, 54, 77, 0, 0, 0.06%, 9, 0, 8, 278.56
1733785268, 94, 73, 77, 0, 0, 0.06%, 9, 0, 8, 271.49
1733785288, 95, 12, 77, 0, 0, 0.06%, 9, 0, 8, 262.16
1733785293, 95, 14, 77, 0, 0, 0.06%, 9, 0, 8, 257.85
1733785299, 95, 16, 77, 0, 0, 0.06%, 9, 0, 8, 241.63
1733785304, 95, 18, 77, 0, 0, 0.06%, 9, 0, 8, 249.24
1733785309, 95, 22, 77, 0, 0, 0.06%, 9, 0, 8, 273.98
1733785329, 95, 43, 77, 0, 0, 0.06%, 9, 0, 8, 267.52
1733785334, 95, 46, 77, 0, 0, 0.06%, 9, 0, 8, 263.64
1733785354, 95, 52, 77, 0, 0, 0.06%, 9, 0, 8, 290.42
1733785375, 96, 11, 77, 0, 0, 0.06%, 9, 0, 8, 259.41
1733785380, 96, 12, 77, 0, 0, 0.06%, 9, 0, 8, 249.00
1733785385, 96, 14, 77, 0, 0, 0.06%, 9, 0, 8, 244.99
1733785390, 96, 16, 77, 0, 0, 0.06%, 9, 0, 8, 251.67
1733785395, 96, 18, 77, 0, 0, 0.06%, 9, 0, 8, 258.32
