# unix_time, cycles_done, cur_path, paths_total, pending_total, pending_favs, map_size, unique_crashes, unique_hangs, max_depth, execs_per_sec
1734960262, 0, 0, 10, 10, 1, 0.00%, 0, 0, 1, 157.17
1734960267, 0, 4, 10, 10, 1, 0.00%, 0, 0, 1, 195.57
1734960273, 0, 5, 10, 9, 0, 0.00%, 0, 0, 1, 198.19
1734960283, 0, 6, 10, 8, 0, 0.00%, 0, 0, 1, 195.32
1734960288, 0, 7, 10, 7, 0, 0.00%, 0, 0, 1, 177.32
1734960298, 0, 8, 10, 6, 0, 0.00%, 0, 0, 1, 193.60
1734960303, 0, 9, 10, 5, 0, 0.00%, 0, 0, 1, 177.59
1734960313, 1, 0, 10, 4, 0, 0.00%, 0, 0, 1, 194.66
1734960324, 1, 1, 10, 3, 0, 0.00%, 0, 0, 1, 191.28
1734960334, 1, 2, 10, 2, 0, 0.00%, 0, 0, 1, 190.69
1734960344, 1, 3, 10, 1, 0, 0.00%, 0, 0, 1, 191.97
1734960355, 1, 4, 10, 0, 0, 0.00%, 0, 0, 1, 187.65
1734960360, 1, 5, 10, 0, 0, 0.00%, 0, 0, 1, 189.11
1734960365, 1, 7, 10, 0, 0, 0.00%, 0, 0, 1, 189.33
1734960370, 1, 8, 10, 0, 0, 0.00%, 0, 0, 1, 189.86
1734960375, 1, 9, 10, 0, 0, 0.00%, 0, 0, 1, 190.53
1734960380, 2, 1, 10, 0, 0, 0.00%, 0, 0, 1, 186.10
1734960385, 2, 2, 10, 0, 0, 0.00%, 0, 0, 1, 187.65
1734960391, 2, 3, 10, 0, 0, 0.00%, 0, 0, 1, 188.26
1734960396, 2, 5, 10, 0, 0, 0.00%, 0, 0, 1, 193.28
1734960401, 2, 6, 10, 0, 0, 0.00%, 0, 0, 1, 187.77
1734960406, 2, 7, 10, 0, 0, 0.00%, 0, 0, 1, 188.99
1734960411, 2, 9, 10, 0, 0, 0.00%, 0, 0, 1, 187.00
1734960416, 3, 0, 10, 0, 0, 0.00%, 0, 0, 1, 190.04
1734960422, 3, 1, 10, 0, 0, 0.00%, 0, 0, 1, 187.30
1734960427, 3, 3, 10, 0, 0, 0.00%, 0, 0, 1, 189.27
1734960432, 3, 4, 10, 0, 0, 0.00%, 0, 0, 1, 187.21
1734960437, 3, 5, 10, 0, 0, 0.00%, 0, 0, 1, 187.10
1734960442, 3, 7, 10, 0, 0, 0.00%, 0, 0, 1, 190.61
1734960448, 3, 8, 10, 0, 0, 0.00%, 0, 0, 1, 187.76
1734960453, 3, 9, 10, 0, 0, 0.00%, 0, 0, 1, 191.87
1734960458, 4, 0, 10, 0, 0, 0.00%, 0, 0, 1, 189.43
1734960463, 4, 2, 10, 0, 0, 0.00%, 0, 0, 1, 192.27
1734960468, 4, 3, 10, 0, 0, 0.00%, 0, 0, 1, 187.79
1734960473, 4, 10, 12, 2, 1, 0.05%, 2, 0, 3, 209.08
1734960565, 4, 11, 15, 4, 1, 0.06%, 5, 0, 4, 228.03
1734960576, 4, 11, 16, 5, 1, 0.06%, 6, 0, 4, 202.36
1734960591, 4, 11, 17, 6, 1, 0.06%, 6, 0, 4, 207.18
1734960621, 4, 11, 18, 7, 1, 0.06%, 6, 0, 4, 205.61
1734960647, 4, 11, 19, 8, 1, 0.06%, 6, 0, 4, 203.92
1734960667, 4, 11, 20, 9, 1, 0.06%, 6, 0, 4, 205.39
1734960672, 4, 11, 21, 10, 1, 0.06%, 6, 0, 4, 206.07
1734960708, 4, 12, 21, 9, 4, 0.06%, 6, 0, 4, 239.05
1734960733, 4, 12, 22, 10, 4, 0.06%, 7, 0, 5, 202.50
1734960778, 4, 12, 23, 11, 4, 0.06%, 7, 0, 5, 205.31
1734960799, 4, 12, 24, 12, 4, 0.06%, 7, 0, 5, 210.05
1734960824, 4, 12, 25, 13, 4, 0.06%, 7, 0, 5, 204.77
1734960844, 4, 12, 26, 14, 4, 0.06%, 7, 0, 5, 235.13
1734960854, 4, 13, 26, 13, 4, 0.06%, 7, 0, 5, 219.60
1734960859, 4, 13, 28, 15, 4, 0.06%, 7, 0, 5, 206.12
1734960885, 4, 13, 29, 16, 4, 0.06%, 7, 0, 5, 212.57
1734960905, 4, 13, 30, 17, 4, 0.06%, 7, 0, 5, 212.76
1734960920, 4, 13, 31, 18, 4, 0.06%, 7, 0, 5, 216.21
1734960986, 4, 14, 31, 17, 3, 0.06%, 7, 0, 5, 233.31
1734961006, 4, 14, 32, 18, 3, 0.06%, 7, 0, 5, 214.16
1734961052, 4, 14, 33, 19, 3, 0.06%, 7, 0, 5, 213.14
1734961113, 4, 14, 34, 20, 3, 0.06%, 7, 0, 5, 252.23
1734961118, 4, 14, 36, 22, 3, 0.06%, 8, 0, 5, 245.20
1734961133, 4, 20, 36, 21, 3, 0.06%, 8, 0, 5, 328.93
1734961214, 4, 21, 37, 21, 3, 0.06%, 9, 0, 6, 232.55
1734961219, 4, 21, 38, 22, 3, 0.06%, 9, 0, 6, 220.29
1734961351, 4, 32, 38, 21, 3, 0.06%, 9, 0, 6, 255.38
1734961361, 4, 32, 39, 22, 3, 0.06%, 9, 0, 6, 226.17
1734961371, 4, 32, 40, 23, 3, 0.06%, 9, 0, 6, 224.25
1734961381, 4, 32, 42, 25, 3, 0.06%, 9, 0, 6, 217.19
1734961427, 4, 32, 43, 26, 3, 0.06%, 9, 0, 6, 227.43
1734961473, 4, 32, 44, 27, 3, 0.06%, 9, 0, 6, 219.00
1734961488, 4, 36, 44, 26, 3, 0.06%, 9, 0, 6, 259.74
1734961539, 4, 36, 46, 28, 3, 0.06%, 9, 0, 7, 248.09
1734961544, 4, 36, 47, 29, 3, 0.06%, 9, 0, 7, 247.23
1734961549, 4, 38, 47, 28, 2, 0.06%, 9, 0, 7, 308.01
1734961564, 4, 38, 48, 29, 2, 0.06%, 9, 0, 7, 236.69
1734961630, 4, 38, 49, 30, 2, 0.06%, 9, 0, 7, 244.21
1734961635, 4, 38, 50, 31, 2, 0.06%, 9, 0, 7, 279.86
1734961640, 4, 50, 51, 31, 1, 0.06%, 9, 0, 7, 304.78
1734961666, 4, 50, 55, 35, 1, 0.06%, 9, 0, 8, 384.70
1734961768, 5, 15, 55, 34, 1, 0.06%, 9, 0, 8, 290.13
1734961813, 5, 15, 56, 35, 1, 0.06%, 9, 0, 8, 289.55
1734961819, 5, 15, 57, 36, 1, 0.06%, 9, 0, 8, 249.92
1734961824, 5, 16, 57, 35, 0, 0.06%, 9, 0, 8, 273.37
1734961874, 5, 17, 57, 34, 0, 0.06%, 9, 0, 8, 257.77
1734961920, 5, 17, 58, 35, 0, 0.06%, 9, 0, 8, 248.75
1734961930, 5, 21, 58, 34, 0, 0.06%, 9, 0, 8, 224.96
1734961935, 5, 25, 58, 34, 0, 0.06%, 9, 0, 8, 311.67
1734961956, 5, 25, 59, 35, 0, 0.06%, 9, 0, 8, 254.46
1734962001, 5, 26, 59, 34, 0, 0.06%, 9, 0, 8, 349.46
1734962006, 5, 26, 60, 35, 0, 0.06%, 9, 0, 8, 377.45
1734962031, 5, 26, 61, 36, 0, 0.06%, 9, 0, 8, 280.10
1734962143, 5, 27, 61, 35, 0, 0.06%, 9, 0, 8, 285.91
1734962189, 5, 27, 62, 36, 0, 0.06%, 9, 0, 8, 274.74
1734962194, 5, 30, 62, 35, 0, 0.06%, 9, 0, 8, 297.14
1734962244, 5, 32, 62, 34, 0, 0.06%, 9, 0, 8, 242.85
1734962249, 5, 34, 62, 34, 0, 0.06%, 9, 0, 8, 301.41
1734962300, 5, 35, 62, 33, 0, 0.06%, 9, 0, 8, 360.22
1734962351, 5, 36, 62, 32, 0, 0.06%, 9, 0, 8, 270.89
1734962356, 5, 37, 62, 32, 0, 0.06%, 9, 0, 8, 293.40
1734962412, 5, 38, 62, 31, 0, 0.06%, 9, 0, 8, 259.50
1734962417, 5, 47, 62, 31, 0, 0.06%, 9, 0, 8, 250.32
1734962692, 5, 52, 62, 30, 0, 0.06%, 9, 0, 8, 357.83
1734962834, 5, 59, 62, 29, 0, 0.06%, 9, 0, 8, 349.51
1734963264, 5, 59, 64, 31, 0, 0.06%, 9, 0, 8, 392.28
1734963269, 5, 59, 65, 32, 0, 0.06%, 9, 0, 8, 389.31
1734963355, 6, 11, 65, 31, 0, 0.06%, 9, 0, 8, 267.57
1734963360, 6, 12, 65, 31, 0, 0.06%, 9, 0, 8, 249.11
1734963365, 6, 13, 65, 31, 0, 0.06%, 9, 0, 8, 258.44
1734963370, 6, 15, 65, 31, 0, 0.06%, 9, 0, 8, 250.53
1734963375, 6, 17, 65, 31, 0, 0.06%, 9, 0, 8, 249.69
1734963381, 6, 19, 65, 31, 0, 0.06%, 9, 0, 8, 294.03
1734963426, 6, 19, 66, 32, 0, 0.06%, 9, 0, 8, 299.22
1734963431, 6, 20, 66, 31, 0, 0.06%, 9, 0, 8, 285.35
1734963436, 6, 21, 66, 31, 0, 0.06%, 9, 0, 8, 257.73
1734963441, 6, 27, 66, 31, 0, 0.06%, 9, 0, 8, 264.64
1734963446, 6, 28, 66, 31, 0, 0.06%, 9, 0, 8, 282.27
1734963604, 6, 31, 66, 30, 0, 0.06%, 9, 0, 8, 338.39
1734963655, 6, 32, 66, 29, 0, 0.06%, 9, 0, 8, 267.74
1734963660, 6, 36, 66, 29, 0, 0.06%, 9, 0, 8, 260.10
1734963670, 6, 38, 66, 29, 0, 0.06%, 9, 0, 8, 269.86
1734963675, 6, 41, 66, 29, 0, 0.06%, 9, 0, 8, 375.80
1734963721, 6, 41, 67, 30, 0, 0.06%, 9, 0, 8, 287.10
1734963787, 6, 43, 67, 29, 0, 0.06%, 9, 0, 8, 309.02
1734963817, 6, 43, 68, 30, 0, 0.06%, 9, 0, 8, 242.89
1734963874, 6, 44, 68, 29, 0, 0.06%, 9, 0, 8, 331.98
1734963925, 6, 46, 68, 28, 0, 0.06%, 9, 0, 8, 321.47
1734963975, 6, 46, 69, 29, 0, 0.06%, 9, 0, 8, 282.04
1734963981, 6, 61, 69, 28, 0, 0.06%, 9, 0, 8, 321.22
1734964256, 6, 62, 69, 27, 0, 0.06%, 9, 0, 8, 250.20
1734964358, 6, 65, 69, 26, 0, 0.06%, 9, 0, 8, 334.68
1734964434, 7, 12, 69, 25, 0, 0.06%, 9, 0, 8, 241.54
1734964439, 7, 13, 69, 25, 0, 0.06%, 9, 0, 8, 253.15
1734964449, 7, 15, 69, 25, 0, 0.06%, 9, 0, 8, 261.17
1734964454, 7, 21, 69, 25, 0, 0.06%, 9, 0, 8, 258.41
1734964459, 7, 24, 69, 25, 0, 0.06%, 9, 0, 8, 343.74
1734964510, 7, 32, 69, 24, 0, 0.06%, 9, 0, 8, 252.36
1734964515, 7, 36, 69, 24, 0, 0.06%, 9, 0, 8, 257.80
1734964520, 7, 38, 69, 24, 0, 0.06%, 9, 0, 8, 266.96
1734964525, 7, 41, 69, 24, 0, 0.06%, 9, 0, 8, 257.81
1734964530, 7, 45, 69, 24, 0, 0.06%, 9, 0, 8, 325.51
1734964581, 7, 54, 69, 23, 0, 0.06%, 9, 0, 8, 309.69
1734964728, 7, 57, 69, 22, 0, 0.06%, 9, 0, 8, 380.80
1734964815, 8, 12, 70, 22, 0, 0.06%, 9, 0, 8, 252.86
1734964820, 8, 13, 70, 22, 0, 0.06%, 9, 0, 8, 238.96
1734964825, 8, 15, 70, 22, 0, 0.06%, 9, 0, 8, 265.20
1734964830, 8, 21, 70, 22, 0, 0.06%, 9, 0, 8, 250.45
1734964835, 8, 32, 70, 22, 0, 0.06%, 9, 0, 8, 254.39
1734964840, 8, 36, 70, 22, 0, 0.06%, 9, 0, 8, 265.96
1734964850, 8, 38, 70, 22, 0, 0.06%, 9, 0, 8, 263.34
1734964855, 8, 42, 70, 22, 0, 0.06%, 9, 0, 8, 290.63
1734965206, 8, 42, 71, 23, 0, 0.06%, 9, 0, 8, 355.92
1734965256, 8, 42, 72, 24, 0, 0.06%, 9, 0, 8, 308.45
1734965261, 8, 49, 72, 23, 0, 0.06%, 9, 0, 8, 338.18
1734965592, 8, 58, 72, 22, 0, 0.06%, 9, 0, 8, 344.32
1734965927, 8, 63, 72, 21, 0, 0.06%, 9, 0, 8, 352.40
1734966371, 8, 66, 72, 20, 0, 0.06%, 9, 0, 8, 359.47
1734966489, 8, 67, 72, 19, 0, 0.06%, 9, 0, 8, 256.21
1734966580, 8, 67, 73, 20, 0, 0.06%, 9, 0, 8, 312.01
1734966595, 8, 67, 74, 21, 0, 0.06%, 9, 0, 8, 323.16
1734966681, 8, 70, 74, 20, 0, 0.06%, 9, 0, 8, 325.48
1734967011, 9, 5, 74, 19, 0, 0.06%, 9, 0, 8, 289.62
1734967016, 9, 12, 74, 19, 0, 0.06%, 9, 0, 8, 252.34
1734967021, 9, 13, 74, 19, 0, 0.06%, 9, 0, 8, 248.37
1734967026, 9, 14, 74, 19, 0, 0.06%, 9, 0, 8, 258.32
1734967031, 9, 15, 74, 19, 0, 0.06%, 9, 0, 8, 274.98
1734967036, 9, 21, 74, 19, 0, 0.06%, 9, 0, 8, 255.29
1734967042, 9, 23, 74, 19, 0, 0.06%, 9, 0, 8, 329.74
1734967097, 9, 27, 74, 18, 0, 0.06%, 9, 0, 8, 244.24
1734967102, 9, 32, 74, 18, 0, 0.06%, 9, 0, 8, 258.35
1734967107, 9, 36, 74, 18, 0, 0.06%, 9, 0, 8, 268.83
1734967112, 9, 38, 74, 18, 0, 0.06%, 9, 0, 8, 274.14
1734967117, 9, 53, 74, 18, 0, 0.06%, 9, 0, 8, 277.53
1734967266, 9, 69, 74, 17, 0, 0.06%, 9, 0, 8, 298.47
1734967393, 10, 11, 74, 16, 0, 0.06%, 9, 0, 8, 258.45
1734967398, 10, 12, 74, 16, 0, 0.06%, 9, 0, 8, 274.03
1734967403, 10, 13, 74, 16, 0, 0.06%, 9, 0, 8, 254.33
1734967408, 10, 15, 74, 16, 0, 0.06%, 9, 0, 8, 265.10
1734967413, 10, 16, 74, 16, 0, 0.06%, 9, 0, 8, 288.35
1734967418, 10, 21, 74, 16, 0, 0.06%, 9, 0, 8, 262.70
1734967423, 10, 25, 74, 16, 0, 0.06%, 9, 0, 8, 270.78
1734967428, 10, 32, 74, 16, 0, 0.06%, 9, 0, 8, 250.32
1734967433, 10, 36, 74, 16, 0, 0.06%, 9, 0, 8, 260.99
1734967438, 10, 38, 74, 16, 0, 0.06%, 9, 0, 8, 258.63
1734967443, 10, 48, 74, 16, 0, 0.06%, 9, 0, 8, 313.99
1734967606, 10, 51, 74, 15, 0, 0.06%, 9, 0, 8, 377.63
1734967743, 10, 59, 74, 14, 0, 0.06%, 9, 0, 8, 321.37
1734967753, 10, 68, 74, 14, 0, 0.06%, 9, 0, 8, 218.72
1734968189, 10, 72, 74, 13, 0, 0.06%, 9, 0, 8, 353.30
1734968311, 10, 73, 74, 12, 0, 0.06%, 9, 0, 8, 399.01
1734968433, 11, 12, 74, 11, 0, 0.06%, 9, 0, 8, 272.87
1734968438, 11, 13, 74, 11, 0, 0.06%, 9, 0, 8, 259.93
1734968448, 11, 15, 74, 11, 0, 0.06%, 9, 0, 8, 268.91
1734968453, 11, 21, 74, 11, 0, 0.06%, 9, 0, 8, 261.70
1734968458, 11, 32, 74, 11, 0, 0.06%, 9, 0, 8, 258.41
1734968463, 11, 36, 74, 11, 0, 0.06%, 9, 0, 8, 260.70
1734968468, 11, 38, 74, 11, 0, 0.06%, 9, 0, 8, 258.16
1734968473, 11, 43, 74, 11, 0, 0.06%, 9, 0, 8, 250.89
1734968478, 11, 55, 74, 11, 0, 0.06%, 9, 0, 8, 308.43
1734968586, 11, 56, 74, 10, 0, 0.06%, 9, 0, 8, 306.59
1734968703, 12, 12, 74, 9, 0, 0.06%, 9, 0, 8, 247.52
1734968708, 12, 13, 74, 9, 0, 0.06%, 9, 0, 8, 254.16
1734968713, 12, 15, 74, 9, 0, 0.06%, 9, 0, 8, 268.51
1734968718, 12, 21, 74, 9, 0, 0.06%, 9, 0, 8, 258.88
1734968723, 12, 30, 74, 9, 0, 0.06%, 9, 0, 8, 257.00
1734968729, 12, 32, 74, 9, 0, 0.06%, 9, 0, 8, 276.98
1734968734, 12, 36, 74, 9, 0, 0.06%, 9, 0, 8, 265.47
1734968744, 12, 38, 74, 9, 0, 0.06%, 9, 0, 8, 278.66
1734968749, 12, 51, 74, 9, 0, 0.06%, 9, 0, 8, 269.20
1734968754, 12, 64, 74, 9, 0, 0.06%, 9, 0, 8, 288.02
1734968830, 13, 11, 74, 8, 0, 0.06%, 9, 0, 8, 280.67
1734968835, 13, 12, 74, 8, 0, 0.06%, 9, 0, 8, 263.19
1734968840, 13, 13, 74, 8, 0, 0.06%, 9, 0, 8, 267.91
1734968845, 13, 15, 74, 8, 0, 0.06%, 9, 0, 8, 267.40
1734968850, 13, 21, 74, 8, 0, 0.06%, 9, 0, 8, 265.31
1734968855, 13, 22, 74, 8, 0, 0.06%, 9, 0, 8, 377.61
1734968911, 13, 32, 74, 7, 0, 0.06%, 9, 0, 8, 281.38
1734968916, 13, 36, 74, 7, 0, 0.06%, 9, 0, 8, 270.93
1734968921, 13, 38, 74, 7, 0, 0.06%, 9, 0, 8, 263.49
1734968927, 13, 66, 74, 7, 0, 0.06%, 9, 0, 8, 277.62
1734968937, 14, 12, 74, 7, 0, 0.06%, 9, 0, 8, 249.65
1734968942, 14, 13, 74, 7, 0, 0.06%, 9, 0, 8, 254.10
1734968947, 14, 15, 74, 7, 0, 0.06%, 9, 0, 8, 255.23
1734968952, 14, 21, 74, 7, 0, 0.06%, 9, 0, 8, 266.07
1734968957, 14, 32, 74, 7, 0, 0.06%, 9, 0, 8, 296.02
1734968967, 14, 36, 74, 7, 0, 0.06%, 9, 0, 8, 260.34
1734968972, 14, 37, 74, 7, 0, 0.06%, 9, 0, 8, 276.84
1734968977, 14, 38, 74, 7, 0, 0.06%, 9, 0, 8, 264.57
1734968982, 14, 39, 74, 7, 0, 0.06%, 9, 0, 8, 393.99
1734969022, 14, 39, 75, 8, 0, 0.06%, 9, 0, 8, 284.46
1734969033, 14, 54, 75, 7, 0, 0.06%, 9, 0, 8, 298.17
1734969038, 14, 73, 75, 7, 0, 0.06%, 9, 0, 8, 302.88
1734969068, 14, 74, 75, 7, 0, 0.06%, 9, 0, 8, 275.05
1734969073, 14, 74, 76, 8, 0, 0.06%, 9, 0, 8, 409.42
1734969201, 14, 75, 76, 7, 0, 0.06%, 9, 0, 8, 362.74
1734969347, 15, 12, 76, 6, 0, 0.06%, 9, 0, 8, 260.27
1734969352, 15, 13, 76, 6, 0, 0.06%, 9, 0, 8, 263.86
1734969362, 15, 15, 76, 6, 0, 0.06%, 9, 0, 8, 264.56
1734969367, 15, 21, 76, 6, 0, 0.06%, 9, 0, 8, 259.54
1734969372, 15, 32, 76, 6, 0, 0.06%, 9, 0, 8, 255.50
1734969377, 15, 34, 76, 6, 0, 0.06%, 9, 0, 8, 271.35
1734969383, 15, 35, 76, 6, 0, 0.06%, 9, 0, 8, 276.78
1734969388, 15, 36, 76, 6, 0, 0.06%, 9, 0, 8, 268.65
1734969393, 15, 37, 76, 6, 0, 0.06%, 9, 0, 8, 272.82
1734969398, 15, 38, 76, 6, 0, 0.06%, 9, 0, 8, 266.80
1734969403, 15, 43, 76, 6, 0, 0.06%, 9, 0, 8, 266.46
1734969408, 15, 51, 76, 6, 0, 0.06%, 9, 0, 8, 296.17
1734969418, 15, 60, 76, 6, 0, 0.06%, 9, 0, 8, 416.66
1734969469, 16, 11, 76, 5, 0, 0.06%, 9, 0, 8, 269.11
1734969474, 16, 12, 76, 5, 0, 0.06%, 9, 0, 8, 249.35
1734969479, 16, 13, 76, 5, 0, 0.06%, 9, 0, 8, 243.82
1734969484, 16, 15, 76, 5, 0, 0.06%, 9, 0, 8, 261.86
1734969489, 16, 21, 76, 5, 0, 0.06%, 9, 0, 8, 259.53
1734969494, 16, 25, 76, 5, 0, 0.06%, 9, 0, 8, 256.71
1734969499, 16, 29, 76, 5, 0, 0.06%, 9, 0, 8, 326.73
1734969549, 16, 31, 76, 4, 0, 0.06%, 9, 0, 8, 253.17
1734969555, 16, 32, 76, 4, 0, 0.06%, 9, 0, 8, 251.61
1734969560, 16, 36, 76, 4, 0, 0.06%, 9, 0, 8, 239.96
1734969565, 16, 38, 76, 4, 0, 0.06%, 9, 0, 8, 258.74
1734969570, 16, 40, 76, 4, 0, 0.06%, 9, 0, 8, 283.05
1734969621, 17, 11, 76, 3, 0, 0.06%, 9, 0, 8, 249.63
1734969626, 17, 12, 76, 3, 0, 0.06%, 9, 0, 8, 249.54
1734969631, 17, 13, 76, 3, 0, 0.06%, 9, 0, 8, 249.71
1734969636, 17, 15, 76, 3, 0, 0.06%, 9, 0, 8, 255.62
1734969641, 17, 19, 76, 3, 0, 0.06%, 9, 0, 8, 255.12
1734969646, 17, 21, 76, 3, 0, 0.06%, 9, 0, 8, 262.64
1734969656, 17, 32, 76, 3, 0, 0.06%, 9, 0, 8, 263.50
1734969661, 17, 33, 76, 3, 0, 0.06%, 9, 0, 8, 347.37
1734969799, 17, 36, 76, 2, 0, 0.06%, 9, 0, 8, 267.10
1734969809, 17, 38, 76, 2, 0, 0.06%, 9, 0, 8, 264.09
1734969814, 17, 52, 76, 2, 0, 0.06%, 9, 0, 8, 276.24
1734969819, 17, 56, 76, 2, 0, 0.06%, 9, 0, 8, 278.71
1734969829, 17, 59, 76, 2, 0, 0.06%, 9, 0, 8, 284.20
1734969834, 18, 1, 76, 2, 0, 0.06%, 9, 0, 8, 285.85
1734969839, 18, 12, 76, 2, 0, 0.06%, 9, 0, 8, 250.89
1734969844, 18, 13, 76, 2, 0, 0.06%, 9, 0, 8, 256.71
1734969849, 18, 15, 76, 2, 0, 0.06%, 9, 0, 8, 250.38
1734969854, 18, 21, 76, 2, 0, 0.06%, 9, 0, 8, 262.44
1734969859, 18, 32, 76, 2, 0, 0.06%, 9, 0, 8, 268.39
1734969864, 18, 36, 76, 2, 0, 0.06%, 9, 0, 8, 275.03
1734969874, 18, 38, 76, 2, 0, 0.06%, 9, 0, 8, 251.68
1734969880, 18, 58, 76, 2, 0, 0.06%, 9, 0, 8, 332.10
1734969890, 18, 72, 76, 2, 0, 0.06%, 9, 0, 8, 309.19
1734969915, 19, 11, 76, 2, 0, 0.06%, 9, 0, 8, 294.95
1734969920, 19, 12, 76, 2, 0, 0.06%, 9, 0, 8, 255.32
1734969925, 19, 13, 76, 2, 0, 0.06%, 9, 0, 8, 256.73
1734969931, 19, 15, 76, 2, 0, 0.06%, 9, 0, 8, 260.14
1734969936, 19, 16, 76, 2, 0, 0.06%, 9, 0, 8, 267.82
1734969941, 19, 21, 76, 2, 0, 0.06%, 9, 0, 8, 259.04
1734969951, 19, 23, 76, 2, 0, 0.06%, 9, 0, 8, 257.59
1734969956, 19, 32, 76, 2, 0, 0.06%, 9, 0, 8, 276.41
1734969961, 19, 33, 76, 2, 0, 0.06%, 9, 0, 8, 274.11
1734969966, 19, 36, 76, 2, 0, 0.06%, 9, 0, 8, 245.69
1734969971, 19, 38, 76, 2, 0, 0.06%, 9, 0, 8, 250.39
1734969976, 19, 47, 76, 2, 0, 0.06%, 9, 0, 8, 287.36
1734969981, 19, 58, 77, 3, 0, 0.06%, 9, 0, 8, 310.71
1734969986, 19, 76, 77, 3, 0, 0.06%, 9, 0, 8, 275.88
1734970012, 19, 76, 78, 4, 0, 0.06%, 9, 0, 8, 459.00
1734970169, 20, 11, 78, 3, 0, 0.06%, 9, 0, 8, 292.68
1734970174, 20, 12, 78, 3, 0, 0.06%, 9, 0, 8, 254.09
1734970179, 20, 13, 78, 3, 0, 0.06%, 9, 0, 8, 249.83
1734970184, 20, 15, 78, 3, 0, 0.06%, 9, 0, 8, 255.73
1734970189, 20, 18, 78, 3, 0, 0.06%, 9, 0, 8, 333.56
1734970240, 20, 20, 78, 2, 0, 0.06%, 9, 0, 8, 279.64
1734970245, 20, 21, 78, 2, 0, 0.06%, 9, 0, 8, 244.86
1734970250, 20, 32, 78, 2, 0, 0.06%, 9, 0, 8, 253.76
1734970255, 20, 36, 78, 2, 0, 0.06%, 9, 0, 8, 263.33
1734970260, 20, 38, 78, 2, 0, 0.06%, 9, 0, 8, 258.61
1734970265, 20, 46, 78, 2, 0, 0.06%, 9, 0, 8, 252.58
1734970270, 20, 71, 78, 2, 0, 0.06%, 9, 0, 8, 260.02
1734970615, 21, 11, 78, 1, 0, 0.06%, 9, 0, 8, 281.07
1734970620, 21, 12, 78, 1, 0, 0.06%, 9, 0, 8, 256.57
1734970625, 21, 13, 78, 1, 0, 0.06%, 9, 0, 8, 255.79
1734970630, 21, 14, 78, 1, 0, 0.06%, 9, 0, 8, 261.64
1734970635, 21, 15, 78, 1, 0, 0.06%, 9, 0, 8, 270.92
1734970640, 21, 21, 78, 1, 0, 0.06%, 9, 0, 8, 248.11
1734970645, 21, 32, 78, 1, 0, 0.06%, 9, 0, 8, 259.58
1734970651, 21, 33, 78, 1, 0, 0.06%, 9, 0, 8, 280.54
1734970656, 21, 36, 78, 1, 0, 0.06%, 9, 0, 8, 249.61
1734970661, 21, 38, 78, 1, 0, 0.06%, 9, 0, 8, 267.19
1734970666, 21, 65, 78, 1, 0, 0.06%, 9, 0, 8, 273.74
1734970676, 22, 10, 78, 1, 0, 0.06%, 9, 0, 8, 272.23
1734970681, 22, 12, 78, 1, 0, 0.06%, 9, 0, 8, 266.35
1734970687, 22, 13, 78, 1, 0, 0.06%, 9, 0, 8, 265.09
1734970692, 22, 15, 78, 1, 0, 0.06%, 9, 0, 8, 276.19
1734970702, 22, 21, 78, 1, 0, 0.06%, 9, 0, 8, 263.77
1734970707, 22, 32, 78, 1, 0, 0.06%, 9, 0, 8, 265.31
1734970712, 22, 36, 78, 1, 0, 0.06%, 9, 0, 8, 268.13
1734970717, 22, 38, 78, 1, 0, 0.06%, 9, 0, 8, 263.48
1734970722, 22, 59, 78, 1, 0, 0.06%, 9, 0, 8, 294.68
1734970727, 22, 65, 78, 1, 0, 0.06%, 9, 0, 8, 302.81
1734970737, 22, 72, 78, 1, 0, 0.06%, 9, 0, 8, 318.03
1734970743, 23, 11, 78, 1, 0, 0.06%, 9, 0, 8, 288.26
1734970748, 23, 12, 78, 1, 0, 0.06%, 9, 0, 8, 246.37
1734970753, 23, 13, 78, 1, 0, 0.06%, 9, 0, 8, 246.66
1734970758, 23, 15, 78, 1, 0, 0.06%, 9, 0, 8, 257.87
1734970763, 23, 21, 78, 1, 0, 0.06%, 9, 0, 8, 261.16
1734970768, 23, 29, 78, 1, 0, 0.06%, 9, 0, 8, 280.51
1734970773, 23, 32, 78, 1, 0, 0.06%, 9, 0, 8, 261.99
1734970783, 23, 34, 78, 1, 0, 0.06%, 9, 0, 8, 270.01
1734970788, 23, 36, 78, 1, 0, 0.06%, 9, 0, 8, 264.42
1734970793, 23, 38, 78, 1, 0, 0.06%, 9, 0, 8, 267.34
1734970798, 23, 62, 78, 1, 0, 0.06%, 9, 0, 8, 299.62
1734970808, 23, 77, 78, 1, 0, 0.06%, 9, 0, 8, 389.32
1734971006, 24, 12, 78, 0, 0, 0.06%, 9, 0, 8, 261.08
1734971016, 24, 13, 78, 0, 0, 0.06%, 9, 0, 8, 271.51
1734971021, 24, 15, 78, 0, 0, 0.06%, 9, 0, 8, 278.96
1734971027, 24, 21, 78, 0, 0, 0.06%, 9, 0, 8, 290.79
1734971032, 24, 36, 78, 0, 0, 0.06%, 9, 0, 8, 268.65
1734971042, 24, 38, 78, 0, 0, 0.06%, 9, 0, 8, 270.89
1734971047, 25, 12, 78, 0, 0, 0.06%, 9, 0, 8, 254.22
1734971052, 25, 13, 78, 0, 0, 0.06%, 9, 0, 8, 258.54
1734971057, 25, 15, 78, 0, 0, 0.06%, 9, 0, 8, 259.06
