# unix_time, cycles_done, cur_path, paths_total, pending_total, pending_favs, map_size, unique_crashes, unique_hangs, max_depth, execs_per_sec
1734971063, 0, 0, 10, 10, 1, 0.00%, 0, 0, 1, 153.55
1734971068, 0, 3, 10, 10, 1, 0.00%, 0, 0, 1, 190.05
1734971073, 0, 4, 10, 9, 0, 0.00%, 0, 0, 1, 177.72
1734971083, 0, 5, 10, 8, 0, 0.00%, 0, 0, 1, 193.51
1734971088, 0, 6, 10, 7, 0, 0.00%, 0, 0, 1, 175.12
1734971098, 0, 7, 10, 6, 0, 0.00%, 0, 0, 1, 192.58
1734971104, 0, 7, 11, 7, 0, 0.05%, 1, 0, 2, 190.56
1734971109, 0, 10, 11, 6, 1, 0.05%, 1, 0, 2, 212.86
1734971114, 0, 10, 12, 7, 1, 0.05%, 2, 0, 3, 209.49
1734971129, 0, 11, 15, 9, 1, 0.06%, 5, 0, 4, 225.10
1734971134, 0, 11, 16, 10, 1, 0.06%, 5, 0, 4, 212.67
1734971159, 0, 12, 16, 9, 3, 0.06%, 5, 0, 4, 231.51
1734971170, 0, 12, 18, 11, 3, 0.06%, 7, 0, 5, 205.04
1734971175, 0, 12, 19, 12, 3, 0.06%, 8, 0, 5, 202.84
1734971200, 0, 12, 20, 13, 3, 0.07%, 9, 0, 5, 204.80
1734971205, 0, 12, 21, 14, 3, 0.07%, 9, 0, 5, 207.74
1734971236, 0, 12, 22, 15, 3, 0.07%, 9, 0, 5, 205.45
1734971322, 0, 13, 22, 14, 6, 0.07%, 9, 0, 5, 230.01
1734971337, 0, 14, 22, 13, 5, 0.07%, 9, 0, 5, 240.22
1734971352, 0, 16, 23, 13, 4, 0.07%, 9, 0, 6, 206.19
1734971357, 0, 16, 24, 14, 4, 0.07%, 10, 0, 6, 413.99
1734971362, 0, 16, 26, 16, 4, 0.07%, 10, 0, 6, 363.27
1734971367, 0, 16, 28, 18, 4, 0.07%, 10, 0, 6, 278.92
1734971382, 0, 16, 29, 19, 4, 0.07%, 10, 0, 6, 252.48
1734971407, 0, 16, 30, 20, 4, 0.07%, 10, 0, 6, 253.68
1734971443, 0, 16, 31, 21, 4, 0.07%, 10, 0, 6, 255.10
1734971458, 0, 17, 31, 20, 5, 0.07%, 10, 0, 6, 244.81
1734971463, 0, 17, 32, 21, 5, 0.07%, 10, 0, 6, 215.94
1734971473, 0, 18, 32, 20, 4, 0.07%, 10, 0, 6, 223.01
1734971488, 0, 19, 32, 19, 3, 0.07%, 10, 0, 6, 257.12
1734971493, 0, 19, 33, 20, 3, 0.07%, 10, 0, 6, 237.14
1734971509, 0, 19, 34, 21, 3, 0.07%, 10, 0, 6, 230.42
1734971529, 0, 19, 35, 22, 3, 0.07%, 10, 0, 6, 232.20
1734971594, 0, 19, 36, 23, 3, 0.07%, 10, 0, 6, 229.14
1734971599, 0, 23, 37, 23, 2, 0.07%, 10, 0, 7, 389.48
1734971620, 0, 26, 37, 22, 1, 0.07%, 10, 0, 7, 268.41
1734971635, 1, 11, 37, 21, 0, 0.07%, 10, 0, 7, 210.75
1734971640, 1, 12, 37, 21, 0, 0.07%, 10, 0, 7, 207.39
1734971645, 1, 14, 37, 21, 0, 0.07%, 10, 0, 7, 208.87
1734971650, 1, 14, 38, 22, 0, 0.07%, 10, 0, 7, 205.45
1734971655, 1, 18, 38, 22, 0, 0.07%, 10, 0, 7, 206.44
1734971660, 1, 19, 38, 22, 0, 0.07%, 10, 0, 7, 217.22
1734971665, 1, 20, 38, 22, 0, 0.07%, 10, 0, 7, 243.55
1734971680, 1, 21, 38, 21, 0, 0.07%, 10, 0, 7, 369.23
1734971701, 1, 22, 38, 20, 0, 0.07%, 10, 0, 7, 306.63
1734971716, 1, 22, 39, 21, 0, 0.07%, 10, 0, 7, 266.19
1734971736, 1, 25, 39, 20, 0, 0.07%, 10, 0, 7, 301.75
1734971752, 1, 26, 39, 19, 0, 0.07%, 10, 0, 7, 232.38
1734971757, 1, 30, 39, 19, 0, 0.07%, 10, 0, 7, 320.79
1734971777, 1, 32, 40, 19, 0, 0.07%, 10, 0, 7, 339.73
1734971782, 1, 32, 41, 20, 0, 0.07%, 10, 0, 7, 385.09
1734971797, 1, 32, 42, 21, 0, 0.07%, 10, 0, 7, 260.62
1734971813, 1, 33, 42, 20, 0, 0.07%, 10, 0, 7, 263.93
1734971828, 1, 33, 43, 21, 0, 0.07%, 10, 0, 7, 225.77
1734971843, 1, 37, 43, 20, 0, 0.07%, 10, 0, 7, 298.83
1734971863, 1, 39, 43, 19, 0, 0.07%, 10, 0, 7, 302.42
1734971884, 1, 39, 44, 20, 0, 0.07%, 10, 0, 8, 267.47
1734971894, 1, 39, 45, 21, 0, 0.07%, 10, 0, 8, 258.43
1734971904, 1, 39, 46, 22, 0, 0.07%, 10, 0, 8, 264.93
1734971924, 1, 39, 47, 23, 0, 0.07%, 10, 0, 8, 262.05
1734971929, 1, 39, 48, 24, 0, 0.07%, 10, 0, 8, 271.19
1734971970, 1, 43, 48, 23, 0, 0.07%, 10, 0, 8, 439.05
1734971996, 1, 43, 49, 24, 0, 0.07%, 10, 0, 9, 278.51
1734972026, 1, 43, 50, 25, 0, 0.07%, 10, 0, 9, 272.80
1734972051, 2, 10, 50, 24, 0, 0.07%, 10, 0, 9, 261.53
1734972056, 2, 13, 50, 24, 0, 0.07%, 10, 0, 9, 234.00
1734972061, 2, 17, 51, 25, 0, 0.07%, 10, 0, 9, 223.70
1734972066, 2, 19, 51, 25, 0, 0.07%, 10, 0, 9, 231.55
1734972072, 2, 24, 51, 25, 0, 0.07%, 10, 0, 9, 333.89
1734972087, 2, 28, 51, 24, 0, 0.07%, 10, 0, 9, 319.64
1734972107, 2, 34, 51, 23, 0, 0.07%, 10, 0, 9, 345.07
1734972117, 2, 36, 51, 22, 0, 0.07%, 10, 0, 9, 284.02
1734972128, 2, 36, 52, 23, 0, 0.07%, 10, 0, 9, 386.52
1734972133, 2, 36, 54, 25, 0, 0.07%, 10, 0, 9, 318.35
1734972158, 2, 36, 55, 26, 0, 0.07%, 10, 0, 9, 304.73
1734972234, 2, 41, 55, 25, 0, 0.07%, 10, 0, 9, 316.39
1734972264, 2, 53, 55, 24, 0, 0.07%, 10, 0, 9, 385.10
1734972326, 2, 54, 55, 23, 0, 0.07%, 10, 0, 9, 367.96
1734972356, 2, 54, 56, 24, 0, 0.07%, 10, 0, 9, 359.50
1734972361, 2, 54, 57, 25, 0, 0.07%, 10, 0, 9, 326.46
1734972372, 2, 54, 58, 26, 0, 0.07%, 10, 0, 9, 313.46
1734972377, 2, 54, 59, 27, 0, 0.07%, 10, 0, 9, 320.68
1734972412, 2, 56, 59, 26, 0, 0.07%, 10, 0, 9, 342.81
1734972438, 2, 56, 60, 27, 0, 0.07%, 10, 0, 10, 302.13
1734972463, 2, 59, 60, 26, 1, 0.07%, 10, 0, 10, 314.35
1734972478, 2, 59, 61, 27, 1, 0.07%, 10, 0, 11, 291.14
1734972513, 2, 60, 61, 26, 0, 0.07%, 10, 0, 11, 273.75
1734972585, 3, 12, 61, 25, 0, 0.07%, 10, 0, 11, 262.83
1734972590, 3, 17, 61, 25, 0, 0.07%, 10, 0, 11, 243.98
1734972595, 3, 19, 61, 25, 0, 0.07%, 10, 0, 11, 253.05
1734972600, 3, 27, 61, 25, 0, 0.07%, 10, 0, 11, 293.98
1734972610, 3, 31, 61, 24, 0, 0.07%, 10, 0, 11, 272.82
1734972615, 3, 31, 63, 26, 0, 0.07%, 10, 0, 11, 251.32
1734972620, 3, 31, 64, 27, 0, 0.07%, 10, 0, 11, 246.43
1734972631, 3, 38, 64, 26, 0, 0.07%, 10, 0, 11, 297.75
1734972676, 3, 51, 64, 25, 0, 0.07%, 10, 0, 11, 408.86
1734972712, 3, 56, 64, 24, 0, 0.07%, 10, 0, 11, 293.47
1734972717, 3, 59, 64, 24, 0, 0.07%, 10, 0, 11, 286.17
1734972722, 4, 12, 64, 24, 0, 0.07%, 10, 0, 11, 260.68
1734972727, 4, 14, 64, 24, 0, 0.07%, 10, 0, 11, 243.41
1734972732, 4, 19, 64, 24, 0, 0.07%, 10, 0, 11, 246.87
1734972737, 4, 26, 64, 24, 0, 0.07%, 10, 0, 11, 255.47
1734972743, 4, 52, 64, 24, 0, 0.07%, 10, 0, 11, 356.47
1734972773, 4, 54, 64, 23, 0, 0.07%, 10, 0, 11, 277.04
1734972778, 4, 54, 65, 24, 0, 0.07%, 10, 0, 11, 305.66
1734972783, 4, 55, 65, 24, 0, 0.07%, 10, 0, 11, 321.47
1734972844, 4, 55, 66, 25, 0, 0.07%, 10, 0, 11, 323.67
1734972854, 4, 55, 67, 26, 0, 0.07%, 10, 0, 11, 327.21
1734972884, 4, 55, 69, 28, 0, 0.07%, 10, 0, 11, 318.77
1734972905, 4, 59, 69, 27, 0, 0.07%, 10, 0, 11, 298.14
1734972910, 4, 64, 70, 28, 0, 0.07%, 10, 0, 11, 390.94
1734972991, 4, 64, 71, 29, 0, 0.07%, 10, 0, 11, 319.13
1734973052, 4, 70, 71, 28, 0, 0.07%, 10, 0, 11, 318.19
1734973154, 5, 2, 71, 27, 0, 0.07%, 10, 0, 11, 252.41
1734973159, 5, 8, 71, 26, 0, 0.07%, 10, 0, 11, 215.74
1734973164, 5, 10, 71, 24, 0, 0.07%, 10, 0, 11, 211.45
1734973169, 5, 13, 71, 24, 0, 0.07%, 10, 0, 11, 230.00
1734973174, 5, 18, 71, 24, 0, 0.07%, 10, 0, 11, 228.13
1734973179, 5, 26, 71, 24, 0, 0.07%, 10, 0, 11, 249.28
1734973184, 5, 29, 71, 24, 0, 0.07%, 10, 0, 11, 396.16
1734973200, 5, 42, 71, 23, 0, 0.07%, 10, 0, 11, 313.35
1734973235, 5, 42, 72, 24, 0, 0.07%, 10, 0, 11, 295.85
1734973266, 5, 44, 72, 23, 0, 0.07%, 10, 0, 11, 387.80
1734973332, 5, 63, 72, 22, 0, 0.07%, 10, 0, 11, 302.53
1734973337, 5, 63, 73, 23, 0, 0.07%, 10, 0, 11, 248.01
1734973342, 5, 63, 74, 24, 0, 0.07%, 10, 0, 11, 242.05
1734973347, 5, 63, 75, 25, 0, 0.08%, 11, 0, 11, 246.07
1734973352, 5, 63, 76, 26, 0, 0.08%, 11, 0, 11, 244.03
1734973408, 5, 63, 77, 27, 0, 0.08%, 11, 0, 11, 241.95
1734973429, 5, 63, 78, 28, 0, 0.08%, 11, 0, 11, 245.32
1734973470, 5, 74, 78, 27, 1, 0.08%, 11, 0, 11, 252.26
1734973525, 5, 76, 80, 28, 0, 0.08%, 12, 0, 11, 303.66
1734973530, 5, 76, 81, 29, 0, 0.08%, 12, 0, 11, 273.14
1734973541, 5, 76, 82, 30, 0, 0.08%, 12, 0, 11, 256.84
1734973627, 5, 79, 85, 32, 1, 0.11%, 15, 0, 11, 302.66
1734973637, 5, 79, 86, 33, 1, 0.11%, 15, 0, 11, 267.08
1734973642, 5, 79, 87, 34, 1, 0.11%, 15, 0, 11, 262.82
1734973728, 5, 82, 87, 33, 3, 0.11%, 15, 0, 11, 296.89
1734973794, 5, 83, 87, 32, 2, 0.11%, 15, 0, 11, 304.18
1734973865, 5, 84, 87, 31, 1, 0.11%, 15, 0, 11, 305.64
1734973920, 5, 84, 88, 32, 1, 0.11%, 15, 0, 11, 257.50
1734973996, 5, 87, 91, 34, 1, 0.13%, 17, 0, 12, 307.22
1734974042, 5, 87, 92, 35, 1, 0.13%, 17, 0, 12, 255.33
1734974047, 5, 87, 93, 36, 1, 0.13%, 17, 0, 12, 264.40
1734974097, 5, 87, 94, 37, 1, 0.13%, 17, 0, 12, 257.95
1734974128, 5, 88, 94, 36, 3, 0.13%, 17, 0, 12, 305.67
1734974159, 5, 88, 95, 37, 3, 0.13%, 17, 0, 13, 258.27
1734974219, 5, 88, 96, 38, 3, 0.13%, 18, 0, 13, 259.63
1734974260, 5, 89, 98, 39, 3, 0.13%, 19, 0, 13, 282.90
1734974296, 5, 89, 99, 40, 3, 0.13%, 19, 0, 13, 262.58
1734974392, 5, 95, 99, 39, 3, 0.13%, 19, 0, 13, 296.38
1734974428, 5, 95, 100, 40, 3, 0.13%, 19, 0, 14, 253.71
1734974499, 5, 95, 101, 41, 3, 0.13%, 19, 0, 14, 253.39
1734974509, 5, 95, 102, 42, 3, 0.14%, 20, 0, 14, 260.96
1734974524, 5, 96, 103, 42, 3, 0.14%, 21, 0, 14, 296.12
1734974595, 5, 97, 103, 41, 3, 0.14%, 21, 0, 14, 312.60
1734974615, 5, 97, 104, 42, 3, 0.14%, 22, 0, 14, 254.72
1734974655, 5, 97, 106, 44, 3, 0.15%, 23, 0, 14, 265.54
1734974671, 5, 97, 107, 45, 3, 0.15%, 23, 0, 14, 257.93
1734974691, 5, 101, 107, 44, 4, 0.15%, 23, 0, 14, 307.43
1734974762, 5, 102, 107, 43, 3, 0.15%, 23, 0, 14, 318.79
1734974833, 5, 103, 108, 43, 2, 0.15%, 24, 0, 15, 243.69
1734974838, 5, 103, 109, 44, 2, 0.15%, 24, 0, 15, 300.02
1734974844, 5, 103, 110, 45, 2, 0.15%, 24, 0, 15, 267.20
1734974849, 5, 103, 112, 47, 2, 0.15%, 24, 0, 15, 266.49
1734974854, 5, 103, 113, 48, 2, 0.15%, 24, 0, 15, 257.86
1734974864, 5, 103, 114, 49, 2, 0.15%, 24, 0, 15, 265.74
1734974894, 5, 103, 115, 50, 2, 0.15%, 24, 0, 15, 261.80
1734974965, 5, 105, 116, 50, 2, 0.15%, 25, 0, 15, 332.75
1734975011, 5, 105, 117, 51, 2, 0.15%, 25, 0, 15, 262.97
1734975042, 5, 105, 118, 52, 2, 0.15%, 25, 0, 15, 267.17
1734975098, 5, 107, 118, 51, 3, 0.15%, 25, 0, 15, 276.44
1734975113, 5, 107, 119, 52, 3, 0.15%, 25, 0, 16, 269.18
1734975174, 5, 107, 120, 53, 3, 0.15%, 25, 0, 16, 259.49
1734975230, 5, 107, 121, 54, 3, 0.15%, 25, 0, 16, 257.71
1734975235, 5, 115, 121, 53, 2, 0.15%, 25, 0, 16, 283.04
1734975280, 5, 115, 122, 54, 2, 0.15%, 25, 0, 16, 264.25
1734975341, 5, 115, 123, 55, 2, 0.15%, 25, 0, 16, 260.02
1734975366, 5, 116, 123, 54, 2, 0.15%, 25, 0, 16, 325.97
1734975437, 5, 121, 126, 56, 1, 0.15%, 27, 0, 17, 328.12
1734975498, 5, 121, 128, 58, 1, 0.15%, 27, 0, 17, 280.50
1734975513, 5, 121, 129, 59, 1, 0.15%, 27, 0, 17, 277.97
1734975528, 5, 121, 130, 60, 1, 0.15%, 27, 0, 17, 283.23
1734975538, 5, 121, 131, 61, 1, 0.15%, 27, 0, 17, 289.67
1734975549, 5, 121, 132, 62, 1, 0.15%, 27, 0, 17, 279.81
1734975559, 5, 123, 132, 61, 2, 0.15%, 27, 0, 17, 316.96
1734975624, 5, 123, 133, 62, 2, 0.15%, 27, 0, 18, 282.56
1734975629, 5, 123, 134, 63, 2, 0.16%, 28, 0, 18, 278.19
1734975635, 5, 123, 135, 64, 2, 0.16%, 28, 0, 18, 285.01
1734975660, 5, 123, 136, 65, 2, 0.16%, 28, 0, 18, 283.10
1734975681, 5, 125, 137, 65, 2, 0.16%, 28, 0, 18, 277.65
1734975686, 5, 125, 137, 65, 2, 0.16%, 29, 0, 18, 372.72
1734975701, 5, 125, 138, 66, 2, 0.16%, 29, 0, 18, 277.19
1734975721, 5, 125, 139, 67, 2, 0.16%, 29, 0, 18, 278.35
1734975741, 5, 125, 140, 68, 2, 0.16%, 29, 0, 18, 281.81
1734975807, 5, 133, 140, 67, 2, 0.16%, 29, 0, 18, 178.05
1734976195, 5, 133, 141, 68, 2, 0.16%, 30, 0, 19, 237.74
1734976559, 5, 133, 142, 69, 2, 0.17%, 31, 0, 19, 456.34
1734976818, 5, 133, 144, 71, 2, 0.17%, 31, 0, 19, 402.23
1734976823, 5, 133, 145, 72, 2, 0.17%, 31, 0, 19, 399.11
1734976848, 5, 133, 150, 77, 2, 0.17%, 31, 0, 19, 380.36
1734976853, 5, 133, 151, 78, 2, 0.17%, 31, 0, 19, 386.88
1734976858, 5, 133, 152, 79, 2, 0.17%, 31, 0, 19, 393.76
1734976873, 5, 133, 153, 80, 2, 0.17%, 31, 0, 19, 392.17
1734980666, 5, 136, 153, 79, 3, 0.17%, 31, 0, 19, 427.99
1734980686, 5, 136, 154, 80, 3, 0.17%, 31, 0, 19, 275.72
1734980788, 5, 140, 154, 79, 2, 0.17%, 31, 0, 19, 211.35
