# unix_time, cycles_done, cur_path, paths_total, pending_total, pending_favs, map_size, unique_crashes, unique_hangs, max_depth, execs_per_sec
1734308303, 0, 0, 10, 10, 1, 0.00%, 0, 0, 1, 156.25
1734308308, 0, 2, 10, 10, 1, 0.00%, 0, 0, 1, 183.28
1734308313, 0, 3, 10, 9, 0, 0.00%, 0, 0, 1, 172.20
1734308324, 0, 4, 10, 8, 0, 0.00%, 0, 0, 1, 188.58
1734308329, 0, 5, 10, 7, 0, 0.00%, 0, 0, 1, 180.56
1734308339, 0, 6, 10, 6, 0, 0.00%, 0, 0, 1, 189.29
1734308349, 0, 7, 10, 5, 0, 0.00%, 0, 0, 1, 186.67
1734308354, 0, 8, 10, 4, 0, 0.00%, 0, 0, 1, 175.92
1734308364, 0, 9, 10, 3, 0, 0.00%, 0, 0, 1, 186.63
1734308369, 1, 0, 10, 2, 0, 0.00%, 0, 0, 1, 178.19
1734308380, 1, 1, 10, 1, 0, 0.00%, 0, 0, 1, 179.85
1734308390, 1, 2, 10, 0, 0, 0.00%, 0, 0, 1, 184.18
1734308395, 1, 3, 10, 0, 0, 0.00%, 0, 0, 1, 186.66
1734308400, 1, 4, 10, 0, 0, 0.00%, 0, 0, 1, 182.77
1734308405, 1, 5, 10, 0, 0, 0.00%, 0, 0, 1, 184.70
1734308410, 1, 7, 10, 0, 0, 0.00%, 0, 0, 1, 185.47
1734308416, 1, 8, 10, 0, 0, 0.00%, 0, 0, 1, 181.19
1734308421, 1, 9, 10, 0, 0, 0.00%, 0, 0, 1, 186.51
1734308426, 2, 1, 10, 0, 0, 0.00%, 0, 0, 1, 186.90
1734308431, 2, 2, 10, 0, 0, 0.00%, 0, 0, 1, 186.12
1734308436, 2, 3, 10, 0, 0, 0.00%, 0, 0, 1, 188.53
1734308441, 2, 5, 10, 0, 0, 0.00%, 0, 0, 1, 190.12
1734308447, 2, 6, 10, 0, 0, 0.00%, 0, 0, 1, 187.55
1734308452, 2, 7, 10, 0, 0, 0.00%, 0, 0, 1, 186.00
1734308457, 2, 9, 10, 0, 0, 0.00%, 0, 0, 1, 188.71
1734308462, 3, 0, 10, 0, 0, 0.00%, 0, 0, 1, 188.56
1734308467, 3, 1, 10, 0, 0, 0.00%, 0, 0, 1, 186.99
1734308472, 3, 2, 10, 0, 0, 0.00%, 0, 0, 1, 183.50
1734308477, 3, 4, 10, 0, 0, 0.00%, 0, 0, 1, 190.45
1734308483, 3, 10, 12, 2, 1, 0.05%, 1, 0, 3, 205.21
1734308488, 3, 10, 13, 3, 1, 0.05%, 3, 0, 3, 203.90
1734308549, 3, 10, 16, 6, 1, 0.05%, 4, 0, 3, 211.44
1734308559, 3, 10, 17, 7, 1, 0.05%, 4, 0, 3, 200.66
1734308565, 3, 10, 20, 10, 1, 0.05%, 4, 0, 3, 227.81
1734308570, 3, 13, 21, 10, 2, 0.06%, 5, 0, 4, 220.20
1734308590, 3, 14, 22, 10, 2, 0.06%, 5, 0, 4, 238.73
1734308610, 3, 20, 22, 9, 1, 0.06%, 5, 0, 4, 203.74
1734308615, 3, 20, 23, 10, 1, 0.06%, 6, 0, 5, 211.97
1734308620, 3, 20, 24, 11, 1, 0.06%, 6, 0, 5, 204.26
1734308671, 3, 20, 25, 12, 1, 0.06%, 7, 0, 5, 204.90
1734308742, 3, 20, 26, 13, 1, 0.06%, 7, 0, 5, 200.81
1734308752, 3, 22, 28, 14, 2, 0.06%, 9, 0, 6, 226.82
1734308762, 3, 22, 29, 15, 2, 0.06%, 9, 0, 6, 207.90
1734308768, 3, 22, 30, 16, 2, 0.06%, 9, 0, 6, 209.02
1734308848, 3, 22, 31, 17, 2, 0.06%, 9, 0, 6, 210.70
1734308879, 3, 22, 33, 19, 2, 0.06%, 9, 0, 6, 238.70
1734308884, 3, 24, 33, 18, 3, 0.06%, 9, 0, 6, 277.50
1734308899, 3, 24, 35, 20, 3, 0.06%, 9, 0, 6, 216.71
1734308904, 3, 24, 36, 21, 3, 0.06%, 9, 0, 6, 226.69
1734308909, 3, 24, 37, 22, 3, 0.06%, 9, 0, 6, 237.91
1734308935, 3, 24, 38, 23, 3, 0.06%, 9, 0, 6, 233.61
1734309006, 3, 26, 38, 22, 2, 0.06%, 9, 0, 6, 262.08
1734309021, 3, 26, 39, 23, 2, 0.06%, 9, 0, 7, 217.43
1734309036, 3, 26, 40, 24, 2, 0.06%, 9, 0, 7, 213.80
1734309077, 3, 26, 41, 25, 2, 0.06%, 9, 0, 7, 217.51
1734309133, 3, 27, 42, 25, 2, 0.06%, 9, 0, 7, 227.94
1734309138, 3, 27, 43, 26, 2, 0.06%, 9, 0, 7, 242.24
1734309148, 3, 27, 44, 27, 2, 0.06%, 9, 0, 7, 217.87
1734309158, 3, 27, 45, 28, 2, 0.06%, 9, 0, 7, 219.76
1734309225, 3, 27, 46, 29, 2, 0.06%, 9, 0, 7, 217.62
1734309255, 3, 27, 47, 30, 2, 0.06%, 9, 0, 7, 216.73
1734309260, 3, 38, 48, 30, 1, 0.06%, 9, 0, 7, 281.72
1734309270, 3, 38, 49, 31, 1, 0.06%, 9, 0, 8, 224.17
1734309306, 3, 38, 50, 32, 1, 0.06%, 9, 0, 8, 227.98
1734309311, 4, 13, 50, 31, 0, 0.06%, 9, 0, 8, 229.07
1734309316, 4, 14, 50, 31, 0, 0.06%, 9, 0, 8, 225.79
1734309321, 4, 17, 50, 31, 0, 0.06%, 9, 0, 8, 309.38
1734309336, 4, 18, 50, 30, 0, 0.06%, 9, 0, 8, 269.78
1734309351, 4, 20, 50, 29, 0, 0.06%, 9, 0, 8, 230.57
1734309367, 4, 22, 50, 29, 0, 0.06%, 9, 0, 8, 233.08
1734309377, 4, 23, 50, 29, 0, 0.06%, 9, 0, 8, 264.56
1734309407, 4, 24, 50, 28, 0, 0.06%, 9, 0, 8, 227.49
1734309423, 4, 27, 50, 28, 0, 0.06%, 9, 0, 8, 216.32
1734309433, 4, 32, 50, 28, 0, 0.06%, 9, 0, 8, 301.39
1734309443, 4, 32, 51, 29, 0, 0.06%, 9, 0, 8, 273.34
1734309448, 4, 32, 52, 30, 0, 0.06%, 9, 0, 8, 255.03
1734309453, 4, 32, 53, 31, 0, 0.06%, 9, 0, 8, 254.51
1734309489, 4, 32, 54, 32, 0, 0.06%, 9, 0, 8, 256.14
1734309579, 4, 35, 54, 31, 0, 0.06%, 9, 0, 8, 319.36
1734309584, 4, 35, 55, 32, 0, 0.06%, 9, 0, 8, 260.78
1734309625, 4, 36, 55, 31, 0, 0.06%, 9, 0, 8, 302.23
1734309691, 4, 38, 55, 30, 0, 0.06%, 9, 0, 8, 224.26
1734309701, 4, 48, 57, 32, 0, 0.06%, 9, 0, 8, 273.17
1734309747, 4, 48, 59, 34, 0, 0.06%, 9, 0, 9, 268.37
1734309758, 4, 48, 60, 35, 0, 0.06%, 9, 0, 9, 279.07
1734309763, 4, 48, 61, 36, 0, 0.06%, 9, 0, 9, 273.10
1734309803, 4, 48, 62, 37, 0, 0.06%, 9, 0, 9, 276.01
1734309848, 4, 49, 62, 36, 0, 0.06%, 9, 0, 9, 319.27
1734309884, 4, 49, 63, 37, 0, 0.06%, 9, 0, 9, 252.47
1734309889, 4, 51, 63, 36, 0, 0.06%, 9, 0, 9, 297.33
1734309894, 4, 51, 67, 40, 0, 0.06%, 9, 0, 9, 398.97
1734310032, 4, 52, 67, 39, 0, 0.06%, 9, 0, 9, 300.73
1734310088, 4, 60, 67, 38, 0, 0.06%, 9, 0, 9, 294.14
1734310205, 4, 61, 67, 37, 0, 0.06%, 9, 0, 9, 356.34
1734310286, 4, 61, 68, 38, 0, 0.06%, 9, 0, 10, 290.55
1734310387, 4, 65, 68, 37, 0, 0.06%, 9, 0, 10, 375.76
1734310520, 5, 13, 68, 36, 0, 0.06%, 9, 0, 10, 249.19
1734310525, 5, 14, 68, 36, 0, 0.06%, 9, 0, 10, 237.69
1734310535, 5, 20, 68, 36, 0, 0.06%, 9, 0, 10, 219.30
1734310545, 5, 22, 69, 37, 0, 0.06%, 9, 0, 10, 232.90
1734310561, 5, 24, 69, 37, 0, 0.06%, 9, 0, 10, 236.46
1734310566, 5, 24, 70, 38, 0, 0.06%, 9, 0, 10, 261.44
1734310571, 5, 27, 70, 38, 0, 0.06%, 9, 0, 10, 235.98
1734310581, 5, 29, 70, 38, 0, 0.06%, 9, 0, 10, 234.92
1734310616, 5, 31, 70, 37, 0, 0.06%, 9, 0, 10, 305.26
1734310647, 5, 35, 70, 36, 0, 0.06%, 9, 0, 10, 248.80
1734310657, 5, 38, 70, 36, 0, 0.06%, 9, 0, 10, 238.77
1734310673, 5, 39, 70, 36, 0, 0.06%, 9, 0, 10, 346.66
1734310708, 5, 43, 70, 35, 0, 0.06%, 9, 0, 10, 223.75
1734311146, 5, 50, 70, 34, 0, 0.06%, 9, 0, 10, 409.68
1734311212, 5, 66, 70, 33, 0, 0.06%, 9, 0, 10, 371.68
1734311339, 6, 13, 70, 32, 0, 0.06%, 9, 0, 10, 269.88
1734311345, 6, 19, 70, 32, 0, 0.06%, 9, 0, 10, 367.26
1734311365, 6, 20, 70, 31, 0, 0.06%, 9, 0, 10, 258.92
1734311370, 6, 22, 70, 31, 0, 0.06%, 9, 0, 10, 266.14
1734311375, 6, 24, 70, 31, 0, 0.06%, 9, 0, 10, 265.94
1734311380, 6, 25, 70, 31, 0, 0.06%, 9, 0, 10, 291.81
1734311415, 6, 27, 70, 30, 0, 0.06%, 9, 0, 10, 256.34
1734311420, 6, 30, 70, 30, 0, 0.06%, 9, 0, 10, 372.47
1734311451, 6, 35, 70, 29, 0, 0.06%, 9, 0, 10, 252.01
1734311466, 6, 38, 70, 29, 0, 0.06%, 9, 0, 10, 259.26
1734311471, 6, 41, 70, 29, 0, 0.06%, 9, 0, 10, 311.21
1734311496, 6, 42, 70, 28, 0, 0.06%, 9, 0, 10, 270.13
1734311527, 6, 55, 70, 27, 0, 0.06%, 9, 0, 10, 341.70
1734311598, 6, 68, 70, 26, 0, 0.06%, 9, 0, 10, 273.92
1734311704, 7, 11, 70, 25, 0, 0.06%, 9, 0, 10, 266.51
1734311719, 7, 13, 70, 24, 0, 0.06%, 9, 0, 10, 239.99
1734311725, 7, 15, 70, 24, 0, 0.06%, 9, 0, 10, 250.32
1734311745, 7, 16, 70, 23, 0, 0.06%, 9, 0, 10, 333.93
1734311760, 7, 18, 70, 22, 0, 0.06%, 9, 0, 10, 274.13
1734311765, 7, 20, 70, 22, 0, 0.06%, 9, 0, 10, 256.43
1734311770, 7, 22, 70, 22, 0, 0.06%, 9, 0, 10, 269.22
1734311775, 7, 23, 70, 22, 0, 0.06%, 9, 0, 10, 266.84
1734311791, 7, 24, 70, 22, 0, 0.06%, 9, 0, 10, 268.51
1734311796, 7, 27, 70, 22, 0, 0.06%, 9, 0, 10, 266.38
1734311801, 7, 32, 70, 22, 0, 0.06%, 9, 0, 10, 279.93
1734311811, 7, 38, 70, 22, 0, 0.06%, 9, 0, 10, 264.35
1734311816, 7, 44, 70, 22, 0, 0.06%, 9, 0, 10, 368.31
1734311847, 7, 56, 70, 21, 0, 0.06%, 9, 0, 10, 363.08
1734311968, 7, 58, 70, 20, 0, 0.06%, 9, 0, 10, 247.02
1734312034, 7, 58, 71, 21, 0, 0.06%, 9, 0, 10, 420.52
1734312050, 7, 58, 72, 22, 0, 0.06%, 9, 0, 10, 418.21
1734312497, 7, 64, 72, 21, 0, 0.06%, 9, 0, 10, 309.91
1734312629, 7, 66, 72, 20, 0, 0.06%, 9, 0, 10, 259.99
1734312639, 8, 14, 72, 20, 0, 0.06%, 9, 0, 10, 271.66
1734312644, 8, 17, 72, 20, 0, 0.06%, 9, 0, 10, 270.86
1734312649, 8, 20, 72, 20, 0, 0.06%, 9, 0, 10, 251.42
1734312655, 8, 22, 72, 20, 0, 0.06%, 9, 0, 10, 262.41
1734312660, 8, 24, 72, 20, 0, 0.06%, 9, 0, 10, 273.01
1734312665, 8, 27, 72, 20, 0, 0.06%, 9, 0, 10, 260.86
1734312670, 8, 35, 72, 20, 0, 0.06%, 9, 0, 10, 275.53
1734312675, 8, 38, 72, 20, 0, 0.06%, 9, 0, 10, 270.81
1734312685, 8, 39, 72, 20, 0, 0.06%, 9, 0, 10, 257.54
1734312695, 8, 40, 72, 20, 0, 0.06%, 9, 0, 10, 357.90
1734312725, 8, 46, 72, 19, 0, 0.06%, 9, 0, 10, 303.47
1734312751, 8, 54, 72, 18, 0, 0.06%, 9, 0, 10, 386.04
1734312821, 8, 57, 72, 17, 0, 0.06%, 9, 0, 10, 252.83
1734312969, 8, 61, 72, 16, 0, 0.06%, 9, 0, 10, 272.85
1734312979, 8, 67, 72, 16, 0, 0.06%, 9, 0, 10, 329.85
1734313102, 9, 8, 72, 15, 0, 0.06%, 9, 0, 10, 286.78
1734313107, 9, 14, 72, 15, 0, 0.06%, 9, 0, 10, 256.28
1734313112, 9, 17, 72, 15, 0, 0.06%, 9, 0, 10, 263.96
1734313117, 9, 20, 72, 15, 0, 0.06%, 9, 0, 10, 251.45
1734313122, 9, 22, 72, 15, 0, 0.06%, 9, 0, 10, 247.44
1734313127, 9, 24, 72, 15, 0, 0.06%, 9, 0, 10, 249.80
1734313133, 9, 27, 72, 15, 0, 0.06%, 9, 0, 10, 250.57
1734313138, 9, 30, 72, 15, 0, 0.06%, 9, 0, 10, 261.06
1734313148, 9, 34, 72, 15, 0, 0.06%, 9, 0, 10, 268.38
1734313178, 9, 38, 72, 14, 0, 0.06%, 9, 0, 10, 258.54
1734313183, 9, 44, 72, 14, 0, 0.06%, 9, 0, 10, 276.05
1734313193, 9, 47, 72, 14, 0, 0.06%, 9, 0, 10, 319.43
1734313259, 9, 67, 72, 13, 0, 0.06%, 9, 0, 10, 274.13
1734313264, 10, 13, 72, 13, 0, 0.06%, 9, 0, 10, 252.98
1734313269, 10, 20, 72, 13, 0, 0.06%, 9, 0, 10, 263.79
1734313274, 10, 22, 72, 13, 0, 0.06%, 9, 0, 10, 260.00
1734313284, 10, 24, 72, 13, 0, 0.06%, 9, 0, 10, 265.36
1734313290, 10, 27, 72, 13, 0, 0.06%, 9, 0, 10, 276.64
1734313295, 10, 28, 72, 13, 0, 0.06%, 9, 0, 10, 309.63
1734313320, 10, 33, 72, 12, 0, 0.06%, 9, 0, 10, 325.19
1734313351, 10, 38, 72, 11, 0, 0.06%, 9, 0, 10, 272.55
1734313356, 10, 56, 72, 11, 0, 0.06%, 9, 0, 10, 284.51
1734313361, 10, 67, 72, 11, 0, 0.06%, 9, 0, 10, 281.97
1734313371, 11, 14, 72, 11, 0, 0.06%, 9, 0, 10, 265.54
1734313376, 11, 20, 72, 11, 0, 0.06%, 9, 0, 10, 256.60
1734313381, 11, 22, 72, 11, 0, 0.06%, 9, 0, 10, 258.29
1734313386, 11, 24, 72, 11, 0, 0.06%, 9, 0, 10, 256.35
1734313391, 11, 27, 72, 11, 0, 0.06%, 9, 0, 10, 259.93
1734313396, 11, 34, 72, 11, 0, 0.06%, 9, 0, 10, 269.34
1734313407, 11, 38, 72, 11, 0, 0.06%, 9, 0, 10, 268.03
1734313412, 11, 53, 72, 11, 0, 0.06%, 9, 0, 10, 320.37
1734313488, 11, 62, 72, 10, 0, 0.06%, 9, 0, 10, 328.87
1734313559, 11, 69, 72, 9, 0, 0.06%, 9, 0, 10, 225.80
1734313579, 11, 69, 73, 10, 0, 0.06%, 9, 0, 10, 369.45
1734313996, 11, 69, 74, 11, 0, 0.06%, 9, 0, 10, 383.01
1734314042, 11, 70, 74, 10, 0, 0.06%, 9, 0, 10, 268.89
1734314194, 11, 72, 74, 9, 0, 0.06%, 9, 0, 10, 220.29
1734314662, 12, 14, 74, 8, 0, 0.06%, 9, 0, 10, 260.24
1734314667, 12, 20, 74, 8, 0, 0.06%, 9, 0, 10, 256.57
1734314672, 12, 22, 74, 8, 0, 0.06%, 9, 0, 10, 270.31
1734314677, 12, 24, 74, 8, 0, 0.06%, 9, 0, 10, 268.92
1734314682, 12, 27, 74, 8, 0, 0.06%, 9, 0, 10, 255.90
1734314687, 12, 37, 74, 8, 0, 0.06%, 9, 0, 10, 322.33
1734314728, 12, 38, 74, 7, 0, 0.06%, 9, 0, 10, 255.09
1734314733, 12, 63, 74, 7, 0, 0.06%, 9, 0, 10, 345.93
1734314805, 12, 63, 75, 8, 0, 0.06%, 9, 0, 10, 296.87
1734314896, 12, 74, 75, 7, 0, 0.06%, 9, 0, 10, 282.16
1734314906, 12, 74, 76, 8, 0, 0.06%, 9, 0, 10, 426.51
1734315013, 13, 14, 76, 7, 0, 0.06%, 9, 0, 10, 268.13
1734315018, 13, 16, 76, 7, 0, 0.06%, 9, 0, 10, 267.28
1734315023, 13, 20, 76, 7, 0, 0.06%, 9, 0, 10, 257.39
1734315028, 13, 22, 76, 7, 0, 0.06%, 9, 0, 10, 257.94
1734315033, 13, 24, 76, 7, 0, 0.06%, 9, 0, 10, 264.81
1734315038, 13, 27, 76, 7, 0, 0.06%, 9, 0, 10, 257.93
1734315043, 13, 38, 76, 7, 0, 0.06%, 9, 0, 10, 270.05
1734315053, 13, 45, 76, 7, 0, 0.06%, 9, 0, 10, 381.03
1734315084, 13, 47, 76, 6, 0, 0.06%, 9, 0, 10, 282.27
1734315094, 13, 71, 76, 6, 0, 0.06%, 9, 0, 10, 283.94
1734315298, 13, 71, 77, 7, 0, 0.06%, 9, 0, 11, 301.63
1734315319, 13, 73, 77, 6, 0, 0.06%, 9, 0, 11, 309.70
1734315542, 14, 11, 77, 5, 0, 0.06%, 9, 0, 11, 251.89
1734315547, 14, 13, 77, 5, 0, 0.06%, 9, 0, 11, 254.60
1734315553, 14, 20, 77, 5, 0, 0.06%, 9, 0, 11, 240.63
1734315558, 14, 21, 77, 5, 0, 0.06%, 9, 0, 11, 274.92
1734315588, 14, 22, 77, 4, 0, 0.06%, 9, 0, 11, 265.55
1734315593, 14, 24, 77, 4, 0, 0.06%, 9, 0, 11, 266.08
1734315598, 14, 27, 77, 4, 0, 0.06%, 9, 0, 11, 250.23
1734315603, 14, 38, 77, 4, 0, 0.06%, 9, 0, 11, 250.21
1734315608, 14, 46, 77, 4, 0, 0.06%, 9, 0, 11, 257.19
1734315618, 14, 59, 77, 4, 0, 0.06%, 9, 0, 11, 321.40
1734315700, 14, 76, 78, 4, 0, 0.06%, 9, 0, 12, 309.95
1734315888, 15, 0, 78, 3, 0, 0.06%, 9, 0, 12, 267.90
1734315893, 15, 14, 78, 3, 0, 0.06%, 9, 0, 12, 259.73
1734315898, 15, 20, 78, 3, 0, 0.06%, 9, 0, 12, 253.52
1734315903, 15, 22, 78, 3, 0, 0.06%, 9, 0, 12, 248.19
1734315908, 15, 24, 78, 3, 0, 0.06%, 9, 0, 12, 251.97
1734315913, 15, 27, 78, 3, 0, 0.06%, 9, 0, 12, 252.11
1734315918, 15, 38, 78, 3, 0, 0.06%, 9, 0, 12, 250.58
1734315924, 15, 42, 78, 3, 0, 0.06%, 9, 0, 12, 250.26
1734315939, 16, 14, 78, 3, 0, 0.06%, 9, 0, 12, 250.67
1734315944, 16, 20, 78, 3, 0, 0.06%, 9, 0, 12, 256.36
1734315949, 16, 22, 78, 3, 0, 0.06%, 9, 0, 12, 264.63
1734315955, 16, 24, 78, 3, 0, 0.06%, 9, 0, 12, 277.97
1734315960, 16, 27, 78, 3, 0, 0.06%, 9, 0, 12, 280.90
1734315965, 16, 38, 78, 3, 0, 0.06%, 9, 0, 12, 269.93
1734315970, 16, 63, 78, 3, 0, 0.06%, 9, 0, 12, 271.02
1734315975, 17, 5, 78, 3, 0, 0.06%, 9, 0, 12, 249.26
1734315980, 17, 12, 78, 3, 0, 0.06%, 9, 0, 12, 247.81
1734315990, 17, 13, 78, 2, 0, 0.06%, 9, 0, 12, 251.49
1734315995, 17, 20, 78, 2, 0, 0.06%, 9, 0, 12, 258.61
1734316000, 17, 22, 78, 2, 0, 0.06%, 9, 0, 12, 268.77
1734316005, 17, 24, 78, 2, 0, 0.06%, 9, 0, 12, 263.44
1734316010, 17, 27, 78, 2, 0, 0.06%, 9, 0, 12, 251.12
1734316015, 17, 31, 78, 2, 0, 0.06%, 9, 0, 12, 267.00
1734316031, 17, 34, 78, 2, 0, 0.06%, 9, 0, 12, 253.23
1734316041, 17, 38, 78, 2, 0, 0.06%, 9, 0, 12, 259.66
1734316046, 17, 42, 78, 2, 0, 0.06%, 9, 0, 12, 245.54
1734316056, 17, 44, 78, 2, 0, 0.06%, 9, 0, 12, 260.33
1734316071, 17, 59, 78, 2, 0, 0.06%, 9, 0, 12, 285.18
1734316076, 17, 66, 78, 2, 0, 0.06%, 9, 0, 12, 280.56
1734316087, 17, 73, 78, 2, 0, 0.06%, 9, 0, 12, 334.82
1734316107, 18, 11, 78, 2, 0, 0.06%, 9, 0, 12, 268.89
1734316112, 18, 12, 78, 2, 0, 0.06%, 9, 0, 12, 258.41
1734316117, 18, 20, 78, 2, 0, 0.06%, 9, 0, 12, 251.78
1734316127, 18, 22, 78, 2, 0, 0.06%, 9, 0, 12, 252.94
1734316132, 18, 24, 78, 2, 0, 0.06%, 9, 0, 12, 256.95
1734316137, 18, 27, 78, 2, 0, 0.06%, 9, 0, 12, 257.81
1734316142, 18, 38, 78, 2, 0, 0.06%, 9, 0, 12, 252.16
1734316148, 18, 39, 78, 2, 0, 0.06%, 9, 0, 12, 258.51
1734316158, 18, 74, 78, 2, 0, 0.06%, 9, 0, 12, 256.02
1734316193, 18, 77, 78, 2, 0, 0.06%, 9, 0, 12, 334.82
1734316381, 19, 10, 78, 1, 0, 0.06%, 9, 0, 12, 250.49
1734316387, 19, 12, 78, 1, 0, 0.06%, 9, 0, 12, 259.71
1734316397, 19, 20, 78, 1, 0, 0.06%, 9, 0, 12, 233.21
1734316402, 19, 22, 78, 1, 0, 0.06%, 9, 0, 12, 250.82
1734316407, 19, 24, 78, 1, 0, 0.06%, 9, 0, 12, 266.01
1734316412, 19, 27, 78, 1, 0, 0.06%, 9, 0, 12, 263.20
1734316417, 19, 38, 78, 1, 0, 0.06%, 9, 0, 12, 264.56
1734316422, 20, 11, 78, 1, 0, 0.06%, 9, 0, 12, 265.94
1734316427, 20, 12, 78, 1, 0, 0.06%, 9, 0, 12, 257.94
1734316432, 20, 20, 78, 1, 0, 0.06%, 9, 0, 12, 242.86
1734316437, 20, 22, 78, 1, 0, 0.06%, 9, 0, 12, 247.83
1734316443, 20, 24, 78, 1, 0, 0.06%, 9, 0, 12, 254.19
1734316448, 20, 27, 78, 1, 0, 0.06%, 9, 0, 12, 256.84
1734316453, 20, 36, 78, 1, 0, 0.06%, 9, 0, 12, 265.12
1734316468, 20, 41, 78, 1, 0, 0.06%, 9, 0, 12, 269.73
1734316483, 20, 62, 78, 1, 0, 0.06%, 9, 0, 12, 264.21
1734316488, 20, 66, 78, 1, 0, 0.06%, 9, 0, 12, 277.29
1734316499, 21, 12, 78, 1, 0, 0.06%, 9, 0, 12, 257.37
1734316504, 21, 13, 78, 1, 0, 0.06%, 9, 0, 12, 263.03
1734316509, 21, 20, 78, 1, 0, 0.06%, 9, 0, 12, 258.26
1734316514, 21, 22, 78, 1, 0, 0.06%, 9, 0, 12, 263.86
1734316519, 21, 24, 78, 1, 0, 0.06%, 9, 0, 12, 260.01
1734316524, 21, 25, 78, 1, 0, 0.06%, 9, 0, 12, 268.94
1734316534, 21, 27, 78, 1, 0, 0.06%, 9, 0, 12, 258.83
1734316539, 21, 28, 78, 1, 0, 0.06%, 9, 0, 12, 258.66
1734316549, 21, 31, 78, 1, 0, 0.06%, 9, 0, 12, 263.00
1734316564, 21, 38, 78, 1, 0, 0.06%, 9, 0, 12, 267.42
1734316570, 21, 75, 78, 1, 0, 0.06%, 9, 0, 12, 402.49
1734316681, 22, 11, 78, 0, 0, 0.06%, 9, 0, 12, 282.20
1734316686, 22, 12, 78, 0, 0, 0.06%, 9, 0, 12, 258.98
1734316691, 22, 20, 78, 0, 0, 0.06%, 9, 0, 12, 247.92
1734316696, 22, 22, 78, 0, 0, 0.06%, 9, 0, 12, 247.22
1734316701, 22, 24, 78, 0, 0, 0.06%, 9, 0, 12, 258.52
1734316706, 22, 27, 78, 0, 0, 0.06%, 9, 0, 12, 270.12
1734316716, 22, 38, 78, 0, 0, 0.06%, 9, 0, 12, 246.30
1734316721, 22, 45, 78, 0, 0, 0.06%, 9, 0, 12, 296.78
1734316732, 22, 70, 78, 0, 0, 0.06%, 9, 0, 12, 283.58
1734316747, 22, 74, 78, 0, 0, 0.06%, 9, 0, 12, 292.10
1734316778, 23, 12, 78, 0, 0, 0.06%, 9, 0, 12, 255.88
1734316783, 23, 20, 78, 0, 0, 0.06%, 9, 0, 12, 260.93
1734316793, 23, 22, 78, 0, 0, 0.06%, 9, 0, 12, 253.92
1734316798, 23, 24, 78, 0, 0, 0.06%, 9, 0, 12, 253.66
1734316803, 23, 26, 78, 0, 0, 0.06%, 9, 0, 12, 251.07
1734316813, 23, 27, 78, 0, 0, 0.06%, 9, 0, 12, 253.73
1734316818, 23, 38, 78, 0, 0, 0.06%, 9, 0, 12, 256.75
1734316823, 23, 50, 78, 0, 0, 0.06%, 9, 0, 12, 261.41
1734316828, 23, 53, 78, 0, 0, 0.06%, 9, 0, 12, 268.02
1734316833, 23, 61, 78, 0, 0, 0.06%, 9, 0, 12, 272.01
1734316843, 23, 75, 78, 0, 0, 0.06%, 9, 0, 12, 298.49
1734316874, 23, 77, 78, 0, 0, 0.06%, 9, 0, 12, 282.18
1734316904, 24, 11, 78, 0, 0, 0.06%, 9, 0, 12, 253.87
1734316909, 24, 13, 78, 0, 0, 0.06%, 9, 0, 12, 258.78
1734316914, 24, 20, 78, 0, 0, 0.06%, 9, 0, 12, 257.45
1734316920, 24, 22, 78, 0, 0, 0.06%, 9, 0, 12, 251.71
1734316925, 24, 24, 78, 0, 0, 0.06%, 9, 0, 12, 260.36
1734316930, 24, 27, 78, 0, 0, 0.06%, 9, 0, 12, 261.94
1734316935, 24, 28, 78, 0, 0, 0.06%, 9, 0, 12, 261.96
1734316945, 24, 38, 78, 0, 0, 0.06%, 9, 0, 12, 258.64
1734316950, 24, 40, 78, 0, 0, 0.06%, 9, 0, 12, 262.42
1734316960, 25, 5, 78, 0, 0, 0.06%, 9, 0, 12, 262.91
1734316965, 25, 12, 78, 0, 0, 0.06%, 9, 0, 12, 264.77
1734316970, 25, 20, 78, 0, 0, 0.06%, 9, 0, 12, 244.90
1734316976, 25, 22, 78, 0, 0, 0.06%, 9, 0, 12, 255.98
1734316981, 25, 24, 78, 0, 0, 0.06%, 9, 0, 12, 258.83
1734316986, 25, 27, 78, 0, 0, 0.06%, 9, 0, 12, 263.11
1734316991, 25, 38, 78, 0, 0, 0.06%, 9, 0, 12, 263.83
1734316996, 25, 40, 78, 0, 0, 0.06%, 9, 0, 12, 271.26
1734317011, 25, 59, 78, 0, 0, 0.06%, 9, 0, 12, 276.54
1734317016, 25, 76, 78, 0, 0, 0.06%, 9, 0, 12, 285.96
1734317046, 26, 11, 78, 0, 0, 0.06%, 9, 0, 12, 232.04
1734317052, 26, 13, 78, 0, 0, 0.06%, 9, 0, 12, 245.80
1734317057, 26, 20, 78, 0, 0, 0.06%, 9, 0, 12, 259.36
1734317062, 26, 22, 78, 0, 0, 0.06%, 9, 0, 12, 245.49
1734317067, 26, 24, 78, 0, 0, 0.06%, 9, 0, 12, 267.60
1734317072, 26, 27, 78, 0, 0, 0.06%, 9, 0, 12, 261.29
1734317077, 26, 32, 78, 0, 0, 0.06%, 9, 0, 12, 272.77
1734317087, 26, 38, 78, 0, 0, 0.06%, 9, 0, 12, 271.98
1734317092, 26, 51, 78, 0, 0, 0.06%, 9, 0, 12, 250.27
1734317097, 26, 70, 78, 0, 0, 0.06%, 9, 0, 12, 266.50
1734317118, 27, 11, 78, 0, 0, 0.06%, 9, 0, 12, 242.30
1734317123, 27, 13, 78, 0, 0, 0.06%, 9, 0, 12, 253.52
1734317128, 27, 20, 78, 0, 0, 0.06%, 9, 0, 12, 244.93
1734317133, 27, 22, 78, 0, 0, 0.06%, 9, 0, 12, 255.67
1734317138, 27, 24, 78, 0, 0, 0.06%, 9, 0, 12, 255.63
1734317143, 27, 27, 78, 0, 0, 0.06%, 9, 0, 12, 258.14
1734317148, 27, 38, 78, 0, 0, 0.06%, 9, 0, 12, 262.73
1734317153, 28, 11, 78, 0, 0, 0.06%, 9, 0, 12, 256.20
1734317158, 28, 12, 78, 0, 0, 0.06%, 9, 0, 12, 252.31
1734317164, 28, 20, 78, 0, 0, 0.06%, 9, 0, 12, 239.09
1734317169, 28, 22, 78, 0, 0, 0.06%, 9, 0, 12, 252.18
1734317174, 28, 24, 78, 0, 0, 0.06%, 9, 0, 12, 265.48
1734317179, 28, 27, 78, 0, 0, 0.06%, 9, 0, 12, 260.58
1734317189, 28, 38, 78, 0, 0, 0.06%, 9, 0, 12, 246.08
1734317194, 28, 48, 78, 0, 0, 0.06%, 9, 0, 12, 277.11
1734317209, 28, 56, 78, 0, 0, 0.06%, 9, 0, 12, 279.62
1734317214, 28, 63, 78, 0, 0, 0.06%, 9, 0, 12, 282.48
1734317224, 28, 74, 78, 0, 0, 0.06%, 9, 0, 12, 291.79
1734317229, 29, 1, 78, 0, 0, 0.06%, 9, 0, 12, 282.44
1734317234, 29, 12, 78, 0, 0, 0.06%, 9, 0, 12, 267.31
1734317239, 29, 20, 78, 0, 0, 0.06%, 9, 0, 12, 259.50
1734317249, 29, 22, 78, 0, 0, 0.06%, 9, 0, 12, 250.06
1734317255, 29, 24, 78, 0, 0, 0.06%, 9, 0, 12, 265.66
1734317260, 29, 27, 78, 0, 0, 0.06%, 9, 0, 12, 271.97
1734317265, 29, 38, 78, 0, 0, 0.06%, 9, 0, 12, 265.47
1734317270, 29, 41, 78, 0, 0, 0.06%, 9, 0, 12, 259.17
1734317280, 29, 53, 78, 0, 0, 0.06%, 9, 0, 12, 276.86
1734317285, 29, 55, 78, 0, 0, 0.06%, 9, 0, 12, 271.22
1734317295, 30, 12, 78, 0, 0, 0.06%, 9, 0, 12, 254.86
1734317300, 30, 20, 78, 0, 0, 0.06%, 9, 0, 12, 253.95
1734317310, 30, 22, 78, 0, 0, 0.06%, 9, 0, 12, 261.57
1734317315, 30, 24, 78, 0, 0, 0.06%, 9, 0, 12, 260.97
1734317320, 30, 27, 78, 0, 0, 0.06%, 9, 0, 12, 264.90
1734317325, 30, 36, 78, 0, 0, 0.06%, 9, 0, 12, 280.64
1734317336, 30, 38, 78, 0, 0, 0.06%, 9, 0, 12, 244.34
1734317341, 30, 39, 78, 0, 0, 0.06%, 9, 0, 12, 255.84
1734317346, 30, 50, 78, 0, 0, 0.06%, 9, 0, 12, 256.98
1734317351, 30, 58, 78, 0, 0, 0.06%, 9, 0, 12, 279.01
1734317361, 31, 12, 78, 0, 0, 0.06%, 9, 0, 12, 257.22
1734317366, 31, 13, 78, 0, 0, 0.06%, 9, 0, 12, 259.48
1734317371, 31, 20, 78, 0, 0, 0.06%, 9, 0, 12, 249.40
1734317376, 31, 22, 78, 0, 0, 0.06%, 9, 0, 12, 266.15
1734317381, 31, 24, 78, 0, 0, 0.06%, 9, 0, 12, 262.57
1734317386, 31, 27, 78, 0, 0, 0.06%, 9, 0, 12, 268.43
1734317391, 31, 38, 78, 0, 0, 0.06%, 9, 0, 12, 274.60
1734317397, 31, 41, 78, 0, 0, 0.06%, 9, 0, 12, 257.72
1734317402, 31, 62, 78, 0, 0, 0.06%, 9, 0, 12, 258.96
1734317412, 32, 12, 78, 0, 0, 0.06%, 9, 0, 12, 259.66
1734317417, 32, 20, 78, 0, 0, 0.06%, 9, 0, 12, 241.98
1734317422, 32, 22, 78, 0, 0, 0.06%, 9, 0, 12, 247.29
1734317427, 32, 24, 78, 0, 0, 0.06%, 9, 0, 12, 265.76
1734317432, 32, 27, 78, 0, 0, 0.06%, 9, 0, 12, 265.90
1734317442, 32, 36, 78, 0, 0, 0.06%, 9, 0, 12, 261.50
1734317447, 32, 38, 78, 0, 0, 0.06%, 9, 0, 12, 262.34
1734317453, 32, 69, 78, 0, 0, 0.06%, 9, 0, 12, 314.51
1734317463, 33, 12, 78, 0, 0, 0.06%, 9, 0, 12, 249.72
1734317468, 33, 20, 78, 0, 0, 0.06%, 9, 0, 12, 255.79
1734317473, 33, 22, 78, 0, 0, 0.06%, 9, 0, 12, 264.35
1734317483, 33, 24, 78, 0, 0, 0.06%, 9, 0, 12, 263.15
1734317488, 33, 27, 78, 0, 0, 0.06%, 9, 0, 12, 272.16
1734317494, 33, 38, 78, 0, 0, 0.06%, 9, 0, 12, 276.29
1734317499, 34, 12, 78, 0, 0, 0.06%, 9, 0, 12, 264.96
1734317504, 34, 13, 78, 0, 0, 0.06%, 9, 0, 12, 256.49
1734317509, 34, 20, 78, 0, 0, 0.06%, 9, 0, 12, 265.15
1734317514, 34, 22, 78, 0, 0, 0.06%, 9, 0, 12, 256.89
1734317519, 34, 24, 78, 0, 0, 0.06%, 9, 0, 12, 260.44
1734317524, 34, 27, 78, 0, 0, 0.06%, 9, 0, 12, 253.66
1734317529, 34, 38, 78, 0, 0, 0.06%, 9, 0, 12, 259.72
1734317534, 34, 77, 78, 0, 0, 0.06%, 9, 0, 12, 273.29
1734317564, 35, 1, 78, 0, 0, 0.06%, 9, 0, 12, 252.09
1734317569, 35, 12, 78, 0, 0, 0.06%, 9, 0, 12, 246.62
1734317574, 35, 20, 78, 0, 0, 0.06%, 9, 0, 12, 253.58
1734317580, 35, 22, 78, 0, 0, 0.06%, 9, 0, 12, 266.01
1734317590, 35, 24, 78, 0, 0, 0.06%, 9, 0, 12, 276.57
1734317595, 35, 27, 78, 0, 0, 0.06%, 9, 0, 12, 271.20
1734317600, 35, 36, 78, 0, 0, 0.06%, 9, 0, 12, 275.74
1734317605, 35, 38, 78, 0, 0, 0.06%, 9, 0, 12, 253.80
1734317610, 35, 53, 78, 0, 0, 0.06%, 9, 0, 12, 270.45
1734317615, 36, 11, 78, 0, 0, 0.06%, 9, 0, 12, 254.27
1734317620, 36, 13, 78, 0, 0, 0.06%, 9, 0, 12, 244.00
1734317625, 36, 20, 78, 0, 0, 0.06%, 9, 0, 12, 253.49
1734317630, 36, 22, 78, 0, 0, 0.06%, 9, 0, 12, 256.94
1734317635, 36, 24, 78, 0, 0, 0.06%, 9, 0, 12, 258.76
1734317640, 36, 27, 78, 0, 0, 0.06%, 9, 0, 12, 253.21
1734317645, 36, 38, 78, 0, 0, 0.06%, 9, 0, 12, 264.12
1734317650, 36, 58, 78, 0, 0, 0.06%, 9, 0, 12, 287.21
1734317661, 37, 12, 78, 0, 0, 0.06%, 9, 0, 12, 254.47
1734317666, 37, 14, 78, 0, 0, 0.06%, 9, 0, 12, 251.62
1734317671, 37, 20, 78, 0, 0, 0.06%, 9, 0, 12, 249.01
1734317676, 37, 22, 78, 0, 0, 0.06%, 9, 0, 12, 259.99
1734317681, 37, 24, 78, 0, 0, 0.06%, 9, 0, 12, 269.49
1734317686, 37, 27, 78, 0, 0, 0.06%, 9, 0, 12, 247.28
1734317691, 37, 38, 78, 0, 0, 0.06%, 9, 0, 12, 256.81
1734317696, 37, 41, 78, 0, 0, 0.06%, 9, 0, 12, 253.08
1734317701, 37, 75, 78, 0, 0, 0.06%, 9, 0, 12, 279.41
1734317732, 38, 9, 78, 0, 0, 0.06%, 9, 0, 12, 295.45
1734317737, 38, 12, 78, 0, 0, 0.06%, 9, 0, 12, 265.71
1734317742, 38, 14, 78, 0, 0, 0.06%, 9, 0, 12, 258.69
1734317747, 38, 20, 78, 0, 0, 0.06%, 9, 0, 12, 249.59
1734317752, 38, 22, 78, 0, 0, 0.06%, 9, 0, 12, 245.90
1734317757, 38, 24, 78, 0, 0, 0.06%, 9, 0, 12, 262.89
1734317762, 38, 27, 78, 0, 0, 0.06%, 9, 0, 12, 260.82
1734317767, 38, 38, 78, 0, 0, 0.06%, 9, 0, 12, 261.54
1734317777, 38, 43, 78, 0, 0, 0.06%, 9, 0, 12, 320.68
1734317782, 38, 51, 78, 0, 0, 0.06%, 9, 0, 12, 294.44
1734317788, 39, 8, 78, 0, 0, 0.06%, 9, 0, 12, 269.18
1734317793, 39, 12, 78, 0, 0, 0.06%, 9, 0, 12, 253.52
1734317798, 39, 20, 78, 0, 0, 0.06%, 9, 0, 12, 250.72
1734317803, 39, 22, 78, 0, 0, 0.06%, 9, 0, 12, 267.76
1734317808, 39, 24, 78, 0, 0, 0.06%, 9, 0, 12, 261.80
1734317818, 39, 27, 78, 0, 0, 0.06%, 9, 0, 12, 265.62
1734317823, 39, 28, 78, 0, 0, 0.06%, 9, 0, 12, 262.49
1734317828, 39, 38, 78, 0, 0, 0.06%, 9, 0, 12, 255.97
1734317833, 39, 61, 78, 0, 0, 0.06%, 9, 0, 12, 275.24
1734317843, 40, 12, 78, 0, 0, 0.06%, 9, 0, 12, 244.72
1734317849, 40, 20, 78, 0, 0, 0.06%, 9, 0, 12, 252.18
1734317854, 40, 22, 78, 0, 0, 0.06%, 9, 0, 12, 251.00
1734317859, 40, 24, 78, 0, 0, 0.06%, 9, 0, 12, 267.53
1734317864, 40, 27, 78, 0, 0, 0.06%, 9, 0, 12, 255.66
1734317874, 40, 38, 78, 0, 0, 0.06%, 9, 0, 12, 255.92
1734317879, 40, 58, 78, 0, 0, 0.06%, 9, 0, 12, 280.66
1734317884, 40, 73, 78, 0, 0, 0.06%, 9, 0, 12, 314.10
1734317895, 41, 11, 78, 0, 0, 0.06%, 9, 0, 12, 272.00
1734317900, 41, 13, 78, 0, 0, 0.06%, 9, 0, 12, 276.21
1734317905, 41, 20, 78, 0, 0, 0.06%, 9, 0, 12, 269.90
1734317910, 41, 22, 78, 0, 0, 0.06%, 9, 0, 12, 259.89
1734317915, 41, 24, 78, 0, 0, 0.06%, 9, 0, 12, 250.92
1734317920, 41, 27, 78, 0, 0, 0.06%, 9, 0, 12, 261.28
1734317925, 41, 33, 78, 0, 0, 0.06%, 9, 0, 12, 262.45
1734317935, 41, 38, 78, 0, 0, 0.06%, 9, 0, 12, 249.76
1734317940, 41, 42, 78, 0, 0, 0.06%, 9, 0, 12, 245.59
1734317946, 41, 45, 78, 0, 0, 0.06%, 9, 0, 12, 267.77
1734317956, 41, 48, 78, 0, 0, 0.06%, 9, 0, 12, 254.97
1734317976, 41, 54, 78, 0, 0, 0.06%, 9, 0, 12, 276.52
1734317981, 41, 62, 78, 0, 0, 0.06%, 9, 0, 12, 282.56
1734317986, 41, 74, 78, 0, 0, 0.06%, 9, 0, 12, 293.61
1734317997, 42, 12, 78, 0, 0, 0.06%, 9, 0, 12, 257.51
1734318002, 42, 20, 78, 0, 0, 0.06%, 9, 0, 12, 250.03
1734318007, 42, 22, 78, 0, 0, 0.06%, 9, 0, 12, 264.38
1734318012, 42, 24, 78, 0, 0, 0.06%, 9, 0, 12, 276.24
1734318017, 42, 27, 78, 0, 0, 0.06%, 9, 0, 12, 261.10
1734318022, 42, 36, 78, 0, 0, 0.06%, 9, 0, 12, 271.25
1734318032, 42, 38, 78, 0, 0, 0.06%, 9, 0, 12, 270.32
1734318037, 42, 56, 78, 0, 0, 0.06%, 9, 0, 12, 272.91
1734318042, 43, 11, 78, 0, 0, 0.06%, 9, 0, 12, 267.22
1734318047, 43, 13, 78, 0, 0, 0.06%, 9, 0, 12, 253.30
1734318052, 43, 20, 78, 0, 0, 0.06%, 9, 0, 12, 264.35
1734318057, 43, 22, 78, 0, 0, 0.06%, 9, 0, 12, 259.28
1734318062, 43, 23, 78, 0, 0, 0.06%, 9, 0, 12, 249.13
1734318073, 43, 24, 78, 0, 0, 0.06%, 9, 0, 12, 251.49
1734318078, 43, 27, 78, 0, 0, 0.06%, 9, 0, 12, 258.26
1734318083, 43, 38, 78, 0, 0, 0.06%, 9, 0, 12, 262.99
1734318088, 44, 9, 78, 0, 0, 0.06%, 9, 0, 12, 261.69
1734318093, 44, 12, 78, 0, 0, 0.06%, 9, 0, 12, 248.67
1734318098, 44, 17, 78, 0, 0, 0.06%, 9, 0, 12, 255.12
1734318103, 44, 20, 78, 0, 0, 0.06%, 9, 0, 12, 266.06
1734318108, 44, 22, 78, 0, 0, 0.06%, 9, 0, 12, 266.13
1734318113, 44, 24, 78, 0, 0, 0.06%, 9, 0, 12, 269.54
1734318118, 44, 27, 78, 0, 0, 0.06%, 9, 0, 12, 250.71
1734318124, 44, 32, 78, 0, 0, 0.06%, 9, 0, 12, 271.49
1734318129, 44, 38, 78, 0, 0, 0.06%, 9, 0, 12, 271.78
1734318134, 45, 10, 78, 0, 0, 0.06%, 9, 0, 12, 254.19
1734318139, 45, 11, 78, 0, 0, 0.06%, 9, 0, 12, 268.83
1734318144, 45, 13, 78, 0, 0, 0.06%, 9, 0, 12, 264.45
1734318149, 45, 20, 78, 0, 0, 0.06%, 9, 0, 12, 250.32
1734318154, 45, 22, 78, 0, 0, 0.06%, 9, 0, 12, 247.54
1734318159, 45, 24, 78, 0, 0, 0.06%, 9, 0, 12, 250.55
1734318164, 45, 27, 78, 0, 0, 0.06%, 9, 0, 12, 253.55
1734318174, 45, 28, 78, 0, 0, 0.06%, 9, 0, 12, 260.39
1734318179, 45, 37, 78, 0, 0, 0.06%, 9, 0, 12, 259.96
1734318185, 45, 37, 79, 1, 0, 0.06%, 9, 0, 12, 273.93
1734318190, 45, 38, 79, 1, 0, 0.06%, 9, 0, 12, 268.17
1734318195, 45, 51, 79, 1, 0, 0.06%, 9, 0, 12, 270.96
1734318200, 45, 64, 79, 1, 0, 0.06%, 9, 0, 12, 268.23
1734318205, 45, 75, 79, 1, 0, 0.06%, 9, 0, 12, 267.49
1734318215, 46, 11, 79, 1, 0, 0.06%, 9, 0, 12, 270.34
1734318220, 46, 13, 79, 1, 0, 0.06%, 9, 0, 12, 251.43
1734318225, 46, 16, 79, 1, 0, 0.06%, 9, 0, 12, 269.33
1734318230, 46, 20, 79, 1, 0, 0.06%, 9, 0, 12, 251.48
1734318235, 46, 22, 79, 1, 0, 0.06%, 9, 0, 12, 262.40
1734318241, 46, 24, 79, 1, 0, 0.06%, 9, 0, 12, 259.40
1734318246, 46, 27, 79, 1, 0, 0.06%, 9, 0, 12, 249.81
1734318251, 46, 38, 79, 1, 0, 0.06%, 9, 0, 12, 254.30
1734318256, 46, 48, 79, 1, 0, 0.06%, 9, 0, 12, 262.83
1734318266, 46, 78, 79, 1, 0, 0.06%, 9, 0, 12, 354.08
1734318291, 46, 78, 80, 2, 0, 0.06%, 9, 0, 12, 405.90
1734318398, 47, 11, 80, 1, 0, 0.06%, 9, 0, 12, 258.55
1734318403, 47, 13, 80, 1, 0, 0.06%, 9, 0, 12, 257.44
1734318408, 47, 20, 80, 1, 0, 0.06%, 9, 0, 12, 250.95
1734318413, 47, 22, 80, 1, 0, 0.06%, 9, 0, 12, 262.40
1734318418, 47, 23, 80, 1, 0, 0.06%, 9, 0, 12, 243.32
1734318423, 47, 24, 80, 1, 0, 0.06%, 9, 0, 12, 251.24
1734318428, 47, 27, 80, 1, 0, 0.06%, 9, 0, 12, 252.62
1734318433, 47, 33, 80, 1, 0, 0.06%, 9, 0, 12, 269.26
1734318444, 47, 38, 80, 1, 0, 0.06%, 9, 0, 12, 256.37
1734318449, 47, 53, 80, 1, 0, 0.06%, 9, 0, 12, 261.17
1734318459, 47, 60, 80, 1, 0, 0.06%, 9, 0, 12, 269.43
1734318464, 47, 66, 80, 1, 0, 0.06%, 9, 0, 12, 266.97
1734318474, 48, 12, 80, 1, 0, 0.06%, 9, 0, 12, 264.19
1734318479, 48, 13, 80, 1, 0, 0.06%, 9, 0, 12, 256.71
1734318484, 48, 18, 80, 1, 0, 0.06%, 9, 0, 12, 250.73
1734318489, 48, 20, 80, 1, 0, 0.06%, 9, 0, 12, 253.69
1734318494, 48, 22, 80, 1, 0, 0.06%, 9, 0, 12, 253.21
1734318499, 48, 24, 80, 1, 0, 0.06%, 9, 0, 12, 251.04
1734318504, 48, 27, 80, 1, 0, 0.06%, 9, 0, 12, 239.50
1734318509, 48, 38, 80, 1, 0, 0.06%, 9, 0, 12, 247.82
1734318515, 48, 59, 80, 1, 0, 0.06%, 9, 0, 12, 265.17
1734318525, 49, 12, 80, 1, 0, 0.06%, 9, 0, 12, 259.20
1734318530, 49, 13, 80, 1, 0, 0.06%, 9, 0, 12, 244.74
1734318535, 49, 20, 80, 1, 0, 0.06%, 9, 0, 12, 242.12
1734318540, 49, 22, 80, 1, 0, 0.06%, 9, 0, 12, 247.11
1734318545, 49, 24, 80, 1, 0, 0.06%, 9, 0, 12, 268.06
1734318550, 49, 27, 80, 1, 0, 0.06%, 9, 0, 12, 266.29
1734318555, 49, 35, 80, 1, 0, 0.06%, 9, 0, 12, 263.91
1734318565, 49, 38, 80, 1, 0, 0.06%, 9, 0, 12, 254.59
1734318570, 49, 42, 80, 1, 0, 0.06%, 9, 0, 12, 242.44
1734318576, 49, 55, 80, 1, 0, 0.06%, 9, 0, 12, 264.16
1734318586, 49, 68, 80, 1, 0, 0.06%, 9, 0, 12, 270.47
1734318596, 49, 79, 80, 1, 0, 0.06%, 9, 0, 12, 353.38
1734318753, 50, 11, 80, 0, 0, 0.06%, 9, 0, 12, 246.82
1734318758, 50, 13, 80, 0, 0, 0.06%, 9, 0, 12, 253.99
1734318763, 50, 20, 80, 0, 0, 0.06%, 9, 0, 12, 246.38
1734318769, 50, 22, 80, 0, 0, 0.06%, 9, 0, 12, 262.28
1734318774, 50, 24, 80, 0, 0, 0.06%, 9, 0, 12, 269.96
1734318779, 50, 27, 80, 0, 0, 0.06%, 9, 0, 12, 264.45
1734318784, 50, 37, 80, 0, 0, 0.06%, 9, 0, 12, 257.02
1734318799, 50, 38, 80, 0, 0, 0.06%, 9, 0, 12, 265.83
1734318804, 50, 52, 80, 0, 0, 0.06%, 9, 0, 12, 257.58
1734318809, 50, 58, 80, 0, 0, 0.06%, 9, 0, 12, 271.42
1734318814, 51, 7, 80, 0, 0, 0.06%, 9, 0, 12, 255.23
1734318819, 51, 12, 80, 0, 0, 0.06%, 9, 0, 12, 260.56
1734318824, 51, 16, 80, 0, 0, 0.06%, 9, 0, 12, 261.55
1734318829, 51, 20, 80, 0, 0, 0.06%, 9, 0, 12, 248.26
1734318834, 51, 22, 80, 0, 0, 0.06%, 9, 0, 12, 262.17
1734318839, 51, 24, 80, 0, 0, 0.06%, 9, 0, 12, 266.87
1734318845, 51, 27, 80, 0, 0, 0.06%, 9, 0, 12, 273.95
1734318850, 51, 38, 80, 0, 0, 0.06%, 9, 0, 12, 251.56
1734318855, 51, 59, 80, 0, 0, 0.06%, 9, 0, 12, 265.39
1734318865, 51, 68, 80, 0, 0, 0.06%, 9, 0, 12, 285.95
1734318870, 52, 12, 80, 0, 0, 0.06%, 9, 0, 12, 258.16
1734318875, 52, 20, 80, 0, 0, 0.06%, 9, 0, 12, 250.93
1734318880, 52, 22, 80, 0, 0, 0.06%, 9, 0, 12, 268.78
1734318890, 52, 24, 80, 0, 0, 0.06%, 9, 0, 12, 275.66
1734318895, 52, 27, 80, 0, 0, 0.06%, 9, 0, 12, 260.34
1734318900, 52, 29, 80, 0, 0, 0.06%, 9, 0, 12, 262.42
1734318910, 52, 38, 80, 0, 0, 0.06%, 9, 0, 12, 251.55
1734318915, 53, 12, 80, 0, 0, 0.06%, 9, 0, 12, 270.88
1734318920, 53, 13, 80, 0, 0, 0.06%, 9, 0, 12, 250.21
1734318926, 53, 20, 80, 0, 0, 0.06%, 9, 0, 12, 270.85
1734318931, 53, 22, 80, 0, 0, 0.06%, 9, 0, 12, 270.05
1734318936, 53, 24, 80, 0, 0, 0.06%, 9, 0, 12, 270.19
1734318941, 53, 27, 80, 0, 0, 0.06%, 9, 0, 12, 248.93
1734318946, 53, 38, 80, 0, 0, 0.06%, 9, 0, 12, 246.58
1734318951, 54, 11, 80, 0, 0, 0.06%, 9, 0, 12, 253.99
1734318956, 54, 13, 80, 0, 0, 0.06%, 9, 0, 12, 257.59
1734318961, 54, 20, 80, 0, 0, 0.06%, 9, 0, 12, 256.85
1734318966, 54, 22, 80, 0, 0, 0.06%, 9, 0, 12, 257.80
1734318971, 54, 24, 80, 0, 0, 0.06%, 9, 0, 12, 260.52
1734318976, 54, 27, 80, 0, 0, 0.06%, 9, 0, 12, 250.96
1734318982, 54, 38, 80, 0, 0, 0.06%, 9, 0, 12, 245.59
1734318987, 54, 39, 80, 0, 0, 0.06%, 9, 0, 12, 262.94
1734318992, 54, 50, 80, 0, 0, 0.06%, 9, 0, 12, 284.06
1734318997, 54, 66, 80, 0, 0, 0.06%, 9, 0, 12, 284.50
1734319002, 55, 0, 80, 0, 0, 0.06%, 9, 0, 12, 269.88
1734319007, 55, 12, 80, 0, 0, 0.06%, 9, 0, 12, 242.44
1734319012, 55, 20, 80, 0, 0, 0.06%, 9, 0, 12, 254.23
1734319017, 55, 22, 80, 0, 0, 0.06%, 9, 0, 12, 259.50
1734319022, 55, 24, 80, 0, 0, 0.06%, 9, 0, 12, 265.48
1734319027, 55, 27, 80, 0, 0, 0.06%, 9, 0, 12, 269.04
1734319038, 55, 30, 80, 0, 0, 0.06%, 9, 0, 12, 256.25
1734319048, 55, 32, 80, 0, 0, 0.06%, 9, 0, 12, 263.67
1734319053, 55, 33, 80, 0, 0, 0.06%, 9, 0, 12, 267.99
1734319058, 55, 38, 80, 0, 0, 0.06%, 9, 0, 12, 260.72
1734319063, 55, 48, 80, 0, 0, 0.06%, 9, 0, 12, 281.43
1734319068, 55, 74, 80, 0, 0, 0.06%, 9, 0, 12, 295.89
1734319079, 56, 12, 80, 0, 0, 0.06%, 9, 0, 12, 245.46
1734319084, 56, 20, 80, 0, 0, 0.06%, 9, 0, 12, 250.61
1734319089, 56, 22, 80, 0, 0, 0.06%, 9, 0, 12, 259.16
1734319094, 56, 24, 80, 0, 0, 0.06%, 9, 0, 12, 263.99
1734319099, 56, 27, 80, 0, 0, 0.06%, 9, 0, 12, 262.62
1734319109, 56, 38, 80, 0, 0, 0.06%, 9, 0, 12, 252.05
1734319114, 56, 49, 80, 0, 0, 0.06%, 9, 0, 12, 257.73
1734319129, 57, 12, 80, 0, 0, 0.06%, 9, 0, 12, 270.77
1734319134, 57, 13, 80, 0, 0, 0.06%, 9, 0, 12, 251.84
1734319139, 57, 15, 80, 0, 0, 0.06%, 9, 0, 12, 265.45
1734319145, 57, 20, 80, 0, 0, 0.06%, 9, 0, 12, 263.86
1734319150, 57, 22, 80, 0, 0, 0.06%, 9, 0, 12, 250.48
1734319155, 57, 24, 80, 0, 0, 0.06%, 9, 0, 12, 259.31
1734319160, 57, 27, 80, 0, 0, 0.06%, 9, 0, 12, 252.46
1734319165, 57, 37, 80, 0, 0, 0.06%, 9, 0, 12, 268.25
1734319170, 57, 38, 80, 0, 0, 0.06%, 9, 0, 12, 256.96
1734319175, 57, 51, 80, 0, 0, 0.06%, 9, 0, 12, 265.53
1734319180, 57, 65, 80, 0, 0, 0.06%, 9, 0, 12, 265.19
1734319190, 58, 11, 80, 0, 0, 0.06%, 9, 0, 12, 249.28
1734319196, 58, 13, 80, 0, 0, 0.06%, 9, 0, 12, 244.24
1734319201, 58, 20, 80, 0, 0, 0.06%, 9, 0, 12, 240.12
1734319206, 58, 22, 80, 0, 0, 0.06%, 9, 0, 12, 246.84
1734319211, 58, 24, 80, 0, 0, 0.06%, 9, 0, 12, 256.83
1734319216, 58, 27, 80, 0, 0, 0.06%, 9, 0, 12, 260.54
1734319221, 58, 38, 80, 0, 0, 0.06%, 9, 0, 12, 278.05
1734319231, 59, 12, 80, 0, 0, 0.06%, 9, 0, 12, 257.61
1734319236, 59, 17, 80, 0, 0, 0.06%, 9, 0, 12, 256.93
1734319241, 59, 20, 80, 0, 0, 0.06%, 9, 0, 12, 258.82
1734319246, 59, 22, 80, 0, 0, 0.06%, 9, 0, 12, 266.55
1734319251, 59, 24, 80, 0, 0, 0.06%, 9, 0, 12, 256.54
1734319256, 59, 26, 80, 0, 0, 0.06%, 9, 0, 12, 251.84
1734319266, 59, 27, 80, 0, 0, 0.06%, 9, 0, 12, 251.89
1734319271, 59, 38, 80, 0, 0, 0.06%, 9, 0, 12, 253.59
1734319276, 60, 3, 80, 0, 0, 0.06%, 9, 0, 12, 250.17
1734319281, 60, 12, 80, 0, 0, 0.06%, 9, 0, 12, 251.33
1734319286, 60, 20, 80, 0, 0, 0.06%, 9, 0, 12, 247.34
1734319291, 60, 22, 80, 0, 0, 0.06%, 9, 0, 12, 262.23
1734319296, 60, 24, 80, 0, 0, 0.06%, 9, 0, 12, 250.27
1734319307, 60, 27, 80, 0, 0, 0.06%, 9, 0, 12, 265.56
1734319312, 60, 38, 80, 0, 0, 0.06%, 9, 0, 12, 261.33
1734319317, 60, 42, 80, 0, 0, 0.06%, 9, 0, 12, 252.61
1734319322, 60, 44, 80, 0, 0, 0.06%, 9, 0, 12, 267.63
1734319327, 60, 72, 80, 0, 0, 0.06%, 9, 0, 12, 342.57
1734319347, 61, 12, 80, 0, 0, 0.06%, 9, 0, 12, 255.44
1734319352, 61, 20, 80, 0, 0, 0.06%, 9, 0, 12, 254.38
1734319358, 61, 22, 80, 0, 0, 0.06%, 9, 0, 12, 263.19
1734319368, 61, 24, 80, 0, 0, 0.06%, 9, 0, 12, 256.12
1734319373, 61, 27, 80, 0, 0, 0.06%, 9, 0, 12, 267.01
1734319378, 61, 35, 80, 0, 0, 0.06%, 9, 0, 12, 264.08
1734319383, 61, 38, 80, 0, 0, 0.06%, 9, 0, 12, 268.58
1734319388, 61, 40, 80, 0, 0, 0.06%, 9, 0, 12, 275.35
1734319393, 61, 53, 80, 0, 0, 0.06%, 9, 0, 12, 291.83
1734319398, 61, 59, 80, 0, 0, 0.06%, 9, 0, 12, 285.34
1734319403, 61, 61, 80, 0, 0, 0.06%, 9, 0, 12, 283.29
1734319414, 61, 70, 80, 0, 0, 0.06%, 9, 0, 12, 280.35
1734319429, 62, 11, 80, 0, 0, 0.06%, 9, 0, 12, 257.36
1734319434, 62, 13, 80, 0, 0, 0.06%, 9, 0, 12, 253.76
1734319439, 62, 20, 80, 0, 0, 0.06%, 9, 0, 12, 253.76
1734319444, 62, 22, 80, 0, 0, 0.06%, 9, 0, 12, 257.09
1734319449, 62, 24, 80, 0, 0, 0.06%, 9, 0, 12, 262.74
1734319454, 62, 26, 80, 0, 0, 0.06%, 9, 0, 12, 251.80
1734319459, 62, 27, 80, 0, 0, 0.06%, 9, 0, 12, 264.60
1734319464, 62, 35, 80, 0, 0, 0.06%, 9, 0, 12, 267.51
1734319469, 62, 38, 80, 0, 0, 0.06%, 9, 0, 12, 261.96
1734319479, 62, 46, 80, 0, 0, 0.06%, 9, 0, 12, 271.66
1734319489, 62, 78, 80, 0, 0, 0.06%, 9, 0, 12, 304.25
1734319510, 63, 11, 80, 0, 0, 0.06%, 9, 0, 12, 257.48
1734319515, 63, 13, 80, 0, 0, 0.06%, 9, 0, 12, 250.79
1734319520, 63, 19, 80, 0, 0, 0.06%, 9, 0, 12, 263.23
1734319525, 63, 20, 80, 0, 0, 0.06%, 9, 0, 12, 251.26
1734319530, 63, 22, 80, 0, 0, 0.06%, 9, 0, 12, 259.02
1734319540, 63, 24, 80, 0, 0, 0.06%, 9, 0, 12, 260.24
1734319545, 63, 25, 80, 0, 0, 0.06%, 9, 0, 12, 268.04
1734319555, 63, 27, 80, 0, 0, 0.06%, 9, 0, 12, 264.74
1734319560, 63, 35, 80, 0, 0, 0.06%, 9, 0, 12, 263.93
1734319565, 63, 37, 80, 0, 0, 0.06%, 9, 0, 12, 262.83
1734319570, 63, 38, 80, 0, 0, 0.06%, 9, 0, 12, 238.39
1734319576, 63, 46, 80, 0, 0, 0.06%, 9, 0, 12, 246.14
1734319581, 64, 4, 80, 0, 0, 0.06%, 9, 0, 12, 264.52
1734319586, 64, 12, 80, 0, 0, 0.06%, 9, 0, 12, 249.99
1734319591, 64, 14, 80, 0, 0, 0.06%, 9, 0, 12, 258.62
1734319596, 64, 20, 80, 0, 0, 0.06%, 9, 0, 12, 261.50
1734319601, 64, 22, 80, 0, 0, 0.06%, 9, 0, 12, 262.78
1734319611, 64, 24, 80, 0, 0, 0.06%, 9, 0, 12, 272.60
1734319616, 64, 25, 80, 0, 0, 0.06%, 9, 0, 12, 261.66
1734319621, 64, 27, 80, 0, 0, 0.06%, 9, 0, 12, 255.79
1734319626, 64, 38, 80, 0, 0, 0.06%, 9, 0, 12, 258.53
1734319631, 64, 52, 80, 0, 0, 0.06%, 9, 0, 12, 287.83
1734319636, 64, 56, 80, 0, 0, 0.06%, 9, 0, 12, 303.86
1734319641, 64, 62, 80, 0, 0, 0.06%, 9, 0, 12, 277.23
1734319652, 65, 11, 80, 0, 0, 0.06%, 9, 0, 12, 263.13
1734319657, 65, 13, 80, 0, 0, 0.06%, 9, 0, 12, 270.07
1734319662, 65, 20, 80, 0, 0, 0.06%, 9, 0, 12, 259.19
1734319667, 65, 22, 80, 0, 0, 0.06%, 9, 0, 12, 261.88
1734319672, 65, 24, 80, 0, 0, 0.06%, 9, 0, 12, 255.29
1734319677, 65, 27, 80, 0, 0, 0.06%, 9, 0, 12, 255.21
1734319682, 65, 35, 80, 0, 0, 0.06%, 9, 0, 12, 256.72
1734319687, 65, 36, 80, 0, 0, 0.06%, 9, 0, 12, 272.66
1734319692, 65, 38, 80, 0, 0, 0.06%, 9, 0, 12, 260.67
1734319697, 65, 57, 80, 0, 0, 0.06%, 9, 0, 12, 272.09
1734319707, 65, 63, 80, 0, 0, 0.06%, 9, 0, 12, 277.78
1734319713, 66, 4, 80, 0, 0, 0.06%, 9, 0, 12, 270.13
1734319718, 66, 12, 80, 0, 0, 0.06%, 9, 0, 12, 252.50
1734319723, 66, 20, 80, 0, 0, 0.06%, 9, 0, 12, 244.69
1734319728, 66, 21, 80, 0, 0, 0.06%, 9, 0, 12, 256.70
1734319738, 66, 22, 80, 0, 0, 0.06%, 9, 0, 12, 254.94
1734319743, 66, 24, 80, 0, 0, 0.06%, 9, 0, 12, 261.32
1734319753, 66, 27, 80, 0, 0, 0.06%, 9, 0, 12, 282.79
1734319758, 66, 38, 80, 0, 0, 0.06%, 9, 0, 12, 262.46
1734319763, 66, 59, 80, 0, 0, 0.06%, 9, 0, 12, 269.85
1734319768, 66, 67, 80, 0, 0, 0.06%, 9, 0, 12, 274.18
1734319778, 66, 73, 80, 0, 0, 0.06%, 9, 0, 12, 314.35
1734319788, 67, 11, 80, 0, 0, 0.06%, 9, 0, 12, 244.58
1734319793, 67, 13, 80, 0, 0, 0.06%, 9, 0, 12, 261.32
1734319799, 67, 20, 80, 0, 0, 0.06%, 9, 0, 12, 247.62
1734319804, 67, 22, 80, 0, 0, 0.06%, 9, 0, 12, 248.11
1734319809, 67, 24, 80, 0, 0, 0.06%, 9, 0, 12, 260.60
1734319814, 67, 27, 80, 0, 0, 0.06%, 9, 0, 12, 239.31
1734319819, 67, 38, 80, 0, 0, 0.06%, 9, 0, 12, 239.76
1734319824, 67, 52, 80, 0, 0, 0.06%, 9, 0, 12, 267.33
1734319829, 67, 65, 80, 0, 0, 0.06%, 9, 0, 12, 275.67
1734319839, 68, 11, 80, 0, 0, 0.06%, 9, 0, 12, 249.24
1734319844, 68, 13, 80, 0, 0, 0.06%, 9, 0, 12, 239.19
1734319849, 68, 20, 80, 0, 0, 0.06%, 9, 0, 12, 239.00
1734319854, 68, 22, 80, 0, 0, 0.06%, 9, 0, 12, 247.77
1734319859, 68, 24, 80, 0, 0, 0.06%, 9, 0, 12, 258.67
1734319865, 68, 27, 80, 0, 0, 0.06%, 9, 0, 12, 256.58
1734319870, 68, 34, 80, 0, 0, 0.06%, 9, 0, 12, 258.27
1734319875, 68, 38, 80, 0, 0, 0.06%, 9, 0, 12, 265.19
1734319880, 68, 72, 80, 0, 0, 0.06%, 9, 0, 12, 298.91
1734319890, 68, 75, 80, 0, 0, 0.06%, 9, 0, 12, 267.39
1734319900, 69, 11, 80, 0, 0, 0.06%, 9, 0, 12, 266.35
1734319905, 69, 13, 80, 0, 0, 0.06%, 9, 0, 12, 264.29
1734319910, 69, 19, 80, 0, 0, 0.06%, 9, 0, 12, 266.51
1734319915, 69, 20, 80, 0, 0, 0.06%, 9, 0, 12, 248.27
1734319920, 69, 22, 80, 0, 0, 0.06%, 9, 0, 12, 245.79
1734319925, 69, 24, 80, 0, 0, 0.06%, 9, 0, 12, 253.82
1734319930, 69, 27, 80, 0, 0, 0.06%, 9, 0, 12, 244.41
1734319936, 69, 29, 80, 0, 0, 0.06%, 9, 0, 12, 261.05
1734319946, 69, 38, 80, 0, 0, 0.06%, 9, 0, 12, 252.08
1734319951, 70, 2, 80, 0, 0, 0.06%, 9, 0, 12, 262.21
1734319956, 70, 12, 80, 0, 0, 0.06%, 9, 0, 12, 250.68
1734319961, 70, 20, 80, 0, 0, 0.06%, 9, 0, 12, 246.77
1734319971, 70, 22, 80, 0, 0, 0.06%, 9, 0, 12, 255.46
1734319976, 70, 24, 80, 0, 0, 0.06%, 9, 0, 12, 269.23
1734319981, 70, 27, 80, 0, 0, 0.06%, 9, 0, 12, 255.90
1734319986, 70, 28, 80, 0, 0, 0.06%, 9, 0, 12, 262.51
1734319992, 70, 38, 80, 0, 0, 0.06%, 9, 0, 12, 261.53
1734319997, 71, 11, 80, 0, 0, 0.06%, 9, 0, 12, 253.05
1734320002, 71, 13, 80, 0, 0, 0.06%, 9, 0, 12, 243.90
1734320007, 71, 20, 80, 0, 0, 0.06%, 9, 0, 12, 252.05
1734320012, 71, 22, 80, 0, 0, 0.06%, 9, 0, 12, 251.63
1734320017, 71, 24, 80, 0, 0, 0.06%, 9, 0, 12, 246.61
1734320022, 71, 27, 80, 0, 0, 0.06%, 9, 0, 12, 257.28
1734320027, 71, 38, 80, 0, 0, 0.06%, 9, 0, 12, 258.11
1734320037, 71, 43, 80, 0, 0, 0.06%, 9, 0, 12, 291.99
1734320048, 72, 12, 80, 0, 0, 0.06%, 9, 0, 12, 260.49
1734320053, 72, 18, 80, 0, 0, 0.06%, 9, 0, 12, 264.91
1734320058, 72, 20, 80, 0, 0, 0.06%, 9, 0, 12, 251.33
1734320063, 72, 22, 80, 0, 0, 0.06%, 9, 0, 12, 257.31
1734320068, 72, 24, 80, 0, 0, 0.06%, 9, 0, 12, 268.89
1734320073, 72, 27, 80, 0, 0, 0.06%, 9, 0, 12, 261.88
1734320083, 72, 36, 80, 0, 0, 0.06%, 9, 0, 12, 260.31
1734320088, 72, 38, 80, 0, 0, 0.06%, 9, 0, 12, 269.44
1734320093, 72, 68, 80, 0, 0, 0.06%, 9, 0, 12, 273.36
1734320099, 72, 71, 80, 0, 0, 0.06%, 9, 0, 12, 291.98
1734320114, 73, 12, 80, 0, 0, 0.06%, 9, 0, 12, 247.53
1734320119, 73, 20, 80, 0, 0, 0.06%, 9, 0, 12, 250.15
1734320124, 73, 22, 80, 0, 0, 0.06%, 9, 0, 12, 257.00
1734320129, 73, 24, 80, 0, 0, 0.06%, 9, 0, 12, 268.10
1734320139, 73, 27, 80, 0, 0, 0.06%, 9, 0, 12, 248.51
1734320144, 73, 38, 80, 0, 0, 0.06%, 9, 0, 12, 244.17
1734320149, 73, 55, 80, 0, 0, 0.06%, 9, 0, 12, 262.36
1734320154, 74, 11, 80, 0, 0, 0.06%, 9, 0, 12, 286.86
1734320159, 74, 13, 80, 0, 0, 0.06%, 9, 0, 12, 267.82
1734320165, 74, 15, 80, 0, 0, 0.06%, 9, 0, 12, 250.81
1734320170, 74, 20, 80, 0, 0, 0.06%, 9, 0, 12, 244.11
1734320175, 74, 21, 80, 0, 0, 0.06%, 9, 0, 12, 249.40
1734320185, 74, 22, 80, 0, 0, 0.06%, 9, 0, 12, 262.07
1734320195, 74, 24, 80, 0, 0, 0.06%, 9, 0, 12, 256.56
1734320200, 74, 27, 80, 0, 0, 0.06%, 9, 0, 12, 262.42
1734320205, 74, 38, 80, 0, 0, 0.06%, 9, 0, 12, 254.11
1734320210, 74, 39, 80, 0, 0, 0.06%, 9, 0, 12, 266.90
1734320216, 74, 42, 80, 0, 0, 0.06%, 9, 0, 12, 256.79
1734320221, 74, 43, 80, 0, 0, 0.06%, 9, 0, 12, 284.95
1734320226, 74, 47, 80, 0, 0, 0.06%, 9, 0, 12, 288.51
1734320236, 74, 49, 80, 0, 0, 0.06%, 9, 0, 12, 257.62
1734320251, 74, 57, 80, 0, 0, 0.06%, 9, 0, 12, 269.46
1734320261, 74, 71, 80, 0, 0, 0.06%, 9, 0, 12, 289.91
1734320276, 75, 12, 80, 0, 0, 0.06%, 9, 0, 12, 263.10
1734320281, 75, 20, 80, 0, 0, 0.06%, 9, 0, 12, 256.39
1734320286, 75, 22, 80, 0, 0, 0.06%, 9, 0, 12, 258.32
1734320292, 75, 24, 80, 0, 0, 0.06%, 9, 0, 12, 268.99
1734320302, 75, 27, 80, 0, 0, 0.06%, 9, 0, 12, 259.48
1734320307, 75, 38, 80, 0, 0, 0.06%, 9, 0, 12, 258.88
1734320312, 75, 39, 80, 0, 0, 0.06%, 9, 0, 12, 267.38
1734320317, 75, 59, 80, 0, 0, 0.06%, 9, 0, 12, 282.71
1734320322, 76, 11, 80, 0, 0, 0.06%, 9, 0, 12, 282.79
1734320327, 76, 13, 80, 0, 0, 0.06%, 9, 0, 12, 272.03
1734320332, 76, 17, 80, 0, 0, 0.06%, 9, 0, 12, 274.33
1734320337, 76, 20, 80, 0, 0, 0.06%, 9, 0, 12, 260.47
1734320342, 76, 22, 80, 0, 0, 0.06%, 9, 0, 12, 262.77
1734320347, 76, 24, 80, 0, 0, 0.06%, 9, 0, 12, 266.28
1734320353, 76, 27, 80, 0, 0, 0.06%, 9, 0, 12, 259.42
1734320358, 76, 28, 80, 0, 0, 0.06%, 9, 0, 12, 264.71
1734320363, 76, 38, 80, 0, 0, 0.06%, 9, 0, 12, 257.52
1734320368, 76, 47, 80, 0, 0, 0.06%, 9, 0, 12, 282.35
1734320373, 76, 70, 80, 0, 0, 0.06%, 9, 0, 12, 283.08
1734320383, 77, 12, 80, 0, 0, 0.06%, 9, 0, 12, 262.25
1734320388, 77, 20, 80, 0, 0, 0.06%, 9, 0, 12, 254.53
1734320398, 77, 22, 80, 0, 0, 0.06%, 9, 0, 12, 258.64
1734320404, 77, 24, 80, 0, 0, 0.06%, 9, 0, 12, 266.44
1734320409, 77, 26, 80, 0, 0, 0.06%, 9, 0, 12, 251.50
1734320414, 77, 27, 80, 0, 0, 0.06%, 9, 0, 12, 258.13
1734320419, 77, 38, 80, 0, 0, 0.06%, 9, 0, 12, 267.58
1734320424, 77, 44, 80, 0, 0, 0.06%, 9, 0, 12, 265.67
1734320429, 77, 47, 80, 0, 0, 0.06%, 9, 0, 12, 278.88
1734320434, 77, 58, 80, 0, 0, 0.06%, 9, 0, 12, 295.29
1734320439, 77, 79, 80, 0, 0, 0.06%, 9, 0, 12, 278.41
1734320469, 78, 0, 80, 0, 0, 0.06%, 9, 0, 12, 267.10
1734320474, 78, 12, 80, 0, 0, 0.06%, 9, 0, 12, 245.90
1734320479, 78, 20, 80, 0, 0, 0.06%, 9, 0, 12, 257.90
1734320489, 78, 22, 80, 0, 0, 0.06%, 9, 0, 12, 261.96
1734320494, 78, 24, 80, 0, 0, 0.06%, 9, 0, 12, 258.52
1734320500, 78, 27, 80, 0, 0, 0.06%, 9, 0, 12, 251.84
1734320505, 78, 36, 80, 0, 0, 0.06%, 9, 0, 12, 269.96
1734320510, 78, 37, 80, 0, 0, 0.06%, 9, 0, 12, 270.86
1734320515, 78, 38, 80, 0, 0, 0.06%, 9, 0, 12, 261.59
1734320520, 78, 45, 80, 0, 0, 0.06%, 9, 0, 12, 256.29
1734320525, 78, 48, 80, 0, 0, 0.06%, 9, 0, 12, 267.90
1734320535, 78, 50, 80, 0, 0, 0.06%, 9, 0, 12, 270.60
1734320540, 78, 74, 80, 0, 0, 0.06%, 9, 0, 12, 279.25
1734320545, 79, 11, 80, 0, 0, 0.06%, 9, 0, 12, 261.21
1734320550, 79, 13, 80, 0, 0, 0.06%, 9, 0, 12, 251.25
1734320555, 79, 20, 80, 0, 0, 0.06%, 9, 0, 12, 247.38
1734320560, 79, 22, 80, 0, 0, 0.06%, 9, 0, 12, 262.73
1734320565, 79, 24, 80, 0, 0, 0.06%, 9, 0, 12, 256.82
1734320571, 79, 27, 80, 0, 0, 0.06%, 9, 0, 12, 259.18
1734320576, 79, 38, 80, 0, 0, 0.06%, 9, 0, 12, 256.48
1734320581, 79, 73, 80, 0, 0, 0.06%, 9, 0, 12, 264.13
1734320591, 80, 8, 80, 0, 0, 0.06%, 9, 0, 12, 257.80
1734320596, 80, 12, 80, 0, 0, 0.06%, 9, 0, 12, 252.02
1734320601, 80, 14, 80, 0, 0, 0.06%, 9, 0, 12, 247.09
1734320606, 80, 19, 80, 0, 0, 0.06%, 9, 0, 12, 265.61
1734320611, 80, 20, 80, 0, 0, 0.06%, 9, 0, 12, 254.63
1734320616, 80, 22, 80, 0, 0, 0.06%, 9, 0, 12, 258.05
1734320621, 80, 24, 80, 0, 0, 0.06%, 9, 0, 12, 260.13
1734320626, 80, 27, 80, 0, 0, 0.06%, 9, 0, 12, 244.73
1734320631, 80, 31, 80, 0, 0, 0.06%, 9, 0, 12, 253.87
1734320636, 80, 38, 80, 0, 0, 0.06%, 9, 0, 12, 252.72
1734320641, 80, 57, 80, 0, 0, 0.06%, 9, 0, 12, 271.17
1734320651, 80, 74, 80, 0, 0, 0.06%, 9, 0, 12, 279.11
1734320656, 81, 7, 80, 0, 0, 0.06%, 9, 0, 12, 265.74
1734320661, 81, 12, 80, 0, 0, 0.06%, 9, 0, 12, 268.43
1734320666, 81, 16, 80, 0, 0, 0.06%, 9, 0, 12, 270.67
1734320672, 81, 20, 80, 0, 0, 0.06%, 9, 0, 12, 252.79
1734320677, 81, 22, 80, 0, 0, 0.06%, 9, 0, 12, 271.61
1734320682, 81, 24, 80, 0, 0, 0.06%, 9, 0, 12, 273.78
1734320687, 81, 27, 80, 0, 0, 0.06%, 9, 0, 12, 259.13
1734320692, 81, 37, 80, 0, 0, 0.06%, 9, 0, 12, 264.09
1734320697, 81, 38, 80, 0, 0, 0.06%, 9, 0, 12, 254.82
1734320702, 81, 57, 80, 0, 0, 0.06%, 9, 0, 12, 273.84
1734320712, 82, 12, 80, 0, 0, 0.06%, 9, 0, 12, 258.45
1734320717, 82, 13, 80, 0, 0, 0.06%, 9, 0, 12, 253.16
1734320722, 82, 20, 80, 0, 0, 0.06%, 9, 0, 12, 250.61
1734320727, 82, 22, 80, 0, 0, 0.06%, 9, 0, 12, 249.56
1734320732, 82, 24, 80, 0, 0, 0.06%, 9, 0, 12, 253.37
1734320737, 82, 27, 80, 0, 0, 0.06%, 9, 0, 12, 251.07
1734320742, 82, 38, 80, 0, 0, 0.06%, 9, 0, 12, 254.73
1734320747, 82, 68, 80, 0, 0, 0.06%, 9, 0, 12, 275.45
1734320752, 82, 70, 80, 0, 0, 0.06%, 9, 0, 12, 274.66
1734320762, 83, 12, 80, 0, 0, 0.06%, 9, 0, 12, 265.92
1734320767, 83, 20, 80, 0, 0, 0.06%, 9, 0, 12, 245.79
1734320773, 83, 22, 80, 0, 0, 0.06%, 9, 0, 12, 257.59
1734320783, 83, 24, 80, 0, 0, 0.06%, 9, 0, 12, 264.41
1734320788, 83, 27, 80, 0, 0, 0.06%, 9, 0, 12, 255.66
1734320793, 83, 38, 80, 0, 0, 0.06%, 9, 0, 12, 253.50
1734320798, 83, 44, 80, 0, 0, 0.06%, 9, 0, 12, 267.47
1734320803, 83, 63, 80, 0, 0, 0.06%, 9, 0, 12, 281.52
1734320813, 84, 12, 80, 0, 0, 0.06%, 9, 0, 12, 254.13
1734320818, 84, 20, 80, 0, 0, 0.06%, 9, 0, 12, 257.28
1734320823, 84, 22, 80, 0, 0, 0.06%, 9, 0, 12, 254.98
1734320828, 84, 24, 80, 0, 0, 0.06%, 9, 0, 12, 255.99
1734320839, 84, 25, 80, 0, 0, 0.06%, 9, 0, 12, 272.40
1734320844, 84, 27, 80, 0, 0, 0.06%, 9, 0, 12, 256.91
1734320849, 84, 38, 80, 0, 0, 0.06%, 9, 0, 12, 261.14
1734320854, 85, 11, 80, 0, 0, 0.06%, 9, 0, 12, 252.23
1734320859, 85, 13, 80, 0, 0, 0.06%, 9, 0, 12, 247.66
1734320864, 85, 20, 80, 0, 0, 0.06%, 9, 0, 12, 250.27
1734320869, 85, 22, 80, 0, 0, 0.06%, 9, 0, 12, 249.34
1734320874, 85, 24, 80, 0, 0, 0.06%, 9, 0, 12, 249.77
1734320885, 85, 27, 80, 0, 0, 0.06%, 9, 0, 12, 252.30
1734320890, 85, 38, 81, 1, 0, 0.06%, 9, 0, 12, 253.29
1734320895, 85, 39, 81, 1, 0, 0.06%, 9, 0, 12, 251.01
1734320900, 85, 49, 81, 1, 0, 0.06%, 9, 0, 12, 256.10
1734320905, 86, 11, 81, 1, 0, 0.06%, 9, 0, 12, 261.09
1734320910, 86, 12, 81, 1, 0, 0.06%, 9, 0, 12, 250.17
1734320915, 86, 20, 81, 1, 0, 0.06%, 9, 0, 12, 256.56
1734320920, 86, 21, 81, 1, 0, 0.06%, 9, 0, 12, 260.01
1734320925, 86, 22, 81, 1, 0, 0.06%, 9, 0, 12, 251.86
1734320930, 86, 24, 81, 1, 0, 0.06%, 9, 0, 12, 274.14
1734320940, 86, 27, 81, 1, 0, 0.06%, 9, 0, 12, 276.55
1734320945, 86, 38, 81, 1, 0, 0.06%, 9, 0, 12, 268.66
1734320950, 86, 61, 81, 1, 0, 0.06%, 9, 0, 12, 282.61
1734320955, 86, 75, 81, 1, 0, 0.06%, 9, 0, 12, 287.55
1734320966, 87, 12, 81, 1, 0, 0.06%, 9, 0, 12, 256.89
1734320971, 87, 20, 81, 1, 0, 0.06%, 9, 0, 12, 255.01
1734320976, 87, 22, 81, 1, 0, 0.06%, 9, 0, 12, 259.55
1734320986, 87, 24, 81, 1, 0, 0.06%, 9, 0, 12, 268.78
1734320991, 87, 27, 81, 1, 0, 0.06%, 9, 0, 12, 251.48
1734320996, 87, 29, 81, 1, 0, 0.06%, 9, 0, 12, 260.21
1734321001, 87, 31, 81, 1, 0, 0.06%, 9, 0, 12, 266.82
1734321006, 87, 33, 81, 1, 0, 0.06%, 9, 0, 12, 264.26
1734321011, 87, 38, 81, 1, 0, 0.06%, 9, 0, 12, 255.46
1734321016, 88, 11, 81, 1, 0, 0.06%, 9, 0, 12, 251.23
1734321021, 88, 13, 81, 1, 0, 0.06%, 9, 0, 12, 251.93
1734321026, 88, 20, 81, 1, 0, 0.06%, 9, 0, 12, 242.68
1734321031, 88, 22, 81, 1, 0, 0.06%, 9, 0, 12, 248.71
1734321037, 88, 24, 81, 1, 0, 0.06%, 9, 0, 12, 269.04
1734321042, 88, 26, 81, 1, 0, 0.06%, 9, 0, 12, 257.57
1734321047, 88, 27, 81, 1, 0, 0.06%, 9, 0, 12, 251.97
1734321052, 88, 36, 81, 1, 0, 0.06%, 9, 0, 12, 264.15
1734321057, 88, 38, 81, 1, 0, 0.06%, 9, 0, 12, 260.44
1734321067, 88, 47, 81, 1, 0, 0.06%, 9, 0, 12, 251.05
1734321072, 88, 55, 81, 1, 0, 0.06%, 9, 0, 12, 270.73
1734321077, 89, 11, 81, 1, 0, 0.06%, 9, 0, 12, 275.60
1734321082, 89, 13, 81, 1, 0, 0.06%, 9, 0, 12, 267.10
1734321088, 89, 20, 81, 1, 0, 0.06%, 9, 0, 12, 255.62
1734321093, 89, 22, 81, 1, 0, 0.06%, 9, 0, 12, 251.73
1734321098, 89, 24, 81, 1, 0, 0.06%, 9, 0, 12, 271.05
1734321108, 89, 27, 81, 1, 0, 0.06%, 9, 0, 12, 263.57
1734321113, 89, 57, 81, 1, 0, 0.06%, 9, 0, 12, 262.51
1734321123, 89, 67, 81, 1, 0, 0.06%, 9, 0, 12, 281.53
1734321133, 89, 70, 81, 1, 0, 0.06%, 9, 0, 12, 271.50
1734321138, 89, 76, 81, 1, 0, 0.06%, 9, 0, 12, 274.14
1734321174, 90, 12, 81, 1, 0, 0.06%, 9, 0, 12, 252.62
1734321179, 90, 20, 81, 1, 0, 0.06%, 9, 0, 12, 250.05
1734321184, 90, 22, 81, 1, 0, 0.06%, 9, 0, 12, 260.97
1734321189, 90, 24, 81, 1, 0, 0.06%, 9, 0, 12, 263.12
1734321194, 90, 27, 81, 1, 0, 0.06%, 9, 0, 12, 266.22
1734321205, 90, 38, 81, 1, 0, 0.06%, 9, 0, 12, 258.76
1734321210, 90, 48, 81, 1, 0, 0.06%, 9, 0, 12, 277.83
1734321215, 90, 79, 81, 1, 0, 0.06%, 9, 0, 12, 266.87
1734321250, 91, 12, 81, 1, 0, 0.06%, 9, 0, 12, 244.78
1734321255, 91, 20, 81, 1, 0, 0.06%, 9, 0, 12, 245.87
1734321260, 91, 22, 81, 1, 0, 0.06%, 9, 0, 12, 268.83
1734321271, 91, 24, 81, 1, 0, 0.06%, 9, 0, 12, 255.39
1734321276, 91, 27, 81, 1, 0, 0.06%, 9, 0, 12, 243.47
1734321281, 91, 28, 81, 1, 0, 0.06%, 9, 0, 12, 258.72
1734321286, 91, 37, 81, 1, 0, 0.06%, 9, 0, 12, 256.12
1734321291, 91, 38, 81, 1, 0, 0.06%, 9, 0, 12, 246.19
1734321296, 92, 11, 81, 1, 0, 0.06%, 9, 0, 12, 273.42
1734321301, 92, 13, 81, 1, 0, 0.06%, 9, 0, 12, 254.54
1734321306, 92, 20, 81, 1, 0, 0.06%, 9, 0, 12, 251.67
1734321311, 92, 22, 81, 1, 0, 0.06%, 9, 0, 12, 256.28
1734321321, 92, 24, 81, 1, 0, 0.06%, 9, 0, 12, 261.25
1734321326, 92, 27, 81, 1, 0, 0.06%, 9, 0, 12, 263.22
1734321331, 92, 38, 81, 1, 0, 0.06%, 9, 0, 12, 261.84
1734321336, 92, 46, 81, 1, 0, 0.06%, 9, 0, 12, 262.21
1734321342, 92, 47, 81, 1, 0, 0.06%, 9, 0, 12, 276.46
1734321347, 92, 80, 81, 1, 0, 0.06%, 9, 0, 12, 357.80
1734321357, 92, 80, 82, 2, 0, 0.06%, 9, 0, 12, 420.16
1734321474, 93, 12, 82, 1, 0, 0.06%, 9, 0, 12, 251.94
1734321479, 93, 20, 82, 1, 0, 0.06%, 9, 0, 12, 263.36
1734321489, 93, 24, 82, 1, 0, 0.06%, 9, 0, 12, 282.37
1734321499, 93, 27, 82, 1, 0, 0.06%, 9, 0, 12, 263.91
1734321504, 93, 31, 82, 1, 0, 0.06%, 9, 0, 12, 260.64
1734321509, 93, 36, 82, 1, 0, 0.06%, 9, 0, 12, 266.92
1734321514, 93, 38, 82, 1, 0, 0.06%, 9, 0, 12, 259.05
1734321519, 93, 53, 82, 1, 0, 0.06%, 9, 0, 12, 275.00
1734321524, 93, 57, 82, 1, 0, 0.06%, 9, 0, 12, 281.13
1734321530, 93, 77, 82, 1, 0, 0.06%, 9, 0, 12, 279.99
1734321550, 94, 12, 82, 1, 0, 0.06%, 9, 0, 12, 257.80
1734321555, 94, 14, 82, 1, 0, 0.06%, 9, 0, 12, 258.03
1734321560, 94, 20, 82, 1, 0, 0.06%, 9, 0, 12, 239.48
1734321565, 94, 22, 82, 1, 0, 0.06%, 9, 0, 12, 249.84
1734321570, 94, 24, 82, 1, 0, 0.06%, 9, 0, 12, 247.96
1734321575, 94, 27, 82, 1, 0, 0.06%, 9, 0, 12, 241.60
1734321580, 94, 31, 82, 1, 0, 0.06%, 9, 0, 12, 252.77
1734321590, 94, 66, 82, 1, 0, 0.06%, 9, 0, 12, 268.80
1734321600, 94, 71, 82, 1, 0, 0.06%, 9, 0, 12, 295.42
1734321616, 95, 6, 82, 1, 0, 0.06%, 9, 0, 12, 257.67
1734321621, 95, 12, 82, 1, 0, 0.06%, 9, 0, 12, 257.34
1734321626, 95, 20, 82, 1, 0, 0.06%, 9, 0, 12, 245.18
1734321631, 95, 22, 82, 1, 0, 0.06%, 9, 0, 12, 247.04
1734321636, 95, 23, 82, 1, 0, 0.06%, 9, 0, 12, 253.65
1734321647, 95, 24, 82, 1, 0, 0.06%, 9, 0, 12, 274.30
1734321652, 95, 27, 82, 1, 0, 0.06%, 9, 0, 12, 267.34
1734321657, 95, 34, 82, 1, 0, 0.06%, 9, 0, 12, 258.65
1734321662, 95, 38, 82, 1, 0, 0.06%, 9, 0, 12, 256.75
1734321667, 95, 61, 82, 1, 0, 0.06%, 9, 0, 12, 270.71
1734321677, 95, 65, 82, 1, 0, 0.06%, 9, 0, 12, 261.54
1734321682, 95, 75, 82, 1, 0, 0.06%, 9, 0, 12, 290.92
1734321692, 95, 78, 82, 1, 0, 0.06%, 9, 0, 12, 286.22
1734321713, 95, 81, 82, 1, 0, 0.06%, 9, 0, 12, 366.62
1734321840, 96, 11, 82, 0, 0, 0.06%, 9, 0, 12, 276.87
1734321845, 96, 13, 82, 0, 0, 0.06%, 9, 0, 12, 252.41
1734321850, 96, 20, 82, 0, 0, 0.06%, 9, 0, 12, 262.97
1734321855, 96, 22, 82, 0, 0, 0.06%, 9, 0, 12, 248.65
1734321860, 96, 24, 82, 0, 0, 0.06%, 9, 0, 12, 253.28
1734321865, 96, 27, 82, 0, 0, 0.06%, 9, 0, 12, 259.02
1734321870, 96, 38, 82, 0, 0, 0.06%, 9, 0, 12, 262.21
1734321875, 97, 11, 82, 0, 0, 0.06%, 9, 0, 12, 261.41
1734321880, 97, 13, 82, 0, 0, 0.06%, 9, 0, 12, 253.02
1734321885, 97, 20, 82, 0, 0, 0.06%, 9, 0, 12, 260.61
1734321890, 97, 22, 82, 0, 0, 0.06%, 9, 0, 12, 253.41
1734321895, 97, 24, 82, 0, 0, 0.06%, 9, 0, 12, 255.80
1734321900, 97, 27, 82, 0, 0, 0.06%, 9, 0, 12, 254.89
1734321906, 97, 38, 82, 0, 0, 0.06%, 9, 0, 12, 260.75
1734321916, 97, 63, 82, 0, 0, 0.06%, 9, 0, 12, 286.90
1734321921, 98, 11, 82, 0, 0, 0.06%, 9, 0, 12, 250.56
1734321926, 98, 13, 82, 0, 0, 0.06%, 9, 0, 12, 244.04
1734321931, 98, 20, 82, 0, 0, 0.06%, 9, 0, 12, 258.24
1734321936, 98, 22, 82, 0, 0, 0.06%, 9, 0, 12, 265.61
1734321941, 98, 24, 82, 0, 0, 0.06%, 9, 0, 12, 269.95
1734321946, 98, 27, 82, 0, 0, 0.06%, 9, 0, 12, 279.84
1734321951, 98, 35, 82, 0, 0, 0.06%, 9, 0, 12, 261.93
1734321956, 98, 38, 82, 0, 0, 0.06%, 9, 0, 12, 255.07
1734321962, 98, 62, 82, 0, 0, 0.06%, 9, 0, 12, 248.26
1734321972, 98, 74, 82, 0, 0, 0.06%, 9, 0, 12, 278.90
1734321977, 99, 11, 82, 0, 0, 0.06%, 9, 0, 12, 259.88
1734321982, 99, 13, 82, 0, 0, 0.06%, 9, 0, 12, 263.14
1734321987, 99, 20, 82, 0, 0, 0.06%, 9, 0, 12, 248.59
1734321992, 99, 22, 82, 0, 0, 0.06%, 9, 0, 12, 251.83
1734321997, 99, 24, 82, 0, 0, 0.06%, 9, 0, 12, 262.97
1734322002, 99, 27, 82, 0, 0, 0.06%, 9, 0, 12, 261.82
1734322007, 99, 38, 82, 0, 0, 0.06%, 9, 0, 12, 262.44
1734322017, 99, 40, 82, 0, 0, 0.06%, 9, 0, 12, 270.79
1734322022, 99, 48, 82, 0, 0, 0.06%, 9, 0, 12, 268.40
1734322027, 100, 4, 82, 0, 0, 0.06%, 9, 0, 12, 271.29
1734322033, 100, 12, 82, 0, 0, 0.06%, 9, 0, 12, 266.37
1734322038, 100, 20, 82, 0, 0, 0.06%, 9, 0, 12, 250.28
1734322043, 100, 22, 82, 0, 0, 0.06%, 9, 0, 12, 249.69
1734322048, 100, 24, 82, 0, 0, 0.06%, 9, 0, 12, 254.89
1734322053, 100, 27, 82, 0, 0, 0.06%, 9, 0, 12, 259.30
1734322063, 100, 38, 82, 0, 0, 0.06%, 9, 0, 12, 260.03
1734322068, 100, 63, 82, 0, 0, 0.06%, 9, 0, 12, 278.26
1734322073, 100, 72, 82, 0, 0, 0.06%, 9, 0, 12, 294.40
1734322083, 101, 11, 82, 0, 0, 0.06%, 9, 0, 12, 270.60
1734322088, 101, 13, 82, 0, 0, 0.06%, 9, 0, 12, 259.81
1734322094, 101, 20, 82, 0, 0, 0.06%, 9, 0, 12, 255.63
1734322099, 101, 22, 82, 0, 0, 0.06%, 9, 0, 12, 260.94
1734322104, 101, 24, 82, 0, 0, 0.06%, 9, 0, 12, 264.54
1734322109, 101, 25, 82, 0, 0, 0.06%, 9, 0, 12, 263.49
1734322114, 101, 27, 82, 0, 0, 0.06%, 9, 0, 12, 258.43
1734322119, 101, 38, 82, 0, 0, 0.06%, 9, 0, 12, 261.01
1734322124, 101, 39, 82, 0, 0, 0.06%, 9, 0, 12, 267.43
1734322134, 101, 41, 82, 0, 0, 0.06%, 9, 0, 12, 253.68
1734322139, 101, 68, 82, 0, 0, 0.06%, 9, 0, 12, 259.37
1734322144, 102, 11, 82, 0, 0, 0.06%, 9, 0, 12, 257.10
1734322149, 102, 13, 82, 0, 0, 0.06%, 9, 0, 12, 246.82
1734322154, 102, 20, 82, 0, 0, 0.06%, 9, 0, 12, 250.03
1734322159, 102, 22, 82, 0, 0, 0.06%, 9, 0, 12, 259.82
1734322164, 102, 24, 82, 0, 0, 0.06%, 9, 0, 12, 258.64
1734322169, 102, 27, 82, 0, 0, 0.06%, 9, 0, 12, 258.29
1734322174, 102, 38, 82, 0, 0, 0.06%, 9, 0, 12, 255.01
1734322180, 103, 11, 82, 0, 0, 0.06%, 9, 0, 12, 249.39
1734322185, 103, 13, 82, 0, 0, 0.06%, 9, 0, 12, 260.45
1734322190, 103, 20, 82, 0, 0, 0.06%, 9, 0, 12, 258.03
1734322195, 103, 22, 82, 0, 0, 0.06%, 9, 0, 12, 259.22
1734322200, 103, 24, 82, 0, 0, 0.06%, 9, 0, 12, 259.44
1734322205, 103, 27, 82, 0, 0, 0.06%, 9, 0, 12, 254.82
1734322210, 103, 28, 82, 0, 0, 0.06%, 9, 0, 12, 260.61
1734322215, 103, 38, 82, 0, 0, 0.06%, 9, 0, 12, 259.55
1734322220, 103, 40, 82, 0, 0, 0.06%, 9, 0, 12, 259.11
1734322230, 104, 12, 82, 0, 0, 0.06%, 9, 0, 12, 263.63
1734322235, 104, 15, 82, 0, 0, 0.06%, 9, 0, 12, 250.74
1734322240, 104, 20, 82, 0, 0, 0.06%, 9, 0, 12, 251.57
1734322245, 104, 22, 82, 0, 0, 0.06%, 9, 0, 12, 247.73
1734322250, 104, 24, 82, 0, 0, 0.06%, 9, 0, 12, 255.26
1734322255, 104, 27, 82, 0, 0, 0.06%, 9, 0, 12, 246.95
1734322260, 104, 38, 82, 0, 0, 0.06%, 9, 0, 12, 252.89
1734322265, 104, 48, 82, 0, 0, 0.06%, 9, 0, 12, 249.82
1734322275, 104, 53, 82, 0, 0, 0.06%, 9, 0, 12, 284.81
1734322280, 104, 81, 82, 0, 0, 0.06%, 9, 0, 12, 301.41
1734322311, 105, 12, 82, 0, 0, 0.06%, 9, 0, 12, 258.13
1734322316, 105, 20, 82, 0, 0, 0.06%, 9, 0, 12, 254.51
1734322326, 105, 22, 82, 0, 0, 0.06%, 9, 0, 12, 274.59
1734322331, 105, 23, 82, 0, 0, 0.06%, 9, 0, 12, 260.29
1734322336, 105, 24, 82, 0, 0, 0.06%, 9, 0, 12, 268.01
1734322341, 105, 27, 82, 0, 0, 0.06%, 9, 0, 12, 274.15
1734322346, 105, 38, 82, 0, 0, 0.06%, 9, 0, 12, 266.85
1734322351, 105, 39, 82, 0, 0, 0.06%, 9, 0, 12, 260.55
1734322356, 105, 42, 82, 0, 0, 0.06%, 9, 0, 12, 256.21
1734322361, 105, 56, 82, 0, 0, 0.06%, 9, 0, 12, 271.13
1734322372, 105, 68, 82, 0, 0, 0.06%, 9, 0, 12, 277.73
1734322377, 105, 81, 82, 0, 0, 0.06%, 9, 0, 12, 299.29
1734322408, 106, 12, 82, 0, 0, 0.06%, 9, 0, 12, 255.71
1734322413, 106, 20, 82, 0, 0, 0.06%, 9, 0, 12, 259.18
1734322418, 106, 22, 82, 0, 0, 0.06%, 9, 0, 12, 272.68
1734322428, 106, 24, 82, 0, 0, 0.06%, 9, 0, 12, 274.40
1734322433, 106, 27, 82, 0, 0, 0.06%, 9, 0, 12, 265.65
1734322438, 106, 38, 82, 0, 0, 0.06%, 9, 0, 12, 259.13
1734322443, 106, 43, 82, 0, 0, 0.06%, 9, 0, 12, 282.72
1734322448, 106, 69, 82, 0, 0, 0.06%, 9, 0, 12, 290.99
1734322453, 107, 11, 82, 0, 0, 0.06%, 9, 0, 12, 258.60
1734322458, 107, 13, 82, 0, 0, 0.06%, 9, 0, 12, 258.66
1734322463, 107, 20, 82, 0, 0, 0.06%, 9, 0, 12, 255.06
1734322468, 107, 22, 82, 0, 0, 0.06%, 9, 0, 12, 262.33
1734322473, 107, 24, 82, 0, 0, 0.06%, 9, 0, 12, 279.14
1734322483, 107, 27, 82, 0, 0, 0.06%, 9, 0, 12, 257.54
1734322488, 107, 38, 82, 0, 0, 0.06%, 9, 0, 12, 264.45
1734322493, 107, 62, 82, 0, 0, 0.06%, 9, 0, 12, 267.29
1734322498, 108, 4, 82, 0, 0, 0.06%, 9, 0, 12, 255.63
1734322503, 108, 12, 82, 0, 0, 0.06%, 9, 0, 12, 252.36
1734322509, 108, 20, 82, 0, 0, 0.06%, 9, 0, 12, 247.69
1734322514, 108, 22, 82, 0, 0, 0.06%, 9, 0, 12, 265.20
1734322524, 108, 23, 82, 0, 0, 0.06%, 9, 0, 12, 266.31
1734322529, 108, 24, 82, 0, 0, 0.06%, 9, 0, 12, 263.72
1734322534, 108, 27, 82, 0, 0, 0.06%, 9, 0, 12, 248.51
1734322539, 108, 38, 82, 0, 0, 0.06%, 9, 0, 12, 253.84
1734322544, 109, 11, 82, 0, 0, 0.06%, 9, 0, 12, 269.44
1734322549, 109, 13, 82, 0, 0, 0.06%, 9, 0, 12, 252.40
1734322554, 109, 20, 82, 0, 0, 0.06%, 9, 0, 12, 260.51
1734322559, 109, 22, 82, 0, 0, 0.06%, 9, 0, 12, 272.60
1734322565, 109, 24, 82, 0, 0, 0.06%, 9, 0, 12, 264.80
1734322570, 109, 27, 82, 0, 0, 0.06%, 9, 0, 12, 261.21
1734322575, 109, 38, 82, 0, 0, 0.06%, 9, 0, 12, 249.87
1734322580, 109, 47, 82, 0, 0, 0.06%, 9, 0, 12, 276.01
1734322585, 110, 11, 82, 0, 0, 0.06%, 9, 0, 12, 266.34
1734322590, 110, 13, 82, 0, 0, 0.06%, 9, 0, 12, 253.69
1734322595, 110, 20, 82, 0, 0, 0.06%, 9, 0, 12, 256.12
1734322600, 110, 22, 82, 0, 0, 0.06%, 9, 0, 12, 259.99
1734322610, 110, 24, 82, 0, 0, 0.06%, 9, 0, 12, 273.96
1734322615, 110, 25, 82, 0, 0, 0.06%, 9, 0, 12, 271.26
1734322620, 110, 27, 82, 0, 0, 0.06%, 9, 0, 12, 268.13
1734322625, 110, 38, 82, 0, 0, 0.06%, 9, 0, 12, 253.36
1734322630, 110, 39, 82, 0, 0, 0.06%, 9, 0, 12, 263.96
1734322635, 110, 60, 82, 0, 0, 0.06%, 9, 0, 12, 281.62
1734322640, 110, 76, 82, 0, 0, 0.06%, 9, 0, 12, 291.46
1734322661, 111, 12, 82, 0, 0, 0.06%, 9, 0, 12, 259.17
1734322666, 111, 14, 82, 0, 0, 0.06%, 9, 0, 12, 258.89
1734322671, 111, 20, 82, 0, 0, 0.06%, 9, 0, 12, 261.80
1734322676, 111, 22, 82, 0, 0, 0.06%, 9, 0, 12, 253.32
1734322681, 111, 24, 82, 0, 0, 0.06%, 9, 0, 12, 264.78
1734322686, 111, 27, 82, 0, 0, 0.06%, 9, 0, 12, 266.45
1734322692, 111, 32, 82, 0, 0, 0.06%, 9, 0, 12, 265.86
1734322697, 111, 36, 82, 0, 0, 0.06%, 9, 0, 12, 273.87
1734322702, 111, 38, 82, 0, 0, 0.06%, 9, 0, 12, 262.01
1734322707, 112, 11, 82, 0, 0, 0.06%, 9, 0, 12, 259.85
1734322712, 112, 13, 82, 0, 0, 0.06%, 9, 0, 12, 254.59
1734322717, 112, 20, 82, 0, 0, 0.06%, 9, 0, 12, 253.72
1734322727, 112, 22, 82, 0, 0, 0.06%, 9, 0, 12, 266.13
1734322732, 112, 24, 82, 0, 0, 0.06%, 9, 0, 12, 255.95
1734322737, 112, 27, 82, 0, 0, 0.06%, 9, 0, 12, 247.95
1734322742, 112, 38, 82, 0, 0, 0.06%, 9, 0, 12, 258.61
1734322747, 112, 42, 82, 0, 0, 0.06%, 9, 0, 12, 254.95
1734322752, 112, 45, 82, 0, 0, 0.06%, 9, 0, 12, 266.03
1734322758, 112, 81, 82, 0, 0, 0.06%, 9, 0, 12, 290.72
1734322788, 113, 11, 82, 0, 0, 0.06%, 9, 0, 12, 259.81
1734322793, 113, 13, 82, 0, 0, 0.06%, 9, 0, 12, 259.17
1734322798, 113, 20, 82, 0, 0, 0.06%, 9, 0, 12, 242.31
1734322803, 113, 22, 82, 0, 0, 0.06%, 9, 0, 12, 253.03
1734322808, 113, 24, 82, 0, 0, 0.06%, 9, 0, 12, 258.23
1734322813, 113, 27, 82, 0, 0, 0.06%, 9, 0, 12, 262.59
1734322818, 113, 38, 82, 0, 0, 0.06%, 9, 0, 12, 266.29
1734322823, 113, 46, 82, 0, 0, 0.06%, 9, 0, 12, 251.54
1734322828, 113, 69, 82, 0, 0, 0.06%, 9, 0, 12, 290.43
1734322833, 113, 81, 82, 0, 0, 0.06%, 9, 0, 12, 295.71
1734322864, 114, 11, 82, 0, 0, 0.06%, 9, 0, 12, 261.43
1734322869, 114, 12, 82, 0, 0, 0.06%, 9, 0, 12, 248.09
1734322874, 114, 20, 82, 0, 0, 0.06%, 9, 0, 12, 239.34
1734322879, 114, 22, 82, 0, 0, 0.06%, 9, 0, 12, 252.26
1734322884, 114, 24, 82, 0, 0, 0.06%, 9, 0, 12, 262.19
1734322894, 114, 27, 82, 0, 0, 0.06%, 9, 0, 12, 264.49
1734322899, 114, 38, 82, 0, 0, 0.06%, 9, 0, 12, 274.10
1734322904, 114, 50, 82, 0, 0, 0.06%, 9, 0, 12, 255.84
1734322909, 114, 51, 82, 0, 0, 0.06%, 9, 0, 12, 265.79
1734322914, 114, 53, 82, 0, 0, 0.06%, 9, 0, 12, 288.59
1734322919, 114, 60, 82, 0, 0, 0.06%, 9, 0, 12, 287.74
1734322924, 114, 69, 82, 0, 0, 0.06%, 9, 0, 12, 269.78
1734322929, 115, 9, 82, 0, 0, 0.06%, 9, 0, 12, 265.89
1734322934, 115, 12, 82, 0, 0, 0.06%, 9, 0, 12, 249.34
1734322940, 115, 20, 82, 0, 0, 0.06%, 9, 0, 12, 245.53
1734322945, 115, 22, 82, 0, 0, 0.06%, 9, 0, 12, 262.09
1734322955, 115, 24, 82, 0, 0, 0.06%, 9, 0, 12, 267.94
1734322960, 115, 27, 82, 0, 0, 0.06%, 9, 0, 12, 253.85
1734322965, 115, 28, 82, 0, 0, 0.06%, 9, 0, 12, 256.74
1734322970, 115, 38, 82, 0, 0, 0.06%, 9, 0, 12, 251.78
1734322975, 115, 58, 82, 0, 0, 0.06%, 9, 0, 12, 286.09
1734322980, 115, 64, 82, 0, 0, 0.06%, 9, 0, 12, 265.99
1734322990, 115, 73, 82, 0, 0, 0.06%, 9, 0, 12, 300.06
1734322996, 115, 77, 82, 0, 0, 0.06%, 9, 0, 12, 305.24
1734323011, 116, 11, 82, 0, 0, 0.06%, 9, 0, 12, 263.16
1734323016, 116, 13, 82, 0, 0, 0.06%, 9, 0, 12, 257.97
1734323021, 116, 16, 82, 0, 0, 0.06%, 9, 0, 12, 258.66
1734323026, 116, 20, 82, 0, 0, 0.06%, 9, 0, 12, 255.60
1734323031, 116, 22, 82, 0, 0, 0.06%, 9, 0, 12, 269.01
1734323036, 116, 24, 82, 0, 0, 0.06%, 9, 0, 12, 262.77
1734323041, 116, 27, 82, 0, 0, 0.06%, 9, 0, 12, 270.99
1734323046, 116, 35, 82, 0, 0, 0.06%, 9, 0, 12, 270.91
1734323052, 116, 38, 82, 0, 0, 0.06%, 9, 0, 12, 260.86
1734323057, 116, 50, 82, 0, 0, 0.06%, 9, 0, 12, 284.74
1734323062, 116, 67, 82, 0, 0, 0.06%, 9, 0, 12, 292.27
1734323072, 117, 3, 82, 0, 0, 0.06%, 9, 0, 12, 283.69
1734323077, 117, 12, 82, 0, 0, 0.06%, 9, 0, 12, 256.80
1734323082, 117, 20, 82, 0, 0, 0.06%, 9, 0, 12, 253.21
1734323092, 117, 22, 82, 0, 0, 0.06%, 9, 0, 12, 270.88
1734323097, 117, 24, 82, 0, 0, 0.06%, 9, 0, 12, 267.74
1734323102, 117, 27, 82, 0, 0, 0.06%, 9, 0, 12, 269.01
1734323107, 117, 38, 82, 0, 0, 0.06%, 9, 0, 12, 253.53
1734323113, 118, 12, 82, 0, 0, 0.06%, 9, 0, 12, 264.41
1734323118, 118, 20, 82, 0, 0, 0.06%, 9, 0, 12, 251.89
1734323123, 118, 22, 82, 0, 0, 0.06%, 9, 0, 12, 268.99
1734323133, 118, 24, 82, 0, 0, 0.06%, 9, 0, 12, 281.69
1734323138, 118, 27, 82, 0, 0, 0.06%, 9, 0, 12, 264.07
1734323143, 118, 34, 82, 0, 0, 0.06%, 9, 0, 12, 255.01
1734323148, 118, 38, 82, 0, 0, 0.06%, 9, 0, 12, 266.48
1734323153, 118, 44, 82, 0, 0, 0.06%, 9, 0, 12, 280.18
1734323158, 118, 73, 82, 0, 0, 0.06%, 9, 0, 12, 299.31
1734323163, 118, 75, 82, 0, 0, 0.06%, 9, 0, 12, 297.56
1734323169, 119, 3, 82, 0, 0, 0.06%, 9, 0, 12, 272.25
1734323174, 119, 11, 82, 0, 0, 0.06%, 9, 0, 12, 254.93
1734323179, 119, 13, 82, 0, 0, 0.06%, 9, 0, 12, 253.45
1734323184, 119, 20, 82, 0, 0, 0.06%, 9, 0, 12, 252.15
1734323194, 119, 22, 82, 0, 0, 0.06%, 9, 0, 12, 254.72
1734323199, 119, 24, 82, 0, 0, 0.06%, 9, 0, 12, 281.30
1734323204, 119, 27, 82, 0, 0, 0.06%, 9, 0, 12, 270.39
1734323209, 119, 34, 82, 0, 0, 0.06%, 9, 0, 12, 269.69
1734323214, 119, 38, 82, 0, 0, 0.06%, 9, 0, 12, 254.40
1734323219, 120, 12, 82, 0, 0, 0.06%, 9, 0, 12, 267.60
1734323225, 120, 20, 82, 0, 0, 0.06%, 9, 0, 12, 265.80
1734323230, 120, 22, 82, 0, 0, 0.06%, 9, 0, 12, 274.62
1734323240, 120, 24, 82, 0, 0, 0.06%, 9, 0, 12, 274.87
1734323245, 120, 25, 82, 0, 0, 0.06%, 9, 0, 12, 264.61
1734323250, 120, 27, 82, 0, 0, 0.06%, 9, 0, 12, 257.98
1734323255, 120, 29, 82, 0, 0, 0.06%, 9, 0, 12, 269.52
1734323260, 120, 38, 82, 0, 0, 0.06%, 9, 0, 12, 269.41
1734323265, 120, 48, 82, 0, 0, 0.06%, 9, 0, 12, 278.72
1734323270, 120, 55, 82, 0, 0, 0.06%, 9, 0, 12, 268.86
1734323281, 120, 71, 82, 0, 0, 0.06%, 9, 0, 12, 297.93
1734323286, 121, 11, 82, 0, 0, 0.06%, 9, 0, 12, 261.56
1734323291, 121, 12, 82, 0, 0, 0.06%, 9, 0, 12, 255.64
1734323296, 121, 17, 82, 0, 0, 0.06%, 9, 0, 12, 267.65
1734323301, 121, 20, 82, 0, 0, 0.06%, 9, 0, 12, 252.81
1734323306, 121, 22, 82, 0, 0, 0.06%, 9, 0, 12, 247.66
1734323311, 121, 24, 82, 0, 0, 0.06%, 9, 0, 12, 265.29
1734323316, 121, 27, 82, 0, 0, 0.06%, 9, 0, 12, 248.37
1734323321, 121, 38, 82, 0, 0, 0.06%, 9, 0, 12, 248.20
1734323326, 122, 11, 82, 0, 0, 0.06%, 9, 0, 12, 259.40
1734323331, 122, 13, 82, 0, 0, 0.06%, 9, 0, 12, 249.99
1734323336, 122, 20, 82, 0, 0, 0.06%, 9, 0, 12, 256.30
1734323341, 122, 21, 82, 0, 0, 0.06%, 9, 0, 12, 244.68
1734323346, 122, 22, 82, 0, 0, 0.06%, 9, 0, 12, 251.02
1734323351, 122, 24, 82, 0, 0, 0.06%, 9, 0, 12, 261.16
1734323356, 122, 26, 82, 0, 0, 0.06%, 9, 0, 12, 261.19
1734323362, 122, 27, 82, 0, 0, 0.06%, 9, 0, 12, 266.45
1734323367, 122, 38, 82, 0, 0, 0.06%, 9, 0, 12, 259.52
1734323377, 122, 45, 82, 0, 0, 0.06%, 9, 0, 12, 293.89
1734323382, 123, 12, 82, 0, 0, 0.06%, 9, 0, 12, 258.19
1734323387, 123, 20, 82, 0, 0, 0.06%, 9, 0, 12, 255.80
1734323392, 123, 22, 82, 0, 0, 0.06%, 9, 0, 12, 262.30
1734323403, 123, 24, 82, 0, 0, 0.06%, 9, 0, 12, 267.77
1734323408, 123, 27, 82, 0, 0, 0.06%, 9, 0, 12, 268.00
1734323413, 123, 38, 82, 0, 0, 0.06%, 9, 0, 12, 266.84
1734323418, 124, 12, 82, 0, 0, 0.06%, 9, 0, 12, 257.49
1734323423, 124, 20, 82, 0, 0, 0.06%, 9, 0, 12, 259.58
1734323428, 124, 22, 82, 0, 0, 0.06%, 9, 0, 12, 255.46
1734323438, 124, 24, 82, 0, 0, 0.06%, 9, 0, 12, 256.85
1734323443, 124, 27, 82, 0, 0, 0.06%, 9, 0, 12, 259.75
1734323448, 124, 38, 82, 0, 0, 0.06%, 9, 0, 12, 260.89
1734323453, 124, 73, 82, 0, 0, 0.06%, 9, 0, 12, 291.70
1734323458, 125, 12, 82, 0, 0, 0.06%, 9, 0, 12, 255.90
1734323463, 125, 13, 82, 0, 0, 0.06%, 9, 0, 12, 255.21
1734323468, 125, 20, 82, 0, 0, 0.06%, 9, 0, 12, 243.75
1734323473, 125, 22, 82, 0, 0, 0.06%, 9, 0, 12, 250.48
1734323478, 125, 24, 82, 0, 0, 0.06%, 9, 0, 12, 248.86
1734323483, 125, 27, 82, 0, 0, 0.06%, 9, 0, 12, 255.64
1734323494, 125, 35, 82, 0, 0, 0.06%, 9, 0, 12, 268.08
1734323499, 125, 37, 82, 0, 0, 0.06%, 9, 0, 12, 269.19
1734323504, 125, 38, 82, 0, 0, 0.06%, 9, 0, 12, 249.34
1734323509, 125, 44, 82, 0, 0, 0.06%, 9, 0, 12, 283.75
1734323514, 125, 49, 82, 0, 0, 0.06%, 9, 0, 12, 265.80
1734323519, 126, 1, 82, 0, 0, 0.06%, 9, 0, 12, 267.69
1734323524, 126, 12, 82, 0, 0, 0.06%, 9, 0, 12, 256.93
1734323529, 126, 13, 82, 0, 0, 0.06%, 9, 0, 12, 254.47
1734323534, 126, 20, 82, 0, 0, 0.06%, 9, 0, 12, 260.92
1734323539, 126, 22, 82, 0, 0, 0.06%, 9, 0, 12, 254.42
1734323544, 126, 24, 82, 0, 0, 0.06%, 9, 0, 12, 256.48
1734323549, 126, 27, 82, 0, 0, 0.06%, 9, 0, 12, 248.51
1734323554, 126, 38, 82, 0, 0, 0.06%, 9, 0, 12, 262.27
1734323559, 126, 49, 82, 0, 0, 0.06%, 9, 0, 12, 268.26
1734323569, 127, 11, 82, 0, 0, 0.06%, 9, 0, 12, 253.52
1734323574, 127, 13, 82, 0, 0, 0.06%, 9, 0, 12, 243.24
1734323580, 127, 20, 82, 0, 0, 0.06%, 9, 0, 12, 245.45
1734323585, 127, 22, 82, 0, 0, 0.06%, 9, 0, 12, 256.66
1734323590, 127, 24, 82, 0, 0, 0.06%, 9, 0, 12, 262.18
1734323595, 127, 25, 82, 0, 0, 0.06%, 9, 0, 12, 263.80
1734323600, 127, 27, 82, 0, 0, 0.06%, 9, 0, 12, 247.93
1734323605, 127, 38, 82, 0, 0, 0.06%, 9, 0, 12, 244.29
1734323615, 127, 80, 82, 0, 0, 0.06%, 9, 0, 12, 297.76
1734323640, 128, 11, 82, 0, 0, 0.06%, 9, 0, 12, 272.70
1734323645, 128, 13, 82, 0, 0, 0.06%, 9, 0, 12, 261.62
1734323650, 128, 20, 82, 0, 0, 0.06%, 9, 0, 12, 249.17
1734323655, 128, 22, 82, 0, 0, 0.06%, 9, 0, 12, 262.96
1734323661, 128, 24, 82, 0, 0, 0.06%, 9, 0, 12, 270.21
1734323666, 128, 27, 82, 0, 0, 0.06%, 9, 0, 12, 263.66
1734323671, 128, 38, 82, 0, 0, 0.06%, 9, 0, 12, 253.01
1734323676, 128, 68, 82, 0, 0, 0.06%, 9, 0, 12, 272.76
1734323681, 129, 11, 82, 0, 0, 0.06%, 9, 0, 12, 263.07
1734323686, 129, 13, 82, 0, 0, 0.06%, 9, 0, 12, 256.13
1734323691, 129, 20, 82, 0, 0, 0.06%, 9, 0, 12, 247.37
1734323696, 129, 22, 82, 0, 0, 0.06%, 9, 0, 12, 255.36
1734323701, 129, 24, 82, 0, 0, 0.06%, 9, 0, 12, 267.83
1734323711, 129, 27, 82, 0, 0, 0.06%, 9, 0, 12, 275.13
1734323716, 129, 38, 82, 0, 0, 0.06%, 9, 0, 12, 265.75
1734323721, 129, 40, 82, 0, 0, 0.06%, 9, 0, 12, 260.60
1734323726, 129, 65, 82, 0, 0, 0.06%, 9, 0, 12, 270.50
1734323731, 130, 11, 82, 0, 0, 0.06%, 9, 0, 12, 265.34
1734323737, 130, 12, 82, 0, 0, 0.06%, 9, 0, 12, 262.08
1734323742, 130, 20, 82, 0, 0, 0.06%, 9, 0, 12, 247.66
1734323747, 130, 22, 82, 0, 0, 0.06%, 9, 0, 12, 252.32
1734323752, 130, 24, 82, 0, 0, 0.06%, 9, 0, 12, 255.06
1734323757, 130, 27, 82, 0, 0, 0.06%, 9, 0, 12, 260.44
1734323767, 130, 38, 82, 0, 0, 0.06%, 9, 0, 12, 262.47
1734323772, 130, 43, 82, 0, 0, 0.06%, 9, 0, 12, 301.01
1734323777, 130, 61, 82, 0, 0, 0.06%, 9, 0, 12, 276.77
1734323782, 131, 7, 82, 0, 0, 0.06%, 9, 0, 12, 263.54
1734323787, 131, 12, 82, 0, 0, 0.06%, 9, 0, 12, 248.82
1734323792, 131, 20, 82, 0, 0, 0.06%, 9, 0, 12, 245.03
1734323798, 131, 22, 82, 0, 0, 0.06%, 9, 0, 12, 260.50
1734323803, 131, 24, 82, 0, 0, 0.06%, 9, 0, 12, 269.28
1734323813, 131, 27, 82, 0, 0, 0.06%, 9, 0, 12, 242.30
1734323818, 131, 32, 82, 0, 0, 0.06%, 9, 0, 12, 251.13
1734323823, 131, 38, 82, 0, 0, 0.06%, 9, 0, 12, 264.78
1734323828, 131, 76, 82, 0, 0, 0.06%, 9, 0, 12, 294.75
1734323838, 132, 12, 82, 0, 0, 0.06%, 9, 0, 12, 264.70
1734323843, 132, 15, 82, 0, 0, 0.06%, 9, 0, 12, 244.48
1734323848, 132, 20, 82, 0, 0, 0.06%, 9, 0, 12, 241.00
1734323853, 132, 22, 82, 0, 0, 0.06%, 9, 0, 12, 253.27
1734323858, 132, 24, 82, 0, 0, 0.06%, 9, 0, 12, 257.55
1734323863, 132, 27, 82, 0, 0, 0.06%, 9, 0, 12, 249.20
1734323868, 132, 38, 82, 0, 0, 0.06%, 9, 0, 12, 259.91
1734323873, 132, 66, 82, 0, 0, 0.06%, 9, 0, 12, 264.89
1734323883, 133, 12, 82, 0, 0, 0.06%, 9, 0, 12, 258.54
1734323889, 133, 20, 82, 0, 0, 0.06%, 9, 0, 12, 257.22
1734323894, 133, 22, 82, 0, 0, 0.06%, 9, 0, 12, 253.22
1734323904, 133, 24, 82, 0, 0, 0.06%, 9, 0, 12, 253.63
1734323909, 133, 27, 82, 0, 0, 0.06%, 9, 0, 12, 245.09
1734323914, 133, 38, 82, 0, 0, 0.06%, 9, 0, 12, 257.25
1734323919, 133, 65, 82, 0, 0, 0.06%, 9, 0, 12, 280.23
1734323929, 134, 12, 82, 0, 0, 0.06%, 9, 0, 12, 264.33
1734323934, 134, 20, 82, 0, 0, 0.06%, 9, 0, 12, 252.62
1734323939, 134, 22, 82, 0, 0, 0.06%, 9, 0, 12, 259.27
1734323944, 134, 24, 82, 0, 0, 0.06%, 9, 0, 12, 261.98
1734323955, 134, 27, 82, 0, 0, 0.06%, 9, 0, 12, 261.24
1734323960, 134, 34, 82, 0, 0, 0.06%, 9, 0, 12, 262.80
1734323965, 134, 38, 82, 0, 0, 0.06%, 9, 0, 12, 257.66
1734323970, 134, 45, 82, 0, 0, 0.06%, 9, 0, 12, 276.34
1734323975, 134, 56, 82, 0, 0, 0.06%, 9, 0, 12, 285.87
1734323980, 134, 73, 82, 0, 0, 0.06%, 9, 0, 12, 285.87
1734323985, 134, 77, 82, 0, 0, 0.06%, 9, 0, 12, 289.73
1734323995, 135, 11, 82, 0, 0, 0.06%, 9, 0, 12, 257.98
1734324000, 135, 13, 82, 0, 0, 0.06%, 9, 0, 12, 251.00
1734324005, 135, 20, 82, 0, 0, 0.06%, 9, 0, 12, 245.11
1734324010, 135, 22, 82, 0, 0, 0.06%, 9, 0, 12, 253.14
1734324015, 135, 24, 82, 0, 0, 0.06%, 9, 0, 12, 256.46
1734324020, 135, 27, 82, 0, 0, 0.06%, 9, 0, 12, 247.11
1734324025, 135, 38, 82, 0, 0, 0.06%, 9, 0, 12, 257.14
1734324030, 135, 50, 82, 0, 0, 0.06%, 9, 0, 12, 275.16
1734324036, 135, 61, 82, 0, 0, 0.06%, 9, 0, 12, 288.73
1734324046, 136, 12, 82, 0, 0, 0.06%, 9, 0, 12, 246.67
1734324051, 136, 20, 82, 0, 0, 0.06%, 9, 0, 12, 251.78
1734324056, 136, 22, 82, 0, 0, 0.06%, 9, 0, 12, 258.22
1734324061, 136, 24, 82, 0, 0, 0.06%, 9, 0, 12, 263.46
1734324071, 136, 27, 82, 0, 0, 0.06%, 9, 0, 12, 257.94
1734324076, 136, 38, 82, 0, 0, 0.06%, 9, 0, 12, 251.74
1734324081, 136, 58, 82, 0, 0, 0.06%, 9, 0, 12, 289.04
1734324086, 136, 81, 82, 0, 0, 0.06%, 9, 0, 12, 265.33
1734324116, 137, 11, 82, 0, 0, 0.06%, 9, 0, 12, 259.36
1734324121, 137, 12, 82, 0, 0, 0.06%, 9, 0, 12, 260.18
1734324126, 137, 19, 82, 0, 0, 0.06%, 9, 0, 12, 260.17
1734324132, 137, 20, 82, 0, 0, 0.06%, 9, 0, 12, 262.37
1734324137, 137, 22, 82, 0, 0, 0.06%, 9, 0, 12, 262.42
1734324142, 137, 24, 82, 0, 0, 0.06%, 9, 0, 12, 266.69
1734324147, 137, 27, 82, 0, 0, 0.06%, 9, 0, 12, 254.42
1734324152, 137, 28, 82, 0, 0, 0.06%, 9, 0, 12, 251.91
1734324157, 137, 38, 82, 0, 0, 0.06%, 9, 0, 12, 256.50
1734324162, 137, 41, 82, 0, 0, 0.06%, 9, 0, 12, 255.94
1734324167, 137, 45, 82, 0, 0, 0.06%, 9, 0, 12, 266.83
1734324177, 137, 67, 82, 0, 0, 0.06%, 9, 0, 12, 267.83
1734324182, 137, 69, 82, 0, 0, 0.06%, 9, 0, 12, 298.85
1734324187, 138, 11, 82, 0, 0, 0.06%, 9, 0, 12, 272.51
1734324192, 138, 13, 82, 0, 0, 0.06%, 9, 0, 12, 265.75
1734324197, 138, 20, 82, 0, 0, 0.06%, 9, 0, 12, 253.00
1734324202, 138, 22, 82, 0, 0, 0.06%, 9, 0, 12, 258.72
1734324207, 138, 24, 82, 0, 0, 0.06%, 9, 0, 12, 261.25
1734324212, 138, 26, 82, 0, 0, 0.06%, 9, 0, 12, 260.09
1734324217, 138, 27, 82, 0, 0, 0.06%, 9, 0, 12, 254.00
1734324222, 138, 38, 82, 0, 0, 0.06%, 9, 0, 12, 253.09
1734324228, 138, 55, 82, 0, 0, 0.06%, 9, 0, 12, 266.55
1734324238, 138, 59, 82, 0, 0, 0.06%, 9, 0, 12, 287.20
1734324248, 138, 72, 82, 0, 0, 0.06%, 9, 0, 12, 304.53
1734324253, 138, 81, 82, 0, 0, 0.06%, 9, 0, 12, 285.98
1734324289, 139, 12, 82, 0, 0, 0.06%, 9, 0, 12, 267.77
1734324294, 139, 17, 82, 0, 0, 0.06%, 9, 0, 12, 260.81
1734324299, 139, 20, 82, 0, 0, 0.06%, 9, 0, 12, 249.93
1734324304, 139, 22, 82, 0, 0, 0.06%, 9, 0, 12, 264.04
1734324309, 139, 24, 82, 0, 0, 0.06%, 9, 0, 12, 254.79
1734324314, 139, 27, 82, 0, 0, 0.06%, 9, 0, 12, 256.56
1734324319, 139, 38, 82, 0, 0, 0.06%, 9, 0, 12, 254.45
1734324324, 139, 44, 82, 0, 0, 0.06%, 9, 0, 12, 270.17
1734324329, 139, 55, 82, 0, 0, 0.06%, 9, 0, 12, 277.49
1734324340, 139, 60, 82, 0, 0, 0.06%, 9, 0, 12, 285.35
1734324345, 140, 11, 82, 0, 0, 0.06%, 9, 0, 12, 267.75
1734324350, 140, 12, 82, 0, 0, 0.06%, 9, 0, 12, 255.32
1734324355, 140, 14, 82, 0, 0, 0.06%, 9, 0, 12, 247.99
1734324360, 140, 20, 82, 0, 0, 0.06%, 9, 0, 12, 251.04
1734324365, 140, 22, 82, 0, 0, 0.06%, 9, 0, 12, 252.28
1734324370, 140, 24, 82, 0, 0, 0.06%, 9, 0, 12, 257.81
1734324375, 140, 25, 82, 0, 0, 0.06%, 9, 0, 12, 263.32
1734324380, 140, 27, 82, 0, 0, 0.06%, 9, 0, 12, 258.64
1734324385, 140, 34, 82, 0, 0, 0.06%, 9, 0, 12, 272.29
1734324390, 140, 38, 82, 0, 0, 0.06%, 9, 0, 12, 260.41
1734324395, 140, 52, 82, 0, 0, 0.06%, 9, 0, 12, 281.16
1734324400, 140, 60, 82, 0, 0, 0.06%, 9, 0, 12, 284.56
1734324410, 140, 76, 82, 0, 0, 0.06%, 9, 0, 12, 286.82
1734324416, 141, 3, 82, 0, 0, 0.06%, 9, 0, 12, 259.47
1734324421, 141, 12, 82, 0, 0, 0.06%, 9, 0, 12, 255.01
1734324426, 141, 16, 82, 0, 0, 0.06%, 9, 0, 12, 261.79
1734324431, 141, 20, 82, 0, 0, 0.06%, 9, 0, 12, 239.32
1734324436, 141, 22, 82, 0, 0, 0.06%, 9, 0, 12, 251.65
1734324441, 141, 24, 82, 0, 0, 0.06%, 9, 0, 12, 252.95
1734324446, 141, 27, 82, 0, 0, 0.06%, 9, 0, 12, 258.37
1734324451, 141, 38, 82, 0, 0, 0.06%, 9, 0, 12, 263.72
1734324456, 141, 59, 82, 0, 0, 0.06%, 9, 0, 12, 261.76
1734324466, 141, 74, 82, 0, 0, 0.06%, 9, 0, 12, 283.32
1734324476, 142, 12, 82, 0, 0, 0.06%, 9, 0, 12, 258.12
1734324481, 142, 13, 82, 0, 0, 0.06%, 9, 0, 12, 260.29
1734324486, 142, 20, 82, 0, 0, 0.06%, 9, 0, 12, 241.09
1734324491, 142, 22, 82, 0, 0, 0.06%, 9, 0, 12, 251.65
1734324496, 142, 24, 82, 0, 0, 0.06%, 9, 0, 12, 261.97
1734324501, 142, 27, 82, 0, 0, 0.06%, 9, 0, 12, 250.33
1734324511, 142, 28, 82, 0, 0, 0.06%, 9, 0, 12, 253.94
1734324517, 142, 38, 82, 0, 0, 0.06%, 9, 0, 12, 249.94
1734324522, 142, 39, 82, 0, 0, 0.06%, 9, 0, 12, 248.64
1734324527, 142, 49, 82, 0, 0, 0.06%, 9, 0, 12, 254.44
1734324537, 142, 53, 82, 0, 0, 0.06%, 9, 0, 12, 273.51
1734324542, 142, 76, 82, 0, 0, 0.06%, 9, 0, 12, 265.77
1734324547, 143, 11, 82, 0, 0, 0.06%, 9, 0, 12, 256.69
1734324552, 143, 13, 82, 0, 0, 0.06%, 9, 0, 12, 258.31
1734324557, 143, 20, 82, 0, 0, 0.06%, 9, 0, 12, 252.82
1734324562, 143, 22, 82, 0, 0, 0.06%, 9, 0, 12, 253.95
1734324567, 143, 24, 82, 0, 0, 0.06%, 9, 0, 12, 264.21
1734324573, 143, 27, 82, 0, 0, 0.06%, 9, 0, 12, 261.71
1734324578, 143, 37, 82, 0, 0, 0.06%, 9, 0, 12, 266.48
1734324583, 143, 38, 82, 0, 0, 0.06%, 9, 0, 12, 252.07
1734324588, 143, 41, 82, 0, 0, 0.06%, 9, 0, 12, 269.17
1734324598, 143, 54, 82, 0, 0, 0.06%, 9, 0, 12, 264.43
1734324603, 143, 64, 82, 0, 0, 0.06%, 9, 0, 12, 268.95
1734324608, 143, 70, 82, 0, 0, 0.06%, 9, 0, 12, 265.83
1734324618, 144, 12, 82, 0, 0, 0.06%, 9, 0, 12, 253.18
1734324623, 144, 20, 82, 0, 0, 0.06%, 9, 0, 12, 245.38
1734324629, 144, 22, 82, 0, 0, 0.06%, 9, 0, 12, 266.65
1734324639, 144, 24, 82, 0, 0, 0.06%, 9, 0, 12, 263.67
1734324644, 144, 27, 82, 0, 0, 0.06%, 9, 0, 12, 260.18
1734324649, 144, 30, 82, 0, 0, 0.06%, 9, 0, 12, 269.42
1734324654, 144, 38, 82, 0, 0, 0.06%, 9, 0, 12, 260.27
1734324659, 144, 72, 82, 0, 0, 0.06%, 9, 0, 12, 296.73
1734324664, 144, 79, 82, 0, 0, 0.06%, 9, 0, 12, 296.00
1734324700, 145, 12, 82, 0, 0, 0.06%, 9, 0, 12, 257.00
1734324705, 145, 17, 82, 0, 0, 0.06%, 9, 0, 12, 257.59
1734324710, 145, 20, 82, 0, 0, 0.06%, 9, 0, 12, 274.12
1734324715, 145, 22, 82, 0, 0, 0.06%, 9, 0, 12, 254.82
1734324720, 145, 24, 82, 0, 0, 0.06%, 9, 0, 12, 269.31
1734324725, 145, 27, 82, 0, 0, 0.06%, 9, 0, 12, 253.39
1734324730, 145, 28, 82, 0, 0, 0.06%, 9, 0, 12, 264.93
1734324735, 145, 38, 82, 0, 0, 0.06%, 9, 0, 12, 251.51
1734324740, 145, 63, 82, 0, 0, 0.06%, 9, 0, 12, 258.73
1734324750, 145, 64, 82, 0, 0, 0.06%, 9, 0, 12, 264.99
1734324760, 145, 71, 82, 0, 0, 0.06%, 9, 0, 12, 266.36
1734324765, 146, 11, 82, 0, 0, 0.06%, 9, 0, 12, 252.75
1734324770, 146, 13, 82, 0, 0, 0.06%, 9, 0, 12, 259.11
1734324775, 146, 20, 82, 0, 0, 0.06%, 9, 0, 12, 251.06
1734324780, 146, 22, 82, 0, 0, 0.06%, 9, 0, 12, 265.10
1734324786, 146, 24, 82, 0, 0, 0.06%, 9, 0, 12, 261.49
1734324791, 146, 27, 82, 0, 0, 0.06%, 9, 0, 12, 258.01
1734324796, 146, 35, 82, 0, 0, 0.06%, 9, 0, 12, 256.24
1734324801, 146, 38, 82, 0, 0, 0.06%, 9, 0, 12, 265.81
1734324806, 146, 69, 82, 0, 0, 0.06%, 9, 0, 12, 309.20
1734324811, 147, 11, 82, 0, 0, 0.06%, 9, 0, 12, 256.63
1734324816, 147, 13, 82, 0, 0, 0.06%, 9, 0, 12, 246.65
1734324821, 147, 20, 82, 0, 0, 0.06%, 9, 0, 12, 246.31
1734324826, 147, 22, 82, 0, 0, 0.06%, 9, 0, 12, 255.08
1734324831, 147, 24, 82, 0, 0, 0.06%, 9, 0, 12, 263.40
1734324836, 147, 27, 82, 0, 0, 0.06%, 9, 0, 12, 256.41
1734324841, 147, 38, 82, 0, 0, 0.06%, 9, 0, 12, 262.89
1734324847, 147, 47, 82, 0, 0, 0.06%, 9, 0, 12, 263.40
1734324852, 148, 2, 82, 0, 0, 0.06%, 9, 0, 12, 264.94
1734324857, 148, 12, 82, 0, 0, 0.06%, 9, 0, 12, 250.70
1734324862, 148, 16, 82, 0, 0, 0.06%, 9, 0, 12, 261.93
1734324867, 148, 20, 82, 0, 0, 0.06%, 9, 0, 12, 252.35
1734324872, 148, 22, 82, 0, 0, 0.06%, 9, 0, 12, 251.20
1734324877, 148, 24, 82, 0, 0, 0.06%, 9, 0, 12, 253.78
1734324882, 148, 25, 82, 0, 0, 0.06%, 9, 0, 12, 268.45
1734324887, 148, 27, 82, 0, 0, 0.06%, 9, 0, 12, 252.01
1734324892, 148, 38, 82, 0, 0, 0.06%, 9, 0, 12, 253.40
1734324897, 148, 39, 82, 0, 0, 0.06%, 9, 0, 12, 263.96
1734324907, 149, 12, 82, 0, 0, 0.06%, 9, 0, 12, 241.29
1734324912, 149, 20, 82, 0, 0, 0.06%, 9, 0, 12, 248.86
1734324923, 149, 22, 82, 0, 0, 0.06%, 9, 0, 12, 249.00
1734324928, 149, 24, 82, 0, 0, 0.06%, 9, 0, 12, 260.47
1734324933, 149, 27, 82, 0, 0, 0.06%, 9, 0, 12, 248.07
1734324938, 149, 38, 82, 0, 0, 0.06%, 9, 0, 12, 243.54
1734324943, 149, 42, 82, 0, 0, 0.06%, 9, 0, 12, 246.48
1734324948, 149, 44, 82, 0, 0, 0.06%, 9, 0, 12, 254.97
1734324953, 149, 58, 82, 0, 0, 0.06%, 9, 0, 12, 280.80
1734324964, 149, 79, 82, 0, 0, 0.06%, 9, 0, 12, 286.75
1734324994, 150, 12, 82, 0, 0, 0.06%, 9, 0, 12, 265.52
1734324999, 150, 13, 82, 0, 0, 0.06%, 9, 0, 12, 257.20
1734325004, 150, 17, 82, 0, 0, 0.06%, 9, 0, 12, 260.98
1734325009, 150, 20, 82, 0, 0, 0.06%, 9, 0, 12, 253.19
1734325014, 150, 22, 82, 0, 0, 0.06%, 9, 0, 12, 249.24
1734325019, 150, 24, 82, 0, 0, 0.06%, 9, 0, 12, 274.89
1734325024, 150, 27, 82, 0, 0, 0.06%, 9, 0, 12, 274.21
1734325030, 150, 38, 82, 0, 0, 0.06%, 9, 0, 12, 254.55
1734325035, 150, 39, 82, 0, 0, 0.06%, 9, 0, 12, 255.69
1734325040, 150, 40, 82, 0, 0, 0.06%, 9, 0, 12, 264.53
1734325045, 150, 45, 82, 0, 0, 0.06%, 9, 0, 12, 258.63
1734325055, 150, 50, 82, 0, 0, 0.06%, 9, 0, 12, 265.48
1734325060, 150, 63, 82, 0, 0, 0.06%, 9, 0, 12, 275.66
1734325065, 150, 74, 82, 0, 0, 0.06%, 9, 0, 12, 285.27
1734325075, 151, 12, 82, 0, 0, 0.06%, 9, 0, 12, 265.40
1734325080, 151, 16, 82, 0, 0, 0.06%, 9, 0, 12, 260.47
1734325085, 151, 20, 82, 0, 0, 0.06%, 9, 0, 12, 251.49
1734325090, 151, 22, 82, 0, 0, 0.06%, 9, 0, 12, 255.82
1734325095, 151, 24, 82, 0, 0, 0.06%, 9, 0, 12, 256.02
1734325100, 151, 27, 82, 0, 0, 0.06%, 9, 0, 12, 250.48
1734325105, 151, 38, 82, 0, 0, 0.06%, 9, 0, 12, 266.28
1734325110, 151, 62, 82, 0, 0, 0.06%, 9, 0, 12, 263.15
1734325120, 151, 63, 82, 0, 0, 0.06%, 9, 0, 12, 285.10
1734325131, 151, 78, 82, 0, 0, 0.06%, 9, 0, 12, 290.92
1734325151, 152, 12, 82, 0, 0, 0.06%, 9, 0, 12, 253.38
1734325156, 152, 19, 82, 0, 0, 0.06%, 9, 0, 12, 250.75
1734325161, 152, 20, 82, 0, 0, 0.06%, 9, 0, 12, 261.43
1734325166, 152, 22, 82, 0, 0, 0.06%, 9, 0, 12, 246.91
1734325171, 152, 24, 82, 0, 0, 0.06%, 9, 0, 12, 258.06
1734325176, 152, 27, 82, 0, 0, 0.06%, 9, 0, 12, 259.94
1734325181, 152, 28, 82, 0, 0, 0.06%, 9, 0, 12, 271.38
1734325186, 152, 34, 82, 0, 0, 0.06%, 9, 0, 12, 265.62
1734325196, 152, 38, 82, 0, 0, 0.06%, 9, 0, 12, 269.37
1734325202, 152, 39, 82, 0, 0, 0.06%, 9, 0, 12, 265.51
1734325207, 152, 52, 82, 0, 0, 0.06%, 9, 0, 12, 277.42
1734325212, 153, 11, 82, 0, 0, 0.06%, 9, 0, 12, 263.63
1734325217, 153, 13, 82, 0, 0, 0.06%, 9, 0, 12, 254.30
1734325222, 153, 20, 82, 0, 0, 0.06%, 9, 0, 12, 244.95
1734325227, 153, 22, 82, 0, 0, 0.06%, 9, 0, 12, 247.97
1734325232, 153, 24, 82, 0, 0, 0.06%, 9, 0, 12, 257.71
1734325237, 153, 27, 82, 0, 0, 0.06%, 9, 0, 12, 271.47
1734325247, 153, 38, 82, 0, 0, 0.06%, 9, 0, 12, 259.57
1734325252, 154, 12, 82, 0, 0, 0.06%, 9, 0, 12, 265.80
1734325257, 154, 20, 82, 0, 0, 0.06%, 9, 0, 12, 250.25
1734325262, 154, 22, 82, 0, 0, 0.06%, 9, 0, 12, 254.55
1734325267, 154, 24, 82, 0, 0, 0.06%, 9, 0, 12, 262.82
1734325277, 154, 27, 82, 0, 0, 0.06%, 9, 0, 12, 254.59
1734325282, 154, 38, 82, 0, 0, 0.06%, 9, 0, 12, 240.89
1734325288, 154, 77, 82, 0, 0, 0.06%, 9, 0, 12, 286.12
1734325293, 155, 3, 82, 0, 0, 0.06%, 9, 0, 12, 252.68
1734325298, 155, 12, 82, 0, 0, 0.06%, 9, 0, 12, 262.20
1734325303, 155, 20, 82, 0, 0, 0.06%, 9, 0, 12, 255.39
1734325308, 155, 22, 82, 0, 0, 0.06%, 9, 0, 12, 255.79
1734325313, 155, 24, 82, 0, 0, 0.06%, 9, 0, 12, 262.87
1734325318, 155, 27, 82, 0, 0, 0.06%, 9, 0, 12, 261.88
1734325323, 155, 38, 82, 0, 0, 0.06%, 9, 0, 12, 258.82
1734325333, 155, 60, 82, 0, 0, 0.06%, 9, 0, 12, 264.92
1734325339, 155, 75, 82, 0, 0, 0.06%, 9, 0, 12, 270.89
1734325349, 155, 80, 82, 0, 0, 0.06%, 9, 0, 12, 293.10
1734325379, 156, 12, 82, 0, 0, 0.06%, 9, 0, 12, 258.40
1734325385, 156, 20, 82, 0, 0, 0.06%, 9, 0, 12, 252.37
1734325395, 156, 22, 82, 0, 0, 0.06%, 9, 0, 12, 276.36
1734325400, 156, 24, 82, 0, 0, 0.06%, 9, 0, 12, 264.80
1734325405, 156, 25, 82, 0, 0, 0.06%, 9, 0, 12, 267.14
1734325410, 156, 27, 82, 0, 0, 0.06%, 9, 0, 12, 248.38
1734325415, 156, 32, 82, 0, 0, 0.06%, 9, 0, 12, 264.84
1734325420, 156, 38, 82, 0, 0, 0.06%, 9, 0, 12, 250.72
1734325425, 156, 43, 82, 0, 0, 0.06%, 9, 0, 12, 304.24
1734325430, 156, 51, 82, 0, 0, 0.06%, 9, 0, 12, 284.43
1734325435, 156, 67, 82, 0, 0, 0.06%, 9, 0, 12, 280.98
1734325445, 156, 70, 82, 0, 0, 0.06%, 9, 0, 12, 277.88
1734325451, 156, 73, 82, 0, 0, 0.06%, 9, 0, 12, 300.21
1734325456, 157, 11, 82, 0, 0, 0.06%, 9, 0, 12, 264.54
1734325461, 157, 13, 82, 0, 0, 0.06%, 9, 0, 12, 250.18
1734325466, 157, 20, 82, 0, 0, 0.06%, 9, 0, 12, 256.44
1734325476, 157, 22, 82, 0, 0, 0.06%, 9, 0, 12, 268.30
1734325481, 157, 24, 82, 0, 0, 0.06%, 9, 0, 12, 255.87
1734325486, 157, 25, 82, 0, 0, 0.06%, 9, 0, 12, 271.55
1734325491, 157, 27, 82, 0, 0, 0.06%, 9, 0, 12, 257.92
1734325496, 157, 38, 82, 0, 0, 0.06%, 9, 0, 12, 249.83
1734325501, 157, 64, 82, 0, 0, 0.06%, 9, 0, 12, 263.44
1734325511, 158, 12, 82, 0, 0, 0.06%, 9, 0, 12, 251.64
1734325516, 158, 19, 82, 0, 0, 0.06%, 9, 0, 12, 263.54
1734325521, 158, 20, 82, 0, 0, 0.06%, 9, 0, 12, 254.84
1734325526, 158, 22, 82, 0, 0, 0.06%, 9, 0, 12, 255.59
1734325531, 158, 24, 82, 0, 0, 0.06%, 9, 0, 12, 245.35
1734325536, 158, 27, 82, 0, 0, 0.06%, 9, 0, 12, 255.65
1734325541, 158, 37, 82, 0, 0, 0.06%, 9, 0, 12, 262.43
1734325551, 158, 38, 82, 0, 0, 0.06%, 9, 0, 12, 261.33
1734325557, 158, 43, 82, 0, 0, 0.06%, 9, 0, 12, 276.93
1734325562, 158, 63, 82, 0, 0, 0.06%, 9, 0, 12, 271.22
1734325567, 159, 11, 82, 0, 0, 0.06%, 9, 0, 12, 254.87
1734325572, 159, 13, 82, 0, 0, 0.06%, 9, 0, 12, 248.43
1734325577, 159, 20, 82, 0, 0, 0.06%, 9, 0, 12, 259.77
1734325582, 159, 22, 82, 0, 0, 0.06%, 9, 0, 12, 249.69
1734325587, 159, 24, 82, 0, 0, 0.06%, 9, 0, 12, 263.35
1734325593, 159, 27, 82, 0, 0, 0.06%, 9, 0, 12, 256.60
1734325598, 159, 29, 82, 0, 0, 0.06%, 9, 0, 12, 271.31
1734325603, 159, 30, 82, 0, 0, 0.06%, 9, 0, 12, 269.49
1734325608, 159, 32, 82, 0, 0, 0.06%, 9, 0, 12, 277.57
1734325613, 159, 38, 82, 0, 0, 0.06%, 9, 0, 12, 254.60
1734325618, 159, 44, 82, 0, 0, 0.06%, 9, 0, 12, 276.78
1734325623, 159, 50, 82, 0, 0, 0.06%, 9, 0, 12, 287.12
1734325628, 159, 67, 82, 0, 0, 0.06%, 9, 0, 12, 283.74
1734325638, 159, 68, 82, 0, 0, 0.06%, 9, 0, 12, 286.01
1734325643, 159, 74, 82, 0, 0, 0.06%, 9, 0, 12, 299.06
1734325648, 159, 75, 82, 0, 0, 0.06%, 9, 0, 12, 291.05
1734325659, 159, 77, 82, 0, 0, 0.06%, 9, 0, 12, 283.87
1734325669, 160, 11, 82, 0, 0, 0.06%, 9, 0, 12, 253.28
1734325674, 160, 13, 82, 0, 0, 0.06%, 9, 0, 12, 259.29
1734325679, 160, 20, 82, 0, 0, 0.06%, 9, 0, 12, 258.11
1734325684, 160, 22, 82, 0, 0, 0.06%, 9, 0, 12, 261.22
1734325689, 160, 24, 82, 0, 0, 0.06%, 9, 0, 12, 254.55
1734325694, 160, 27, 82, 0, 0, 0.06%, 9, 0, 12, 256.71
1734325699, 160, 28, 82, 0, 0, 0.06%, 9, 0, 12, 267.45
1734325704, 160, 38, 82, 0, 0, 0.06%, 9, 0, 12, 248.33
1734325710, 160, 44, 82, 0, 0, 0.06%, 9, 0, 12, 266.55
1734325715, 161, 10, 82, 0, 0, 0.06%, 9, 0, 12, 262.67
1734325720, 161, 12, 82, 0, 0, 0.06%, 9, 0, 12, 259.20
1734325725, 161, 13, 82, 0, 0, 0.06%, 9, 0, 12, 261.07
1734325730, 161, 20, 82, 0, 0, 0.06%, 9, 0, 12, 251.65
1734325735, 161, 22, 82, 0, 0, 0.06%, 9, 0, 12, 266.23
1734325740, 161, 24, 82, 0, 0, 0.06%, 9, 0, 12, 265.71
1734325745, 161, 25, 82, 0, 0, 0.06%, 9, 0, 12, 266.83
1734325750, 161, 27, 82, 0, 0, 0.06%, 9, 0, 12, 264.83
1734325755, 161, 38, 82, 0, 0, 0.06%, 9, 0, 12, 263.24
1734325760, 161, 47, 82, 0, 0, 0.06%, 9, 0, 12, 275.02
1734325765, 161, 63, 82, 0, 0, 0.06%, 9, 0, 12, 278.37
1734325775, 161, 65, 82, 0, 0, 0.06%, 9, 0, 12, 273.01
1734325785, 162, 12, 82, 0, 0, 0.06%, 9, 0, 12, 259.46
1734325791, 162, 14, 82, 0, 0, 0.06%, 9, 0, 12, 255.35
1734325796, 162, 20, 82, 0, 0, 0.06%, 9, 0, 12, 266.87
1734325801, 162, 22, 82, 0, 0, 0.06%, 9, 0, 12, 258.26
1734325806, 162, 24, 82, 0, 0, 0.06%, 9, 0, 12, 258.25
1734325811, 162, 27, 82, 0, 0, 0.06%, 9, 0, 12, 252.49
1734325816, 162, 38, 82, 0, 0, 0.06%, 9, 0, 12, 265.41
1734325821, 162, 43, 82, 0, 0, 0.06%, 9, 0, 12, 299.88
1734325826, 162, 46, 82, 0, 0, 0.06%, 9, 0, 12, 264.47
1734325831, 162, 54, 82, 0, 0, 0.06%, 9, 0, 12, 282.31
1734325836, 162, 64, 82, 0, 0, 0.06%, 9, 0, 12, 263.30
1734325846, 163, 11, 82, 0, 0, 0.06%, 9, 0, 12, 261.30
1734325851, 163, 13, 82, 0, 0, 0.06%, 9, 0, 12, 253.63
1734325856, 163, 20, 82, 0, 0, 0.06%, 9, 0, 12, 259.80
1734325862, 163, 22, 82, 0, 0, 0.06%, 9, 0, 12, 256.37
1734325867, 163, 24, 82, 0, 0, 0.06%, 9, 0, 12, 260.37
1734325872, 163, 27, 82, 0, 0, 0.06%, 9, 0, 12, 264.20
1734325877, 163, 31, 82, 0, 0, 0.06%, 9, 0, 12, 266.65
1734325882, 163, 33, 82, 0, 0, 0.06%, 9, 0, 12, 270.12
1734325887, 163, 38, 82, 0, 0, 0.06%, 9, 0, 12, 256.36
1734325892, 163, 41, 82, 0, 0, 0.06%, 9, 0, 12, 259.82
1734325897, 163, 74, 82, 0, 0, 0.06%, 9, 0, 12, 283.23
1734325907, 163, 81, 82, 0, 0, 0.06%, 9, 0, 12, 299.26
1734325938, 164, 11, 82, 0, 0, 0.06%, 9, 0, 12, 257.51
1734325943, 164, 13, 82, 0, 0, 0.06%, 9, 0, 12, 260.69
1734325948, 164, 20, 82, 0, 0, 0.06%, 9, 0, 12, 241.88
1734325953, 164, 22, 82, 0, 0, 0.06%, 9, 0, 12, 254.06
1734325958, 164, 24, 82, 0, 0, 0.06%, 9, 0, 12, 256.00
1734325963, 164, 27, 82, 0, 0, 0.06%, 9, 0, 12, 258.28
1734325968, 164, 38, 82, 0, 0, 0.06%, 9, 0, 12, 272.04
1734325973, 164, 62, 82, 0, 0, 0.06%, 9, 0, 12, 266.09
1734325983, 164, 70, 82, 0, 0, 0.06%, 9, 0, 12, 274.66
1734325988, 164, 72, 82, 0, 0, 0.06%, 9, 0, 12, 266.18
1734325994, 165, 11, 82, 0, 0, 0.06%, 9, 0, 12, 268.04
1734325999, 165, 13, 82, 0, 0, 0.06%, 9, 0, 12, 257.55
1734326004, 165, 20, 82, 0, 0, 0.06%, 9, 0, 12, 249.82
1734326009, 165, 22, 82, 0, 0, 0.06%, 9, 0, 12, 246.30
1734326014, 165, 24, 82, 0, 0, 0.06%, 9, 0, 12, 257.45
1734326019, 165, 25, 82, 0, 0, 0.06%, 9, 0, 12, 270.71
1734326024, 165, 26, 82, 0, 0, 0.06%, 9, 0, 12, 264.79
1734326034, 165, 27, 82, 0, 0, 0.06%, 9, 0, 12, 267.73
1734326039, 165, 38, 82, 0, 0, 0.06%, 9, 0, 12, 259.70
1734326044, 165, 61, 82, 0, 0, 0.06%, 9, 0, 12, 296.00
1734326049, 166, 11, 82, 0, 0, 0.06%, 9, 0, 12, 252.38
1734326054, 166, 13, 82, 0, 0, 0.06%, 9, 0, 12, 248.21
1734326059, 166, 20, 82, 0, 0, 0.06%, 9, 0, 12, 250.99
1734326064, 166, 22, 82, 0, 0, 0.06%, 9, 0, 12, 255.33
1734326069, 166, 24, 82, 0, 0, 0.06%, 9, 0, 12, 266.59
1734326075, 166, 27, 82, 0, 0, 0.06%, 9, 0, 12, 258.11
1734326080, 166, 38, 82, 0, 0, 0.06%, 9, 0, 12, 252.96
1734326090, 166, 47, 82, 0, 0, 0.06%, 9, 0, 12, 261.54
1734326095, 166, 55, 82, 0, 0, 0.06%, 9, 0, 12, 271.97
1734326100, 166, 69, 82, 0, 0, 0.06%, 9, 0, 12, 299.34
1734326105, 167, 11, 82, 0, 0, 0.06%, 9, 0, 12, 267.33
1734326110, 167, 13, 82, 0, 0, 0.06%, 9, 0, 12, 261.02
1734326115, 167, 19, 82, 0, 0, 0.06%, 9, 0, 12, 259.80
1734326120, 167, 20, 82, 0, 0, 0.06%, 9, 0, 12, 257.63
1734326125, 167, 22, 82, 0, 0, 0.06%, 9, 0, 12, 251.11
1734326130, 167, 24, 82, 0, 0, 0.06%, 9, 0, 12, 257.55
1734326135, 167, 27, 82, 0, 0, 0.06%, 9, 0, 12, 256.52
1734326140, 167, 38, 82, 0, 0, 0.06%, 9, 0, 12, 260.27
1734326145, 167, 61, 82, 0, 0, 0.06%, 9, 0, 12, 258.03
1734326156, 167, 71, 82, 0, 0, 0.06%, 9, 0, 12, 291.79
1734326161, 167, 78, 82, 0, 0, 0.06%, 9, 0, 12, 273.06
1734326181, 168, 11, 82, 0, 0, 0.06%, 9, 0, 12, 254.21
1734326186, 168, 13, 82, 0, 0, 0.06%, 9, 0, 12, 257.77
1734326191, 168, 20, 82, 0, 0, 0.06%, 9, 0, 12, 246.60
1734326196, 168, 22, 82, 0, 0, 0.06%, 9, 0, 12, 246.03
1734326201, 168, 24, 82, 0, 0, 0.06%, 9, 0, 12, 255.07
1734326206, 168, 27, 82, 0, 0, 0.06%, 9, 0, 12, 257.60
1734326211, 168, 28, 82, 0, 0, 0.06%, 9, 0, 12, 274.46
1734326216, 168, 30, 82, 0, 0, 0.06%, 9, 0, 12, 266.15
1734326222, 168, 33, 82, 0, 0, 0.06%, 9, 0, 12, 269.25
1734326232, 168, 34, 82, 0, 0, 0.06%, 9, 0, 12, 267.29
1734326237, 168, 38, 82, 0, 0, 0.06%, 9, 0, 12, 256.38
1734326242, 168, 44, 82, 0, 0, 0.06%, 9, 0, 12, 259.32
1734326247, 168, 47, 82, 0, 0, 0.06%, 9, 0, 12, 270.53
1734326252, 168, 59, 82, 0, 0, 0.06%, 9, 0, 12, 286.24
1734326257, 168, 76, 82, 0, 0, 0.06%, 9, 0, 12, 280.25
1734326267, 169, 11, 82, 0, 0, 0.06%, 9, 0, 12, 253.97
1734326272, 169, 13, 82, 0, 0, 0.06%, 9, 0, 12, 263.99
1734326277, 169, 20, 82, 0, 0, 0.06%, 9, 0, 12, 248.44
1734326282, 169, 22, 82, 0, 0, 0.06%, 9, 0, 12, 256.19
1734326287, 169, 24, 82, 0, 0, 0.06%, 9, 0, 12, 268.55
1734326292, 169, 27, 82, 0, 0, 0.06%, 9, 0, 12, 257.06
1734326297, 169, 38, 82, 0, 0, 0.06%, 9, 0, 12, 260.17
