# unix_time, cycles_done, cur_path, paths_total, pending_total, pending_favs, map_size, unique_crashes, unique_hangs, max_depth, execs_per_sec
1735168878, 0, 0, 10, 10, 1, 0.00%, 0, 0, 1, 154.74
1735168883, 0, 2, 10, 10, 1, 0.00%, 0, 0, 1, 193.66
1735168888, 0, 3, 10, 9, 0, 0.00%, 0, 0, 1, 197.45
1735168893, 0, 4, 10, 8, 0, 0.00%, 0, 0, 1, 199.17
1735168904, 0, 5, 10, 7, 0, 0.00%, 0, 0, 1, 199.69
1735168914, 0, 6, 10, 6, 0, 0.00%, 0, 0, 1, 191.59
1735168919, 0, 7, 10, 5, 0, 0.00%, 0, 0, 1, 180.19
1735168929, 0, 8, 10, 4, 0, 0.00%, 0, 0, 1, 195.92
1735168934, 0, 9, 10, 3, 0, 0.00%, 0, 0, 1, 181.96
1735168945, 1, 0, 10, 2, 0, 0.00%, 0, 0, 1, 192.96
1735168955, 1, 10, 11, 2, 1, 0.05%, 1, 0, 2, 204.94
1735169001, 2, 1, 11, 1, 0, 0.05%, 1, 0, 2, 194.60
1735169006, 2, 10, 11, 0, 0, 0.05%, 1, 0, 2, 197.72
1735169016, 3, 10, 11, 0, 0, 0.05%, 1, 0, 2, 196.83
1735169032, 4, 10, 11, 0, 0, 0.05%, 1, 0, 2, 196.17
1735169042, 5, 10, 12, 1, 0, 0.05%, 2, 0, 3, 203.07
1735169057, 5, 11, 15, 4, 1, 0.06%, 5, 0, 4, 219.75
1735169062, 5, 11, 16, 5, 1, 0.06%, 5, 0, 4, 210.69
1735169098, 5, 11, 17, 6, 1, 0.06%, 5, 0, 4, 207.28
1735169103, 5, 11, 18, 7, 1, 0.06%, 5, 0, 4, 213.36
1735169154, 5, 11, 21, 10, 1, 0.06%, 7, 0, 4, 207.16
1735169169, 5, 11, 22, 11, 1, 0.06%, 7, 0, 4, 211.51
1735169174, 5, 11, 23, 12, 1, 0.06%, 7, 0, 4, 202.21
1735169195, 5, 12, 24, 12, 5, 0.06%, 7, 0, 4, 261.07
1735169210, 5, 12, 25, 13, 5, 0.06%, 7, 0, 5, 204.86
1735169266, 5, 12, 26, 14, 5, 0.06%, 8, 0, 5, 205.04
1735169301, 5, 12, 27, 15, 5, 0.06%, 8, 0, 5, 209.63
1735169306, 5, 12, 28, 16, 5, 0.06%, 8, 0, 5, 208.16
1735169327, 5, 12, 30, 18, 5, 0.06%, 8, 0, 5, 232.08
1735169337, 5, 12, 31, 19, 5, 0.06%, 8, 0, 5, 228.20
1735169342, 5, 13, 31, 18, 5, 0.06%, 8, 0, 5, 240.22
1735169347, 5, 13, 32, 19, 5, 0.06%, 8, 0, 5, 213.40
1735169484, 5, 14, 32, 18, 4, 0.06%, 8, 0, 5, 232.21
1735169509, 5, 14, 33, 19, 4, 0.06%, 8, 0, 5, 211.86
1735169514, 5, 14, 35, 21, 4, 0.06%, 8, 0, 5, 215.06
1735169580, 5, 14, 36, 22, 4, 0.06%, 9, 0, 5, 211.75
1735169621, 5, 19, 36, 21, 4, 0.06%, 9, 0, 5, 281.69
1735169631, 5, 19, 38, 23, 4, 0.06%, 9, 0, 5, 222.71
1735169677, 5, 19, 39, 24, 4, 0.06%, 9, 0, 5, 224.55
1735169692, 5, 19, 40, 25, 4, 0.06%, 9, 0, 5, 225.20
1735169758, 5, 20, 40, 24, 3, 0.06%, 9, 0, 5, 246.71
1735169799, 5, 20, 42, 26, 3, 0.06%, 9, 0, 5, 241.97
1735169804, 5, 20, 46, 30, 3, 0.06%, 9, 0, 5, 282.90
1735169819, 5, 25, 46, 29, 2, 0.06%, 9, 0, 5, 259.61
1735169860, 5, 25, 48, 31, 2, 0.06%, 9, 0, 6, 265.61
1735169865, 5, 25, 49, 32, 2, 0.06%, 9, 0, 6, 241.41
1735169870, 5, 25, 50, 33, 2, 0.06%, 9, 0, 6, 253.56
1735169875, 5, 35, 50, 32, 1, 0.06%, 9, 0, 6, 255.96
1735169895, 5, 35, 51, 33, 1, 0.06%, 9, 0, 6, 221.60
1735169921, 5, 35, 52, 34, 1, 0.06%, 9, 0, 6, 225.73
1735169926, 5, 35, 53, 35, 1, 0.06%, 9, 0, 6, 227.27
1735169936, 5, 35, 54, 36, 1, 0.06%, 9, 0, 6, 224.71
1735169977, 5, 35, 55, 37, 1, 0.06%, 9, 0, 6, 225.43
1735170032, 5, 35, 56, 38, 1, 0.06%, 9, 0, 6, 249.99
1735170038, 5, 37, 56, 37, 0, 0.06%, 9, 0, 6, 350.69
1735170108, 5, 37, 57, 38, 0, 0.06%, 9, 0, 6, 321.41
1735170164, 5, 40, 57, 37, 0, 0.06%, 9, 0, 6, 348.76
1735170200, 5, 40, 58, 38, 0, 0.06%, 9, 0, 6, 274.81
1735170245, 5, 47, 58, 37, 0, 0.06%, 9, 0, 6, 298.36
1735170260, 5, 47, 59, 38, 0, 0.06%, 9, 0, 7, 254.74
1735170265, 5, 47, 60, 39, 0, 0.06%, 9, 0, 7, 253.88
1735170326, 5, 47, 61, 40, 0, 0.06%, 9, 0, 7, 249.45
1735170331, 5, 47, 62, 41, 0, 0.06%, 9, 0, 7, 244.04
1735170347, 5, 47, 63, 42, 0, 0.06%, 9, 0, 7, 250.30
1735170387, 5, 47, 64, 43, 0, 0.06%, 9, 0, 7, 260.16
1735170402, 5, 48, 64, 42, 0, 0.06%, 9, 0, 7, 408.53
1735170514, 5, 52, 64, 41, 0, 0.06%, 9, 0, 7, 295.13
1735170555, 5, 52, 67, 44, 0, 0.06%, 9, 0, 7, 450.55
1735170570, 5, 52, 68, 45, 0, 0.06%, 9, 0, 7, 454.30
1735170769, 5, 52, 69, 46, 0, 0.06%, 9, 0, 7, 315.01
1735170809, 5, 57, 69, 45, 0, 0.06%, 9, 0, 7, 376.58
1735170860, 5, 57, 71, 47, 0, 0.06%, 9, 0, 7, 442.99
1735171185, 5, 60, 71, 46, 0, 0.06%, 9, 0, 7, 335.67
1735171236, 5, 62, 71, 45, 0, 0.06%, 9, 0, 7, 247.50
1735171282, 5, 62, 72, 46, 0, 0.06%, 9, 0, 8, 469.85
1735171557, 5, 64, 72, 45, 0, 0.06%, 9, 0, 8, 343.50
1735171653, 5, 64, 73, 46, 0, 0.06%, 9, 0, 8, 285.76
1735171704, 5, 68, 73, 45, 0, 0.06%, 9, 0, 8, 362.72
1735171761, 5, 69, 73, 44, 0, 0.06%, 9, 0, 8, 376.44
1735171877, 5, 70, 73, 43, 0, 0.06%, 9, 0, 8, 370.06
1735171995, 6, 10, 73, 42, 0, 0.06%, 9, 0, 8, 269.84
1735172000, 6, 11, 73, 42, 0, 0.06%, 9, 0, 8, 251.24
1735172005, 6, 12, 73, 42, 0, 0.06%, 9, 0, 8, 241.98
1735172015, 6, 13, 73, 42, 0, 0.06%, 9, 0, 8, 248.94
1735172025, 6, 14, 73, 42, 0, 0.06%, 9, 0, 8, 266.76
1735172035, 6, 19, 73, 42, 0, 0.06%, 9, 0, 8, 256.34
1735172045, 6, 20, 73, 42, 0, 0.06%, 9, 0, 8, 275.59
1735172056, 6, 23, 73, 42, 0, 0.06%, 9, 0, 8, 310.09
1735172106, 6, 25, 73, 41, 0, 0.06%, 9, 0, 8, 250.15
1735172117, 6, 31, 73, 41, 0, 0.06%, 9, 0, 8, 342.76
1735172172, 6, 34, 73, 40, 0, 0.06%, 9, 0, 8, 285.13
1735172223, 6, 35, 73, 39, 0, 0.06%, 9, 0, 8, 280.59
1735172233, 6, 41, 73, 39, 0, 0.06%, 9, 0, 8, 290.02
1735172284, 6, 46, 73, 38, 0, 0.06%, 9, 0, 8, 343.34
1735172345, 6, 49, 73, 37, 0, 0.06%, 9, 0, 8, 404.60
1735172391, 6, 53, 73, 36, 0, 0.06%, 9, 0, 8, 297.31
1735172447, 6, 55, 73, 35, 0, 0.06%, 9, 0, 8, 350.08
1735172497, 6, 58, 73, 34, 0, 0.06%, 9, 0, 8, 269.63
1735172604, 6, 63, 73, 33, 0, 0.06%, 9, 0, 8, 290.30
1735172863, 6, 66, 73, 32, 0, 0.06%, 9, 0, 8, 269.29
1735172990, 7, 11, 73, 31, 0, 0.06%, 9, 0, 8, 262.94
1735172995, 7, 12, 73, 31, 0, 0.06%, 9, 0, 8, 256.45
1735173000, 7, 13, 73, 31, 0, 0.06%, 9, 0, 8, 252.28
1735173005, 7, 14, 73, 31, 0, 0.06%, 9, 0, 8, 252.84
1735173010, 7, 16, 73, 31, 0, 0.06%, 9, 0, 8, 275.19
1735173061, 7, 19, 73, 30, 0, 0.06%, 9, 0, 8, 270.66
1735173066, 7, 20, 73, 30, 0, 0.06%, 9, 0, 8, 276.45
1735173071, 7, 25, 73, 30, 0, 0.06%, 9, 0, 8, 266.45
1735173077, 7, 26, 73, 30, 0, 0.06%, 9, 0, 8, 306.74
1735173122, 7, 27, 73, 29, 0, 0.06%, 9, 0, 8, 278.46
1735173173, 7, 28, 73, 28, 0, 0.06%, 9, 0, 8, 316.06
1735173218, 7, 29, 73, 27, 0, 0.06%, 9, 0, 8, 285.63
1735173295, 7, 33, 73, 26, 0, 0.06%, 9, 0, 8, 393.45
1735173371, 7, 35, 73, 25, 0, 0.06%, 9, 0, 8, 272.38
1735173376, 7, 39, 73, 25, 0, 0.06%, 9, 0, 8, 312.71
1735173427, 7, 42, 73, 24, 0, 0.06%, 9, 0, 8, 391.54
1735173525, 7, 43, 73, 23, 0, 0.06%, 9, 0, 8, 308.50
1735173626, 7, 44, 73, 22, 0, 0.06%, 9, 0, 8, 432.85
1735173677, 7, 51, 73, 21, 0, 0.06%, 9, 0, 8, 405.21
1735173728, 7, 52, 73, 20, 0, 0.06%, 9, 0, 8, 285.31
1735173738, 7, 59, 73, 20, 0, 0.06%, 9, 0, 8, 327.49
1735173814, 7, 61, 73, 19, 0, 0.06%, 9, 0, 8, 295.10
1735173865, 7, 64, 73, 18, 0, 0.06%, 9, 0, 8, 271.88
1735173875, 7, 69, 73, 18, 0, 0.06%, 9, 0, 8, 282.75
1735173886, 8, 10, 73, 18, 0, 0.06%, 9, 0, 8, 259.91
1735173891, 8, 12, 73, 18, 0, 0.06%, 9, 0, 8, 245.72
1735173896, 8, 13, 73, 18, 0, 0.06%, 9, 0, 8, 250.23
1735173901, 8, 14, 73, 18, 0, 0.06%, 9, 0, 8, 263.91
1735173906, 8, 15, 73, 18, 0, 0.06%, 9, 0, 8, 298.66
1735173957, 8, 17, 73, 17, 0, 0.06%, 9, 0, 8, 342.61
1735174007, 8, 19, 73, 16, 0, 0.06%, 9, 0, 8, 263.98
1735174012, 8, 20, 73, 16, 0, 0.06%, 9, 0, 8, 248.97
1735174017, 8, 21, 73, 16, 0, 0.06%, 9, 0, 8, 293.77
1735174068, 8, 25, 73, 15, 0, 0.06%, 9, 0, 8, 253.98
1735174073, 8, 32, 73, 15, 0, 0.06%, 9, 0, 8, 270.00
1735174123, 8, 33, 73, 14, 0, 0.06%, 9, 0, 8, 281.39
1735174133, 8, 35, 73, 14, 0, 0.06%, 9, 0, 8, 265.02
1735174139, 8, 36, 73, 14, 0, 0.06%, 9, 0, 8, 296.69
1735174154, 8, 36, 74, 15, 0, 0.06%, 9, 0, 8, 261.56
1735174184, 8, 36, 75, 16, 0, 0.07%, 10, 0, 8, 256.13
1735174286, 8, 74, 76, 16, 1, 0.07%, 10, 0, 8, 254.21
1735174332, 8, 74, 77, 17, 1, 0.08%, 11, 0, 8, 265.53
1735174337, 8, 76, 79, 18, 1, 0.08%, 11, 0, 8, 390.82
1735174342, 8, 76, 80, 19, 1, 0.08%, 12, 0, 8, 417.78
1735174373, 8, 76, 81, 20, 1, 0.08%, 12, 0, 8, 273.63
1735174424, 8, 79, 82, 20, 1, 0.09%, 13, 0, 9, 310.66
1735174429, 8, 79, 84, 22, 1, 0.11%, 15, 0, 9, 360.20
1735174439, 8, 79, 85, 23, 1, 0.11%, 15, 0, 9, 356.29
1735174449, 8, 79, 87, 25, 1, 0.12%, 17, 0, 9, 281.55
1735174459, 8, 79, 88, 26, 1, 0.12%, 17, 0, 9, 271.79
1735174531, 8, 79, 89, 27, 1, 0.12%, 17, 0, 9, 252.48
1735174551, 8, 81, 89, 26, 5, 0.12%, 17, 0, 9, 404.98
1735174576, 8, 81, 90, 27, 5, 0.12%, 17, 0, 10, 279.86
1735174708, 8, 82, 90, 26, 4, 0.12%, 17, 0, 10, 346.63
1735174713, 8, 82, 91, 27, 4, 0.12%, 18, 0, 10, 357.07
1735174728, 8, 82, 92, 28, 4, 0.12%, 18, 0, 10, 294.31
1735174804, 8, 82, 93, 29, 4, 0.12%, 18, 0, 10, 277.79
1735174866, 8, 83, 93, 28, 4, 0.12%, 18, 0, 10, 330.49
1735174926, 8, 83, 94, 29, 4, 0.12%, 18, 0, 10, 281.30
1735175023, 8, 85, 95, 29, 3, 0.12%, 19, 0, 10, 275.57
1735175048, 8, 85, 98, 32, 3, 0.12%, 19, 0, 10, 322.80
1735175053, 8, 85, 99, 33, 3, 0.12%, 19, 0, 10, 290.73
1735175058, 8, 85, 100, 34, 3, 0.12%, 19, 0, 10, 277.49
1735175109, 8, 85, 101, 35, 3, 0.12%, 19, 0, 10, 283.38
1735175155, 8, 86, 101, 34, 3, 0.12%, 19, 0, 10, 307.27
1735175256, 8, 92, 102, 34, 2, 0.12%, 19, 0, 11, 335.13
1735175262, 8, 92, 110, 42, 2, 0.14%, 21, 0, 11, 359.02
1735175327, 8, 92, 111, 43, 2, 0.14%, 21, 0, 11, 281.79
1735175342, 8, 92, 112, 44, 2, 0.14%, 21, 0, 11, 275.17
1735175353, 8, 92, 113, 45, 2, 0.14%, 21, 0, 11, 279.27
1735175399, 8, 92, 114, 46, 2, 0.14%, 21, 0, 11, 313.48
1735175419, 8, 94, 114, 45, 3, 0.14%, 21, 0, 11, 286.18
1735175454, 8, 94, 115, 46, 3, 0.14%, 21, 0, 11, 278.37
1735175551, 8, 96, 115, 45, 2, 0.14%, 21, 0, 11, 314.24
1735175602, 8, 96, 116, 46, 2, 0.14%, 21, 0, 11, 281.76
1735175612, 8, 96, 117, 47, 2, 0.14%, 21, 0, 11, 269.75
1735175682, 8, 103, 118, 47, 2, 0.14%, 22, 0, 12, 353.52
1735175688, 8, 103, 122, 51, 2, 0.15%, 25, 0, 12, 341.27
1735175738, 8, 103, 123, 52, 2, 0.15%, 25, 0, 12, 279.61
1735175845, 8, 106, 123, 51, 5, 0.15%, 25, 0, 12, 377.63
1735175946, 8, 117, 123, 50, 4, 0.15%, 25, 0, 12, 324.59
1735176002, 8, 117, 124, 51, 4, 0.15%, 25, 0, 13, 274.23
1735176053, 8, 117, 125, 52, 4, 0.15%, 25, 0, 13, 280.17
1735176083, 8, 118, 126, 52, 3, 0.15%, 25, 0, 13, 386.67
1735176098, 8, 118, 127, 53, 3, 0.15%, 25, 0, 13, 295.14
1735176240, 8, 119, 127, 52, 3, 0.15%, 25, 0, 13, 374.72
1735176276, 8, 119, 128, 53, 3, 0.15%, 25, 0, 13, 273.66
1735176403, 8, 120, 128, 52, 2, 0.15%, 25, 0, 13, 392.37
1735176464, 8, 120, 129, 53, 2, 0.15%, 25, 0, 13, 267.84
1735176489, 8, 120, 130, 54, 2, 0.15%, 25, 0, 13, 275.77
1735176535, 8, 125, 130, 53, 1, 0.15%, 25, 0, 13, 315.16
1735176540, 8, 125, 131, 54, 1, 0.15%, 25, 0, 14, 351.97
1735176631, 8, 125, 134, 57, 1, 0.15%, 25, 0, 14, 272.34
1735176642, 8, 130, 136, 58, 1, 0.15%, 25, 0, 15, 374.16
1735176743, 8, 134, 137, 58, 0, 0.15%, 25, 0, 16, 372.55
1735176768, 8, 134, 138, 59, 0, 0.15%, 25, 0, 16, 277.74
1735176895, 8, 134, 139, 60, 0, 0.15%, 25, 0, 16, 262.12
1735176900, 8, 136, 139, 59, 0, 0.15%, 25, 0, 16, 313.22
1735176930, 8, 136, 140, 60, 0, 0.15%, 25, 0, 17, 278.72
1735177062, 8, 138, 140, 59, 0, 0.15%, 25, 0, 17, 177.41
1735177068, 8, 138, 141, 60, 0, 0.15%, 25, 0, 17, 239.90
1735179154, 9, 10, 141, 59, 0, 0.15%, 25, 0, 17, 267.19
1735179159, 9, 12, 141, 59, 0, 0.15%, 25, 0, 17, 260.28
1735179164, 9, 14, 141, 59, 0, 0.15%, 25, 0, 17, 254.08
1735179169, 9, 17, 141, 59, 0, 0.15%, 25, 0, 17, 270.23
1735179179, 9, 20, 141, 59, 0, 0.15%, 25, 0, 17, 256.66
1735179184, 9, 23, 141, 59, 0, 0.15%, 25, 0, 17, 258.83
1735179194, 9, 35, 141, 59, 0, 0.15%, 25, 0, 17, 281.68
1735179199, 9, 65, 141, 59, 0, 0.15%, 25, 0, 17, 257.96
1735179326, 9, 67, 141, 58, 0, 0.15%, 25, 0, 17, 350.12
1735179530, 9, 70, 141, 57, 0, 0.15%, 25, 0, 17, 285.20
1735179540, 9, 73, 141, 57, 0, 0.15%, 25, 0, 17, 403.18
1735179606, 9, 83, 141, 56, 0, 0.15%, 25, 0, 17, 270.32
1735179636, 9, 86, 141, 56, 0, 0.15%, 25, 0, 17, 270.54
