# unix_time, cycles_done, cur_path, paths_total, pending_total, pending_favs, map_size, unique_crashes, unique_hangs, max_depth, execs_per_sec
1734789533, 0, 0, 10, 10, 1, 0.00%, 0, 0, 1, 155.95
1734789538, 0, 2, 10, 10, 1, 0.00%, 0, 0, 1, 194.84
1734789543, 0, 3, 10, 9, 0, 0.00%, 0, 0, 1, 199.96
1734789553, 0, 4, 10, 8, 0, 0.00%, 0, 0, 1, 198.79
1734789559, 0, 5, 10, 7, 0, 0.00%, 0, 0, 1, 183.52
1734789569, 0, 6, 10, 6, 0, 0.00%, 0, 0, 1, 195.50
1734789574, 0, 7, 10, 5, 0, 0.00%, 0, 0, 1, 179.86
1734789584, 0, 8, 10, 4, 0, 0.00%, 0, 0, 1, 195.51
1734789589, 0, 9, 10, 3, 0, 0.00%, 0, 0, 1, 180.57
1734789599, 1, 0, 10, 2, 0, 0.00%, 0, 0, 1, 195.96
1734789605, 1, 1, 10, 1, 0, 0.00%, 0, 0, 1, 186.70
1734789615, 1, 2, 10, 0, 0, 0.00%, 0, 0, 1, 190.60
1734789620, 1, 3, 10, 0, 0, 0.00%, 0, 0, 1, 191.65
1734789625, 1, 4, 10, 0, 0, 0.00%, 0, 0, 1, 192.11
1734789630, 1, 6, 10, 0, 0, 0.00%, 0, 0, 1, 194.56
1734789635, 1, 7, 10, 0, 0, 0.00%, 0, 0, 1, 196.62
1734789641, 1, 8, 11, 1, 0, 0.05%, 1, 0, 2, 196.61
1734789646, 1, 10, 15, 5, 1, 0.06%, 5, 0, 3, 223.64
1734789687, 1, 11, 15, 4, 4, 0.06%, 5, 0, 3, 223.95
1734789697, 1, 11, 16, 5, 4, 0.06%, 6, 0, 4, 212.27
1734789732, 1, 12, 17, 5, 4, 0.06%, 6, 0, 4, 232.66
1734789743, 1, 12, 18, 6, 4, 0.06%, 6, 0, 4, 211.56
1734789783, 1, 13, 18, 5, 3, 0.06%, 6, 0, 4, 227.26
1734789788, 1, 13, 20, 7, 3, 0.06%, 6, 0, 4, 208.69
1734789808, 1, 13, 21, 8, 3, 0.06%, 7, 0, 4, 211.25
1734789818, 1, 13, 22, 9, 3, 0.06%, 7, 0, 4, 207.24
1734789864, 1, 13, 24, 11, 3, 0.06%, 7, 0, 4, 207.07
1734789945, 1, 14, 24, 10, 3, 0.06%, 7, 0, 4, 227.52
1734789965, 1, 19, 26, 11, 2, 0.06%, 9, 0, 5, 259.53
1734789971, 1, 19, 27, 12, 2, 0.06%, 9, 0, 5, 238.23
1734789976, 1, 19, 28, 13, 2, 0.06%, 9, 0, 5, 225.23
1734789986, 1, 19, 29, 14, 2, 0.06%, 9, 0, 5, 220.48
1734790042, 1, 19, 30, 15, 2, 0.06%, 9, 0, 5, 226.58
1734790052, 1, 19, 31, 16, 2, 0.06%, 9, 0, 5, 226.96
1734790062, 1, 19, 32, 17, 2, 0.06%, 9, 0, 5, 219.22
1734790072, 1, 19, 33, 18, 2, 0.06%, 9, 0, 5, 225.80
1734790087, 1, 19, 34, 19, 2, 0.06%, 9, 0, 5, 218.12
1734790092, 1, 23, 34, 18, 3, 0.06%, 9, 0, 5, 263.05
1734790138, 1, 24, 35, 18, 2, 0.06%, 9, 0, 6, 260.96
1734790173, 1, 24, 37, 20, 2, 0.06%, 9, 0, 6, 233.66
1734790179, 1, 25, 37, 19, 1, 0.06%, 9, 0, 6, 287.12
1734790189, 1, 25, 38, 20, 1, 0.06%, 9, 0, 6, 225.51
1734790224, 1, 25, 39, 21, 1, 0.06%, 9, 0, 6, 227.41
1734790301, 1, 31, 40, 21, 0, 0.06%, 9, 0, 6, 325.87
1734790306, 1, 31, 41, 22, 0, 0.06%, 9, 0, 6, 285.41
1734790316, 1, 31, 42, 23, 0, 0.06%, 9, 0, 6, 256.20
1734790331, 1, 31, 43, 24, 0, 0.06%, 9, 0, 6, 254.46
1734790412, 1, 36, 43, 23, 0, 0.06%, 9, 0, 6, 273.76
1734790427, 1, 36, 44, 24, 0, 0.06%, 9, 0, 7, 250.75
1734790432, 1, 36, 45, 25, 0, 0.06%, 9, 0, 7, 252.69
1734790442, 1, 36, 46, 26, 0, 0.06%, 9, 0, 7, 249.76
1734790457, 1, 36, 47, 27, 0, 0.06%, 9, 0, 7, 254.04
1734790462, 1, 36, 48, 28, 0, 0.06%, 9, 0, 7, 255.38
1734790543, 1, 36, 49, 29, 0, 0.06%, 9, 0, 7, 255.56
1734790549, 1, 36, 52, 32, 0, 0.06%, 9, 0, 7, 269.32
1734790554, 1, 36, 54, 34, 0, 0.06%, 9, 0, 7, 260.43
1734790559, 1, 43, 54, 33, 0, 0.06%, 9, 0, 7, 388.81
1734790589, 1, 47, 54, 32, 0, 0.06%, 9, 0, 7, 335.99
1734790650, 1, 52, 54, 31, 0, 0.06%, 9, 0, 7, 372.21
1734790716, 2, 11, 54, 30, 0, 0.06%, 9, 0, 7, 251.41
1734790722, 2, 13, 54, 30, 0, 0.06%, 9, 0, 7, 255.18
1734790727, 2, 22, 54, 30, 0, 0.06%, 9, 0, 7, 305.15
1734790762, 2, 23, 54, 29, 0, 0.06%, 9, 0, 7, 256.30
1734790767, 2, 24, 55, 30, 0, 0.06%, 9, 0, 7, 264.55
1734790772, 2, 25, 55, 30, 0, 0.06%, 9, 0, 7, 243.49
1734790777, 2, 28, 55, 30, 0, 0.06%, 9, 0, 7, 402.46
1734790803, 2, 28, 57, 32, 0, 0.06%, 9, 0, 7, 275.59
1734790808, 2, 34, 57, 31, 0, 0.06%, 9, 0, 7, 292.35
1734790828, 2, 34, 58, 32, 0, 0.06%, 9, 0, 7, 244.10
1734790833, 2, 35, 59, 32, 0, 0.06%, 9, 0, 7, 310.25
1734790868, 2, 39, 59, 31, 0, 0.06%, 9, 0, 7, 251.90
1734790899, 2, 45, 59, 30, 0, 0.06%, 9, 0, 7, 425.30
1734790929, 2, 48, 59, 29, 0, 0.06%, 9, 0, 7, 278.44
1734790965, 2, 54, 59, 28, 0, 0.06%, 9, 0, 7, 361.80
1734790991, 2, 54, 60, 29, 0, 0.06%, 9, 0, 7, 471.11
1734791046, 3, 11, 60, 28, 0, 0.06%, 9, 0, 7, 254.58
1734791052, 3, 13, 60, 28, 0, 0.06%, 9, 0, 7, 256.17
1734791057, 3, 17, 60, 28, 0, 0.06%, 9, 0, 7, 264.22
1734791087, 3, 20, 60, 27, 0, 0.06%, 9, 0, 7, 317.80
1734791117, 3, 23, 60, 26, 0, 0.06%, 9, 0, 7, 241.95
1734791123, 3, 24, 60, 26, 0, 0.06%, 9, 0, 7, 242.47
1734791128, 3, 25, 60, 26, 0, 0.06%, 9, 0, 7, 252.55
1734791133, 3, 26, 60, 26, 0, 0.06%, 9, 0, 7, 320.44
1734791153, 3, 26, 61, 27, 0, 0.06%, 9, 0, 7, 259.51
1734791158, 3, 29, 61, 26, 0, 0.06%, 9, 0, 7, 300.90
1734791183, 3, 33, 61, 25, 0, 0.06%, 9, 0, 7, 267.58
1734791214, 3, 46, 61, 24, 0, 0.06%, 9, 0, 7, 355.69
1734791265, 3, 46, 62, 25, 0, 0.06%, 9, 0, 8, 327.25
1734791296, 3, 50, 62, 24, 0, 0.06%, 9, 0, 8, 390.10
1734791326, 3, 55, 62, 23, 0, 0.06%, 9, 0, 8, 304.42
1734791356, 3, 56, 62, 22, 0, 0.06%, 9, 0, 8, 348.21
1734791387, 3, 57, 62, 21, 0, 0.06%, 9, 0, 8, 394.41
1734791448, 3, 58, 62, 20, 0, 0.06%, 9, 0, 8, 305.38
1734791509, 3, 59, 62, 19, 0, 0.06%, 9, 0, 8, 370.99
1734791590, 4, 10, 62, 18, 0, 0.06%, 9, 0, 8, 257.20
1734791595, 4, 12, 62, 18, 0, 0.06%, 9, 0, 8, 247.11
1734791601, 4, 14, 62, 18, 0, 0.06%, 9, 0, 8, 256.36
1734791606, 4, 23, 62, 18, 0, 0.06%, 9, 0, 8, 246.33
1734791611, 4, 24, 62, 18, 0, 0.06%, 9, 0, 8, 258.51
1734791616, 4, 25, 62, 18, 0, 0.06%, 9, 0, 8, 264.27
1734791621, 4, 27, 62, 18, 0, 0.06%, 9, 0, 8, 401.39
1734791651, 4, 28, 62, 17, 0, 0.06%, 9, 0, 8, 268.76
1734791656, 4, 42, 62, 17, 0, 0.06%, 9, 0, 8, 403.14
1734791773, 4, 52, 62, 16, 0, 0.06%, 9, 0, 8, 282.03
1734791778, 4, 53, 62, 16, 0, 0.06%, 9, 0, 8, 413.53
1734791809, 4, 55, 62, 15, 0, 0.06%, 9, 0, 8, 262.84
1734791824, 5, 11, 62, 15, 0, 0.06%, 9, 0, 8, 254.68
1734791829, 5, 13, 62, 15, 0, 0.06%, 9, 0, 8, 255.98
1734791834, 5, 15, 62, 15, 0, 0.06%, 9, 0, 8, 264.26
1734791864, 5, 23, 62, 14, 0, 0.06%, 9, 0, 8, 246.91
1734791869, 5, 24, 62, 14, 0, 0.06%, 9, 0, 8, 261.52
1734791874, 5, 25, 62, 14, 0, 0.06%, 9, 0, 8, 257.38
1734791880, 5, 30, 62, 14, 0, 0.06%, 9, 0, 8, 281.48
1734791910, 5, 47, 62, 13, 0, 0.06%, 9, 0, 8, 248.63
1734791920, 5, 49, 62, 13, 0, 0.06%, 9, 0, 8, 413.68
1734791956, 5, 61, 62, 12, 0, 0.06%, 9, 0, 8, 385.70
1734791981, 5, 61, 63, 13, 0, 0.06%, 9, 0, 9, 437.52
1734792042, 6, 11, 63, 12, 0, 0.06%, 9, 0, 9, 255.97
1734792047, 6, 13, 63, 12, 0, 0.06%, 9, 0, 9, 256.54
1734792052, 6, 23, 63, 12, 0, 0.06%, 9, 0, 9, 254.98
1734792057, 6, 24, 63, 12, 0, 0.06%, 9, 0, 9, 260.50
1734792062, 6, 25, 63, 12, 0, 0.06%, 9, 0, 9, 276.81
1734792068, 6, 40, 63, 12, 0, 0.06%, 9, 0, 9, 291.58
1734792128, 6, 41, 63, 11, 0, 0.06%, 9, 0, 9, 368.92
1734792159, 7, 10, 63, 10, 0, 0.06%, 9, 0, 9, 250.59
1734792164, 7, 12, 63, 10, 0, 0.06%, 9, 0, 9, 259.83
1734792169, 7, 14, 63, 10, 0, 0.06%, 9, 0, 9, 260.64
1734792174, 7, 23, 63, 10, 0, 0.06%, 9, 0, 9, 253.03
1734792179, 7, 24, 63, 10, 0, 0.06%, 9, 0, 9, 244.76
1734792184, 7, 25, 63, 10, 0, 0.06%, 9, 0, 9, 260.22
1734792189, 7, 32, 63, 10, 0, 0.06%, 9, 0, 9, 285.11
1734792219, 7, 32, 64, 11, 0, 0.06%, 9, 0, 9, 279.53
1734792225, 7, 62, 64, 10, 0, 0.06%, 9, 0, 9, 373.05
1734792336, 8, 9, 64, 9, 0, 0.06%, 9, 0, 9, 257.01
1734792341, 8, 11, 64, 9, 0, 0.06%, 9, 0, 9, 267.58
1734792347, 8, 13, 64, 9, 0, 0.06%, 9, 0, 9, 255.36
1734792352, 8, 23, 64, 9, 0, 0.06%, 9, 0, 9, 256.36
1734792357, 8, 24, 64, 9, 0, 0.06%, 9, 0, 9, 263.23
1734792362, 8, 25, 64, 9, 0, 0.06%, 9, 0, 9, 262.49
1734792367, 8, 31, 64, 9, 0, 0.06%, 9, 0, 9, 270.49
1734792372, 8, 50, 64, 9, 0, 0.06%, 9, 0, 9, 273.49
1734792377, 9, 0, 64, 9, 0, 0.06%, 9, 0, 9, 266.30
1734792382, 9, 11, 64, 9, 0, 0.06%, 9, 0, 9, 260.80
1734792387, 9, 13, 64, 9, 0, 0.06%, 9, 0, 9, 253.25
1734792392, 9, 16, 64, 9, 0, 0.06%, 9, 0, 9, 271.45
1734792423, 9, 23, 64, 8, 0, 0.06%, 9, 0, 9, 260.69
1734792428, 9, 24, 64, 8, 0, 0.06%, 9, 0, 9, 256.77
1734792433, 9, 25, 64, 8, 0, 0.06%, 9, 0, 9, 260.33
1734792438, 9, 38, 64, 8, 0, 0.06%, 9, 0, 9, 342.94
1734792469, 9, 44, 64, 7, 0, 0.06%, 9, 0, 9, 349.57
1734792535, 9, 48, 64, 6, 0, 0.06%, 9, 0, 9, 269.24
1734792540, 9, 60, 64, 6, 0, 0.06%, 9, 0, 9, 290.91
1734792611, 9, 60, 65, 7, 0, 0.06%, 9, 0, 9, 315.94
1734792627, 9, 60, 66, 8, 0, 0.06%, 9, 0, 9, 326.47
1734792662, 9, 63, 68, 9, 0, 0.06%, 9, 0, 9, 347.39
1734792667, 9, 63, 69, 10, 0, 0.06%, 9, 0, 9, 394.83
1734792958, 9, 66, 69, 9, 0, 0.06%, 9, 0, 9, 262.15
1734793075, 10, 10, 69, 8, 0, 0.06%, 9, 0, 9, 278.48
1734793080, 10, 12, 69, 8, 0, 0.06%, 9, 0, 9, 260.20
1734793085, 10, 14, 69, 8, 0, 0.06%, 9, 0, 9, 254.35
1734793090, 10, 18, 69, 8, 0, 0.06%, 9, 0, 9, 377.63
1734793121, 10, 21, 69, 7, 0, 0.06%, 9, 0, 9, 290.70
1734793146, 10, 23, 69, 6, 0, 0.06%, 9, 0, 9, 265.22
1734793152, 10, 24, 69, 6, 0, 0.06%, 9, 0, 9, 265.30
1734793162, 10, 25, 69, 6, 0, 0.06%, 9, 0, 9, 264.13
1734793167, 10, 44, 69, 6, 0, 0.06%, 9, 0, 9, 258.88
1734793172, 10, 46, 69, 6, 0, 0.06%, 9, 0, 9, 287.91
1734793177, 10, 64, 69, 6, 0, 0.06%, 9, 0, 9, 352.54
1734793279, 10, 67, 69, 5, 0, 0.06%, 9, 0, 9, 263.59
1734793396, 11, 10, 69, 4, 0, 0.06%, 9, 0, 9, 251.01
1734793402, 11, 12, 69, 4, 0, 0.06%, 9, 0, 9, 258.92
1734793407, 11, 14, 69, 4, 0, 0.06%, 9, 0, 9, 256.57
1734793412, 11, 21, 69, 4, 0, 0.06%, 9, 0, 9, 262.32
1734793417, 11, 23, 69, 4, 0, 0.06%, 9, 0, 9, 258.38
1734793422, 11, 24, 69, 4, 0, 0.06%, 9, 0, 9, 256.50
1734793427, 11, 25, 69, 4, 0, 0.06%, 9, 0, 9, 265.69
1734793432, 11, 27, 69, 4, 0, 0.06%, 9, 0, 9, 278.63
1734793437, 11, 39, 69, 4, 0, 0.06%, 9, 0, 9, 263.49
1734793442, 12, 9, 69, 4, 0, 0.06%, 9, 0, 9, 266.93
1734793447, 12, 11, 69, 4, 0, 0.06%, 9, 0, 9, 255.86
1734793452, 12, 13, 69, 4, 0, 0.06%, 9, 0, 9, 256.04
1734793457, 12, 23, 69, 4, 0, 0.06%, 9, 0, 9, 257.94
1734793463, 12, 24, 69, 4, 0, 0.06%, 9, 0, 9, 266.83
1734793468, 12, 25, 69, 4, 0, 0.06%, 9, 0, 9, 263.83
1734793473, 12, 45, 69, 4, 0, 0.06%, 9, 0, 9, 279.79
1734793478, 12, 56, 69, 4, 0, 0.06%, 9, 0, 9, 269.25
1734793493, 13, 11, 69, 4, 0, 0.06%, 9, 0, 9, 262.79
1734793498, 13, 13, 69, 4, 0, 0.06%, 9, 0, 9, 261.56
1734793503, 13, 23, 69, 4, 0, 0.06%, 9, 0, 9, 259.26
1734793508, 13, 24, 69, 4, 0, 0.06%, 9, 0, 9, 265.75
1734793513, 13, 25, 69, 4, 0, 0.06%, 9, 0, 9, 272.76
1734793518, 13, 58, 69, 4, 0, 0.06%, 9, 0, 9, 264.57
1734793533, 13, 65, 69, 4, 0, 0.06%, 9, 0, 9, 353.93
1734793640, 14, 11, 69, 3, 0, 0.06%, 9, 0, 9, 247.52
1734793645, 14, 13, 69, 3, 0, 0.06%, 9, 0, 9, 259.89
1734793650, 14, 23, 69, 3, 0, 0.06%, 9, 0, 9, 248.29
1734793655, 14, 24, 69, 3, 0, 0.06%, 9, 0, 9, 257.08
1734793660, 14, 25, 69, 3, 0, 0.06%, 9, 0, 9, 257.81
1734793665, 14, 35, 69, 3, 0, 0.06%, 9, 0, 9, 274.88
1734793670, 14, 44, 69, 3, 0, 0.06%, 9, 0, 9, 286.23
1734793675, 15, 10, 69, 3, 0, 0.06%, 9, 0, 9, 266.18
1734793680, 15, 12, 69, 3, 0, 0.06%, 9, 0, 9, 248.40
1734793685, 15, 14, 69, 3, 0, 0.06%, 9, 0, 9, 261.14
1734793690, 15, 23, 69, 3, 0, 0.06%, 9, 0, 9, 252.94
1734793695, 15, 24, 69, 3, 0, 0.06%, 9, 0, 9, 251.86
1734793700, 15, 25, 69, 3, 0, 0.06%, 9, 0, 9, 259.62
1734793706, 16, 8, 69, 3, 0, 0.06%, 9, 0, 9, 262.43
1734793711, 16, 11, 69, 3, 0, 0.06%, 9, 0, 9, 258.62
1734793716, 16, 13, 69, 3, 0, 0.06%, 9, 0, 9, 261.17
1734793721, 16, 23, 69, 3, 0, 0.06%, 9, 0, 9, 258.89
1734793726, 16, 24, 69, 3, 0, 0.06%, 9, 0, 9, 261.84
1734793731, 16, 25, 69, 3, 0, 0.06%, 9, 0, 9, 261.85
1734793736, 17, 7, 69, 3, 0, 0.06%, 9, 0, 9, 268.47
1734793741, 17, 11, 69, 3, 0, 0.06%, 9, 0, 9, 257.00
1734793746, 17, 13, 69, 3, 0, 0.06%, 9, 0, 9, 259.76
1734793752, 17, 23, 69, 3, 0, 0.06%, 9, 0, 9, 265.80
1734793757, 17, 24, 69, 3, 0, 0.06%, 9, 0, 9, 261.77
1734793762, 17, 25, 69, 3, 0, 0.06%, 9, 0, 9, 251.89
1734793767, 17, 42, 69, 3, 0, 0.06%, 9, 0, 9, 270.12
1734793772, 17, 46, 69, 3, 0, 0.06%, 9, 0, 9, 273.15
1734793777, 17, 49, 69, 3, 0, 0.06%, 9, 0, 9, 271.88
1734793782, 17, 63, 69, 3, 0, 0.06%, 9, 0, 9, 278.34
1734793792, 18, 9, 69, 3, 0, 0.06%, 9, 0, 9, 266.86
1734793797, 18, 11, 69, 3, 0, 0.06%, 9, 0, 9, 255.14
1734793803, 18, 13, 69, 3, 0, 0.06%, 9, 0, 9, 257.17
1734793808, 18, 17, 69, 3, 0, 0.06%, 9, 0, 9, 262.80
1734793813, 18, 23, 69, 3, 0, 0.06%, 9, 0, 9, 266.01
1734793823, 18, 24, 69, 3, 0, 0.06%, 9, 0, 9, 253.24
1734793828, 18, 25, 69, 3, 0, 0.06%, 9, 0, 9, 278.67
1734793833, 18, 42, 70, 4, 0, 0.06%, 9, 0, 9, 314.73
1734793838, 19, 10, 70, 4, 0, 0.06%, 9, 0, 9, 266.12
1734793843, 19, 12, 70, 4, 0, 0.06%, 9, 0, 9, 248.05
1734793848, 19, 14, 70, 4, 0, 0.06%, 9, 0, 9, 251.96
1734793853, 19, 18, 70, 4, 0, 0.06%, 9, 0, 9, 261.98
1734793858, 19, 23, 70, 4, 0, 0.06%, 9, 0, 9, 266.29
1734793863, 19, 24, 70, 4, 0, 0.06%, 9, 0, 9, 276.91
1734793868, 19, 25, 70, 4, 0, 0.06%, 9, 0, 9, 260.50
1734793873, 19, 37, 70, 4, 0, 0.06%, 9, 0, 9, 309.78
1734793909, 19, 62, 70, 3, 0, 0.06%, 9, 0, 9, 309.88
1734793924, 20, 10, 70, 3, 0, 0.06%, 9, 0, 9, 262.42
1734793929, 20, 12, 70, 3, 0, 0.06%, 9, 0, 9, 270.48
1734793934, 20, 14, 70, 3, 0, 0.06%, 9, 0, 9, 263.65
1734793940, 20, 18, 70, 3, 0, 0.06%, 9, 0, 9, 274.49
1734793945, 20, 23, 70, 3, 0, 0.06%, 9, 0, 9, 253.49
1734793950, 20, 24, 70, 3, 0, 0.06%, 9, 0, 9, 273.17
1734793955, 20, 25, 70, 3, 0, 0.06%, 9, 0, 9, 257.94
1734793960, 20, 45, 70, 3, 0, 0.06%, 9, 0, 9, 268.08
1734793965, 20, 55, 70, 3, 0, 0.06%, 9, 0, 9, 267.22
1734793970, 20, 68, 70, 3, 0, 0.06%, 9, 0, 9, 328.76
1734794143, 21, 10, 70, 2, 0, 0.06%, 9, 0, 9, 253.46
1734794148, 21, 11, 70, 2, 0, 0.06%, 9, 0, 9, 253.20
1734794153, 21, 13, 70, 2, 0, 0.06%, 9, 0, 9, 261.38
1734794158, 21, 23, 70, 2, 0, 0.06%, 9, 0, 9, 255.05
1734794163, 21, 24, 70, 2, 0, 0.06%, 9, 0, 9, 262.87
1734794168, 21, 25, 70, 2, 0, 0.06%, 9, 0, 9, 260.54
1734794173, 21, 54, 70, 2, 0, 0.06%, 9, 0, 9, 278.93
1734794184, 22, 1, 70, 2, 0, 0.06%, 9, 0, 9, 274.36
1734794189, 22, 11, 70, 2, 0, 0.06%, 9, 0, 9, 276.76
1734794194, 22, 13, 70, 2, 0, 0.06%, 9, 0, 9, 257.47
1734794199, 22, 14, 70, 2, 0, 0.06%, 9, 0, 9, 262.61
1734794204, 22, 16, 70, 2, 0, 0.06%, 9, 0, 9, 257.65
1734794209, 22, 23, 70, 2, 0, 0.06%, 9, 0, 9, 255.47
1734794214, 22, 24, 70, 2, 0, 0.06%, 9, 0, 9, 259.96
1734794219, 22, 25, 70, 2, 0, 0.06%, 9, 0, 9, 263.55
1734794224, 22, 32, 70, 2, 0, 0.06%, 9, 0, 9, 271.38
1734794229, 22, 37, 70, 2, 0, 0.06%, 9, 0, 9, 262.91
1734794234, 22, 46, 70, 2, 0, 0.06%, 9, 0, 9, 302.62
1734794240, 22, 65, 70, 2, 0, 0.06%, 9, 0, 9, 310.93
1734794260, 23, 11, 70, 2, 0, 0.06%, 9, 0, 9, 269.79
1734794265, 23, 13, 70, 2, 0, 0.06%, 9, 0, 9, 252.97
1734794270, 23, 22, 70, 2, 0, 0.06%, 9, 0, 9, 260.14
1734794280, 23, 23, 70, 2, 0, 0.06%, 9, 0, 9, 272.16
1734794285, 23, 24, 70, 2, 0, 0.06%, 9, 0, 9, 259.09
1734794290, 23, 25, 70, 2, 0, 0.06%, 9, 0, 9, 254.19
1734794296, 23, 27, 70, 2, 0, 0.06%, 9, 0, 9, 271.14
1734794301, 23, 69, 71, 3, 0, 0.06%, 9, 0, 9, 376.57
1734794377, 23, 69, 72, 4, 0, 0.06%, 9, 0, 9, 319.73
1734794432, 24, 6, 72, 3, 0, 0.06%, 9, 0, 9, 233.01
1734794437, 24, 11, 72, 3, 0, 0.06%, 9, 0, 9, 259.27
1734794443, 24, 13, 72, 3, 0, 0.06%, 9, 0, 9, 256.42
1734794448, 24, 23, 72, 3, 0, 0.06%, 9, 0, 9, 267.13
1734794458, 24, 24, 72, 3, 0, 0.06%, 9, 0, 9, 268.16
1734794463, 24, 25, 72, 3, 0, 0.06%, 9, 0, 9, 270.66
1734794468, 24, 32, 72, 3, 0, 0.06%, 9, 0, 9, 261.99
1734794473, 25, 11, 72, 3, 0, 0.06%, 9, 0, 9, 249.70
1734794478, 25, 13, 72, 3, 0, 0.06%, 9, 0, 9, 258.58
1734794483, 25, 23, 72, 3, 0, 0.06%, 9, 0, 9, 264.34
1734794493, 25, 24, 72, 3, 0, 0.06%, 9, 0, 9, 267.51
1734794498, 25, 25, 72, 3, 0, 0.06%, 9, 0, 9, 271.07
1734794503, 25, 51, 72, 3, 0, 0.06%, 9, 0, 9, 334.83
1734794529, 25, 55, 72, 2, 0, 0.06%, 9, 0, 9, 282.17
1734794534, 25, 67, 72, 2, 0, 0.06%, 9, 0, 9, 284.78
1734794554, 26, 10, 72, 2, 0, 0.06%, 9, 0, 9, 256.09
1734794560, 26, 12, 72, 2, 0, 0.06%, 9, 0, 9, 258.25
1734794565, 26, 14, 72, 2, 0, 0.06%, 9, 0, 9, 264.26
1734794570, 26, 23, 72, 2, 0, 0.06%, 9, 0, 9, 261.48
1734794575, 26, 24, 72, 2, 0, 0.06%, 9, 0, 9, 261.15
1734794580, 26, 25, 72, 2, 0, 0.06%, 9, 0, 9, 259.75
1734794585, 26, 50, 72, 2, 0, 0.06%, 9, 0, 9, 278.09
1734794590, 26, 61, 72, 2, 0, 0.06%, 9, 0, 9, 298.36
1734794605, 26, 62, 72, 2, 0, 0.06%, 9, 0, 9, 282.99
1734794615, 27, 11, 72, 2, 0, 0.06%, 9, 0, 9, 265.85
1734794621, 27, 13, 72, 2, 0, 0.06%, 9, 0, 9, 259.36
1734794626, 27, 23, 72, 2, 0, 0.06%, 9, 0, 9, 257.39
1734794636, 27, 24, 72, 2, 0, 0.06%, 9, 0, 9, 258.54
1734794641, 27, 25, 72, 2, 0, 0.06%, 9, 0, 9, 265.77
1734794646, 27, 29, 72, 2, 0, 0.06%, 9, 0, 9, 278.49
1734794651, 27, 50, 72, 2, 0, 0.06%, 9, 0, 9, 269.91
1734794656, 28, 11, 72, 2, 0, 0.06%, 9, 0, 9, 268.13
1734794661, 28, 13, 72, 2, 0, 0.06%, 9, 0, 9, 263.07
1734794667, 28, 17, 72, 2, 0, 0.06%, 9, 0, 9, 264.85
1734794672, 28, 23, 72, 2, 0, 0.06%, 9, 0, 9, 267.09
1734794677, 28, 24, 72, 2, 0, 0.06%, 9, 0, 9, 283.98
1734794682, 28, 25, 72, 2, 0, 0.06%, 9, 0, 9, 267.93
1734794687, 28, 31, 72, 2, 0, 0.06%, 9, 0, 9, 272.26
1734794692, 29, 10, 72, 2, 0, 0.06%, 9, 0, 9, 258.62
1734794697, 29, 12, 72, 2, 0, 0.06%, 9, 0, 9, 262.34
1734794702, 29, 14, 72, 2, 0, 0.06%, 9, 0, 9, 267.86
1734794707, 29, 23, 72, 2, 0, 0.06%, 9, 0, 9, 256.86
1734794712, 29, 24, 72, 2, 0, 0.06%, 9, 0, 9, 260.81
1734794717, 29, 25, 72, 2, 0, 0.06%, 9, 0, 9, 267.07
1734794723, 29, 70, 72, 2, 0, 0.06%, 9, 0, 9, 313.92
1734794855, 30, 10, 72, 1, 0, 0.06%, 9, 0, 9, 272.49
1734794860, 30, 12, 72, 1, 0, 0.06%, 9, 0, 9, 271.96
1734794865, 30, 14, 72, 1, 0, 0.06%, 9, 0, 9, 261.51
1734794870, 30, 21, 72, 1, 0, 0.06%, 9, 0, 9, 258.75
1734794875, 30, 23, 72, 1, 0, 0.06%, 10, 0, 9, 261.84
1734794880, 30, 24, 72, 1, 0, 0.06%, 10, 0, 9, 257.10
1734794885, 30, 25, 72, 1, 0, 0.06%, 10, 0, 9, 260.69
1734794890, 30, 37, 72, 1, 0, 0.06%, 10, 0, 9, 269.65
1734794895, 30, 65, 72, 1, 0, 0.06%, 10, 0, 9, 277.22
1734794906, 31, 10, 72, 1, 0, 0.06%, 10, 0, 9, 272.59
1734794911, 31, 12, 72, 1, 0, 0.06%, 10, 0, 9, 270.01
1734794916, 31, 14, 72, 1, 0, 0.06%, 10, 0, 9, 259.08
1734794921, 31, 23, 72, 1, 0, 0.06%, 10, 0, 9, 255.01
1734794926, 31, 24, 72, 1, 0, 0.06%, 10, 0, 9, 252.23
1734794931, 31, 25, 72, 1, 0, 0.06%, 10, 0, 9, 267.23
1734794936, 31, 33, 72, 1, 0, 0.06%, 10, 0, 9, 259.94
1734794941, 32, 10, 72, 1, 0, 0.06%, 10, 0, 9, 256.25
1734794946, 32, 12, 72, 1, 0, 0.06%, 10, 0, 9, 257.89
1734794951, 32, 14, 72, 1, 0, 0.06%, 10, 0, 9, 250.57
1734794956, 32, 23, 72, 1, 0, 0.06%, 10, 0, 9, 255.71
1734794961, 32, 24, 72, 1, 0, 0.06%, 10, 0, 9, 258.83
1734794967, 32, 25, 72, 1, 0, 0.06%, 10, 0, 9, 257.00
1734794972, 32, 30, 72, 1, 0, 0.06%, 10, 0, 9, 273.92
1734794977, 32, 39, 72, 1, 0, 0.06%, 10, 0, 9, 263.08
1734794982, 32, 48, 72, 1, 0, 0.06%, 10, 0, 9, 269.58
1734794987, 33, 10, 72, 1, 0, 0.06%, 10, 0, 9, 270.78
1734794992, 33, 12, 72, 1, 0, 0.06%, 10, 0, 9, 260.94
1734794997, 33, 14, 72, 1, 0, 0.06%, 10, 0, 9, 260.38
1734795002, 33, 20, 72, 1, 0, 0.06%, 10, 0, 9, 266.30
1734795007, 33, 23, 72, 1, 0, 0.06%, 10, 0, 9, 259.85
1734795012, 33, 24, 72, 1, 0, 0.06%, 10, 0, 9, 263.39
1734795017, 33, 25, 72, 1, 0, 0.06%, 10, 0, 9, 265.25
1734795023, 33, 44, 72, 1, 0, 0.06%, 10, 0, 9, 287.29
1734795028, 34, 10, 72, 1, 0, 0.06%, 10, 0, 9, 266.87
1734795033, 34, 12, 72, 1, 0, 0.06%, 10, 0, 9, 266.67
1734795038, 34, 14, 72, 1, 0, 0.06%, 10, 0, 9, 259.72
1734795043, 34, 19, 72, 1, 0, 0.06%, 10, 0, 9, 265.55
1734795048, 34, 23, 72, 1, 0, 0.06%, 10, 0, 9, 270.12
1734795053, 34, 24, 72, 1, 0, 0.06%, 10, 0, 9, 261.51
1734795058, 34, 25, 72, 1, 0, 0.06%, 10, 0, 9, 258.26
1734795063, 34, 52, 72, 1, 0, 0.06%, 10, 0, 9, 276.06
1734795068, 35, 11, 72, 1, 0, 0.06%, 10, 0, 9, 262.82
1734795073, 35, 13, 72, 1, 0, 0.06%, 10, 0, 9, 249.89
1734795078, 35, 14, 72, 1, 0, 0.06%, 10, 0, 9, 264.22
1734795084, 35, 17, 72, 1, 0, 0.06%, 10, 0, 9, 268.04
1734795089, 35, 23, 72, 1, 0, 0.06%, 10, 0, 9, 281.63
1734795094, 35, 24, 72, 1, 0, 0.06%, 10, 0, 9, 273.59
1734795099, 35, 25, 72, 1, 0, 0.06%, 10, 0, 9, 272.24
1734795104, 35, 48, 72, 1, 0, 0.06%, 10, 0, 9, 268.14
1734795109, 36, 11, 72, 1, 0, 0.06%, 10, 0, 9, 263.28
1734795114, 36, 13, 72, 1, 0, 0.06%, 10, 0, 9, 260.19
1734795119, 36, 14, 72, 1, 0, 0.06%, 10, 0, 9, 257.18
1734795124, 36, 23, 72, 1, 0, 0.06%, 10, 0, 9, 258.75
1734795129, 36, 24, 72, 1, 0, 0.06%, 10, 0, 9, 271.02
1734795134, 36, 25, 72, 1, 0, 0.06%, 10, 0, 9, 262.00
1734795139, 36, 69, 72, 1, 0, 0.06%, 10, 0, 9, 316.35
1734795160, 37, 11, 72, 1, 0, 0.06%, 10, 0, 9, 271.90
1734795165, 37, 12, 72, 1, 0, 0.06%, 10, 0, 9, 271.58
1734795170, 37, 17, 72, 1, 0, 0.06%, 10, 0, 9, 272.79
1734795180, 37, 23, 72, 1, 0, 0.06%, 10, 0, 9, 267.51
1734795185, 37, 24, 72, 1, 0, 0.06%, 10, 0, 9, 277.46
1734795190, 37, 25, 72, 1, 0, 0.06%, 10, 0, 9, 281.05
1734795195, 38, 11, 72, 1, 0, 0.06%, 10, 0, 9, 260.64
1734795200, 38, 13, 72, 1, 0, 0.06%, 10, 0, 9, 266.57
1734795205, 38, 23, 72, 1, 0, 0.06%, 10, 0, 9, 254.27
1734795210, 38, 24, 72, 1, 0, 0.06%, 10, 0, 9, 268.05
1734795215, 38, 25, 72, 1, 0, 0.06%, 10, 0, 9, 260.65
1734795220, 38, 38, 72, 1, 0, 0.06%, 10, 0, 9, 273.37
1734795226, 38, 52, 72, 1, 0, 0.06%, 10, 0, 9, 293.72
1734795231, 38, 71, 72, 1, 0, 0.06%, 10, 0, 9, 264.26
1734795266, 38, 71, 73, 2, 0, 0.06%, 10, 0, 9, 447.73
1734795444, 38, 72, 73, 1, 0, 0.06%, 10, 0, 9, 263.18
1734795652, 39, 10, 73, 0, 0, 0.06%, 10, 0, 9, 277.82
1734795657, 39, 12, 73, 0, 0, 0.06%, 10, 0, 9, 264.47
1734795662, 39, 14, 73, 0, 0, 0.06%, 10, 0, 9, 254.56
1734795668, 39, 23, 73, 0, 0, 0.06%, 10, 0, 9, 271.02
1734795673, 39, 24, 73, 0, 0, 0.06%, 10, 0, 9, 262.86
1734795678, 39, 25, 73, 0, 0, 0.06%, 10, 0, 9, 265.45
1734795683, 39, 26, 73, 0, 0, 0.06%, 10, 0, 9, 265.92
1734795688, 39, 47, 73, 0, 0, 0.06%, 10, 0, 9, 278.44
1734795693, 40, 10, 73, 0, 0, 0.06%, 10, 0, 9, 262.40
1734795698, 40, 12, 73, 0, 0, 0.06%, 10, 0, 9, 248.80
1734795703, 40, 14, 73, 0, 0, 0.06%, 10, 0, 9, 254.39
1734795709, 40, 23, 73, 0, 0, 0.06%, 10, 0, 9, 269.13
1734795714, 40, 24, 73, 0, 0, 0.06%, 10, 0, 9, 261.28
1734795719, 40, 25, 73, 0, 0, 0.06%, 10, 0, 9, 269.21
1734795724, 40, 30, 73, 0, 0, 0.06%, 10, 0, 9, 266.72
1734795729, 41, 11, 73, 0, 0, 0.06%, 10, 0, 9, 271.21
1734795734, 41, 13, 73, 0, 0, 0.06%, 10, 0, 9, 270.09
1734795739, 41, 14, 73, 0, 0, 0.06%, 10, 0, 9, 264.92
1734795744, 41, 23, 73, 0, 0, 0.06%, 10, 0, 9, 256.66
1734795749, 41, 24, 73, 0, 0, 0.06%, 10, 0, 9, 263.52
1734795754, 41, 25, 73, 0, 0, 0.06%, 10, 0, 9, 264.38
1734795759, 41, 27, 73, 0, 0, 0.06%, 10, 0, 9, 275.06
1734795764, 41, 58, 73, 0, 0, 0.06%, 10, 0, 9, 287.47
1734795769, 42, 10, 73, 0, 0, 0.06%, 10, 0, 9, 272.12
1734795774, 42, 12, 73, 0, 0, 0.06%, 10, 0, 9, 261.80
1734795779, 42, 14, 73, 0, 0, 0.06%, 10, 0, 9, 262.20
1734795784, 42, 21, 73, 0, 0, 0.06%, 10, 0, 9, 257.60
1734795789, 42, 23, 73, 0, 0, 0.06%, 10, 0, 9, 269.74
1734795794, 42, 24, 73, 0, 0, 0.06%, 10, 0, 9, 257.46
1734795799, 42, 25, 73, 0, 0, 0.06%, 10, 0, 9, 270.24
1734795804, 42, 35, 73, 0, 0, 0.06%, 10, 0, 9, 275.02
1734795810, 42, 66, 73, 0, 0, 0.06%, 10, 0, 9, 284.32
1734795830, 43, 1, 73, 0, 0, 0.06%, 10, 0, 9, 250.44
1734795835, 43, 10, 73, 0, 0, 0.06%, 10, 0, 9, 258.48
1734795840, 43, 12, 73, 0, 0, 0.06%, 10, 0, 9, 260.35
1734795845, 43, 14, 73, 0, 0, 0.06%, 10, 0, 9, 262.57
1734795850, 43, 23, 73, 0, 0, 0.06%, 10, 0, 9, 263.16
1734795855, 43, 24, 73, 0, 0, 0.06%, 10, 0, 9, 262.01
1734795860, 43, 25, 73, 0, 0, 0.06%, 10, 0, 9, 272.38
1734795865, 43, 38, 73, 0, 0, 0.06%, 10, 0, 9, 282.94
1734795871, 43, 50, 73, 0, 0, 0.06%, 10, 0, 9, 285.57
1734795876, 43, 61, 73, 0, 0, 0.06%, 10, 0, 9, 316.61
1734795891, 43, 67, 73, 0, 0, 0.06%, 10, 0, 9, 283.58
1734795896, 43, 69, 73, 0, 0, 0.06%, 10, 0, 9, 264.73
1734795921, 43, 70, 73, 0, 0, 0.06%, 10, 0, 9, 319.15
1734795951, 44, 11, 73, 0, 0, 0.06%, 10, 0, 9, 263.08
1734795956, 44, 13, 73, 0, 0, 0.06%, 10, 0, 9, 261.59
1734795961, 44, 23, 73, 0, 0, 0.06%, 10, 0, 9, 258.41
1734795966, 44, 24, 73, 0, 0, 0.06%, 10, 0, 9, 259.04
1734795971, 44, 25, 73, 0, 0, 0.06%, 10, 0, 9, 263.02
1734795976, 44, 33, 73, 0, 0, 0.06%, 10, 0, 9, 258.88
1734795981, 44, 57, 73, 0, 0, 0.06%, 10, 0, 9, 270.83
1734795996, 44, 72, 73, 0, 0, 0.06%, 10, 0, 9, 333.86
1734796027, 45, 11, 73, 0, 0, 0.06%, 10, 0, 9, 265.67
1734796032, 45, 13, 73, 0, 0, 0.06%, 10, 0, 9, 255.03
1734796037, 45, 18, 73, 0, 0, 0.06%, 10, 0, 9, 272.40
1734796042, 45, 20, 73, 0, 0, 0.06%, 10, 0, 9, 268.34
1734796047, 45, 23, 73, 0, 0, 0.06%, 10, 0, 9, 269.60
1734796052, 45, 24, 73, 0, 0, 0.06%, 10, 0, 9, 272.59
1734796057, 45, 25, 73, 0, 0, 0.06%, 10, 0, 9, 270.07
1734796062, 45, 32, 73, 0, 0, 0.06%, 10, 0, 9, 265.15
1734796067, 45, 66, 73, 0, 0, 0.06%, 10, 0, 9, 275.27
1734796077, 46, 10, 73, 0, 0, 0.06%, 10, 0, 9, 255.94
1734796082, 46, 12, 73, 0, 0, 0.06%, 10, 0, 9, 262.53
1734796087, 46, 13, 73, 0, 0, 0.06%, 10, 0, 9, 267.18
1734796092, 46, 18, 73, 0, 0, 0.06%, 10, 0, 9, 275.23
1734796097, 46, 23, 73, 0, 0, 0.06%, 10, 0, 9, 253.80
1734796103, 46, 24, 73, 0, 0, 0.06%, 10, 0, 9, 260.33
1734796108, 46, 25, 73, 0, 0, 0.06%, 10, 0, 9, 252.71
1734796113, 47, 2, 73, 0, 0, 0.06%, 10, 0, 9, 264.46
1734796118, 47, 11, 73, 0, 0, 0.06%, 10, 0, 9, 276.82
1734796123, 47, 13, 73, 0, 0, 0.06%, 10, 0, 9, 271.49
1734796128, 47, 23, 73, 0, 0, 0.06%, 10, 0, 9, 262.24
1734796133, 47, 24, 73, 0, 0, 0.06%, 10, 0, 9, 262.56
1734796138, 47, 25, 73, 0, 0, 0.06%, 10, 0, 9, 259.05
1734796143, 47, 59, 73, 0, 0, 0.06%, 10, 0, 9, 298.37
1734796153, 47, 66, 73, 0, 0, 0.06%, 10, 0, 9, 281.59
1734796158, 47, 70, 73, 0, 0, 0.06%, 10, 0, 9, 296.52
1734796189, 48, 10, 73, 0, 0, 0.06%, 10, 0, 9, 266.57
1734796194, 48, 11, 73, 0, 0, 0.06%, 10, 0, 9, 270.25
1734796199, 48, 13, 73, 0, 0, 0.06%, 10, 0, 9, 266.51
1734796204, 48, 23, 73, 0, 0, 0.06%, 10, 0, 9, 262.39
1734796209, 48, 24, 73, 0, 0, 0.06%, 10, 0, 9, 256.80
1734796214, 48, 25, 73, 0, 0, 0.06%, 10, 0, 9, 264.46
1734796219, 48, 26, 73, 0, 0, 0.06%, 10, 0, 9, 276.42
1734796224, 48, 31, 73, 0, 0, 0.06%, 10, 0, 9, 273.91
1734796229, 49, 10, 73, 0, 0, 0.06%, 10, 0, 9, 266.95
1734796234, 49, 12, 73, 0, 0, 0.06%, 10, 0, 9, 268.35
1734796240, 49, 13, 73, 0, 0, 0.06%, 10, 0, 9, 261.13
1734796245, 49, 18, 73, 0, 0, 0.06%, 10, 0, 9, 271.87
1734796250, 49, 23, 73, 0, 0, 0.06%, 10, 0, 9, 265.22
1734796255, 49, 24, 73, 0, 0, 0.06%, 10, 0, 9, 265.80
1734796260, 49, 25, 73, 0, 0, 0.06%, 10, 0, 9, 268.39
1734796265, 49, 45, 73, 0, 0, 0.06%, 10, 0, 9, 275.20
1734796270, 49, 54, 73, 0, 0, 0.06%, 10, 0, 9, 291.55
1734796276, 50, 10, 73, 0, 0, 0.06%, 10, 0, 9, 274.56
1734796281, 50, 12, 73, 0, 0, 0.06%, 10, 0, 9, 263.46
1734796286, 50, 14, 73, 0, 0, 0.06%, 10, 0, 9, 258.14
1734796291, 50, 23, 74, 1, 0, 0.06%, 10, 0, 9, 275.89
1734796296, 50, 24, 74, 1, 0, 0.06%, 10, 0, 9, 282.40
1734796301, 50, 25, 74, 1, 0, 0.06%, 10, 0, 9, 257.37
1734796306, 50, 43, 74, 1, 0, 0.06%, 10, 0, 9, 288.62
1734796311, 50, 60, 74, 1, 0, 0.06%, 10, 0, 9, 310.56
1734796321, 50, 73, 74, 1, 0, 0.06%, 10, 0, 9, 329.49
1734796326, 50, 73, 75, 2, 0, 0.06%, 10, 0, 9, 449.64
1734796422, 51, 10, 75, 1, 0, 0.06%, 10, 0, 9, 260.53
1734796427, 51, 12, 75, 1, 0, 0.06%, 10, 0, 9, 266.98
1734796432, 51, 14, 75, 1, 0, 0.06%, 10, 0, 9, 254.22
1734796437, 51, 23, 75, 1, 0, 0.06%, 10, 0, 9, 252.90
1734796442, 51, 24, 75, 1, 0, 0.06%, 10, 0, 9, 258.56
1734796448, 51, 25, 75, 1, 0, 0.06%, 10, 0, 9, 258.41
1734796453, 51, 43, 75, 1, 0, 0.06%, 10, 0, 9, 281.52
1734796458, 51, 47, 75, 1, 0, 0.06%, 10, 0, 9, 277.52
1734796463, 51, 50, 75, 1, 0, 0.06%, 10, 0, 9, 291.33
1734796468, 52, 10, 75, 1, 0, 0.06%, 10, 0, 9, 265.46
1734796473, 52, 12, 75, 1, 0, 0.06%, 10, 0, 9, 262.17
1734796478, 52, 14, 75, 1, 0, 0.06%, 10, 0, 9, 255.06
1734796483, 52, 23, 75, 1, 0, 0.06%, 10, 0, 9, 257.22
1734796488, 52, 24, 75, 1, 0, 0.06%, 10, 0, 9, 277.71
1734796493, 52, 25, 75, 1, 0, 0.06%, 10, 0, 9, 257.71
1734796498, 52, 30, 75, 1, 0, 0.06%, 10, 0, 9, 275.73
1734796503, 52, 40, 75, 1, 0, 0.06%, 10, 0, 9, 274.94
1734796508, 52, 70, 75, 1, 0, 0.06%, 10, 0, 9, 302.88
1734796539, 53, 10, 75, 1, 0, 0.06%, 10, 0, 9, 280.07
1734796544, 53, 12, 75, 1, 0, 0.06%, 10, 0, 9, 257.67
1734796549, 53, 14, 75, 1, 0, 0.06%, 10, 0, 9, 257.59
1734796554, 53, 18, 75, 1, 0, 0.06%, 10, 0, 9, 268.64
1734796559, 53, 23, 75, 1, 0, 0.06%, 10, 0, 9, 264.38
1734796564, 53, 24, 75, 1, 0, 0.06%, 10, 0, 9, 267.74
1734796569, 53, 25, 75, 1, 0, 0.06%, 10, 0, 9, 267.76
1734796574, 53, 31, 75, 1, 0, 0.06%, 10, 0, 9, 271.96
1734796579, 53, 32, 75, 1, 0, 0.06%, 10, 0, 9, 269.85
1734796584, 53, 44, 76, 2, 0, 0.06%, 10, 0, 9, 281.25
1734796589, 53, 47, 76, 2, 0, 0.06%, 10, 0, 9, 284.84
1734796595, 54, 8, 76, 2, 0, 0.06%, 10, 0, 9, 275.07
1734796600, 54, 11, 76, 2, 0, 0.06%, 10, 0, 9, 267.72
1734796605, 54, 13, 76, 2, 0, 0.06%, 10, 0, 9, 249.58
1734796610, 54, 21, 76, 2, 0, 0.06%, 10, 0, 9, 265.30
1734796615, 54, 23, 76, 2, 0, 0.06%, 10, 0, 9, 266.20
1734796620, 54, 24, 76, 2, 0, 0.06%, 10, 0, 9, 267.21
1734796625, 54, 25, 76, 2, 0, 0.06%, 10, 0, 9, 266.19
1734796630, 54, 68, 76, 2, 0, 0.06%, 10, 0, 9, 272.44
1734796650, 54, 74, 76, 2, 0, 0.06%, 10, 0, 9, 271.35
1734796757, 55, 11, 76, 1, 0, 0.06%, 10, 0, 9, 261.58
1734796762, 55, 13, 76, 1, 0, 0.06%, 10, 0, 9, 260.34
1734796767, 55, 14, 76, 1, 0, 0.06%, 10, 0, 9, 271.14
1734796772, 55, 23, 76, 1, 0, 0.06%, 10, 0, 9, 258.94
1734796777, 55, 24, 76, 1, 0, 0.06%, 10, 0, 9, 262.15
1734796782, 55, 25, 76, 1, 0, 0.06%, 10, 0, 9, 262.54
1734796787, 55, 35, 76, 1, 0, 0.06%, 10, 0, 9, 285.09
1734796792, 55, 65, 76, 1, 0, 0.06%, 10, 0, 9, 290.01
1734796798, 56, 11, 76, 1, 0, 0.06%, 10, 0, 9, 262.60
1734796803, 56, 12, 76, 1, 0, 0.06%, 10, 0, 9, 266.02
1734796808, 56, 14, 76, 1, 0, 0.06%, 10, 0, 9, 267.19
1734796813, 56, 18, 76, 1, 0, 0.06%, 10, 0, 9, 268.97
1734796818, 56, 23, 76, 1, 0, 0.06%, 10, 0, 9, 280.91
1734796823, 56, 24, 76, 1, 0, 0.06%, 10, 0, 9, 270.80
1734796828, 56, 25, 76, 1, 0, 0.06%, 10, 0, 9, 264.77
1734796833, 56, 58, 76, 1, 0, 0.06%, 10, 0, 9, 280.08
1734796838, 57, 11, 76, 1, 0, 0.06%, 10, 0, 9, 260.27
1734796843, 57, 13, 76, 1, 0, 0.06%, 10, 0, 9, 255.48
1734796848, 57, 23, 76, 1, 0, 0.06%, 10, 0, 9, 264.12
1734796853, 57, 24, 76, 1, 0, 0.06%, 10, 0, 9, 269.53
1734796858, 57, 25, 76, 1, 0, 0.06%, 10, 0, 9, 266.13
1734796868, 57, 33, 76, 1, 0, 0.06%, 10, 0, 9, 255.98
1734796873, 57, 65, 76, 1, 0, 0.06%, 10, 0, 9, 281.44
1734796878, 57, 68, 76, 1, 0, 0.06%, 10, 0, 9, 288.14
1734796889, 57, 75, 77, 2, 0, 0.06%, 10, 0, 9, 406.02
1734797031, 57, 76, 77, 1, 0, 0.06%, 10, 0, 9, 315.46
1734797173, 58, 10, 77, 0, 0, 0.06%, 10, 0, 9, 285.68
1734797178, 58, 11, 77, 0, 0, 0.06%, 10, 0, 9, 274.23
1734797183, 58, 13, 77, 0, 0, 0.06%, 10, 0, 9, 268.63
1734797189, 58, 23, 77, 0, 0, 0.06%, 10, 0, 9, 258.56
1734797194, 58, 24, 77, 0, 0, 0.06%, 10, 0, 9, 261.86
1734797199, 58, 25, 77, 0, 0, 0.06%, 10, 0, 9, 261.85
1734797204, 58, 27, 77, 0, 0, 0.06%, 10, 0, 9, 280.29
1734797209, 58, 28, 77, 0, 0, 0.06%, 10, 0, 9, 288.70
1734797214, 58, 33, 77, 0, 0, 0.06%, 10, 0, 9, 276.65
1734797219, 59, 10, 77, 0, 0, 0.06%, 10, 0, 9, 272.16
1734797224, 59, 12, 77, 0, 0, 0.06%, 10, 0, 9, 267.02
1734797229, 59, 14, 77, 0, 0, 0.06%, 10, 0, 9, 258.76
1734797234, 59, 16, 77, 0, 0, 0.06%, 10, 0, 9, 253.06
1734797239, 59, 23, 77, 0, 0, 0.06%, 10, 0, 9, 248.67
1734797244, 59, 74, 78, 1, 1, 0.07%, 11, 0, 9, 287.80
1734797265, 59, 77, 79, 2, 1, 0.07%, 11, 0, 9, 300.74
1734797270, 59, 77, 81, 4, 1, 0.08%, 12, 0, 9, 245.49
1734797352, 59, 79, 81, 3, 2, 0.08%, 12, 0, 9, 287.92
1734797403, 59, 80, 81, 2, 1, 0.08%, 12, 0, 9, 307.54
1734797428, 59, 80, 82, 3, 1, 0.09%, 13, 0, 9, 272.16
1734797464, 59, 81, 83, 3, 1, 0.09%, 14, 0, 9, 288.36
1734797540, 59, 82, 83, 2, 1, 0.09%, 14, 0, 9, 260.08
1734797545, 59, 82, 84, 3, 1, 0.09%, 15, 0, 9, 260.23
1734797596, 59, 82, 85, 4, 1, 0.12%, 16, 0, 9, 243.67
1734797601, 59, 82, 86, 5, 1, 0.13%, 17, 0, 9, 240.72
1734797627, 59, 82, 87, 6, 1, 0.13%, 18, 0, 9, 246.42
1734797708, 59, 84, 91, 9, 3, 0.14%, 21, 0, 10, 356.16
1734797734, 59, 84, 92, 10, 3, 0.14%, 21, 0, 10, 271.33
1734797754, 59, 84, 93, 11, 3, 0.14%, 21, 0, 10, 266.60
1734797760, 59, 84, 94, 12, 3, 0.14%, 21, 0, 10, 275.97
1734797861, 59, 86, 96, 13, 6, 0.14%, 22, 0, 10, 333.58
1734797867, 59, 86, 97, 14, 6, 0.14%, 22, 0, 10, 324.75
1734797872, 59, 86, 99, 16, 6, 0.14%, 23, 0, 10, 267.90
1734797897, 59, 86, 101, 18, 6, 0.14%, 23, 0, 10, 257.11
1734797927, 59, 86, 103, 20, 6, 0.14%, 23, 0, 10, 261.84
1734797937, 59, 86, 104, 21, 6, 0.14%, 23, 0, 10, 262.53
1734798019, 59, 88, 104, 20, 5, 0.14%, 23, 0, 10, 345.32
1734798105, 59, 88, 105, 21, 5, 0.14%, 24, 0, 11, 324.69
1734798110, 59, 89, 107, 22, 5, 0.14%, 24, 0, 11, 335.01
1734798166, 59, 89, 109, 24, 5, 0.14%, 24, 0, 11, 270.23
1734798263, 59, 90, 109, 23, 4, 0.14%, 24, 0, 11, 331.38
1734798273, 59, 90, 110, 24, 4, 0.14%, 24, 0, 11, 284.56
1734798415, 59, 95, 110, 23, 3, 0.14%, 24, 0, 11, 313.03
1734798502, 59, 95, 113, 26, 3, 0.14%, 24, 0, 11, 289.38
1734798517, 59, 101, 113, 25, 2, 0.14%, 24, 0, 11, 306.37
1734798599, 59, 101, 114, 26, 2, 0.14%, 24, 0, 11, 281.95
1734798614, 59, 110, 114, 25, 1, 0.14%, 24, 0, 11, 256.96
1734798634, 59, 110, 115, 26, 1, 0.15%, 25, 0, 12, 170.52
1734798644, 59, 110, 119, 30, 1, 0.16%, 29, 0, 12, 223.60
1734798670, 59, 110, 120, 31, 1, 0.16%, 29, 0, 12, 295.32
1734798690, 59, 110, 121, 32, 1, 0.16%, 29, 0, 12, 299.63
1734798756, 59, 110, 122, 33, 1, 0.16%, 29, 0, 12, 304.74
1734798766, 59, 110, 123, 34, 1, 0.16%, 29, 0, 12, 298.03
1734798802, 59, 114, 123, 33, 5, 0.16%, 29, 0, 12, 235.86
1734798852, 59, 114, 124, 34, 5, 0.16%, 29, 0, 13, 300.91
1734798898, 59, 114, 125, 35, 5, 0.16%, 29, 0, 13, 295.53
1734798928, 59, 114, 126, 36, 5, 0.16%, 29, 0, 13, 294.13
1734798954, 59, 114, 127, 37, 5, 0.16%, 29, 0, 13, 299.28
1734798959, 59, 114, 129, 39, 5, 0.16%, 29, 0, 13, 318.99
1734798984, 59, 115, 129, 38, 4, 0.16%, 29, 0, 13, 231.36
1734799035, 59, 115, 130, 39, 4, 0.16%, 29, 0, 13, 299.91
1734799081, 59, 115, 131, 40, 4, 0.16%, 29, 0, 13, 293.82
1734799086, 59, 115, 132, 41, 4, 0.16%, 29, 0, 13, 298.45
1734799146, 59, 115, 133, 42, 4, 0.16%, 29, 0, 13, 294.04
1734799152, 59, 115, 134, 43, 4, 0.16%, 29, 0, 13, 288.95
1734799172, 59, 116, 134, 42, 4, 0.16%, 29, 0, 13, 234.09
1734799222, 59, 116, 135, 43, 4, 0.16%, 29, 0, 13, 298.66
1734799293, 59, 116, 136, 44, 4, 0.16%, 29, 0, 13, 295.32
1734799339, 59, 116, 137, 45, 4, 0.16%, 29, 0, 13, 292.86
1734799349, 59, 116, 138, 46, 4, 0.16%, 29, 0, 13, 260.69
1734799364, 59, 117, 138, 45, 3, 0.16%, 29, 0, 13, 205.26
1734799410, 59, 117, 139, 46, 3, 0.16%, 29, 0, 13, 308.12
1734799420, 59, 117, 140, 47, 3, 0.16%, 29, 0, 13, 292.86
1734799487, 59, 117, 141, 48, 3, 0.16%, 29, 0, 13, 301.63
1734799527, 59, 117, 142, 49, 3, 0.16%, 29, 0, 13, 272.72
1734799553, 59, 118, 142, 48, 2, 0.16%, 29, 0, 13, 202.63
1734799604, 59, 118, 143, 49, 2, 0.16%, 29, 0, 13, 302.71
1734799614, 59, 118, 145, 51, 2, 0.16%, 29, 0, 13, 291.69
1734799726, 59, 118, 146, 52, 2, 0.16%, 29, 0, 13, 278.02
1734799741, 59, 130, 146, 51, 1, 0.16%, 29, 0, 13, 202.87
1734799787, 59, 130, 147, 52, 1, 0.16%, 29, 0, 14, 303.40
1734799868, 59, 144, 147, 51, 0, 0.16%, 29, 0, 14, 266.01
1734799970, 59, 144, 148, 52, 0, 0.16%, 29, 0, 14, 304.44
1734800097, 59, 147, 148, 51, 0, 0.16%, 29, 0, 14, 256.86
1734800330, 59, 147, 149, 52, 0, 0.16%, 29, 0, 15, 298.48
1734800461, 59, 148, 149, 51, 0, 0.16%, 29, 0, 15, 242.26
1734800816, 59, 148, 150, 52, 0, 0.16%, 29, 0, 16, 295.34
1734800922, 59, 148, 151, 53, 0, 0.16%, 29, 0, 16, 294.77
1734800953, 59, 149, 151, 52, 0, 0.16%, 29, 0, 16, 196.34
1734801962, 59, 149, 152, 53, 0, 0.16%, 29, 0, 17, 299.72
1734801972, 59, 151, 156, 56, 0, 0.18%, 31, 0, 18, 354.94
1734801977, 59, 151, 166, 66, 0, 0.18%, 31, 0, 18, 373.65
1734801987, 59, 151, 167, 67, 0, 0.18%, 31, 0, 18, 303.16
1734802028, 59, 151, 168, 68, 0, 0.18%, 31, 0, 18, 286.44
1734802124, 59, 158, 171, 70, 2, 0.19%, 33, 0, 19, 299.69
1734802129, 59, 158, 174, 73, 2, 0.20%, 36, 0, 19, 346.03
1734802216, 59, 158, 175, 74, 2, 0.20%, 36, 0, 19, 305.06
1734802221, 59, 160, 175, 73, 6, 0.20%, 36, 0, 19, 314.16
1734802262, 59, 160, 176, 74, 6, 0.20%, 36, 0, 19, 284.65
1734802374, 59, 168, 176, 73, 5, 0.20%, 36, 0, 19, 302.37
1734802470, 59, 169, 176, 72, 4, 0.20%, 36, 0, 19, 310.58
1734802526, 59, 169, 177, 73, 4, 0.20%, 36, 0, 20, 289.79
1734802552, 59, 169, 178, 74, 4, 0.20%, 36, 0, 20, 282.22
1734802572, 59, 169, 179, 75, 4, 0.20%, 36, 0, 20, 282.52
1734802623, 59, 171, 179, 74, 3, 0.20%, 36, 0, 20, 324.97
1734802648, 59, 171, 180, 75, 3, 0.20%, 36, 0, 20, 282.08
1734802653, 59, 171, 181, 76, 3, 0.20%, 36, 0, 20, 279.40
1734802775, 59, 172, 181, 75, 2, 0.20%, 36, 0, 20, 330.09
1734802791, 59, 172, 182, 76, 2, 0.20%, 36, 0, 20, 311.81
1734802929, 59, 173, 182, 75, 1, 0.20%, 36, 0, 20, 375.93
1734803020, 60, 10, 182, 74, 0, 0.20%, 36, 0, 20, 316.47
1734803025, 60, 12, 182, 74, 0, 0.20%, 36, 0, 20, 277.24
1734803030, 60, 14, 182, 74, 0, 0.20%, 36, 0, 20, 268.01
1734803035, 60, 18, 182, 74, 0, 0.20%, 36, 0, 20, 274.55
1734803040, 60, 20, 182, 74, 0, 0.20%, 36, 0, 20, 281.74
1734803045, 60, 25, 182, 74, 0, 0.20%, 36, 0, 20, 276.74
1734803050, 60, 37, 182, 74, 0, 0.20%, 36, 0, 20, 282.12
1734803055, 60, 79, 182, 74, 0, 0.20%, 36, 0, 20, 268.85
1734803065, 60, 82, 182, 74, 0, 0.20%, 36, 0, 20, 265.83
1734803101, 60, 83, 182, 74, 0, 0.20%, 36, 0, 20, 337.77
1734803167, 60, 85, 182, 73, 0, 0.20%, 36, 0, 20, 277.44
1734803253, 60, 86, 182, 72, 0, 0.20%, 36, 0, 20, 281.05
1734803284, 60, 87, 182, 72, 0, 0.20%, 36, 0, 20, 310.79
1734803370, 60, 87, 183, 73, 0, 0.20%, 36, 0, 20, 315.11
1734803375, 60, 88, 183, 72, 0, 0.20%, 36, 0, 20, 303.69
1734803415, 60, 88, 184, 73, 0, 0.20%, 36, 0, 20, 351.74
1734803420, 60, 89, 184, 73, 0, 0.20%, 36, 0, 20, 290.37
1734803446, 60, 89, 185, 74, 0, 0.20%, 36, 0, 20, 308.11
1734803461, 60, 90, 185, 74, 0, 0.20%, 36, 0, 20, 285.86
1734803487, 60, 91, 185, 74, 0, 0.20%, 36, 0, 20, 314.23
1734803578, 60, 93, 185, 73, 0, 0.20%, 36, 0, 20, 357.00
1734803675, 60, 95, 185, 72, 0, 0.20%, 36, 0, 20, 300.47
1734803705, 60, 99, 185, 72, 0, 0.20%, 36, 0, 20, 208.28
1734803837, 60, 101, 185, 71, 0, 0.20%, 36, 0, 20, 279.30
1734803867, 60, 103, 185, 71, 0, 0.20%, 36, 0, 20, 342.68
1734803903, 60, 103, 186, 72, 0, 0.20%, 36, 0, 20, 276.36
1734803969, 60, 103, 187, 73, 0, 0.20%, 36, 0, 20, 320.11
1734803984, 60, 111, 187, 72, 1, 0.20%, 36, 0, 20, 256.05
1734804166, 60, 185, 187, 71, 1, 0.20%, 36, 0, 20, 366.84
1734804176, 60, 185, 188, 72, 1, 0.20%, 36, 0, 20, 323.82
1734804238, 61, 10, 188, 71, 0, 0.20%, 36, 0, 20, 300.44
1734804243, 61, 12, 188, 71, 0, 0.20%, 36, 0, 20, 285.48
1734804248, 61, 13, 188, 71, 0, 0.20%, 36, 0, 20, 263.16
1734804253, 61, 18, 188, 71, 0, 0.20%, 36, 0, 20, 271.09
1734804258, 61, 25, 188, 71, 0, 0.20%, 36, 0, 20, 269.57
1734804263, 61, 32, 188, 71, 0, 0.20%, 36, 0, 20, 283.87
1734804268, 61, 79, 188, 71, 0, 0.20%, 36, 0, 20, 279.08
1734804278, 61, 82, 188, 71, 0, 0.20%, 36, 0, 20, 280.66
1734804313, 61, 86, 188, 71, 0, 0.20%, 36, 0, 20, 265.64
1734804344, 61, 88, 188, 71, 0, 0.20%, 36, 0, 20, 279.17
1734804385, 61, 89, 188, 71, 0, 0.20%, 36, 0, 20, 284.33
1734804426, 61, 90, 188, 71, 0, 0.20%, 36, 0, 20, 279.93
1734804456, 61, 97, 188, 71, 0, 0.20%, 36, 0, 20, 255.46
1734804730, 61, 99, 188, 70, 0, 0.20%, 36, 0, 20, 276.15
1734804760, 61, 101, 188, 70, 0, 0.20%, 36, 0, 20, 268.59
1734804791, 61, 102, 188, 70, 0, 0.20%, 36, 0, 20, 360.51
1734804862, 61, 104, 188, 69, 0, 0.20%, 36, 0, 20, 246.51
1734805014, 61, 108, 188, 68, 0, 0.20%, 36, 0, 20, 396.07
1734805100, 61, 110, 188, 67, 0, 0.20%, 36, 0, 20, 291.59
1734805130, 61, 114, 188, 67, 0, 0.20%, 36, 0, 20, 285.61
1734805161, 61, 116, 188, 67, 0, 0.20%, 36, 0, 20, 294.59
1734805191, 61, 117, 188, 67, 0, 0.20%, 36, 0, 20, 298.54
1734805222, 61, 118, 188, 67, 0, 0.20%, 36, 0, 20, 302.64
1734805252, 61, 120, 188, 67, 0, 0.20%, 36, 0, 20, 257.16
1734805359, 61, 127, 188, 66, 0, 0.20%, 36, 0, 20, 282.87
1734805501, 61, 129, 188, 65, 0, 0.20%, 36, 0, 20, 276.85
1734805623, 61, 130, 188, 64, 0, 0.20%, 36, 0, 20, 299.84
1734805654, 61, 135, 188, 64, 0, 0.20%, 36, 0, 20, 212.21
1734805765, 61, 135, 189, 65, 0, 0.20%, 36, 0, 20, 305.65
1734805841, 61, 136, 189, 64, 0, 0.20%, 36, 0, 20, 212.24
1734805943, 61, 136, 190, 65, 0, 0.20%, 36, 0, 20, 307.17
1734806038, 61, 137, 190, 64, 0, 0.20%, 36, 0, 20, 227.07
1734806236, 61, 145, 190, 63, 0, 0.20%, 36, 0, 20, 231.32
1734806439, 61, 145, 191, 64, 0, 0.20%, 36, 0, 20, 268.98
1734806536, 61, 156, 191, 63, 0, 0.20%, 36, 0, 20, 375.22
1734806627, 61, 158, 191, 62, 0, 0.20%, 36, 0, 20, 268.41
1734806669, 61, 159, 191, 62, 0, 0.20%, 36, 0, 20, 301.90
1734806770, 61, 160, 191, 61, 0, 0.20%, 36, 0, 20, 289.75
1734806811, 61, 161, 191, 61, 0, 0.20%, 36, 0, 20, 360.38
1734806837, 61, 161, 192, 62, 0, 0.20%, 36, 0, 20, 284.85
1734806964, 61, 164, 192, 61, 0, 0.20%, 36, 0, 20, 399.86
1734806979, 61, 164, 193, 62, 0, 0.20%, 36, 0, 20, 292.25
1734807112, 61, 168, 193, 61, 0, 0.20%, 36, 0, 20, 280.75
1734807152, 61, 169, 193, 61, 0, 0.20%, 36, 0, 20, 313.08
1734807193, 61, 171, 193, 61, 0, 0.20%, 36, 0, 20, 306.32
1734807233, 61, 172, 193, 61, 0, 0.20%, 36, 0, 20, 292.19
1734807249, 61, 172, 194, 62, 0, 0.20%, 36, 0, 20, 289.57
1734807274, 61, 173, 194, 62, 0, 0.20%, 36, 0, 20, 294.97
1734807310, 61, 176, 194, 62, 0, 0.20%, 36, 0, 20, 299.91
1734807351, 61, 176, 196, 64, 0, 0.20%, 36, 0, 21, 293.62
1734807392, 61, 176, 197, 65, 0, 0.20%, 36, 0, 21, 298.60
1734807468, 61, 178, 197, 64, 0, 0.20%, 36, 0, 21, 301.05
1734807473, 61, 178, 198, 65, 0, 0.20%, 36, 0, 21, 396.69
1734807504, 61, 178, 199, 66, 0, 0.20%, 36, 0, 21, 296.31
