# unix_time, cycles_done, cur_path, paths_total, pending_total, pending_favs, map_size, unique_crashes, unique_hangs, max_depth, execs_per_sec
1733560570, 0, 0, 10, 10, 1, 0.00%, 0, 0, 1, 143.88
1733560575, 0, 4, 10, 10, 1, 0.00%, 0, 0, 1, 179.54
1733560580, 0, 5, 10, 9, 0, 0.00%, 0, 0, 1, 167.83
1733560590, 0, 6, 10, 8, 0, 0.00%, 0, 0, 1, 183.68
1733560595, 0, 7, 10, 7, 0, 0.00%, 0, 0, 1, 179.12
1733560605, 0, 8, 10, 6, 0, 0.00%, 0, 0, 1, 165.89
1733560615, 0, 9, 10, 5, 0, 0.00%, 0, 0, 1, 184.18
1733560620, 1, 0, 10, 4, 0, 0.00%, 0, 0, 1, 173.97
1733560631, 1, 1, 10, 3, 0, 0.00%, 0, 0, 1, 182.27
1733560646, 1, 2, 10, 2, 0, 0.00%, 0, 0, 1, 183.73
1733560656, 1, 3, 10, 1, 0, 0.00%, 0, 0, 1, 182.47
1733560666, 1, 4, 10, 0, 0, 0.00%, 0, 0, 1, 183.92
1733560672, 1, 5, 10, 0, 0, 0.00%, 0, 0, 1, 186.72
1733560677, 1, 7, 10, 0, 0, 0.00%, 0, 0, 1, 183.12
1733560682, 1, 8, 10, 0, 0, 0.00%, 0, 0, 1, 180.56
1733560687, 1, 9, 10, 0, 0, 0.00%, 0, 0, 1, 180.37
1733560692, 2, 0, 10, 0, 0, 0.00%, 0, 0, 1, 180.11
1733560697, 2, 2, 10, 0, 0, 0.00%, 0, 0, 1, 178.84
1733560702, 2, 3, 10, 0, 0, 0.00%, 0, 0, 1, 181.51
1733560707, 2, 4, 10, 0, 0, 0.00%, 0, 0, 1, 180.87
1733560712, 2, 5, 10, 0, 0, 0.00%, 0, 0, 1, 184.03
1733560718, 2, 7, 10, 0, 0, 0.00%, 0, 0, 1, 181.59
1733560723, 2, 8, 10, 0, 0, 0.00%, 0, 0, 1, 181.34
1733560728, 2, 9, 10, 0, 0, 0.00%, 0, 0, 1, 183.69
1733560733, 3, 0, 10, 0, 0, 0.00%, 0, 0, 1, 181.34
1733560738, 3, 2, 10, 0, 0, 0.00%, 0, 0, 1, 180.31
1733560743, 3, 3, 10, 0, 0, 0.00%, 0, 0, 1, 181.73
1733560748, 3, 4, 10, 0, 0, 0.00%, 0, 0, 1, 180.26
1733560753, 3, 5, 10, 0, 0, 0.00%, 0, 0, 1, 182.08
1733560758, 3, 7, 10, 0, 0, 0.00%, 0, 0, 1, 182.07
1733560764, 3, 8, 10, 0, 0, 0.00%, 0, 0, 1, 185.29
1733560769, 3, 9, 10, 0, 0, 0.00%, 0, 0, 1, 182.11
1733560774, 4, 1, 10, 0, 0, 0.00%, 0, 0, 1, 185.62
1733560779, 4, 2, 10, 0, 0, 0.00%, 0, 0, 1, 184.18
1733560784, 4, 3, 10, 0, 0, 0.00%, 0, 0, 1, 184.80
1733560789, 4, 4, 10, 0, 0, 0.00%, 0, 0, 1, 180.51
1733560794, 4, 6, 10, 0, 0, 0.00%, 0, 0, 1, 181.70
1733560799, 4, 7, 10, 0, 0, 0.00%, 0, 0, 1, 184.96
1733560804, 4, 8, 10, 0, 0, 0.00%, 0, 0, 1, 182.85
1733560809, 4, 9, 10, 0, 0, 0.00%, 0, 0, 1, 183.68
1733560815, 5, 1, 10, 0, 0, 0.00%, 0, 0, 1, 179.26
1733560820, 5, 2, 10, 0, 0, 0.00%, 0, 0, 1, 180.64
1733560825, 5, 3, 10, 0, 0, 0.00%, 0, 0, 1, 178.86
1733560830, 5, 5, 10, 0, 0, 0.00%, 0, 0, 1, 181.70
1733560835, 5, 6, 10, 0, 0, 0.00%, 0, 0, 1, 181.69
1733560840, 5, 7, 10, 0, 0, 0.00%, 0, 0, 1, 184.19
1733560846, 5, 8, 10, 0, 0, 0.00%, 0, 0, 1, 180.14
1733560851, 6, 0, 10, 0, 0, 0.00%, 0, 0, 1, 178.81
1733560856, 6, 1, 10, 0, 0, 0.00%, 0, 0, 1, 180.56
1733560861, 6, 2, 10, 0, 0, 0.00%, 0, 0, 1, 177.82
1733560866, 6, 3, 10, 0, 0, 0.00%, 0, 0, 1, 182.25
1733560871, 6, 5, 10, 0, 0, 0.00%, 0, 0, 1, 177.53
1733560876, 6, 6, 10, 0, 0, 0.00%, 0, 0, 1, 180.48
1733560882, 6, 7, 10, 0, 0, 0.00%, 0, 0, 1, 182.70
1733560887, 6, 8, 10, 0, 0, 0.00%, 0, 0, 1, 186.05
1733560892, 7, 0, 10, 0, 0, 0.00%, 0, 0, 1, 181.79
1733560897, 7, 1, 10, 0, 0, 0.00%, 0, 0, 1, 182.27
1733560902, 7, 2, 10, 0, 0, 0.00%, 0, 0, 1, 182.04
1733560907, 7, 4, 10, 0, 0, 0.00%, 0, 0, 1, 183.53
1733560912, 7, 5, 10, 0, 0, 0.00%, 0, 0, 1, 183.39
1733560917, 7, 6, 10, 0, 0, 0.00%, 0, 0, 1, 184.63
1733560923, 7, 7, 10, 0, 0, 0.00%, 0, 0, 1, 179.99
1733560928, 7, 9, 10, 0, 0, 0.00%, 0, 0, 1, 182.46
1733560933, 8, 0, 10, 0, 0, 0.00%, 0, 0, 1, 181.09
1733560938, 8, 1, 10, 0, 0, 0.00%, 0, 0, 1, 186.17
1733560943, 8, 2, 10, 0, 0, 0.00%, 0, 0, 1, 178.26
1733560949, 8, 4, 10, 0, 0, 0.00%, 0, 0, 1, 182.24
1733560954, 8, 5, 10, 0, 0, 0.00%, 0, 0, 1, 179.24
1733560959, 8, 6, 10, 0, 0, 0.00%, 0, 0, 1, 181.69
1733560964, 8, 8, 10, 0, 0, 0.00%, 0, 0, 1, 180.81
1733560969, 8, 9, 10, 0, 0, 0.00%, 0, 0, 1, 179.83
1733560974, 9, 0, 10, 0, 0, 0.00%, 0, 0, 1, 178.79
1733560979, 9, 1, 10, 0, 0, 0.00%, 0, 0, 1, 176.92
1733560985, 9, 3, 10, 0, 0, 0.00%, 0, 0, 1, 182.61
1733560990, 9, 4, 10, 0, 0, 0.00%, 0, 0, 1, 181.71
1733560995, 9, 5, 10, 0, 0, 0.00%, 0, 0, 1, 180.02
1733561000, 9, 6, 10, 0, 0, 0.00%, 0, 0, 1, 183.88
1733561005, 9, 8, 10, 0, 0, 0.00%, 0, 0, 1, 183.10
1733561010, 9, 9, 10, 0, 0, 0.00%, 0, 0, 1, 180.88
1733561015, 10, 0, 10, 0, 0, 0.00%, 0, 0, 1, 181.88
1733561020, 10, 1, 10, 0, 0, 0.00%, 0, 0, 1, 180.10
1733561025, 10, 3, 10, 0, 0, 0.00%, 0, 0, 1, 184.03
1733561030, 10, 4, 10, 0, 0, 0.00%, 0, 0, 1, 181.53
1733561036, 10, 5, 10, 0, 0, 0.00%, 0, 0, 1, 185.26
1733561041, 10, 7, 10, 0, 0, 0.00%, 0, 0, 1, 180.40
1733561046, 10, 8, 10, 0, 0, 0.00%, 0, 0, 1, 181.07
1733561051, 10, 9, 10, 0, 0, 0.00%, 0, 0, 1, 180.43
1733561056, 11, 0, 10, 0, 0, 0.00%, 0, 0, 1, 182.42
1733561061, 11, 2, 10, 0, 0, 0.00%, 0, 0, 1, 182.88
1733561066, 11, 3, 10, 0, 0, 0.00%, 0, 0, 1, 185.37
1733561072, 11, 4, 10, 0, 0, 0.00%, 0, 0, 1, 183.50
1733561077, 11, 5, 10, 0, 0, 0.00%, 0, 0, 1, 181.73
1733561082, 11, 10, 11, 1, 1, 0.05%, 1, 0, 2, 205.35
1733561087, 11, 10, 12, 2, 1, 0.05%, 2, 0, 3, 200.24
1733561164, 11, 10, 13, 3, 1, 0.05%, 3, 0, 3, 193.25
1733561174, 11, 10, 15, 5, 1, 0.05%, 3, 0, 3, 227.17
1733561185, 11, 11, 19, 8, 2, 0.06%, 6, 0, 4, 221.20
1733561200, 11, 11, 20, 9, 2, 0.06%, 6, 0, 4, 206.43
1733561215, 11, 11, 21, 10, 2, 0.06%, 6, 0, 4, 208.98
1733561220, 11, 11, 22, 11, 2, 0.06%, 6, 0, 4, 207.41
1733561311, 11, 11, 23, 12, 2, 0.06%, 7, 0, 4, 208.10
1733561316, 11, 11, 24, 13, 2, 0.06%, 7, 0, 4, 202.86
1733561346, 11, 11, 25, 14, 2, 0.06%, 7, 0, 4, 232.46
1733561351, 11, 11, 26, 15, 2, 0.06%, 8, 0, 4, 202.75
1733561361, 11, 15, 27, 15, 7, 0.06%, 9, 0, 4, 234.57
1733561387, 11, 15, 28, 16, 7, 0.06%, 9, 0, 5, 205.34
1733561438, 11, 15, 29, 17, 7, 0.06%, 9, 0, 5, 204.90
1733561478, 11, 15, 30, 18, 7, 0.06%, 9, 0, 5, 205.19
1733561493, 11, 15, 31, 19, 7, 0.06%, 9, 0, 5, 209.40
1733561498, 11, 15, 35, 23, 7, 0.06%, 9, 0, 5, 260.70
1733561504, 11, 15, 36, 24, 7, 0.06%, 9, 0, 5, 214.04
1733561514, 11, 16, 36, 23, 6, 0.06%, 9, 0, 5, 233.05
1733561524, 11, 16, 37, 24, 6, 0.06%, 9, 0, 5, 206.44
1733561640, 11, 16, 39, 26, 6, 0.06%, 9, 0, 5, 224.28
1733561645, 11, 16, 40, 27, 6, 0.06%, 9, 0, 5, 268.51
1733561650, 11, 16, 41, 28, 6, 0.06%, 9, 0, 5, 233.28
1733561655, 11, 16, 42, 29, 6, 0.06%, 9, 0, 5, 216.95
1733561660, 11, 16, 45, 32, 6, 0.06%, 9, 0, 5, 238.78
1733561666, 11, 17, 45, 31, 5, 0.06%, 9, 0, 5, 224.53
1733561711, 11, 17, 46, 32, 5, 0.06%, 9, 0, 5, 239.26
1733561721, 11, 19, 46, 31, 4, 0.06%, 9, 0, 5, 238.47
1733561777, 11, 22, 46, 30, 3, 0.06%, 9, 0, 5, 279.58
1733561798, 11, 22, 47, 31, 3, 0.06%, 9, 0, 5, 208.53
1733561808, 11, 22, 48, 32, 3, 0.06%, 9, 0, 5, 212.37
1733561818, 11, 22, 49, 33, 3, 0.06%, 9, 0, 5, 213.64
1733561879, 11, 22, 50, 34, 3, 0.06%, 9, 0, 5, 212.55
1733561935, 11, 22, 51, 35, 3, 0.06%, 9, 0, 5, 260.62
1733561950, 11, 25, 51, 34, 2, 0.06%, 9, 0, 5, 252.06
1733561965, 11, 25, 52, 35, 2, 0.06%, 9, 0, 5, 204.75
1733561996, 11, 25, 53, 36, 2, 0.06%, 9, 0, 5, 211.75
1733562127, 11, 26, 53, 35, 1, 0.06%, 9, 0, 5, 228.61
1733562132, 11, 26, 54, 36, 1, 0.06%, 9, 0, 5, 213.71
1733562208, 11, 26, 55, 37, 1, 0.06%, 9, 0, 5, 232.76
1733562223, 11, 30, 55, 36, 0, 0.06%, 9, 0, 5, 362.82
1733562279, 11, 30, 56, 37, 0, 0.06%, 9, 0, 6, 259.79
1733562314, 11, 30, 57, 38, 0, 0.06%, 9, 0, 6, 259.44
1733562405, 11, 32, 57, 37, 0, 0.06%, 9, 0, 6, 269.06
1733562451, 11, 32, 58, 38, 0, 0.06%, 9, 0, 6, 241.32
1733562467, 11, 38, 58, 37, 0, 0.06%, 9, 0, 6, 279.54
1733562482, 11, 38, 59, 38, 0, 0.06%, 9, 0, 6, 234.44
1733562558, 11, 53, 59, 37, 0, 0.06%, 9, 0, 6, 229.08
1733562568, 11, 53, 60, 38, 0, 0.06%, 9, 0, 6, 215.28
1733562654, 11, 55, 60, 37, 0, 0.06%, 9, 0, 6, 240.88
1733562670, 11, 55, 62, 39, 0, 0.06%, 9, 0, 7, 252.99
1733562685, 11, 55, 63, 40, 0, 0.06%, 9, 0, 7, 252.25
1733562721, 11, 55, 64, 41, 0, 0.06%, 9, 0, 7, 250.52
1733562786, 11, 55, 65, 42, 0, 0.06%, 9, 0, 7, 251.74
1733562817, 11, 59, 65, 41, 0, 0.06%, 9, 0, 7, 295.52
1733562822, 11, 59, 66, 42, 0, 0.06%, 9, 0, 7, 233.08
1733562908, 11, 64, 66, 41, 0, 0.06%, 9, 0, 7, 319.44
1733563030, 12, 11, 66, 40, 0, 0.06%, 9, 0, 7, 250.55
1733563040, 12, 14, 66, 40, 0, 0.06%, 9, 0, 7, 293.16
1733563070, 12, 15, 66, 39, 0, 0.06%, 9, 0, 7, 231.38
1733563091, 12, 16, 66, 39, 0, 0.06%, 9, 0, 7, 239.61
1733563111, 12, 17, 66, 39, 0, 0.06%, 9, 0, 7, 250.76
1733563136, 12, 19, 66, 39, 0, 0.06%, 9, 0, 7, 250.28
1733563157, 12, 21, 66, 39, 0, 0.06%, 9, 0, 7, 329.29
1733563218, 12, 22, 66, 38, 0, 0.06%, 9, 0, 7, 238.36
1733563238, 12, 25, 66, 38, 0, 0.06%, 9, 0, 7, 245.42
1733563263, 12, 26, 66, 38, 0, 0.06%, 9, 0, 7, 240.40
1733563289, 12, 35, 66, 38, 0, 0.06%, 9, 0, 7, 372.71
1733563350, 12, 39, 66, 37, 0, 0.06%, 9, 0, 7, 322.80
1733563472, 12, 44, 66, 36, 0, 0.06%, 9, 0, 7, 247.60
1733563528, 12, 47, 66, 35, 0, 0.06%, 9, 0, 7, 337.72
1733563711, 12, 48, 66, 34, 0, 0.06%, 9, 0, 7, 240.01
1733564025, 12, 48, 67, 35, 0, 0.06%, 9, 0, 7, 350.59
1733564081, 12, 49, 67, 34, 0, 0.06%, 9, 0, 7, 390.85
1733564132, 12, 50, 67, 33, 0, 0.06%, 9, 0, 7, 259.51
1733564406, 12, 57, 67, 32, 0, 0.06%, 9, 0, 7, 381.38
1733564528, 13, 4, 67, 31, 0, 0.06%, 9, 0, 7, 258.38
1733564533, 13, 10, 67, 31, 0, 0.06%, 9, 0, 7, 224.18
1733564543, 13, 11, 67, 31, 0, 0.06%, 9, 0, 7, 249.20
1733564548, 13, 15, 67, 31, 0, 0.06%, 9, 0, 7, 244.06
1733564558, 13, 16, 67, 31, 0, 0.06%, 9, 0, 7, 235.48
1733564568, 13, 17, 67, 31, 0, 0.06%, 9, 0, 7, 252.54
1733564579, 13, 18, 67, 31, 0, 0.06%, 9, 0, 7, 226.52
1733564625, 13, 18, 69, 33, 0, 0.06%, 9, 0, 7, 419.93
1733564874, 13, 19, 69, 32, 0, 0.06%, 9, 0, 7, 231.71
1733564884, 13, 22, 69, 32, 0, 0.06%, 9, 0, 7, 248.04
1733564899, 13, 24, 69, 32, 0, 0.06%, 9, 0, 7, 273.08
1733564945, 13, 25, 69, 31, 0, 0.06%, 9, 0, 7, 263.02
1733564955, 13, 26, 69, 31, 0, 0.06%, 9, 0, 7, 273.81
1733564971, 13, 29, 69, 31, 0, 0.06%, 9, 0, 7, 335.21
1733565129, 13, 33, 69, 30, 0, 0.06%, 9, 0, 7, 355.42
1733565175, 13, 33, 70, 31, 0, 0.06%, 9, 0, 7, 259.90
1733565180, 13, 33, 71, 32, 0, 0.06%, 9, 0, 7, 265.47
1733565185, 13, 34, 71, 31, 0, 0.06%, 9, 0, 7, 242.79
1733565480, 13, 41, 71, 30, 0, 0.06%, 9, 0, 7, 344.76
1733565672, 13, 45, 71, 29, 0, 0.06%, 9, 0, 7, 299.27
1733565794, 13, 47, 71, 28, 0, 0.06%, 9, 0, 7, 282.44
1733565814, 13, 57, 71, 28, 0, 0.06%, 9, 0, 7, 277.13
1733565834, 13, 61, 71, 28, 0, 0.06%, 9, 0, 7, 270.80
1733566226, 13, 61, 72, 29, 0, 0.06%, 9, 0, 8, 372.89
1733566231, 13, 61, 73, 30, 0, 0.06%, 9, 0, 8, 376.96
1733566313, 13, 62, 73, 29, 0, 0.06%, 9, 0, 8, 217.67
