# unix_time, cycles_done, cur_path, paths_total, pending_total, pending_favs, map_size, unique_crashes, unique_hangs, max_depth, execs_per_sec
1733596570, 0, 0, 10, 10, 1, 0.00%, 0, 0, 1, 152.09
1733596575, 0, 4, 10, 10, 1, 0.00%, 0, 0, 1, 186.18
1733596580, 0, 5, 10, 9, 0, 0.00%, 0, 0, 1, 172.87
1733596590, 0, 6, 10, 8, 0, 0.00%, 0, 0, 1, 187.64
1733596595, 0, 7, 10, 7, 0, 0.00%, 0, 0, 1, 177.29
1733596605, 0, 8, 10, 6, 0, 0.00%, 0, 0, 1, 190.90
1733596610, 0, 9, 10, 5, 0, 0.00%, 0, 0, 1, 185.35
1733596621, 1, 0, 10, 4, 0, 0.00%, 0, 0, 1, 192.89
1733596631, 1, 1, 10, 3, 0, 0.00%, 0, 0, 1, 179.46
1733596641, 1, 2, 10, 2, 0, 0.00%, 0, 0, 1, 174.74
1733596651, 1, 3, 10, 1, 0, 0.00%, 0, 0, 1, 174.63
1733596661, 1, 4, 10, 0, 0, 0.00%, 0, 0, 1, 185.88
1733596667, 1, 5, 10, 0, 0, 0.00%, 0, 0, 1, 185.01
1733596672, 1, 6, 10, 0, 0, 0.00%, 0, 0, 1, 188.08
1733596677, 1, 8, 10, 0, 0, 0.00%, 0, 0, 1, 185.80
1733596682, 1, 9, 10, 0, 0, 0.00%, 0, 0, 1, 190.90
1733596687, 2, 0, 10, 0, 0, 0.00%, 0, 0, 1, 188.14
1733596692, 2, 2, 10, 0, 0, 0.00%, 0, 0, 1, 184.55
1733596698, 2, 3, 10, 0, 0, 0.00%, 0, 0, 1, 187.68
1733596703, 2, 4, 10, 0, 0, 0.00%, 0, 0, 1, 183.51
1733596708, 2, 6, 10, 0, 0, 0.00%, 0, 0, 1, 186.88
1733596713, 2, 7, 10, 0, 0, 0.00%, 0, 0, 1, 188.98
1733596718, 2, 8, 10, 0, 0, 0.00%, 0, 0, 1, 190.64
1733596724, 2, 9, 10, 0, 0, 0.00%, 0, 0, 1, 186.38
1733596729, 3, 1, 10, 0, 0, 0.00%, 0, 0, 1, 191.22
1733596734, 3, 2, 10, 0, 0, 0.00%, 0, 0, 1, 189.94
1733596739, 3, 3, 10, 0, 0, 0.00%, 0, 0, 1, 186.47
1733596744, 3, 5, 10, 0, 0, 0.00%, 0, 0, 1, 190.42
1733596749, 3, 6, 10, 0, 0, 0.00%, 0, 0, 1, 187.74
1733596755, 3, 7, 10, 0, 0, 0.00%, 0, 0, 1, 188.04
1733596760, 3, 9, 10, 0, 0, 0.00%, 0, 0, 1, 190.61
1733596765, 4, 0, 10, 0, 0, 0.00%, 0, 0, 1, 186.76
1733596770, 4, 1, 10, 0, 0, 0.00%, 0, 0, 1, 184.43
1733596775, 4, 3, 10, 0, 0, 0.00%, 0, 0, 1, 184.99
1733596781, 4, 4, 10, 0, 0, 0.00%, 0, 0, 1, 190.47
1733596786, 4, 5, 10, 0, 0, 0.00%, 0, 0, 1, 186.05
1733596791, 4, 7, 10, 0, 0, 0.00%, 0, 0, 1, 186.98
1733596796, 4, 8, 10, 0, 0, 0.00%, 0, 0, 1, 188.93
1733596801, 4, 9, 10, 0, 0, 0.00%, 0, 0, 1, 187.80
1733596806, 5, 1, 10, 0, 0, 0.00%, 0, 0, 1, 188.02
1733596812, 5, 2, 10, 0, 0, 0.00%, 0, 0, 1, 188.07
1733596817, 5, 3, 10, 0, 0, 0.00%, 0, 0, 1, 184.86
1733596822, 5, 5, 10, 0, 0, 0.00%, 0, 0, 1, 186.91
1733596827, 5, 6, 10, 0, 0, 0.00%, 0, 0, 1, 188.25
1733596832, 5, 7, 10, 0, 0, 0.00%, 0, 0, 1, 189.74
1733596837, 5, 8, 10, 0, 0, 0.00%, 0, 0, 1, 185.29
1733596842, 6, 0, 10, 0, 0, 0.00%, 0, 0, 1, 184.30
1733596848, 6, 1, 10, 0, 0, 0.00%, 0, 0, 1, 182.31
1733596853, 6, 2, 10, 0, 0, 0.00%, 0, 0, 1, 186.35
1733596858, 6, 4, 10, 0, 0, 0.00%, 0, 0, 1, 185.11
1733596863, 6, 5, 10, 0, 0, 0.00%, 0, 0, 1, 188.53
1733596868, 6, 6, 10, 0, 0, 0.00%, 0, 0, 1, 189.93
1733596873, 6, 8, 10, 0, 0, 0.00%, 0, 0, 1, 189.22
1733596878, 6, 9, 10, 0, 0, 0.00%, 0, 0, 1, 187.95
1733596884, 7, 0, 10, 0, 0, 0.00%, 0, 0, 1, 188.85
1733596889, 7, 2, 10, 0, 0, 0.00%, 0, 0, 1, 191.01
1733596894, 7, 3, 10, 0, 0, 0.00%, 0, 0, 1, 188.84
1733596899, 7, 4, 10, 0, 0, 0.00%, 0, 0, 1, 187.71
1733596904, 7, 5, 10, 0, 0, 0.00%, 0, 0, 1, 187.71
1733596909, 7, 7, 10, 0, 0, 0.00%, 0, 0, 1, 185.15
1733596914, 7, 8, 10, 0, 0, 0.00%, 0, 0, 1, 187.30
1733596920, 7, 9, 10, 0, 0, 0.00%, 0, 0, 1, 183.13
1733596925, 8, 1, 10, 0, 0, 0.00%, 0, 0, 1, 185.57
1733596930, 8, 10, 15, 5, 1, 0.06%, 5, 0, 3, 219.23
1733596960, 8, 10, 16, 6, 1, 0.06%, 6, 0, 3, 207.82
1733597073, 8, 11, 16, 5, 5, 0.06%, 6, 0, 3, 225.07
1733597078, 8, 11, 17, 6, 5, 0.06%, 6, 0, 4, 210.75
1733597113, 8, 11, 18, 7, 5, 0.06%, 6, 0, 4, 204.87
1733597133, 8, 11, 19, 8, 5, 0.06%, 6, 0, 4, 202.14
1733597138, 8, 11, 20, 9, 5, 0.06%, 6, 0, 4, 202.51
1733597143, 8, 11, 21, 10, 5, 0.06%, 6, 0, 4, 204.51
1733597184, 8, 11, 22, 11, 5, 0.06%, 7, 0, 4, 212.14
1733597249, 8, 12, 22, 10, 5, 0.06%, 7, 0, 4, 218.27
1733597280, 8, 12, 23, 11, 5, 0.06%, 7, 0, 4, 227.47
1733597285, 8, 12, 24, 12, 5, 0.06%, 8, 0, 4, 232.93
1733597290, 8, 13, 24, 11, 5, 0.06%, 8, 0, 4, 243.70
1733597300, 8, 13, 25, 12, 5, 0.06%, 8, 0, 4, 216.47
1733597315, 8, 13, 26, 13, 5, 0.06%, 8, 0, 4, 213.45
1733597417, 8, 14, 26, 12, 4, 0.06%, 8, 0, 4, 232.36
1733597437, 8, 14, 27, 13, 4, 0.06%, 8, 0, 4, 211.15
1733597467, 8, 14, 28, 14, 4, 0.06%, 8, 0, 4, 213.62
1733597493, 8, 14, 29, 15, 4, 0.06%, 8, 0, 4, 211.44
1733597528, 8, 14, 30, 16, 4, 0.06%, 9, 0, 4, 212.58
1733597538, 8, 14, 34, 20, 4, 0.06%, 9, 0, 4, 265.81
1733597543, 8, 14, 36, 22, 4, 0.06%, 9, 0, 4, 267.51
1733597548, 8, 15, 38, 23, 4, 0.06%, 9, 0, 4, 262.73
1733597564, 8, 15, 39, 24, 4, 0.06%, 9, 0, 4, 206.88
1733597574, 8, 15, 41, 26, 4, 0.06%, 9, 0, 4, 211.16
1733597671, 8, 15, 42, 27, 4, 0.06%, 9, 0, 4, 201.38
1733597676, 8, 15, 43, 28, 4, 0.06%, 9, 0, 4, 239.99
1733597681, 8, 15, 45, 30, 4, 0.06%, 9, 0, 4, 230.12
1733597686, 8, 23, 46, 30, 3, 0.06%, 9, 0, 5, 241.94
1733597747, 8, 23, 47, 31, 3, 0.06%, 9, 0, 5, 215.16
1733597798, 8, 23, 48, 32, 3, 0.06%, 9, 0, 5, 251.88
1733597803, 8, 23, 49, 33, 3, 0.06%, 9, 0, 5, 281.25
1733597808, 8, 23, 50, 34, 3, 0.06%, 9, 0, 5, 257.08
1733597818, 8, 23, 51, 35, 3, 0.06%, 9, 0, 5, 268.59
1733597823, 8, 23, 52, 36, 3, 0.06%, 9, 0, 5, 280.50
1733597828, 8, 37, 52, 35, 2, 0.06%, 9, 0, 5, 247.30
1733597874, 8, 37, 53, 36, 2, 0.06%, 9, 0, 5, 214.15
1733597884, 8, 43, 53, 35, 1, 0.06%, 9, 0, 5, 290.58
1733597925, 8, 43, 56, 38, 1, 0.06%, 9, 0, 5, 265.58
1733597945, 8, 53, 56, 37, 0, 0.06%, 9, 0, 5, 277.12
1733597970, 8, 53, 57, 38, 0, 0.06%, 9, 0, 6, 242.42
1733598036, 8, 56, 57, 37, 0, 0.06%, 9, 0, 6, 292.17
1733598067, 8, 56, 60, 40, 0, 0.06%, 9, 0, 7, 434.52
1733598183, 8, 56, 61, 41, 0, 0.06%, 9, 0, 7, 280.08
1733598204, 8, 56, 62, 42, 0, 0.06%, 9, 0, 7, 294.14
1733598209, 8, 56, 63, 43, 0, 0.06%, 9, 0, 7, 300.27
1733598285, 8, 59, 63, 42, 0, 0.06%, 9, 0, 7, 334.94
1733598412, 9, 11, 63, 41, 0, 0.06%, 9, 0, 7, 247.82
1733598422, 9, 12, 63, 41, 0, 0.06%, 9, 0, 7, 253.95
1733598437, 9, 13, 63, 41, 0, 0.06%, 9, 0, 7, 216.93
1733598447, 9, 14, 63, 41, 0, 0.06%, 9, 0, 7, 232.31
1733598462, 9, 15, 63, 41, 0, 0.06%, 9, 0, 7, 210.34
1733598472, 9, 19, 63, 41, 0, 0.06%, 9, 0, 7, 355.14
1733598523, 9, 20, 63, 40, 0, 0.06%, 9, 0, 7, 323.45
1733598580, 9, 22, 63, 39, 0, 0.06%, 9, 0, 7, 280.48
1733598641, 9, 23, 63, 38, 0, 0.06%, 9, 0, 7, 221.58
1733598666, 9, 24, 63, 38, 0, 0.06%, 9, 0, 7, 268.20
1733598758, 9, 24, 64, 39, 0, 0.06%, 9, 0, 7, 423.12
1733599285, 9, 25, 65, 39, 0, 0.06%, 9, 0, 7, 255.07
1733599500, 9, 35, 65, 38, 0, 0.06%, 9, 0, 7, 389.52
1733599566, 9, 35, 66, 39, 0, 0.06%, 9, 0, 7, 321.06
1733599571, 9, 35, 67, 40, 0, 0.06%, 9, 0, 7, 315.14
1733599677, 9, 36, 67, 39, 0, 0.06%, 9, 0, 7, 305.57
1733599728, 9, 37, 67, 38, 0, 0.06%, 9, 0, 7, 251.85
1733599749, 9, 38, 67, 38, 0, 0.06%, 9, 0, 7, 363.27
1733599814, 9, 42, 67, 37, 0, 0.06%, 9, 0, 7, 315.85
1733599916, 9, 43, 67, 36, 0, 0.06%, 9, 0, 7, 248.72
1733599941, 9, 46, 67, 36, 0, 0.06%, 9, 0, 7, 281.90
1733599951, 9, 46, 68, 37, 0, 0.06%, 9, 0, 7, 248.95
1733600023, 9, 51, 68, 36, 0, 0.06%, 9, 0, 7, 304.49
1733600064, 9, 51, 69, 37, 0, 0.06%, 9, 0, 7, 280.40
1733600100, 9, 51, 70, 38, 0, 0.06%, 9, 0, 7, 298.06
1733600110, 9, 51, 71, 39, 0, 0.06%, 9, 0, 7, 299.23
1733600187, 9, 63, 71, 38, 0, 0.06%, 9, 0, 7, 250.83
1733600390, 9, 65, 71, 37, 0, 0.06%, 9, 0, 7, 324.14
1733600492, 9, 66, 71, 36, 0, 0.06%, 9, 0, 7, 370.12
1733600588, 9, 68, 71, 35, 0, 0.06%, 9, 0, 7, 342.75
1733600710, 10, 12, 71, 34, 0, 0.06%, 9, 0, 7, 246.89
1733600716, 10, 14, 71, 34, 0, 0.06%, 9, 0, 7, 254.46
1733600721, 10, 16, 71, 34, 0, 0.06%, 9, 0, 7, 255.01
1733600776, 10, 18, 71, 33, 0, 0.06%, 9, 0, 7, 364.16
1733600827, 10, 21, 71, 32, 0, 0.06%, 9, 0, 7, 290.78
1733600878, 10, 23, 71, 31, 0, 0.06%, 9, 0, 7, 269.56
1733600883, 10, 26, 71, 31, 0, 0.06%, 9, 0, 7, 266.68
1733600934, 10, 32, 71, 30, 0, 0.06%, 9, 0, 7, 264.14
1733600990, 10, 37, 71, 29, 0, 0.06%, 9, 0, 7, 237.69
1733600995, 10, 40, 71, 29, 0, 0.06%, 9, 0, 7, 276.09
1733601051, 10, 43, 71, 28, 0, 0.06%, 9, 0, 7, 260.67
1733601056, 10, 48, 71, 28, 0, 0.06%, 9, 0, 7, 345.91
1733601178, 10, 50, 71, 27, 0, 0.06%, 9, 0, 7, 319.11
1733601229, 10, 61, 71, 26, 0, 0.06%, 9, 0, 7, 250.67
1733601428, 10, 67, 71, 25, 0, 0.06%, 9, 0, 7, 336.24
1733601752, 10, 67, 72, 26, 0, 0.06%, 9, 0, 7, 395.37
1733601793, 10, 67, 73, 27, 0, 0.06%, 9, 0, 7, 371.23
1733601803, 10, 67, 74, 28, 0, 0.06%, 9, 0, 7, 361.35
1733601849, 10, 68, 74, 27, 0, 0.06%, 9, 0, 7, 275.87
1733601869, 11, 3, 74, 27, 0, 0.06%, 9, 0, 7, 270.10
1733601874, 11, 12, 74, 27, 0, 0.06%, 9, 0, 7, 261.51
1733601879, 11, 14, 74, 27, 0, 0.06%, 9, 0, 7, 253.28
1733601884, 11, 23, 74, 27, 0, 0.06%, 9, 0, 7, 245.37
1733601895, 11, 30, 74, 27, 0, 0.06%, 9, 0, 7, 363.98
1733601945, 11, 37, 74, 26, 0, 0.06%, 9, 0, 7, 258.61
1733601950, 11, 43, 74, 26, 0, 0.06%, 9, 0, 7, 252.69
1733601956, 11, 47, 74, 26, 0, 0.06%, 9, 0, 7, 320.20
1733602007, 11, 62, 74, 25, 0, 0.06%, 9, 0, 7, 207.19
1733602551, 11, 72, 74, 24, 0, 0.06%, 9, 0, 7, 287.33
1733602885, 12, 12, 74, 23, 0, 0.06%, 9, 0, 7, 264.55
1733602890, 12, 14, 74, 23, 0, 0.06%, 9, 0, 7, 254.08
1733602896, 12, 23, 74, 23, 0, 0.06%, 9, 0, 7, 261.65
1733602901, 12, 28, 74, 23, 0, 0.06%, 9, 0, 7, 327.92
1733602957, 12, 31, 74, 22, 0, 0.06%, 9, 0, 7, 374.48
1733603073, 12, 37, 74, 21, 0, 0.06%, 9, 0, 7, 278.95
1733603084, 12, 43, 74, 21, 0, 0.06%, 9, 0, 7, 259.72
1733603089, 12, 48, 74, 21, 0, 0.06%, 9, 0, 7, 301.92
1733603109, 12, 49, 74, 21, 0, 0.06%, 9, 0, 7, 397.22
1733603155, 12, 49, 75, 22, 0, 0.06%, 9, 0, 7, 317.02
1733603210, 12, 65, 75, 21, 0, 0.06%, 9, 0, 7, 290.44
1733603230, 12, 71, 75, 21, 0, 0.06%, 9, 0, 7, 361.54
1733603392, 13, 12, 75, 20, 0, 0.06%, 9, 0, 7, 272.86
1733603397, 13, 14, 75, 20, 0, 0.06%, 9, 0, 7, 271.72
1733603402, 13, 19, 75, 20, 0, 0.06%, 9, 0, 7, 283.55
1733603423, 13, 23, 75, 20, 0, 0.06%, 9, 0, 7, 280.43
1733603428, 13, 34, 75, 20, 0, 0.06%, 9, 0, 7, 380.41
1733603494, 13, 37, 75, 19, 0, 0.06%, 9, 0, 7, 283.46
1733603499, 13, 39, 75, 19, 0, 0.06%, 9, 0, 7, 351.12
1733603545, 13, 43, 75, 18, 0, 0.06%, 9, 0, 7, 280.09
1733603550, 13, 45, 75, 18, 0, 0.06%, 9, 0, 7, 316.51
1733603596, 13, 50, 75, 17, 0, 0.06%, 9, 0, 7, 300.48
1733603616, 13, 74, 75, 17, 0, 0.06%, 9, 0, 7, 283.29
1733603621, 13, 74, 76, 18, 0, 0.06%, 9, 0, 7, 399.79
1733603728, 14, 12, 76, 17, 0, 0.06%, 9, 0, 7, 274.68
1733603733, 14, 13, 76, 17, 0, 0.06%, 9, 0, 7, 269.68
1733603738, 14, 17, 76, 17, 0, 0.06%, 9, 0, 7, 286.28
1733603789, 14, 23, 76, 16, 0, 0.06%, 9, 0, 7, 267.86
1733603794, 14, 29, 76, 16, 0, 0.06%, 9, 0, 7, 268.05
1733603921, 14, 37, 76, 15, 0, 0.06%, 9, 0, 7, 289.02
1733603926, 14, 41, 76, 15, 0, 0.06%, 9, 0, 7, 337.83
1733603982, 14, 43, 76, 14, 0, 0.06%, 9, 0, 7, 274.34
1733603987, 14, 47, 76, 14, 0, 0.06%, 9, 0, 7, 280.39
1733604007, 14, 52, 76, 14, 0, 0.06%, 9, 0, 7, 374.18
1733604282, 14, 55, 76, 13, 0, 0.06%, 9, 0, 7, 279.53
1733604363, 14, 60, 76, 12, 0, 0.06%, 9, 0, 7, 318.86
1733604465, 14, 60, 77, 13, 0, 0.06%, 9, 0, 8, 333.58
1733604475, 14, 60, 78, 14, 0, 0.06%, 9, 0, 8, 333.76
1733604551, 14, 64, 78, 13, 0, 0.06%, 9, 0, 8, 324.57
1733604612, 14, 70, 78, 12, 0, 0.06%, 9, 0, 8, 346.59
1733604669, 14, 75, 78, 11, 0, 0.06%, 9, 0, 8, 390.19
1733604775, 15, 11, 78, 10, 0, 0.06%, 9, 0, 8, 281.38
1733604780, 15, 13, 78, 10, 0, 0.06%, 9, 0, 8, 258.96
1733604786, 15, 15, 78, 10, 0, 0.06%, 9, 0, 8, 263.55
1733604791, 15, 16, 78, 10, 0, 0.06%, 9, 0, 8, 261.22
1733604811, 15, 23, 78, 10, 0, 0.06%, 9, 0, 8, 280.92
1733604816, 15, 27, 78, 10, 0, 0.06%, 9, 0, 8, 324.52
1733604897, 15, 37, 78, 9, 0, 0.06%, 9, 0, 8, 270.99
1733604902, 15, 43, 78, 9, 0, 0.06%, 9, 0, 8, 263.90
1733604908, 15, 57, 78, 9, 0, 0.06%, 9, 0, 8, 318.12
1733605034, 15, 67, 78, 8, 0, 0.06%, 9, 0, 8, 341.01
1733605055, 15, 76, 78, 8, 0, 0.06%, 9, 0, 8, 337.87
1733605187, 16, 12, 78, 7, 0, 0.06%, 9, 0, 8, 286.23
1733605193, 16, 14, 78, 7, 0, 0.06%, 9, 0, 8, 272.81
1733605198, 16, 20, 78, 7, 0, 0.06%, 9, 0, 8, 270.72
1733605218, 16, 23, 78, 7, 0, 0.06%, 9, 0, 8, 282.16
1733605223, 16, 32, 78, 7, 0, 0.06%, 9, 0, 8, 271.45
1733605243, 16, 37, 78, 7, 0, 0.06%, 9, 0, 8, 277.91
1733605248, 16, 43, 78, 7, 0, 0.06%, 9, 0, 8, 285.28
1733605253, 16, 44, 78, 7, 0, 0.06%, 9, 0, 8, 386.39
1733605304, 16, 54, 78, 6, 0, 0.06%, 9, 0, 8, 299.33
1733605360, 16, 56, 78, 5, 0, 0.06%, 9, 0, 8, 297.71
1733605381, 16, 77, 78, 5, 0, 0.06%, 9, 0, 8, 313.66
1733605507, 17, 12, 78, 4, 0, 0.06%, 9, 0, 8, 276.00
1733605512, 17, 14, 78, 4, 0, 0.06%, 9, 0, 8, 260.22
1733605518, 17, 17, 78, 4, 0, 0.06%, 9, 0, 8, 272.25
1733605538, 17, 23, 78, 4, 0, 0.06%, 9, 0, 8, 277.48
1733605543, 17, 29, 78, 4, 0, 0.06%, 9, 0, 8, 283.77
1733605563, 17, 35, 78, 4, 0, 0.06%, 9, 0, 8, 306.88
1733605583, 17, 37, 78, 4, 0, 0.06%, 9, 0, 8, 285.24
1733605588, 17, 43, 78, 4, 0, 0.06%, 9, 0, 8, 270.57
1733605593, 17, 60, 78, 4, 0, 0.06%, 9, 0, 8, 297.77
1733605614, 17, 69, 78, 4, 0, 0.06%, 9, 0, 8, 312.97
1733605736, 17, 70, 78, 3, 0, 0.06%, 9, 0, 8, 294.98
1733605756, 18, 12, 78, 3, 0, 0.06%, 9, 0, 8, 278.42
1733605761, 18, 14, 78, 3, 0, 0.06%, 9, 0, 8, 278.43
1733605766, 18, 19, 78, 3, 0, 0.06%, 9, 0, 8, 286.89
1733605771, 18, 20, 78, 3, 0, 0.06%, 9, 0, 8, 281.47
1733605776, 18, 23, 78, 3, 0, 0.06%, 9, 0, 8, 273.66
1733605781, 18, 37, 78, 3, 0, 0.06%, 9, 0, 8, 265.61
1733605786, 18, 43, 78, 3, 0, 0.06%, 9, 0, 8, 274.49
1733605791, 18, 47, 78, 3, 0, 0.06%, 9, 0, 8, 273.88
1733605797, 19, 11, 78, 3, 0, 0.06%, 9, 0, 8, 279.95
1733605802, 19, 13, 78, 3, 0, 0.06%, 9, 0, 8, 265.87
1733605807, 19, 15, 78, 3, 0, 0.06%, 9, 0, 8, 278.04
1733605812, 19, 18, 78, 3, 0, 0.06%, 9, 0, 8, 284.34
1733605832, 19, 21, 78, 3, 0, 0.06%, 9, 0, 8, 286.80
1733605852, 19, 23, 78, 3, 0, 0.06%, 9, 0, 8, 251.06
1733605858, 19, 28, 78, 3, 0, 0.06%, 9, 0, 8, 277.31
1733605878, 19, 37, 78, 3, 0, 0.06%, 9, 0, 8, 272.75
1733605883, 19, 43, 78, 3, 0, 0.06%, 9, 0, 8, 273.29
1733605888, 19, 60, 78, 3, 0, 0.06%, 9, 0, 8, 305.00
1733605893, 19, 68, 78, 3, 0, 0.06%, 9, 0, 8, 305.70
1733605903, 20, 11, 78, 3, 0, 0.06%, 9, 0, 8, 278.65
1733605908, 20, 13, 78, 3, 0, 0.06%, 9, 0, 8, 274.93
1733605913, 20, 15, 78, 3, 0, 0.06%, 9, 0, 8, 268.12
1733605918, 20, 19, 78, 3, 0, 0.06%, 9, 0, 8, 301.25
1733605923, 20, 23, 78, 3, 0, 0.06%, 9, 0, 8, 295.14
1733605928, 20, 28, 78, 3, 0, 0.06%, 9, 0, 8, 276.14
1733605934, 20, 37, 78, 3, 0, 0.06%, 9, 0, 8, 285.72
1733605939, 20, 43, 78, 3, 0, 0.06%, 9, 0, 8, 265.55
1733605944, 20, 58, 78, 3, 0, 0.06%, 9, 0, 8, 332.57
1733606072, 20, 67, 78, 2, 0, 0.06%, 9, 0, 8, 316.40
1733606082, 20, 74, 78, 2, 0, 0.06%, 9, 0, 8, 295.41
1733606102, 21, 12, 78, 2, 0, 0.06%, 9, 0, 8, 274.60
1733606107, 21, 13, 78, 2, 0, 0.06%, 9, 0, 8, 274.97
1733606112, 21, 15, 78, 2, 0, 0.06%, 9, 0, 8, 276.56
1733606117, 21, 23, 78, 2, 0, 0.06%, 9, 0, 8, 283.48
1733606122, 21, 37, 78, 2, 0, 0.06%, 9, 0, 8, 269.75
1733606127, 21, 40, 78, 2, 0, 0.06%, 9, 0, 8, 268.87
1733606148, 21, 43, 78, 2, 0, 0.06%, 9, 0, 8, 276.00
1733606153, 21, 73, 78, 2, 0, 0.06%, 9, 0, 8, 371.44
1733606254, 22, 11, 78, 1, 0, 0.06%, 9, 0, 8, 271.42
1733606260, 22, 14, 78, 1, 0, 0.06%, 9, 0, 8, 268.21
1733606265, 22, 23, 78, 1, 0, 0.06%, 9, 0, 8, 283.04
1733606270, 22, 37, 78, 1, 0, 0.06%, 9, 0, 8, 278.77
1733606280, 22, 43, 78, 1, 0, 0.06%, 9, 0, 8, 270.49
1733606285, 22, 45, 78, 1, 0, 0.06%, 9, 0, 8, 271.85
1733606305, 22, 71, 78, 1, 0, 0.06%, 9, 0, 8, 315.66
1733606326, 23, 11, 78, 1, 0, 0.06%, 9, 0, 8, 275.49
1733606331, 23, 13, 78, 1, 0, 0.06%, 9, 0, 8, 268.83
1733606336, 23, 15, 78, 1, 0, 0.06%, 9, 0, 8, 276.59
1733606341, 23, 23, 78, 1, 0, 0.06%, 9, 0, 8, 266.23
1733606346, 23, 29, 78, 1, 0, 0.06%, 9, 0, 8, 306.73
1733606351, 23, 33, 78, 1, 0, 0.06%, 9, 0, 8, 233.38
1733606962, 23, 37, 78, 0, 0, 0.06%, 9, 0, 8, 268.66
1733606967, 23, 43, 78, 0, 0, 0.06%, 9, 0, 8, 267.74
1733606972, 23, 52, 78, 0, 0, 0.06%, 9, 0, 8, 292.95
1733606993, 23, 56, 78, 0, 0, 0.06%, 9, 0, 8, 292.87
1733606998, 24, 11, 78, 0, 0, 0.06%, 9, 0, 8, 281.84
1733607003, 24, 13, 78, 0, 0, 0.06%, 9, 0, 8, 267.11
1733607008, 24, 15, 78, 0, 0, 0.06%, 9, 0, 8, 274.01
1733607013, 24, 37, 78, 0, 0, 0.06%, 9, 0, 8, 279.71
1733607023, 24, 43, 78, 0, 0, 0.06%, 9, 0, 8, 284.21
1733607029, 24, 65, 78, 0, 0, 0.06%, 9, 0, 8, 318.49
1733607034, 25, 2, 78, 0, 0, 0.06%, 9, 0, 8, 290.75
1733607039, 25, 12, 78, 0, 0, 0.06%, 9, 0, 8, 278.88
1733607044, 25, 14, 78, 0, 0, 0.06%, 9, 0, 8, 274.12
1733607049, 25, 23, 78, 0, 0, 0.06%, 9, 0, 8, 260.39
1733607054, 25, 34, 78, 0, 0, 0.06%, 9, 0, 8, 290.04
1733607075, 25, 37, 78, 0, 0, 0.06%, 9, 0, 8, 278.03
1733607080, 25, 43, 78, 0, 0, 0.06%, 9, 0, 8, 272.25
1733607085, 25, 55, 78, 0, 0, 0.06%, 9, 0, 8, 307.73
1733607105, 25, 63, 78, 0, 0, 0.06%, 9, 0, 8, 296.57
1733607125, 25, 70, 78, 0, 0, 0.06%, 9, 0, 8, 266.77
1733607135, 26, 11, 78, 0, 0, 0.06%, 9, 0, 8, 283.10
1733607140, 26, 13, 78, 0, 0, 0.06%, 9, 0, 8, 264.22
1733607145, 26, 15, 78, 0, 0, 0.06%, 9, 0, 8, 271.83
1733607151, 26, 23, 78, 0, 0, 0.06%, 9, 0, 8, 282.49
1733607156, 26, 24, 78, 0, 0, 0.06%, 9, 0, 8, 313.51
1733607176, 26, 31, 78, 0, 0, 0.06%, 9, 0, 8, 296.12
1733607196, 26, 37, 78, 0, 0, 0.06%, 9, 0, 8, 274.86
1733607202, 26, 43, 78, 0, 0, 0.06%, 9, 0, 8, 263.10
1733607207, 26, 53, 78, 0, 0, 0.06%, 9, 0, 8, 270.54
1733607227, 26, 63, 78, 0, 0, 0.06%, 9, 0, 8, 289.99
1733607237, 27, 11, 78, 0, 0, 0.06%, 9, 0, 8, 256.75
1733607242, 27, 13, 78, 0, 0, 0.06%, 9, 0, 8, 259.10
1733607247, 27, 15, 78, 0, 0, 0.06%, 9, 0, 8, 266.54
1733607252, 27, 23, 78, 0, 0, 0.06%, 9, 0, 8, 268.72
1733607257, 27, 37, 78, 0, 0, 0.06%, 9, 0, 8, 268.46
1733607262, 27, 43, 78, 0, 0, 0.06%, 9, 0, 8, 270.13
1733607268, 27, 65, 78, 0, 0, 0.06%, 9, 0, 8, 290.27
1733607273, 27, 74, 78, 0, 0, 0.06%, 9, 0, 8, 299.02
1733607293, 28, 11, 78, 0, 0, 0.06%, 9, 0, 8, 274.66
1733607298, 28, 13, 78, 0, 0, 0.06%, 9, 0, 8, 269.59
1733607303, 28, 15, 78, 0, 0, 0.06%, 9, 0, 8, 274.56
1733607308, 28, 23, 78, 0, 0, 0.06%, 9, 0, 8, 269.64
1733607313, 28, 37, 78, 0, 0, 0.06%, 9, 0, 8, 268.05
1733607318, 28, 43, 78, 0, 0, 0.06%, 9, 0, 8, 263.47
1733607324, 29, 11, 78, 0, 0, 0.06%, 9, 0, 8, 275.17
1733607329, 29, 13, 78, 0, 0, 0.06%, 9, 0, 8, 278.64
1733607334, 29, 15, 78, 0, 0, 0.06%, 9, 0, 8, 276.99
1733607339, 29, 23, 78, 0, 0, 0.06%, 9, 0, 8, 266.72
1733607344, 29, 33, 78, 0, 0, 0.06%, 9, 0, 8, 312.47
1733607364, 29, 37, 78, 0, 0, 0.06%, 9, 0, 8, 282.04
1733607369, 29, 43, 78, 0, 0, 0.06%, 9, 0, 8, 282.19
1733607374, 30, 12, 78, 0, 0, 0.06%, 9, 0, 8, 270.32
1733607379, 30, 14, 78, 0, 0, 0.06%, 9, 0, 8, 256.82
1733607384, 30, 23, 78, 0, 0, 0.06%, 9, 0, 8, 269.14
1733607389, 30, 37, 78, 0, 0, 0.06%, 9, 0, 8, 267.89
1733607395, 30, 43, 78, 0, 0, 0.06%, 9, 0, 8, 274.71
1733607400, 30, 72, 78, 0, 0, 0.06%, 9, 0, 8, 312.51
1733607420, 31, 11, 79, 1, 0, 0.06%, 9, 0, 8, 278.65
1733607425, 31, 13, 79, 1, 0, 0.06%, 9, 0, 8, 263.10
1733607430, 31, 15, 79, 1, 0, 0.06%, 9, 0, 8, 262.76
1733607435, 31, 16, 79, 1, 0, 0.06%, 9, 0, 8, 273.05
1733607440, 31, 17, 79, 1, 0, 0.06%, 9, 0, 8, 273.34
1733607445, 31, 23, 79, 1, 0, 0.06%, 9, 0, 8, 265.47
1733607450, 31, 25, 79, 1, 0, 0.06%, 9, 0, 8, 306.37
1733607470, 31, 36, 79, 1, 0, 0.06%, 9, 0, 8, 265.02
1733607491, 31, 37, 79, 1, 0, 0.06%, 9, 0, 8, 282.80
1733607496, 31, 43, 79, 1, 0, 0.06%, 9, 0, 8, 275.96
1733607501, 31, 60, 79, 1, 0, 0.06%, 9, 0, 8, 292.94
1733607506, 32, 11, 79, 1, 0, 0.06%, 9, 0, 8, 273.29
1733607511, 32, 13, 79, 1, 0, 0.06%, 9, 0, 8, 261.14
1733607516, 32, 15, 79, 1, 0, 0.06%, 9, 0, 8, 257.85
1733607521, 32, 23, 79, 1, 0, 0.06%, 9, 0, 8, 264.49
1733607526, 32, 34, 79, 1, 0, 0.06%, 9, 0, 8, 290.99
1733607532, 32, 35, 79, 1, 0, 0.06%, 9, 0, 8, 317.59
1733607537, 32, 37, 79, 1, 0, 0.06%, 9, 0, 8, 280.28
1733607542, 32, 43, 79, 1, 0, 0.06%, 9, 0, 8, 275.78
1733607547, 32, 44, 79, 1, 0, 0.06%, 9, 0, 8, 287.69
1733607567, 32, 48, 79, 1, 0, 0.06%, 9, 0, 8, 287.29
1733607572, 32, 57, 79, 1, 0, 0.06%, 9, 0, 8, 290.83
1733607593, 32, 70, 79, 1, 0, 0.06%, 9, 0, 8, 280.37
1733607598, 33, 11, 79, 1, 0, 0.06%, 9, 0, 8, 272.77
1733607603, 33, 13, 79, 1, 0, 0.06%, 9, 0, 8, 264.07
1733607608, 33, 15, 79, 1, 0, 0.06%, 9, 0, 8, 274.90
1733607613, 33, 21, 79, 1, 0, 0.06%, 9, 0, 8, 278.28
1733607618, 33, 23, 79, 1, 0, 0.06%, 9, 0, 8, 263.95
1733607623, 33, 25, 79, 1, 0, 0.06%, 9, 0, 8, 290.09
1733607628, 33, 37, 79, 1, 0, 0.06%, 9, 0, 8, 272.06
1733607633, 33, 43, 79, 1, 0, 0.06%, 9, 0, 8, 266.60
1733607638, 33, 56, 79, 1, 0, 0.06%, 9, 0, 8, 299.71
1733607643, 33, 69, 79, 1, 0, 0.06%, 9, 0, 8, 303.95
1733607664, 34, 12, 79, 1, 0, 0.06%, 9, 0, 8, 277.39
1733607669, 34, 14, 79, 1, 0, 0.06%, 9, 0, 8, 264.60
1733607674, 34, 15, 79, 1, 0, 0.06%, 9, 0, 8, 263.19
1733607679, 34, 23, 79, 1, 0, 0.06%, 9, 0, 8, 284.70
1733607684, 34, 37, 79, 1, 0, 0.06%, 9, 0, 8, 287.50
1733607689, 34, 43, 79, 1, 0, 0.06%, 9, 0, 8, 293.54
1733607694, 34, 49, 79, 1, 0, 0.06%, 9, 0, 8, 311.72
1733607709, 34, 66, 79, 1, 0, 0.06%, 9, 0, 8, 288.66
1733607730, 34, 70, 79, 1, 0, 0.06%, 9, 0, 8, 287.17
1733607735, 34, 78, 79, 1, 0, 0.06%, 9, 0, 8, 243.45
1733607776, 34, 78, 80, 2, 0, 0.06%, 9, 0, 8, 472.90
1733608049, 35, 12, 80, 1, 0, 0.06%, 9, 0, 8, 271.51
1733608054, 35, 14, 80, 1, 0, 0.06%, 9, 0, 8, 280.62
1733608059, 35, 23, 80, 1, 0, 0.06%, 9, 0, 8, 270.39
1733608064, 35, 29, 80, 1, 0, 0.06%, 9, 0, 8, 292.81
1733608069, 35, 30, 80, 1, 0, 0.06%, 9, 0, 8, 288.12
1733608090, 35, 32, 80, 1, 0, 0.06%, 9, 0, 8, 271.47
1733608095, 35, 37, 80, 1, 0, 0.06%, 9, 0, 8, 266.37
1733608100, 35, 43, 80, 1, 0, 0.06%, 9, 0, 8, 268.70
1733608105, 35, 49, 80, 1, 0, 0.06%, 9, 0, 8, 286.92
1733608110, 35, 60, 80, 1, 0, 0.06%, 9, 0, 8, 305.41
1733608115, 35, 79, 80, 1, 0, 0.06%, 9, 0, 8, 248.65
1733608430, 36, 11, 80, 0, 0, 0.06%, 9, 0, 8, 274.35
1733608435, 36, 13, 80, 0, 0, 0.06%, 9, 0, 8, 264.12
1733608440, 36, 15, 80, 0, 0, 0.06%, 9, 0, 8, 263.23
1733608445, 36, 23, 80, 0, 0, 0.06%, 9, 0, 8, 272.69
1733608450, 36, 37, 80, 0, 0, 0.06%, 9, 0, 8, 276.03
1733608455, 36, 43, 80, 0, 0, 0.06%, 9, 0, 8, 266.51
1733608460, 37, 11, 80, 0, 0, 0.06%, 9, 0, 8, 273.63
1733608465, 37, 13, 80, 0, 0, 0.06%, 9, 0, 8, 263.24
1733608470, 37, 15, 80, 0, 0, 0.06%, 9, 0, 8, 257.15
1733608475, 37, 23, 80, 0, 0, 0.06%, 9, 0, 8, 269.55
1733608480, 37, 37, 80, 0, 0, 0.06%, 9, 0, 8, 294.41
1733608485, 37, 40, 80, 0, 0, 0.06%, 9, 0, 8, 277.76
1733608490, 37, 43, 80, 0, 0, 0.06%, 9, 0, 8, 284.48
1733608495, 37, 70, 80, 0, 0, 0.06%, 9, 0, 8, 295.98
1733608501, 37, 76, 80, 0, 0, 0.06%, 9, 0, 8, 313.94
1733608531, 38, 12, 80, 0, 0, 0.06%, 9, 0, 8, 265.96
1733608536, 38, 14, 80, 0, 0, 0.06%, 9, 0, 8, 264.14
1733608541, 38, 23, 80, 0, 0, 0.06%, 9, 0, 8, 265.59
1733608546, 38, 37, 80, 0, 0, 0.06%, 9, 0, 8, 266.28
1733608551, 38, 43, 80, 0, 0, 0.06%, 9, 0, 8, 279.41
1733608561, 38, 57, 80, 0, 0, 0.06%, 9, 0, 8, 292.71
1733608567, 38, 69, 80, 0, 0, 0.06%, 9, 0, 8, 277.02
1733608577, 39, 12, 80, 0, 0, 0.06%, 9, 0, 8, 267.06
1733608582, 39, 14, 80, 0, 0, 0.06%, 9, 0, 8, 255.48
1733608587, 39, 23, 80, 0, 0, 0.06%, 9, 0, 8, 268.38
1733608592, 39, 37, 80, 0, 0, 0.06%, 9, 0, 8, 262.97
1733608597, 39, 40, 80, 0, 0, 0.06%, 9, 0, 8, 283.57
1733608602, 39, 43, 80, 0, 0, 0.06%, 9, 0, 8, 269.10
1733608612, 39, 61, 80, 0, 0, 0.06%, 9, 0, 8, 314.85
1733608627, 39, 67, 80, 0, 0, 0.06%, 9, 0, 8, 328.71
1733608632, 40, 11, 80, 0, 0, 0.06%, 9, 0, 8, 287.20
1733608638, 40, 13, 80, 0, 0, 0.06%, 9, 0, 8, 265.66
1733608643, 40, 15, 80, 0, 0, 0.06%, 9, 0, 8, 266.68
1733608648, 40, 16, 80, 0, 0, 0.06%, 9, 0, 8, 261.45
1733608653, 40, 23, 80, 0, 0, 0.06%, 9, 0, 8, 272.60
1733608658, 40, 27, 80, 0, 0, 0.06%, 9, 0, 8, 292.87
1733608678, 40, 32, 80, 0, 0, 0.06%, 9, 0, 8, 266.92
1733608683, 40, 37, 80, 0, 0, 0.06%, 9, 0, 8, 275.45
1733608688, 40, 43, 80, 0, 0, 0.06%, 9, 0, 8, 274.17
1733608693, 40, 48, 80, 0, 0, 0.06%, 9, 0, 8, 286.92
1733608698, 40, 55, 80, 0, 0, 0.06%, 9, 0, 8, 295.08
1733608703, 40, 56, 80, 0, 0, 0.06%, 9, 0, 8, 294.49
1733608708, 40, 63, 80, 0, 0, 0.06%, 9, 0, 8, 280.46
1733608713, 40, 77, 80, 0, 0, 0.06%, 9, 0, 8, 296.19
1733608744, 41, 11, 80, 0, 0, 0.06%, 9, 0, 8, 269.89
1733608749, 41, 13, 80, 0, 0, 0.06%, 9, 0, 8, 273.49
1733608754, 41, 15, 80, 0, 0, 0.06%, 9, 0, 8, 267.05
1733608759, 41, 21, 80, 0, 0, 0.06%, 9, 0, 8, 268.78
1733608764, 41, 23, 80, 0, 0, 0.06%, 9, 0, 8, 268.09
1733608770, 41, 37, 80, 0, 0, 0.06%, 9, 0, 8, 254.88
1733608775, 41, 43, 80, 0, 0, 0.06%, 9, 0, 8, 262.89
1733608780, 41, 50, 80, 0, 0, 0.06%, 9, 0, 8, 269.47
1733608785, 42, 11, 80, 0, 0, 0.06%, 9, 0, 8, 273.24
1733608790, 42, 13, 80, 0, 0, 0.06%, 9, 0, 8, 272.07
1733608795, 42, 15, 80, 0, 0, 0.06%, 9, 0, 8, 268.44
1733608800, 42, 23, 80, 0, 0, 0.06%, 9, 0, 8, 258.48
1733608805, 42, 37, 80, 0, 0, 0.06%, 9, 0, 8, 276.20
1733608810, 42, 43, 80, 0, 0, 0.06%, 9, 0, 8, 273.54
1733608815, 42, 47, 80, 0, 0, 0.06%, 9, 0, 8, 288.61
1733608820, 42, 64, 80, 0, 0, 0.06%, 9, 0, 8, 299.53
1733608840, 42, 77, 80, 0, 0, 0.06%, 9, 0, 8, 286.20
1733608871, 43, 12, 80, 0, 0, 0.06%, 9, 0, 8, 271.61
1733608876, 43, 14, 80, 0, 0, 0.06%, 9, 0, 8, 268.91
1733608881, 43, 23, 80, 0, 0, 0.06%, 9, 0, 8, 264.29
1733608886, 43, 37, 80, 0, 0, 0.06%, 9, 0, 8, 266.44
1733608891, 43, 42, 80, 0, 0, 0.06%, 9, 0, 8, 287.07
1733608912, 43, 43, 80, 0, 0, 0.06%, 9, 0, 8, 282.64
1733608922, 43, 48, 80, 0, 0, 0.06%, 9, 0, 8, 281.43
1733608927, 43, 62, 80, 0, 0, 0.06%, 9, 0, 8, 372.77
1733608942, 43, 64, 80, 0, 0, 0.06%, 9, 0, 8, 276.20
1733608952, 43, 71, 80, 0, 0, 0.06%, 9, 0, 8, 325.53
1733608963, 44, 11, 80, 0, 0, 0.06%, 9, 0, 8, 290.48
1733608968, 44, 13, 80, 0, 0, 0.06%, 9, 0, 8, 277.84
1733608973, 44, 15, 80, 0, 0, 0.06%, 9, 0, 8, 258.69
1733608978, 44, 23, 80, 0, 0, 0.06%, 9, 0, 8, 280.70
1733608983, 44, 37, 80, 0, 0, 0.06%, 9, 0, 8, 282.45
1733608988, 44, 39, 80, 0, 0, 0.06%, 9, 0, 8, 270.80
1733609009, 44, 43, 80, 0, 0, 0.06%, 9, 0, 8, 284.98
1733609014, 44, 53, 80, 0, 0, 0.06%, 9, 0, 8, 269.27
1733609019, 44, 56, 80, 0, 0, 0.06%, 9, 0, 8, 299.63
1733609024, 44, 60, 80, 0, 0, 0.06%, 9, 0, 8, 311.60
1733609029, 44, 64, 80, 0, 0, 0.06%, 9, 0, 8, 301.04
1733609034, 44, 65, 80, 0, 0, 0.06%, 9, 0, 8, 299.53
1733609039, 44, 69, 80, 0, 0, 0.06%, 9, 0, 8, 288.06
1733609044, 44, 72, 80, 0, 0, 0.06%, 9, 0, 8, 339.44
1733609054, 44, 77, 80, 0, 0, 0.06%, 9, 0, 8, 301.05
1733609064, 45, 9, 80, 0, 0, 0.06%, 9, 0, 8, 292.23
1733609069, 45, 10, 80, 0, 0, 0.06%, 9, 0, 8, 271.13
1733609080, 45, 12, 80, 0, 0, 0.06%, 9, 0, 8, 276.01
1733609085, 45, 14, 80, 0, 0, 0.06%, 9, 0, 8, 275.58
1733609090, 45, 23, 80, 0, 0, 0.06%, 9, 0, 8, 272.48
1733609095, 45, 30, 80, 0, 0, 0.06%, 9, 0, 8, 271.28
1733609100, 45, 37, 80, 0, 0, 0.06%, 9, 0, 8, 257.83
1733609105, 45, 43, 80, 0, 0, 0.06%, 9, 0, 8, 274.79
1733609110, 45, 48, 80, 0, 0, 0.06%, 9, 0, 8, 285.46
1733609115, 46, 11, 80, 0, 0, 0.06%, 9, 0, 8, 272.33
1733609120, 46, 13, 80, 0, 0, 0.06%, 9, 0, 8, 273.13
1733609125, 46, 15, 80, 0, 0, 0.06%, 9, 0, 8, 272.20
1733609130, 46, 23, 80, 0, 0, 0.06%, 9, 0, 8, 272.04
1733609135, 46, 37, 80, 0, 0, 0.06%, 9, 0, 8, 270.40
1733609140, 46, 43, 80, 0, 0, 0.06%, 9, 0, 8, 271.51
1733609145, 46, 51, 80, 0, 0, 0.06%, 9, 0, 8, 292.15
1733609166, 46, 63, 80, 0, 0, 0.06%, 9, 0, 8, 273.81
1733609171, 46, 65, 80, 0, 0, 0.06%, 9, 0, 8, 281.51
1733609176, 47, 11, 80, 0, 0, 0.06%, 9, 0, 8, 270.75
1733609181, 47, 14, 80, 0, 0, 0.06%, 9, 0, 8, 265.21
1733609186, 47, 15, 80, 0, 0, 0.06%, 9, 0, 8, 281.08
1733609191, 47, 23, 80, 0, 0, 0.06%, 9, 0, 8, 272.46
1733609196, 47, 37, 80, 0, 0, 0.06%, 9, 0, 8, 285.34
1733609201, 47, 43, 80, 0, 0, 0.06%, 9, 0, 8, 273.55
1733609206, 47, 45, 80, 0, 0, 0.06%, 9, 0, 8, 294.53
1733609211, 47, 48, 80, 0, 0, 0.06%, 9, 0, 8, 280.80
1733609216, 47, 59, 80, 0, 0, 0.06%, 9, 0, 8, 292.23
1733609237, 48, 12, 80, 0, 0, 0.06%, 9, 0, 8, 259.31
1733609242, 48, 14, 80, 0, 0, 0.06%, 9, 0, 8, 265.49
1733609247, 48, 21, 80, 0, 0, 0.06%, 9, 0, 8, 275.93
1733609252, 48, 23, 80, 0, 0, 0.06%, 9, 0, 8, 273.30
1733609257, 48, 37, 80, 0, 0, 0.06%, 9, 0, 8, 263.21
1733609262, 48, 43, 80, 0, 0, 0.06%, 9, 0, 8, 272.19
1733609272, 48, 64, 80, 0, 0, 0.06%, 9, 0, 8, 285.81
1733609277, 48, 78, 80, 0, 0, 0.06%, 9, 0, 8, 362.76
1733609293, 49, 5, 80, 0, 0, 0.06%, 9, 0, 8, 305.63
1733609298, 49, 12, 80, 0, 0, 0.06%, 9, 0, 8, 266.58
1733609303, 49, 14, 80, 0, 0, 0.06%, 9, 0, 8, 261.19
1733609308, 49, 15, 80, 0, 0, 0.06%, 9, 0, 8, 275.70
1733609313, 49, 27, 80, 0, 0, 0.06%, 9, 0, 8, 279.64
1733609318, 49, 30, 80, 0, 0, 0.06%, 9, 0, 8, 289.92
1733609323, 49, 37, 80, 0, 0, 0.06%, 9, 0, 8, 280.22
1733609333, 49, 43, 80, 0, 0, 0.06%, 9, 0, 8, 278.01
1733609338, 49, 65, 80, 0, 0, 0.06%, 9, 0, 8, 295.27
1733609343, 50, 12, 80, 0, 0, 0.06%, 9, 0, 8, 266.65
1733609349, 50, 14, 80, 0, 0, 0.06%, 9, 0, 8, 270.00
1733609354, 50, 23, 80, 0, 0, 0.06%, 9, 0, 8, 273.19
1733609359, 50, 37, 80, 0, 0, 0.06%, 9, 0, 8, 268.55
1733609364, 50, 43, 80, 0, 0, 0.06%, 9, 0, 8, 276.27
1733609369, 50, 69, 80, 0, 0, 0.06%, 9, 0, 8, 274.17
1733609374, 51, 11, 80, 0, 0, 0.06%, 9, 0, 8, 264.54
1733609379, 51, 13, 80, 0, 0, 0.06%, 9, 0, 8, 269.81
1733609384, 51, 15, 80, 0, 0, 0.06%, 9, 0, 8, 266.02
1733609389, 51, 21, 80, 0, 0, 0.06%, 9, 0, 8, 268.02
1733609394, 51, 23, 80, 0, 0, 0.06%, 9, 0, 8, 266.97
1733609399, 51, 37, 80, 0, 0, 0.06%, 9, 0, 8, 268.61
1733609404, 51, 43, 80, 0, 0, 0.06%, 9, 0, 8, 263.32
1733609409, 52, 0, 80, 0, 0, 0.06%, 9, 0, 8, 269.75
1733609414, 52, 12, 80, 0, 0, 0.06%, 9, 0, 8, 260.83
1733609419, 52, 14, 80, 0, 0, 0.06%, 9, 0, 8, 257.98
1733609425, 52, 23, 80, 0, 0, 0.06%, 9, 0, 8, 268.03
1733609430, 52, 34, 80, 0, 0, 0.06%, 9, 0, 8, 282.27
1733609435, 52, 36, 80, 0, 0, 0.06%, 9, 0, 8, 281.45
1733609445, 52, 37, 80, 0, 0, 0.06%, 9, 0, 8, 271.20
1733609450, 52, 43, 80, 0, 0, 0.06%, 9, 0, 8, 269.04
1733609455, 52, 57, 80, 0, 0, 0.06%, 9, 0, 8, 274.63
1733609460, 52, 58, 80, 0, 0, 0.06%, 9, 0, 8, 276.44
1733609480, 53, 11, 80, 0, 0, 0.06%, 9, 0, 8, 267.09
1733609485, 53, 13, 80, 0, 0, 0.06%, 9, 0, 8, 269.29
1733609490, 53, 15, 80, 0, 0, 0.06%, 9, 0, 8, 270.76
1733609495, 53, 18, 80, 0, 0, 0.06%, 9, 0, 8, 279.88
1733609500, 53, 23, 80, 0, 0, 0.06%, 9, 0, 8, 276.29
1733609506, 53, 24, 80, 0, 0, 0.06%, 9, 0, 8, 286.24
1733609511, 53, 37, 80, 0, 0, 0.06%, 9, 0, 8, 285.38
1733609516, 53, 38, 80, 0, 0, 0.06%, 9, 0, 8, 312.26
1733609536, 53, 41, 80, 0, 0, 0.06%, 9, 0, 8, 269.41
1733609556, 53, 43, 80, 0, 0, 0.06%, 9, 0, 8, 263.89
1733609561, 53, 45, 80, 0, 0, 0.06%, 9, 0, 8, 268.63
1733609566, 54, 11, 80, 0, 0, 0.06%, 9, 0, 8, 277.01
1733609572, 54, 13, 80, 0, 0, 0.06%, 9, 0, 8, 273.42
1733609577, 54, 15, 80, 0, 0, 0.06%, 9, 0, 8, 260.43
1733609582, 54, 19, 80, 0, 0, 0.06%, 9, 0, 8, 290.68
1733609587, 54, 23, 80, 0, 0, 0.06%, 9, 0, 8, 283.59
1733609592, 54, 37, 80, 0, 0, 0.06%, 9, 0, 8, 272.01
1733609597, 54, 43, 80, 0, 0, 0.06%, 9, 0, 8, 271.73
1733609602, 54, 44, 80, 0, 0, 0.06%, 9, 0, 8, 295.08
1733609607, 54, 64, 80, 0, 0, 0.06%, 9, 0, 8, 290.76
1733609612, 55, 12, 80, 0, 0, 0.06%, 9, 0, 8, 284.79
1733609617, 55, 14, 80, 0, 0, 0.06%, 9, 0, 8, 272.98
1733609622, 55, 16, 80, 0, 0, 0.06%, 9, 0, 8, 289.80
1733609632, 55, 22, 80, 0, 0, 0.06%, 9, 0, 8, 258.08
1733609653, 55, 23, 80, 0, 0, 0.06%, 9, 0, 8, 270.83
1733609658, 55, 25, 80, 0, 0, 0.06%, 9, 0, 8, 283.11
1733609663, 55, 36, 80, 0, 0, 0.06%, 9, 0, 8, 279.25
1733609668, 55, 37, 80, 0, 0, 0.06%, 9, 0, 8, 277.99
1733609673, 55, 41, 80, 0, 0, 0.06%, 9, 0, 8, 276.86
1733609678, 55, 43, 80, 0, 0, 0.06%, 9, 0, 8, 261.03
1733609683, 55, 45, 80, 0, 0, 0.06%, 9, 0, 8, 282.37
1733609688, 55, 52, 80, 0, 0, 0.06%, 9, 0, 8, 281.78
1733609693, 55, 55, 80, 0, 0, 0.06%, 9, 0, 8, 282.81
1733609698, 55, 71, 80, 0, 0, 0.06%, 9, 0, 8, 307.88
1733609709, 55, 79, 80, 0, 0, 0.06%, 9, 0, 8, 352.96
1733609724, 56, 11, 80, 0, 0, 0.06%, 9, 0, 8, 271.55
1733609729, 56, 13, 80, 0, 0, 0.06%, 9, 0, 8, 268.17
1733609734, 56, 15, 80, 0, 0, 0.06%, 9, 0, 8, 270.40
1733609739, 56, 23, 80, 0, 0, 0.06%, 9, 0, 8, 282.71
1733609744, 56, 37, 80, 0, 0, 0.06%, 9, 0, 8, 280.81
1733609749, 56, 43, 80, 0, 0, 0.06%, 9, 0, 8, 280.86
1733609754, 56, 49, 80, 0, 0, 0.06%, 9, 0, 8, 288.71
1733609759, 57, 11, 80, 0, 0, 0.06%, 9, 0, 8, 274.97
1733609765, 57, 13, 80, 0, 0, 0.06%, 9, 0, 8, 276.99
1733609770, 57, 15, 80, 0, 0, 0.06%, 9, 0, 8, 277.61
1733609775, 57, 23, 80, 0, 0, 0.06%, 9, 0, 8, 282.67
1733609780, 57, 32, 80, 0, 0, 0.06%, 9, 0, 8, 267.73
1733609785, 57, 37, 80, 0, 0, 0.06%, 9, 0, 8, 277.15
1733609790, 57, 43, 80, 0, 0, 0.06%, 9, 0, 8, 272.46
1733609795, 58, 11, 80, 0, 0, 0.06%, 9, 0, 8, 263.13
1733609800, 58, 13, 80, 0, 0, 0.06%, 9, 0, 8, 254.27
1733609805, 58, 15, 80, 0, 0, 0.06%, 9, 0, 8, 265.81
1733609810, 58, 23, 80, 0, 0, 0.06%, 9, 0, 8, 270.45
1733609815, 58, 37, 80, 0, 0, 0.06%, 9, 0, 8, 265.47
1733609820, 58, 43, 80, 0, 0, 0.06%, 9, 0, 8, 268.52
1733609826, 58, 55, 80, 0, 0, 0.06%, 9, 0, 8, 301.66
1733609831, 58, 62, 80, 0, 0, 0.06%, 9, 0, 8, 324.26
1733609836, 58, 67, 80, 0, 0, 0.06%, 9, 0, 8, 299.76
1733609841, 58, 78, 80, 0, 0, 0.06%, 9, 0, 8, 344.67
1733609856, 59, 8, 80, 0, 0, 0.06%, 9, 0, 8, 297.23
1733609861, 59, 12, 80, 0, 0, 0.06%, 9, 0, 8, 276.00
1733609866, 59, 14, 80, 0, 0, 0.06%, 9, 0, 8, 273.32
1733609871, 59, 23, 80, 0, 0, 0.06%, 9, 0, 8, 266.22
1733609876, 59, 37, 80, 0, 0, 0.06%, 9, 0, 8, 273.33
1733609881, 59, 43, 80, 0, 0, 0.06%, 9, 0, 8, 275.34
1733609886, 59, 49, 80, 0, 0, 0.06%, 9, 0, 8, 281.94
1733609891, 60, 11, 80, 0, 0, 0.06%, 9, 0, 8, 283.32
1733609896, 60, 13, 80, 0, 0, 0.06%, 9, 0, 8, 275.47
1733609901, 60, 15, 80, 0, 0, 0.06%, 9, 0, 8, 276.14
1733609906, 60, 23, 80, 0, 0, 0.06%, 9, 0, 8, 267.26
1733609911, 60, 32, 80, 0, 0, 0.06%, 9, 0, 8, 266.11
1733609917, 60, 37, 80, 0, 0, 0.06%, 9, 0, 8, 249.10
1733609922, 60, 43, 80, 0, 0, 0.06%, 9, 0, 8, 262.09
1733609927, 60, 61, 80, 0, 0, 0.06%, 9, 0, 8, 300.82
1733609932, 60, 63, 80, 0, 0, 0.06%, 9, 0, 8, 292.11
1733609937, 61, 11, 80, 0, 0, 0.06%, 9, 0, 8, 280.51
1733609942, 61, 13, 80, 0, 0, 0.06%, 9, 0, 8, 272.85
1733609947, 61, 15, 80, 0, 0, 0.06%, 9, 0, 8, 279.79
1733609952, 61, 23, 80, 0, 0, 0.06%, 9, 0, 8, 277.66
1733609957, 61, 37, 80, 0, 0, 0.06%, 9, 0, 8, 287.80
1733609967, 61, 43, 80, 0, 0, 0.06%, 9, 0, 8, 263.57
1733609973, 61, 54, 80, 0, 0, 0.06%, 9, 0, 8, 262.51
1733609993, 62, 12, 80, 0, 0, 0.06%, 9, 0, 8, 279.95
1733609998, 62, 14, 80, 0, 0, 0.06%, 9, 0, 8, 273.82
1733610003, 62, 15, 80, 0, 0, 0.06%, 9, 0, 8, 266.93
1733610008, 62, 18, 80, 0, 0, 0.06%, 9, 0, 8, 276.57
1733610013, 62, 23, 80, 0, 0, 0.06%, 9, 0, 8, 271.05
1733610018, 62, 32, 80, 0, 0, 0.06%, 9, 0, 8, 273.34
1733610023, 62, 37, 80, 0, 0, 0.06%, 9, 0, 8, 283.65
1733610028, 62, 43, 80, 0, 0, 0.06%, 9, 0, 8, 275.57
1733610033, 62, 69, 80, 0, 0, 0.06%, 9, 0, 8, 273.95
1733610039, 63, 12, 80, 0, 0, 0.06%, 9, 0, 8, 276.98
1733610044, 63, 14, 80, 0, 0, 0.06%, 9, 0, 8, 284.21
1733610049, 63, 23, 80, 0, 0, 0.06%, 9, 0, 8, 266.63
1733610054, 63, 37, 80, 0, 0, 0.06%, 9, 0, 8, 276.01
1733610059, 63, 38, 80, 0, 0, 0.06%, 9, 0, 8, 299.32
1733610064, 63, 43, 80, 0, 0, 0.06%, 9, 0, 8, 283.25
1733610069, 63, 68, 80, 0, 0, 0.06%, 9, 0, 8, 297.57
1733610074, 64, 11, 80, 0, 0, 0.06%, 9, 0, 8, 279.69
1733610079, 64, 13, 80, 0, 0, 0.06%, 9, 0, 8, 277.41
1733610085, 64, 15, 80, 0, 0, 0.06%, 9, 0, 8, 269.67
1733610090, 64, 18, 80, 0, 0, 0.06%, 9, 0, 8, 286.44
1733610095, 64, 23, 80, 0, 0, 0.06%, 9, 0, 8, 270.57
1733610100, 64, 37, 80, 0, 0, 0.06%, 9, 0, 8, 251.44
1733610105, 64, 38, 80, 0, 0, 0.06%, 9, 0, 8, 295.85
1733610110, 64, 43, 80, 0, 0, 0.06%, 9, 0, 8, 266.99
1733610115, 64, 62, 80, 0, 0, 0.06%, 9, 0, 8, 320.87
1733610120, 64, 69, 80, 0, 0, 0.06%, 9, 0, 8, 291.08
1733610125, 64, 77, 80, 0, 0, 0.06%, 9, 0, 8, 309.41
1733610141, 65, 12, 80, 0, 0, 0.06%, 9, 0, 8, 266.69
1733610146, 65, 13, 80, 0, 0, 0.06%, 9, 0, 8, 269.70
1733610151, 65, 15, 80, 0, 0, 0.06%, 9, 0, 8, 272.53
1733610156, 65, 23, 80, 0, 0, 0.06%, 9, 0, 8, 282.26
1733610161, 65, 27, 80, 0, 0, 0.06%, 9, 0, 8, 283.26
1733610166, 65, 37, 80, 0, 0, 0.06%, 9, 0, 8, 269.71
1733610171, 65, 43, 80, 0, 0, 0.06%, 9, 0, 8, 276.07
1733610176, 65, 70, 80, 0, 0, 0.06%, 9, 0, 8, 284.22
1733610181, 66, 12, 80, 0, 0, 0.06%, 9, 0, 8, 285.28
1733610186, 66, 14, 80, 0, 0, 0.06%, 9, 0, 8, 265.23
1733610191, 66, 22, 80, 0, 0, 0.06%, 9, 0, 8, 271.85
1733610201, 66, 23, 80, 0, 0, 0.06%, 9, 0, 8, 267.60
1733610207, 66, 37, 80, 0, 0, 0.06%, 9, 0, 8, 279.09
1733610212, 66, 43, 80, 0, 0, 0.06%, 9, 0, 8, 288.90
1733610217, 66, 73, 80, 0, 0, 0.06%, 9, 0, 8, 311.85
1733610237, 67, 12, 80, 0, 0, 0.06%, 9, 0, 8, 276.58
1733610242, 67, 14, 80, 0, 0, 0.06%, 9, 0, 8, 267.23
1733610247, 67, 23, 80, 0, 0, 0.06%, 9, 0, 8, 266.08
1733610252, 67, 32, 80, 0, 0, 0.06%, 9, 0, 8, 269.70
1733610257, 67, 37, 80, 0, 0, 0.06%, 9, 0, 8, 261.30
1733610262, 67, 41, 80, 0, 0, 0.06%, 9, 0, 8, 274.57
1733610267, 67, 43, 80, 0, 0, 0.06%, 9, 0, 8, 282.37
1733610272, 68, 11, 80, 0, 0, 0.06%, 9, 0, 8, 277.86
1733610277, 68, 13, 80, 0, 0, 0.06%, 9, 0, 8, 274.74
1733610283, 68, 14, 80, 0, 0, 0.06%, 9, 0, 8, 265.40
1733610288, 68, 23, 80, 0, 0, 0.06%, 9, 0, 8, 268.05
1733610293, 68, 28, 80, 0, 0, 0.06%, 9, 0, 8, 277.86
1733610298, 68, 37, 80, 0, 0, 0.06%, 9, 0, 8, 273.61
1733610303, 68, 43, 80, 0, 0, 0.06%, 9, 0, 8, 271.83
1733610308, 68, 50, 80, 0, 0, 0.06%, 9, 0, 8, 269.43
1733610313, 68, 57, 80, 0, 0, 0.06%, 9, 0, 8, 273.27
1733610318, 68, 58, 80, 0, 0, 0.06%, 9, 0, 8, 281.05
1733610323, 68, 68, 80, 0, 0, 0.06%, 9, 0, 8, 293.87
1733610328, 68, 76, 80, 0, 0, 0.06%, 9, 0, 8, 302.38
1733610359, 69, 11, 80, 0, 0, 0.06%, 9, 0, 8, 292.47
1733610364, 69, 13, 80, 0, 0, 0.06%, 9, 0, 8, 258.61
1733610369, 69, 15, 80, 0, 0, 0.06%, 9, 0, 8, 259.73
1733610374, 69, 23, 80, 0, 0, 0.06%, 9, 0, 8, 269.13
1733610379, 69, 28, 80, 0, 0, 0.06%, 9, 0, 8, 280.08
1733610384, 69, 35, 80, 0, 0, 0.06%, 9, 0, 8, 297.86
1733610389, 69, 37, 80, 0, 0, 0.06%, 9, 0, 8, 278.37
1733610394, 69, 42, 80, 0, 0, 0.06%, 9, 0, 8, 286.46
1733610399, 69, 43, 80, 0, 0, 0.06%, 9, 0, 8, 276.24
1733610404, 69, 79, 80, 0, 0, 0.06%, 9, 0, 8, 352.53
1733610425, 70, 12, 80, 0, 0, 0.06%, 9, 0, 8, 272.97
1733610430, 70, 14, 80, 0, 0, 0.06%, 9, 0, 8, 265.47
1733610435, 70, 18, 80, 0, 0, 0.06%, 9, 0, 8, 263.16
1733610440, 70, 23, 80, 0, 0, 0.06%, 9, 0, 8, 284.53
1733610445, 70, 27, 80, 0, 0, 0.06%, 9, 0, 8, 274.28
1733610450, 70, 29, 80, 0, 0, 0.06%, 9, 0, 8, 292.75
1733610455, 70, 37, 80, 0, 0, 0.06%, 9, 0, 8, 288.82
1733610460, 70, 43, 80, 0, 0, 0.06%, 9, 0, 8, 288.57
1733610470, 71, 13, 80, 0, 0, 0.06%, 9, 0, 8, 273.17
1733610475, 71, 15, 80, 0, 0, 0.06%, 9, 0, 8, 264.53
1733610480, 71, 23, 80, 0, 0, 0.06%, 9, 0, 8, 270.70
1733610486, 71, 33, 80, 0, 0, 0.06%, 9, 0, 8, 287.88
1733610491, 71, 37, 80, 0, 0, 0.06%, 9, 0, 8, 259.13
1733610496, 71, 43, 80, 0, 0, 0.06%, 9, 0, 8, 268.56
1733610501, 71, 60, 80, 0, 0, 0.06%, 9, 0, 8, 294.57
1733610506, 72, 11, 80, 0, 0, 0.06%, 9, 0, 8, 274.30
1733610511, 72, 13, 80, 0, 0, 0.06%, 9, 0, 8, 264.91
1733610516, 72, 15, 80, 0, 0, 0.06%, 9, 0, 8, 258.23
1733610521, 72, 23, 80, 0, 0, 0.06%, 9, 0, 8, 263.27
1733610526, 72, 37, 80, 0, 0, 0.06%, 9, 0, 8, 284.38
1733610531, 72, 43, 80, 0, 0, 0.06%, 9, 0, 8, 281.34
1733610536, 73, 12, 80, 0, 0, 0.06%, 9, 0, 8, 275.32
1733610542, 73, 14, 80, 0, 0, 0.06%, 9, 0, 8, 265.61
1733610547, 73, 23, 80, 0, 0, 0.06%, 9, 0, 8, 271.67
1733610552, 73, 29, 80, 0, 0, 0.06%, 9, 0, 8, 283.25
1733610557, 73, 31, 80, 0, 0, 0.06%, 9, 0, 8, 286.18
1733610562, 73, 37, 80, 0, 0, 0.06%, 9, 0, 8, 272.99
1733610567, 73, 43, 80, 0, 0, 0.06%, 9, 0, 8, 275.19
1733610572, 73, 56, 80, 0, 0, 0.06%, 9, 0, 8, 289.15
1733610577, 73, 77, 80, 0, 0, 0.06%, 9, 0, 8, 291.77
1733610587, 74, 12, 80, 0, 0, 0.06%, 9, 0, 8, 270.13
1733610592, 74, 14, 80, 0, 0, 0.06%, 9, 0, 8, 260.70
1733610597, 74, 23, 80, 0, 0, 0.06%, 9, 0, 8, 269.36
1733610603, 74, 37, 80, 0, 0, 0.06%, 9, 0, 8, 277.66
1733610613, 74, 38, 80, 0, 0, 0.06%, 9, 0, 8, 270.20
1733610618, 74, 43, 80, 0, 0, 0.06%, 9, 0, 8, 278.75
1733610623, 74, 67, 80, 0, 0, 0.06%, 9, 0, 8, 293.59
1733610628, 74, 79, 80, 0, 0, 0.06%, 9, 0, 8, 363.40
1733610643, 75, 11, 80, 0, 0, 0.06%, 9, 0, 8, 293.09
1733610648, 75, 13, 80, 0, 0, 0.06%, 9, 0, 8, 277.71
1733610654, 75, 15, 80, 0, 0, 0.06%, 9, 0, 8, 272.76
1733610659, 75, 37, 80, 0, 0, 0.06%, 9, 0, 8, 282.31
1733610669, 75, 43, 80, 0, 0, 0.06%, 9, 0, 8, 265.33
1733610674, 75, 44, 80, 0, 0, 0.06%, 9, 0, 8, 279.83
1733610679, 75, 73, 80, 0, 0, 0.06%, 9, 0, 8, 302.13
1733610689, 76, 12, 80, 0, 0, 0.06%, 9, 0, 8, 263.17
1733610694, 76, 14, 80, 0, 0, 0.06%, 9, 0, 8, 266.29
1733610699, 76, 23, 80, 0, 0, 0.06%, 9, 0, 8, 261.20
1733610704, 76, 24, 80, 0, 0, 0.06%, 9, 0, 8, 305.46
1733610709, 76, 37, 80, 0, 0, 0.06%, 9, 0, 8, 265.51
1733610714, 76, 39, 80, 0, 0, 0.06%, 9, 0, 8, 270.59
1733610719, 76, 43, 80, 0, 0, 0.06%, 9, 0, 8, 272.84
1733610724, 76, 51, 80, 0, 0, 0.06%, 9, 0, 8, 287.45
1733610730, 76, 78, 80, 0, 0, 0.06%, 9, 0, 8, 303.40
1733610750, 77, 11, 80, 0, 0, 0.06%, 9, 0, 8, 277.54
1733610755, 77, 13, 80, 0, 0, 0.06%, 9, 0, 8, 272.13
1733610760, 77, 15, 80, 0, 0, 0.06%, 9, 0, 8, 260.86
1733610765, 77, 17, 80, 0, 0, 0.06%, 9, 0, 8, 274.03
1733610770, 77, 23, 80, 0, 0, 0.06%, 9, 0, 8, 271.80
1733610775, 77, 25, 80, 0, 0, 0.06%, 9, 0, 8, 298.92
1733610780, 77, 37, 80, 0, 0, 0.06%, 9, 0, 8, 273.24
1733610785, 77, 43, 80, 0, 0, 0.06%, 9, 0, 8, 277.24
1733610790, 77, 48, 80, 0, 0, 0.06%, 9, 0, 8, 289.48
1733610795, 77, 66, 80, 0, 0, 0.06%, 9, 0, 8, 306.29
1733610806, 77, 76, 80, 0, 0, 0.06%, 9, 0, 8, 320.65
1733610821, 78, 11, 80, 0, 0, 0.06%, 9, 0, 8, 288.54
1733610826, 78, 13, 80, 0, 0, 0.06%, 9, 0, 8, 273.37
1733610831, 78, 15, 80, 0, 0, 0.06%, 9, 0, 8, 263.85
1733610836, 78, 23, 80, 0, 0, 0.06%, 9, 0, 8, 262.14
1733610841, 78, 37, 80, 0, 0, 0.06%, 9, 0, 8, 266.85
1733610846, 78, 43, 80, 0, 0, 0.06%, 9, 0, 8, 259.68
1733610851, 79, 11, 80, 0, 0, 0.06%, 9, 0, 8, 273.57
1733610856, 79, 13, 80, 0, 0, 0.06%, 9, 0, 8, 257.73
1733610861, 79, 15, 80, 0, 0, 0.06%, 9, 0, 8, 267.83
1733610866, 79, 23, 80, 0, 0, 0.06%, 9, 0, 8, 283.72
1733610871, 79, 27, 80, 0, 0, 0.06%, 9, 0, 8, 281.79
1733610876, 79, 37, 80, 0, 0, 0.06%, 9, 0, 8, 264.64
1733610881, 79, 43, 80, 0, 0, 0.06%, 9, 0, 8, 286.13
1733610886, 79, 70, 80, 0, 0, 0.06%, 9, 0, 8, 293.96
1733610891, 80, 12, 80, 0, 0, 0.06%, 9, 0, 8, 276.75
1733610896, 80, 14, 80, 0, 0, 0.06%, 9, 0, 8, 273.05
1733610901, 80, 15, 80, 0, 0, 0.06%, 9, 0, 8, 272.39
1733610907, 80, 23, 80, 0, 0, 0.06%, 9, 0, 8, 266.47
1733610912, 80, 37, 80, 0, 0, 0.06%, 9, 0, 8, 275.27
1733610917, 80, 43, 80, 0, 0, 0.06%, 9, 0, 8, 266.26
1733610922, 80, 47, 80, 0, 0, 0.06%, 9, 0, 8, 278.60
1733610927, 80, 53, 80, 0, 0, 0.06%, 9, 0, 8, 266.30
1733610932, 81, 12, 80, 0, 0, 0.06%, 9, 0, 8, 272.67
1733610937, 81, 14, 80, 0, 0, 0.06%, 9, 0, 8, 266.47
1733610942, 81, 23, 80, 0, 0, 0.06%, 9, 0, 8, 264.86
1733610947, 81, 28, 80, 0, 0, 0.06%, 9, 0, 8, 267.16
1733610952, 81, 36, 80, 0, 0, 0.06%, 9, 0, 8, 270.33
1733610957, 81, 37, 80, 0, 0, 0.06%, 9, 0, 8, 285.98
1733610967, 81, 39, 80, 0, 0, 0.06%, 9, 0, 8, 269.04
1733610973, 81, 41, 80, 0, 0, 0.06%, 9, 0, 8, 276.40
1733610978, 81, 43, 80, 0, 0, 0.06%, 9, 0, 8, 265.11
1733610983, 81, 50, 80, 0, 0, 0.06%, 9, 0, 8, 278.08
1733610988, 81, 54, 80, 0, 0, 0.06%, 9, 0, 8, 269.31
1733610993, 81, 56, 80, 0, 0, 0.06%, 9, 0, 8, 306.59
1733610998, 82, 12, 80, 0, 0, 0.06%, 9, 0, 8, 274.68
1733611003, 82, 14, 80, 0, 0, 0.06%, 9, 0, 8, 272.96
1733611008, 82, 23, 80, 0, 0, 0.06%, 9, 0, 8, 266.81
1733611013, 82, 24, 80, 0, 0, 0.06%, 9, 0, 8, 295.59
1733611018, 82, 31, 80, 0, 0, 0.06%, 9, 0, 8, 296.70
1733611023, 82, 37, 80, 0, 0, 0.06%, 9, 0, 8, 271.40
1733611029, 82, 43, 80, 0, 0, 0.06%, 9, 0, 8, 266.80
1733611034, 82, 61, 80, 0, 0, 0.06%, 9, 0, 8, 282.45
1733611039, 82, 62, 80, 0, 0, 0.06%, 9, 0, 8, 305.58
1733611044, 82, 67, 80, 0, 0, 0.06%, 9, 0, 8, 331.99
1733611049, 83, 11, 80, 0, 0, 0.06%, 9, 0, 8, 283.00
1733611054, 83, 13, 80, 0, 0, 0.06%, 9, 0, 8, 264.30
1733611059, 83, 15, 80, 0, 0, 0.06%, 9, 0, 8, 270.49
1733611064, 83, 23, 80, 0, 0, 0.06%, 9, 0, 8, 260.98
1733611069, 83, 37, 80, 0, 0, 0.06%, 9, 0, 8, 260.21
1733611074, 83, 43, 80, 0, 0, 0.06%, 9, 0, 8, 285.39
1733611079, 83, 46, 80, 0, 0, 0.06%, 9, 0, 8, 266.06
1733611099, 83, 54, 80, 0, 0, 0.06%, 9, 0, 8, 261.12
1733611105, 83, 55, 80, 0, 0, 0.06%, 9, 0, 8, 269.46
1733611110, 83, 67, 80, 0, 0, 0.06%, 9, 0, 8, 304.44
1733611115, 84, 11, 80, 0, 0, 0.06%, 9, 0, 8, 282.37
1733611120, 84, 13, 80, 0, 0, 0.06%, 9, 0, 8, 274.75
1733611125, 84, 15, 80, 0, 0, 0.06%, 9, 0, 8, 280.48
1733611130, 84, 23, 80, 0, 0, 0.06%, 9, 0, 8, 281.16
1733611135, 84, 37, 80, 0, 0, 0.06%, 9, 0, 8, 274.60
1733611141, 84, 38, 80, 0, 0, 0.06%, 9, 0, 8, 291.04
1733611146, 84, 43, 80, 0, 0, 0.06%, 9, 0, 8, 288.86
1733611151, 84, 48, 80, 0, 0, 0.06%, 9, 0, 8, 294.80
1733611156, 84, 54, 80, 0, 0, 0.06%, 9, 0, 8, 278.46
1733611161, 84, 67, 80, 0, 0, 0.06%, 9, 0, 8, 304.99
1733611166, 84, 78, 80, 0, 0, 0.06%, 9, 0, 8, 356.00
1733611187, 85, 11, 80, 0, 0, 0.06%, 9, 0, 8, 275.29
1733611192, 85, 13, 80, 0, 0, 0.06%, 9, 0, 8, 276.60
1733611197, 85, 15, 80, 0, 0, 0.06%, 9, 0, 8, 269.92
1733611202, 85, 17, 80, 0, 0, 0.06%, 9, 0, 8, 298.21
1733611207, 85, 23, 80, 0, 0, 0.06%, 9, 0, 8, 285.60
1733611212, 85, 37, 80, 0, 0, 0.06%, 9, 0, 8, 284.48
1733611217, 85, 43, 80, 0, 0, 0.06%, 9, 0, 8, 257.59
1733611222, 85, 51, 80, 0, 0, 0.06%, 9, 0, 8, 289.77
1733611227, 85, 75, 80, 0, 0, 0.06%, 9, 0, 8, 294.36
1733611247, 86, 11, 80, 0, 0, 0.06%, 9, 0, 8, 268.71
1733611252, 86, 13, 80, 0, 0, 0.06%, 9, 0, 8, 264.03
1733611257, 86, 15, 80, 0, 0, 0.06%, 9, 0, 8, 279.71
1733611262, 86, 23, 80, 0, 0, 0.06%, 9, 0, 8, 262.09
1733611267, 86, 37, 80, 0, 0, 0.06%, 9, 0, 8, 269.74
1733611272, 86, 41, 80, 0, 0, 0.06%, 9, 0, 8, 264.57
1733611278, 86, 43, 80, 0, 0, 0.06%, 9, 0, 8, 268.76
1733611283, 86, 71, 80, 0, 0, 0.06%, 9, 0, 8, 314.12
1733611288, 86, 77, 80, 0, 0, 0.06%, 9, 0, 8, 295.96
1733611293, 86, 79, 80, 0, 0, 0.06%, 9, 0, 8, 332.90
1733611313, 87, 11, 80, 0, 0, 0.06%, 9, 0, 8, 279.08
1733611318, 87, 13, 80, 0, 0, 0.06%, 9, 0, 8, 262.42
1733611323, 87, 15, 80, 0, 0, 0.06%, 9, 0, 8, 270.81
1733611328, 87, 23, 80, 0, 0, 0.06%, 9, 0, 8, 268.58
1733611333, 87, 37, 80, 0, 0, 0.06%, 9, 0, 8, 267.63
1733611338, 87, 43, 80, 0, 0, 0.06%, 9, 0, 8, 273.19
1733611343, 87, 58, 80, 0, 0, 0.06%, 9, 0, 8, 293.23
1733611348, 87, 74, 80, 0, 0, 0.06%, 9, 0, 8, 278.56
1733611353, 88, 12, 80, 0, 0, 0.06%, 9, 0, 8, 260.14
1733611358, 88, 13, 80, 0, 0, 0.06%, 9, 0, 8, 270.30
1733611363, 88, 15, 80, 0, 0, 0.06%, 9, 0, 8, 277.39
1733611368, 88, 37, 80, 0, 0, 0.06%, 9, 0, 8, 274.73
1733611379, 88, 43, 80, 0, 0, 0.06%, 9, 0, 8, 286.72
1733611384, 88, 56, 80, 0, 0, 0.06%, 9, 0, 8, 283.18
1733611389, 88, 74, 80, 0, 0, 0.06%, 9, 0, 8, 261.21
1733611394, 88, 75, 80, 0, 0, 0.06%, 9, 0, 8, 296.20
1733611414, 88, 78, 80, 0, 0, 0.06%, 9, 0, 8, 354.46
1733611429, 89, 0, 80, 0, 0, 0.06%, 9, 0, 8, 271.71
1733611434, 89, 12, 80, 0, 0, 0.06%, 9, 0, 8, 268.67
1733611440, 89, 14, 80, 0, 0, 0.06%, 9, 0, 8, 271.56
1733611445, 89, 23, 80, 0, 0, 0.06%, 9, 0, 8, 265.29
1733611450, 89, 37, 80, 0, 0, 0.06%, 9, 0, 8, 272.63
1733611455, 89, 43, 80, 0, 0, 0.06%, 9, 0, 8, 266.71
1733611460, 89, 47, 80, 0, 0, 0.06%, 9, 0, 8, 284.38
1733611465, 89, 62, 80, 0, 0, 0.06%, 9, 0, 8, 314.43
1733611470, 90, 11, 80, 0, 0, 0.06%, 9, 0, 8, 290.08
1733611475, 90, 13, 80, 0, 0, 0.06%, 9, 0, 8, 270.46
1733611480, 90, 15, 80, 0, 0, 0.06%, 9, 0, 8, 261.29
1733611485, 90, 23, 80, 0, 0, 0.06%, 9, 0, 8, 274.33
1733611490, 90, 29, 80, 0, 0, 0.06%, 9, 0, 8, 297.28
1733611495, 90, 37, 80, 0, 0, 0.06%, 9, 0, 8, 278.64
1733611500, 90, 43, 80, 0, 0, 0.06%, 9, 0, 8, 272.94
1733611506, 90, 45, 80, 0, 0, 0.06%, 9, 0, 8, 269.43
1733611511, 90, 73, 80, 0, 0, 0.06%, 9, 0, 8, 310.86
1733611521, 91, 12, 80, 0, 0, 0.06%, 9, 0, 8, 272.65
1733611526, 91, 14, 80, 0, 0, 0.06%, 9, 0, 8, 267.09
1733611531, 91, 23, 80, 0, 0, 0.06%, 9, 0, 8, 267.31
1733611541, 91, 37, 80, 0, 0, 0.06%, 9, 0, 8, 282.60
1733611546, 91, 43, 80, 0, 0, 0.06%, 9, 0, 8, 268.75
1733611551, 91, 57, 80, 0, 0, 0.06%, 9, 0, 8, 275.21
1733611557, 92, 12, 80, 0, 0, 0.06%, 9, 0, 8, 277.98
1733611562, 92, 14, 80, 0, 0, 0.06%, 9, 0, 8, 257.70
1733611567, 92, 23, 80, 0, 0, 0.06%, 9, 0, 8, 273.65
1733611572, 92, 27, 80, 0, 0, 0.06%, 9, 0, 8, 287.45
1733611577, 92, 37, 80, 0, 0, 0.06%, 9, 0, 8, 264.48
1733611582, 92, 43, 80, 0, 0, 0.06%, 9, 0, 8, 258.57
1733611592, 93, 12, 80, 0, 0, 0.06%, 9, 0, 8, 272.14
1733611597, 93, 15, 80, 0, 0, 0.06%, 9, 0, 8, 283.11
1733611602, 93, 23, 80, 0, 0, 0.06%, 9, 0, 8, 268.82
1733611607, 93, 32, 80, 0, 0, 0.06%, 9, 0, 8, 275.10
1733611612, 93, 37, 80, 0, 0, 0.06%, 9, 0, 8, 268.53
1733611617, 93, 43, 80, 0, 0, 0.06%, 9, 0, 8, 267.32
1733611622, 93, 46, 80, 0, 0, 0.06%, 9, 0, 8, 265.31
1733611627, 94, 11, 80, 0, 0, 0.06%, 9, 0, 8, 270.96
1733611632, 94, 13, 80, 0, 0, 0.06%, 9, 0, 8, 273.05
1733611637, 94, 15, 80, 0, 0, 0.06%, 9, 0, 8, 268.39
1733611642, 94, 23, 80, 0, 0, 0.06%, 9, 0, 8, 277.25
1733611647, 94, 37, 80, 0, 0, 0.06%, 9, 0, 8, 280.18
1733611653, 94, 43, 80, 0, 0, 0.06%, 9, 0, 8, 273.90
1733611658, 94, 46, 80, 0, 0, 0.06%, 9, 0, 8, 272.65
1733611663, 94, 59, 80, 0, 0, 0.06%, 9, 0, 8, 281.14
1733611668, 95, 11, 80, 0, 0, 0.06%, 9, 0, 8, 273.87
1733611673, 95, 13, 80, 0, 0, 0.06%, 9, 0, 8, 278.68
1733611678, 95, 15, 80, 0, 0, 0.06%, 9, 0, 8, 280.56
1733611683, 95, 23, 80, 0, 0, 0.06%, 9, 0, 8, 269.46
1733611688, 95, 37, 80, 0, 0, 0.06%, 9, 0, 8, 260.70
1733611693, 95, 38, 80, 0, 0, 0.06%, 9, 0, 8, 302.76
1733611698, 95, 43, 80, 0, 0, 0.06%, 9, 0, 8, 274.18
1733611703, 95, 65, 80, 0, 0, 0.06%, 9, 0, 8, 293.43
1733611708, 95, 68, 80, 0, 0, 0.06%, 9, 0, 8, 292.39
1733611713, 96, 7, 80, 0, 0, 0.06%, 9, 0, 8, 273.01
1733611718, 96, 12, 80, 0, 0, 0.06%, 9, 0, 8, 266.73
1733611723, 96, 14, 80, 0, 0, 0.06%, 9, 0, 8, 269.64
1733611729, 96, 23, 80, 0, 0, 0.06%, 9, 0, 8, 270.43
1733611734, 96, 27, 80, 0, 0, 0.06%, 9, 0, 8, 289.53
1733611739, 96, 37, 80, 0, 0, 0.06%, 9, 0, 8, 265.03
1733611744, 96, 43, 80, 0, 0, 0.06%, 9, 0, 8, 274.00
1733611749, 96, 49, 80, 0, 0, 0.06%, 9, 0, 8, 295.27
1733611754, 96, 79, 80, 0, 0, 0.06%, 9, 0, 8, 333.70
1733611775, 97, 11, 80, 0, 0, 0.06%, 9, 0, 8, 260.00
1733611780, 97, 13, 80, 0, 0, 0.06%, 9, 0, 8, 268.22
1733611785, 97, 15, 80, 0, 0, 0.06%, 9, 0, 8, 265.28
1733611790, 97, 23, 80, 0, 0, 0.06%, 9, 0, 8, 268.06
1733611795, 97, 37, 80, 0, 0, 0.06%, 9, 0, 8, 267.39
1733611800, 97, 43, 80, 0, 0, 0.06%, 9, 0, 8, 261.57
1733611805, 97, 48, 80, 0, 0, 0.06%, 9, 0, 8, 279.58
1733611810, 98, 11, 80, 0, 0, 0.06%, 9, 0, 8, 268.60
1733611815, 98, 13, 80, 0, 0, 0.06%, 9, 0, 8, 275.22
1733611820, 98, 15, 80, 0, 0, 0.06%, 9, 0, 8, 274.63
1733611825, 98, 23, 80, 0, 0, 0.06%, 9, 0, 8, 282.28
1733611830, 98, 37, 80, 0, 0, 0.06%, 9, 0, 8, 287.90
1733611836, 98, 43, 80, 0, 0, 0.06%, 9, 0, 8, 271.05
1733611841, 98, 72, 80, 0, 0, 0.06%, 9, 0, 8, 326.60
1733611851, 99, 12, 80, 0, 0, 0.06%, 9, 0, 8, 267.83
1733611856, 99, 14, 80, 0, 0, 0.06%, 9, 0, 8, 268.47
1733611861, 99, 23, 80, 0, 0, 0.06%, 9, 0, 8, 261.60
1733611866, 99, 29, 80, 0, 0, 0.06%, 9, 0, 8, 299.71
1733611871, 99, 31, 80, 0, 0, 0.06%, 9, 0, 8, 289.54
1733611876, 99, 37, 80, 0, 0, 0.06%, 9, 0, 8, 262.68
1733611881, 99, 43, 80, 0, 0, 0.06%, 9, 0, 8, 268.29
1733611886, 99, 67, 80, 0, 0, 0.06%, 9, 0, 8, 308.11
1733611891, 99, 73, 80, 0, 0, 0.06%, 9, 0, 8, 314.47
1733611897, 100, 11, 80, 0, 0, 0.06%, 9, 0, 8, 267.74
1733611902, 100, 13, 80, 0, 0, 0.06%, 9, 0, 8, 269.16
1733611907, 100, 15, 80, 0, 0, 0.06%, 9, 0, 8, 265.06
1733611912, 100, 18, 80, 0, 0, 0.06%, 9, 0, 8, 272.70
1733611917, 100, 23, 80, 0, 0, 0.06%, 9, 0, 8, 275.85
1733611922, 100, 37, 80, 0, 0, 0.06%, 9, 0, 8, 263.85
1733611927, 100, 43, 80, 0, 0, 0.06%, 9, 0, 8, 267.43
1733611932, 100, 44, 80, 0, 0, 0.06%, 9, 0, 8, 288.66
1733611937, 100, 59, 80, 0, 0, 0.06%, 9, 0, 8, 277.41
1733611943, 100, 70, 80, 0, 0, 0.06%, 9, 0, 8, 284.88
1733611948, 100, 76, 80, 0, 0, 0.06%, 9, 0, 8, 306.60
1733611963, 101, 11, 80, 0, 0, 0.06%, 9, 0, 8, 266.11
1733611968, 101, 13, 80, 0, 0, 0.06%, 9, 0, 8, 272.91
1733611973, 101, 15, 80, 0, 0, 0.06%, 9, 0, 8, 263.49
1733611978, 101, 23, 80, 0, 0, 0.06%, 9, 0, 8, 267.37
1733611983, 101, 32, 80, 0, 0, 0.06%, 9, 0, 8, 268.89
1733611988, 101, 37, 80, 0, 0, 0.06%, 9, 0, 8, 266.76
1733611993, 101, 43, 80, 0, 0, 0.06%, 9, 0, 8, 264.02
1733611998, 101, 51, 80, 0, 0, 0.06%, 9, 0, 8, 297.12
1733612003, 101, 65, 80, 0, 0, 0.06%, 9, 0, 8, 299.06
1733612008, 101, 67, 80, 0, 0, 0.06%, 9, 0, 8, 307.02
1733612013, 102, 12, 80, 0, 0, 0.06%, 9, 0, 8, 282.42
1733612019, 102, 14, 80, 0, 0, 0.06%, 9, 0, 8, 282.83
1733612024, 102, 23, 80, 0, 0, 0.06%, 9, 0, 8, 252.01
1733612029, 102, 33, 80, 0, 0, 0.06%, 9, 0, 8, 295.75
1733612034, 102, 37, 80, 0, 0, 0.06%, 9, 0, 8, 262.35
1733612039, 102, 43, 80, 0, 0, 0.06%, 9, 0, 8, 271.22
1733612044, 102, 59, 80, 0, 0, 0.06%, 9, 0, 8, 285.21
1733612049, 102, 67, 80, 0, 0, 0.06%, 9, 0, 8, 315.40
1733612054, 103, 11, 80, 0, 0, 0.06%, 9, 0, 8, 301.14
1733612059, 103, 13, 80, 0, 0, 0.06%, 9, 0, 8, 273.23
1733612064, 103, 15, 80, 0, 0, 0.06%, 9, 0, 8, 268.57
1733612069, 103, 23, 80, 0, 0, 0.06%, 9, 0, 8, 273.91
1733612074, 103, 37, 80, 0, 0, 0.06%, 9, 0, 8, 279.42
1733612080, 103, 43, 80, 0, 0, 0.06%, 9, 0, 8, 270.17
1733612085, 103, 63, 80, 0, 0, 0.06%, 9, 0, 8, 288.87
1733612090, 103, 72, 80, 0, 0, 0.06%, 9, 0, 8, 304.48
1733612095, 104, 11, 80, 0, 0, 0.06%, 9, 0, 8, 272.44
1733612100, 104, 13, 80, 0, 0, 0.06%, 9, 0, 8, 264.99
1733612105, 104, 15, 80, 0, 0, 0.06%, 9, 0, 8, 261.08
1733612110, 104, 23, 80, 0, 0, 0.06%, 9, 0, 8, 261.51
1733612115, 104, 37, 80, 0, 0, 0.06%, 9, 0, 8, 269.84
1733612120, 104, 43, 80, 0, 0, 0.06%, 9, 0, 8, 268.50
1733612125, 104, 66, 80, 0, 0, 0.06%, 9, 0, 8, 304.11
1733612130, 104, 72, 80, 0, 0, 0.06%, 9, 0, 8, 301.55
1733612135, 105, 12, 80, 0, 0, 0.06%, 9, 0, 8, 267.16
1733612140, 105, 14, 80, 0, 0, 0.06%, 9, 0, 8, 265.27
1733612145, 105, 23, 80, 0, 0, 0.06%, 9, 0, 8, 268.63
1733612150, 105, 37, 80, 0, 0, 0.06%, 9, 0, 8, 275.77
1733612156, 105, 43, 80, 0, 0, 0.06%, 9, 0, 8, 281.37
1733612161, 105, 72, 80, 0, 0, 0.06%, 9, 0, 8, 306.96
1733612166, 106, 11, 80, 0, 0, 0.06%, 9, 0, 8, 285.64
1733612171, 106, 13, 80, 0, 0, 0.06%, 9, 0, 8, 269.56
1733612176, 106, 14, 80, 0, 0, 0.06%, 9, 0, 8, 271.22
1733612181, 106, 23, 80, 0, 0, 0.06%, 9, 0, 8, 278.59
1733612186, 106, 30, 80, 0, 0, 0.06%, 9, 0, 8, 276.16
1733612191, 106, 37, 80, 0, 0, 0.06%, 9, 0, 8, 265.47
1733612196, 106, 43, 80, 0, 0, 0.06%, 9, 0, 8, 270.20
1733612201, 107, 11, 80, 0, 0, 0.06%, 9, 0, 8, 270.09
1733612206, 107, 13, 80, 0, 0, 0.06%, 9, 0, 8, 277.26
1733612212, 107, 15, 80, 0, 0, 0.06%, 9, 0, 8, 267.98
1733612217, 107, 21, 80, 0, 0, 0.06%, 9, 0, 8, 265.91
1733612222, 107, 23, 80, 0, 0, 0.06%, 9, 0, 8, 265.60
1733612227, 107, 26, 80, 0, 0, 0.06%, 9, 0, 8, 263.36
1733612242, 107, 37, 80, 0, 0, 0.06%, 9, 0, 8, 283.48
1733612247, 107, 38, 80, 0, 0, 0.06%, 9, 0, 8, 289.36
1733612252, 107, 43, 80, 0, 0, 0.06%, 9, 0, 8, 280.42
1733612257, 107, 77, 80, 0, 0, 0.06%, 9, 0, 8, 292.52
1733612267, 108, 10, 80, 0, 0, 0.06%, 9, 0, 8, 274.49
1733612272, 108, 12, 80, 0, 0, 0.06%, 9, 0, 8, 266.51
1733612277, 108, 15, 80, 0, 0, 0.06%, 9, 0, 8, 263.94
1733612283, 108, 23, 80, 0, 0, 0.06%, 9, 0, 8, 267.89
1733612288, 108, 37, 80, 0, 0, 0.06%, 9, 0, 8, 283.86
1733612293, 108, 43, 80, 0, 0, 0.06%, 9, 0, 8, 272.39
1733612298, 108, 48, 80, 0, 0, 0.06%, 9, 0, 8, 277.38
1733612303, 108, 51, 80, 0, 0, 0.06%, 9, 0, 8, 283.30
1733612308, 108, 54, 80, 0, 0, 0.06%, 9, 0, 8, 277.07
1733612313, 109, 11, 80, 0, 0, 0.06%, 9, 0, 8, 276.08
1733612318, 109, 13, 80, 0, 0, 0.06%, 9, 0, 8, 268.74
1733612323, 109, 15, 80, 0, 0, 0.06%, 9, 0, 8, 267.95
1733612328, 109, 23, 80, 0, 0, 0.06%, 9, 0, 8, 278.73
1733612334, 109, 37, 80, 0, 0, 0.06%, 9, 0, 8, 268.48
1733612339, 109, 38, 80, 0, 0, 0.06%, 9, 0, 8, 299.88
1733612344, 109, 42, 80, 0, 0, 0.06%, 9, 0, 8, 299.30
1733612349, 109, 43, 80, 0, 0, 0.06%, 9, 0, 8, 281.11
1733612354, 109, 52, 80, 0, 0, 0.06%, 9, 0, 8, 282.43
1733612359, 109, 54, 80, 0, 0, 0.06%, 9, 0, 8, 285.14
1733612364, 109, 70, 80, 0, 0, 0.06%, 9, 0, 8, 282.10
1733612369, 110, 11, 80, 0, 0, 0.06%, 9, 0, 8, 272.24
1733612374, 110, 13, 80, 0, 0, 0.06%, 9, 0, 8, 274.18
1733612379, 110, 15, 80, 0, 0, 0.06%, 9, 0, 8, 268.34
1733612385, 110, 23, 80, 0, 0, 0.06%, 9, 0, 8, 276.06
1733612390, 110, 34, 80, 0, 0, 0.06%, 9, 0, 8, 294.64
1733612395, 110, 37, 80, 0, 0, 0.06%, 9, 0, 8, 272.39
1733612400, 110, 43, 80, 0, 0, 0.06%, 9, 0, 8, 285.96
1733612405, 110, 73, 80, 0, 0, 0.06%, 9, 0, 8, 302.54
1733612410, 111, 11, 80, 0, 0, 0.06%, 9, 0, 8, 272.39
1733612415, 111, 13, 80, 0, 0, 0.06%, 9, 0, 8, 268.61
1733612420, 111, 15, 80, 0, 0, 0.06%, 9, 0, 8, 266.79
1733612425, 111, 23, 80, 0, 0, 0.06%, 9, 0, 8, 268.24
1733612430, 111, 37, 80, 0, 0, 0.06%, 9, 0, 8, 277.28
1733612435, 111, 43, 80, 0, 0, 0.06%, 9, 0, 8, 265.51
1733612440, 112, 11, 80, 0, 0, 0.06%, 9, 0, 8, 260.46
1733612445, 112, 13, 80, 0, 0, 0.06%, 9, 0, 8, 264.07
1733612450, 112, 15, 80, 0, 0, 0.06%, 9, 0, 8, 266.61
1733612456, 112, 17, 80, 0, 0, 0.06%, 9, 0, 8, 283.43
1733612461, 112, 23, 80, 0, 0, 0.06%, 9, 0, 8, 275.65
1733612466, 112, 37, 80, 0, 0, 0.06%, 9, 0, 8, 263.58
1733612471, 112, 43, 80, 0, 0, 0.06%, 9, 0, 8, 269.21
1733612476, 112, 56, 80, 0, 0, 0.06%, 9, 0, 8, 289.82
1733612481, 113, 12, 80, 0, 0, 0.06%, 9, 0, 8, 274.24
1733612487, 113, 14, 80, 0, 0, 0.06%, 9, 0, 8, 272.79
1733612492, 113, 23, 80, 0, 0, 0.06%, 9, 0, 8, 269.12
1733612497, 113, 37, 80, 0, 0, 0.06%, 9, 0, 8, 269.37
1733612502, 113, 43, 80, 0, 0, 0.06%, 9, 0, 8, 274.51
1733612507, 113, 67, 80, 0, 0, 0.06%, 9, 0, 8, 281.02
1733612512, 114, 11, 80, 0, 0, 0.06%, 9, 0, 8, 288.74
1733612517, 114, 13, 80, 0, 0, 0.06%, 9, 0, 8, 270.32
1733612522, 114, 15, 80, 0, 0, 0.06%, 9, 0, 8, 256.48
1733612527, 114, 19, 80, 0, 0, 0.06%, 9, 0, 8, 296.47
1733612532, 114, 23, 80, 0, 0, 0.06%, 9, 0, 8, 259.25
1733612538, 114, 37, 80, 0, 0, 0.06%, 9, 0, 8, 262.10
1733612543, 114, 43, 80, 0, 0, 0.06%, 9, 0, 8, 263.83
1733612548, 114, 67, 80, 0, 0, 0.06%, 9, 0, 8, 306.59
1733612553, 114, 75, 80, 0, 0, 0.06%, 9, 0, 8, 291.36
1733612563, 114, 78, 80, 0, 0, 0.06%, 9, 0, 8, 330.45
1733612583, 115, 12, 80, 0, 0, 0.06%, 9, 0, 8, 280.49
1733612588, 115, 14, 80, 0, 0, 0.06%, 9, 0, 8, 270.54
1733612593, 115, 18, 80, 0, 0, 0.06%, 9, 0, 8, 267.58
1733612598, 115, 23, 80, 0, 0, 0.06%, 9, 0, 8, 269.27
1733612604, 115, 35, 80, 0, 0, 0.06%, 9, 0, 8, 297.50
1733612609, 115, 37, 80, 0, 0, 0.06%, 9, 0, 8, 262.64
1733612614, 115, 43, 80, 0, 0, 0.06%, 9, 0, 8, 273.15
1733612619, 115, 51, 80, 0, 0, 0.06%, 9, 0, 8, 289.84
1733612624, 115, 74, 80, 0, 0, 0.06%, 9, 0, 8, 277.41
1733612629, 116, 11, 80, 0, 0, 0.06%, 9, 0, 8, 263.60
1733612634, 116, 13, 80, 0, 0, 0.06%, 9, 0, 8, 268.30
1733612639, 116, 15, 80, 0, 0, 0.06%, 9, 0, 8, 269.76
1733612644, 116, 23, 80, 0, 0, 0.06%, 9, 0, 8, 278.86
1733612650, 116, 31, 80, 0, 0, 0.06%, 9, 0, 8, 286.98
1733612655, 116, 37, 80, 0, 0, 0.06%, 9, 0, 8, 269.92
1733612660, 116, 43, 80, 0, 0, 0.06%, 9, 0, 8, 266.45
1733612665, 116, 79, 80, 0, 0, 0.06%, 9, 0, 8, 338.30
1733612685, 117, 12, 80, 0, 0, 0.06%, 9, 0, 8, 275.84
1733612690, 117, 14, 80, 0, 0, 0.06%, 9, 0, 8, 286.15
1733612695, 117, 23, 80, 0, 0, 0.06%, 9, 0, 8, 260.51
1733612700, 117, 31, 80, 0, 0, 0.06%, 9, 0, 8, 280.74
1733612705, 117, 37, 80, 0, 0, 0.06%, 9, 0, 8, 262.79
1733612710, 117, 40, 80, 0, 0, 0.06%, 9, 0, 8, 278.25
1733612715, 117, 43, 80, 0, 0, 0.06%, 9, 0, 8, 262.23
1733612720, 118, 2, 80, 0, 0, 0.06%, 9, 0, 8, 264.81
1733612726, 118, 12, 80, 0, 0, 0.06%, 9, 0, 8, 263.70
1733612731, 118, 14, 80, 0, 0, 0.06%, 9, 0, 8, 256.85
1733612736, 118, 19, 80, 0, 0, 0.06%, 9, 0, 8, 288.64
1733612741, 118, 23, 80, 0, 0, 0.06%, 9, 0, 8, 275.50
1733612746, 118, 27, 80, 0, 0, 0.06%, 9, 0, 8, 289.40
1733612751, 118, 37, 80, 0, 0, 0.06%, 9, 0, 8, 271.92
1733612756, 118, 42, 80, 0, 0, 0.06%, 9, 0, 8, 305.30
1733612761, 118, 43, 80, 0, 0, 0.06%, 9, 0, 8, 262.17
1733612766, 119, 11, 80, 0, 0, 0.06%, 9, 0, 8, 274.53
1733612771, 119, 13, 80, 0, 0, 0.06%, 9, 0, 8, 271.19
1733612776, 119, 15, 80, 0, 0, 0.06%, 9, 0, 8, 276.86
1733612781, 119, 17, 80, 0, 0, 0.06%, 9, 0, 8, 274.63
1733612787, 119, 23, 80, 0, 0, 0.06%, 9, 0, 8, 277.73
1733612792, 119, 27, 80, 0, 0, 0.06%, 9, 0, 8, 283.86
1733612797, 119, 37, 80, 0, 0, 0.06%, 9, 0, 8, 271.32
1733612802, 119, 43, 80, 0, 0, 0.06%, 9, 0, 8, 268.84
1733612807, 119, 48, 80, 0, 0, 0.06%, 9, 0, 8, 274.26
1733612812, 120, 11, 80, 0, 0, 0.06%, 9, 0, 8, 267.66
1733612817, 120, 13, 80, 0, 0, 0.06%, 9, 0, 8, 268.58
1733612822, 120, 15, 80, 0, 0, 0.06%, 9, 0, 8, 274.54
1733612827, 120, 23, 80, 0, 0, 0.06%, 9, 0, 8, 291.72
1733612832, 120, 34, 80, 0, 0, 0.06%, 9, 0, 8, 309.22
1733612838, 120, 37, 80, 0, 0, 0.06%, 9, 0, 8, 263.28
1733612843, 120, 43, 80, 0, 0, 0.06%, 9, 0, 8, 279.68
1733612848, 120, 58, 80, 0, 0, 0.06%, 9, 0, 8, 292.29
1733612853, 120, 63, 80, 0, 0, 0.06%, 9, 0, 8, 289.69
1733612858, 121, 12, 80, 0, 0, 0.06%, 9, 0, 8, 275.91
1733612863, 121, 14, 80, 0, 0, 0.06%, 9, 0, 8, 276.98
1733612868, 121, 20, 80, 0, 0, 0.06%, 9, 0, 8, 280.75
1733612873, 121, 23, 80, 0, 0, 0.06%, 9, 0, 8, 276.00
1733612878, 121, 37, 80, 0, 0, 0.06%, 9, 0, 8, 273.75
1733612883, 121, 43, 80, 0, 0, 0.06%, 9, 0, 8, 267.53
1733612893, 121, 51, 80, 0, 0, 0.06%, 9, 0, 8, 280.43
1733612898, 122, 9, 80, 0, 0, 0.06%, 9, 0, 8, 287.85
1733612903, 122, 12, 80, 0, 0, 0.06%, 9, 0, 8, 277.75
1733612909, 122, 14, 80, 0, 0, 0.06%, 9, 0, 8, 265.95
1733612914, 122, 23, 80, 0, 0, 0.06%, 9, 0, 8, 264.06
1733612919, 122, 37, 80, 0, 0, 0.06%, 9, 0, 8, 265.28
1733612924, 122, 43, 80, 0, 0, 0.06%, 9, 0, 8, 273.70
1733612929, 122, 52, 80, 0, 0, 0.06%, 9, 0, 8, 298.09
1733612934, 122, 68, 80, 0, 0, 0.06%, 9, 0, 8, 286.45
1733612939, 122, 69, 80, 0, 0, 0.06%, 9, 0, 8, 285.74
1733612944, 122, 77, 80, 0, 0, 0.06%, 9, 0, 8, 294.89
1733612954, 123, 12, 80, 0, 0, 0.06%, 9, 0, 8, 262.89
1733612960, 123, 14, 80, 0, 0, 0.06%, 9, 0, 8, 268.50
1733612965, 123, 23, 80, 0, 0, 0.06%, 9, 0, 8, 268.54
1733612970, 123, 33, 80, 0, 0, 0.06%, 9, 0, 8, 288.93
1733612975, 123, 37, 80, 0, 0, 0.06%, 9, 0, 8, 270.39
1733612980, 123, 43, 80, 0, 0, 0.06%, 9, 0, 8, 267.80
1733612985, 123, 56, 80, 0, 0, 0.06%, 9, 0, 8, 285.93
1733612990, 123, 66, 80, 0, 0, 0.06%, 9, 0, 8, 298.34
1733612995, 124, 11, 80, 0, 0, 0.06%, 9, 0, 8, 281.96
1733613000, 124, 13, 80, 0, 0, 0.06%, 9, 0, 8, 270.07
1733613005, 124, 14, 80, 0, 0, 0.06%, 9, 0, 8, 265.21
1733613010, 124, 23, 80, 0, 0, 0.06%, 9, 0, 8, 260.06
1733613015, 124, 37, 80, 0, 0, 0.06%, 9, 0, 8, 264.83
1733613021, 124, 43, 80, 0, 0, 0.06%, 9, 0, 8, 278.87
1733613026, 124, 72, 80, 0, 0, 0.06%, 9, 0, 8, 307.88
1733613031, 124, 76, 80, 0, 0, 0.06%, 9, 0, 8, 327.49
1733613041, 125, 11, 80, 0, 0, 0.06%, 9, 0, 8, 266.83
1733613046, 125, 13, 80, 0, 0, 0.06%, 9, 0, 8, 272.46
1733613051, 125, 15, 80, 0, 0, 0.06%, 9, 0, 8, 269.04
1733613056, 125, 23, 80, 0, 0, 0.06%, 9, 0, 8, 276.28
1733613061, 125, 36, 80, 0, 0, 0.06%, 9, 0, 8, 274.07
1733613066, 125, 37, 80, 0, 0, 0.06%, 9, 0, 8, 268.84
1733613071, 125, 43, 80, 0, 0, 0.06%, 9, 0, 8, 266.93
1733613077, 126, 11, 80, 0, 0, 0.06%, 9, 0, 8, 282.18
1733613082, 126, 13, 80, 0, 0, 0.06%, 9, 0, 8, 251.99
1733613087, 126, 15, 80, 0, 0, 0.06%, 9, 0, 8, 260.42
1733613092, 126, 17, 80, 0, 0, 0.06%, 9, 0, 8, 274.30
1733613097, 126, 23, 80, 0, 0, 0.06%, 9, 0, 8, 276.76
1733613102, 126, 37, 80, 0, 0, 0.06%, 9, 0, 8, 276.21
1733613107, 126, 43, 80, 0, 0, 0.06%, 9, 0, 8, 290.27
1733613112, 126, 44, 80, 0, 0, 0.06%, 9, 0, 8, 284.32
1733613117, 127, 12, 80, 0, 0, 0.06%, 9, 0, 8, 274.15
1733613122, 127, 14, 80, 0, 0, 0.06%, 9, 0, 8, 266.63
1733613127, 127, 19, 80, 0, 0, 0.06%, 9, 0, 8, 270.66
1733613132, 127, 23, 80, 0, 0, 0.06%, 9, 0, 8, 282.77
1733613142, 127, 31, 80, 0, 0, 0.06%, 9, 0, 8, 276.14
1733613147, 127, 37, 80, 0, 0, 0.06%, 9, 0, 8, 259.69
1733613152, 127, 43, 80, 0, 0, 0.06%, 9, 0, 8, 271.70
1733613157, 128, 0, 80, 0, 0, 0.06%, 9, 0, 8, 283.99
1733613163, 128, 12, 80, 0, 0, 0.06%, 9, 0, 8, 273.07
1733613168, 128, 14, 80, 0, 0, 0.06%, 9, 0, 8, 275.03
1733613173, 128, 18, 80, 0, 0, 0.06%, 9, 0, 8, 280.07
1733613178, 128, 23, 80, 0, 0, 0.06%, 9, 0, 8, 276.62
1733613183, 128, 37, 80, 0, 0, 0.06%, 9, 0, 8, 289.27
1733613193, 128, 43, 80, 0, 0, 0.06%, 9, 0, 8, 270.99
1733613198, 128, 48, 80, 0, 0, 0.06%, 9, 0, 8, 270.16
1733613203, 128, 51, 80, 0, 0, 0.06%, 9, 0, 8, 281.68
1733613208, 128, 53, 80, 0, 0, 0.06%, 9, 0, 8, 282.95
1733613213, 128, 66, 80, 0, 0, 0.06%, 9, 0, 8, 294.12
1733613218, 129, 12, 80, 0, 0, 0.06%, 9, 0, 8, 272.69
1733613223, 129, 14, 80, 0, 0, 0.06%, 9, 0, 8, 262.07
1733613229, 129, 23, 80, 0, 0, 0.06%, 9, 0, 8, 257.12
1733613234, 129, 28, 80, 0, 0, 0.06%, 9, 0, 8, 274.39
1733613239, 129, 37, 80, 0, 0, 0.06%, 9, 0, 8, 269.44
1733613244, 129, 38, 80, 0, 0, 0.06%, 9, 0, 8, 277.26
1733613249, 129, 41, 80, 0, 0, 0.06%, 9, 0, 8, 293.90
1733613254, 129, 43, 80, 0, 0, 0.06%, 9, 0, 8, 274.27
1733613259, 129, 62, 80, 0, 0, 0.06%, 9, 0, 8, 294.74
1733613264, 129, 69, 80, 0, 0, 0.06%, 9, 0, 8, 313.60
1733613269, 130, 2, 80, 0, 0, 0.06%, 9, 0, 8, 287.33
1733613275, 130, 12, 80, 0, 0, 0.06%, 9, 0, 8, 278.90
1733613280, 130, 14, 80, 0, 0, 0.06%, 9, 0, 8, 274.87
1733613285, 130, 23, 80, 0, 0, 0.06%, 9, 0, 8, 261.89
1733613290, 130, 37, 80, 0, 0, 0.06%, 9, 0, 8, 274.46
1733613295, 130, 43, 80, 0, 0, 0.06%, 9, 0, 8, 265.63
1733613300, 131, 11, 80, 0, 0, 0.06%, 9, 0, 8, 278.46
1733613305, 131, 13, 80, 0, 0, 0.06%, 9, 0, 8, 278.58
1733613310, 131, 15, 80, 0, 0, 0.06%, 9, 0, 8, 274.27
1733613315, 131, 23, 80, 0, 0, 0.06%, 9, 0, 8, 272.13
1733613320, 131, 27, 80, 0, 0, 0.06%, 9, 0, 8, 272.93
1733613325, 131, 37, 80, 0, 0, 0.06%, 9, 0, 8, 256.50
1733613330, 131, 43, 80, 0, 0, 0.06%, 9, 0, 8, 259.30
1733613335, 131, 57, 80, 0, 0, 0.06%, 9, 0, 8, 282.60
1733613340, 131, 63, 80, 0, 0, 0.06%, 9, 0, 8, 298.85
1733613346, 131, 73, 80, 0, 0, 0.06%, 9, 0, 8, 288.28
1733613351, 132, 11, 80, 0, 0, 0.06%, 9, 0, 8, 285.81
1733613356, 132, 13, 80, 0, 0, 0.06%, 9, 0, 8, 270.96
1733613361, 132, 15, 80, 0, 0, 0.06%, 9, 0, 8, 263.54
1733613366, 132, 23, 80, 0, 0, 0.06%, 9, 0, 8, 266.99
1733613371, 132, 37, 80, 0, 0, 0.06%, 9, 0, 8, 276.57
1733613376, 132, 43, 80, 0, 0, 0.06%, 9, 0, 8, 261.24
1733613381, 132, 67, 80, 0, 0, 0.06%, 9, 0, 8, 309.31
1733613386, 132, 71, 80, 0, 0, 0.06%, 9, 0, 8, 309.91
1733613391, 132, 76, 80, 0, 0, 0.06%, 9, 0, 8, 329.60
1733613396, 132, 77, 80, 0, 0, 0.06%, 9, 0, 8, 292.47
1733613407, 133, 11, 80, 0, 0, 0.06%, 9, 0, 8, 279.29
1733613412, 133, 13, 80, 0, 0, 0.06%, 9, 0, 8, 277.23
1733613417, 133, 15, 80, 0, 0, 0.06%, 9, 0, 8, 270.95
1733613422, 133, 23, 80, 0, 0, 0.06%, 9, 0, 8, 278.46
1733613427, 133, 37, 80, 0, 0, 0.06%, 9, 0, 8, 280.50
1733613432, 133, 43, 80, 0, 0, 0.06%, 9, 0, 8, 272.55
1733613437, 133, 71, 80, 0, 0, 0.06%, 9, 0, 8, 291.71
1733613442, 134, 11, 80, 0, 0, 0.06%, 9, 0, 8, 271.84
1733613447, 134, 14, 80, 0, 0, 0.06%, 9, 0, 8, 266.73
1733613452, 134, 15, 80, 0, 0, 0.06%, 9, 0, 8, 271.88
1733613457, 134, 23, 80, 0, 0, 0.06%, 9, 0, 8, 274.75
1733613462, 134, 32, 80, 0, 0, 0.06%, 9, 0, 8, 269.45
1733613467, 134, 37, 80, 0, 0, 0.06%, 9, 0, 8, 271.64
1733613473, 134, 40, 80, 0, 0, 0.06%, 9, 0, 8, 269.75
1733613478, 134, 41, 80, 0, 0, 0.06%, 9, 0, 8, 259.12
1733613483, 134, 43, 80, 0, 0, 0.06%, 9, 0, 8, 261.16
1733613488, 134, 63, 80, 0, 0, 0.06%, 9, 0, 8, 280.69
1733613493, 134, 65, 80, 0, 0, 0.06%, 9, 0, 8, 278.03
1733613498, 135, 11, 80, 0, 0, 0.06%, 9, 0, 8, 268.74
1733613503, 135, 13, 80, 0, 0, 0.06%, 9, 0, 8, 269.99
1733613508, 135, 15, 80, 0, 0, 0.06%, 9, 0, 8, 263.13
1733613513, 135, 23, 80, 0, 0, 0.06%, 9, 0, 8, 279.67
1733613518, 135, 37, 80, 0, 0, 0.06%, 9, 0, 8, 267.40
1733613524, 135, 43, 80, 0, 0, 0.06%, 9, 0, 8, 267.68
1733613529, 136, 12, 80, 0, 0, 0.06%, 9, 0, 8, 277.60
1733613534, 136, 14, 80, 0, 0, 0.06%, 9, 0, 8, 280.62
1733613539, 136, 22, 80, 0, 0, 0.06%, 9, 0, 8, 275.13
1733613549, 136, 23, 80, 0, 0, 0.06%, 9, 0, 8, 266.77
1733613554, 136, 36, 80, 0, 0, 0.06%, 9, 0, 8, 275.78
1733613559, 136, 37, 80, 0, 0, 0.06%, 9, 0, 8, 279.84
1733613564, 136, 43, 80, 0, 0, 0.06%, 9, 0, 8, 277.41
1733613569, 136, 75, 80, 0, 0, 0.06%, 9, 0, 8, 281.30
1733613574, 136, 77, 80, 0, 0, 0.06%, 9, 0, 8, 291.42
1733613579, 137, 9, 80, 0, 0, 0.06%, 9, 0, 8, 272.12
1733613584, 137, 12, 80, 0, 0, 0.06%, 9, 0, 8, 268.14
1733613590, 137, 14, 80, 0, 0, 0.06%, 9, 0, 8, 269.51
1733613595, 137, 23, 80, 0, 0, 0.06%, 9, 0, 8, 278.07
1733613600, 137, 37, 80, 0, 0, 0.06%, 9, 0, 8, 277.43
1733613605, 137, 43, 80, 0, 0, 0.06%, 9, 0, 8, 271.36
1733613610, 137, 65, 80, 0, 0, 0.06%, 9, 0, 8, 288.88
1733613615, 137, 68, 80, 0, 0, 0.06%, 9, 0, 8, 290.36
1733613620, 138, 11, 80, 0, 0, 0.06%, 9, 0, 8, 263.94
1733613625, 138, 13, 80, 0, 0, 0.06%, 9, 0, 8, 272.58
1733613630, 138, 15, 80, 0, 0, 0.06%, 9, 0, 8, 271.74
1733613635, 138, 23, 80, 0, 0, 0.06%, 9, 0, 8, 267.45
1733613640, 138, 33, 80, 0, 0, 0.06%, 9, 0, 8, 282.34
1733613645, 138, 37, 80, 0, 0, 0.06%, 9, 0, 8, 275.70
1733613650, 138, 42, 80, 0, 0, 0.06%, 9, 0, 8, 309.25
1733613655, 138, 43, 80, 0, 0, 0.06%, 9, 0, 8, 276.73
1733613660, 138, 45, 80, 0, 0, 0.06%, 9, 0, 8, 268.56
1733613666, 138, 78, 80, 0, 0, 0.06%, 9, 0, 8, 338.99
1733613676, 139, 11, 80, 0, 0, 0.06%, 9, 0, 8, 276.53
1733613681, 139, 13, 80, 0, 0, 0.06%, 9, 0, 8, 265.18
1733613686, 139, 15, 80, 0, 0, 0.06%, 9, 0, 8, 266.37
1733613691, 139, 23, 80, 0, 0, 0.06%, 9, 0, 8, 272.97
1733613696, 139, 29, 80, 0, 0, 0.06%, 9, 0, 8, 296.24
1733613701, 139, 30, 80, 0, 0, 0.06%, 9, 0, 8, 279.88
1733613706, 139, 37, 80, 0, 0, 0.06%, 9, 0, 8, 267.54
1733613711, 139, 43, 80, 0, 0, 0.06%, 9, 0, 8, 278.46
1733613716, 139, 59, 80, 0, 0, 0.06%, 9, 0, 8, 289.77
1733613721, 139, 70, 80, 0, 0, 0.06%, 9, 0, 8, 273.64
1733613726, 140, 12, 80, 0, 0, 0.06%, 9, 0, 8, 264.96
1733613731, 140, 14, 80, 0, 0, 0.06%, 9, 0, 8, 278.60
1733613736, 140, 15, 80, 0, 0, 0.06%, 9, 0, 8, 271.09
1733613742, 140, 37, 80, 0, 0, 0.06%, 9, 0, 8, 279.88
1733613747, 140, 43, 80, 0, 0, 0.06%, 9, 0, 8, 285.72
1733613757, 140, 48, 80, 0, 0, 0.06%, 9, 0, 8, 282.19
1733613762, 140, 65, 80, 0, 0, 0.06%, 9, 0, 8, 276.40
1733613767, 141, 12, 80, 0, 0, 0.06%, 9, 0, 8, 267.25
1733613772, 141, 14, 80, 0, 0, 0.06%, 9, 0, 8, 260.63
1733613777, 141, 23, 80, 0, 0, 0.06%, 9, 0, 8, 275.78
1733613782, 141, 34, 80, 0, 0, 0.06%, 9, 0, 8, 297.94
1733613787, 141, 37, 80, 0, 0, 0.06%, 9, 0, 8, 265.55
1733613792, 141, 43, 80, 0, 0, 0.06%, 9, 0, 8, 267.22
1733613798, 141, 67, 80, 0, 0, 0.06%, 9, 0, 8, 317.06
1733613803, 142, 11, 80, 0, 0, 0.06%, 9, 0, 8, 277.92
1733613808, 142, 13, 80, 0, 0, 0.06%, 9, 0, 8, 274.07
1733613813, 142, 15, 80, 0, 0, 0.06%, 9, 0, 8, 274.35
1733613818, 142, 23, 80, 0, 0, 0.06%, 9, 0, 8, 279.83
1733613823, 142, 37, 80, 0, 0, 0.06%, 9, 0, 8, 287.32
1733613828, 142, 43, 80, 0, 0, 0.06%, 9, 0, 8, 274.83
1733613833, 143, 12, 80, 0, 0, 0.06%, 9, 0, 8, 273.58
1733613838, 143, 14, 80, 0, 0, 0.06%, 9, 0, 8, 268.23
1733613843, 143, 16, 80, 0, 0, 0.06%, 9, 0, 8, 270.66
1733613848, 143, 22, 80, 0, 0, 0.06%, 9, 0, 8, 264.65
1733613853, 143, 23, 80, 0, 0, 0.06%, 9, 0, 8, 266.73
1733613858, 143, 24, 80, 0, 0, 0.06%, 9, 0, 8, 272.37
1733613863, 143, 37, 80, 0, 0, 0.06%, 9, 0, 8, 280.31
1733613869, 143, 43, 80, 0, 0, 0.06%, 9, 0, 8, 266.05
1733613874, 143, 47, 80, 0, 0, 0.06%, 9, 0, 8, 275.47
1733613884, 144, 12, 80, 0, 0, 0.06%, 9, 0, 8, 271.29
1733613889, 144, 15, 80, 0, 0, 0.06%, 9, 0, 8, 273.98
1733613894, 144, 23, 80, 0, 0, 0.06%, 9, 0, 8, 265.17
1733613899, 144, 37, 80, 0, 0, 0.06%, 9, 0, 8, 264.24
1733613904, 144, 43, 80, 0, 0, 0.06%, 9, 0, 8, 260.49
1733613909, 144, 54, 80, 0, 0, 0.06%, 9, 0, 8, 275.93
1733613914, 144, 66, 80, 0, 0, 0.06%, 9, 0, 8, 296.26
1733613919, 144, 68, 80, 0, 0, 0.06%, 9, 0, 8, 308.72
1733613924, 144, 76, 80, 0, 0, 0.06%, 9, 0, 8, 313.95
1733613930, 145, 11, 80, 0, 0, 0.06%, 9, 0, 8, 302.50
1733613935, 145, 13, 80, 0, 0, 0.06%, 9, 0, 8, 286.94
1733613940, 145, 15, 80, 0, 0, 0.06%, 9, 0, 8, 262.53
1733613945, 145, 23, 80, 0, 0, 0.06%, 9, 0, 8, 262.82
1733613950, 145, 28, 80, 0, 0, 0.06%, 9, 0, 8, 266.77
1733613955, 145, 37, 80, 0, 0, 0.06%, 9, 0, 8, 266.73
1733613960, 145, 43, 80, 0, 0, 0.06%, 9, 0, 8, 273.32
1733613965, 145, 73, 80, 0, 0, 0.06%, 9, 0, 8, 301.61
1733613970, 146, 11, 80, 0, 0, 0.06%, 9, 0, 8, 286.96
1733613975, 146, 14, 80, 0, 0, 0.06%, 9, 0, 8, 290.20
1733613981, 146, 15, 80, 0, 0, 0.06%, 9, 0, 8, 275.96
1733613986, 146, 23, 80, 0, 0, 0.06%, 9, 0, 8, 282.49
1733613991, 146, 37, 80, 0, 0, 0.06%, 9, 0, 8, 265.76
1733613996, 146, 43, 80, 0, 0, 0.06%, 9, 0, 8, 281.58
1733614001, 146, 50, 80, 0, 0, 0.06%, 9, 0, 8, 293.06
1733614006, 147, 12, 80, 0, 0, 0.06%, 9, 0, 8, 269.97
1733614011, 147, 14, 80, 0, 0, 0.06%, 9, 0, 8, 263.00
1733614016, 147, 23, 80, 0, 0, 0.06%, 9, 0, 8, 259.28
1733614021, 147, 37, 80, 0, 0, 0.06%, 9, 0, 8, 260.92
1733614026, 147, 43, 80, 0, 0, 0.06%, 9, 0, 8, 280.08
1733614037, 148, 12, 80, 0, 0, 0.06%, 9, 0, 8, 277.27
1733614042, 148, 15, 80, 0, 0, 0.06%, 9, 0, 8, 275.98
1733614047, 148, 23, 80, 0, 0, 0.06%, 9, 0, 8, 269.46
1733614052, 148, 24, 80, 0, 0, 0.06%, 9, 0, 8, 287.63
1733614057, 148, 37, 80, 0, 0, 0.06%, 9, 0, 8, 277.63
1733614062, 148, 43, 80, 0, 0, 0.06%, 9, 0, 8, 272.04
1733614067, 148, 44, 80, 0, 0, 0.06%, 9, 0, 8, 279.40
1733614072, 148, 62, 80, 0, 0, 0.06%, 9, 0, 8, 303.02
1733614078, 149, 11, 80, 0, 0, 0.06%, 9, 0, 8, 278.44
1733614083, 149, 14, 80, 0, 0, 0.06%, 9, 0, 8, 275.43
1733614088, 149, 15, 80, 0, 0, 0.06%, 9, 0, 8, 274.80
1733614093, 149, 23, 80, 0, 0, 0.06%, 9, 0, 8, 270.95
1733614098, 149, 35, 80, 0, 0, 0.06%, 9, 0, 8, 281.45
1733614103, 149, 37, 80, 0, 0, 0.06%, 9, 0, 8, 277.25
1733614108, 149, 43, 80, 0, 0, 0.06%, 9, 0, 8, 272.13
1733614118, 150, 11, 80, 0, 0, 0.06%, 9, 0, 8, 267.65
1733614123, 150, 13, 80, 0, 0, 0.06%, 9, 0, 8, 271.05
1733614128, 150, 15, 80, 0, 0, 0.06%, 9, 0, 8, 280.97
1733614133, 150, 18, 80, 0, 0, 0.06%, 9, 0, 8, 270.76
1733614138, 150, 23, 80, 0, 0, 0.06%, 9, 0, 8, 256.93
1733614143, 150, 37, 80, 0, 0, 0.06%, 9, 0, 8, 261.31
1733614148, 150, 43, 80, 0, 0, 0.06%, 9, 0, 8, 262.61
1733614153, 150, 69, 80, 0, 0, 0.06%, 9, 0, 8, 275.80
1733614159, 151, 6, 80, 0, 0, 0.06%, 9, 0, 8, 270.09
1733614164, 151, 12, 80, 0, 0, 0.06%, 9, 0, 8, 268.44
1733614169, 151, 14, 80, 0, 0, 0.06%, 9, 0, 8, 290.37
1733614174, 151, 18, 80, 0, 0, 0.06%, 9, 0, 8, 285.02
1733614179, 151, 23, 80, 0, 0, 0.06%, 9, 0, 8, 271.71
1733614184, 151, 37, 80, 0, 0, 0.06%, 9, 0, 8, 273.01
1733614189, 151, 43, 80, 0, 0, 0.06%, 9, 0, 8, 266.19
1733614194, 151, 64, 80, 0, 0, 0.06%, 9, 0, 8, 289.92
1733614199, 151, 77, 80, 0, 0, 0.06%, 9, 0, 8, 287.56
1733614209, 152, 12, 80, 0, 0, 0.06%, 9, 0, 8, 277.11
1733614214, 152, 14, 80, 0, 0, 0.06%, 9, 0, 8, 273.68
1733614219, 152, 23, 80, 0, 0, 0.06%, 9, 0, 8, 269.69
1733614224, 152, 37, 80, 0, 0, 0.06%, 9, 0, 8, 267.95
1733614230, 152, 43, 80, 0, 0, 0.06%, 9, 0, 8, 268.15
1733614235, 152, 73, 80, 0, 0, 0.06%, 9, 0, 8, 277.01
1733614240, 153, 0, 80, 0, 0, 0.06%, 9, 0, 8, 295.33
1733614245, 153, 12, 80, 0, 0, 0.06%, 9, 0, 8, 275.26
1733614250, 153, 15, 80, 0, 0, 0.06%, 9, 0, 8, 272.77
1733614255, 153, 23, 80, 0, 0, 0.06%, 9, 0, 8, 272.25
1733614260, 153, 37, 80, 0, 0, 0.06%, 9, 0, 8, 262.97
1733614265, 153, 43, 80, 0, 0, 0.06%, 9, 0, 8, 262.98
1733614270, 153, 55, 80, 0, 0, 0.06%, 9, 0, 8, 296.35
1733614275, 153, 67, 80, 0, 0, 0.06%, 9, 0, 8, 325.57
1733614280, 153, 68, 80, 0, 0, 0.06%, 9, 0, 8, 305.52
1733614285, 154, 11, 80, 0, 0, 0.06%, 9, 0, 8, 267.27
1733614290, 154, 13, 80, 0, 0, 0.06%, 9, 0, 8, 277.01
1733614295, 154, 15, 80, 0, 0, 0.06%, 9, 0, 8, 268.05
1733614300, 154, 23, 80, 0, 0, 0.06%, 9, 0, 8, 267.52
1733614305, 154, 29, 80, 0, 0, 0.06%, 9, 0, 8, 311.25
1733614311, 154, 37, 80, 0, 0, 0.06%, 9, 0, 8, 293.01
1733614316, 154, 39, 80, 0, 0, 0.06%, 9, 0, 8, 283.79
1733614321, 154, 43, 80, 0, 0, 0.06%, 9, 0, 8, 271.40
1733614326, 154, 44, 80, 0, 0, 0.06%, 9, 0, 8, 277.66
1733614331, 154, 45, 80, 0, 0, 0.06%, 9, 0, 8, 281.19
1733614336, 154, 47, 80, 0, 0, 0.06%, 9, 0, 8, 282.25
1733614341, 154, 48, 80, 0, 0, 0.06%, 9, 0, 8, 296.30
1733614346, 154, 63, 80, 0, 0, 0.06%, 9, 0, 8, 295.81
1733614351, 155, 11, 80, 0, 0, 0.06%, 9, 0, 8, 269.02
1733614356, 155, 13, 80, 0, 0, 0.06%, 9, 0, 8, 275.71
1733614361, 155, 15, 80, 0, 0, 0.06%, 9, 0, 8, 258.53
1733614366, 155, 18, 80, 0, 0, 0.06%, 9, 0, 8, 263.88
1733614371, 155, 19, 80, 0, 0, 0.06%, 9, 0, 8, 284.03
1733614376, 155, 23, 80, 0, 0, 0.06%, 9, 0, 8, 273.12
1733614381, 155, 37, 80, 0, 0, 0.06%, 9, 0, 8, 264.37
1733614387, 155, 43, 80, 0, 0, 0.06%, 9, 0, 8, 271.48
1733614392, 156, 11, 80, 0, 0, 0.06%, 9, 0, 8, 268.83
1733614397, 156, 13, 80, 0, 0, 0.06%, 9, 0, 8, 274.54
1733614402, 156, 15, 80, 0, 0, 0.06%, 9, 0, 8, 282.33
1733614407, 156, 23, 80, 0, 0, 0.06%, 9, 0, 8, 274.89
1733614412, 156, 37, 80, 0, 0, 0.06%, 9, 0, 8, 270.12
1733614417, 156, 43, 80, 0, 0, 0.06%, 9, 0, 8, 278.70
1733614422, 156, 54, 80, 0, 0, 0.06%, 9, 0, 8, 285.37
1733614427, 157, 11, 80, 0, 0, 0.06%, 9, 0, 8, 280.17
1733614432, 157, 13, 80, 0, 0, 0.06%, 9, 0, 8, 269.31
1733614437, 157, 15, 80, 0, 0, 0.06%, 9, 0, 8, 258.67
1733614442, 157, 19, 80, 0, 0, 0.06%, 9, 0, 8, 270.11
1733614447, 157, 22, 80, 0, 0, 0.06%, 9, 0, 8, 267.47
1733614452, 157, 23, 80, 0, 0, 0.06%, 9, 0, 8, 269.76
1733614458, 157, 32, 80, 0, 0, 0.06%, 9, 0, 8, 268.31
1733614463, 157, 37, 80, 0, 0, 0.06%, 9, 0, 8, 269.68
1733614468, 157, 43, 80, 0, 0, 0.06%, 9, 0, 8, 267.31
1733614473, 157, 49, 80, 0, 0, 0.06%, 9, 0, 8, 280.13
1733614478, 157, 60, 80, 0, 0, 0.06%, 9, 0, 8, 305.51
1733614483, 157, 65, 80, 0, 0, 0.06%, 9, 0, 8, 303.92
1733614488, 158, 11, 80, 0, 0, 0.06%, 9, 0, 8, 279.25
1733614493, 158, 13, 80, 0, 0, 0.06%, 9, 0, 8, 267.02
1733614498, 158, 14, 80, 0, 0, 0.06%, 9, 0, 8, 267.48
1733614503, 158, 22, 80, 0, 0, 0.06%, 9, 0, 8, 259.42
1733614509, 158, 23, 80, 0, 0, 0.06%, 9, 0, 8, 268.79
1733614514, 158, 37, 80, 0, 0, 0.06%, 9, 0, 8, 266.06
1733614519, 158, 43, 80, 0, 0, 0.06%, 9, 0, 8, 264.08
1733614524, 158, 62, 80, 0, 0, 0.06%, 9, 0, 8, 316.74
1733614529, 159, 11, 80, 0, 0, 0.06%, 9, 0, 8, 298.32
1733614534, 159, 13, 80, 0, 0, 0.06%, 9, 0, 8, 274.08
1733614539, 159, 15, 80, 0, 0, 0.06%, 9, 0, 8, 264.81
1733614544, 159, 23, 80, 0, 0, 0.06%, 9, 0, 8, 276.10
1733614549, 159, 37, 80, 0, 0, 0.06%, 9, 0, 8, 275.00
1733614554, 159, 43, 80, 0, 0, 0.06%, 9, 0, 8, 278.46
1733614559, 159, 79, 80, 0, 0, 0.06%, 9, 0, 8, 351.47
