# unix_time, cycles_done, cur_path, paths_total, pending_total, pending_favs, map_size, unique_crashes, unique_hangs, max_depth, execs_per_sec
1735676496, 0, 0, 10, 10, 1, 0.00%, 0, 0, 1, 166.67
1735676501, 0, 2, 10, 10, 1, 0.00%, 0, 0, 1, 196.89
1735676506, 0, 3, 10, 9, 0, 0.00%, 0, 0, 1, 199.19
1735676512, 0, 4, 10, 8, 0, 0.00%, 0, 0, 1, 194.50
1735676522, 0, 5, 10, 7, 0, 0.00%, 0, 0, 1, 193.10
1735676532, 0, 6, 10, 6, 0, 0.00%, 0, 0, 1, 194.59
1735676537, 0, 7, 10, 5, 0, 0.00%, 0, 0, 1, 179.35
1735676547, 0, 8, 10, 4, 0, 0.00%, 0, 0, 1, 196.66
1735676552, 0, 9, 10, 3, 0, 0.00%, 0, 0, 1, 180.94
1735676563, 1, 0, 10, 2, 0, 0.00%, 0, 0, 1, 195.47
1735676573, 1, 1, 10, 1, 0, 0.00%, 0, 0, 1, 194.92
1735676583, 1, 2, 10, 0, 0, 0.00%, 0, 0, 1, 191.39
1735676588, 1, 4, 10, 0, 0, 0.00%, 0, 0, 1, 192.53
1735676593, 1, 5, 10, 0, 0, 0.00%, 0, 0, 1, 191.77
1735676599, 1, 7, 10, 0, 0, 0.00%, 0, 0, 1, 192.89
1735676604, 1, 8, 10, 0, 0, 0.00%, 0, 0, 1, 197.30
1735676609, 1, 9, 10, 0, 0, 0.00%, 0, 0, 1, 196.55
1735676614, 2, 1, 10, 0, 0, 0.00%, 0, 0, 1, 195.61
1735676619, 2, 2, 10, 0, 0, 0.00%, 0, 0, 1, 191.52
1735676624, 2, 3, 10, 0, 0, 0.00%, 0, 0, 1, 195.26
1735676630, 2, 5, 10, 0, 0, 0.00%, 0, 0, 1, 194.54
1735676635, 2, 6, 10, 0, 0, 0.00%, 0, 0, 1, 188.54
1735676640, 2, 7, 10, 0, 0, 0.00%, 0, 0, 1, 192.44
1735676645, 2, 9, 10, 0, 0, 0.00%, 0, 0, 1, 194.68
1735676650, 3, 0, 10, 0, 0, 0.00%, 0, 0, 1, 191.21
1735676655, 3, 1, 10, 0, 0, 0.00%, 0, 0, 1, 196.57
1735676661, 3, 3, 10, 0, 0, 0.00%, 0, 0, 1, 194.19
1735676666, 3, 4, 10, 0, 0, 0.00%, 0, 0, 1, 196.96
1735676671, 3, 6, 10, 0, 0, 0.00%, 0, 0, 1, 195.73
1735676676, 3, 7, 10, 0, 0, 0.00%, 0, 0, 1, 194.72
1735676681, 3, 8, 10, 0, 0, 0.00%, 0, 0, 1, 193.68
1735676686, 4, 0, 10, 0, 0, 0.00%, 0, 0, 1, 192.46
1735676692, 4, 1, 10, 0, 0, 0.00%, 0, 0, 1, 190.25
1735676697, 4, 2, 10, 0, 0, 0.00%, 0, 0, 1, 191.64
1735676702, 4, 4, 10, 0, 0, 0.00%, 0, 0, 1, 195.33
1735676707, 4, 5, 10, 0, 0, 0.00%, 0, 0, 1, 195.98
1735676712, 4, 6, 10, 0, 0, 0.00%, 0, 0, 1, 197.80
1735676717, 4, 8, 10, 0, 0, 0.00%, 0, 0, 1, 193.39
1735676722, 4, 9, 10, 0, 0, 0.00%, 0, 0, 1, 195.26
1735676727, 5, 0, 10, 0, 0, 0.00%, 0, 0, 1, 196.42
1735676732, 5, 2, 10, 0, 0, 0.00%, 0, 0, 1, 190.36
1735676738, 5, 3, 10, 0, 0, 0.00%, 0, 0, 1, 193.06
1735676743, 5, 4, 10, 0, 0, 0.00%, 0, 0, 1, 193.22
1735676748, 5, 6, 10, 0, 0, 0.00%, 0, 0, 1, 193.64
1735676753, 5, 7, 10, 0, 0, 0.00%, 0, 0, 1, 192.20
1735676758, 5, 8, 10, 0, 0, 0.00%, 0, 0, 1, 190.16
1735676763, 6, 0, 10, 0, 0, 0.00%, 0, 0, 1, 195.22
1735676769, 6, 1, 10, 0, 0, 0.00%, 0, 0, 1, 197.31
1735676774, 6, 3, 10, 0, 0, 0.00%, 0, 0, 1, 194.66
1735676779, 6, 4, 10, 0, 0, 0.00%, 0, 0, 1, 197.04
1735676784, 6, 5, 10, 0, 0, 0.00%, 0, 0, 1, 195.41
1735676789, 6, 6, 11, 1, 0, 0.05%, 1, 0, 2, 196.93
1735676794, 6, 10, 12, 2, 1, 0.05%, 2, 0, 3, 216.33
1735676886, 6, 11, 16, 5, 1, 0.06%, 5, 0, 4, 223.54
1735676891, 6, 11, 18, 7, 1, 0.06%, 7, 0, 4, 212.39
1735676992, 6, 11, 19, 8, 1, 0.06%, 7, 0, 4, 211.70
1735677028, 6, 12, 20, 8, 5, 0.06%, 8, 0, 5, 219.09
1735677073, 6, 12, 21, 9, 5, 0.06%, 8, 0, 5, 211.06
1735677083, 6, 12, 22, 10, 5, 0.06%, 8, 0, 5, 207.70
1735677099, 6, 12, 23, 11, 5, 0.06%, 8, 0, 5, 212.99
1735677124, 6, 12, 24, 12, 5, 0.06%, 8, 0, 5, 219.34
1735677210, 6, 13, 25, 12, 5, 0.06%, 8, 0, 5, 236.12
1735677236, 6, 13, 26, 13, 5, 0.06%, 9, 0, 5, 223.36
1735677251, 6, 13, 27, 14, 5, 0.06%, 9, 0, 5, 215.06
1735677266, 6, 13, 29, 16, 5, 0.06%, 9, 0, 5, 214.96
1735677277, 6, 13, 30, 17, 5, 0.06%, 9, 0, 5, 220.42
1735677302, 6, 13, 31, 18, 5, 0.06%, 9, 0, 5, 223.10
1735677327, 6, 13, 34, 21, 5, 0.06%, 9, 0, 5, 228.95
1735677342, 6, 13, 37, 24, 5, 0.06%, 9, 0, 5, 241.88
1735677347, 6, 14, 37, 23, 5, 0.06%, 9, 0, 5, 248.79
1735677352, 6, 14, 38, 24, 5, 0.06%, 9, 0, 5, 226.54
1735677469, 6, 14, 40, 26, 5, 0.06%, 9, 0, 5, 244.77
1735677484, 6, 16, 41, 26, 4, 0.06%, 9, 0, 5, 255.13
1735677489, 6, 16, 42, 27, 4, 0.06%, 9, 0, 5, 245.06
1735677494, 6, 16, 43, 28, 4, 0.06%, 9, 0, 5, 225.61
1735677540, 6, 16, 44, 29, 4, 0.06%, 9, 0, 5, 226.99
1735677606, 6, 16, 46, 31, 4, 0.06%, 9, 0, 5, 244.66
1735677616, 6, 22, 46, 30, 3, 0.06%, 9, 0, 5, 286.76
1735677631, 6, 22, 47, 31, 3, 0.06%, 9, 0, 6, 223.07
1735677697, 6, 22, 49, 33, 3, 0.06%, 9, 0, 6, 237.15
1735677707, 6, 22, 50, 34, 3, 0.06%, 9, 0, 6, 244.43
1735677713, 6, 27, 50, 33, 2, 0.06%, 9, 0, 6, 291.03
1735677728, 6, 27, 51, 34, 2, 0.06%, 9, 0, 6, 237.47
1735677748, 6, 27, 52, 35, 2, 0.06%, 9, 0, 6, 230.93
1735677865, 6, 27, 53, 36, 2, 0.06%, 9, 0, 6, 255.67
1735677870, 6, 40, 53, 35, 1, 0.06%, 9, 0, 6, 282.56
1735677926, 6, 46, 54, 35, 0, 0.06%, 9, 0, 7, 378.78
1735677967, 6, 46, 55, 36, 0, 0.06%, 9, 0, 7, 247.85
1735677972, 6, 46, 58, 39, 0, 0.06%, 9, 0, 7, 298.33
1735677982, 6, 48, 58, 38, 0, 0.06%, 9, 0, 7, 417.37
1735678047, 6, 48, 59, 39, 0, 0.06%, 9, 0, 7, 276.90
1735678058, 6, 51, 59, 38, 0, 0.06%, 9, 0, 7, 283.99
1735678286, 6, 51, 60, 39, 0, 0.06%, 9, 0, 7, 460.79
1735678296, 6, 51, 61, 40, 0, 0.06%, 9, 0, 7, 357.87
1735678302, 6, 51, 62, 41, 0, 0.06%, 9, 0, 7, 353.31
1735678312, 6, 51, 63, 42, 0, 0.06%, 9, 0, 7, 348.22
1735678357, 6, 51, 64, 43, 0, 0.06%, 9, 0, 7, 349.30
1735678383, 6, 51, 65, 44, 0, 0.06%, 9, 0, 7, 299.55
1735678398, 6, 52, 65, 43, 0, 0.06%, 9, 0, 7, 346.25
1735678448, 6, 54, 65, 42, 0, 0.06%, 9, 0, 7, 367.40
1735678570, 6, 55, 65, 41, 0, 0.06%, 9, 0, 7, 350.28
1735678692, 6, 57, 65, 40, 0, 0.06%, 9, 0, 7, 294.50
1735678799, 6, 64, 65, 39, 0, 0.06%, 9, 0, 7, 339.15
1735678916, 6, 64, 67, 41, 0, 0.06%, 9, 0, 8, 422.32
1735678926, 6, 64, 68, 42, 0, 0.06%, 9, 0, 8, 356.89
1735678962, 6, 64, 69, 43, 0, 0.06%, 9, 0, 8, 347.41
1735679022, 7, 10, 69, 42, 0, 0.06%, 9, 0, 8, 257.32
1735679028, 7, 11, 69, 42, 0, 0.06%, 9, 0, 8, 258.72
1735679038, 7, 12, 69, 42, 0, 0.06%, 9, 0, 8, 243.20
1735679043, 7, 13, 69, 42, 0, 0.06%, 9, 0, 8, 294.15
1735679053, 7, 14, 69, 42, 0, 0.06%, 9, 0, 8, 266.32
1735679063, 7, 16, 69, 42, 0, 0.06%, 9, 0, 8, 275.25
1735679078, 7, 18, 69, 42, 0, 0.06%, 9, 0, 8, 271.49
1735679129, 7, 22, 69, 41, 0, 0.06%, 9, 0, 8, 268.93
1735679139, 7, 24, 69, 41, 0, 0.06%, 9, 0, 8, 348.99
1735679215, 7, 24, 70, 42, 0, 0.06%, 9, 0, 8, 282.31
1735679225, 7, 27, 70, 41, 0, 0.06%, 9, 0, 8, 249.09
1735679240, 7, 28, 70, 41, 0, 0.06%, 9, 0, 8, 355.13
1735679296, 7, 33, 70, 40, 0, 0.06%, 9, 0, 8, 276.38
1735679316, 7, 33, 71, 41, 0, 0.06%, 9, 0, 8, 235.51
1735679387, 7, 34, 71, 40, 0, 0.06%, 9, 0, 8, 325.09
1735679443, 7, 36, 71, 39, 0, 0.06%, 9, 0, 8, 285.22
1735679489, 7, 40, 71, 38, 0, 0.06%, 9, 0, 8, 274.01
1735679499, 7, 56, 72, 39, 0, 0.06%, 9, 0, 8, 246.32
1735680169, 7, 60, 72, 38, 0, 0.06%, 9, 0, 8, 259.34
1735681062, 7, 67, 72, 37, 0, 0.06%, 9, 0, 8, 313.82
1735681179, 7, 70, 72, 36, 0, 0.06%, 9, 0, 8, 260.44
1735681758, 8, 5, 72, 35, 0, 0.06%, 9, 0, 8, 267.48
1735681763, 8, 10, 72, 35, 0, 0.06%, 9, 0, 8, 271.28
1735681768, 8, 11, 72, 35, 0, 0.06%, 9, 0, 8, 255.90
1735681773, 8, 12, 73, 36, 0, 0.06%, 9, 0, 8, 253.25
1735681783, 8, 13, 73, 36, 0, 0.06%, 9, 0, 8, 250.77
1735681794, 8, 14, 73, 36, 0, 0.06%, 9, 0, 8, 256.16
1735681804, 8, 16, 73, 36, 0, 0.06%, 9, 0, 8, 265.47
1735681814, 8, 21, 73, 36, 0, 0.06%, 9, 0, 8, 382.30
1735681865, 8, 22, 73, 35, 0, 0.06%, 9, 0, 8, 265.28
1735681875, 8, 25, 73, 35, 0, 0.06%, 9, 0, 8, 375.70
1735681926, 8, 26, 73, 34, 0, 0.06%, 9, 0, 8, 216.44
