# unix_time, cycles_done, cur_path, paths_total, pending_total, pending_favs, map_size, unique_crashes, unique_hangs, max_depth, execs_per_sec
1734938663, 0, 0, 10, 10, 1, 0.00%, 0, 0, 1, 151.80
1734938673, 0, 1, 10, 9, 0, 0.00%, 0, 0, 1, 171.29
1734938683, 0, 2, 10, 8, 0, 0.00%, 0, 0, 1, 190.07
1734938688, 0, 3, 10, 7, 0, 0.00%, 0, 0, 1, 176.75
1734938699, 0, 4, 10, 6, 0, 0.00%, 0, 0, 1, 191.63
1734938704, 0, 5, 10, 5, 0, 0.00%, 0, 0, 1, 184.54
1734938714, 0, 6, 10, 4, 0, 0.00%, 0, 0, 1, 192.07
1734938724, 0, 7, 10, 3, 0, 0.00%, 0, 0, 1, 189.39
1734938730, 0, 8, 10, 2, 0, 0.00%, 0, 0, 1, 174.09
1734938735, 0, 8, 11, 3, 0, 0.05%, 1, 0, 2, 190.73
1734938745, 0, 10, 12, 3, 1, 0.05%, 2, 0, 3, 204.81
1734938760, 0, 11, 15, 5, 1, 0.06%, 5, 0, 4, 232.76
1734938775, 0, 11, 16, 6, 1, 0.06%, 6, 0, 4, 202.41
1734938790, 0, 11, 17, 7, 1, 0.06%, 6, 0, 4, 198.77
1734938826, 0, 12, 17, 6, 4, 0.06%, 6, 0, 4, 219.39
1734938831, 0, 12, 19, 8, 4, 0.06%, 6, 0, 5, 208.20
1734938841, 0, 12, 20, 9, 4, 0.06%, 6, 0, 5, 202.32
1734938871, 0, 12, 21, 10, 4, 0.06%, 7, 0, 5, 204.33
1734938876, 0, 12, 22, 11, 4, 0.06%, 7, 0, 5, 202.40
1734938937, 0, 12, 23, 12, 4, 0.06%, 7, 0, 5, 202.66
1734938988, 0, 13, 24, 12, 4, 0.06%, 7, 0, 5, 230.89
1734938998, 0, 13, 25, 13, 4, 0.06%, 8, 0, 5, 202.55
1734939008, 0, 13, 26, 14, 4, 0.06%, 8, 0, 5, 200.35
1734939013, 0, 13, 27, 15, 4, 0.06%, 8, 0, 5, 199.79
1734939084, 0, 13, 28, 16, 4, 0.06%, 8, 0, 5, 206.29
1734939109, 0, 14, 28, 15, 4, 0.06%, 8, 0, 5, 235.01
1734939115, 0, 14, 29, 16, 4, 0.06%, 8, 0, 5, 210.86
1734939125, 0, 14, 30, 17, 4, 0.06%, 8, 0, 5, 206.92
1734939170, 0, 18, 31, 17, 3, 0.06%, 9, 0, 6, 230.74
1734939190, 0, 20, 31, 16, 3, 0.06%, 9, 0, 6, 236.49
1734939200, 0, 20, 32, 17, 3, 0.06%, 9, 0, 6, 214.08
1734939211, 0, 20, 33, 18, 3, 0.06%, 9, 0, 6, 210.40
1734939251, 0, 24, 33, 17, 2, 0.06%, 9, 0, 6, 220.22
1734939266, 0, 30, 33, 16, 1, 0.06%, 9, 0, 6, 232.11
1734939282, 1, 10, 33, 15, 0, 0.06%, 9, 0, 6, 206.69
1734939287, 1, 12, 33, 15, 0, 0.06%, 9, 0, 6, 205.10
1734939292, 1, 14, 33, 15, 0, 0.06%, 9, 0, 6, 207.04
1734939297, 1, 16, 33, 15, 0, 0.06%, 9, 0, 6, 335.63
1734939308, 1, 16, 36, 18, 0, 0.06%, 9, 0, 6, 304.75
1734939343, 1, 16, 37, 19, 0, 0.06%, 9, 0, 6, 271.55
1734939358, 1, 16, 38, 20, 0, 0.06%, 9, 0, 6, 270.10
1734939398, 1, 20, 38, 19, 0, 0.06%, 9, 0, 6, 232.58
1734939404, 1, 23, 39, 20, 0, 0.06%, 9, 0, 6, 353.41
1734939424, 1, 24, 39, 19, 0, 0.06%, 9, 0, 6, 249.31
1734939429, 1, 25, 39, 19, 0, 0.06%, 9, 0, 6, 243.90
1734939444, 1, 28, 39, 18, 0, 0.06%, 9, 0, 6, 226.61
1734939465, 1, 29, 40, 18, 0, 0.06%, 9, 0, 6, 311.61
1734939475, 1, 29, 41, 19, 0, 0.06%, 9, 0, 6, 238.51
1734939495, 1, 30, 41, 18, 0, 0.06%, 9, 0, 6, 231.16
1734939500, 1, 40, 41, 18, 0, 0.06%, 9, 0, 6, 401.88
1734939515, 1, 40, 43, 20, 0, 0.06%, 9, 0, 7, 278.73
1734939521, 1, 40, 44, 21, 0, 0.06%, 9, 0, 7, 276.61
1734939546, 1, 40, 45, 22, 0, 0.06%, 9, 0, 7, 270.83
1734939566, 1, 40, 46, 23, 0, 0.06%, 9, 0, 7, 270.79
1734939602, 1, 42, 46, 22, 0, 0.06%, 9, 0, 7, 348.41
1734939627, 2, 13, 46, 21, 0, 0.06%, 9, 0, 7, 236.72
1734939632, 2, 18, 46, 21, 0, 0.06%, 9, 0, 7, 222.94
1734939637, 2, 19, 46, 21, 0, 0.06%, 9, 0, 7, 313.87
1734939642, 2, 19, 47, 22, 0, 0.06%, 9, 0, 7, 263.33
1734939657, 2, 20, 47, 21, 0, 0.06%, 9, 0, 7, 244.72
1734939662, 2, 30, 47, 21, 0, 0.06%, 9, 0, 7, 229.15
1734939667, 2, 33, 47, 21, 0, 0.06%, 9, 0, 7, 312.22
1734939682, 2, 35, 47, 20, 0, 0.06%, 9, 0, 7, 245.47
1734939718, 2, 35, 48, 21, 0, 0.06%, 9, 0, 7, 305.66
1734939738, 2, 47, 49, 21, 0, 0.06%, 9, 0, 7, 426.10
1734939794, 3, 10, 49, 20, 0, 0.06%, 9, 0, 7, 283.39
1734939799, 3, 13, 49, 20, 0, 0.06%, 9, 0, 7, 235.49
1734939805, 3, 17, 49, 20, 0, 0.06%, 9, 0, 7, 303.71
1734939815, 3, 17, 50, 21, 0, 0.06%, 9, 0, 7, 253.94
1734939825, 3, 18, 50, 20, 0, 0.06%, 9, 0, 7, 251.98
1734939830, 3, 24, 51, 21, 0, 0.06%, 9, 0, 7, 233.11
1734939835, 3, 25, 51, 21, 0, 0.06%, 9, 0, 7, 226.93
1734939840, 3, 36, 51, 21, 0, 0.06%, 9, 0, 7, 334.09
1734939866, 3, 41, 51, 20, 0, 0.06%, 9, 0, 7, 400.08
1734939881, 3, 41, 52, 21, 0, 0.06%, 9, 0, 8, 276.19
1734939896, 3, 41, 53, 22, 0, 0.06%, 9, 0, 8, 280.44
1734939937, 3, 45, 53, 21, 0, 0.06%, 9, 0, 8, 326.88
1734939988, 3, 48, 53, 20, 0, 0.06%, 9, 0, 8, 407.05
1734940038, 3, 48, 54, 21, 0, 0.06%, 9, 0, 8, 312.47
1734940058, 3, 53, 54, 20, 0, 0.06%, 9, 0, 8, 298.16
1734940069, 3, 53, 55, 21, 0, 0.06%, 9, 0, 9, 442.33
1734940129, 4, 12, 55, 20, 0, 0.06%, 9, 0, 9, 242.22
1734940134, 4, 14, 55, 20, 0, 0.06%, 9, 0, 9, 227.54
1734940139, 4, 24, 55, 20, 0, 0.06%, 9, 0, 9, 223.20
1734940144, 4, 27, 55, 20, 0, 0.06%, 9, 0, 9, 363.80
1734940155, 4, 27, 56, 21, 0, 0.06%, 9, 0, 9, 334.24
1734940160, 4, 27, 57, 22, 0, 0.06%, 9, 0, 9, 284.48
1734940170, 4, 32, 57, 21, 0, 0.06%, 9, 0, 9, 318.31
1734940180, 4, 32, 59, 23, 0, 0.06%, 9, 0, 9, 360.95
1734940185, 4, 32, 60, 24, 0, 0.06%, 9, 0, 9, 297.93
1734940195, 4, 32, 61, 25, 0, 0.06%, 9, 0, 9, 273.42
1734940241, 4, 38, 61, 24, 0, 0.06%, 9, 0, 9, 391.21
1734940266, 4, 46, 61, 23, 0, 0.06%, 9, 0, 9, 377.03
1734940322, 4, 50, 61, 22, 0, 0.06%, 9, 0, 9, 292.39
1734940342, 4, 51, 62, 22, 0, 0.06%, 9, 0, 9, 280.61
1734940648, 4, 51, 63, 23, 0, 0.06%, 9, 0, 9, 374.70
1734940668, 4, 56, 63, 22, 0, 0.06%, 9, 0, 9, 390.89
1734940709, 4, 57, 63, 21, 0, 0.06%, 9, 0, 9, 404.00
1734940724, 4, 57, 64, 22, 0, 0.06%, 9, 0, 9, 275.79
1734940775, 4, 63, 64, 21, 0, 0.06%, 9, 0, 9, 329.06
1734940866, 5, 10, 64, 19, 0, 0.06%, 9, 0, 9, 221.45
1734940871, 5, 13, 64, 19, 0, 0.06%, 9, 0, 9, 220.89
1734940876, 5, 15, 64, 19, 0, 0.06%, 9, 0, 9, 255.70
1734940891, 5, 24, 64, 18, 0, 0.06%, 9, 0, 9, 231.86
1734940896, 5, 26, 64, 18, 0, 0.06%, 9, 0, 9, 267.13
1734940907, 5, 30, 64, 17, 0, 0.06%, 9, 0, 9, 231.49
1734940912, 5, 39, 64, 17, 0, 0.06%, 9, 0, 9, 309.07
1734940932, 5, 43, 64, 16, 0, 0.06%, 9, 0, 9, 274.80
1734940968, 5, 53, 64, 15, 0, 0.06%, 9, 0, 9, 290.96
1734940973, 5, 60, 65, 16, 0, 0.06%, 9, 0, 9, 258.28
1734941033, 5, 60, 66, 17, 0, 0.06%, 9, 0, 9, 358.00
1734941089, 5, 65, 66, 16, 0, 0.06%, 9, 0, 9, 379.21
1734941191, 6, 12, 66, 15, 0, 0.06%, 9, 0, 9, 251.06
1734941196, 6, 14, 66, 15, 0, 0.06%, 9, 0, 9, 233.80
1734941201, 6, 21, 66, 15, 0, 0.06%, 9, 0, 9, 258.56
1734941217, 6, 30, 66, 14, 0, 0.06%, 9, 0, 9, 258.09
1734941222, 6, 37, 66, 14, 0, 0.06%, 9, 0, 9, 387.64
1734941242, 6, 37, 67, 15, 0, 0.06%, 9, 0, 9, 292.92
1734941262, 6, 48, 67, 14, 0, 0.06%, 9, 0, 9, 305.09
1734941267, 6, 49, 67, 14, 0, 0.06%, 9, 0, 9, 374.09
1734941288, 6, 64, 67, 13, 0, 0.06%, 9, 0, 9, 310.89
1734941349, 7, 12, 67, 12, 0, 0.06%, 9, 0, 9, 266.60
1734941354, 7, 14, 67, 12, 0, 0.06%, 9, 0, 9, 233.64
1734941359, 7, 20, 67, 12, 0, 0.06%, 9, 0, 9, 233.09
1734941364, 7, 30, 67, 12, 0, 0.06%, 9, 0, 9, 226.30
1734941369, 7, 34, 67, 12, 0, 0.06%, 9, 0, 9, 398.78
1734941389, 7, 62, 67, 11, 0, 0.06%, 9, 0, 9, 249.75
1734941532, 7, 62, 68, 12, 0, 0.06%, 9, 0, 10, 469.02
1734941781, 8, 12, 68, 11, 0, 0.06%, 9, 0, 10, 267.70
1734941786, 8, 18, 68, 11, 0, 0.06%, 9, 0, 10, 237.96
1734941792, 8, 24, 68, 11, 0, 0.06%, 9, 0, 10, 232.98
1734941797, 8, 55, 68, 11, 0, 0.06%, 9, 0, 10, 307.00
1734941837, 8, 59, 68, 10, 0, 0.06%, 9, 0, 10, 363.91
1734941873, 8, 66, 68, 9, 0, 0.06%, 9, 0, 10, 320.36
1734941924, 8, 67, 68, 8, 0, 0.06%, 9, 0, 10, 314.71
1734942316, 9, 10, 68, 7, 0, 0.06%, 9, 0, 10, 295.84
1734942321, 9, 12, 68, 7, 0, 0.06%, 9, 0, 10, 245.85
1734942326, 9, 13, 68, 7, 0, 0.06%, 9, 0, 10, 259.11
1734942331, 9, 14, 68, 7, 0, 0.06%, 9, 0, 10, 246.06
1734942341, 9, 18, 68, 7, 0, 0.06%, 9, 0, 10, 241.11
1734942346, 9, 20, 68, 7, 0, 0.06%, 9, 0, 10, 246.57
1734942351, 9, 24, 68, 7, 0, 0.06%, 9, 0, 10, 229.75
1734942356, 9, 30, 68, 7, 0, 0.06%, 9, 0, 10, 236.34
1734942361, 9, 57, 68, 7, 0, 0.06%, 9, 0, 10, 260.62
1734942366, 10, 4, 68, 7, 0, 0.06%, 9, 0, 10, 249.31
1734942372, 10, 10, 68, 7, 0, 0.06%, 9, 0, 10, 252.08
1734942377, 10, 12, 68, 7, 0, 0.06%, 9, 0, 10, 245.44
1734942382, 10, 13, 68, 7, 0, 0.06%, 9, 0, 10, 242.39
1734942387, 10, 14, 68, 7, 0, 0.06%, 9, 0, 10, 249.41
1734942392, 10, 18, 68, 7, 0, 0.06%, 9, 0, 10, 267.38
1734942397, 10, 20, 68, 7, 0, 0.06%, 9, 0, 10, 262.39
1734942402, 10, 20, 69, 8, 0, 0.06%, 9, 0, 10, 258.63
1734942407, 10, 24, 69, 8, 0, 0.06%, 9, 0, 10, 248.17
1734942412, 10, 30, 69, 8, 0, 0.06%, 9, 0, 10, 234.70
1734942417, 10, 54, 69, 8, 0, 0.06%, 9, 0, 10, 361.06
1734942499, 11, 11, 69, 7, 0, 0.06%, 9, 0, 10, 260.89
1734942504, 11, 12, 69, 7, 0, 0.06%, 9, 0, 10, 246.66
1734942509, 11, 13, 69, 7, 0, 0.06%, 9, 0, 10, 251.19
1734942514, 11, 14, 69, 7, 0, 0.06%, 9, 0, 10, 250.71
1734942519, 11, 16, 69, 7, 0, 0.06%, 9, 0, 10, 267.52
1734942529, 11, 18, 69, 7, 0, 0.06%, 9, 0, 10, 259.69
1734942534, 11, 19, 69, 7, 0, 0.06%, 9, 0, 10, 262.75
1734942539, 11, 20, 69, 7, 0, 0.06%, 9, 0, 10, 264.48
1734942544, 11, 22, 69, 7, 0, 0.06%, 9, 0, 10, 401.03
1734942565, 11, 24, 69, 6, 0, 0.06%, 9, 0, 10, 254.07
1734942575, 11, 30, 69, 6, 0, 0.06%, 9, 0, 10, 259.12
1734942580, 11, 44, 69, 6, 0, 0.06%, 9, 0, 10, 344.25
1734942677, 11, 58, 69, 5, 0, 0.06%, 9, 0, 10, 273.62
1734942753, 11, 67, 69, 4, 0, 0.06%, 9, 0, 10, 352.90
1734942769, 12, 11, 69, 4, 0, 0.06%, 9, 0, 10, 251.29
1734942774, 12, 12, 69, 4, 0, 0.06%, 9, 0, 10, 231.76
1734942779, 12, 13, 69, 4, 0, 0.06%, 9, 0, 10, 254.60
1734942784, 12, 14, 69, 4, 0, 0.06%, 9, 0, 10, 247.87
1734942789, 12, 18, 69, 4, 0, 0.06%, 9, 0, 10, 249.12
1734942794, 12, 20, 69, 4, 0, 0.06%, 9, 0, 10, 243.41
1734942799, 12, 24, 69, 4, 0, 0.06%, 9, 0, 10, 252.80
1734942804, 12, 30, 69, 4, 0, 0.06%, 9, 0, 10, 238.75
1734942814, 12, 31, 69, 4, 0, 0.06%, 9, 0, 10, 271.14
1734942830, 12, 35, 69, 3, 0, 0.06%, 9, 0, 10, 268.98
1734942835, 12, 52, 69, 3, 0, 0.06%, 9, 0, 10, 323.44
1734942926, 12, 56, 69, 2, 0, 0.06%, 9, 0, 10, 249.38
1734942931, 13, 10, 69, 2, 0, 0.06%, 9, 0, 10, 259.82
1734942936, 13, 12, 69, 2, 0, 0.06%, 9, 0, 10, 237.14
1734942941, 13, 13, 69, 2, 0, 0.06%, 9, 0, 10, 255.75
1734942946, 13, 14, 69, 2, 0, 0.06%, 9, 0, 10, 255.61
1734942951, 13, 18, 69, 2, 0, 0.06%, 9, 0, 10, 243.61
1734942956, 13, 20, 69, 2, 0, 0.06%, 9, 0, 10, 269.38
1734942967, 13, 24, 69, 2, 0, 0.06%, 9, 0, 10, 250.29
1734942972, 13, 30, 69, 2, 0, 0.06%, 9, 0, 10, 262.57
1734942977, 13, 47, 69, 2, 0, 0.06%, 9, 0, 10, 278.66
1734942982, 13, 64, 69, 2, 0, 0.06%, 9, 0, 10, 289.26
1734942992, 14, 8, 69, 2, 0, 0.06%, 9, 0, 10, 264.34
1734942997, 14, 11, 69, 2, 0, 0.06%, 9, 0, 10, 259.17
1734943002, 14, 12, 69, 2, 0, 0.06%, 9, 0, 10, 261.39
1734943007, 14, 13, 69, 2, 0, 0.06%, 9, 0, 10, 254.61
1734943012, 14, 14, 69, 2, 0, 0.06%, 9, 0, 10, 246.66
1734943017, 14, 18, 69, 2, 0, 0.06%, 9, 0, 10, 250.49
1734943022, 14, 20, 69, 2, 0, 0.06%, 9, 0, 10, 253.47
1734943027, 14, 24, 69, 2, 0, 0.06%, 9, 0, 10, 245.80
1734943032, 14, 30, 69, 2, 0, 0.06%, 9, 0, 10, 244.31
1734943037, 14, 39, 69, 2, 0, 0.06%, 9, 0, 10, 263.12
1734943043, 14, 42, 69, 2, 0, 0.06%, 9, 0, 10, 248.59
1734943053, 14, 61, 69, 2, 0, 0.06%, 9, 0, 10, 325.66
1734943409, 14, 68, 69, 1, 0, 0.06%, 9, 0, 10, 368.14
1734943485, 14, 68, 70, 2, 0, 0.06%, 9, 0, 10, 290.76
1734943490, 15, 11, 70, 1, 0, 0.06%, 9, 0, 10, 259.36
1734943495, 15, 12, 70, 1, 0, 0.06%, 9, 0, 10, 247.19
1734943500, 15, 13, 70, 1, 0, 0.06%, 9, 0, 10, 248.47
1734943505, 15, 14, 70, 1, 0, 0.06%, 9, 0, 10, 255.56
1734943511, 15, 18, 70, 1, 0, 0.06%, 9, 0, 10, 244.79
1734943516, 15, 20, 70, 1, 0, 0.06%, 9, 0, 10, 260.18
1734943526, 15, 24, 70, 1, 0, 0.06%, 9, 0, 10, 256.12
1734943531, 15, 30, 70, 1, 0, 0.06%, 9, 0, 10, 247.15
1734943536, 15, 31, 70, 1, 0, 0.06%, 9, 0, 10, 234.64
1734943541, 15, 36, 70, 1, 0, 0.06%, 9, 0, 10, 267.15
1734943546, 15, 40, 70, 1, 0, 0.06%, 9, 0, 10, 272.89
1734943551, 16, 0, 70, 1, 0, 0.06%, 9, 0, 10, 257.35
1734943556, 16, 11, 70, 1, 0, 0.06%, 9, 0, 10, 255.56
1734943561, 16, 12, 70, 1, 0, 0.06%, 9, 0, 10, 238.66
1734943566, 16, 13, 70, 1, 0, 0.06%, 9, 0, 10, 244.64
1734943571, 16, 14, 70, 1, 0, 0.06%, 9, 0, 10, 237.01
1734943576, 16, 18, 70, 1, 0, 0.06%, 9, 0, 10, 243.21
1734943582, 16, 20, 70, 1, 0, 0.06%, 9, 0, 10, 240.71
1734943592, 16, 24, 70, 1, 0, 0.06%, 9, 0, 10, 249.18
1734943597, 16, 30, 70, 1, 0, 0.06%, 9, 0, 10, 239.18
1734943602, 17, 10, 70, 1, 0, 0.06%, 9, 0, 10, 250.96
1734943607, 17, 12, 72, 3, 0, 0.06%, 9, 0, 10, 250.10
1734943612, 17, 13, 72, 3, 0, 0.06%, 9, 0, 10, 256.75
1734943622, 17, 14, 72, 3, 0, 0.06%, 9, 0, 10, 245.77
1734943627, 17, 18, 72, 3, 0, 0.06%, 9, 0, 10, 263.56
1734943633, 17, 20, 72, 3, 0, 0.06%, 9, 0, 10, 255.42
1734943638, 17, 24, 72, 3, 0, 0.06%, 9, 0, 10, 246.94
1734943643, 17, 25, 72, 3, 0, 0.06%, 9, 0, 10, 250.12
1734943648, 17, 30, 72, 3, 0, 0.06%, 9, 0, 10, 240.37
1734943653, 17, 32, 72, 3, 0, 0.06%, 9, 0, 10, 256.05
1734943658, 17, 66, 72, 3, 0, 0.06%, 9, 0, 10, 272.02
1734943673, 17, 68, 72, 3, 0, 0.06%, 9, 0, 10, 280.66
1734943693, 18, 10, 72, 3, 0, 0.06%, 9, 0, 10, 242.13
1734943699, 18, 12, 72, 3, 0, 0.06%, 9, 0, 10, 235.65
1734943704, 18, 13, 72, 3, 0, 0.06%, 9, 0, 10, 249.68
1734943709, 18, 14, 72, 3, 0, 0.06%, 9, 0, 10, 248.89
1734943719, 18, 15, 72, 3, 0, 0.06%, 9, 0, 10, 259.00
1734943724, 18, 18, 72, 3, 0, 0.06%, 9, 0, 10, 259.38
1734943729, 18, 20, 72, 3, 0, 0.06%, 9, 0, 10, 265.97
1734943734, 18, 23, 72, 3, 0, 0.06%, 9, 0, 10, 255.03
1734943739, 18, 24, 72, 3, 0, 0.06%, 9, 0, 10, 233.88
1734943744, 18, 30, 72, 3, 0, 0.06%, 9, 0, 10, 240.22
1734943749, 18, 33, 72, 3, 0, 0.06%, 9, 0, 10, 241.08
1734943754, 18, 54, 72, 3, 0, 0.06%, 9, 0, 10, 279.47
1734943775, 19, 11, 72, 3, 0, 0.06%, 9, 0, 10, 254.19
1734943780, 19, 12, 72, 3, 0, 0.06%, 9, 0, 10, 251.66
1734943785, 19, 13, 72, 3, 0, 0.06%, 9, 0, 10, 257.19
1734943790, 19, 14, 72, 3, 0, 0.06%, 9, 0, 10, 259.62
1734943795, 19, 18, 72, 3, 0, 0.06%, 9, 0, 10, 251.29
1734943800, 19, 20, 72, 3, 0, 0.06%, 9, 0, 10, 248.23
1734943805, 19, 24, 72, 3, 0, 0.06%, 9, 0, 10, 244.13
1734943810, 19, 30, 72, 3, 0, 0.06%, 9, 0, 10, 247.70
1734943815, 19, 71, 72, 3, 0, 0.06%, 9, 0, 10, 250.77
1734943953, 20, 10, 72, 2, 0, 0.06%, 9, 0, 10, 253.50
1734943958, 20, 12, 72, 2, 0, 0.06%, 9, 0, 10, 252.74
1734943963, 20, 13, 72, 2, 0, 0.06%, 9, 0, 10, 269.91
1734943968, 20, 14, 72, 2, 0, 0.06%, 9, 0, 10, 257.54
1734943979, 20, 18, 72, 2, 0, 0.06%, 9, 0, 10, 240.67
1734943984, 20, 20, 72, 2, 0, 0.06%, 9, 0, 10, 236.50
1734943989, 20, 21, 72, 2, 0, 0.06%, 9, 0, 10, 254.54
1734943994, 20, 24, 72, 2, 0, 0.06%, 9, 0, 10, 241.67
1734943999, 20, 27, 72, 2, 0, 0.06%, 9, 0, 10, 269.42
1734944004, 20, 28, 72, 2, 0, 0.06%, 9, 0, 10, 259.51
1734944009, 20, 30, 72, 2, 0, 0.06%, 9, 0, 10, 258.01
1734944014, 20, 40, 72, 2, 0, 0.06%, 9, 0, 10, 269.71
1734944024, 21, 11, 72, 2, 0, 0.06%, 9, 0, 10, 247.39
1734944030, 21, 12, 72, 2, 0, 0.06%, 9, 0, 10, 238.54
1734944035, 21, 13, 72, 2, 0, 0.06%, 9, 0, 10, 243.16
1734944040, 21, 14, 72, 2, 0, 0.06%, 9, 0, 10, 240.72
1734944045, 21, 18, 72, 2, 0, 0.06%, 9, 0, 10, 238.36
1734944050, 21, 19, 72, 2, 0, 0.06%, 9, 0, 10, 250.16
1734944055, 21, 20, 72, 2, 0, 0.06%, 9, 0, 10, 253.66
1734944066, 21, 24, 72, 2, 0, 0.06%, 9, 0, 10, 254.55
1734944071, 21, 30, 72, 2, 0, 0.06%, 9, 0, 10, 259.28
1734944076, 21, 65, 72, 2, 0, 0.06%, 9, 0, 10, 286.22
1734944091, 22, 10, 72, 2, 0, 0.06%, 9, 0, 10, 250.01
1734944096, 22, 12, 72, 2, 0, 0.06%, 9, 0, 10, 234.14
1734944101, 22, 13, 72, 2, 0, 0.06%, 9, 0, 10, 251.70
1734944106, 22, 14, 72, 2, 0, 0.06%, 9, 0, 10, 244.95
1734944111, 22, 18, 72, 2, 0, 0.06%, 9, 0, 10, 249.37
1734944116, 22, 20, 72, 2, 0, 0.06%, 9, 0, 10, 254.33
1734944122, 22, 24, 72, 2, 0, 0.06%, 9, 0, 10, 261.98
1734944132, 22, 28, 72, 2, 0, 0.06%, 9, 0, 10, 262.71
1734944137, 22, 30, 72, 2, 0, 0.06%, 9, 0, 10, 254.69
1734944142, 22, 39, 72, 2, 0, 0.06%, 9, 0, 10, 262.60
1734944147, 22, 43, 72, 2, 0, 0.06%, 9, 0, 10, 278.96
1734944152, 22, 57, 72, 2, 0, 0.06%, 9, 0, 10, 278.56
1734944157, 23, 10, 72, 2, 0, 0.06%, 9, 0, 10, 263.69
1734944162, 23, 12, 72, 2, 0, 0.06%, 9, 0, 10, 248.09
1734944172, 23, 13, 72, 2, 0, 0.06%, 9, 0, 10, 253.42
1734944178, 23, 14, 72, 2, 0, 0.06%, 9, 0, 10, 266.91
1734944183, 23, 18, 72, 2, 0, 0.06%, 9, 0, 10, 260.11
1734944188, 23, 20, 72, 2, 0, 0.06%, 9, 0, 10, 254.30
1734944193, 23, 24, 72, 2, 0, 0.06%, 9, 0, 10, 250.42
1734944198, 23, 30, 72, 2, 0, 0.06%, 9, 0, 10, 244.41
1734944203, 23, 68, 72, 2, 0, 0.06%, 9, 0, 10, 256.75
1734944213, 24, 10, 72, 2, 0, 0.06%, 9, 0, 10, 252.75
1734944218, 24, 11, 72, 2, 0, 0.06%, 9, 0, 10, 251.27
1734944223, 24, 12, 72, 2, 0, 0.06%, 9, 0, 10, 253.02
1734944228, 24, 13, 72, 2, 0, 0.06%, 9, 0, 10, 254.56
1734944234, 24, 14, 72, 2, 0, 0.06%, 9, 0, 10, 253.57
1734944239, 24, 18, 72, 2, 0, 0.06%, 9, 0, 10, 275.42
1734944244, 24, 19, 72, 2, 0, 0.06%, 9, 0, 10, 258.66
1734944249, 24, 20, 72, 2, 0, 0.06%, 9, 0, 10, 245.62
1734944254, 24, 24, 72, 2, 0, 0.06%, 9, 0, 10, 235.98
1734944259, 24, 30, 72, 2, 0, 0.06%, 9, 0, 10, 252.50
1734944264, 24, 33, 72, 2, 0, 0.06%, 9, 0, 10, 265.06
1734944269, 24, 64, 72, 2, 0, 0.06%, 9, 0, 10, 275.91
1734944279, 25, 11, 72, 2, 0, 0.06%, 9, 0, 10, 255.54
1734944284, 25, 12, 72, 2, 0, 0.06%, 9, 0, 10, 240.79
1734944289, 25, 13, 72, 2, 0, 0.06%, 9, 0, 10, 261.62
1734944294, 25, 14, 72, 2, 0, 0.06%, 9, 0, 10, 246.01
1734944299, 25, 18, 72, 2, 0, 0.06%, 9, 0, 10, 247.48
1734944304, 25, 20, 72, 2, 0, 0.06%, 9, 0, 10, 245.56
1734944309, 25, 24, 72, 2, 0, 0.06%, 9, 0, 10, 249.96
1734944320, 25, 30, 72, 2, 0, 0.06%, 9, 0, 10, 253.00
1734944325, 25, 33, 72, 2, 0, 0.06%, 9, 0, 10, 256.86
1734944330, 25, 55, 72, 2, 0, 0.06%, 9, 0, 10, 268.36
1734944335, 26, 10, 72, 2, 0, 0.06%, 9, 0, 10, 256.47
1734944340, 26, 11, 72, 2, 0, 0.06%, 9, 0, 10, 250.83
1734944345, 26, 12, 72, 2, 0, 0.06%, 9, 0, 10, 256.44
1734944350, 26, 13, 72, 2, 0, 0.06%, 9, 0, 10, 264.36
1734944355, 26, 14, 72, 2, 0, 0.06%, 9, 0, 10, 261.09
1734944360, 26, 15, 72, 2, 0, 0.06%, 9, 0, 10, 250.47
1734944365, 26, 18, 72, 2, 0, 0.06%, 9, 0, 10, 248.44
1734944370, 26, 20, 72, 2, 0, 0.06%, 9, 0, 10, 242.61
1734944375, 26, 24, 72, 2, 0, 0.06%, 9, 0, 10, 241.97
1734944380, 26, 30, 72, 2, 0, 0.06%, 9, 0, 10, 243.10
1734944385, 26, 35, 72, 2, 0, 0.06%, 9, 0, 10, 247.29
1734944390, 26, 38, 72, 2, 0, 0.06%, 9, 0, 10, 282.21
1734944400, 26, 63, 72, 2, 0, 0.06%, 9, 0, 10, 254.70
1734944405, 27, 10, 72, 2, 0, 0.06%, 9, 0, 10, 236.32
1734944411, 27, 12, 72, 2, 0, 0.06%, 9, 0, 10, 243.73
1734944416, 27, 13, 72, 2, 0, 0.06%, 9, 0, 10, 256.76
1734944421, 27, 14, 72, 2, 0, 0.06%, 9, 0, 10, 259.39
1734944431, 27, 20, 72, 2, 0, 0.06%, 9, 0, 10, 272.81
1734944441, 27, 24, 72, 2, 0, 0.06%, 9, 0, 10, 259.64
1734944446, 27, 30, 72, 2, 0, 0.06%, 9, 0, 10, 252.94
1734944451, 27, 71, 72, 2, 0, 0.06%, 9, 0, 10, 276.68
1734944472, 28, 11, 72, 2, 0, 0.06%, 9, 0, 10, 262.54
1734944477, 28, 12, 73, 3, 0, 0.06%, 9, 0, 10, 247.24
1734944482, 28, 13, 73, 3, 0, 0.06%, 9, 0, 10, 238.77
1734944487, 28, 14, 73, 3, 0, 0.06%, 9, 0, 10, 245.84
1734944492, 28, 18, 73, 3, 0, 0.06%, 9, 0, 10, 250.29
1734944498, 28, 20, 73, 3, 0, 0.06%, 9, 0, 10, 255.63
1734944503, 28, 24, 73, 3, 0, 0.06%, 9, 0, 10, 258.13
1734944513, 28, 30, 73, 3, 0, 0.06%, 9, 0, 10, 275.65
1734944518, 28, 50, 73, 3, 0, 0.06%, 9, 0, 10, 256.02
1734944528, 29, 10, 73, 3, 0, 0.06%, 9, 0, 10, 257.82
1734944533, 29, 11, 73, 3, 0, 0.06%, 9, 0, 10, 260.40
1734944538, 29, 13, 73, 3, 0, 0.06%, 9, 0, 10, 244.42
1734944543, 29, 14, 73, 3, 0, 0.06%, 9, 0, 10, 250.71
1734944548, 29, 18, 73, 3, 0, 0.06%, 9, 0, 10, 265.13
1734944553, 29, 20, 73, 3, 0, 0.06%, 9, 0, 10, 258.16
1734944563, 29, 24, 73, 3, 0, 0.06%, 9, 0, 10, 264.79
1734944568, 29, 30, 73, 3, 0, 0.06%, 9, 0, 10, 255.80
1734944574, 29, 34, 73, 3, 0, 0.06%, 9, 0, 10, 264.82
1734944579, 29, 39, 73, 3, 0, 0.06%, 9, 0, 10, 253.20
1734944584, 29, 57, 73, 3, 0, 0.06%, 9, 0, 10, 273.96
1734944589, 29, 59, 73, 3, 0, 0.06%, 9, 0, 10, 271.34
1734944594, 29, 69, 73, 3, 0, 0.06%, 9, 0, 10, 311.98
1734944732, 30, 10, 73, 2, 0, 0.06%, 9, 0, 10, 267.42
1734944737, 30, 12, 73, 2, 0, 0.06%, 9, 0, 10, 244.59
1734944742, 30, 13, 73, 2, 0, 0.06%, 9, 0, 10, 239.59
1734944747, 30, 14, 73, 2, 0, 0.06%, 9, 0, 10, 250.89
1734944752, 30, 18, 73, 2, 0, 0.06%, 9, 0, 10, 250.74
1734944757, 30, 20, 73, 2, 0, 0.06%, 9, 0, 10, 259.89
1734944762, 30, 22, 73, 2, 0, 0.06%, 9, 0, 10, 267.21
1734944773, 30, 24, 73, 2, 0, 0.06%, 9, 0, 10, 251.50
1734944778, 30, 30, 73, 2, 0, 0.06%, 9, 0, 10, 261.84
1734944783, 31, 10, 73, 2, 0, 0.06%, 9, 0, 10, 251.64
1734944788, 31, 12, 73, 2, 0, 0.06%, 9, 0, 10, 238.45
1734944793, 31, 13, 73, 2, 0, 0.06%, 9, 0, 10, 252.17
1734944803, 31, 14, 73, 2, 0, 0.06%, 9, 0, 10, 258.35
1734944808, 31, 18, 73, 2, 0, 0.06%, 9, 0, 10, 252.29
1734944813, 31, 20, 73, 2, 0, 0.06%, 9, 0, 10, 252.48
1734944818, 31, 24, 73, 2, 0, 0.06%, 9, 0, 10, 246.48
1734944823, 31, 30, 73, 2, 0, 0.06%, 9, 0, 10, 238.28
1734944828, 31, 34, 73, 2, 0, 0.06%, 9, 0, 10, 267.71
1734944833, 31, 49, 73, 2, 0, 0.06%, 9, 0, 10, 268.35
1734944844, 31, 65, 73, 2, 0, 0.06%, 9, 0, 10, 265.83
1734944854, 32, 10, 73, 2, 0, 0.06%, 9, 0, 10, 257.05
1734944859, 32, 12, 73, 2, 0, 0.06%, 9, 0, 10, 243.60
1734944864, 32, 13, 73, 2, 0, 0.06%, 9, 0, 10, 241.75
1734944869, 32, 14, 73, 2, 0, 0.06%, 9, 0, 10, 253.48
1734944874, 32, 18, 73, 2, 0, 0.06%, 9, 0, 10, 255.15
1734944879, 32, 20, 73, 2, 0, 0.06%, 9, 0, 10, 254.43
1734944890, 32, 24, 73, 2, 0, 0.06%, 9, 0, 10, 258.85
1734944895, 32, 30, 73, 2, 0, 0.06%, 9, 0, 10, 246.03
1734944900, 32, 31, 73, 2, 0, 0.06%, 9, 0, 10, 257.59
1734944905, 32, 72, 73, 2, 0, 0.06%, 9, 0, 10, 331.00
1734945027, 33, 10, 73, 1, 0, 0.06%, 9, 0, 10, 248.27
1734945032, 33, 11, 73, 1, 0, 0.06%, 9, 0, 10, 257.45
1734945037, 33, 12, 73, 1, 0, 0.06%, 9, 0, 10, 263.62
1734945042, 33, 13, 73, 1, 0, 0.06%, 9, 0, 10, 246.46
1734945047, 33, 18, 73, 1, 0, 0.06%, 9, 0, 10, 246.19
1734945058, 33, 20, 73, 1, 0, 0.06%, 9, 0, 10, 255.49
1734945063, 33, 23, 73, 1, 0, 0.06%, 9, 0, 10, 275.34
1734945068, 33, 24, 73, 1, 0, 0.06%, 9, 0, 10, 268.09
1734945073, 33, 30, 73, 1, 0, 0.06%, 9, 0, 10, 271.56
1734945078, 33, 59, 73, 1, 0, 0.06%, 9, 0, 10, 260.04
1734945083, 33, 69, 73, 1, 0, 0.06%, 9, 0, 10, 276.64
1734945104, 34, 10, 73, 1, 0, 0.06%, 9, 0, 10, 248.51
1734945109, 34, 12, 73, 1, 0, 0.06%, 9, 0, 10, 265.29
1734945119, 34, 13, 73, 1, 0, 0.06%, 9, 0, 10, 250.42
1734945124, 34, 14, 73, 1, 0, 0.06%, 9, 0, 10, 252.85
1734945129, 34, 18, 73, 1, 0, 0.06%, 9, 0, 10, 278.75
1734945134, 34, 20, 73, 1, 0, 0.06%, 9, 0, 10, 265.63
1734945139, 34, 24, 73, 1, 0, 0.06%, 9, 0, 10, 261.05
1734945144, 34, 30, 73, 1, 0, 0.06%, 9, 0, 10, 237.74
1734945149, 34, 42, 73, 1, 0, 0.06%, 9, 0, 10, 263.78
1734945154, 34, 56, 73, 1, 0, 0.06%, 9, 0, 10, 274.37
1734945160, 34, 59, 73, 1, 0, 0.06%, 9, 0, 10, 263.78
1734945165, 34, 70, 73, 1, 0, 0.06%, 9, 0, 10, 259.12
1734945272, 35, 10, 73, 0, 0, 0.06%, 9, 0, 10, 256.59
1734945277, 35, 12, 73, 0, 0, 0.06%, 9, 0, 10, 242.43
1734945282, 35, 13, 73, 0, 0, 0.06%, 9, 0, 10, 235.05
1734945287, 35, 14, 73, 0, 0, 0.06%, 9, 0, 10, 250.06
1734945292, 35, 18, 73, 0, 0, 0.06%, 9, 0, 10, 259.85
1734945297, 35, 20, 73, 0, 0, 0.06%, 9, 0, 10, 262.42
1734945308, 35, 24, 73, 0, 0, 0.06%, 9, 0, 10, 263.93
1734945313, 35, 30, 73, 0, 0, 0.06%, 9, 0, 10, 252.50
1734945318, 35, 37, 73, 0, 0, 0.06%, 9, 0, 10, 269.41
1734945323, 35, 42, 73, 0, 0, 0.06%, 9, 0, 10, 258.56
1734945328, 35, 49, 73, 0, 0, 0.06%, 9, 0, 10, 261.49
1734945338, 36, 10, 73, 0, 0, 0.06%, 9, 0, 10, 253.91
1734945343, 36, 12, 73, 0, 0, 0.06%, 9, 0, 10, 253.88
1734945348, 36, 13, 73, 0, 0, 0.06%, 9, 0, 10, 264.40
1734945358, 36, 14, 73, 0, 0, 0.06%, 9, 0, 10, 251.12
1734945364, 36, 18, 73, 0, 0, 0.06%, 9, 0, 10, 248.08
1734945369, 36, 20, 73, 0, 0, 0.06%, 9, 0, 10, 250.31
1734945374, 36, 21, 73, 0, 0, 0.06%, 9, 0, 10, 256.91
1734945379, 36, 23, 73, 0, 0, 0.06%, 9, 0, 10, 263.22
1734945384, 36, 24, 73, 0, 0, 0.06%, 9, 0, 10, 246.89
1734945389, 36, 30, 73, 0, 0, 0.06%, 9, 0, 10, 252.13
1734945394, 36, 31, 73, 0, 0, 0.06%, 9, 0, 10, 259.13
1734945404, 36, 32, 73, 0, 0, 0.06%, 9, 0, 10, 264.09
1734945409, 36, 37, 73, 0, 0, 0.06%, 9, 0, 10, 263.05
1734945414, 36, 43, 73, 0, 0, 0.06%, 9, 0, 10, 258.97
1734945419, 36, 62, 73, 0, 0, 0.06%, 9, 0, 10, 285.88
1734945424, 37, 2, 73, 0, 0, 0.06%, 9, 0, 10, 261.81
1734945429, 37, 11, 73, 0, 0, 0.06%, 9, 0, 10, 256.45
1734945434, 37, 12, 73, 0, 0, 0.06%, 9, 0, 10, 254.88
1734945439, 37, 13, 73, 0, 0, 0.06%, 9, 0, 10, 250.99
1734945444, 37, 14, 73, 0, 0, 0.06%, 9, 0, 10, 251.42
1734945449, 37, 17, 73, 0, 0, 0.06%, 9, 0, 10, 247.61
1734945455, 37, 18, 73, 0, 0, 0.06%, 9, 0, 10, 251.44
1734945460, 37, 20, 73, 0, 0, 0.06%, 9, 0, 10, 253.26
1734945470, 37, 24, 73, 0, 0, 0.06%, 9, 0, 10, 256.89
1734945475, 37, 27, 73, 0, 0, 0.06%, 9, 0, 10, 268.12
1734945480, 37, 28, 73, 0, 0, 0.06%, 9, 0, 10, 261.26
1734945485, 37, 30, 73, 0, 0, 0.06%, 9, 0, 10, 260.37
1734945490, 37, 50, 73, 0, 0, 0.06%, 9, 0, 10, 258.58
1734945500, 38, 10, 73, 0, 0, 0.06%, 9, 0, 10, 242.94
1734945505, 38, 12, 73, 0, 0, 0.06%, 9, 0, 10, 241.20
1734945515, 38, 13, 73, 0, 0, 0.06%, 9, 0, 10, 253.26
1734945520, 38, 14, 73, 0, 0, 0.06%, 9, 0, 10, 255.11
1734945525, 38, 15, 73, 0, 0, 0.06%, 9, 0, 10, 258.19
1734945530, 38, 18, 73, 0, 0, 0.06%, 9, 0, 10, 268.88
1734945535, 38, 20, 73, 0, 0, 0.06%, 9, 0, 10, 260.68
1734945540, 38, 24, 73, 0, 0, 0.06%, 9, 0, 10, 255.43
1734945545, 38, 30, 73, 0, 0, 0.06%, 9, 0, 10, 243.98
1734945551, 38, 42, 73, 0, 0, 0.06%, 9, 0, 10, 270.56
1734945556, 38, 56, 73, 0, 0, 0.06%, 9, 0, 10, 272.72
1734945561, 39, 10, 73, 0, 0, 0.06%, 9, 0, 10, 265.39
1734945566, 39, 12, 73, 0, 0, 0.06%, 9, 0, 10, 249.88
1734945576, 39, 13, 73, 0, 0, 0.06%, 9, 0, 10, 275.76
1734945581, 39, 14, 73, 0, 0, 0.06%, 9, 0, 10, 263.99
1734945586, 39, 15, 73, 0, 0, 0.06%, 9, 0, 10, 255.63
1734945591, 39, 18, 73, 0, 0, 0.06%, 9, 0, 10, 259.54
1734945596, 39, 20, 73, 0, 0, 0.06%, 9, 0, 10, 243.04
1734945601, 39, 24, 73, 0, 0, 0.06%, 9, 0, 10, 238.00
1734945606, 39, 30, 73, 0, 0, 0.06%, 9, 0, 10, 252.20
1734945616, 39, 41, 73, 0, 0, 0.06%, 9, 0, 10, 259.39
1734945621, 39, 69, 73, 0, 0, 0.06%, 9, 0, 10, 287.78
1734945642, 40, 11, 73, 0, 0, 0.06%, 9, 0, 10, 247.53
1734945647, 40, 12, 73, 0, 0, 0.06%, 9, 0, 10, 246.23
1734945652, 40, 13, 73, 0, 0, 0.06%, 9, 0, 10, 244.45
1734945657, 40, 14, 73, 0, 0, 0.06%, 9, 0, 10, 239.75
1734945662, 40, 18, 73, 0, 0, 0.06%, 9, 0, 10, 263.28
1734945667, 40, 20, 73, 0, 0, 0.06%, 9, 0, 10, 261.97
1734945677, 40, 24, 73, 0, 0, 0.06%, 9, 0, 10, 252.91
1734945682, 40, 30, 73, 0, 0, 0.06%, 9, 0, 10, 257.45
1734945687, 40, 43, 73, 0, 0, 0.06%, 9, 0, 10, 275.29
1734945692, 40, 54, 73, 0, 0, 0.06%, 9, 0, 10, 297.83
1734945707, 41, 10, 73, 0, 0, 0.06%, 9, 0, 10, 238.18
1734945713, 41, 12, 73, 0, 0, 0.06%, 9, 0, 10, 237.97
1734945718, 41, 13, 73, 0, 0, 0.06%, 9, 0, 10, 244.96
1734945723, 41, 14, 73, 0, 0, 0.06%, 9, 0, 10, 258.18
1734945728, 41, 18, 73, 0, 0, 0.06%, 9, 0, 10, 256.10
1734945738, 41, 20, 73, 0, 0, 0.06%, 9, 0, 10, 270.70
1734945743, 41, 23, 73, 0, 0, 0.06%, 9, 0, 10, 265.14
1734945748, 41, 24, 73, 0, 0, 0.06%, 9, 0, 10, 257.89
1734945753, 41, 28, 73, 0, 0, 0.06%, 9, 0, 10, 261.27
1734945758, 41, 30, 73, 0, 0, 0.06%, 9, 0, 10, 250.39
1734945763, 41, 39, 73, 0, 0, 0.06%, 9, 0, 10, 249.76
1734945768, 41, 43, 73, 0, 0, 0.06%, 9, 0, 10, 259.41
1734945773, 41, 55, 73, 0, 0, 0.06%, 9, 0, 10, 269.51
1734945778, 42, 10, 73, 0, 0, 0.06%, 9, 0, 10, 278.13
1734945783, 42, 12, 73, 0, 0, 0.06%, 9, 0, 10, 267.73
1734945793, 42, 13, 73, 0, 0, 0.06%, 9, 0, 10, 250.62
1734945798, 42, 14, 73, 0, 0, 0.06%, 9, 0, 10, 243.16
1734945803, 42, 17, 73, 0, 0, 0.06%, 9, 0, 10, 254.94
1734945808, 42, 18, 73, 0, 0, 0.06%, 9, 0, 10, 249.68
1734945814, 42, 20, 73, 0, 0, 0.06%, 9, 0, 10, 251.14
1734945819, 42, 24, 73, 0, 0, 0.06%, 9, 0, 10, 258.05
1734945824, 42, 30, 73, 0, 0, 0.06%, 9, 0, 10, 259.87
1734945829, 43, 10, 73, 0, 0, 0.06%, 9, 0, 10, 264.47
1734945834, 43, 11, 73, 0, 0, 0.06%, 9, 0, 10, 260.86
1734945839, 43, 12, 73, 0, 0, 0.06%, 9, 0, 10, 247.03
1734945844, 43, 13, 73, 0, 0, 0.06%, 9, 0, 10, 263.14
1734945849, 43, 14, 73, 0, 0, 0.06%, 9, 0, 10, 259.68
1734945854, 43, 18, 73, 0, 0, 0.06%, 9, 0, 10, 254.81
1734945859, 43, 20, 73, 0, 0, 0.06%, 9, 0, 10, 272.27
1734945864, 43, 24, 73, 0, 0, 0.06%, 9, 0, 10, 262.47
1734945869, 43, 27, 73, 0, 0, 0.06%, 9, 0, 10, 279.64
1734945874, 43, 30, 73, 0, 0, 0.06%, 9, 0, 10, 262.15
1734945879, 43, 41, 73, 0, 0, 0.06%, 9, 0, 10, 271.47
1734945884, 43, 55, 73, 0, 0, 0.06%, 9, 0, 10, 283.05
1734945889, 43, 58, 73, 0, 0, 0.06%, 9, 0, 10, 284.39
1734945895, 43, 61, 73, 0, 0, 0.06%, 9, 0, 10, 298.84
1734945905, 44, 11, 73, 0, 0, 0.06%, 9, 0, 10, 253.89
1734945910, 44, 12, 73, 0, 0, 0.06%, 9, 0, 10, 249.19
1734945915, 44, 13, 73, 0, 0, 0.06%, 9, 0, 10, 258.75
1734945920, 44, 14, 73, 0, 0, 0.06%, 9, 0, 10, 252.78
1734945925, 44, 18, 73, 0, 0, 0.06%, 9, 0, 10, 245.73
1734945930, 44, 20, 73, 0, 0, 0.06%, 9, 0, 10, 244.72
1734945935, 44, 22, 73, 0, 0, 0.06%, 9, 0, 10, 267.64
1734945940, 44, 24, 73, 0, 0, 0.06%, 9, 0, 10, 263.14
1734945945, 44, 30, 73, 0, 0, 0.06%, 9, 0, 10, 264.62
1734945955, 44, 45, 73, 0, 0, 0.06%, 9, 0, 10, 281.04
1734945960, 44, 54, 73, 0, 0, 0.06%, 9, 0, 10, 279.99
1734945965, 44, 58, 73, 0, 0, 0.06%, 9, 0, 10, 296.35
1734945970, 45, 10, 73, 0, 0, 0.06%, 9, 0, 10, 256.25
1734945976, 45, 11, 73, 0, 0, 0.06%, 9, 0, 10, 266.88
1734945981, 45, 12, 73, 0, 0, 0.06%, 9, 0, 10, 250.06
1734945986, 45, 13, 73, 0, 0, 0.06%, 9, 0, 10, 264.76
1734945991, 45, 14, 73, 0, 0, 0.06%, 9, 0, 10, 261.38
1734945996, 45, 18, 73, 0, 0, 0.06%, 9, 0, 10, 252.47
1734946001, 45, 20, 73, 0, 0, 0.06%, 9, 0, 10, 250.80
1734946006, 45, 24, 73, 0, 0, 0.06%, 9, 0, 10, 249.68
1734946011, 45, 30, 73, 0, 0, 0.06%, 9, 0, 10, 246.33
1734946016, 45, 40, 73, 0, 0, 0.06%, 9, 0, 10, 281.95
1734946022, 46, 4, 73, 0, 0, 0.06%, 9, 0, 10, 271.94
1734946027, 46, 11, 73, 0, 0, 0.06%, 9, 0, 10, 258.50
1734946032, 46, 12, 73, 0, 0, 0.06%, 9, 0, 10, 240.42
1734946037, 46, 13, 73, 0, 0, 0.06%, 9, 0, 10, 255.74
1734946042, 46, 14, 73, 0, 0, 0.06%, 9, 0, 10, 251.51
1734946047, 46, 18, 73, 0, 0, 0.06%, 9, 0, 10, 236.21
1734946052, 46, 20, 73, 0, 0, 0.06%, 9, 0, 10, 248.01
1734946057, 46, 24, 73, 0, 0, 0.06%, 9, 0, 10, 252.93
1734946062, 46, 30, 73, 0, 0, 0.06%, 9, 0, 10, 261.54
1734946067, 46, 53, 73, 0, 0, 0.06%, 9, 0, 10, 276.11
1734946088, 46, 55, 73, 0, 0, 0.06%, 9, 0, 10, 274.45
1734946093, 46, 60, 73, 0, 0, 0.06%, 9, 0, 10, 277.96
1734946098, 46, 63, 73, 0, 0, 0.06%, 9, 0, 10, 262.86
1734946103, 47, 6, 73, 0, 0, 0.06%, 9, 0, 10, 246.86
1734946108, 47, 11, 73, 0, 0, 0.06%, 9, 0, 10, 243.25
1734946113, 47, 12, 73, 0, 0, 0.06%, 9, 0, 10, 261.17
1734946118, 47, 13, 73, 0, 0, 0.06%, 9, 0, 10, 262.27
1734946123, 47, 14, 73, 0, 0, 0.06%, 9, 0, 10, 252.90
1734946128, 47, 18, 73, 0, 0, 0.06%, 9, 0, 10, 248.78
1734946133, 47, 20, 73, 0, 0, 0.06%, 9, 0, 10, 247.69
1734946138, 47, 24, 73, 0, 0, 0.06%, 9, 0, 10, 242.60
1734946143, 47, 30, 73, 0, 0, 0.06%, 9, 0, 10, 252.41
1734946148, 47, 35, 73, 0, 0, 0.06%, 9, 0, 10, 263.05
1734946154, 47, 38, 73, 0, 0, 0.06%, 9, 0, 10, 266.88
1734946159, 47, 54, 73, 0, 0, 0.06%, 9, 0, 10, 269.92
1734946169, 48, 10, 73, 0, 0, 0.06%, 9, 0, 10, 256.42
1734946174, 48, 12, 73, 0, 0, 0.06%, 9, 0, 10, 249.28
1734946179, 48, 13, 73, 0, 0, 0.06%, 9, 0, 10, 251.01
1734946184, 48, 14, 73, 0, 0, 0.06%, 9, 0, 10, 251.24
1734946189, 48, 17, 73, 0, 0, 0.06%, 9, 0, 10, 266.44
1734946194, 48, 18, 73, 0, 0, 0.06%, 9, 0, 10, 270.09
1734946199, 48, 20, 73, 0, 0, 0.06%, 9, 0, 10, 270.51
1734946210, 48, 24, 73, 0, 0, 0.06%, 9, 0, 10, 274.41
1734946215, 48, 30, 73, 0, 0, 0.06%, 9, 0, 10, 263.82
1734946220, 48, 37, 73, 0, 0, 0.06%, 9, 0, 10, 270.69
1734946225, 48, 44, 73, 0, 0, 0.06%, 9, 0, 10, 270.27
1734946230, 48, 48, 73, 0, 0, 0.06%, 9, 0, 10, 283.15
1734946235, 49, 11, 73, 0, 0, 0.06%, 9, 0, 10, 273.09
1734946240, 49, 12, 73, 0, 0, 0.06%, 9, 0, 10, 246.36
1734946245, 49, 13, 73, 0, 0, 0.06%, 9, 0, 10, 248.00
1734946250, 49, 14, 73, 0, 0, 0.06%, 9, 0, 10, 258.73
1734946255, 49, 18, 73, 0, 0, 0.06%, 9, 0, 10, 256.58
1734946260, 49, 20, 73, 0, 0, 0.06%, 9, 0, 10, 263.09
1734946265, 49, 24, 73, 0, 0, 0.06%, 9, 0, 10, 250.99
1734946270, 49, 30, 73, 0, 0, 0.06%, 9, 0, 10, 257.23
1734946281, 49, 38, 73, 0, 0, 0.06%, 9, 0, 10, 250.52
1734946286, 49, 41, 73, 0, 0, 0.06%, 9, 0, 10, 257.85
1734946291, 49, 54, 73, 0, 0, 0.06%, 9, 0, 10, 301.96
1734946296, 49, 71, 73, 0, 0, 0.06%, 9, 0, 10, 296.80
1734946316, 50, 10, 73, 0, 0, 0.06%, 9, 0, 10, 256.30
1734946322, 50, 12, 73, 0, 0, 0.06%, 9, 0, 10, 261.17
1734946327, 50, 13, 73, 0, 0, 0.06%, 9, 0, 10, 263.84
1734946337, 50, 14, 73, 0, 0, 0.06%, 9, 0, 10, 252.60
1734946342, 50, 18, 73, 0, 0, 0.06%, 9, 0, 10, 249.58
1734946347, 50, 20, 73, 0, 0, 0.06%, 9, 0, 10, 261.06
1734946352, 50, 24, 73, 0, 0, 0.06%, 9, 0, 10, 251.54
1734946357, 50, 28, 73, 0, 0, 0.06%, 9, 0, 10, 255.50
1734946362, 50, 30, 73, 0, 0, 0.06%, 9, 0, 10, 247.14
1734946367, 50, 34, 73, 0, 0, 0.06%, 9, 0, 10, 254.99
1734946372, 50, 57, 73, 0, 0, 0.06%, 9, 0, 10, 274.40
1734946377, 50, 65, 73, 0, 0, 0.06%, 9, 0, 10, 270.99
1734946387, 50, 71, 73, 0, 0, 0.06%, 9, 0, 10, 286.08
1734946408, 51, 10, 73, 0, 0, 0.06%, 9, 0, 10, 265.58
1734946413, 51, 11, 73, 0, 0, 0.06%, 9, 0, 10, 249.21
1734946418, 51, 12, 73, 0, 0, 0.06%, 9, 0, 10, 253.93
1734946423, 51, 13, 73, 0, 0, 0.06%, 9, 0, 10, 237.37
1734946428, 51, 14, 73, 0, 0, 0.06%, 9, 0, 10, 263.55
1734946433, 51, 18, 73, 0, 0, 0.06%, 9, 0, 10, 254.44
1734946438, 51, 20, 73, 0, 0, 0.06%, 9, 0, 10, 256.36
1734946443, 51, 24, 73, 0, 0, 0.06%, 9, 0, 10, 252.80
1734946449, 51, 30, 73, 0, 0, 0.06%, 9, 0, 10, 246.79
1734946454, 51, 50, 73, 0, 0, 0.06%, 9, 0, 10, 259.40
1734946459, 52, 10, 73, 0, 0, 0.06%, 9, 0, 10, 254.86
1734946464, 52, 12, 73, 0, 0, 0.06%, 9, 0, 10, 243.26
1734946469, 52, 13, 73, 0, 0, 0.06%, 9, 0, 10, 258.66
1734946479, 52, 14, 73, 0, 0, 0.06%, 9, 0, 10, 256.75
1734946484, 52, 18, 73, 0, 0, 0.06%, 9, 0, 10, 268.74
1734946489, 52, 20, 73, 0, 0, 0.06%, 9, 0, 10, 268.65
1734946494, 52, 24, 73, 0, 0, 0.06%, 9, 0, 10, 253.06
1734946499, 52, 27, 73, 0, 0, 0.06%, 9, 0, 10, 275.69
1734946504, 52, 30, 73, 0, 0, 0.06%, 9, 0, 10, 255.56
1734946509, 52, 38, 73, 0, 0, 0.06%, 9, 0, 10, 262.77
1734946515, 52, 55, 73, 0, 0, 0.06%, 9, 0, 10, 275.20
1734946520, 52, 59, 73, 0, 0, 0.06%, 9, 0, 10, 265.72
1734946525, 52, 67, 73, 0, 0, 0.06%, 9, 0, 10, 301.94
1734946540, 53, 10, 73, 0, 0, 0.06%, 9, 0, 10, 260.31
1734946545, 53, 12, 73, 0, 0, 0.06%, 9, 0, 10, 263.38
1734946550, 53, 13, 73, 0, 0, 0.06%, 9, 0, 10, 266.19
1734946560, 53, 14, 73, 0, 0, 0.06%, 9, 0, 10, 261.62
1734946565, 53, 18, 73, 0, 0, 0.06%, 9, 0, 10, 266.81
1734946570, 53, 20, 73, 0, 0, 0.06%, 9, 0, 10, 273.59
1734946575, 53, 24, 73, 0, 0, 0.06%, 9, 0, 10, 247.20
1734946581, 53, 30, 73, 0, 0, 0.06%, 9, 0, 10, 253.21
1734946586, 53, 48, 73, 0, 0, 0.06%, 9, 0, 10, 273.55
1734946591, 53, 71, 73, 0, 0, 0.06%, 9, 0, 10, 294.09
1734946601, 54, 10, 73, 0, 0, 0.06%, 9, 0, 10, 260.61
1734946606, 54, 12, 73, 0, 0, 0.06%, 9, 0, 10, 245.82
1734946611, 54, 13, 73, 0, 0, 0.06%, 9, 0, 10, 245.76
1734946616, 54, 14, 73, 0, 0, 0.06%, 9, 0, 10, 258.40
1734946621, 54, 18, 73, 0, 0, 0.06%, 9, 0, 10, 250.59
1734946626, 54, 20, 73, 0, 0, 0.06%, 9, 0, 10, 256.17
1734946632, 54, 23, 73, 0, 0, 0.06%, 9, 0, 10, 272.11
1734946637, 54, 24, 73, 0, 0, 0.06%, 9, 0, 10, 264.27
1734946647, 54, 30, 73, 0, 0, 0.06%, 9, 0, 10, 264.84
1734946652, 54, 46, 73, 0, 0, 0.06%, 9, 0, 10, 281.25
1734946662, 55, 5, 73, 0, 0, 0.06%, 9, 0, 10, 256.45
1734946667, 55, 11, 73, 0, 0, 0.06%, 9, 0, 10, 253.64
1734946672, 55, 12, 73, 0, 0, 0.06%, 9, 0, 10, 264.55
1734946677, 55, 13, 73, 0, 0, 0.06%, 9, 0, 10, 263.96
1734946682, 55, 14, 73, 0, 0, 0.06%, 9, 0, 10, 249.69
1734946687, 55, 18, 73, 0, 0, 0.06%, 9, 0, 10, 239.69
1734946692, 55, 20, 73, 0, 0, 0.06%, 9, 0, 10, 245.71
1734946697, 55, 23, 73, 0, 0, 0.06%, 9, 0, 10, 258.86
1734946702, 55, 24, 73, 0, 0, 0.06%, 9, 0, 10, 265.66
1734946712, 55, 27, 73, 0, 0, 0.06%, 9, 0, 10, 276.55
1734946718, 55, 30, 73, 0, 0, 0.06%, 9, 0, 10, 277.02
1734946723, 55, 31, 73, 0, 0, 0.06%, 9, 0, 10, 266.96
1734946728, 55, 36, 73, 0, 0, 0.06%, 9, 0, 10, 273.81
1734946733, 55, 57, 73, 0, 0, 0.06%, 9, 0, 10, 270.27
1734946738, 56, 11, 73, 0, 0, 0.06%, 9, 0, 10, 261.29
1734946743, 56, 12, 73, 0, 0, 0.06%, 9, 0, 10, 242.82
1734946748, 56, 13, 73, 0, 0, 0.06%, 9, 0, 10, 236.69
1734946753, 56, 14, 73, 0, 0, 0.06%, 9, 0, 10, 257.95
1734946758, 56, 18, 73, 0, 0, 0.06%, 9, 0, 10, 244.61
1734946763, 56, 20, 73, 0, 0, 0.06%, 9, 0, 10, 260.57
1734946768, 56, 24, 73, 0, 0, 0.06%, 9, 0, 10, 272.38
1734946773, 56, 30, 73, 0, 0, 0.06%, 9, 0, 10, 260.31
1734946779, 56, 52, 73, 0, 0, 0.06%, 9, 0, 10, 278.36
1734946799, 57, 11, 73, 0, 0, 0.06%, 9, 0, 10, 247.42
1734946804, 57, 12, 73, 0, 0, 0.06%, 9, 0, 10, 263.68
1734946809, 57, 13, 73, 0, 0, 0.06%, 9, 0, 10, 248.72
1734946814, 57, 14, 73, 0, 0, 0.06%, 9, 0, 10, 248.90
1734946819, 57, 18, 73, 0, 0, 0.06%, 9, 0, 10, 255.63
1734946824, 57, 20, 73, 0, 0, 0.06%, 9, 0, 10, 249.02
1734946829, 57, 24, 73, 0, 0, 0.06%, 9, 0, 10, 247.16
1734946834, 57, 30, 73, 0, 0, 0.06%, 9, 0, 10, 255.22
1734946839, 57, 40, 73, 0, 0, 0.06%, 9, 0, 10, 266.36
1734946844, 57, 54, 73, 0, 0, 0.06%, 9, 0, 10, 267.44
1734946854, 57, 55, 73, 0, 0, 0.06%, 9, 0, 10, 270.31
1734946860, 57, 63, 73, 0, 0, 0.06%, 9, 0, 10, 272.84
1734946870, 58, 10, 73, 0, 0, 0.06%, 9, 0, 10, 262.83
1734946875, 58, 12, 73, 0, 0, 0.06%, 9, 0, 10, 249.03
1734946880, 58, 13, 73, 0, 0, 0.06%, 9, 0, 10, 255.48
1734946885, 58, 14, 73, 0, 0, 0.06%, 9, 0, 10, 253.94
1734946890, 58, 18, 73, 0, 0, 0.06%, 9, 0, 10, 252.38
1734946895, 58, 20, 73, 0, 0, 0.06%, 9, 0, 10, 247.52
1734946900, 58, 24, 73, 0, 0, 0.06%, 9, 0, 10, 253.87
1734946905, 58, 30, 73, 0, 0, 0.06%, 9, 0, 10, 255.45
1734946910, 58, 46, 73, 0, 0, 0.06%, 9, 0, 10, 275.03
1734946921, 58, 48, 73, 0, 0, 0.06%, 9, 0, 10, 263.80
1734946926, 58, 63, 73, 0, 0, 0.06%, 9, 0, 10, 277.46
1734946931, 59, 10, 73, 0, 0, 0.06%, 9, 0, 10, 265.78
1734946936, 59, 11, 73, 0, 0, 0.06%, 9, 0, 10, 250.79
1734946941, 59, 12, 73, 0, 0, 0.06%, 9, 0, 10, 252.52
1734946946, 59, 13, 73, 0, 0, 0.06%, 9, 0, 10, 267.43
1734946951, 59, 14, 73, 0, 0, 0.06%, 9, 0, 10, 262.75
1734946956, 59, 15, 73, 0, 0, 0.06%, 9, 0, 10, 263.88
1734946961, 59, 18, 73, 0, 0, 0.06%, 9, 0, 10, 251.67
1734946966, 59, 20, 73, 0, 0, 0.06%, 9, 0, 10, 250.91
1734946972, 59, 24, 73, 0, 0, 0.06%, 9, 0, 10, 259.54
1734946977, 59, 28, 73, 0, 0, 0.06%, 9, 0, 10, 259.85
1734946982, 59, 30, 73, 0, 0, 0.06%, 9, 0, 10, 251.27
1734946987, 59, 42, 73, 0, 0, 0.06%, 9, 0, 10, 257.43
1734946992, 59, 54, 73, 0, 0, 0.06%, 9, 0, 10, 262.63
1734947002, 59, 67, 73, 0, 0, 0.06%, 9, 0, 10, 324.19
1734947017, 60, 11, 73, 0, 0, 0.06%, 9, 0, 10, 261.55
1734947022, 60, 12, 73, 0, 0, 0.06%, 9, 0, 10, 264.11
1734947027, 60, 13, 73, 0, 0, 0.06%, 9, 0, 10, 253.23
1734947032, 60, 14, 73, 0, 0, 0.06%, 9, 0, 10, 258.40
1734947038, 60, 18, 73, 0, 0, 0.06%, 9, 0, 10, 247.76
1734947043, 60, 20, 73, 0, 0, 0.06%, 9, 0, 10, 256.44
1734947048, 60, 23, 73, 0, 0, 0.06%, 9, 0, 10, 263.83
1734947053, 60, 24, 73, 0, 0, 0.06%, 9, 0, 10, 262.38
1734947058, 60, 30, 73, 0, 0, 0.06%, 9, 0, 10, 261.96
1734947063, 60, 64, 73, 0, 0, 0.06%, 9, 0, 10, 266.53
1734947068, 60, 68, 73, 0, 0, 0.06%, 9, 0, 10, 294.61
1734947083, 61, 11, 73, 0, 0, 0.06%, 9, 0, 10, 246.41
1734947088, 61, 12, 73, 0, 0, 0.06%, 9, 0, 10, 241.45
1734947093, 61, 13, 73, 0, 0, 0.06%, 9, 0, 10, 252.92
1734947099, 61, 14, 73, 0, 0, 0.06%, 9, 0, 10, 251.58
1734947104, 61, 18, 73, 0, 0, 0.06%, 9, 0, 10, 250.57
1734947109, 61, 20, 73, 0, 0, 0.06%, 9, 0, 10, 249.98
1734947114, 61, 24, 73, 0, 0, 0.06%, 9, 0, 10, 268.07
1734947124, 61, 30, 73, 0, 0, 0.06%, 9, 0, 10, 270.69
1734947129, 61, 65, 73, 0, 0, 0.06%, 9, 0, 10, 282.51
1734947134, 62, 10, 73, 0, 0, 0.06%, 9, 0, 10, 272.64
1734947139, 62, 12, 73, 0, 0, 0.06%, 9, 0, 10, 257.53
1734947144, 62, 13, 73, 0, 0, 0.06%, 9, 0, 10, 248.61
1734947149, 62, 14, 73, 0, 0, 0.06%, 9, 0, 10, 267.93
1734947154, 62, 18, 73, 0, 0, 0.06%, 9, 0, 10, 266.65
1734947159, 62, 20, 73, 0, 0, 0.06%, 9, 0, 10, 256.71
1734947169, 62, 24, 74, 1, 0, 0.06%, 9, 0, 10, 267.58
1734947174, 62, 30, 74, 1, 0, 0.06%, 9, 0, 10, 252.43
1734947179, 62, 35, 74, 1, 0, 0.06%, 9, 0, 10, 273.66
1734947185, 62, 39, 74, 1, 0, 0.06%, 9, 0, 10, 253.88
1734947190, 62, 42, 74, 1, 0, 0.06%, 9, 0, 10, 269.65
1734947195, 62, 47, 74, 1, 0, 0.06%, 9, 0, 10, 288.29
1734947200, 62, 48, 74, 1, 0, 0.06%, 9, 0, 10, 285.97
1734947205, 62, 65, 74, 1, 0, 0.06%, 9, 0, 10, 296.46
1734947215, 62, 73, 74, 1, 0, 0.06%, 9, 0, 10, 387.47
1734947220, 62, 73, 75, 2, 0, 0.06%, 9, 0, 10, 434.24
1734947337, 63, 10, 75, 1, 0, 0.06%, 9, 0, 10, 266.02
1734947342, 63, 12, 75, 1, 0, 0.06%, 9, 0, 10, 260.04
1734947352, 63, 13, 75, 1, 0, 0.06%, 9, 0, 10, 268.28
1734947358, 63, 14, 75, 1, 0, 0.06%, 9, 0, 10, 257.63
1734947363, 63, 18, 75, 1, 0, 0.06%, 9, 0, 10, 250.24
1734947368, 63, 20, 75, 1, 0, 0.06%, 9, 0, 10, 265.87
1734947373, 63, 24, 75, 1, 0, 0.06%, 9, 0, 10, 257.14
1734947378, 63, 30, 75, 1, 0, 0.06%, 9, 0, 10, 251.45
1734947383, 63, 74, 75, 1, 0, 0.06%, 9, 0, 10, 369.72
1734947510, 64, 11, 75, 0, 0, 0.06%, 9, 0, 10, 271.66
1734947515, 64, 12, 75, 0, 0, 0.06%, 9, 0, 10, 248.86
1734947520, 64, 13, 75, 0, 0, 0.06%, 9, 0, 10, 249.08
1734947525, 64, 14, 75, 0, 0, 0.06%, 9, 0, 10, 254.67
1734947530, 64, 18, 75, 0, 0, 0.06%, 9, 0, 10, 251.53
1734947535, 64, 20, 75, 0, 0, 0.06%, 9, 0, 10, 251.89
1734947545, 64, 24, 75, 0, 0, 0.06%, 9, 0, 10, 253.48
1734947550, 64, 30, 75, 0, 0, 0.06%, 9, 0, 10, 241.94
1734947555, 64, 44, 75, 0, 0, 0.06%, 9, 0, 10, 270.64
1734947560, 64, 52, 75, 0, 0, 0.06%, 9, 0, 10, 310.42
1734947575, 65, 10, 75, 0, 0, 0.06%, 9, 0, 10, 258.19
1734947581, 65, 12, 75, 0, 0, 0.06%, 9, 0, 10, 252.64
1734947586, 65, 13, 75, 0, 0, 0.06%, 9, 0, 10, 262.23
1734947591, 65, 14, 75, 0, 0, 0.06%, 9, 0, 10, 253.84
1734947596, 65, 18, 75, 0, 0, 0.06%, 9, 0, 10, 260.40
1734947606, 65, 20, 75, 0, 0, 0.06%, 9, 0, 10, 267.29
1734947611, 65, 24, 75, 0, 0, 0.06%, 9, 0, 10, 265.04
1734947616, 65, 30, 75, 0, 0, 0.06%, 9, 0, 10, 244.78
1734947621, 65, 38, 75, 0, 0, 0.06%, 9, 0, 10, 256.58
1734947626, 65, 60, 75, 0, 0, 0.06%, 9, 0, 10, 277.09
1734947631, 65, 65, 75, 0, 0, 0.06%, 9, 0, 10, 288.39
1734947642, 66, 11, 75, 0, 0, 0.06%, 9, 0, 10, 265.08
1734947647, 66, 12, 75, 0, 0, 0.06%, 9, 0, 10, 259.15
1734947652, 66, 13, 75, 0, 0, 0.06%, 9, 0, 10, 250.79
1734947657, 66, 14, 75, 0, 0, 0.06%, 9, 0, 10, 255.21
1734947662, 66, 18, 75, 0, 0, 0.06%, 9, 0, 10, 263.40
1734947667, 66, 19, 75, 0, 0, 0.06%, 9, 0, 10, 268.21
1734947672, 66, 20, 75, 0, 0, 0.06%, 9, 0, 10, 249.95
1734947677, 66, 24, 75, 0, 0, 0.06%, 9, 0, 10, 257.57
1734947682, 66, 30, 75, 0, 0, 0.06%, 9, 0, 10, 252.30
1734947687, 66, 33, 75, 0, 0, 0.06%, 9, 0, 10, 263.93
1734947692, 66, 40, 75, 0, 0, 0.06%, 9, 0, 10, 283.02
1734947703, 66, 48, 75, 0, 0, 0.06%, 9, 0, 10, 281.20
1734947708, 66, 50, 75, 0, 0, 0.06%, 9, 0, 10, 264.56
1734947713, 67, 10, 75, 0, 0, 0.06%, 9, 0, 10, 251.52
1734947718, 67, 12, 75, 0, 0, 0.06%, 9, 0, 10, 243.76
1734947723, 67, 13, 75, 0, 0, 0.06%, 9, 0, 10, 244.39
1734947728, 67, 14, 75, 0, 0, 0.06%, 9, 0, 10, 243.10
1734947733, 67, 18, 75, 0, 0, 0.06%, 9, 0, 10, 262.92
1734947738, 67, 20, 75, 0, 0, 0.06%, 9, 0, 10, 267.56
1734947749, 67, 24, 75, 0, 0, 0.06%, 9, 0, 10, 265.66
1734947754, 67, 30, 75, 0, 0, 0.06%, 9, 0, 10, 261.25
1734947759, 68, 11, 75, 0, 0, 0.06%, 9, 0, 10, 251.91
1734947764, 68, 12, 75, 0, 0, 0.06%, 9, 0, 10, 245.66
1734947769, 68, 13, 75, 0, 0, 0.06%, 9, 0, 10, 250.33
1734947774, 68, 14, 75, 0, 0, 0.06%, 9, 0, 10, 255.37
1734947779, 68, 18, 75, 0, 0, 0.06%, 9, 0, 10, 258.21
1734947784, 68, 20, 75, 0, 0, 0.06%, 9, 0, 10, 251.83
1734947789, 68, 24, 75, 0, 0, 0.06%, 9, 0, 10, 250.68
1734947794, 68, 30, 75, 0, 0, 0.06%, 9, 0, 10, 259.54
1734947804, 68, 69, 75, 0, 0, 0.06%, 9, 0, 10, 280.36
1734947814, 69, 11, 75, 0, 0, 0.06%, 9, 0, 10, 253.86
1734947820, 69, 12, 75, 0, 0, 0.06%, 9, 0, 10, 249.51
1734947825, 69, 13, 75, 0, 0, 0.06%, 9, 0, 10, 251.64
1734947830, 69, 14, 75, 0, 0, 0.06%, 9, 0, 10, 248.13
1734947835, 69, 18, 75, 0, 0, 0.06%, 9, 0, 10, 256.25
1734947840, 69, 20, 75, 0, 0, 0.06%, 9, 0, 10, 268.71
1734947845, 69, 24, 75, 0, 0, 0.06%, 9, 0, 10, 245.28
1734947850, 69, 30, 75, 0, 0, 0.06%, 9, 0, 10, 246.63
1734947855, 69, 49, 75, 0, 0, 0.06%, 9, 0, 10, 252.54
1734947860, 69, 69, 75, 0, 0, 0.06%, 9, 0, 10, 263.45
1734947875, 70, 11, 75, 0, 0, 0.06%, 9, 0, 10, 256.48
1734947880, 70, 12, 75, 0, 0, 0.06%, 9, 0, 10, 261.08
1734947885, 70, 13, 75, 0, 0, 0.06%, 9, 0, 10, 255.03
1734947891, 70, 14, 75, 0, 0, 0.06%, 9, 0, 10, 252.11
1734947896, 70, 18, 75, 0, 0, 0.06%, 9, 0, 10, 284.23
1734947901, 70, 20, 75, 0, 0, 0.06%, 9, 0, 10, 278.95
1734947906, 70, 24, 75, 0, 0, 0.06%, 9, 0, 10, 264.36
1734947911, 70, 30, 75, 0, 0, 0.06%, 9, 0, 10, 249.67
1734947916, 70, 42, 75, 0, 0, 0.06%, 9, 0, 10, 282.07
1734947921, 70, 52, 75, 0, 0, 0.06%, 9, 0, 10, 294.27
1734947931, 70, 56, 75, 0, 0, 0.06%, 9, 0, 10, 280.31
1734947936, 70, 62, 75, 0, 0, 0.06%, 9, 0, 10, 283.28
1734947941, 71, 10, 75, 0, 0, 0.06%, 9, 0, 10, 270.74
1734947946, 71, 12, 75, 0, 0, 0.06%, 9, 0, 10, 259.47
1734947951, 71, 13, 75, 0, 0, 0.06%, 9, 0, 10, 262.52
1734947956, 71, 14, 75, 0, 0, 0.06%, 9, 0, 10, 262.84
1734947961, 71, 18, 75, 0, 0, 0.06%, 9, 0, 10, 257.38
1734947971, 71, 20, 75, 0, 0, 0.06%, 9, 0, 10, 278.39
1734947977, 71, 24, 75, 0, 0, 0.06%, 9, 0, 10, 260.72
1734947982, 71, 30, 75, 0, 0, 0.06%, 9, 0, 10, 256.39
1734947987, 72, 11, 75, 0, 0, 0.06%, 9, 0, 10, 250.49
1734947992, 72, 12, 75, 0, 0, 0.06%, 9, 0, 10, 256.94
1734947997, 72, 13, 75, 0, 0, 0.06%, 9, 0, 10, 261.73
1734948002, 72, 14, 75, 0, 0, 0.06%, 9, 0, 10, 253.44
1734948007, 72, 18, 75, 0, 0, 0.06%, 9, 0, 10, 250.57
1734948012, 72, 20, 75, 0, 0, 0.06%, 9, 0, 10, 255.42
1734948017, 72, 24, 75, 0, 0, 0.06%, 9, 0, 10, 249.20
1734948022, 72, 30, 75, 0, 0, 0.06%, 9, 0, 10, 260.90
1734948032, 72, 74, 75, 0, 0, 0.06%, 9, 0, 10, 287.45
1734948052, 73, 11, 75, 0, 0, 0.06%, 9, 0, 10, 251.80
1734948057, 73, 12, 75, 0, 0, 0.06%, 9, 0, 10, 240.56
1734948062, 73, 13, 75, 0, 0, 0.06%, 9, 0, 10, 244.70
1734948067, 73, 14, 75, 0, 0, 0.06%, 9, 0, 10, 250.88
1734948072, 73, 18, 75, 0, 0, 0.06%, 9, 0, 10, 251.96
1734948077, 73, 20, 75, 0, 0, 0.06%, 9, 0, 10, 250.03
1734948088, 73, 24, 75, 0, 0, 0.06%, 9, 0, 10, 250.53
1734948093, 73, 30, 75, 0, 0, 0.06%, 9, 0, 10, 258.08
1734948098, 73, 38, 75, 0, 0, 0.06%, 9, 0, 10, 280.22
1734948103, 73, 49, 75, 0, 0, 0.06%, 9, 0, 10, 276.96
1734948108, 73, 67, 75, 0, 0, 0.06%, 9, 0, 10, 309.37
1734948113, 74, 3, 75, 0, 0, 0.06%, 9, 0, 10, 272.63
1734948118, 74, 11, 75, 0, 0, 0.06%, 9, 0, 10, 255.64
1734948123, 74, 12, 75, 0, 0, 0.06%, 9, 0, 10, 247.11
1734948128, 74, 13, 75, 0, 0, 0.06%, 9, 0, 10, 248.20
1734948133, 74, 14, 75, 0, 0, 0.06%, 9, 0, 10, 249.90
1734948138, 74, 18, 75, 0, 0, 0.06%, 9, 0, 10, 249.01
1734948143, 74, 20, 75, 0, 0, 0.06%, 9, 0, 10, 255.24
1734948148, 74, 24, 75, 0, 0, 0.06%, 9, 0, 10, 250.28
1734948153, 74, 30, 75, 0, 0, 0.06%, 9, 0, 10, 241.30
1734948158, 74, 31, 75, 0, 0, 0.06%, 9, 0, 10, 252.95
1734948163, 74, 53, 75, 0, 0, 0.06%, 9, 0, 10, 260.48
1734948174, 74, 61, 75, 0, 0, 0.06%, 9, 0, 10, 327.13
1734948179, 75, 5, 75, 0, 0, 0.06%, 9, 0, 10, 264.83
1734948184, 75, 11, 75, 0, 0, 0.06%, 9, 0, 10, 247.75
1734948189, 75, 12, 75, 0, 0, 0.06%, 9, 0, 10, 255.20
1734948194, 75, 13, 75, 0, 0, 0.06%, 9, 0, 10, 258.44
1734948199, 75, 14, 75, 0, 0, 0.06%, 9, 0, 10, 259.87
1734948204, 75, 18, 75, 0, 0, 0.06%, 9, 0, 10, 251.56
1734948209, 75, 20, 75, 0, 0, 0.06%, 9, 0, 10, 246.20
1734948214, 75, 24, 75, 0, 0, 0.06%, 9, 0, 10, 251.20
1734948219, 75, 30, 75, 0, 0, 0.06%, 9, 0, 10, 268.62
1734948224, 75, 31, 75, 0, 0, 0.06%, 9, 0, 10, 253.34
1734948235, 75, 70, 75, 0, 0, 0.06%, 9, 0, 10, 272.91
1734948245, 75, 73, 75, 0, 0, 0.06%, 9, 0, 10, 291.13
1734948265, 76, 10, 75, 0, 0, 0.06%, 9, 0, 10, 248.78
1734948270, 76, 12, 75, 0, 0, 0.06%, 9, 0, 10, 248.98
1734948275, 76, 13, 75, 0, 0, 0.06%, 9, 0, 10, 242.74
1734948280, 76, 14, 75, 0, 0, 0.06%, 9, 0, 10, 247.47
1734948286, 76, 18, 75, 0, 0, 0.06%, 9, 0, 10, 257.87
1734948291, 76, 20, 75, 0, 0, 0.06%, 9, 0, 10, 259.03
1734948296, 76, 24, 75, 0, 0, 0.06%, 9, 0, 10, 259.58
1734948301, 76, 27, 75, 0, 0, 0.06%, 9, 0, 10, 266.18
1734948306, 76, 30, 75, 0, 0, 0.06%, 9, 0, 10, 256.85
1734948316, 76, 60, 75, 0, 0, 0.06%, 9, 0, 10, 288.16
1734948321, 76, 63, 75, 0, 0, 0.06%, 9, 0, 10, 265.06
1734948326, 76, 72, 75, 0, 0, 0.06%, 9, 0, 10, 290.51
1734948347, 77, 10, 75, 0, 0, 0.06%, 9, 0, 10, 267.07
1734948352, 77, 12, 75, 0, 0, 0.06%, 9, 0, 10, 265.59
1734948362, 77, 13, 75, 0, 0, 0.06%, 9, 0, 10, 266.02
1734948367, 77, 14, 75, 0, 0, 0.06%, 9, 0, 10, 244.31
1734948372, 77, 18, 75, 0, 0, 0.06%, 9, 0, 10, 253.29
1734948377, 77, 20, 75, 0, 0, 0.06%, 9, 0, 10, 258.58
1734948382, 77, 24, 75, 0, 0, 0.06%, 9, 0, 10, 255.89
1734948387, 77, 30, 75, 0, 0, 0.06%, 9, 0, 10, 254.03
1734948393, 77, 64, 75, 0, 0, 0.06%, 9, 0, 10, 280.19
1734948398, 78, 10, 75, 0, 0, 0.06%, 9, 0, 10, 252.52
1734948403, 78, 12, 75, 0, 0, 0.06%, 9, 0, 10, 257.37
1734948408, 78, 13, 75, 0, 0, 0.06%, 9, 0, 10, 255.94
1734948413, 78, 14, 75, 0, 0, 0.06%, 9, 0, 10, 249.58
1734948423, 78, 18, 75, 0, 0, 0.06%, 9, 0, 10, 258.74
1734948428, 78, 20, 75, 0, 0, 0.06%, 9, 0, 10, 280.20
1734948433, 78, 24, 75, 0, 0, 0.06%, 9, 0, 10, 258.89
1734948439, 78, 30, 75, 0, 0, 0.06%, 9, 0, 10, 250.34
1734948444, 78, 31, 75, 0, 0, 0.06%, 9, 0, 10, 254.01
1734948449, 78, 36, 75, 0, 0, 0.06%, 9, 0, 10, 265.08
1734948454, 79, 10, 75, 0, 0, 0.06%, 9, 0, 10, 265.47
1734948459, 79, 12, 75, 0, 0, 0.06%, 9, 0, 10, 263.04
1734948464, 79, 13, 75, 0, 0, 0.06%, 9, 0, 10, 263.48
1734948474, 79, 14, 75, 0, 0, 0.06%, 9, 0, 10, 257.64
1734948479, 79, 18, 75, 0, 0, 0.06%, 9, 0, 10, 256.41
1734948484, 79, 20, 75, 0, 0, 0.06%, 9, 0, 10, 253.36
1734948489, 79, 22, 75, 0, 0, 0.06%, 9, 0, 10, 277.40
1734948494, 79, 24, 75, 0, 0, 0.06%, 9, 0, 10, 264.05
1734948499, 79, 30, 75, 0, 0, 0.06%, 9, 0, 10, 250.72
1734948504, 79, 48, 75, 0, 0, 0.06%, 9, 0, 10, 284.44
1734948509, 79, 60, 75, 0, 0, 0.06%, 9, 0, 10, 290.97
1734948514, 79, 65, 75, 0, 0, 0.06%, 9, 0, 10, 298.64
1734948524, 80, 11, 75, 0, 0, 0.06%, 9, 0, 10, 254.79
1734948530, 80, 12, 75, 0, 0, 0.06%, 9, 0, 10, 261.58
1734948535, 80, 13, 75, 0, 0, 0.06%, 9, 0, 10, 260.11
1734948540, 80, 14, 75, 0, 0, 0.06%, 9, 0, 10, 247.47
1734948545, 80, 18, 75, 0, 0, 0.06%, 9, 0, 10, 247.02
1734948550, 80, 20, 75, 0, 0, 0.06%, 9, 0, 10, 265.03
1734948555, 80, 24, 75, 0, 0, 0.06%, 9, 0, 10, 247.51
1734948560, 80, 30, 75, 0, 0, 0.06%, 9, 0, 10, 246.96
1734948566, 80, 39, 75, 0, 0, 0.06%, 9, 0, 10, 257.59
1734948571, 80, 62, 75, 0, 0, 0.06%, 9, 0, 10, 279.69
1734948581, 80, 72, 75, 0, 0, 0.06%, 9, 0, 10, 295.83
1734948601, 80, 73, 75, 0, 0, 0.06%, 9, 0, 10, 270.36
1734948622, 81, 10, 75, 0, 0, 0.06%, 9, 0, 10, 260.84
1734948627, 81, 12, 75, 0, 0, 0.06%, 9, 0, 10, 254.64
1734948632, 81, 13, 75, 0, 0, 0.06%, 9, 0, 10, 247.32
1734948637, 81, 14, 75, 0, 0, 0.06%, 9, 0, 10, 243.38
1734948642, 81, 18, 75, 0, 0, 0.06%, 9, 0, 10, 253.32
1734948647, 81, 20, 75, 0, 0, 0.06%, 9, 0, 10, 258.65
1734948652, 81, 24, 75, 0, 0, 0.06%, 9, 0, 10, 253.08
1734948662, 81, 30, 75, 0, 0, 0.06%, 9, 0, 10, 257.86
1734948667, 81, 43, 75, 0, 0, 0.06%, 9, 0, 10, 271.77
1734948672, 81, 49, 75, 0, 0, 0.06%, 9, 0, 10, 270.71
1734948677, 81, 54, 75, 0, 0, 0.06%, 9, 0, 10, 288.79
1734948682, 81, 69, 75, 0, 0, 0.06%, 9, 0, 10, 288.26
1734948687, 81, 71, 75, 0, 0, 0.06%, 9, 0, 10, 281.41
1734948692, 82, 10, 75, 0, 0, 0.06%, 9, 0, 10, 269.77
1734948697, 82, 12, 75, 0, 0, 0.06%, 9, 0, 10, 261.64
1734948702, 82, 13, 75, 0, 0, 0.06%, 9, 0, 10, 261.01
1734948708, 82, 14, 75, 0, 0, 0.06%, 9, 0, 10, 254.70
1734948713, 82, 18, 75, 0, 0, 0.06%, 9, 0, 10, 271.53
1734948723, 82, 20, 75, 0, 0, 0.06%, 9, 0, 10, 263.74
1734948728, 82, 24, 75, 0, 0, 0.06%, 9, 0, 10, 267.22
1734948733, 82, 30, 75, 0, 0, 0.06%, 9, 0, 10, 255.85
1734948738, 82, 44, 75, 0, 0, 0.06%, 9, 0, 10, 284.14
1734948743, 82, 46, 75, 0, 0, 0.06%, 9, 0, 10, 283.01
1734948748, 82, 49, 75, 0, 0, 0.06%, 9, 0, 10, 272.14
1734948754, 82, 52, 75, 0, 0, 0.06%, 9, 0, 10, 305.44
1734948759, 82, 64, 75, 0, 0, 0.06%, 9, 0, 10, 288.75
1734948764, 83, 10, 75, 0, 0, 0.06%, 9, 0, 10, 266.60
1734948769, 83, 11, 75, 0, 0, 0.06%, 9, 0, 10, 257.91
1734948774, 83, 12, 75, 0, 0, 0.06%, 9, 0, 10, 264.04
1734948779, 83, 14, 75, 0, 0, 0.06%, 9, 0, 10, 267.66
1734948789, 83, 18, 75, 0, 0, 0.06%, 9, 0, 10, 258.02
1734948794, 83, 20, 75, 0, 0, 0.06%, 9, 0, 10, 265.36
1734948799, 83, 24, 75, 0, 0, 0.06%, 9, 0, 10, 252.82
1734948804, 83, 30, 75, 0, 0, 0.06%, 9, 0, 10, 248.15
1734948809, 83, 52, 75, 0, 0, 0.06%, 9, 0, 10, 289.81
1734948819, 83, 56, 75, 0, 0, 0.06%, 9, 0, 10, 269.93
1734948824, 83, 60, 75, 0, 0, 0.06%, 9, 0, 10, 281.68
1734948829, 83, 71, 75, 0, 0, 0.06%, 9, 0, 10, 275.31
1734948835, 84, 10, 75, 0, 0, 0.06%, 9, 0, 10, 258.91
1734948840, 84, 12, 75, 0, 0, 0.06%, 9, 0, 10, 245.10
1734948845, 84, 13, 75, 0, 0, 0.06%, 9, 0, 10, 250.98
1734948850, 84, 14, 75, 0, 0, 0.06%, 9, 0, 10, 260.26
1734948860, 84, 18, 75, 0, 0, 0.06%, 9, 0, 10, 254.50
1734948865, 84, 20, 75, 0, 0, 0.06%, 9, 0, 10, 261.85
1734948870, 84, 22, 75, 0, 0, 0.06%, 9, 0, 10, 262.72
1734948875, 84, 23, 75, 0, 0, 0.06%, 9, 0, 10, 267.06
1734948880, 84, 24, 75, 0, 0, 0.06%, 9, 0, 10, 257.34
1734948885, 84, 30, 75, 0, 0, 0.06%, 9, 0, 10, 258.04
1734948890, 84, 45, 75, 0, 0, 0.06%, 9, 0, 10, 283.20
1734948895, 84, 47, 75, 0, 0, 0.06%, 9, 0, 10, 279.09
1734948901, 85, 10, 75, 0, 0, 0.06%, 9, 0, 10, 259.33
1734948906, 85, 12, 75, 0, 0, 0.06%, 9, 0, 10, 246.97
1734948911, 85, 13, 75, 0, 0, 0.06%, 9, 0, 10, 252.20
1734948916, 85, 14, 75, 0, 0, 0.06%, 9, 0, 10, 247.11
1734948921, 85, 16, 75, 0, 0, 0.06%, 9, 0, 10, 259.50
1734948926, 85, 18, 75, 0, 0, 0.06%, 9, 0, 10, 270.32
1734948931, 85, 20, 75, 0, 0, 0.06%, 9, 0, 10, 263.12
1734948941, 85, 24, 75, 0, 0, 0.06%, 9, 0, 10, 246.70
1734948947, 85, 30, 75, 0, 0, 0.06%, 9, 0, 10, 253.34
1734948952, 85, 71, 75, 0, 0, 0.06%, 9, 0, 10, 275.74
1734948957, 86, 11, 75, 0, 0, 0.06%, 9, 0, 10, 251.72
1734948962, 86, 12, 75, 0, 0, 0.06%, 9, 0, 10, 242.41
1734948967, 86, 13, 75, 0, 0, 0.06%, 9, 0, 10, 260.88
1734948972, 86, 14, 75, 0, 0, 0.06%, 9, 0, 10, 246.24
1734948977, 86, 18, 75, 0, 0, 0.06%, 9, 0, 10, 236.81
1734948982, 86, 20, 75, 0, 0, 0.06%, 9, 0, 10, 250.98
1734948987, 86, 24, 75, 0, 0, 0.06%, 9, 0, 10, 251.45
1734948992, 86, 25, 75, 0, 0, 0.06%, 9, 0, 10, 262.27
1734949002, 86, 30, 75, 0, 0, 0.06%, 9, 0, 10, 246.81
1734949007, 86, 44, 75, 0, 0, 0.06%, 9, 0, 10, 267.46
1734949012, 86, 48, 75, 0, 0, 0.06%, 9, 0, 10, 272.25
1734949018, 86, 53, 75, 0, 0, 0.06%, 9, 0, 10, 283.60
1734949023, 87, 7, 75, 0, 0, 0.06%, 9, 0, 10, 282.96
1734949028, 87, 11, 75, 0, 0, 0.06%, 9, 0, 10, 257.53
1734949033, 87, 12, 75, 0, 0, 0.06%, 9, 0, 10, 249.38
1734949038, 87, 13, 75, 0, 0, 0.06%, 9, 0, 10, 250.74
1734949043, 87, 14, 75, 0, 0, 0.06%, 9, 0, 10, 242.72
1734949048, 87, 18, 75, 0, 0, 0.06%, 9, 0, 10, 257.27
1734949053, 87, 20, 75, 0, 0, 0.06%, 9, 0, 10, 254.38
1734949058, 87, 24, 75, 0, 0, 0.06%, 9, 0, 10, 250.12
1734949063, 87, 30, 75, 0, 0, 0.06%, 9, 0, 10, 252.47
1734949068, 87, 60, 75, 0, 0, 0.06%, 9, 0, 10, 281.59
1734949074, 87, 67, 75, 0, 0, 0.06%, 9, 0, 10, 322.93
1734949084, 88, 11, 75, 0, 0, 0.06%, 9, 0, 10, 264.69
1734949089, 88, 12, 75, 0, 0, 0.06%, 9, 0, 10, 257.21
1734949094, 88, 13, 75, 0, 0, 0.06%, 9, 0, 10, 247.25
1734949099, 88, 14, 75, 0, 0, 0.06%, 9, 0, 10, 239.96
1734949104, 88, 18, 75, 0, 0, 0.06%, 9, 0, 10, 251.08
1734949109, 88, 20, 75, 0, 0, 0.06%, 9, 0, 10, 256.12
1734949114, 88, 24, 75, 0, 0, 0.06%, 9, 0, 10, 256.44
1734949119, 88, 30, 75, 0, 0, 0.06%, 9, 0, 10, 265.49
1734949129, 88, 31, 75, 0, 0, 0.06%, 9, 0, 10, 257.17
1734949134, 89, 11, 75, 0, 0, 0.06%, 9, 0, 10, 251.38
1734949140, 89, 12, 75, 0, 0, 0.06%, 9, 0, 10, 262.41
1734949145, 89, 13, 75, 0, 0, 0.06%, 9, 0, 10, 251.51
1734949150, 89, 14, 75, 0, 0, 0.06%, 9, 0, 10, 249.66
1734949155, 89, 18, 75, 0, 0, 0.06%, 9, 0, 10, 252.36
1734949160, 89, 20, 75, 0, 0, 0.06%, 9, 0, 10, 268.63
1734949165, 89, 24, 75, 0, 0, 0.06%, 9, 0, 10, 255.21
1734949170, 89, 30, 75, 0, 0, 0.06%, 9, 0, 10, 257.21
1734949180, 90, 11, 75, 0, 0, 0.06%, 9, 0, 10, 255.63
1734949185, 90, 12, 75, 0, 0, 0.06%, 9, 0, 10, 261.22
1734949190, 90, 13, 75, 0, 0, 0.06%, 9, 0, 10, 261.22
1734949195, 90, 14, 75, 0, 0, 0.06%, 9, 0, 10, 250.87
1734949200, 90, 18, 75, 0, 0, 0.06%, 9, 0, 10, 241.18
1734949205, 90, 20, 75, 0, 0, 0.06%, 9, 0, 10, 249.61
1734949210, 90, 24, 75, 0, 0, 0.06%, 9, 0, 10, 234.40
1734949215, 90, 27, 75, 0, 0, 0.06%, 9, 0, 10, 254.82
1734949220, 90, 30, 75, 0, 0, 0.06%, 9, 0, 10, 279.14
1734949231, 90, 31, 75, 0, 0, 0.06%, 9, 0, 10, 270.70
1734949236, 90, 35, 75, 0, 0, 0.06%, 9, 0, 10, 281.54
1734949241, 90, 46, 75, 0, 0, 0.06%, 9, 0, 10, 286.69
1734949246, 90, 48, 75, 0, 0, 0.06%, 9, 0, 10, 290.79
1734949251, 90, 64, 75, 0, 0, 0.06%, 9, 0, 10, 265.39
1734949256, 91, 10, 75, 0, 0, 0.06%, 9, 0, 10, 258.02
1734949261, 91, 12, 75, 0, 0, 0.06%, 9, 0, 10, 253.23
1734949266, 91, 13, 75, 0, 0, 0.06%, 9, 0, 10, 256.01
1734949271, 91, 14, 75, 0, 0, 0.06%, 9, 0, 10, 243.30
1734949276, 91, 17, 75, 0, 0, 0.06%, 9, 0, 10, 245.88
1734949286, 91, 18, 75, 0, 0, 0.06%, 9, 0, 10, 267.54
1734949291, 91, 20, 75, 0, 0, 0.06%, 9, 0, 10, 268.45
1734949297, 91, 24, 75, 0, 0, 0.06%, 9, 0, 10, 249.36
1734949302, 91, 30, 75, 0, 0, 0.06%, 9, 0, 10, 245.40
1734949307, 91, 52, 75, 0, 0, 0.06%, 9, 0, 10, 295.15
1734949317, 92, 11, 75, 0, 0, 0.06%, 9, 0, 10, 251.51
1734949322, 92, 12, 75, 0, 0, 0.06%, 9, 0, 10, 249.67
1734949327, 92, 13, 75, 0, 0, 0.06%, 9, 0, 10, 256.39
1734949332, 92, 14, 75, 0, 0, 0.06%, 9, 0, 10, 246.30
1734949337, 92, 18, 75, 0, 0, 0.06%, 9, 0, 10, 252.64
1734949342, 92, 20, 75, 0, 0, 0.06%, 9, 0, 10, 256.11
1734949347, 92, 23, 75, 0, 0, 0.06%, 9, 0, 10, 260.59
1734949352, 92, 24, 75, 0, 0, 0.06%, 9, 0, 10, 254.41
1734949362, 92, 25, 75, 0, 0, 0.06%, 9, 0, 10, 267.33
1734949367, 92, 30, 75, 0, 0, 0.06%, 9, 0, 10, 262.31
1734949373, 92, 43, 75, 0, 0, 0.06%, 9, 0, 10, 273.79
1734949378, 93, 10, 75, 0, 0, 0.06%, 9, 0, 10, 257.91
1734949383, 93, 11, 75, 0, 0, 0.06%, 9, 0, 10, 258.49
1734949388, 93, 12, 75, 0, 0, 0.06%, 9, 0, 10, 273.90
1734949393, 93, 13, 75, 0, 0, 0.06%, 9, 0, 10, 265.44
1734949398, 93, 14, 75, 0, 0, 0.06%, 9, 0, 10, 260.84
1734949403, 93, 18, 75, 0, 0, 0.06%, 9, 0, 10, 258.99
1734949408, 93, 20, 75, 0, 0, 0.06%, 9, 0, 10, 252.81
1734949413, 93, 24, 75, 0, 0, 0.06%, 9, 0, 10, 244.37
1734949418, 93, 25, 75, 0, 0, 0.06%, 9, 0, 10, 250.78
1734949423, 93, 30, 75, 0, 0, 0.06%, 9, 0, 10, 254.31
1734949428, 94, 10, 75, 0, 0, 0.06%, 9, 0, 10, 257.45
1734949433, 94, 12, 75, 0, 0, 0.06%, 9, 0, 10, 258.86
1734949443, 94, 13, 75, 0, 0, 0.06%, 9, 0, 10, 262.76
1734949448, 94, 14, 75, 0, 0, 0.06%, 9, 0, 10, 284.00
1734949454, 94, 18, 75, 0, 0, 0.06%, 9, 0, 10, 264.39
