# unix_time, cycles_done, cur_path, paths_total, pending_total, pending_favs, map_size, unique_crashes, unique_hangs, max_depth, execs_per_sec
1733821400, 0, 0, 10, 10, 1, 0.00%, 0, 0, 1, 145.45
1733821406, 0, 3, 10, 10, 1, 0.00%, 0, 0, 1, 180.45
1733821411, 0, 4, 10, 9, 0, 0.00%, 0, 0, 1, 169.21
1733821421, 0, 5, 10, 8, 0, 0.00%, 0, 0, 1, 189.40
1733821426, 0, 6, 10, 7, 0, 0.00%, 0, 0, 1, 178.80
1733821436, 0, 7, 10, 6, 0, 0.00%, 0, 0, 1, 187.77
1733821447, 0, 8, 10, 5, 0, 0.00%, 0, 0, 1, 183.83
1733821452, 0, 9, 10, 4, 0, 0.00%, 0, 0, 1, 172.48
1733821462, 1, 0, 10, 3, 0, 0.00%, 0, 0, 1, 186.52
1733821472, 1, 1, 10, 2, 0, 0.00%, 0, 0, 1, 187.50
1733821482, 1, 2, 10, 1, 0, 0.00%, 0, 0, 1, 171.77
1733821492, 1, 3, 10, 0, 0, 0.00%, 0, 0, 1, 182.36
1733821497, 1, 4, 10, 0, 0, 0.00%, 0, 0, 1, 181.56
1733821502, 1, 5, 10, 0, 0, 0.00%, 0, 0, 1, 185.14
1733821507, 1, 7, 10, 0, 0, 0.00%, 0, 0, 1, 186.51
1733821512, 1, 8, 10, 0, 0, 0.00%, 0, 0, 1, 184.49
1733821517, 1, 9, 10, 0, 0, 0.00%, 0, 0, 1, 179.62
1733821523, 2, 0, 10, 0, 0, 0.00%, 0, 0, 1, 181.33
1733821528, 2, 2, 10, 0, 0, 0.00%, 0, 0, 1, 184.86
1733821533, 2, 3, 10, 0, 0, 0.00%, 0, 0, 1, 186.01
1733821538, 2, 4, 10, 0, 0, 0.00%, 0, 0, 1, 183.06
1733821543, 2, 6, 10, 0, 0, 0.00%, 0, 0, 1, 181.32
1733821548, 2, 7, 10, 0, 0, 0.00%, 0, 0, 1, 185.17
1733821553, 2, 8, 10, 0, 0, 0.00%, 0, 0, 1, 180.66
1733821559, 2, 9, 10, 0, 0, 0.00%, 0, 0, 1, 185.31
1733821564, 3, 1, 10, 0, 0, 0.00%, 0, 0, 1, 179.75
1733821569, 3, 2, 10, 0, 0, 0.00%, 0, 0, 1, 183.28
1733821574, 3, 3, 10, 0, 0, 0.00%, 0, 0, 1, 181.82
1733821579, 3, 4, 10, 0, 0, 0.00%, 0, 0, 1, 182.49
1733821584, 3, 6, 10, 0, 0, 0.00%, 0, 0, 1, 185.70
1733821589, 3, 7, 10, 0, 0, 0.00%, 0, 0, 1, 183.72
1733821595, 3, 8, 10, 0, 0, 0.00%, 0, 0, 1, 185.49
1733821600, 4, 0, 10, 0, 0, 0.00%, 0, 0, 1, 181.12
1733821605, 4, 1, 10, 0, 0, 0.00%, 0, 0, 1, 181.87
1733821610, 4, 2, 10, 0, 0, 0.00%, 0, 0, 1, 184.42
1733821615, 4, 3, 10, 0, 0, 0.00%, 0, 0, 1, 183.08
1733821620, 4, 5, 10, 0, 0, 0.00%, 0, 0, 1, 186.26
1733821625, 4, 6, 10, 0, 0, 0.00%, 0, 0, 1, 182.98
1733821630, 4, 7, 10, 0, 0, 0.00%, 0, 0, 1, 182.83
1733821635, 4, 8, 10, 0, 0, 0.00%, 0, 0, 1, 184.95
1733821641, 5, 0, 10, 0, 0, 0.00%, 0, 0, 1, 184.17
1733821646, 5, 1, 10, 0, 0, 0.00%, 0, 0, 1, 185.07
1733821651, 5, 2, 10, 0, 0, 0.00%, 0, 0, 1, 182.28
1733821656, 5, 4, 10, 0, 0, 0.00%, 0, 0, 1, 187.81
1733821661, 5, 5, 10, 0, 0, 0.00%, 0, 0, 1, 180.68
1733821666, 5, 6, 10, 0, 0, 0.00%, 0, 0, 1, 180.93
1733821671, 5, 7, 10, 0, 0, 0.00%, 0, 0, 1, 183.15
1733821676, 5, 9, 10, 0, 0, 0.00%, 0, 0, 1, 180.40
1733821682, 6, 0, 10, 0, 0, 0.00%, 0, 0, 1, 185.48
1733821687, 6, 1, 10, 0, 0, 0.00%, 0, 0, 1, 178.23
1733821692, 6, 2, 10, 0, 0, 0.00%, 0, 0, 1, 182.60
1733821697, 6, 4, 10, 0, 0, 0.00%, 0, 0, 1, 184.82
1733821702, 6, 5, 10, 0, 0, 0.00%, 0, 0, 1, 187.84
1733821707, 6, 6, 10, 0, 0, 0.00%, 0, 0, 1, 184.06
1733821712, 6, 8, 10, 0, 0, 0.00%, 0, 0, 1, 184.89
1733821718, 6, 9, 10, 0, 0, 0.00%, 0, 0, 1, 183.32
1733821723, 7, 0, 10, 0, 0, 0.00%, 0, 0, 1, 185.02
1733821728, 7, 2, 10, 0, 0, 0.00%, 0, 0, 1, 183.63
1733821733, 7, 3, 10, 0, 0, 0.00%, 0, 0, 1, 184.76
1733821738, 7, 4, 10, 0, 0, 0.00%, 0, 0, 1, 186.03
1733821744, 7, 5, 10, 0, 0, 0.00%, 0, 0, 1, 183.42
1733821749, 7, 7, 10, 0, 0, 0.00%, 0, 0, 1, 181.37
1733821754, 7, 8, 10, 0, 0, 0.00%, 0, 0, 1, 183.86
1733821759, 7, 9, 10, 0, 0, 0.00%, 0, 0, 1, 184.98
1733821764, 8, 1, 10, 0, 0, 0.00%, 0, 0, 1, 180.30
1733821769, 8, 2, 10, 0, 0, 0.00%, 0, 0, 1, 184.85
1733821774, 8, 3, 10, 0, 0, 0.00%, 0, 0, 1, 181.31
1733821779, 8, 4, 10, 0, 0, 0.00%, 0, 0, 1, 184.15
1733821785, 8, 6, 10, 0, 0, 0.00%, 0, 0, 1, 178.17
1733821790, 8, 7, 10, 0, 0, 0.00%, 0, 0, 1, 185.63
1733821795, 8, 8, 10, 0, 0, 0.00%, 0, 0, 1, 180.17
1733821800, 9, 0, 10, 0, 0, 0.00%, 0, 0, 1, 185.91
1733821805, 9, 1, 10, 0, 0, 0.00%, 0, 0, 1, 187.62
1733821810, 9, 2, 10, 0, 0, 0.00%, 0, 0, 1, 185.44
1733821816, 9, 3, 10, 0, 0, 0.00%, 0, 0, 1, 187.13
1733821821, 9, 5, 10, 0, 0, 0.00%, 0, 0, 1, 185.09
1733821826, 9, 6, 10, 0, 0, 0.00%, 0, 0, 1, 185.39
1733821831, 9, 7, 10, 0, 0, 0.00%, 0, 0, 1, 184.95
1733821836, 9, 9, 10, 0, 0, 0.00%, 0, 0, 1, 184.14
1733821842, 10, 0, 10, 0, 0, 0.00%, 0, 0, 1, 183.52
1733821847, 10, 1, 10, 0, 0, 0.00%, 0, 0, 1, 187.05
1733821852, 10, 3, 10, 0, 0, 0.00%, 0, 0, 1, 186.88
1733821857, 10, 4, 10, 0, 0, 0.00%, 0, 0, 1, 185.66
1733821862, 10, 5, 10, 0, 0, 0.00%, 0, 0, 1, 185.36
1733821867, 10, 7, 10, 0, 0, 0.00%, 0, 0, 1, 184.87
1733821872, 10, 8, 10, 0, 0, 0.00%, 0, 0, 1, 186.37
1733821878, 10, 9, 10, 0, 0, 0.00%, 0, 0, 1, 187.35
1733821883, 11, 0, 10, 0, 0, 0.00%, 0, 0, 1, 189.35
1733821888, 11, 2, 10, 0, 0, 0.00%, 0, 0, 1, 182.82
1733821893, 11, 3, 10, 0, 0, 0.00%, 0, 0, 1, 183.90
1733821898, 11, 4, 10, 0, 0, 0.00%, 0, 0, 1, 185.38
1733821903, 11, 6, 10, 0, 0, 0.00%, 0, 0, 1, 186.09
1733821908, 11, 7, 10, 0, 0, 0.00%, 0, 0, 1, 182.42
1733821913, 11, 8, 10, 0, 0, 0.00%, 0, 0, 1, 179.27
1733821918, 11, 9, 10, 0, 0, 0.00%, 0, 0, 1, 184.59
1733821924, 12, 1, 10, 0, 0, 0.00%, 0, 0, 1, 181.80
1733821929, 12, 2, 10, 0, 0, 0.00%, 0, 0, 1, 184.04
1733821934, 12, 3, 10, 0, 0, 0.00%, 0, 0, 1, 183.32
1733821939, 12, 4, 10, 0, 0, 0.00%, 0, 0, 1, 184.02
1733821944, 12, 6, 10, 0, 0, 0.00%, 0, 0, 1, 183.67
1733821949, 12, 7, 10, 0, 0, 0.00%, 0, 0, 1, 182.24
1733821954, 12, 8, 10, 0, 0, 0.00%, 0, 0, 1, 181.46
1733821959, 12, 9, 10, 0, 0, 0.00%, 0, 0, 1, 182.01
1733821964, 13, 1, 10, 0, 0, 0.00%, 0, 0, 1, 182.05
1733821969, 13, 2, 10, 0, 0, 0.00%, 0, 0, 1, 181.48
1733821974, 13, 10, 15, 5, 1, 0.06%, 5, 0, 3, 213.34
1733821995, 13, 10, 16, 6, 1, 0.06%, 6, 0, 3, 205.23
1733822071, 13, 10, 18, 8, 1, 0.06%, 7, 0, 3, 211.51
1733822091, 13, 10, 19, 9, 1, 0.06%, 7, 0, 3, 212.54
1733822096, 13, 10, 20, 10, 1, 0.06%, 7, 0, 3, 211.77
1733822117, 13, 11, 20, 9, 6, 0.06%, 7, 0, 3, 237.08
1733822132, 13, 11, 24, 13, 6, 0.06%, 8, 0, 4, 206.73
1733822157, 13, 11, 25, 14, 6, 0.06%, 8, 0, 4, 205.84
1733822243, 13, 11, 28, 17, 6, 0.06%, 8, 0, 4, 220.90
1733822248, 13, 11, 29, 18, 6, 0.06%, 8, 0, 4, 235.29
1733822253, 13, 12, 29, 17, 6, 0.06%, 8, 0, 4, 225.93
1733822263, 13, 12, 30, 18, 6, 0.06%, 8, 0, 4, 208.41
1733822324, 13, 13, 31, 18, 5, 0.06%, 8, 0, 4, 230.60
1733822339, 13, 13, 32, 19, 5, 0.06%, 8, 0, 4, 203.02
1733822390, 13, 13, 33, 20, 5, 0.06%, 8, 0, 4, 218.20
1733822395, 13, 13, 37, 24, 5, 0.06%, 8, 0, 4, 238.65
1733822400, 13, 14, 37, 23, 4, 0.06%, 8, 0, 4, 244.82
1733822436, 13, 14, 42, 28, 4, 0.06%, 8, 0, 4, 209.84
1733822441, 13, 14, 46, 32, 4, 0.06%, 8, 0, 4, 237.63
1733822446, 13, 15, 49, 34, 3, 0.06%, 9, 0, 4, 243.77
1733822476, 13, 17, 49, 33, 3, 0.06%, 9, 0, 4, 244.10
1733822492, 13, 17, 50, 34, 3, 0.06%, 9, 0, 4, 206.39
1733822522, 13, 47, 50, 33, 2, 0.06%, 9, 0, 4, 222.12
1733822552, 13, 47, 51, 34, 2, 0.06%, 9, 0, 5, 207.85
1733822568, 13, 47, 52, 35, 2, 0.06%, 9, 0, 5, 202.63
1733822649, 13, 47, 53, 36, 2, 0.06%, 9, 0, 5, 214.88
1733822704, 13, 48, 53, 35, 1, 0.06%, 9, 0, 5, 221.76
1733822750, 13, 48, 56, 38, 1, 0.06%, 9, 0, 5, 237.83
1733822760, 14, 5, 56, 37, 0, 0.06%, 9, 0, 5, 237.81
1733822765, 14, 11, 56, 37, 0, 0.06%, 9, 0, 5, 215.07
1733822771, 14, 11, 57, 38, 0, 0.06%, 9, 0, 5, 218.68
1733822776, 14, 11, 59, 40, 0, 0.06%, 9, 0, 5, 210.71
1733822781, 14, 12, 60, 41, 0, 0.06%, 9, 0, 5, 207.15
1733822796, 14, 13, 60, 41, 0, 0.06%, 9, 0, 5, 204.06
1733822811, 14, 14, 60, 41, 0, 0.06%, 9, 0, 5, 218.70
1733822821, 14, 15, 60, 41, 0, 0.06%, 9, 0, 5, 215.67
1733822837, 14, 17, 60, 41, 0, 0.06%, 9, 0, 5, 222.57
1733822847, 14, 19, 60, 41, 0, 0.06%, 9, 0, 5, 297.61
1733822857, 14, 19, 61, 42, 0, 0.06%, 9, 0, 5, 247.85
1733822892, 14, 23, 61, 41, 0, 0.06%, 9, 0, 5, 315.81
1733822913, 14, 23, 63, 43, 0, 0.06%, 9, 0, 5, 268.98
1733823029, 14, 23, 64, 44, 0, 0.06%, 9, 0, 5, 247.35
1733823039, 14, 33, 64, 43, 0, 0.06%, 9, 0, 5, 269.20
1733823094, 14, 36, 64, 42, 0, 0.06%, 9, 0, 5, 235.16
1733823150, 14, 36, 65, 43, 0, 0.06%, 9, 0, 5, 298.21
1733823211, 14, 37, 65, 42, 0, 0.06%, 9, 0, 5, 298.68
1733823574, 14, 46, 65, 41, 0, 0.06%, 9, 0, 5, 282.36
1733823619, 14, 46, 66, 42, 0, 0.06%, 9, 0, 5, 241.90
1733823650, 14, 46, 67, 43, 0, 0.06%, 9, 0, 5, 277.48
1733823716, 14, 47, 67, 42, 0, 0.06%, 9, 0, 5, 247.04
1733823736, 14, 48, 67, 42, 0, 0.06%, 9, 0, 5, 286.93
1733823747, 14, 48, 68, 43, 0, 0.06%, 9, 0, 5, 288.12
1733823762, 14, 52, 68, 43, 0, 0.06%, 9, 0, 5, 385.29
1733823813, 14, 56, 68, 42, 0, 0.06%, 9, 0, 5, 377.72
1733823868, 14, 57, 68, 41, 0, 0.06%, 9, 0, 5, 222.87
1733824154, 14, 59, 68, 40, 0, 0.06%, 9, 0, 5, 358.71
1733824185, 14, 59, 69, 41, 0, 0.06%, 9, 0, 5, 416.90
1733824251, 14, 63, 69, 40, 0, 0.06%, 9, 0, 5, 344.08
1733824322, 14, 63, 70, 41, 0, 0.06%, 9, 0, 6, 422.08
1733824388, 14, 66, 70, 40, 0, 0.06%, 9, 0, 6, 321.72
1733824500, 14, 67, 70, 39, 0, 0.06%, 9, 0, 6, 375.50
1733824551, 15, 11, 70, 38, 0, 0.06%, 9, 0, 6, 248.25
1733824561, 15, 12, 70, 38, 0, 0.06%, 9, 0, 6, 247.55
1733824571, 15, 13, 70, 38, 0, 0.06%, 9, 0, 6, 249.47
1733824581, 15, 14, 70, 38, 0, 0.06%, 9, 0, 6, 251.93
1733824592, 15, 15, 70, 38, 0, 0.06%, 9, 0, 6, 240.00
1733824607, 15, 17, 70, 38, 0, 0.06%, 9, 0, 6, 235.02
1733824617, 15, 30, 70, 38, 0, 0.06%, 9, 0, 6, 372.57
1733824627, 15, 30, 71, 39, 0, 0.06%, 9, 0, 6, 292.20
1733824637, 15, 30, 72, 40, 0, 0.06%, 9, 0, 6, 274.18
1733824754, 15, 39, 72, 39, 0, 0.06%, 9, 0, 6, 305.04
1733824815, 15, 40, 72, 38, 0, 0.06%, 9, 0, 6, 326.43
1733824866, 15, 41, 72, 37, 0, 0.06%, 9, 0, 6, 267.17
1733825151, 15, 42, 72, 36, 0, 0.06%, 9, 0, 6, 231.02
1733825677, 15, 43, 72, 35, 0, 0.06%, 9, 0, 6, 268.54
1733825804, 15, 47, 72, 34, 0, 0.06%, 9, 0, 6, 265.05
1733825829, 15, 48, 72, 34, 0, 0.06%, 9, 0, 6, 248.87
1733825855, 15, 50, 72, 34, 0, 0.06%, 9, 0, 6, 288.78
1733825905, 15, 53, 72, 33, 0, 0.06%, 9, 0, 6, 398.83
1733825951, 15, 54, 72, 32, 0, 0.06%, 9, 0, 6, 249.15
1733825972, 15, 54, 73, 33, 0, 0.06%, 9, 0, 6, 408.05
1733826418, 15, 55, 73, 32, 0, 0.06%, 9, 0, 6, 358.54
1733826464, 15, 56, 73, 31, 0, 0.06%, 9, 0, 6, 293.68
1733826489, 15, 57, 73, 31, 0, 0.06%, 9, 0, 6, 305.77
1733826504, 15, 60, 73, 31, 0, 0.06%, 9, 0, 6, 313.08
1733826555, 15, 62, 73, 30, 0, 0.06%, 9, 0, 6, 294.64
1733826823, 15, 62, 74, 31, 0, 0.06%, 9, 0, 6, 378.32
1733826848, 15, 62, 75, 32, 0, 0.06%, 9, 0, 6, 364.52
1733826919, 15, 73, 75, 31, 0, 0.06%, 9, 0, 6, 292.65
1733827192, 16, 11, 75, 30, 0, 0.06%, 9, 0, 6, 269.79
1733827197, 16, 12, 75, 30, 0, 0.06%, 9, 0, 6, 248.71
1733827208, 16, 14, 75, 30, 0, 0.06%, 9, 0, 6, 251.94
1733827213, 16, 15, 75, 30, 0, 0.06%, 9, 0, 6, 249.25
1733827223, 16, 17, 75, 30, 0, 0.06%, 9, 0, 6, 258.44
1733827228, 16, 20, 75, 30, 0, 0.06%, 9, 0, 6, 286.93
1733827279, 16, 21, 75, 29, 0, 0.06%, 9, 0, 6, 256.71
1733827329, 16, 22, 75, 28, 0, 0.06%, 9, 0, 6, 346.88
1733827446, 16, 24, 75, 27, 0, 0.06%, 9, 0, 6, 307.19
1733827655, 16, 26, 75, 26, 0, 0.06%, 9, 0, 6, 327.82
1733827716, 16, 27, 75, 25, 0, 0.06%, 9, 0, 6, 238.35
1733827772, 16, 31, 75, 24, 0, 0.06%, 9, 0, 6, 356.55
1733827913, 16, 41, 75, 23, 0, 0.06%, 9, 0, 6, 301.04
1733827933, 16, 44, 75, 23, 0, 0.06%, 9, 0, 6, 319.33
1733827984, 16, 45, 75, 22, 0, 0.06%, 9, 0, 6, 257.03
1733828035, 16, 47, 75, 21, 0, 0.06%, 9, 0, 6, 252.85
1733828050, 16, 48, 75, 21, 0, 0.06%, 9, 0, 6, 251.78
1733828060, 16, 51, 75, 21, 0, 0.06%, 9, 0, 6, 367.50
1733828131, 16, 69, 76, 21, 0, 0.06%, 9, 0, 7, 281.90
1733828237, 16, 71, 76, 20, 0, 0.06%, 9, 0, 7, 336.13
1733828309, 16, 75, 76, 19, 0, 0.06%, 9, 0, 7, 326.47
1733828415, 17, 12, 76, 18, 0, 0.06%, 9, 0, 7, 250.69
1733828420, 17, 14, 76, 18, 0, 0.06%, 9, 0, 7, 239.30
1733828425, 17, 17, 76, 18, 0, 0.06%, 9, 0, 7, 254.58
1733828430, 17, 35, 76, 18, 0, 0.06%, 9, 0, 7, 230.27
1733828487, 17, 47, 76, 17, 0, 0.06%, 9, 0, 7, 259.38
1733828492, 17, 48, 76, 17, 0, 0.06%, 9, 0, 7, 252.68
1733828497, 17, 49, 76, 17, 0, 0.06%, 9, 0, 7, 310.92
1733828548, 17, 65, 76, 16, 0, 0.06%, 9, 0, 7, 336.12
1733828659, 17, 68, 76, 15, 0, 0.06%, 9, 0, 7, 312.63
1733828710, 18, 11, 76, 14, 0, 0.06%, 9, 0, 7, 250.91
1733828715, 18, 13, 76, 14, 0, 0.06%, 9, 0, 7, 246.20
1733828720, 18, 15, 76, 14, 0, 0.06%, 9, 0, 7, 238.92
1733828725, 18, 18, 76, 14, 0, 0.06%, 9, 0, 7, 238.04
1733828766, 18, 18, 78, 16, 0, 0.06%, 9, 0, 7, 419.64
1733828944, 18, 29, 78, 15, 0, 0.06%, 9, 0, 7, 303.22
1733829005, 18, 32, 78, 14, 0, 0.06%, 9, 0, 7, 382.14
1733829086, 18, 35, 78, 13, 0, 0.06%, 9, 0, 7, 272.53
1733829111, 18, 38, 78, 13, 0, 0.06%, 9, 0, 7, 227.30
1733829321, 18, 47, 78, 12, 0, 0.06%, 9, 0, 7, 256.54
1733829326, 18, 48, 78, 12, 0, 0.06%, 9, 0, 7, 258.25
1733829331, 18, 56, 78, 12, 0, 0.06%, 9, 0, 7, 259.62
1733829351, 18, 59, 78, 12, 0, 0.06%, 9, 0, 7, 264.98
1733829377, 18, 60, 78, 12, 0, 0.06%, 9, 0, 7, 250.07
1733829397, 18, 65, 78, 12, 0, 0.06%, 9, 0, 7, 287.29
1733829417, 18, 70, 78, 12, 0, 0.06%, 9, 0, 7, 315.58
1733829468, 18, 76, 78, 11, 0, 0.06%, 9, 0, 7, 280.52
1733829596, 19, 11, 78, 10, 0, 0.06%, 9, 0, 7, 250.94
1733829601, 19, 13, 78, 10, 0, 0.06%, 9, 0, 7, 249.98
1733829606, 19, 15, 78, 10, 0, 0.06%, 9, 0, 7, 251.75
1733829611, 19, 17, 78, 10, 0, 0.06%, 9, 0, 7, 254.26
1733829616, 19, 47, 78, 10, 0, 0.06%, 9, 0, 7, 244.22
1733829621, 19, 48, 78, 10, 0, 0.06%, 9, 0, 7, 247.20
1733829626, 19, 64, 79, 11, 0, 0.06%, 9, 0, 7, 320.24
1733829753, 19, 70, 79, 10, 0, 0.06%, 9, 0, 7, 265.69
1733829773, 20, 9, 79, 10, 0, 0.06%, 9, 0, 7, 252.21
1733829778, 20, 12, 79, 10, 0, 0.06%, 9, 0, 7, 254.06
1733829783, 20, 14, 79, 10, 0, 0.06%, 9, 0, 7, 251.26
1733829788, 20, 17, 79, 10, 0, 0.06%, 9, 0, 7, 250.91
1733829793, 20, 28, 79, 10, 0, 0.06%, 9, 0, 7, 240.84
1733829849, 20, 47, 79, 9, 0, 0.06%, 9, 0, 7, 242.49
1733829854, 20, 48, 79, 9, 0, 0.06%, 9, 0, 7, 244.64
1733829859, 20, 58, 79, 9, 0, 0.06%, 9, 0, 7, 267.66
1733830150, 21, 12, 79, 8, 0, 0.06%, 9, 0, 7, 259.58
1733830155, 21, 14, 79, 8, 0, 0.06%, 9, 0, 7, 253.82
1733830160, 21, 17, 79, 8, 0, 0.06%, 9, 0, 7, 248.76
1733830165, 21, 47, 79, 8, 0, 0.06%, 9, 0, 7, 247.77
1733830170, 21, 48, 79, 8, 0, 0.06%, 9, 0, 7, 250.62
1733830176, 21, 54, 79, 8, 0, 0.06%, 9, 0, 7, 305.70
1733830196, 21, 78, 79, 8, 0, 0.06%, 9, 0, 7, 331.18
1733830318, 22, 11, 79, 7, 0, 0.06%, 9, 0, 7, 281.48
1733830323, 22, 13, 79, 7, 0, 0.06%, 9, 0, 7, 256.85
1733830328, 22, 15, 79, 7, 0, 0.06%, 9, 0, 7, 255.93
1733830333, 22, 16, 79, 7, 0, 0.06%, 9, 0, 7, 261.15
1733830364, 22, 21, 79, 6, 0, 0.06%, 9, 0, 7, 257.51
1733830389, 22, 32, 79, 6, 0, 0.06%, 9, 0, 7, 278.43
1733830410, 22, 45, 79, 6, 0, 0.06%, 9, 0, 7, 243.20
1733830430, 22, 47, 79, 6, 0, 0.06%, 9, 0, 7, 248.62
1733830440, 22, 48, 79, 6, 0, 0.06%, 9, 0, 7, 275.52
1733830445, 22, 73, 79, 6, 0, 0.06%, 9, 0, 7, 338.98
1733830466, 22, 74, 79, 6, 0, 0.06%, 9, 0, 7, 369.72
1733830740, 22, 77, 79, 5, 0, 0.06%, 9, 0, 7, 332.01
1733830862, 23, 11, 79, 4, 0, 0.06%, 9, 0, 7, 265.98
1733830867, 23, 13, 79, 4, 0, 0.06%, 9, 0, 7, 252.25
1733830872, 23, 15, 79, 4, 0, 0.06%, 9, 0, 7, 245.45
1733830877, 23, 29, 79, 4, 0, 0.06%, 9, 0, 7, 260.42
1733830897, 23, 47, 79, 4, 0, 0.06%, 9, 0, 7, 260.48
1733830902, 23, 48, 79, 4, 0, 0.06%, 9, 0, 7, 265.35
1733830913, 23, 57, 79, 4, 0, 0.06%, 9, 0, 7, 299.79
1733830933, 23, 60, 79, 4, 0, 0.06%, 9, 0, 7, 255.74
1733830953, 23, 61, 79, 4, 0, 0.06%, 9, 0, 7, 379.05
1733831004, 23, 67, 79, 3, 0, 0.06%, 9, 0, 7, 261.56
1733831024, 24, 4, 79, 3, 0, 0.06%, 9, 0, 7, 255.93
1733831029, 24, 12, 79, 3, 0, 0.06%, 9, 0, 7, 246.40
1733831035, 24, 14, 79, 3, 0, 0.06%, 9, 0, 7, 251.11
1733831040, 24, 17, 79, 3, 0, 0.06%, 9, 0, 7, 248.58
1733831045, 24, 41, 79, 3, 0, 0.06%, 9, 0, 7, 288.28
1733831065, 24, 47, 79, 3, 0, 0.06%, 9, 0, 7, 256.85
1733831070, 24, 48, 79, 3, 0, 0.06%, 9, 0, 7, 263.33
1733831075, 25, 11, 79, 3, 0, 0.06%, 9, 0, 7, 250.31
1733831080, 25, 12, 79, 3, 0, 0.06%, 9, 0, 7, 251.82
1733831085, 25, 14, 79, 3, 0, 0.06%, 9, 0, 7, 250.56
1733831090, 25, 17, 79, 3, 0, 0.06%, 9, 0, 7, 246.20
1733831095, 25, 20, 79, 3, 0, 0.06%, 9, 0, 7, 238.64
1733831115, 25, 26, 79, 3, 0, 0.06%, 9, 0, 7, 247.74
1733831141, 25, 47, 79, 3, 0, 0.06%, 9, 0, 7, 260.47
1733831146, 25, 48, 79, 3, 0, 0.06%, 9, 0, 7, 244.79
1733831151, 25, 50, 79, 3, 0, 0.06%, 9, 0, 7, 255.22
1733831177, 25, 65, 79, 3, 0, 0.06%, 9, 0, 7, 281.03
1733831197, 26, 12, 79, 3, 0, 0.06%, 9, 0, 7, 249.55
1733831202, 26, 14, 79, 3, 0, 0.06%, 9, 0, 7, 249.26
1733831207, 26, 17, 79, 3, 0, 0.06%, 9, 0, 7, 250.34
1733831212, 26, 34, 79, 3, 0, 0.06%, 9, 0, 7, 295.71
1733831263, 26, 47, 79, 2, 0, 0.06%, 9, 0, 7, 228.53
1733831268, 26, 48, 79, 2, 0, 0.06%, 9, 0, 7, 247.51
1733831273, 26, 72, 79, 2, 0, 0.06%, 9, 0, 7, 242.70
1733831740, 26, 76, 79, 1, 0, 0.06%, 9, 0, 7, 260.95
1733831766, 26, 78, 79, 1, 0, 0.06%, 9, 0, 7, 293.62
1733831786, 27, 12, 79, 1, 0, 0.06%, 9, 0, 7, 251.45
1733831791, 27, 13, 79, 1, 0, 0.06%, 9, 0, 7, 249.69
1733831796, 27, 15, 79, 1, 0, 0.06%, 9, 0, 7, 262.92
1733831801, 27, 25, 79, 1, 0, 0.06%, 9, 0, 7, 326.50
1733831856, 27, 47, 79, 0, 0, 0.06%, 9, 0, 7, 268.88
1733831862, 27, 48, 79, 0, 0, 0.06%, 9, 0, 7, 273.91
1733831867, 27, 61, 79, 0, 0, 0.06%, 9, 0, 7, 286.87
1733831887, 27, 69, 79, 0, 0, 0.06%, 9, 0, 7, 300.53
1733831908, 28, 12, 79, 0, 0, 0.06%, 9, 0, 7, 251.12
1733831913, 28, 14, 79, 0, 0, 0.06%, 9, 0, 7, 245.40
1733831918, 28, 17, 79, 0, 0, 0.06%, 9, 0, 7, 255.46
1733831923, 28, 23, 79, 0, 0, 0.06%, 9, 0, 7, 264.12
1733831943, 28, 31, 79, 0, 0, 0.06%, 9, 0, 7, 276.45
1733831968, 28, 47, 79, 0, 0, 0.06%, 9, 0, 7, 252.16
1733831973, 28, 48, 79, 0, 0, 0.06%, 9, 0, 7, 257.96
1733831978, 28, 56, 79, 0, 0, 0.06%, 9, 0, 7, 256.10
1733831988, 28, 74, 79, 0, 0, 0.06%, 9, 0, 7, 306.23
1733832009, 29, 12, 79, 0, 0, 0.06%, 9, 0, 7, 259.66
1733832014, 29, 13, 79, 0, 0, 0.06%, 9, 0, 7, 246.66
1733832019, 29, 15, 79, 0, 0, 0.06%, 9, 0, 7, 262.06
1733832024, 29, 47, 79, 0, 0, 0.06%, 9, 0, 7, 256.76
1733832029, 29, 48, 79, 0, 0, 0.06%, 9, 0, 7, 260.10
1733832034, 29, 58, 79, 0, 0, 0.06%, 9, 0, 7, 261.27
1733832055, 29, 65, 79, 0, 0, 0.06%, 9, 0, 7, 246.72
1733832065, 30, 11, 79, 0, 0, 0.06%, 9, 0, 7, 252.89
1733832070, 30, 12, 79, 0, 0, 0.06%, 9, 0, 7, 244.03
1733832075, 30, 14, 79, 0, 0, 0.06%, 9, 0, 7, 251.61
1733832080, 30, 17, 79, 0, 0, 0.06%, 9, 0, 7, 249.47
1733832085, 30, 20, 79, 0, 0, 0.06%, 9, 0, 7, 249.39
1733832106, 30, 47, 79, 0, 0, 0.06%, 9, 0, 7, 254.68
1733832111, 30, 48, 79, 0, 0, 0.06%, 9, 0, 7, 250.67
1733832116, 30, 77, 79, 0, 0, 0.06%, 9, 0, 7, 268.84
1733832141, 31, 11, 79, 0, 0, 0.06%, 9, 0, 7, 255.43
1733832146, 31, 14, 79, 0, 0, 0.06%, 9, 0, 7, 258.99
1733832151, 31, 15, 79, 0, 0, 0.06%, 9, 0, 7, 249.07
1733832156, 31, 18, 79, 0, 0, 0.06%, 9, 0, 7, 287.51
1733832166, 31, 47, 79, 0, 0, 0.06%, 9, 0, 7, 267.23
1733832171, 31, 48, 79, 0, 0, 0.06%, 9, 0, 7, 249.44
1733832177, 31, 56, 79, 0, 0, 0.06%, 9, 0, 7, 258.11
1733832192, 31, 64, 79, 0, 0, 0.06%, 9, 0, 7, 272.98
1733832212, 31, 65, 79, 0, 0, 0.06%, 9, 0, 7, 260.41
1733832222, 31, 76, 79, 0, 0, 0.06%, 9, 0, 7, 258.13
1733832248, 32, 12, 79, 0, 0, 0.06%, 9, 0, 7, 255.58
1733832253, 32, 14, 79, 0, 0, 0.06%, 9, 0, 7, 247.15
1733832258, 32, 17, 79, 0, 0, 0.06%, 9, 0, 7, 252.39
1733832263, 32, 39, 79, 0, 0, 0.06%, 9, 0, 7, 248.86
1733832283, 32, 42, 79, 0, 0, 0.06%, 9, 0, 7, 234.18
1733832309, 32, 47, 79, 0, 0, 0.06%, 9, 0, 7, 269.24
1733832314, 32, 48, 79, 0, 0, 0.06%, 9, 0, 7, 263.51
1733832319, 32, 66, 79, 0, 0, 0.06%, 9, 0, 7, 284.44
1733832339, 32, 74, 79, 0, 0, 0.06%, 9, 0, 7, 327.48
1733832359, 33, 11, 79, 0, 0, 0.06%, 9, 0, 7, 249.84
1733832364, 33, 13, 79, 0, 0, 0.06%, 9, 0, 7, 246.52
1733832369, 33, 15, 79, 0, 0, 0.06%, 9, 0, 7, 257.11
1733832375, 33, 23, 79, 0, 0, 0.06%, 9, 0, 7, 262.76
1733832400, 33, 47, 79, 0, 0, 0.06%, 9, 0, 7, 268.67
1733832405, 33, 48, 79, 0, 0, 0.06%, 9, 0, 7, 261.82
1733832410, 34, 12, 79, 0, 0, 0.06%, 9, 0, 7, 255.39
1733832415, 34, 14, 79, 0, 0, 0.06%, 9, 0, 7, 251.56
1733832420, 34, 17, 79, 0, 0, 0.06%, 9, 0, 7, 251.79
1733832425, 34, 21, 79, 0, 0, 0.06%, 9, 0, 7, 239.24
1733832445, 34, 47, 79, 0, 0, 0.06%, 9, 0, 7, 250.99
1733832451, 34, 48, 79, 0, 0, 0.06%, 9, 0, 7, 261.50
1733832456, 34, 55, 79, 0, 0, 0.06%, 9, 0, 7, 266.41
1733832481, 34, 56, 79, 0, 0, 0.06%, 9, 0, 7, 257.44
1733832486, 34, 58, 79, 0, 0, 0.06%, 9, 0, 7, 299.18
1733832506, 34, 65, 79, 0, 0, 0.06%, 9, 0, 7, 281.51
1733832511, 34, 77, 79, 0, 0, 0.06%, 9, 0, 7, 275.54
1733832537, 35, 12, 79, 0, 0, 0.06%, 9, 0, 7, 247.65
1733832542, 35, 13, 79, 0, 0, 0.06%, 9, 0, 7, 252.54
1733832547, 35, 15, 79, 0, 0, 0.06%, 9, 0, 7, 263.43
1733832552, 35, 27, 79, 0, 0, 0.06%, 9, 0, 7, 249.97
1733832577, 35, 47, 79, 0, 0, 0.06%, 9, 0, 7, 270.05
1733832582, 35, 48, 79, 0, 0, 0.06%, 9, 0, 7, 255.63
1733832587, 36, 11, 79, 0, 0, 0.06%, 9, 0, 7, 259.49
1733832592, 36, 13, 79, 0, 0, 0.06%, 9, 0, 7, 244.56
1733832597, 36, 15, 79, 0, 0, 0.06%, 9, 0, 7, 249.48
1733832602, 36, 39, 79, 0, 0, 0.06%, 9, 0, 7, 258.28
1733832628, 36, 47, 79, 0, 0, 0.06%, 9, 0, 7, 250.76
1733832633, 36, 48, 79, 0, 0, 0.06%, 9, 0, 7, 269.52
1733832638, 36, 55, 79, 0, 0, 0.06%, 9, 0, 7, 261.32
1733832658, 37, 8, 79, 0, 0, 0.06%, 9, 0, 7, 262.62
1733832663, 37, 10, 79, 0, 0, 0.06%, 9, 0, 7, 242.81
1733832673, 37, 12, 79, 0, 0, 0.06%, 9, 0, 7, 247.97
1733832678, 37, 13, 79, 0, 0, 0.06%, 9, 0, 7, 246.99
1733832683, 37, 15, 79, 0, 0, 0.06%, 9, 0, 7, 251.23
1733832688, 37, 18, 79, 0, 0, 0.06%, 9, 0, 7, 290.68
1733832699, 37, 47, 79, 0, 0, 0.06%, 9, 0, 7, 248.51
1733832704, 37, 48, 79, 0, 0, 0.06%, 9, 0, 7, 252.24
1733832709, 37, 68, 79, 0, 0, 0.06%, 9, 0, 7, 254.46
1733832734, 38, 12, 79, 0, 0, 0.06%, 9, 0, 7, 251.57
1733832739, 38, 14, 79, 0, 0, 0.06%, 9, 0, 7, 247.33
1733832744, 38, 17, 79, 0, 0, 0.06%, 9, 0, 7, 239.82
1733832750, 38, 31, 79, 0, 0, 0.06%, 9, 0, 7, 268.11
1733832770, 38, 47, 79, 0, 0, 0.06%, 9, 0, 7, 228.90
1733832775, 38, 48, 79, 0, 0, 0.06%, 9, 0, 7, 249.86
1733832780, 38, 49, 79, 0, 0, 0.06%, 9, 0, 7, 265.92
1733832805, 38, 50, 79, 0, 0, 0.06%, 9, 0, 7, 257.43
1733832826, 39, 11, 79, 0, 0, 0.06%, 9, 0, 7, 266.30
1733832831, 39, 13, 79, 0, 0, 0.06%, 9, 0, 7, 257.39
1733832836, 39, 15, 79, 0, 0, 0.06%, 9, 0, 7, 248.12
1733832841, 39, 47, 79, 0, 0, 0.06%, 9, 0, 7, 265.25
1733832851, 39, 48, 79, 0, 0, 0.06%, 9, 0, 7, 264.09
1733832856, 39, 57, 79, 0, 0, 0.06%, 9, 0, 7, 283.22
1733832866, 40, 12, 79, 0, 0, 0.06%, 9, 0, 7, 254.92
1733832871, 40, 14, 79, 0, 0, 0.06%, 9, 0, 7, 252.96
1733832876, 40, 17, 79, 0, 0, 0.06%, 9, 0, 7, 259.36
1733832881, 40, 47, 79, 0, 0, 0.06%, 9, 0, 7, 254.00
1733832886, 40, 48, 79, 0, 0, 0.06%, 9, 0, 7, 250.87
1733832891, 40, 70, 79, 0, 0, 0.06%, 9, 0, 7, 271.09
1733832912, 41, 11, 79, 0, 0, 0.06%, 9, 0, 7, 279.84
1733832917, 41, 12, 79, 0, 0, 0.06%, 9, 0, 7, 245.96
1733832922, 41, 14, 79, 0, 0, 0.06%, 9, 0, 7, 245.97
1733832927, 41, 17, 79, 0, 0, 0.06%, 9, 0, 7, 246.00
1733832932, 41, 47, 79, 0, 0, 0.06%, 9, 0, 7, 267.94
1733832937, 41, 48, 79, 0, 0, 0.06%, 9, 0, 7, 258.38
1733832942, 41, 49, 79, 0, 0, 0.06%, 9, 0, 7, 259.30
1733832962, 41, 51, 79, 0, 0, 0.06%, 9, 0, 7, 294.17
1733832983, 42, 3, 79, 0, 0, 0.06%, 9, 0, 7, 266.41
1733832988, 42, 12, 79, 0, 0, 0.06%, 9, 0, 7, 249.82
1733832993, 42, 14, 79, 0, 0, 0.06%, 9, 0, 7, 249.62
1733832998, 42, 15, 79, 0, 0, 0.06%, 9, 0, 7, 237.93
1733833003, 42, 46, 79, 0, 0, 0.06%, 9, 0, 7, 255.58
1733833023, 42, 47, 79, 0, 0, 0.06%, 9, 0, 7, 237.67
1733833029, 42, 48, 79, 0, 0, 0.06%, 9, 0, 7, 245.23
1733833034, 42, 67, 79, 0, 0, 0.06%, 9, 0, 7, 263.45
1733833059, 43, 12, 79, 0, 0, 0.06%, 9, 0, 7, 265.82
1733833064, 43, 14, 79, 0, 0, 0.06%, 9, 0, 7, 254.23
1733833069, 43, 17, 79, 0, 0, 0.06%, 9, 0, 7, 242.48
1733833074, 43, 20, 79, 0, 0, 0.06%, 9, 0, 7, 244.23
1733833085, 43, 41, 79, 0, 0, 0.06%, 9, 0, 7, 270.08
1733833095, 43, 47, 79, 0, 0, 0.06%, 9, 0, 7, 266.19
1733833105, 43, 48, 79, 0, 0, 0.06%, 9, 0, 7, 260.66
1733833110, 44, 12, 79, 0, 0, 0.06%, 9, 0, 7, 242.26
1733833115, 44, 14, 79, 0, 0, 0.06%, 9, 0, 7, 244.28
1733833120, 44, 17, 79, 0, 0, 0.06%, 9, 0, 7, 256.13
1733833125, 44, 47, 79, 0, 0, 0.06%, 9, 0, 7, 246.62
1733833130, 44, 48, 79, 0, 0, 0.06%, 9, 0, 7, 240.15
1733833135, 44, 59, 79, 0, 0, 0.06%, 9, 0, 7, 277.86
1733833156, 44, 71, 79, 0, 0, 0.06%, 9, 0, 7, 300.12
1733833176, 44, 77, 79, 0, 0, 0.06%, 9, 0, 7, 257.34
1733833201, 45, 12, 79, 0, 0, 0.06%, 9, 0, 7, 245.07
1733833206, 45, 14, 79, 0, 0, 0.06%, 9, 0, 7, 252.77
1733833211, 45, 17, 79, 0, 0, 0.06%, 9, 0, 7, 264.15
1733833216, 45, 47, 79, 0, 0, 0.06%, 9, 0, 7, 267.07
1733833221, 45, 48, 79, 0, 0, 0.06%, 9, 0, 7, 259.49
1733833227, 45, 58, 79, 0, 0, 0.06%, 9, 0, 7, 295.52
1733833237, 46, 12, 79, 0, 0, 0.06%, 9, 0, 7, 262.47
1733833242, 46, 13, 79, 0, 0, 0.06%, 9, 0, 7, 245.92
1733833247, 46, 15, 79, 0, 0, 0.06%, 9, 0, 7, 252.85
1733833252, 46, 25, 79, 0, 0, 0.06%, 9, 0, 7, 258.73
1733833273, 46, 45, 79, 0, 0, 0.06%, 9, 0, 7, 255.70
1733833298, 46, 47, 79, 0, 0, 0.06%, 9, 0, 7, 260.39
1733833303, 46, 48, 79, 0, 0, 0.06%, 9, 0, 7, 240.29
1733833308, 46, 77, 79, 0, 0, 0.06%, 9, 0, 7, 267.81
1733833318, 47, 11, 79, 0, 0, 0.06%, 9, 0, 7, 253.59
1733833323, 47, 13, 79, 0, 0, 0.06%, 9, 0, 7, 257.32
1733833328, 47, 15, 79, 0, 0, 0.06%, 9, 0, 7, 245.60
1733833334, 47, 19, 79, 0, 0, 0.06%, 9, 0, 7, 258.55
1733833349, 47, 47, 79, 0, 0, 0.06%, 9, 0, 7, 255.69
1733833354, 47, 48, 79, 0, 0, 0.06%, 9, 0, 7, 240.46
1733833359, 47, 53, 79, 0, 0, 0.06%, 9, 0, 7, 272.51
1733833379, 47, 63, 79, 0, 0, 0.06%, 9, 0, 7, 294.76
1733833400, 48, 11, 79, 0, 0, 0.06%, 9, 0, 7, 277.66
1733833405, 48, 13, 79, 0, 0, 0.06%, 9, 0, 7, 249.77
1733833410, 48, 15, 79, 0, 0, 0.06%, 9, 0, 7, 247.00
1733833415, 48, 17, 79, 0, 0, 0.06%, 9, 0, 7, 239.62
1733833420, 48, 23, 79, 0, 0, 0.06%, 9, 0, 7, 263.26
1733833430, 48, 36, 79, 0, 0, 0.06%, 9, 0, 7, 289.68
1733833450, 48, 47, 79, 0, 0, 0.06%, 9, 0, 7, 261.52
1733833455, 48, 48, 79, 0, 0, 0.06%, 9, 0, 7, 244.49
1733833461, 48, 61, 79, 0, 0, 0.06%, 9, 0, 7, 270.08
1733833481, 49, 11, 79, 0, 0, 0.06%, 9, 0, 7, 267.97
1733833486, 49, 13, 79, 0, 0, 0.06%, 9, 0, 7, 256.55
1733833491, 49, 15, 79, 0, 0, 0.06%, 9, 0, 7, 252.43
1733833496, 49, 20, 79, 0, 0, 0.06%, 9, 0, 7, 261.49
1733833506, 49, 33, 79, 0, 0, 0.06%, 9, 0, 7, 279.66
1733833527, 49, 35, 79, 0, 0, 0.06%, 9, 0, 7, 247.59
1733833552, 49, 47, 79, 0, 0, 0.06%, 9, 0, 7, 240.35
1733833557, 49, 48, 79, 0, 0, 0.06%, 9, 0, 7, 263.83
1733833562, 49, 51, 79, 0, 0, 0.06%, 9, 0, 7, 287.65
1733833583, 49, 76, 79, 0, 0, 0.06%, 9, 0, 7, 282.33
1733833603, 50, 11, 79, 0, 0, 0.06%, 9, 0, 7, 247.29
1733833608, 50, 13, 79, 0, 0, 0.06%, 9, 0, 7, 247.90
1733833614, 50, 15, 79, 0, 0, 0.06%, 9, 0, 7, 246.55
1733833619, 50, 19, 79, 0, 0, 0.06%, 9, 0, 7, 254.86
1733833634, 50, 47, 79, 0, 0, 0.06%, 9, 0, 7, 251.99
1733833639, 50, 48, 79, 0, 0, 0.06%, 9, 0, 7, 260.18
1733833644, 50, 54, 79, 0, 0, 0.06%, 9, 0, 7, 330.71
1733833664, 50, 57, 79, 0, 0, 0.06%, 9, 0, 7, 286.26
1733833674, 51, 11, 79, 0, 0, 0.06%, 9, 0, 7, 248.00
1733833679, 51, 13, 79, 0, 0, 0.06%, 9, 0, 7, 250.41
1733833685, 51, 15, 79, 0, 0, 0.06%, 9, 0, 7, 250.09
1733833690, 51, 34, 79, 0, 0, 0.06%, 9, 0, 7, 255.12
1733833710, 51, 47, 79, 0, 0, 0.06%, 9, 0, 7, 234.60
1733833715, 51, 48, 79, 0, 0, 0.06%, 9, 0, 7, 250.40
1733833720, 51, 53, 79, 0, 0, 0.06%, 9, 0, 7, 274.17
1733833740, 51, 56, 79, 0, 0, 0.06%, 9, 0, 7, 299.22
1733833750, 52, 12, 79, 0, 0, 0.06%, 9, 0, 7, 253.79
1733833755, 52, 14, 79, 0, 0, 0.06%, 9, 0, 7, 249.69
1733833760, 52, 17, 79, 0, 0, 0.06%, 9, 0, 7, 245.24
1733833766, 52, 31, 79, 0, 0, 0.06%, 9, 0, 7, 265.67
1733833776, 52, 44, 79, 0, 0, 0.06%, 9, 0, 7, 251.46
1733833796, 52, 47, 79, 0, 0, 0.06%, 9, 0, 7, 257.29
1733833801, 52, 48, 79, 0, 0, 0.06%, 9, 0, 7, 261.58
1733833806, 52, 50, 79, 0, 0, 0.06%, 9, 0, 7, 260.09
1733833821, 52, 70, 79, 0, 0, 0.06%, 9, 0, 7, 279.22
1733833831, 53, 12, 79, 0, 0, 0.06%, 9, 0, 7, 254.70
1733833837, 53, 14, 79, 0, 0, 0.06%, 9, 0, 7, 245.18
1733833842, 53, 15, 79, 0, 0, 0.06%, 9, 0, 7, 247.60
1733833847, 53, 40, 79, 0, 0, 0.06%, 9, 0, 7, 251.36
1733833872, 53, 45, 79, 0, 0, 0.06%, 9, 0, 7, 245.46
1733833882, 53, 47, 79, 0, 0, 0.06%, 9, 0, 7, 265.30
1733833887, 53, 48, 79, 0, 0, 0.06%, 9, 0, 7, 260.05
1733833892, 53, 60, 79, 0, 0, 0.06%, 9, 0, 7, 263.13
1733833903, 53, 69, 79, 0, 0, 0.06%, 9, 0, 7, 255.42
1733833923, 54, 11, 79, 0, 0, 0.06%, 9, 0, 7, 286.34
1733833928, 54, 13, 79, 0, 0, 0.06%, 9, 0, 7, 256.28
1733833933, 54, 15, 79, 0, 0, 0.06%, 9, 0, 7, 261.91
1733833938, 54, 24, 79, 0, 0, 0.06%, 9, 0, 7, 286.11
1733833958, 54, 27, 79, 0, 0, 0.06%, 9, 0, 7, 243.27
1733833984, 54, 40, 79, 0, 0, 0.06%, 9, 0, 7, 262.79
1733834004, 54, 42, 79, 0, 0, 0.06%, 9, 0, 7, 285.12
1733834025, 54, 47, 79, 0, 0, 0.06%, 9, 0, 7, 254.96
1733834030, 54, 48, 79, 0, 0, 0.06%, 9, 0, 7, 246.68
1733834035, 54, 49, 79, 0, 0, 0.06%, 9, 0, 7, 255.65
1733834050, 54, 53, 79, 0, 0, 0.06%, 9, 0, 7, 280.70
1733834060, 54, 74, 79, 0, 0, 0.06%, 9, 0, 7, 316.79
1733834070, 54, 75, 79, 0, 0, 0.06%, 9, 0, 7, 307.00
1733834086, 55, 4, 79, 0, 0, 0.06%, 9, 0, 7, 279.85
1733834091, 55, 12, 79, 0, 0, 0.06%, 9, 0, 7, 257.17
1733834096, 55, 14, 79, 0, 0, 0.06%, 9, 0, 7, 249.12
1733834101, 55, 16, 79, 0, 0, 0.06%, 9, 0, 7, 264.26
1733834111, 55, 17, 79, 0, 0, 0.06%, 9, 0, 7, 260.39
1733834116, 55, 21, 79, 0, 0, 0.06%, 9, 0, 7, 249.94
1733834126, 55, 47, 79, 0, 0, 0.06%, 9, 0, 7, 249.14
1733834131, 55, 48, 79, 0, 0, 0.06%, 9, 0, 7, 248.12
1733834137, 55, 56, 79, 0, 0, 0.06%, 9, 0, 7, 259.30
1733834142, 55, 75, 79, 0, 0, 0.06%, 9, 0, 7, 282.54
1733834162, 56, 11, 79, 0, 0, 0.06%, 9, 0, 7, 260.19
1733834167, 56, 13, 79, 0, 0, 0.06%, 9, 0, 7, 254.60
1733834172, 56, 15, 79, 0, 0, 0.06%, 9, 0, 7, 250.25
1733834177, 56, 20, 79, 0, 0, 0.06%, 9, 0, 7, 256.00
1733834182, 56, 47, 79, 0, 0, 0.06%, 9, 0, 7, 261.46
1733834192, 56, 48, 79, 0, 0, 0.06%, 9, 0, 7, 258.33
1733834198, 56, 49, 79, 0, 0, 0.06%, 9, 0, 7, 257.56
1733834203, 57, 11, 79, 0, 0, 0.06%, 9, 0, 7, 249.14
1733834208, 57, 13, 79, 0, 0, 0.06%, 9, 0, 7, 257.64
1733834213, 57, 15, 79, 0, 0, 0.06%, 9, 0, 7, 250.25
1733834218, 57, 25, 79, 0, 0, 0.06%, 9, 0, 7, 255.91
1733834243, 57, 44, 79, 0, 0, 0.06%, 9, 0, 7, 264.27
1733834264, 57, 47, 79, 0, 0, 0.06%, 9, 0, 7, 249.83
1733834269, 57, 48, 79, 0, 0, 0.06%, 9, 0, 7, 266.62
1733834274, 58, 12, 79, 0, 0, 0.06%, 9, 0, 7, 257.17
1733834279, 58, 14, 79, 0, 0, 0.06%, 9, 0, 7, 247.44
1733834284, 58, 17, 79, 0, 0, 0.06%, 9, 0, 7, 252.10
1733834289, 58, 47, 79, 0, 0, 0.06%, 9, 0, 7, 268.82
1733834294, 58, 48, 79, 0, 0, 0.06%, 9, 0, 7, 254.80
1733834299, 59, 11, 79, 0, 0, 0.06%, 9, 0, 7, 250.16
1733834304, 59, 13, 79, 0, 0, 0.06%, 9, 0, 7, 249.65
1733834309, 59, 15, 79, 0, 0, 0.06%, 9, 0, 7, 245.88
1733834315, 59, 17, 79, 0, 0, 0.06%, 9, 0, 7, 262.77
1733834320, 59, 47, 79, 0, 0, 0.06%, 9, 0, 7, 263.15
1733834325, 59, 48, 79, 0, 0, 0.06%, 9, 0, 7, 280.10
1733834330, 59, 59, 79, 0, 0, 0.06%, 9, 0, 7, 284.41
1733834340, 60, 12, 79, 0, 0, 0.06%, 9, 0, 7, 245.39
1733834345, 60, 14, 79, 0, 0, 0.06%, 9, 0, 7, 245.71
1733834350, 60, 17, 79, 0, 0, 0.06%, 9, 0, 7, 248.52
1733834355, 60, 18, 79, 0, 0, 0.06%, 9, 0, 7, 264.96
1733834361, 60, 43, 79, 0, 0, 0.06%, 9, 0, 7, 268.63
1733834381, 60, 47, 79, 0, 0, 0.06%, 9, 0, 7, 245.01
1733834386, 60, 48, 79, 0, 0, 0.06%, 9, 0, 7, 242.95
1733834391, 60, 50, 79, 0, 0, 0.06%, 9, 0, 7, 261.09
1733834396, 61, 4, 79, 0, 0, 0.06%, 9, 0, 7, 257.80
1733834401, 61, 12, 79, 0, 0, 0.06%, 9, 0, 7, 261.32
1733834406, 61, 13, 79, 0, 0, 0.06%, 9, 0, 7, 243.47
1733834411, 61, 15, 79, 0, 0, 0.06%, 9, 0, 7, 250.03
1733834416, 61, 20, 79, 0, 0, 0.06%, 9, 0, 7, 251.35
1733834421, 61, 24, 79, 0, 0, 0.06%, 9, 0, 7, 266.14
1733834441, 61, 47, 79, 0, 0, 0.06%, 9, 0, 7, 267.33
1733834452, 61, 48, 79, 0, 0, 0.06%, 9, 0, 7, 272.90
1733834457, 61, 57, 79, 0, 0, 0.06%, 9, 0, 7, 280.17
1733834462, 61, 61, 79, 0, 0, 0.06%, 9, 0, 7, 287.00
1733834472, 61, 71, 79, 0, 0, 0.06%, 9, 0, 7, 302.70
1733834492, 62, 12, 79, 0, 0, 0.06%, 9, 0, 7, 259.99
1733834497, 62, 14, 79, 0, 0, 0.06%, 9, 0, 7, 259.15
1733834502, 62, 17, 79, 0, 0, 0.06%, 9, 0, 7, 255.37
1733834508, 62, 47, 79, 0, 0, 0.06%, 9, 0, 7, 248.32
1733834513, 62, 48, 79, 0, 0, 0.06%, 9, 0, 7, 245.70
1733834518, 62, 55, 79, 0, 0, 0.06%, 9, 0, 7, 255.31
1733834528, 62, 78, 79, 0, 0, 0.06%, 9, 0, 7, 256.69
1733834553, 63, 12, 79, 0, 0, 0.06%, 9, 0, 7, 253.39
1733834558, 63, 14, 79, 0, 0, 0.06%, 9, 0, 7, 251.41
1733834563, 63, 17, 79, 0, 0, 0.06%, 9, 0, 7, 250.11
1733834568, 63, 21, 79, 0, 0, 0.06%, 9, 0, 7, 249.68
1733834573, 63, 39, 79, 0, 0, 0.06%, 9, 0, 7, 252.12
1733834583, 63, 47, 79, 0, 0, 0.06%, 9, 0, 7, 252.82
1733834589, 63, 48, 79, 0, 0, 0.06%, 9, 0, 7, 252.90
1733834599, 63, 66, 79, 0, 0, 0.06%, 9, 0, 7, 275.28
1733834614, 64, 8, 79, 0, 0, 0.06%, 9, 0, 7, 232.74
1733834619, 64, 12, 79, 0, 0, 0.06%, 9, 0, 7, 242.08
1733834624, 64, 14, 79, 0, 0, 0.06%, 9, 0, 7, 250.65
1733834629, 64, 17, 79, 0, 0, 0.06%, 9, 0, 7, 248.40
1733834634, 64, 47, 79, 0, 0, 0.06%, 9, 0, 7, 266.71
1733834639, 64, 48, 79, 0, 0, 0.06%, 9, 0, 7, 260.70
1733834645, 64, 56, 79, 0, 0, 0.06%, 9, 0, 7, 254.32
1733834650, 64, 58, 79, 0, 0, 0.06%, 9, 0, 7, 288.42
1733834660, 64, 77, 79, 0, 0, 0.06%, 9, 0, 7, 259.25
1733834670, 65, 9, 79, 0, 0, 0.06%, 9, 0, 7, 250.85
1733834675, 65, 12, 79, 0, 0, 0.06%, 9, 0, 7, 248.38
1733834680, 65, 14, 79, 0, 0, 0.06%, 9, 0, 7, 240.30
1733834685, 65, 17, 79, 0, 0, 0.06%, 9, 0, 7, 260.86
1733834690, 65, 19, 79, 0, 0, 0.06%, 9, 0, 7, 266.91
1733834695, 65, 31, 79, 0, 0, 0.06%, 9, 0, 7, 272.30
1733834700, 65, 39, 79, 0, 0, 0.06%, 9, 0, 7, 251.82
1733834706, 65, 45, 79, 0, 0, 0.06%, 9, 0, 7, 249.12
1733834711, 65, 47, 79, 0, 0, 0.06%, 9, 0, 7, 243.92
1733834716, 65, 48, 79, 0, 0, 0.06%, 9, 0, 7, 248.04
1733834726, 65, 55, 79, 0, 0, 0.06%, 9, 0, 7, 273.81
1733834731, 65, 73, 79, 0, 0, 0.06%, 9, 0, 7, 337.49
1733834751, 66, 12, 79, 0, 0, 0.06%, 9, 0, 7, 243.19
1733834756, 66, 14, 79, 0, 0, 0.06%, 9, 0, 7, 255.29
1733834761, 66, 17, 79, 0, 0, 0.06%, 9, 0, 7, 263.30
1733834766, 66, 47, 79, 0, 0, 0.06%, 9, 0, 7, 251.03
1733834771, 66, 48, 79, 0, 0, 0.06%, 9, 0, 7, 238.79
1733834776, 66, 76, 79, 0, 0, 0.06%, 9, 0, 7, 263.44
1733834786, 67, 11, 79, 0, 0, 0.06%, 9, 0, 7, 245.56
1733834792, 67, 12, 79, 0, 0, 0.06%, 9, 0, 7, 247.01
1733834797, 67, 14, 79, 0, 0, 0.06%, 9, 0, 7, 251.41
1733834802, 67, 17, 79, 0, 0, 0.06%, 9, 0, 7, 252.63
1733834807, 67, 21, 79, 0, 0, 0.06%, 9, 0, 7, 255.80
1733834812, 67, 47, 79, 0, 0, 0.06%, 9, 0, 7, 262.58
1733834817, 67, 48, 79, 0, 0, 0.06%, 9, 0, 7, 264.28
1733834822, 67, 57, 79, 0, 0, 0.06%, 9, 0, 7, 260.28
1733834827, 67, 64, 79, 0, 0, 0.06%, 9, 0, 7, 284.18
1733834847, 68, 12, 79, 0, 0, 0.06%, 9, 0, 7, 264.44
1733834853, 68, 13, 79, 0, 0, 0.06%, 9, 0, 7, 241.87
1733834858, 68, 15, 79, 0, 0, 0.06%, 9, 0, 7, 261.83
1733834863, 68, 39, 79, 0, 0, 0.06%, 9, 0, 7, 258.80
1733834868, 68, 47, 79, 0, 0, 0.06%, 9, 0, 7, 246.59
1733834873, 68, 48, 79, 0, 0, 0.06%, 9, 0, 7, 253.99
1733834878, 68, 70, 79, 0, 0, 0.06%, 9, 0, 7, 253.60
1733834893, 68, 72, 79, 0, 0, 0.06%, 9, 0, 7, 351.70
1733834914, 68, 74, 79, 0, 0, 0.06%, 9, 0, 7, 281.53
1733834919, 69, 10, 79, 0, 0, 0.06%, 9, 0, 7, 282.80
1733834934, 69, 12, 79, 0, 0, 0.06%, 9, 0, 7, 250.09
1733834939, 69, 14, 79, 0, 0, 0.06%, 9, 0, 7, 258.30
1733834944, 69, 17, 79, 0, 0, 0.06%, 9, 0, 7, 250.34
1733834949, 69, 26, 79, 0, 0, 0.06%, 9, 0, 7, 255.71
1733834965, 69, 26, 80, 1, 0, 0.07%, 10, 0, 7, 273.02
1733834975, 69, 75, 80, 1, 1, 0.07%, 10, 0, 7, 303.50
1733834995, 69, 79, 80, 1, 1, 0.07%, 10, 0, 7, 297.57
1733835015, 69, 79, 81, 2, 1, 0.09%, 11, 0, 7, 254.80
1733835051, 69, 79, 82, 3, 1, 0.09%, 11, 0, 7, 249.21
1733835137, 69, 80, 82, 2, 1, 0.09%, 11, 0, 7, 279.18
1733835142, 69, 80, 83, 3, 1, 0.09%, 12, 0, 7, 408.29
1733835214, 69, 82, 83, 2, 1, 0.09%, 12, 0, 7, 373.47
1733835224, 69, 82, 84, 3, 1, 0.09%, 13, 0, 8, 319.09
1733835229, 69, 82, 85, 4, 1, 0.09%, 13, 0, 8, 284.48
1733835265, 69, 82, 86, 5, 1, 0.10%, 14, 0, 8, 277.62
1733835270, 69, 82, 87, 6, 1, 0.10%, 15, 0, 8, 278.79
1733835330, 69, 82, 88, 7, 1, 0.10%, 16, 0, 8, 263.57
1733835335, 69, 83, 88, 6, 3, 0.10%, 16, 0, 8, 378.82
1733835340, 69, 83, 89, 7, 3, 0.10%, 16, 0, 9, 419.55
1733835351, 69, 83, 90, 8, 3, 0.10%, 16, 0, 9, 286.22
1733835366, 69, 83, 92, 10, 3, 0.10%, 17, 0, 9, 272.19
1733835371, 69, 83, 93, 11, 3, 0.10%, 17, 0, 9, 273.31
1733835376, 69, 83, 94, 12, 3, 0.10%, 17, 0, 9, 274.51
1733835426, 69, 83, 95, 13, 3, 0.10%, 17, 0, 9, 278.67
1733835492, 69, 87, 95, 12, 2, 0.10%, 17, 0, 9, 375.77
1733835533, 69, 87, 96, 13, 2, 0.10%, 17, 0, 9, 278.43
1733835543, 69, 87, 97, 14, 2, 0.10%, 17, 0, 9, 276.64
1733835573, 69, 87, 98, 15, 2, 0.13%, 18, 0, 9, 286.96
1733835645, 69, 90, 98, 14, 2, 0.13%, 18, 0, 9, 281.15
1733835685, 69, 90, 99, 15, 2, 0.13%, 18, 0, 10, 273.42
1733835706, 69, 90, 100, 16, 2, 0.13%, 18, 0, 10, 283.31
1733835772, 69, 90, 101, 17, 2, 0.13%, 19, 0, 10, 280.80
1733835782, 69, 90, 102, 18, 2, 0.14%, 20, 0, 10, 282.12
1733835802, 69, 97, 102, 17, 3, 0.14%, 20, 0, 10, 247.78
1733835807, 69, 97, 105, 20, 3, 0.14%, 22, 0, 10, 400.64
1733835898, 69, 100, 105, 19, 4, 0.14%, 22, 0, 10, 374.15
1733835934, 69, 100, 106, 20, 4, 0.14%, 22, 0, 11, 265.51
1733836035, 69, 100, 107, 21, 4, 0.14%, 22, 0, 11, 285.29
1733836055, 69, 101, 107, 20, 3, 0.14%, 22, 0, 11, 253.00
1733836086, 69, 101, 108, 21, 3, 0.14%, 22, 0, 11, 168.36
1733836111, 69, 101, 113, 26, 3, 0.16%, 27, 0, 11, 173.93
1733836131, 69, 101, 114, 27, 3, 0.16%, 27, 0, 11, 297.23
1733836156, 69, 101, 115, 28, 3, 0.16%, 27, 0, 11, 289.22
1733836268, 69, 102, 116, 28, 8, 0.16%, 27, 0, 11, 389.86
1733836365, 69, 104, 116, 27, 7, 0.16%, 27, 0, 11, 376.23
1733836461, 69, 108, 116, 26, 6, 0.16%, 27, 0, 11, 221.73
1733836531, 69, 108, 118, 28, 6, 0.16%, 27, 0, 12, 311.23
1733836536, 69, 108, 119, 29, 6, 0.16%, 27, 0, 12, 294.10
1733836552, 69, 108, 120, 30, 6, 0.16%, 27, 0, 12, 285.21
1733836613, 69, 108, 121, 31, 6, 0.16%, 27, 0, 12, 294.53
1733836668, 69, 109, 121, 30, 5, 0.16%, 27, 0, 12, 206.89
1733836740, 69, 109, 123, 32, 5, 0.16%, 27, 0, 12, 309.29
1733836745, 69, 109, 124, 33, 5, 0.16%, 27, 0, 12, 282.02
1733836755, 69, 109, 125, 34, 5, 0.16%, 27, 0, 12, 290.45
1733836811, 69, 109, 126, 35, 5, 0.16%, 27, 0, 12, 293.70
1733836877, 69, 110, 126, 34, 4, 0.16%, 27, 0, 12, 254.50
1733836948, 69, 110, 127, 35, 4, 0.16%, 27, 0, 12, 330.93
1733836953, 69, 110, 128, 36, 4, 0.16%, 27, 0, 12, 304.90
1733836958, 69, 110, 129, 37, 4, 0.16%, 27, 0, 12, 295.21
1733837090, 69, 111, 129, 36, 3, 0.16%, 27, 0, 12, 232.64
1733837161, 69, 111, 131, 38, 3, 0.16%, 27, 0, 12, 316.53
1733837187, 69, 111, 132, 39, 3, 0.16%, 27, 0, 12, 294.27
1733837303, 69, 112, 132, 38, 2, 0.16%, 27, 0, 12, 200.56
1733837374, 69, 112, 134, 40, 2, 0.16%, 27, 0, 12, 302.28
1733837410, 69, 112, 135, 41, 2, 0.16%, 27, 0, 12, 290.04
1733837512, 69, 114, 135, 40, 1, 0.16%, 27, 0, 12, 192.61
1733837780, 69, 123, 135, 39, 1, 0.16%, 27, 0, 12, 210.31
1733837903, 69, 123, 136, 40, 1, 0.16%, 27, 0, 13, 290.05
1733837928, 69, 131, 136, 39, 0, 0.16%, 27, 0, 13, 285.72
1733838040, 69, 131, 137, 40, 0, 0.16%, 27, 0, 13, 293.49
1733838167, 69, 134, 137, 39, 0, 0.16%, 27, 0, 13, 212.39
1733838298, 69, 134, 138, 40, 0, 0.16%, 27, 0, 13, 311.65
1733838436, 70, 11, 138, 39, 0, 0.16%, 27, 0, 13, 259.21
1733838441, 70, 14, 138, 39, 0, 0.16%, 27, 0, 13, 260.50
1733838446, 70, 17, 138, 39, 0, 0.16%, 27, 0, 13, 254.55
1733838451, 70, 31, 138, 39, 0, 0.16%, 27, 0, 13, 270.55
1733838456, 70, 40, 138, 39, 0, 0.16%, 27, 0, 13, 259.91
1733838466, 70, 47, 138, 39, 0, 0.16%, 27, 0, 13, 261.88
1733838471, 70, 49, 138, 39, 0, 0.16%, 27, 0, 13, 264.21
1733838476, 70, 50, 138, 39, 0, 0.16%, 27, 0, 13, 258.40
1733838481, 70, 60, 138, 39, 0, 0.16%, 27, 0, 13, 257.57
1733838491, 70, 70, 138, 39, 0, 0.16%, 27, 0, 13, 291.65
1733838501, 70, 79, 138, 39, 0, 0.16%, 27, 0, 13, 279.87
1733838522, 70, 85, 138, 39, 0, 0.16%, 27, 0, 13, 301.87
1733838623, 70, 87, 138, 38, 0, 0.16%, 27, 0, 13, 293.16
1733838634, 70, 87, 139, 39, 0, 0.16%, 27, 0, 13, 284.13
1733838680, 70, 97, 139, 39, 0, 0.16%, 27, 0, 13, 296.05
1733838720, 70, 100, 139, 39, 0, 0.16%, 27, 0, 13, 295.47
1733838761, 70, 102, 139, 39, 0, 0.16%, 27, 0, 13, 327.25
1733838807, 70, 104, 139, 39, 0, 0.16%, 27, 0, 13, 274.59
1733838842, 70, 107, 139, 39, 0, 0.16%, 27, 0, 13, 268.41
1733839005, 70, 108, 139, 38, 0, 0.16%, 27, 0, 13, 310.11
1733839046, 70, 110, 139, 38, 0, 0.16%, 27, 0, 13, 285.00
1733839086, 70, 111, 139, 38, 0, 0.16%, 27, 0, 13, 313.25
1733839127, 70, 111, 140, 39, 0, 0.16%, 27, 0, 13, 279.97
1733839132, 70, 112, 140, 39, 0, 0.16%, 27, 0, 13, 286.87
1733839173, 70, 115, 142, 41, 0, 0.17%, 28, 0, 13, 370.63
1733839178, 70, 115, 144, 43, 0, 0.18%, 29, 0, 13, 417.36
1733839269, 70, 140, 145, 43, 2, 0.18%, 30, 0, 13, 374.84
1733839305, 70, 140, 146, 44, 2, 0.18%, 30, 0, 13, 282.99
