# unix_time, cycles_done, cur_path, paths_total, pending_total, pending_favs, map_size, unique_crashes, unique_hangs, max_depth, execs_per_sec
1735201367, 0, 0, 10, 10, 1, 0.00%, 0, 0, 1, 176.21
1735201372, 0, 4, 10, 10, 1, 0.00%, 0, 0, 1, 206.51
1735201377, 0, 5, 10, 9, 0, 0.00%, 0, 0, 1, 214.46
1735201382, 0, 6, 10, 8, 0, 0.00%, 0, 0, 1, 204.32
1735201393, 0, 7, 10, 7, 0, 0.00%, 0, 0, 1, 218.82
1735201398, 0, 8, 10, 6, 0, 0.00%, 0, 0, 1, 219.17
1735201403, 0, 9, 10, 5, 0, 0.00%, 0, 0, 1, 210.72
1735201413, 1, 0, 10, 4, 0, 0.00%, 0, 0, 1, 218.74
1735201423, 1, 1, 10, 3, 0, 0.00%, 0, 0, 1, 217.86
1735201428, 1, 2, 10, 2, 0, 0.00%, 0, 0, 1, 212.82
1735201438, 1, 3, 10, 1, 0, 0.00%, 0, 0, 1, 203.54
1735201449, 1, 4, 10, 0, 0, 0.00%, 0, 0, 1, 220.43
1735201454, 1, 6, 10, 0, 0, 0.00%, 0, 0, 1, 217.48
1735201459, 1, 7, 10, 0, 0, 0.00%, 0, 0, 1, 214.83
1735201464, 1, 9, 10, 0, 0, 0.00%, 0, 0, 1, 212.95
1735201469, 2, 0, 10, 0, 0, 0.00%, 0, 0, 1, 216.29
1735201474, 2, 2, 10, 0, 0, 0.00%, 0, 0, 1, 216.12
1735201479, 2, 3, 10, 0, 0, 0.00%, 0, 0, 1, 217.31
1735201484, 2, 5, 10, 0, 0, 0.00%, 0, 0, 1, 215.07
1735201490, 2, 6, 10, 0, 0, 0.00%, 0, 0, 1, 214.37
1735201495, 2, 8, 10, 0, 0, 0.00%, 0, 0, 1, 208.72
1735201500, 2, 9, 10, 0, 0, 0.00%, 0, 0, 1, 206.93
1735201505, 3, 0, 10, 0, 0, 0.00%, 0, 0, 1, 205.62
1735201510, 3, 2, 10, 0, 0, 0.00%, 0, 0, 1, 201.09
1735201515, 3, 3, 10, 0, 0, 0.00%, 0, 0, 1, 202.81
1735201520, 3, 5, 10, 0, 0, 0.00%, 0, 0, 1, 201.13
1735201525, 3, 6, 10, 0, 0, 0.00%, 0, 0, 1, 204.06
1735201530, 3, 7, 10, 0, 0, 0.00%, 0, 0, 1, 201.88
1735201535, 3, 9, 10, 0, 0, 0.00%, 0, 0, 1, 198.98
1735201540, 4, 0, 10, 0, 0, 0.00%, 0, 0, 1, 196.07
1735201545, 4, 2, 10, 0, 0, 0.00%, 0, 0, 1, 197.80
1735201550, 4, 3, 10, 0, 0, 0.00%, 0, 0, 1, 199.68
1735201555, 4, 4, 10, 0, 0, 0.00%, 0, 0, 1, 199.92
1735201561, 4, 6, 10, 0, 0, 0.00%, 0, 0, 1, 201.94
1735201566, 4, 7, 10, 0, 0, 0.00%, 0, 0, 1, 198.59
1735201571, 4, 8, 10, 0, 0, 0.00%, 0, 0, 1, 192.90
1735201576, 5, 0, 10, 0, 0, 0.00%, 0, 0, 1, 199.73
1735201581, 5, 1, 11, 1, 0, 0.05%, 1, 0, 2, 197.81
1735201586, 5, 10, 12, 2, 1, 0.05%, 2, 0, 3, 218.71
1735201632, 5, 10, 13, 3, 1, 0.05%, 3, 0, 3, 203.79
1735201667, 5, 10, 14, 4, 1, 0.05%, 4, 0, 3, 207.44
1735201677, 5, 10, 15, 5, 1, 0.05%, 4, 0, 3, 216.09
1735201733, 5, 11, 16, 5, 3, 0.06%, 5, 0, 4, 235.47
1735201759, 5, 11, 17, 6, 3, 0.06%, 6, 0, 4, 209.42
1735201764, 5, 11, 18, 7, 3, 0.06%, 6, 0, 4, 212.58
1735201774, 5, 11, 19, 8, 3, 0.06%, 6, 0, 4, 208.97
1735201794, 5, 11, 20, 9, 3, 0.06%, 6, 0, 4, 209.03
1735201799, 5, 11, 21, 10, 3, 0.06%, 6, 0, 4, 208.73
1735201901, 5, 11, 22, 11, 3, 0.06%, 7, 0, 4, 208.87
1735201906, 5, 12, 22, 10, 5, 0.06%, 7, 0, 4, 240.56
1735201911, 5, 12, 23, 11, 5, 0.06%, 7, 0, 4, 217.04
1735201952, 5, 12, 24, 12, 5, 0.06%, 8, 0, 4, 208.52
1735201962, 5, 12, 25, 13, 5, 0.06%, 8, 0, 4, 212.75
1735201998, 5, 12, 26, 14, 5, 0.06%, 8, 0, 4, 219.42
1735202003, 5, 12, 27, 15, 5, 0.06%, 8, 0, 4, 221.02
1735202013, 5, 12, 28, 16, 5, 0.06%, 8, 0, 4, 221.13
1735202023, 5, 12, 30, 18, 5, 0.06%, 8, 0, 4, 234.91
1735202033, 5, 13, 30, 17, 5, 0.06%, 8, 0, 4, 239.87
1735202069, 5, 13, 32, 19, 5, 0.06%, 8, 0, 4, 223.17
1735202074, 5, 13, 33, 20, 5, 0.06%, 8, 0, 4, 234.65
1735202079, 5, 13, 37, 24, 5, 0.06%, 8, 0, 4, 247.57
1735202085, 5, 15, 38, 24, 4, 0.06%, 8, 0, 5, 237.13
1735202095, 5, 15, 39, 25, 4, 0.06%, 8, 0, 5, 221.47
1735202136, 5, 15, 40, 26, 4, 0.06%, 8, 0, 5, 217.61
1735202181, 5, 15, 41, 27, 4, 0.06%, 8, 0, 5, 236.67
1735202186, 5, 16, 44, 29, 3, 0.06%, 9, 0, 5, 366.01
1735202196, 5, 16, 45, 30, 3, 0.06%, 9, 0, 5, 295.77
1735202227, 5, 16, 46, 31, 3, 0.06%, 9, 0, 5, 266.99
1735202308, 5, 29, 46, 30, 3, 0.06%, 9, 0, 5, 314.81
1735202359, 5, 29, 47, 31, 3, 0.06%, 9, 0, 5, 239.17
1735202365, 5, 40, 47, 30, 2, 0.06%, 9, 0, 5, 289.90
1735202416, 5, 43, 47, 29, 1, 0.06%, 9, 0, 5, 388.28
1735202446, 5, 43, 48, 30, 1, 0.06%, 9, 0, 6, 266.89
1735202497, 5, 47, 48, 29, 0, 0.06%, 9, 0, 6, 374.89
1735202568, 5, 47, 50, 31, 0, 0.06%, 9, 0, 7, 284.87
1735202578, 5, 48, 50, 30, 0, 0.06%, 9, 0, 7, 193.38
1735202839, 5, 48, 51, 31, 0, 0.06%, 9, 0, 8, 343.30
1735203395, 5, 48, 52, 32, 0, 0.06%, 9, 0, 8, 444.25
1735203400, 5, 48, 54, 34, 0, 0.06%, 9, 0, 8, 439.71
1735203410, 5, 48, 56, 36, 0, 0.06%, 9, 0, 8, 440.45
1735209930, 5, 50, 56, 35, 0, 0.06%, 9, 0, 8, 218.65
