# unix_time, cycles_done, cur_path, paths_total, pending_total, pending_favs, map_size, unique_crashes, unique_hangs, max_depth, execs_per_sec
1735611696, 0, 0, 10, 10, 1, 0.00%, 0, 0, 1, 176.21
1735611701, 0, 2, 10, 10, 1, 0.00%, 0, 0, 1, 208.88
1735611706, 0, 3, 10, 9, 0, 0.00%, 0, 0, 1, 218.10
1735611711, 0, 4, 10, 8, 0, 0.00%, 0, 0, 1, 207.51
1735611721, 0, 5, 10, 7, 0, 0.00%, 0, 0, 1, 214.41
1735611726, 0, 6, 10, 6, 0, 0.00%, 0, 0, 1, 198.98
1735611736, 0, 7, 10, 5, 0, 0.00%, 0, 0, 1, 219.70
1735611741, 0, 8, 10, 4, 0, 0.00%, 0, 0, 1, 218.21
1735611747, 0, 9, 10, 3, 0, 0.00%, 0, 0, 1, 205.36
1735611757, 1, 0, 10, 2, 0, 0.00%, 0, 0, 1, 217.77
1735611767, 1, 1, 10, 1, 0, 0.00%, 0, 0, 1, 214.48
1735611772, 1, 2, 10, 0, 0, 0.00%, 0, 0, 1, 216.57
1735611777, 1, 3, 10, 0, 0, 0.00%, 0, 0, 1, 213.19
1735611782, 1, 5, 10, 0, 0, 0.00%, 0, 0, 1, 213.81
1735611787, 1, 6, 10, 0, 0, 0.00%, 0, 0, 1, 212.58
1735611792, 1, 8, 10, 0, 0, 0.00%, 0, 0, 1, 215.17
1735611797, 1, 9, 10, 0, 0, 0.00%, 0, 0, 1, 216.66
1735611803, 2, 1, 10, 0, 0, 0.00%, 0, 0, 1, 214.09
1735611808, 2, 2, 10, 0, 0, 0.00%, 0, 0, 1, 218.26
1735611813, 2, 4, 10, 0, 0, 0.00%, 0, 0, 1, 215.78
1735611818, 2, 5, 10, 0, 0, 0.00%, 0, 0, 1, 215.14
1735611823, 2, 7, 10, 0, 0, 0.00%, 0, 0, 1, 214.61
1735611828, 2, 8, 10, 0, 0, 0.00%, 0, 0, 1, 217.03
1735611833, 2, 9, 10, 0, 0, 0.00%, 0, 0, 1, 209.93
1735611838, 3, 1, 10, 0, 0, 0.00%, 0, 0, 1, 207.84
1735611843, 3, 2, 10, 0, 0, 0.00%, 0, 0, 1, 209.88
1735611848, 3, 4, 10, 0, 0, 0.00%, 0, 0, 1, 204.62
1735611853, 3, 5, 10, 0, 0, 0.00%, 0, 0, 1, 202.52
1735611858, 3, 6, 11, 1, 0, 0.05%, 1, 0, 2, 200.13
1735611863, 3, 10, 12, 2, 1, 0.05%, 2, 0, 3, 220.36
1735611904, 3, 11, 14, 3, 1, 0.05%, 3, 0, 4, 234.65
1735611909, 3, 11, 16, 5, 1, 0.06%, 6, 0, 4, 219.26
1735611914, 3, 11, 17, 6, 1, 0.06%, 6, 0, 4, 214.03
1735611940, 3, 11, 18, 7, 1, 0.06%, 7, 0, 4, 212.72
1735611976, 3, 11, 19, 8, 1, 0.06%, 7, 0, 4, 213.71
1735612011, 3, 11, 20, 9, 1, 0.06%, 7, 0, 4, 215.79
1735612037, 3, 12, 20, 8, 5, 0.06%, 7, 0, 4, 224.94
1735612042, 3, 12, 21, 9, 5, 0.06%, 7, 0, 5, 216.94
1735612052, 3, 12, 22, 10, 5, 0.06%, 8, 0, 5, 210.84
1735612072, 3, 12, 23, 11, 5, 0.06%, 8, 0, 5, 206.99
1735612103, 3, 12, 25, 13, 5, 0.06%, 8, 0, 5, 211.24
1735612128, 3, 12, 26, 14, 5, 0.06%, 8, 0, 5, 211.87
1735612133, 3, 13, 26, 13, 6, 0.06%, 8, 0, 5, 228.39
1735612153, 3, 13, 28, 15, 6, 0.06%, 8, 0, 5, 204.56
1735612188, 3, 13, 29, 16, 6, 0.06%, 8, 0, 5, 209.15
1735612259, 3, 14, 32, 18, 5, 0.06%, 8, 0, 5, 241.49
1735612305, 3, 14, 34, 20, 5, 0.06%, 8, 0, 5, 231.00
1735612310, 3, 15, 37, 22, 4, 0.06%, 8, 0, 5, 278.47
1735612335, 3, 15, 38, 23, 4, 0.06%, 8, 0, 5, 232.79
1735612366, 3, 15, 39, 24, 4, 0.06%, 8, 0, 5, 235.26
1735612376, 3, 17, 39, 23, 4, 0.06%, 8, 0, 5, 249.26
1735612401, 3, 22, 39, 22, 3, 0.06%, 8, 0, 5, 257.91
1735612406, 3, 22, 40, 23, 3, 0.06%, 8, 0, 6, 242.12
1735612447, 3, 22, 41, 24, 3, 0.06%, 8, 0, 6, 235.30
1735612452, 3, 34, 41, 23, 2, 0.06%, 8, 0, 6, 270.74
1735612473, 3, 34, 42, 24, 2, 0.06%, 8, 0, 6, 226.58
1735612508, 3, 34, 43, 25, 2, 0.06%, 8, 0, 6, 245.22
1735612518, 3, 35, 43, 24, 3, 0.06%, 8, 0, 6, 276.50
1735612559, 3, 36, 43, 23, 2, 0.06%, 8, 0, 6, 298.54
1735612590, 3, 36, 44, 24, 2, 0.06%, 8, 0, 6, 233.38
1735612595, 3, 36, 45, 25, 2, 0.06%, 8, 0, 6, 228.96
1735612605, 3, 36, 46, 26, 2, 0.06%, 8, 0, 6, 225.15
1735612640, 3, 36, 47, 27, 2, 0.06%, 8, 0, 6, 231.03
1735612676, 3, 36, 48, 28, 2, 0.06%, 8, 0, 6, 235.84
1735612681, 3, 41, 48, 27, 1, 0.06%, 8, 0, 6, 272.43
1735612691, 3, 41, 49, 28, 1, 0.06%, 8, 0, 7, 233.03
1735612712, 3, 41, 50, 29, 1, 0.06%, 8, 0, 7, 226.69
1735612717, 3, 41, 51, 30, 1, 0.06%, 8, 0, 7, 232.39
1735612732, 3, 41, 52, 31, 1, 0.06%, 8, 0, 7, 228.31
1735612762, 3, 41, 54, 33, 1, 0.06%, 8, 0, 7, 234.12
1735612824, 3, 41, 55, 34, 1, 0.06%, 8, 0, 7, 229.21
1735612829, 3, 41, 56, 35, 1, 0.06%, 8, 0, 7, 251.79
1735612834, 3, 43, 57, 35, 0, 0.06%, 8, 0, 7, 344.41
1735612936, 3, 43, 58, 36, 0, 0.06%, 8, 0, 7, 286.66
1735612941, 3, 48, 58, 35, 0, 0.06%, 8, 0, 7, 366.85
1735612977, 3, 50, 58, 34, 0, 0.06%, 8, 0, 7, 347.12
1735613048, 3, 50, 59, 35, 0, 0.06%, 8, 0, 8, 309.49
1735613068, 3, 56, 59, 34, 0, 0.06%, 8, 0, 8, 284.61
1735613180, 3, 57, 59, 33, 0, 0.06%, 8, 0, 8, 421.68
1735613230, 3, 57, 61, 35, 0, 0.06%, 8, 0, 8, 336.77
1735613250, 3, 57, 63, 37, 0, 0.06%, 8, 0, 8, 316.94
1735613337, 3, 61, 63, 36, 0, 0.06%, 8, 0, 8, 330.02
1735613418, 4, 11, 63, 35, 0, 0.06%, 8, 0, 8, 254.77
1735613423, 4, 13, 63, 35, 0, 0.06%, 8, 0, 8, 239.69
1735613434, 4, 14, 63, 35, 0, 0.06%, 8, 0, 8, 254.94
1735613439, 4, 14, 64, 36, 0, 0.06%, 8, 0, 8, 277.17
1735613444, 4, 17, 64, 36, 0, 0.06%, 8, 0, 8, 257.78
1735613459, 4, 22, 64, 36, 0, 0.06%, 8, 0, 8, 248.58
1735613469, 4, 35, 64, 36, 0, 0.06%, 8, 0, 8, 250.14
1735613479, 4, 36, 64, 36, 0, 0.06%, 8, 0, 8, 256.20
1735613489, 4, 41, 64, 36, 0, 0.06%, 8, 0, 8, 250.89
1735613499, 4, 42, 64, 36, 0, 0.06%, 8, 0, 8, 289.69
1735613530, 4, 43, 64, 35, 0, 0.06%, 8, 0, 8, 257.20
1735613540, 4, 45, 64, 35, 0, 0.06%, 8, 0, 8, 272.41
1735613585, 4, 45, 66, 37, 0, 0.06%, 8, 0, 8, 275.77
1735613647, 4, 52, 66, 36, 0, 0.06%, 8, 0, 8, 292.82
1735613677, 4, 52, 68, 38, 0, 0.06%, 8, 0, 8, 399.87
1735613759, 4, 53, 68, 37, 0, 0.06%, 8, 0, 8, 312.79
1735613825, 4, 55, 68, 36, 0, 0.06%, 8, 0, 8, 278.92
1735613855, 4, 58, 68, 35, 0, 0.06%, 8, 0, 8, 366.03
1735613860, 4, 58, 69, 36, 0, 0.06%, 8, 0, 9, 414.45
1735613952, 4, 62, 69, 35, 0, 0.06%, 8, 0, 9, 411.79
1735614028, 4, 64, 69, 34, 0, 0.06%, 8, 0, 9, 340.40
1735614150, 4, 67, 69, 33, 0, 0.06%, 8, 0, 9, 269.28
1735614301, 5, 11, 69, 32, 0, 0.06%, 8, 0, 9, 262.00
1735614306, 5, 13, 69, 32, 0, 0.06%, 8, 0, 9, 243.38
1735614316, 5, 14, 69, 32, 0, 0.06%, 8, 0, 9, 245.55
1735614326, 5, 17, 69, 32, 0, 0.06%, 8, 0, 9, 251.00
1735614336, 5, 19, 69, 32, 0, 0.06%, 8, 0, 9, 357.83
1735614362, 5, 22, 69, 31, 0, 0.06%, 8, 0, 9, 267.46
1735614377, 5, 24, 69, 31, 0, 0.06%, 8, 0, 9, 306.14
1735614403, 5, 27, 69, 30, 0, 0.06%, 8, 0, 9, 376.23
1735614428, 5, 35, 69, 29, 0, 0.06%, 8, 0, 9, 264.75
1735614438, 5, 36, 69, 29, 0, 0.06%, 8, 0, 9, 254.75
1735614448, 5, 41, 69, 29, 0, 0.06%, 8, 0, 9, 258.50
1735614464, 5, 45, 69, 29, 0, 0.06%, 8, 0, 9, 250.69
1735614474, 5, 49, 69, 29, 0, 0.06%, 8, 0, 9, 405.73
1735614504, 5, 59, 69, 28, 0, 0.06%, 8, 0, 9, 370.80
1735614591, 5, 60, 69, 27, 0, 0.06%, 8, 0, 9, 374.39
1735614672, 5, 65, 69, 26, 0, 0.06%, 8, 0, 9, 285.52
1735614804, 6, 13, 69, 25, 0, 0.06%, 8, 0, 9, 258.06
1735614809, 6, 14, 69, 25, 0, 0.06%, 8, 0, 9, 247.60
1735614814, 6, 17, 69, 25, 0, 0.06%, 8, 0, 9, 256.44
1735614819, 6, 18, 69, 25, 0, 0.06%, 8, 0, 9, 328.24
1735614850, 6, 21, 69, 24, 0, 0.06%, 8, 0, 9, 366.49
1735614860, 6, 21, 70, 25, 0, 0.06%, 8, 0, 9, 273.95
1735614890, 6, 22, 70, 24, 0, 0.06%, 8, 0, 9, 257.64
1735614895, 6, 25, 70, 24, 0, 0.06%, 8, 0, 9, 334.82
1735614926, 6, 35, 70, 23, 0, 0.06%, 8, 0, 9, 269.83
1735614931, 6, 36, 70, 23, 0, 0.06%, 8, 0, 9, 263.07
1735614936, 6, 37, 70, 23, 0, 0.06%, 8, 0, 9, 364.75
1735614982, 6, 41, 70, 22, 0, 0.06%, 8, 0, 9, 266.46
1735614987, 6, 51, 70, 22, 0, 0.06%, 8, 0, 9, 287.62
1735615017, 6, 54, 70, 21, 0, 0.06%, 8, 0, 9, 285.58
1735615053, 6, 69, 70, 20, 0, 0.06%, 8, 0, 9, 407.59
1735615104, 6, 69, 71, 21, 0, 0.06%, 8, 0, 9, 312.10
1735615109, 6, 69, 72, 22, 0, 0.06%, 8, 0, 9, 309.67
1735615204, 7, 13, 72, 21, 0, 0.06%, 8, 0, 9, 260.41
1735615210, 7, 14, 72, 21, 0, 0.06%, 8, 0, 9, 261.00
1735615215, 7, 17, 72, 21, 0, 0.06%, 8, 0, 9, 254.28
1735615220, 7, 20, 72, 21, 0, 0.06%, 8, 0, 9, 272.52
1735615250, 7, 22, 72, 20, 0, 0.06%, 8, 0, 9, 267.53
1735615255, 7, 26, 72, 20, 0, 0.06%, 8, 0, 9, 296.94
1735615286, 7, 31, 72, 19, 0, 0.06%, 8, 0, 9, 328.54
1735615316, 7, 36, 72, 18, 0, 0.06%, 8, 0, 9, 269.85
1735615327, 7, 38, 72, 18, 0, 0.06%, 8, 0, 9, 311.51
1735615352, 7, 40, 72, 17, 0, 0.06%, 8, 0, 9, 356.81
1735615408, 7, 41, 72, 16, 0, 0.06%, 8, 0, 9, 265.04
1735615413, 7, 42, 72, 16, 0, 0.06%, 8, 0, 9, 279.71
1735615424, 7, 44, 72, 16, 0, 0.06%, 8, 0, 9, 301.02
1735615454, 7, 46, 72, 15, 0, 0.06%, 8, 0, 9, 372.07
1735615489, 7, 66, 72, 14, 0, 0.06%, 8, 0, 9, 361.77
1735615642, 8, 11, 72, 13, 0, 0.06%, 8, 0, 9, 251.27
1735615647, 8, 13, 72, 13, 0, 0.06%, 8, 0, 9, 262.62
1735615652, 8, 14, 72, 13, 0, 0.06%, 8, 0, 9, 248.41
1735615657, 8, 16, 72, 13, 0, 0.06%, 8, 0, 9, 270.34
1735615683, 8, 17, 72, 12, 0, 0.06%, 8, 0, 9, 242.54
1735615688, 8, 22, 72, 12, 0, 0.06%, 8, 0, 9, 253.69
1735615693, 8, 29, 72, 12, 0, 0.06%, 8, 0, 9, 319.85
1735615728, 8, 35, 72, 11, 0, 0.06%, 8, 0, 9, 257.06
1735615733, 8, 36, 72, 11, 0, 0.06%, 8, 0, 9, 256.43
1735615738, 8, 41, 72, 11, 0, 0.06%, 8, 0, 9, 259.06
1735615743, 8, 63, 72, 11, 0, 0.06%, 8, 0, 9, 348.57
1735615886, 8, 65, 72, 10, 0, 0.06%, 8, 0, 9, 275.27
1735615891, 8, 71, 72, 10, 0, 0.06%, 8, 0, 9, 330.06
1735615993, 8, 71, 73, 11, 0, 0.06%, 8, 0, 9, 285.73
1735615998, 9, 13, 73, 10, 0, 0.06%, 8, 0, 9, 256.77
1735616003, 9, 14, 73, 10, 0, 0.06%, 8, 0, 9, 269.70
1735616013, 9, 17, 73, 10, 0, 0.06%, 8, 0, 9, 267.37
1735616018, 9, 22, 73, 10, 0, 0.06%, 8, 0, 9, 271.50
1735616023, 9, 28, 73, 10, 0, 0.06%, 8, 0, 9, 307.41
1735616049, 9, 35, 73, 9, 0, 0.06%, 8, 0, 9, 268.32
1735616054, 9, 36, 73, 9, 0, 0.06%, 8, 0, 9, 263.24
1735616059, 9, 41, 73, 9, 0, 0.06%, 8, 0, 9, 254.94
1735616064, 10, 11, 73, 9, 0, 0.06%, 8, 0, 9, 257.69
1735616069, 10, 13, 73, 9, 0, 0.06%, 8, 0, 9, 257.32
1735616074, 10, 14, 73, 9, 0, 0.06%, 8, 0, 9, 251.75
1735616079, 10, 17, 73, 9, 0, 0.06%, 8, 0, 9, 247.73
1735616084, 10, 22, 73, 9, 0, 0.06%, 8, 0, 9, 255.81
1735616089, 10, 27, 73, 9, 0, 0.06%, 8, 0, 9, 276.79
1735616099, 10, 35, 73, 9, 0, 0.06%, 8, 0, 9, 251.67
1735616104, 10, 36, 73, 9, 0, 0.06%, 8, 0, 9, 260.42
1735616115, 10, 39, 73, 9, 0, 0.06%, 8, 0, 9, 399.66
1735616176, 10, 41, 73, 8, 0, 0.06%, 8, 0, 9, 240.40
1735616186, 10, 68, 73, 8, 0, 0.06%, 8, 0, 9, 373.46
1735616318, 11, 11, 73, 7, 0, 0.06%, 8, 0, 9, 254.99
1735616323, 11, 14, 73, 7, 0, 0.06%, 8, 0, 9, 271.85
1735616334, 11, 17, 73, 7, 0, 0.06%, 8, 0, 9, 252.60
1735616339, 11, 22, 73, 7, 0, 0.06%, 8, 0, 9, 251.04
1735616344, 11, 30, 73, 7, 0, 0.06%, 8, 0, 9, 267.70
1735616374, 11, 31, 73, 6, 0, 0.06%, 8, 0, 9, 268.51
1735616384, 11, 35, 73, 6, 0, 0.06%, 8, 0, 9, 265.50
1735616389, 11, 36, 73, 6, 0, 0.06%, 8, 0, 9, 254.55
1735616395, 11, 39, 74, 7, 0, 0.06%, 8, 0, 9, 271.83
1735616405, 11, 41, 74, 7, 0, 0.06%, 8, 0, 9, 249.93
1735616410, 11, 42, 74, 7, 0, 0.06%, 8, 0, 9, 275.26
1735616420, 11, 42, 75, 8, 0, 0.06%, 8, 0, 9, 263.94
1735616425, 11, 47, 75, 8, 0, 0.06%, 8, 0, 9, 306.41
1735616451, 11, 70, 75, 7, 0, 0.06%, 8, 0, 9, 260.36
1735616805, 12, 11, 75, 6, 0, 0.06%, 8, 0, 9, 259.34
1735616810, 12, 13, 75, 6, 0, 0.06%, 8, 0, 9, 272.01
1735616815, 12, 14, 75, 6, 0, 0.06%, 8, 0, 9, 244.56
1735616820, 12, 17, 75, 6, 0, 0.06%, 8, 0, 9, 251.51
1735616825, 12, 18, 75, 6, 0, 0.06%, 8, 0, 9, 272.08
1735616836, 12, 21, 75, 6, 0, 0.06%, 8, 0, 9, 269.88
1735616846, 12, 22, 75, 6, 0, 0.06%, 8, 0, 9, 256.26
1735616851, 12, 33, 75, 6, 0, 0.06%, 8, 0, 9, 292.91
1735616887, 12, 35, 75, 5, 0, 0.06%, 8, 0, 9, 268.45
1735616892, 12, 36, 75, 5, 0, 0.06%, 8, 0, 9, 276.20
1735616902, 12, 41, 75, 5, 0, 0.06%, 8, 0, 9, 270.93
1735616907, 12, 43, 75, 5, 0, 0.06%, 8, 0, 9, 301.48
1735616917, 12, 59, 75, 5, 0, 0.06%, 8, 0, 9, 303.80
1735616933, 12, 72, 75, 5, 0, 0.06%, 8, 0, 9, 363.02
1735617065, 12, 73, 75, 4, 0, 0.06%, 8, 0, 9, 283.59
1735617212, 13, 13, 75, 3, 0, 0.06%, 8, 0, 9, 239.97
1735617217, 13, 14, 75, 3, 0, 0.06%, 8, 0, 9, 251.79
1735617222, 13, 17, 75, 3, 0, 0.06%, 8, 0, 9, 250.02
1735617233, 13, 22, 75, 3, 0, 0.06%, 8, 0, 9, 252.27
1735617238, 13, 23, 75, 3, 0, 0.06%, 8, 0, 9, 263.03
1735617263, 13, 35, 75, 2, 0, 0.06%, 8, 0, 9, 268.20
1735617269, 13, 36, 75, 2, 0, 0.06%, 8, 0, 9, 260.83
1735617274, 13, 37, 75, 2, 0, 0.06%, 8, 0, 9, 282.16
1735617284, 13, 41, 75, 2, 0, 0.06%, 8, 0, 9, 260.63
1735617289, 13, 61, 75, 2, 0, 0.06%, 8, 0, 9, 284.54
1735617304, 13, 66, 75, 2, 0, 0.06%, 8, 0, 9, 286.86
1735617314, 14, 13, 75, 2, 0, 0.06%, 8, 0, 9, 259.56
1735617319, 14, 14, 75, 2, 0, 0.06%, 8, 0, 9, 253.62
1735617324, 14, 17, 75, 2, 0, 0.06%, 8, 0, 9, 254.64
1735617334, 14, 22, 75, 2, 0, 0.06%, 8, 0, 9, 246.61
1735617339, 14, 32, 75, 2, 0, 0.06%, 8, 0, 9, 300.36
1735617365, 14, 35, 75, 1, 0, 0.06%, 8, 0, 9, 270.18
1735617375, 14, 36, 75, 1, 0, 0.06%, 8, 0, 9, 260.99
1735617380, 14, 41, 75, 1, 0, 0.06%, 8, 0, 9, 271.92
1735617385, 14, 44, 75, 1, 0, 0.06%, 8, 0, 9, 272.82
1735617395, 14, 74, 75, 1, 0, 0.06%, 8, 0, 9, 331.12
1735617512, 15, 11, 75, 0, 0, 0.06%, 8, 0, 9, 247.67
1735617517, 15, 13, 75, 0, 0, 0.06%, 8, 0, 9, 240.97
1735617523, 15, 14, 75, 0, 0, 0.06%, 8, 0, 9, 244.44
1735617528, 15, 17, 75, 0, 0, 0.06%, 8, 0, 9, 247.57
1735617533, 15, 22, 75, 0, 0, 0.06%, 8, 0, 9, 252.82
1735617538, 15, 35, 75, 0, 0, 0.06%, 8, 0, 9, 252.59
1735617543, 15, 36, 75, 0, 0, 0.06%, 8, 0, 9, 280.77
1735617553, 15, 44, 75, 0, 0, 0.06%, 8, 0, 9, 275.55
1735617568, 15, 67, 75, 0, 0, 0.06%, 8, 0, 9, 269.35
1735617573, 15, 71, 75, 0, 0, 0.06%, 8, 0, 9, 276.97
1735617584, 16, 11, 75, 0, 0, 0.06%, 8, 0, 9, 257.32
1735617589, 16, 13, 75, 0, 0, 0.06%, 8, 0, 9, 254.92
1735617594, 16, 14, 75, 0, 0, 0.06%, 8, 0, 9, 248.06
1735617599, 16, 17, 75, 0, 0, 0.06%, 8, 0, 9, 242.91
1735617604, 16, 22, 75, 0, 0, 0.06%, 8, 0, 9, 238.43
1735617609, 16, 26, 75, 0, 0, 0.06%, 8, 0, 9, 266.48
1735617624, 16, 35, 75, 0, 0, 0.06%, 8, 0, 9, 269.86
1735617629, 16, 36, 75, 0, 0, 0.06%, 8, 0, 9, 263.15
1735617634, 16, 41, 75, 0, 0, 0.06%, 8, 0, 9, 260.04
1735617639, 17, 13, 75, 0, 0, 0.06%, 8, 0, 9, 256.86
1735617650, 17, 14, 75, 0, 0, 0.06%, 8, 0, 9, 262.41
1735617655, 17, 17, 75, 0, 0, 0.06%, 8, 0, 9, 246.18
1735617660, 17, 22, 75, 0, 0, 0.06%, 8, 0, 9, 266.57
1735617665, 17, 35, 75, 0, 0, 0.06%, 8, 0, 9, 255.67
1735617670, 17, 36, 75, 0, 0, 0.06%, 8, 0, 9, 255.21
1735617675, 17, 37, 75, 0, 0, 0.06%, 8, 0, 9, 284.94
1735617685, 17, 38, 75, 0, 0, 0.06%, 8, 0, 9, 267.21
1735617695, 17, 41, 75, 0, 0, 0.06%, 8, 0, 9, 266.07
1735617700, 18, 1, 75, 0, 0, 0.06%, 8, 0, 9, 266.83
1735617705, 18, 11, 75, 0, 0, 0.06%, 8, 0, 9, 253.13
1735617710, 18, 13, 75, 0, 0, 0.06%, 8, 0, 9, 263.78
1735617715, 18, 14, 75, 0, 0, 0.06%, 8, 0, 9, 259.84
1735617720, 18, 17, 75, 0, 0, 0.06%, 8, 0, 9, 267.72
1735617725, 18, 22, 75, 0, 0, 0.06%, 8, 0, 9, 265.19
1735617731, 18, 35, 75, 0, 0, 0.06%, 8, 0, 9, 261.53
1735617736, 18, 36, 75, 0, 0, 0.06%, 8, 0, 9, 259.91
1735617741, 18, 41, 75, 0, 0, 0.06%, 8, 0, 9, 266.22
1735617746, 19, 11, 75, 0, 0, 0.06%, 8, 0, 9, 263.81
1735617751, 19, 13, 75, 0, 0, 0.06%, 8, 0, 9, 260.88
1735617756, 19, 14, 75, 0, 0, 0.06%, 8, 0, 9, 257.50
1735617761, 19, 17, 75, 0, 0, 0.06%, 8, 0, 9, 257.95
1735617766, 19, 22, 75, 0, 0, 0.06%, 8, 0, 9, 251.08
1735617771, 19, 35, 75, 0, 0, 0.06%, 8, 0, 9, 265.75
1735617776, 19, 36, 75, 0, 0, 0.06%, 8, 0, 9, 261.70
1735617781, 19, 37, 75, 0, 0, 0.06%, 8, 0, 9, 279.25
1735617786, 19, 41, 75, 0, 0, 0.06%, 8, 0, 9, 258.99
1735617791, 19, 49, 75, 0, 0, 0.06%, 8, 0, 9, 280.92
1735617801, 20, 11, 75, 0, 0, 0.06%, 8, 0, 9, 251.58
1735617807, 20, 13, 75, 0, 0, 0.06%, 8, 0, 9, 257.79
1735617812, 20, 14, 75, 0, 0, 0.06%, 8, 0, 9, 245.18
1735617817, 20, 17, 75, 0, 0, 0.06%, 8, 0, 9, 246.17
1735617822, 20, 22, 75, 0, 0, 0.06%, 8, 0, 9, 251.42
1735617827, 20, 35, 75, 0, 0, 0.06%, 8, 0, 9, 257.93
1735617832, 20, 36, 75, 0, 0, 0.06%, 8, 0, 9, 266.44
1735617837, 20, 41, 75, 0, 0, 0.06%, 8, 0, 9, 258.76
1735617842, 20, 55, 75, 0, 0, 0.06%, 8, 0, 9, 252.42
1735617857, 21, 13, 75, 0, 0, 0.06%, 8, 0, 9, 249.77
1735617863, 21, 14, 75, 0, 0, 0.06%, 8, 0, 9, 265.95
1735617868, 21, 17, 75, 0, 0, 0.06%, 8, 0, 9, 263.48
1735617878, 21, 22, 75, 0, 0, 0.06%, 8, 0, 9, 260.42
1735617883, 21, 24, 75, 0, 0, 0.06%, 8, 0, 9, 257.87
1735617893, 21, 29, 75, 0, 0, 0.06%, 8, 0, 9, 272.67
1735617903, 21, 35, 75, 0, 0, 0.06%, 8, 0, 9, 267.18
1735617908, 21, 36, 75, 0, 0, 0.06%, 8, 0, 9, 271.47
1735617913, 21, 37, 75, 0, 0, 0.06%, 8, 0, 9, 264.53
1735617918, 21, 41, 75, 0, 0, 0.06%, 8, 0, 9, 258.95
1735617923, 21, 48, 75, 0, 0, 0.06%, 8, 0, 9, 265.27
1735617933, 22, 11, 75, 0, 0, 0.06%, 8, 0, 9, 233.75
1735617938, 22, 13, 75, 0, 0, 0.06%, 8, 0, 9, 257.31
1735617943, 22, 14, 75, 0, 0, 0.06%, 8, 0, 9, 245.60
1735617949, 22, 17, 75, 0, 0, 0.06%, 8, 0, 9, 246.80
1735617954, 22, 22, 75, 0, 0, 0.06%, 8, 0, 9, 250.82
1735617959, 22, 30, 75, 0, 0, 0.06%, 8, 0, 9, 259.25
1735617974, 22, 35, 75, 0, 0, 0.06%, 8, 0, 9, 269.00
1735617979, 22, 36, 75, 0, 0, 0.06%, 8, 0, 9, 260.44
1735617984, 22, 41, 75, 0, 0, 0.06%, 8, 0, 9, 264.86
1735617989, 22, 64, 75, 0, 0, 0.06%, 8, 0, 9, 273.46
1735617994, 23, 11, 75, 0, 0, 0.06%, 8, 0, 9, 264.60
1735617999, 23, 13, 75, 0, 0, 0.06%, 8, 0, 9, 252.43
1735618004, 23, 14, 75, 0, 0, 0.06%, 8, 0, 9, 256.75
1735618009, 23, 16, 75, 0, 0, 0.06%, 8, 0, 9, 248.68
1735618019, 23, 17, 75, 0, 0, 0.06%, 8, 0, 9, 249.45
1735618024, 23, 22, 75, 0, 0, 0.06%, 8, 0, 9, 254.81
1735618029, 23, 25, 75, 0, 0, 0.06%, 8, 0, 9, 264.62
1735618040, 23, 35, 75, 0, 0, 0.06%, 8, 0, 9, 265.39
1735618045, 23, 36, 75, 0, 0, 0.06%, 8, 0, 9, 264.49
1735618055, 23, 41, 75, 0, 0, 0.06%, 8, 0, 9, 259.75
1735618060, 23, 71, 75, 0, 0, 0.06%, 8, 0, 9, 269.96
1735618070, 24, 13, 75, 0, 0, 0.06%, 8, 0, 9, 255.88
1735618080, 24, 14, 75, 0, 0, 0.06%, 8, 0, 9, 259.67
1735618086, 24, 17, 75, 0, 0, 0.06%, 8, 0, 9, 259.26
1735618091, 24, 18, 75, 0, 0, 0.06%, 8, 0, 9, 266.87
1735618101, 24, 22, 75, 0, 0, 0.06%, 8, 0, 9, 246.15
1735618106, 24, 28, 75, 0, 0, 0.06%, 8, 0, 9, 263.53
1735618116, 24, 35, 75, 0, 0, 0.06%, 8, 0, 9, 258.59
1735618121, 24, 36, 75, 0, 0, 0.06%, 8, 0, 9, 256.05
1735618126, 24, 41, 75, 0, 0, 0.06%, 8, 0, 9, 264.45
1735618132, 24, 45, 75, 0, 0, 0.06%, 8, 0, 9, 261.67
1735618147, 24, 49, 75, 0, 0, 0.06%, 8, 0, 9, 270.71
1735618157, 24, 58, 75, 0, 0, 0.06%, 8, 0, 9, 285.97
1735618172, 24, 66, 75, 0, 0, 0.06%, 8, 0, 9, 278.58
1735618177, 25, 11, 75, 0, 0, 0.06%, 8, 0, 9, 255.52
1735618182, 25, 13, 75, 0, 0, 0.06%, 8, 0, 9, 254.01
1735618187, 25, 14, 75, 0, 0, 0.06%, 8, 0, 9, 254.44
1735618193, 25, 17, 75, 0, 0, 0.06%, 8, 0, 9, 253.24
1735618198, 25, 19, 75, 0, 0, 0.06%, 8, 0, 9, 271.66
1735618208, 25, 22, 75, 0, 0, 0.06%, 8, 0, 9, 249.19
1735618213, 25, 34, 75, 0, 0, 0.06%, 8, 0, 9, 263.88
1735618228, 25, 35, 75, 0, 0, 0.06%, 8, 0, 9, 261.59
1735618233, 25, 36, 75, 0, 0, 0.06%, 8, 0, 9, 255.50
1735618238, 25, 40, 75, 0, 0, 0.06%, 8, 0, 9, 294.02
1735618248, 25, 41, 75, 0, 0, 0.06%, 8, 0, 9, 258.57
1735618253, 25, 44, 75, 0, 0, 0.06%, 8, 0, 9, 256.35
1735618258, 25, 51, 75, 0, 0, 0.06%, 8, 0, 9, 268.96
1735618269, 25, 55, 75, 0, 0, 0.06%, 8, 0, 9, 268.62
1735618279, 26, 1, 75, 0, 0, 0.06%, 8, 0, 9, 263.38
1735618284, 26, 13, 75, 0, 0, 0.06%, 8, 0, 9, 251.57
1735618289, 26, 14, 75, 0, 0, 0.06%, 8, 0, 9, 255.47
1735618294, 26, 17, 75, 0, 0, 0.06%, 8, 0, 9, 252.64
1735618305, 26, 22, 75, 0, 0, 0.06%, 8, 0, 9, 268.45
1735618310, 26, 35, 75, 0, 0, 0.06%, 8, 0, 9, 272.57
1735618315, 26, 36, 75, 0, 0, 0.06%, 8, 0, 9, 252.80
1735618320, 26, 41, 75, 0, 0, 0.06%, 8, 0, 9, 256.93
1735618325, 27, 12, 75, 0, 0, 0.06%, 8, 0, 9, 254.54
1735618335, 27, 13, 75, 0, 0, 0.06%, 8, 0, 9, 249.76
1735618340, 27, 14, 75, 0, 0, 0.06%, 8, 0, 9, 254.40
1735618345, 27, 16, 75, 0, 0, 0.06%, 8, 0, 9, 244.30
1735618355, 27, 17, 75, 0, 0, 0.06%, 8, 0, 9, 271.36
1735618360, 27, 22, 75, 0, 0, 0.06%, 8, 0, 9, 255.48
1735618370, 27, 35, 75, 0, 0, 0.06%, 8, 0, 9, 261.66
1735618375, 27, 36, 75, 0, 0, 0.06%, 8, 0, 9, 264.83
1735618381, 27, 41, 75, 0, 0, 0.06%, 8, 0, 9, 252.34
1735618386, 27, 62, 75, 0, 0, 0.06%, 8, 0, 9, 299.90
1735618401, 27, 65, 75, 0, 0, 0.06%, 8, 0, 9, 281.75
1735618406, 27, 70, 75, 0, 0, 0.06%, 8, 0, 9, 315.31
1735618416, 28, 13, 75, 0, 0, 0.06%, 8, 0, 9, 257.01
1735618421, 28, 14, 75, 0, 0, 0.06%, 8, 0, 9, 257.58
1735618431, 28, 17, 75, 0, 0, 0.06%, 8, 0, 9, 267.59
1735618436, 28, 19, 75, 0, 0, 0.06%, 8, 0, 9, 285.74
1735618446, 28, 22, 75, 0, 0, 0.06%, 8, 0, 9, 262.30
1735618451, 28, 35, 75, 0, 0, 0.06%, 8, 0, 9, 262.88
1735618456, 28, 36, 75, 0, 0, 0.06%, 8, 0, 9, 256.66
1735618461, 28, 40, 75, 0, 0, 0.06%, 8, 0, 9, 278.97
1735618472, 28, 41, 75, 0, 0, 0.06%, 8, 0, 9, 269.44
1735618477, 29, 11, 75, 0, 0, 0.06%, 8, 0, 9, 258.86
1735618482, 29, 13, 75, 0, 0, 0.06%, 8, 0, 9, 253.39
1735618487, 29, 14, 75, 0, 0, 0.06%, 8, 0, 9, 256.36
1735618492, 29, 17, 75, 0, 0, 0.06%, 8, 0, 9, 250.93
1735618497, 29, 22, 75, 0, 0, 0.06%, 8, 0, 9, 249.44
1735618502, 29, 33, 75, 0, 0, 0.06%, 8, 0, 9, 279.09
1735618512, 29, 35, 75, 0, 0, 0.06%, 8, 0, 9, 258.62
1735618517, 29, 36, 75, 0, 0, 0.06%, 8, 0, 9, 253.41
1735618522, 29, 41, 75, 0, 0, 0.06%, 8, 0, 9, 254.64
1735618527, 29, 56, 75, 0, 0, 0.06%, 8, 0, 9, 264.87
1735618537, 30, 1, 75, 0, 0, 0.06%, 8, 0, 9, 268.80
1735618543, 30, 13, 75, 0, 0, 0.06%, 8, 0, 9, 248.79
1735618548, 30, 14, 75, 0, 0, 0.06%, 8, 0, 9, 256.30
1735618553, 30, 15, 75, 0, 0, 0.06%, 8, 0, 9, 265.74
1735618563, 30, 17, 75, 0, 0, 0.06%, 8, 0, 9, 259.59
1735618573, 30, 22, 75, 0, 0, 0.06%, 8, 0, 9, 261.08
1735618578, 30, 23, 75, 0, 0, 0.06%, 8, 0, 9, 245.56
1735618588, 30, 27, 75, 0, 0, 0.06%, 8, 0, 9, 279.39
1735618598, 30, 35, 75, 0, 0, 0.06%, 8, 0, 9, 265.04
1735618604, 30, 36, 75, 0, 0, 0.06%, 8, 0, 9, 259.55
1735618609, 30, 38, 75, 0, 0, 0.06%, 8, 0, 9, 264.04
1735618619, 30, 41, 75, 0, 0, 0.06%, 8, 0, 9, 268.32
1735618624, 30, 49, 75, 0, 0, 0.06%, 8, 0, 9, 261.79
1735618629, 31, 1, 75, 0, 0, 0.06%, 8, 0, 9, 270.60
1735618634, 31, 13, 75, 0, 0, 0.06%, 8, 0, 9, 260.24
1735618639, 31, 14, 75, 0, 0, 0.06%, 8, 0, 9, 258.80
1735618644, 31, 17, 75, 0, 0, 0.06%, 8, 0, 9, 264.20
1735618654, 31, 22, 75, 0, 0, 0.06%, 8, 0, 9, 268.62
1735618659, 31, 35, 75, 0, 0, 0.06%, 8, 0, 9, 263.67
1735618664, 31, 36, 75, 0, 0, 0.06%, 8, 0, 9, 255.18
1735618669, 31, 41, 75, 0, 0, 0.06%, 8, 0, 9, 259.15
1735618675, 31, 47, 75, 0, 0, 0.06%, 8, 0, 9, 249.09
1735618685, 31, 49, 75, 0, 0, 0.06%, 8, 0, 9, 270.73
1735618690, 31, 55, 75, 0, 0, 0.06%, 8, 0, 9, 269.48
1735618695, 32, 4, 75, 0, 0, 0.06%, 8, 0, 9, 254.80
1735618700, 32, 13, 75, 0, 0, 0.06%, 8, 0, 9, 253.83
1735618705, 32, 14, 75, 0, 0, 0.06%, 8, 0, 9, 254.43
1735618710, 32, 17, 75, 0, 0, 0.06%, 8, 0, 9, 254.70
1735618715, 32, 22, 75, 0, 0, 0.06%, 8, 0, 9, 279.97
1735618726, 32, 27, 75, 0, 0, 0.06%, 8, 0, 9, 260.74
1735618731, 32, 35, 75, 0, 0, 0.06%, 8, 0, 9, 264.57
1735618736, 32, 36, 75, 0, 0, 0.06%, 8, 0, 9, 266.26
1735618741, 32, 41, 75, 0, 0, 0.06%, 8, 0, 9, 256.55
1735618746, 32, 44, 75, 0, 0, 0.06%, 8, 0, 9, 260.40
1735618751, 32, 56, 75, 0, 0, 0.06%, 8, 0, 9, 314.42
1735618761, 33, 11, 75, 0, 0, 0.06%, 8, 0, 9, 263.99
1735618766, 33, 13, 75, 0, 0, 0.06%, 8, 0, 9, 259.63
1735618771, 33, 14, 75, 0, 0, 0.06%, 8, 0, 9, 264.84
1735618776, 33, 15, 75, 0, 0, 0.06%, 8, 0, 9, 254.19
1735618787, 33, 17, 75, 0, 0, 0.06%, 8, 0, 9, 261.69
1735618792, 33, 22, 75, 0, 0, 0.06%, 8, 0, 9, 253.72
1735618797, 33, 31, 75, 0, 0, 0.06%, 8, 0, 9, 265.22
1735618807, 33, 35, 75, 0, 0, 0.06%, 8, 0, 9, 255.49
1735618817, 33, 36, 75, 0, 0, 0.06%, 8, 0, 9, 263.43
1735618822, 33, 38, 75, 0, 0, 0.06%, 8, 0, 9, 267.89
1735618827, 33, 41, 75, 0, 0, 0.06%, 8, 0, 9, 253.83
1735618832, 33, 67, 75, 0, 0, 0.06%, 8, 0, 9, 262.03
1735618837, 34, 11, 75, 0, 0, 0.06%, 8, 0, 9, 260.25
1735618842, 34, 13, 75, 0, 0, 0.06%, 8, 0, 9, 250.32
1735618847, 34, 14, 75, 0, 0, 0.06%, 8, 0, 9, 250.50
1735618852, 34, 17, 75, 0, 0, 0.06%, 8, 0, 9, 251.12
1735618857, 34, 22, 75, 0, 0, 0.06%, 8, 0, 9, 258.17
1735618862, 34, 24, 75, 0, 0, 0.06%, 8, 0, 9, 267.04
1735618878, 34, 25, 75, 0, 0, 0.06%, 8, 0, 9, 270.62
1735618888, 34, 35, 75, 0, 0, 0.06%, 8, 0, 9, 275.94
1735618893, 34, 36, 75, 0, 0, 0.06%, 8, 0, 9, 251.54
1735618898, 34, 41, 75, 0, 0, 0.06%, 8, 0, 9, 249.10
1735618903, 34, 65, 75, 0, 0, 0.06%, 8, 0, 9, 275.01
1735618908, 35, 11, 75, 0, 0, 0.06%, 8, 0, 9, 258.90
1735618913, 35, 13, 75, 0, 0, 0.06%, 8, 0, 9, 253.08
1735618918, 35, 14, 75, 0, 0, 0.06%, 8, 0, 9, 264.30
1735618924, 35, 17, 75, 0, 0, 0.06%, 8, 0, 9, 250.07
1735618929, 35, 22, 75, 0, 0, 0.06%, 8, 0, 9, 245.62
1735618934, 35, 28, 76, 1, 0, 0.06%, 8, 0, 9, 251.29
1735618944, 35, 34, 76, 1, 0, 0.06%, 8, 0, 9, 257.63
1735618959, 35, 35, 76, 1, 0, 0.06%, 8, 0, 9, 276.62
1735618965, 35, 36, 76, 1, 0, 0.06%, 8, 0, 9, 263.61
1735618970, 35, 37, 76, 1, 0, 0.06%, 8, 0, 9, 276.08
1735618975, 35, 41, 76, 1, 0, 0.06%, 8, 0, 9, 257.79
1735618980, 35, 56, 76, 1, 0, 0.06%, 8, 0, 9, 282.72
1735618985, 36, 11, 76, 1, 0, 0.06%, 8, 0, 9, 251.96
1735618990, 36, 13, 76, 1, 0, 0.06%, 8, 0, 9, 259.81
1735618995, 36, 14, 76, 1, 0, 0.06%, 8, 0, 9, 265.75
1735619000, 36, 17, 76, 1, 0, 0.06%, 8, 0, 9, 260.64
1735619005, 36, 22, 76, 1, 0, 0.06%, 8, 0, 9, 251.50
1735619010, 36, 35, 76, 1, 0, 0.06%, 8, 0, 9, 249.86
1735619015, 36, 36, 76, 1, 0, 0.06%, 8, 0, 9, 263.32
1735619020, 36, 41, 76, 1, 0, 0.06%, 8, 0, 9, 253.00
1735619030, 36, 60, 76, 1, 0, 0.06%, 8, 0, 9, 302.80
1735619045, 37, 11, 76, 1, 0, 0.06%, 8, 0, 9, 253.21
1735619051, 37, 13, 76, 1, 0, 0.06%, 8, 0, 9, 260.82
1735619056, 37, 14, 76, 1, 0, 0.06%, 8, 0, 9, 239.48
1735619061, 37, 16, 76, 1, 0, 0.06%, 8, 0, 9, 252.98
1735619066, 37, 17, 76, 1, 0, 0.06%, 8, 0, 9, 253.09
1735619071, 37, 22, 76, 1, 0, 0.06%, 8, 0, 9, 258.01
1735619076, 37, 25, 76, 1, 0, 0.06%, 8, 0, 9, 261.47
1735619081, 37, 30, 76, 1, 0, 0.06%, 8, 0, 9, 259.24
1735619096, 37, 35, 76, 1, 0, 0.06%, 8, 0, 9, 258.78
1735619101, 37, 36, 76, 1, 0, 0.06%, 8, 0, 9, 252.61
1735619106, 37, 41, 76, 1, 0, 0.06%, 8, 0, 9, 246.12
1735619112, 37, 49, 76, 1, 0, 0.06%, 8, 0, 9, 262.18
1735619117, 37, 50, 76, 1, 0, 0.06%, 8, 0, 9, 304.08
1735619127, 37, 51, 76, 1, 0, 0.06%, 8, 0, 9, 274.42
1735619137, 37, 56, 76, 1, 0, 0.06%, 8, 0, 9, 296.72
1735619142, 38, 11, 76, 1, 0, 0.06%, 8, 0, 9, 267.21
1735619147, 38, 13, 76, 1, 0, 0.06%, 8, 0, 9, 252.06
1735619152, 38, 14, 76, 1, 0, 0.06%, 8, 0, 9, 267.32
1735619157, 38, 17, 76, 1, 0, 0.06%, 8, 0, 9, 247.87
1735619162, 38, 22, 76, 1, 0, 0.06%, 8, 0, 9, 254.32
1735619167, 38, 30, 76, 1, 0, 0.06%, 8, 0, 9, 253.31
1735619172, 38, 35, 76, 1, 0, 0.06%, 8, 0, 9, 259.00
1735619182, 38, 36, 76, 1, 0, 0.06%, 8, 0, 9, 254.43
1735619188, 38, 38, 76, 1, 0, 0.06%, 8, 0, 9, 264.17
1735619193, 38, 41, 76, 1, 0, 0.06%, 8, 0, 9, 249.92
1735619198, 38, 57, 76, 1, 0, 0.06%, 8, 0, 9, 289.71
1735619208, 38, 64, 76, 1, 0, 0.06%, 8, 0, 9, 283.59
1735619213, 38, 71, 76, 1, 0, 0.06%, 8, 0, 9, 278.60
1735619218, 39, 11, 76, 1, 0, 0.06%, 8, 0, 9, 266.36
1735619223, 39, 13, 76, 1, 0, 0.06%, 8, 0, 9, 259.81
1735619228, 39, 14, 77, 2, 0, 0.06%, 8, 0, 9, 269.88
1735619233, 39, 15, 77, 2, 0, 0.06%, 8, 0, 9, 263.71
1735619238, 39, 17, 77, 2, 0, 0.06%, 8, 0, 9, 252.09
1735619243, 39, 22, 77, 2, 0, 0.06%, 8, 0, 9, 258.89
1735619249, 39, 35, 77, 2, 0, 0.06%, 8, 0, 9, 255.54
1735619254, 39, 36, 77, 2, 0, 0.06%, 8, 0, 9, 263.43
1735619259, 39, 37, 77, 2, 0, 0.06%, 8, 0, 9, 281.96
1735619264, 39, 41, 77, 2, 0, 0.06%, 8, 0, 9, 276.70
1735619269, 39, 61, 77, 2, 0, 0.06%, 8, 0, 9, 275.96
1735619289, 40, 13, 77, 2, 0, 0.06%, 8, 0, 9, 258.16
1735619294, 40, 14, 77, 2, 0, 0.06%, 8, 0, 9, 250.56
1735619299, 40, 17, 77, 2, 0, 0.06%, 8, 0, 9, 255.93
1735619304, 40, 19, 77, 2, 0, 0.06%, 8, 0, 9, 267.35
1735619309, 40, 22, 77, 2, 0, 0.06%, 8, 0, 9, 271.92
1735619320, 40, 35, 77, 2, 0, 0.06%, 8, 0, 9, 262.62
1735619325, 40, 36, 77, 2, 0, 0.06%, 8, 0, 9, 267.69
1735619330, 40, 41, 77, 2, 0, 0.06%, 8, 0, 9, 268.36
1735619335, 40, 49, 77, 2, 0, 0.06%, 8, 0, 9, 271.21
1735619340, 41, 11, 77, 2, 0, 0.06%, 8, 0, 9, 262.19
1735619345, 41, 13, 77, 2, 0, 0.06%, 8, 0, 9, 269.36
1735619350, 41, 14, 77, 2, 0, 0.06%, 8, 0, 9, 260.91
1735619355, 41, 17, 77, 2, 0, 0.06%, 8, 0, 9, 259.89
1735619360, 41, 21, 77, 2, 0, 0.06%, 8, 0, 9, 269.50
1735619370, 41, 22, 77, 2, 0, 0.06%, 8, 0, 9, 257.08
1735619375, 41, 29, 77, 2, 0, 0.06%, 8, 0, 9, 269.19
1735619385, 41, 35, 77, 2, 0, 0.06%, 8, 0, 9, 277.93
1735619390, 41, 36, 77, 2, 0, 0.06%, 8, 0, 9, 269.20
1735619395, 41, 41, 77, 2, 0, 0.06%, 8, 0, 9, 267.59
1735619405, 41, 58, 77, 2, 0, 0.06%, 8, 0, 9, 290.16
1735619420, 41, 74, 77, 2, 0, 0.06%, 8, 0, 9, 294.92
1735619441, 41, 76, 77, 2, 0, 0.06%, 8, 0, 9, 356.67
1735619568, 42, 1, 77, 1, 0, 0.06%, 8, 0, 9, 256.85
1735619573, 42, 13, 77, 1, 0, 0.06%, 8, 0, 9, 251.91
1735619578, 42, 14, 77, 1, 0, 0.06%, 8, 0, 9, 246.98
1735619583, 42, 17, 77, 1, 0, 0.06%, 8, 0, 9, 253.12
1735619594, 42, 22, 77, 1, 0, 0.06%, 8, 0, 9, 258.88
1735619599, 42, 32, 77, 1, 0, 0.06%, 8, 0, 9, 272.31
1735619609, 42, 35, 77, 1, 0, 0.06%, 8, 0, 9, 276.16
1735619614, 42, 36, 77, 1, 0, 0.06%, 8, 0, 9, 274.35
1735619619, 42, 41, 77, 1, 0, 0.06%, 8, 0, 9, 260.46
1735619624, 42, 69, 77, 1, 0, 0.06%, 8, 0, 9, 283.90
1735619634, 42, 73, 77, 1, 0, 0.06%, 8, 0, 9, 313.27
1735619655, 43, 13, 77, 1, 0, 0.06%, 8, 0, 9, 267.88
1735619665, 43, 14, 77, 1, 0, 0.06%, 8, 0, 9, 256.73
1735619670, 43, 17, 77, 1, 0, 0.06%, 8, 0, 9, 260.83
1735619675, 43, 22, 77, 1, 0, 0.06%, 8, 0, 9, 261.34
1735619680, 43, 35, 77, 1, 0, 0.06%, 8, 0, 9, 253.23
1735619685, 43, 36, 77, 1, 0, 0.06%, 8, 0, 9, 258.20
1735619690, 43, 41, 77, 1, 0, 0.06%, 8, 0, 9, 260.06
1735619695, 43, 68, 77, 1, 0, 0.06%, 8, 0, 9, 277.41
1735619705, 44, 11, 77, 1, 0, 0.06%, 8, 0, 9, 250.56
1735619710, 44, 13, 77, 1, 0, 0.06%, 8, 0, 9, 262.88
1735619715, 44, 14, 77, 1, 0, 0.06%, 8, 0, 9, 271.72
1735619721, 44, 17, 77, 1, 0, 0.06%, 8, 0, 9, 263.80
1735619726, 44, 22, 77, 1, 0, 0.06%, 8, 0, 9, 266.36
1735619731, 44, 28, 77, 1, 0, 0.06%, 8, 0, 9, 262.14
1735619736, 44, 35, 77, 1, 0, 0.06%, 8, 0, 9, 251.57
1735619741, 44, 36, 77, 1, 0, 0.06%, 8, 0, 9, 268.73
1735619746, 44, 41, 77, 1, 0, 0.06%, 8, 0, 9, 261.77
1735619751, 44, 75, 77, 1, 0, 0.06%, 8, 0, 9, 294.33
1735619868, 45, 11, 77, 0, 0, 0.06%, 8, 0, 9, 266.64
1735619873, 45, 13, 77, 0, 0, 0.06%, 8, 0, 9, 260.21
1735619878, 45, 14, 77, 0, 0, 0.06%, 8, 0, 9, 273.78
1735619883, 45, 16, 77, 0, 0, 0.06%, 8, 0, 9, 269.21
1735619888, 45, 17, 77, 0, 0, 0.06%, 8, 0, 9, 255.31
1735619893, 45, 22, 77, 0, 0, 0.06%, 8, 0, 9, 252.55
1735619898, 45, 29, 77, 0, 0, 0.06%, 8, 0, 9, 267.98
1735619903, 45, 35, 77, 0, 0, 0.06%, 8, 0, 9, 260.60
1735619908, 45, 36, 77, 0, 0, 0.06%, 8, 0, 9, 261.49
1735619913, 45, 41, 77, 0, 0, 0.06%, 8, 0, 9, 265.79
1735619918, 45, 60, 77, 0, 0, 0.06%, 8, 0, 9, 284.81
1735619934, 45, 69, 77, 0, 0, 0.06%, 8, 0, 9, 293.09
1735619944, 46, 11, 77, 0, 0, 0.06%, 8, 0, 9, 274.03
1735619949, 46, 13, 77, 0, 0, 0.06%, 8, 0, 9, 253.34
1735619954, 46, 14, 77, 0, 0, 0.06%, 8, 0, 9, 254.28
1735619959, 46, 17, 77, 0, 0, 0.06%, 8, 0, 9, 251.30
1735619964, 46, 22, 77, 0, 0, 0.06%, 8, 0, 9, 251.52
1735619969, 46, 35, 77, 0, 0, 0.06%, 8, 0, 9, 266.57
1735619974, 46, 36, 77, 0, 0, 0.06%, 8, 0, 9, 258.98
1735619979, 46, 41, 77, 0, 0, 0.06%, 8, 0, 9, 267.85
1735619989, 47, 13, 77, 0, 0, 0.06%, 8, 0, 9, 253.70
1735619995, 47, 14, 77, 0, 0, 0.06%, 8, 0, 9, 251.08
1735620000, 47, 17, 77, 0, 0, 0.06%, 8, 0, 9, 251.24
1735620005, 47, 22, 77, 0, 0, 0.06%, 8, 0, 9, 254.37
1735620015, 47, 35, 77, 0, 0, 0.06%, 8, 0, 9, 259.58
1735620020, 47, 36, 77, 0, 0, 0.06%, 8, 0, 9, 257.23
1735620025, 47, 41, 77, 0, 0, 0.06%, 8, 0, 9, 263.98
1735620030, 48, 13, 77, 0, 0, 0.06%, 8, 0, 9, 255.87
1735620035, 48, 14, 77, 0, 0, 0.06%, 8, 0, 9, 264.28
1735620040, 48, 17, 77, 0, 0, 0.06%, 8, 0, 9, 260.77
1735620045, 48, 21, 77, 0, 0, 0.06%, 8, 0, 9, 270.41
1735620055, 48, 22, 77, 0, 0, 0.06%, 8, 0, 9, 255.25
1735620060, 48, 35, 77, 0, 0, 0.06%, 8, 0, 9, 260.90
1735620065, 48, 36, 77, 0, 0, 0.06%, 8, 0, 9, 270.13
1735620070, 48, 41, 77, 0, 0, 0.06%, 8, 0, 9, 268.41
1735620075, 48, 64, 77, 0, 0, 0.06%, 8, 0, 9, 280.23
1735620080, 49, 13, 77, 0, 0, 0.06%, 8, 0, 9, 253.49
1735620091, 49, 14, 77, 0, 0, 0.06%, 8, 0, 9, 267.61
1735620096, 49, 17, 77, 0, 0, 0.06%, 8, 0, 9, 262.45
1735620101, 49, 22, 77, 0, 0, 0.06%, 8, 0, 9, 270.40
1735620106, 49, 28, 77, 0, 0, 0.06%, 8, 0, 9, 250.72
1735620111, 49, 34, 77, 0, 0, 0.06%, 8, 0, 9, 263.83
1735620116, 49, 35, 77, 0, 0, 0.06%, 8, 0, 9, 260.52
1735620121, 49, 36, 77, 0, 0, 0.06%, 8, 0, 9, 262.10
1735620126, 49, 41, 77, 0, 0, 0.06%, 8, 0, 9, 259.96
1735620131, 50, 11, 77, 0, 0, 0.06%, 8, 0, 9, 268.48
1735620136, 50, 13, 77, 0, 0, 0.06%, 8, 0, 9, 251.56
1735620141, 50, 14, 77, 0, 0, 0.06%, 8, 0, 9, 250.09
1735620146, 50, 17, 77, 0, 0, 0.06%, 8, 0, 9, 251.80
1735620151, 50, 19, 77, 0, 0, 0.06%, 8, 0, 9, 268.69
1735620156, 50, 22, 77, 0, 0, 0.06%, 8, 0, 9, 266.07
1735620161, 50, 35, 77, 0, 0, 0.06%, 8, 0, 9, 257.29
1735620166, 50, 36, 77, 0, 0, 0.06%, 8, 0, 9, 272.25
1735620176, 50, 41, 77, 0, 0, 0.06%, 8, 0, 9, 261.04
1735620181, 50, 58, 77, 0, 0, 0.06%, 8, 0, 9, 264.71
1735620186, 50, 73, 77, 0, 0, 0.06%, 8, 0, 9, 254.84
1735620202, 50, 76, 77, 0, 0, 0.06%, 8, 0, 9, 286.72
1735620222, 51, 13, 77, 0, 0, 0.06%, 8, 0, 9, 253.77
1735620227, 51, 14, 77, 0, 0, 0.06%, 8, 0, 9, 256.72
1735620232, 51, 17, 77, 0, 0, 0.06%, 8, 0, 9, 261.80
1735620237, 51, 22, 77, 0, 0, 0.06%, 8, 0, 9, 259.82
1735620242, 51, 23, 77, 0, 0, 0.06%, 8, 0, 9, 258.84
1735620258, 51, 35, 77, 0, 0, 0.06%, 8, 0, 9, 258.70
1735620263, 51, 36, 77, 0, 0, 0.06%, 8, 0, 9, 257.18
1735620268, 51, 41, 77, 0, 0, 0.06%, 8, 0, 9, 259.43
1735620273, 51, 70, 77, 0, 0, 0.06%, 8, 0, 9, 318.09
1735620283, 52, 13, 77, 0, 0, 0.06%, 8, 0, 9, 257.22
1735620288, 52, 14, 77, 0, 0, 0.06%, 8, 0, 9, 255.56
1735620298, 52, 17, 77, 0, 0, 0.06%, 8, 0, 9, 264.01
1735620303, 52, 22, 77, 0, 0, 0.06%, 8, 0, 9, 279.12
1735620308, 52, 35, 77, 0, 0, 0.06%, 8, 0, 9, 270.65
1735620313, 52, 36, 77, 0, 0, 0.06%, 8, 0, 9, 265.83
1735620318, 52, 40, 77, 0, 0, 0.06%, 8, 0, 9, 273.03
1735620323, 52, 41, 77, 0, 0, 0.06%, 8, 0, 9, 251.16
1735620328, 53, 11, 77, 0, 0, 0.06%, 8, 0, 9, 273.31
1735620333, 53, 13, 77, 0, 0, 0.06%, 8, 0, 9, 258.17
1735620339, 53, 14, 77, 0, 0, 0.06%, 8, 0, 9, 240.11
1735620344, 53, 17, 77, 0, 0, 0.06%, 8, 0, 9, 265.81
1735620349, 53, 20, 77, 0, 0, 0.06%, 8, 0, 9, 258.83
1735620359, 53, 22, 77, 0, 0, 0.06%, 8, 0, 9, 247.80
1735620364, 53, 32, 77, 0, 0, 0.06%, 8, 0, 9, 256.29
1735620374, 53, 35, 77, 0, 0, 0.06%, 8, 0, 9, 260.06
1735620379, 53, 36, 77, 0, 0, 0.06%, 8, 0, 9, 271.72
1735620389, 53, 37, 77, 0, 0, 0.06%, 8, 0, 9, 269.69
1735620394, 53, 41, 77, 0, 0, 0.06%, 8, 0, 9, 264.60
1735620399, 54, 13, 77, 0, 0, 0.06%, 8, 0, 9, 252.72
1735620404, 54, 14, 77, 0, 0, 0.06%, 8, 0, 9, 255.06
1735620414, 54, 17, 77, 0, 0, 0.06%, 8, 0, 9, 263.43
1735620419, 54, 18, 77, 0, 0, 0.06%, 8, 0, 9, 280.29
1735620424, 54, 22, 77, 0, 0, 0.06%, 8, 0, 9, 257.41
1735620430, 54, 35, 77, 0, 0, 0.06%, 8, 0, 9, 263.95
1735620435, 54, 36, 77, 0, 0, 0.06%, 8, 0, 9, 264.20
1735620440, 54, 41, 77, 0, 0, 0.06%, 8, 0, 9, 246.48
1735620445, 54, 46, 77, 0, 0, 0.06%, 8, 0, 9, 269.82
1735620455, 55, 11, 77, 0, 0, 0.06%, 8, 0, 9, 262.52
1735620460, 55, 12, 77, 0, 0, 0.06%, 8, 0, 9, 256.42
1735620465, 55, 13, 77, 0, 0, 0.06%, 8, 0, 9, 249.45
1735620470, 55, 14, 77, 0, 0, 0.06%, 8, 0, 9, 262.32
1735620475, 55, 17, 77, 0, 0, 0.06%, 8, 0, 9, 269.18
1735620486, 55, 22, 77, 0, 0, 0.06%, 8, 0, 9, 272.49
1735620491, 55, 35, 77, 0, 0, 0.06%, 8, 0, 9, 270.98
1735620496, 55, 36, 77, 0, 0, 0.06%, 8, 0, 9, 252.49
1735620501, 55, 41, 77, 0, 0, 0.06%, 8, 0, 9, 268.33
1735620506, 55, 54, 77, 0, 0, 0.06%, 8, 0, 9, 266.34
1735620516, 55, 70, 77, 0, 0, 0.06%, 8, 0, 9, 294.23
1735620521, 55, 71, 77, 0, 0, 0.06%, 8, 0, 9, 283.16
1735620526, 56, 11, 77, 0, 0, 0.06%, 8, 0, 9, 266.91
1735620531, 56, 13, 77, 0, 0, 0.06%, 8, 0, 9, 262.15
1735620536, 56, 14, 77, 0, 0, 0.06%, 8, 0, 9, 250.85
1735620541, 56, 17, 77, 0, 0, 0.06%, 8, 0, 9, 250.63
1735620546, 56, 22, 77, 0, 0, 0.06%, 8, 0, 9, 254.22
1735620551, 56, 25, 77, 0, 0, 0.06%, 8, 0, 9, 273.72
1735620557, 56, 28, 77, 0, 0, 0.06%, 8, 0, 9, 264.21
1735620562, 56, 35, 77, 0, 0, 0.06%, 8, 0, 9, 255.13
1735620572, 56, 36, 77, 0, 0, 0.06%, 8, 0, 9, 258.80
1735620577, 56, 41, 77, 0, 0, 0.06%, 8, 0, 9, 264.46
1735620582, 57, 13, 77, 0, 0, 0.06%, 8, 0, 9, 261.20
1735620587, 57, 14, 77, 0, 0, 0.06%, 8, 0, 9, 260.79
1735620597, 57, 17, 77, 0, 0, 0.06%, 8, 0, 9, 256.25
1735620602, 57, 22, 77, 0, 0, 0.06%, 8, 0, 9, 259.01
1735620608, 57, 35, 77, 0, 0, 0.06%, 8, 0, 9, 266.04
1735620613, 57, 36, 77, 0, 0, 0.06%, 8, 0, 9, 254.83
1735620618, 57, 41, 77, 0, 0, 0.06%, 8, 0, 9, 251.91
1735620623, 57, 44, 77, 0, 0, 0.06%, 8, 0, 9, 258.88
1735620628, 57, 56, 77, 0, 0, 0.06%, 8, 0, 9, 287.48
1735620633, 58, 3, 77, 0, 0, 0.06%, 8, 0, 9, 269.62
1735620638, 58, 13, 77, 0, 0, 0.06%, 8, 0, 9, 251.71
1735620643, 58, 14, 77, 0, 0, 0.06%, 8, 0, 9, 267.49
1735620648, 58, 17, 77, 0, 0, 0.06%, 8, 0, 9, 261.29
1735620658, 58, 22, 77, 0, 0, 0.06%, 8, 0, 9, 262.18
1735620663, 58, 35, 77, 0, 0, 0.06%, 8, 0, 9, 265.10
1735620668, 58, 36, 77, 0, 0, 0.06%, 8, 0, 9, 251.10
1735620673, 58, 41, 77, 0, 0, 0.06%, 8, 0, 9, 264.35
1735620678, 58, 67, 77, 0, 0, 0.06%, 8, 0, 9, 283.73
1735620688, 58, 72, 77, 0, 0, 0.06%, 8, 0, 9, 308.67
1735620719, 59, 13, 77, 0, 0, 0.06%, 8, 0, 9, 256.36
1735620724, 59, 14, 77, 0, 0, 0.06%, 8, 0, 9, 255.93
1735620729, 59, 17, 77, 0, 0, 0.06%, 8, 0, 9, 248.64
1735620734, 59, 22, 77, 0, 0, 0.06%, 8, 0, 9, 257.11
1735620739, 59, 35, 77, 0, 0, 0.06%, 8, 0, 9, 269.32
1735620750, 59, 36, 77, 0, 0, 0.06%, 8, 0, 9, 263.44
1735620755, 59, 41, 77, 0, 0, 0.06%, 8, 0, 9, 253.51
1735620760, 59, 49, 77, 0, 0, 0.06%, 8, 0, 9, 263.21
1735620765, 59, 50, 77, 0, 0, 0.06%, 8, 0, 9, 300.87
1735620775, 59, 67, 77, 0, 0, 0.06%, 8, 0, 9, 289.24
1735620785, 60, 13, 77, 0, 0, 0.06%, 8, 0, 9, 262.19
1735620795, 60, 14, 77, 0, 0, 0.06%, 8, 0, 9, 272.29
1735620800, 60, 17, 77, 0, 0, 0.06%, 8, 0, 9, 249.80
1735620805, 60, 22, 77, 0, 0, 0.06%, 8, 0, 9, 254.05
1735620810, 60, 23, 77, 0, 0, 0.06%, 8, 0, 9, 251.96
1735620815, 60, 35, 77, 0, 0, 0.06%, 8, 0, 9, 263.70
1735620820, 60, 36, 77, 0, 0, 0.06%, 8, 0, 9, 268.67
1735620825, 60, 41, 77, 0, 0, 0.06%, 8, 0, 9, 258.32
1735620830, 60, 53, 77, 0, 0, 0.06%, 8, 0, 9, 279.22
1735620840, 60, 57, 77, 0, 0, 0.06%, 8, 0, 9, 295.88
1735620851, 60, 59, 77, 0, 0, 0.06%, 8, 0, 9, 316.03
1735620866, 60, 72, 77, 0, 0, 0.06%, 8, 0, 9, 283.19
1735620876, 61, 13, 77, 0, 0, 0.06%, 8, 0, 9, 252.71
1735620881, 61, 14, 77, 0, 0, 0.06%, 8, 0, 9, 262.27
1735620891, 61, 17, 77, 0, 0, 0.06%, 8, 0, 9, 262.61
1735620896, 61, 22, 77, 0, 0, 0.06%, 8, 0, 9, 252.23
1735620901, 61, 35, 77, 0, 0, 0.06%, 8, 0, 9, 269.31
1735620906, 61, 36, 77, 0, 0, 0.06%, 8, 0, 9, 261.52
1735620911, 61, 41, 77, 0, 0, 0.06%, 8, 0, 9, 261.17
1735620917, 61, 64, 77, 0, 0, 0.06%, 8, 0, 9, 274.99
1735620922, 62, 11, 77, 0, 0, 0.06%, 8, 0, 9, 259.68
1735620927, 62, 13, 77, 0, 0, 0.06%, 8, 0, 9, 275.00
1735620932, 62, 14, 77, 0, 0, 0.06%, 8, 0, 9, 248.61
1735620937, 62, 15, 77, 0, 0, 0.06%, 8, 0, 9, 267.00
1735620942, 62, 17, 77, 0, 0, 0.06%, 8, 0, 9, 253.98
1735620947, 62, 22, 77, 0, 0, 0.06%, 8, 0, 9, 248.54
1735620952, 62, 35, 77, 0, 0, 0.06%, 8, 0, 9, 277.01
1735620957, 62, 36, 77, 0, 0, 0.06%, 8, 0, 9, 271.94
1735620962, 62, 41, 77, 0, 0, 0.06%, 8, 0, 9, 261.47
1735620968, 62, 76, 77, 0, 0, 0.06%, 8, 0, 9, 277.31
1735620988, 63, 11, 77, 0, 0, 0.06%, 8, 0, 9, 261.77
1735620993, 63, 13, 77, 0, 0, 0.06%, 8, 0, 9, 254.24
1735620998, 63, 14, 77, 0, 0, 0.06%, 8, 0, 9, 266.06
1735621003, 63, 17, 77, 0, 0, 0.06%, 8, 0, 9, 251.19
1735621008, 63, 22, 77, 0, 0, 0.06%, 8, 0, 9, 256.87
1735621013, 63, 35, 77, 0, 0, 0.06%, 8, 0, 9, 253.63
1735621018, 63, 36, 77, 0, 0, 0.06%, 8, 0, 9, 254.79
1735621023, 63, 41, 77, 0, 0, 0.06%, 8, 0, 9, 271.09
1735621033, 64, 12, 77, 0, 0, 0.06%, 8, 0, 9, 247.98
1735621038, 64, 13, 77, 0, 0, 0.06%, 8, 0, 9, 253.82
1735621043, 64, 14, 77, 0, 0, 0.06%, 8, 0, 9, 257.89
1735621048, 64, 17, 77, 0, 0, 0.06%, 8, 0, 9, 248.29
1735621053, 64, 18, 77, 0, 0, 0.06%, 8, 0, 9, 258.53
1735621058, 64, 22, 77, 0, 0, 0.06%, 8, 0, 9, 255.26
1735621064, 64, 35, 77, 0, 0, 0.06%, 8, 0, 9, 270.41
1735621074, 64, 36, 77, 0, 0, 0.06%, 8, 0, 9, 250.29
1735621079, 64, 41, 77, 0, 0, 0.06%, 8, 0, 9, 250.41
1735621084, 64, 62, 77, 0, 0, 0.06%, 8, 0, 9, 302.64
1735621099, 65, 11, 77, 0, 0, 0.06%, 8, 0, 9, 268.01
1735621104, 65, 13, 77, 0, 0, 0.06%, 8, 0, 9, 251.07
1735621115, 65, 14, 77, 0, 0, 0.06%, 8, 0, 9, 255.75
1735621120, 65, 17, 77, 0, 0, 0.06%, 8, 0, 9, 251.60
1735621125, 65, 22, 77, 0, 0, 0.06%, 8, 0, 9, 266.12
1735621130, 65, 23, 77, 0, 0, 0.06%, 8, 0, 9, 265.67
1735621135, 65, 24, 77, 0, 0, 0.06%, 8, 0, 9, 265.04
1735621140, 65, 34, 77, 0, 0, 0.06%, 8, 0, 9, 256.01
1735621145, 65, 35, 77, 0, 0, 0.06%, 8, 0, 9, 264.98
1735621150, 65, 36, 77, 0, 0, 0.06%, 8, 0, 9, 259.00
1735621155, 65, 41, 77, 0, 0, 0.06%, 8, 0, 9, 264.85
1735621160, 65, 53, 77, 0, 0, 0.06%, 8, 0, 9, 267.17
1735621171, 66, 1, 77, 0, 0, 0.06%, 8, 0, 9, 266.46
1735621176, 66, 13, 77, 0, 0, 0.06%, 8, 0, 9, 239.09
1735621181, 66, 14, 77, 0, 0, 0.06%, 8, 0, 9, 253.05
1735621186, 66, 17, 77, 0, 0, 0.06%, 8, 0, 9, 247.07
1735621191, 66, 22, 77, 0, 0, 0.06%, 8, 0, 9, 257.91
1735621196, 66, 35, 77, 0, 0, 0.06%, 8, 0, 9, 255.73
1735621206, 66, 36, 77, 0, 0, 0.06%, 8, 0, 9, 267.99
1735621211, 66, 41, 77, 0, 0, 0.06%, 8, 0, 9, 260.04
1735621216, 67, 13, 77, 0, 0, 0.06%, 8, 0, 9, 251.91
1735621221, 67, 14, 77, 0, 0, 0.06%, 8, 0, 9, 262.72
1735621231, 67, 17, 77, 0, 0, 0.06%, 8, 0, 9, 266.05
1735621236, 67, 22, 77, 0, 0, 0.06%, 8, 0, 9, 250.47
1735621241, 67, 27, 77, 0, 0, 0.06%, 8, 0, 9, 265.10
1735621247, 67, 35, 77, 0, 0, 0.06%, 8, 0, 9, 266.45
1735621252, 67, 36, 77, 0, 0, 0.06%, 8, 0, 9, 261.02
1735621257, 67, 41, 77, 0, 0, 0.06%, 8, 0, 9, 258.17
1735621262, 67, 42, 77, 0, 0, 0.06%, 8, 0, 9, 267.33
1735621267, 67, 49, 77, 0, 0, 0.06%, 8, 0, 9, 276.89
1735621272, 68, 8, 77, 0, 0, 0.06%, 8, 0, 9, 267.84
1735621277, 68, 13, 77, 0, 0, 0.06%, 8, 0, 9, 237.69
1735621282, 68, 14, 77, 0, 0, 0.06%, 8, 0, 9, 241.67
1735621287, 68, 17, 77, 0, 0, 0.06%, 8, 0, 9, 254.83
1735621292, 68, 22, 77, 0, 0, 0.06%, 8, 0, 9, 251.91
1735621302, 68, 35, 77, 0, 0, 0.06%, 8, 0, 9, 256.94
1735621307, 68, 36, 77, 0, 0, 0.06%, 8, 0, 9, 273.81
1735621313, 68, 41, 77, 0, 0, 0.06%, 8, 0, 9, 267.79
1735621318, 68, 44, 77, 0, 0, 0.06%, 8, 0, 9, 263.18
1735621323, 68, 49, 77, 0, 0, 0.06%, 8, 0, 9, 276.52
1735621328, 68, 61, 77, 0, 0, 0.06%, 8, 0, 9, 283.62
1735621333, 69, 11, 77, 0, 0, 0.06%, 8, 0, 9, 266.89
1735621338, 69, 13, 77, 0, 0, 0.06%, 8, 0, 9, 248.63
1735621343, 69, 14, 77, 0, 0, 0.06%, 8, 0, 9, 244.97
1735621348, 69, 17, 77, 0, 0, 0.06%, 8, 0, 9, 245.64
1735621353, 69, 22, 77, 0, 0, 0.06%, 8, 0, 9, 256.42
1735621358, 69, 25, 77, 0, 0, 0.06%, 8, 0, 9, 265.79
1735621369, 69, 35, 77, 0, 0, 0.06%, 8, 0, 9, 253.59
1735621374, 69, 36, 77, 0, 0, 0.06%, 8, 0, 9, 269.01
1735621379, 69, 41, 77, 0, 0, 0.06%, 8, 0, 9, 261.87
1735621384, 69, 65, 77, 0, 0, 0.06%, 8, 0, 9, 275.58
1735621389, 69, 67, 77, 0, 0, 0.06%, 8, 0, 9, 280.21
1735621394, 70, 11, 77, 0, 0, 0.06%, 8, 0, 9, 248.66
1735621399, 70, 13, 77, 0, 0, 0.06%, 8, 0, 9, 243.70
1735621404, 70, 14, 77, 0, 0, 0.06%, 8, 0, 9, 250.30
1735621409, 70, 17, 77, 0, 0, 0.06%, 8, 0, 9, 255.36
1735621414, 70, 20, 77, 0, 0, 0.06%, 8, 0, 9, 264.93
1735621429, 70, 22, 77, 0, 0, 0.06%, 8, 0, 9, 261.99
1735621434, 70, 35, 77, 0, 0, 0.06%, 8, 0, 9, 272.50
1735621439, 70, 36, 77, 0, 0, 0.06%, 8, 0, 9, 257.96
1735621445, 70, 41, 77, 0, 0, 0.06%, 8, 0, 9, 257.45
1735621450, 70, 43, 77, 0, 0, 0.06%, 8, 0, 9, 291.64
1735621455, 70, 45, 77, 0, 0, 0.06%, 8, 0, 9, 283.34
1735621460, 70, 75, 77, 0, 0, 0.06%, 8, 0, 9, 281.04
1735621480, 71, 8, 77, 0, 0, 0.06%, 8, 0, 9, 252.87
1735621485, 71, 13, 77, 0, 0, 0.06%, 8, 0, 9, 259.25
1735621495, 71, 14, 77, 0, 0, 0.06%, 8, 0, 9, 255.46
1735621500, 71, 17, 77, 0, 0, 0.06%, 8, 0, 9, 258.33
1735621505, 71, 22, 77, 0, 0, 0.06%, 8, 0, 9, 256.33
1735621510, 71, 35, 77, 0, 0, 0.06%, 8, 0, 9, 260.07
1735621515, 71, 36, 77, 0, 0, 0.06%, 8, 0, 9, 266.50
1735621520, 71, 41, 77, 0, 0, 0.06%, 8, 0, 9, 255.42
1735621525, 71, 42, 77, 0, 0, 0.06%, 8, 0, 9, 279.23
1735621531, 71, 63, 77, 0, 0, 0.06%, 8, 0, 9, 305.26
1735621536, 71, 67, 77, 0, 0, 0.06%, 8, 0, 9, 297.43
1735621546, 71, 73, 77, 0, 0, 0.06%, 8, 0, 9, 312.39
1735621556, 71, 76, 77, 0, 0, 0.06%, 8, 0, 9, 296.27
1735621576, 72, 11, 77, 0, 0, 0.06%, 8, 0, 9, 253.21
1735621581, 72, 13, 77, 0, 0, 0.06%, 8, 0, 9, 265.89
1735621586, 72, 14, 77, 0, 0, 0.06%, 8, 0, 9, 263.17
1735621591, 72, 17, 77, 0, 0, 0.06%, 8, 0, 9, 243.30
1735621596, 72, 19, 77, 0, 0, 0.06%, 8, 0, 9, 267.63
1735621601, 72, 22, 77, 0, 0, 0.06%, 8, 0, 9, 263.22
1735621607, 72, 35, 77, 0, 0, 0.06%, 8, 0, 9, 260.70
1735621612, 72, 36, 77, 0, 0, 0.06%, 8, 0, 9, 268.14
1735621617, 72, 41, 77, 0, 0, 0.06%, 8, 0, 9, 257.26
1735621622, 72, 55, 77, 0, 0, 0.06%, 8, 0, 9, 251.64
1735621632, 72, 63, 77, 0, 0, 0.06%, 8, 0, 9, 281.80
1735621637, 72, 67, 77, 0, 0, 0.06%, 8, 0, 9, 270.28
1735621642, 72, 72, 77, 0, 0, 0.06%, 8, 0, 9, 291.74
1735621652, 73, 13, 77, 0, 0, 0.06%, 8, 0, 9, 256.61
1735621657, 73, 14, 77, 0, 0, 0.06%, 8, 0, 9, 248.52
1735621667, 73, 17, 77, 0, 0, 0.06%, 8, 0, 9, 264.93
1735621672, 73, 22, 77, 0, 0, 0.06%, 8, 0, 9, 251.14
1735621677, 73, 35, 77, 0, 0, 0.06%, 8, 0, 9, 256.17
1735621683, 73, 36, 77, 0, 0, 0.06%, 8, 0, 9, 257.91
1735621688, 73, 41, 77, 0, 0, 0.06%, 8, 0, 9, 258.54
1735621693, 73, 56, 77, 0, 0, 0.06%, 8, 0, 9, 288.16
1735621698, 73, 59, 77, 0, 0, 0.06%, 8, 0, 9, 286.50
1735621708, 73, 70, 77, 0, 0, 0.06%, 8, 0, 9, 282.98
1735621713, 74, 12, 77, 0, 0, 0.06%, 8, 0, 9, 259.69
1735621718, 74, 13, 77, 0, 0, 0.06%, 8, 0, 9, 249.77
1735621723, 74, 14, 77, 0, 0, 0.06%, 8, 0, 9, 249.17
1735621728, 74, 17, 77, 0, 0, 0.06%, 8, 0, 9, 267.95
1735621733, 74, 22, 77, 0, 0, 0.06%, 8, 0, 9, 268.26
1735621744, 74, 35, 77, 0, 0, 0.06%, 8, 0, 9, 277.32
1735621749, 74, 36, 77, 0, 0, 0.06%, 8, 0, 9, 269.90
1735621754, 74, 41, 77, 0, 0, 0.06%, 8, 0, 9, 262.92
1735621759, 74, 54, 77, 0, 0, 0.06%, 8, 0, 9, 263.64
1735621769, 75, 13, 77, 0, 0, 0.06%, 8, 0, 9, 261.71
1735621774, 75, 14, 77, 0, 0, 0.06%, 8, 0, 9, 270.47
1735621779, 75, 17, 77, 0, 0, 0.06%, 8, 0, 9, 267.12
1735621789, 75, 22, 77, 0, 0, 0.06%, 8, 0, 9, 268.16
1735621794, 75, 28, 77, 0, 0, 0.06%, 8, 0, 9, 271.11
1735621799, 75, 35, 77, 0, 0, 0.06%, 8, 0, 9, 264.82
1735621804, 75, 36, 77, 0, 0, 0.06%, 8, 0, 9, 266.21
1735621809, 75, 37, 77, 0, 0, 0.06%, 8, 0, 9, 281.91
1735621814, 75, 41, 77, 0, 0, 0.06%, 8, 0, 9, 280.84
1735621819, 75, 55, 77, 0, 0, 0.06%, 8, 0, 9, 263.97
1735621824, 75, 70, 77, 0, 0, 0.06%, 8, 0, 9, 285.64
1735621829, 76, 11, 77, 0, 0, 0.06%, 8, 0, 9, 256.52
1735621834, 76, 13, 77, 0, 0, 0.06%, 8, 0, 9, 250.77
1735621839, 76, 14, 77, 0, 0, 0.06%, 8, 0, 9, 249.73
1735621845, 76, 17, 77, 0, 0, 0.06%, 8, 0, 9, 250.78
1735621850, 76, 19, 77, 0, 0, 0.06%, 8, 0, 9, 271.61
1735621855, 76, 21, 77, 0, 0, 0.06%, 8, 0, 9, 268.95
1735621860, 76, 22, 77, 0, 0, 0.06%, 8, 0, 9, 256.69
1735621865, 76, 35, 77, 0, 0, 0.06%, 8, 0, 9, 261.54
1735621875, 76, 36, 77, 0, 0, 0.06%, 8, 0, 9, 260.94
1735621880, 76, 41, 77, 0, 0, 0.06%, 8, 0, 9, 263.59
1735621885, 76, 49, 77, 0, 0, 0.06%, 8, 0, 9, 272.23
1735621890, 76, 53, 77, 0, 0, 0.06%, 8, 0, 9, 266.49
1735621895, 76, 54, 77, 0, 0, 0.06%, 8, 0, 9, 273.84
1735621900, 77, 11, 77, 0, 0, 0.06%, 8, 0, 9, 251.02
1735621905, 77, 13, 77, 0, 0, 0.06%, 8, 0, 9, 260.86
1735621910, 77, 14, 77, 0, 0, 0.06%, 8, 0, 9, 262.14
1735621915, 77, 17, 77, 0, 0, 0.06%, 8, 0, 9, 248.43
1735621921, 77, 22, 77, 0, 0, 0.06%, 8, 0, 9, 247.11
1735621926, 77, 27, 77, 0, 0, 0.06%, 8, 0, 9, 262.35
1735621931, 77, 35, 77, 0, 0, 0.06%, 8, 0, 9, 257.96
1735621936, 77, 36, 77, 0, 0, 0.06%, 8, 0, 9, 253.38
1735621941, 77, 41, 77, 0, 0, 0.06%, 8, 0, 9, 249.13
1735621951, 77, 45, 77, 0, 0, 0.06%, 8, 0, 9, 271.76
1735621956, 77, 47, 77, 0, 0, 0.06%, 8, 0, 9, 250.18
1735621966, 77, 55, 77, 0, 0, 0.06%, 8, 0, 9, 249.12
1735621971, 77, 75, 77, 0, 0, 0.06%, 8, 0, 9, 278.84
1735621992, 78, 11, 77, 0, 0, 0.06%, 8, 0, 9, 254.04
1735621997, 78, 13, 77, 0, 0, 0.06%, 8, 0, 9, 260.13
1735622002, 78, 14, 77, 0, 0, 0.06%, 8, 0, 9, 257.44
1735622007, 78, 17, 77, 0, 0, 0.06%, 8, 0, 9, 239.67
1735622012, 78, 20, 77, 0, 0, 0.06%, 8, 0, 9, 262.85
1735622017, 78, 22, 77, 0, 0, 0.06%, 8, 0, 9, 254.03
1735622022, 78, 26, 77, 0, 0, 0.06%, 8, 0, 9, 260.32
1735622037, 78, 30, 77, 0, 0, 0.06%, 8, 0, 9, 259.05
1735622042, 78, 35, 77, 0, 0, 0.06%, 8, 0, 9, 266.14
1735622047, 78, 36, 77, 0, 0, 0.06%, 8, 0, 9, 278.60
1735622052, 78, 41, 77, 0, 0, 0.06%, 8, 0, 9, 278.23
1735622058, 78, 48, 77, 0, 0, 0.06%, 8, 0, 9, 268.97
1735622068, 78, 49, 77, 0, 0, 0.06%, 8, 0, 9, 274.75
1735622073, 79, 11, 77, 0, 0, 0.06%, 8, 0, 9, 259.62
1735622078, 79, 13, 77, 0, 0, 0.06%, 8, 0, 9, 258.46
1735622083, 79, 14, 77, 0, 0, 0.06%, 8, 0, 9, 252.19
1735622088, 79, 17, 77, 0, 0, 0.06%, 8, 0, 9, 248.89
1735622093, 79, 22, 77, 0, 0, 0.06%, 8, 0, 9, 251.56
1735622098, 79, 33, 77, 0, 0, 0.06%, 8, 0, 9, 281.79
1735622109, 79, 35, 77, 0, 0, 0.06%, 8, 0, 9, 259.91
1735622114, 79, 36, 77, 0, 0, 0.06%, 8, 0, 9, 260.23
1735622119, 79, 38, 77, 0, 0, 0.06%, 8, 0, 9, 262.65
1735622129, 79, 41, 77, 0, 0, 0.06%, 8, 0, 9, 256.04
1735622134, 79, 63, 77, 0, 0, 0.06%, 8, 0, 9, 280.91
1735622139, 79, 76, 77, 0, 0, 0.06%, 8, 0, 9, 298.95
1735622154, 80, 3, 77, 0, 0, 0.06%, 8, 0, 9, 249.79
1735622159, 80, 13, 77, 0, 0, 0.06%, 8, 0, 9, 247.12
1735622164, 80, 14, 77, 0, 0, 0.06%, 8, 0, 9, 260.42
1735622169, 80, 17, 77, 0, 0, 0.06%, 8, 0, 9, 273.23
1735622179, 80, 22, 77, 0, 0, 0.06%, 8, 0, 9, 270.59
1735622185, 80, 27, 77, 0, 0, 0.06%, 8, 0, 9, 272.34
1735622190, 80, 30, 77, 0, 0, 0.06%, 8, 0, 9, 255.09
1735622195, 80, 35, 77, 0, 0, 0.06%, 8, 0, 9, 264.09
1735622200, 80, 36, 77, 0, 0, 0.06%, 8, 0, 9, 265.91
1735622205, 80, 41, 77, 0, 0, 0.06%, 8, 0, 9, 258.99
1735622210, 80, 45, 77, 0, 0, 0.06%, 8, 0, 9, 284.31
1735622215, 81, 13, 77, 0, 0, 0.06%, 8, 0, 9, 265.42
1735622225, 81, 14, 77, 0, 0, 0.06%, 8, 0, 9, 261.96
1735622231, 81, 17, 77, 0, 0, 0.06%, 8, 0, 9, 257.07
1735622236, 81, 22, 77, 0, 0, 0.06%, 8, 0, 9, 256.46
1735622241, 81, 29, 77, 0, 0, 0.06%, 8, 0, 9, 264.58
1735622246, 81, 35, 77, 0, 0, 0.06%, 8, 0, 9, 265.48
1735622251, 81, 36, 77, 0, 0, 0.06%, 8, 0, 9, 262.66
1735622256, 81, 41, 77, 0, 0, 0.06%, 8, 0, 9, 256.42
1735622261, 81, 58, 77, 0, 0, 0.06%, 8, 0, 9, 273.67
1735622271, 81, 73, 77, 0, 0, 0.06%, 8, 0, 9, 292.27
1735622281, 82, 13, 77, 0, 0, 0.06%, 8, 0, 9, 251.75
1735622286, 82, 14, 77, 0, 0, 0.06%, 8, 0, 9, 256.40
1735622291, 82, 17, 77, 0, 0, 0.06%, 8, 0, 9, 256.74
1735622297, 82, 22, 77, 0, 0, 0.06%, 8, 0, 9, 268.83
1735622302, 82, 35, 77, 0, 0, 0.06%, 8, 0, 9, 262.99
1735622312, 82, 36, 77, 0, 0, 0.06%, 8, 0, 9, 266.20
1735622317, 82, 38, 77, 0, 0, 0.06%, 8, 0, 9, 259.39
1735622322, 82, 41, 77, 0, 0, 0.06%, 8, 0, 9, 268.29
1735622327, 82, 50, 77, 0, 0, 0.06%, 8, 0, 9, 289.04
1735622332, 82, 75, 77, 0, 0, 0.06%, 8, 0, 9, 295.40
1735622352, 83, 11, 77, 0, 0, 0.06%, 8, 0, 9, 260.27
1735622358, 83, 12, 77, 0, 0, 0.06%, 8, 0, 9, 271.72
1735622363, 83, 13, 77, 0, 0, 0.06%, 8, 0, 9, 257.88
1735622368, 83, 14, 77, 0, 0, 0.06%, 8, 0, 9, 262.41
1735622373, 83, 17, 77, 0, 0, 0.06%, 8, 0, 9, 270.84
1735622378, 83, 22, 77, 0, 0, 0.06%, 8, 0, 9, 277.07
1735622383, 83, 35, 77, 0, 0, 0.06%, 8, 0, 9, 262.71
1735622388, 83, 36, 77, 0, 0, 0.06%, 8, 0, 9, 260.96
1735622393, 83, 39, 77, 0, 0, 0.06%, 8, 0, 9, 273.28
1735622403, 83, 41, 77, 0, 0, 0.06%, 8, 0, 9, 258.88
1735622408, 83, 57, 77, 0, 0, 0.06%, 8, 0, 9, 289.53
1735622413, 84, 11, 77, 0, 0, 0.06%, 8, 0, 9, 267.47
1735622418, 84, 13, 77, 0, 0, 0.06%, 8, 0, 9, 248.79
1735622423, 84, 14, 77, 0, 0, 0.06%, 8, 0, 9, 235.33
1735622428, 84, 16, 77, 0, 0, 0.06%, 8, 0, 9, 258.66
1735622433, 84, 17, 77, 0, 0, 0.06%, 8, 0, 9, 246.97
1735622438, 84, 22, 77, 0, 0, 0.06%, 8, 0, 9, 254.66
1735622448, 84, 35, 77, 0, 0, 0.06%, 8, 0, 9, 266.07
1735622454, 84, 36, 77, 0, 0, 0.06%, 8, 0, 9, 265.58
1735622459, 84, 40, 77, 0, 0, 0.06%, 8, 0, 9, 260.61
1735622464, 84, 41, 77, 0, 0, 0.06%, 8, 0, 9, 265.48
1735622469, 84, 59, 77, 0, 0, 0.06%, 8, 0, 9, 290.44
1735622474, 85, 11, 77, 0, 0, 0.06%, 8, 0, 9, 263.15
1735622479, 85, 13, 77, 0, 0, 0.06%, 8, 0, 9, 257.11
1735622484, 85, 14, 77, 0, 0, 0.06%, 8, 0, 9, 254.55
1735622489, 85, 15, 77, 0, 0, 0.06%, 8, 0, 9, 261.80
