# unix_time, cycles_done, cur_path, paths_total, pending_total, pending_favs, map_size, unique_crashes, unique_hangs, max_depth, execs_per_sec
1734735533, 0, 0, 10, 10, 1, 0.00%, 0, 0, 1, 162.60
1734735543, 0, 1, 10, 9, 0, 0.00%, 0, 0, 1, 198.44
1734735554, 0, 2, 10, 8, 0, 0.00%, 0, 0, 1, 195.02
1734735559, 0, 3, 10, 7, 0, 0.00%, 0, 0, 1, 175.66
1734735569, 0, 4, 10, 6, 0, 0.00%, 0, 0, 1, 192.74
1734735574, 0, 5, 10, 5, 0, 0.00%, 0, 0, 1, 178.71
1734735584, 0, 6, 10, 4, 0, 0.00%, 0, 0, 1, 196.91
1734735589, 0, 7, 10, 3, 0, 0.00%, 0, 0, 1, 183.85
1734735600, 0, 8, 10, 2, 0, 0.00%, 0, 0, 1, 193.56
1734735605, 0, 9, 10, 1, 0, 0.00%, 0, 0, 1, 187.34
1734735615, 1, 0, 10, 0, 0, 0.00%, 0, 0, 1, 192.33
1734735620, 1, 2, 10, 0, 0, 0.00%, 0, 0, 1, 195.26
1734735625, 1, 3, 10, 0, 0, 0.00%, 0, 0, 1, 194.95
1734735630, 1, 4, 10, 0, 0, 0.00%, 0, 0, 1, 193.27
1734735636, 1, 6, 10, 0, 0, 0.00%, 0, 0, 1, 190.21
1734735641, 1, 7, 10, 0, 0, 0.00%, 0, 0, 1, 192.38
1734735646, 1, 8, 10, 0, 0, 0.00%, 0, 0, 1, 190.39
1734735651, 2, 0, 10, 0, 0, 0.00%, 0, 0, 1, 190.12
1734735656, 2, 1, 10, 0, 0, 0.00%, 0, 0, 1, 193.00
1734735661, 2, 2, 10, 0, 0, 0.00%, 0, 0, 1, 196.05
1734735666, 2, 4, 10, 0, 0, 0.00%, 0, 0, 1, 197.47
1734735672, 2, 5, 10, 0, 0, 0.00%, 0, 0, 1, 192.46
1734735677, 2, 6, 10, 0, 0, 0.00%, 0, 0, 1, 195.76
1734735682, 2, 8, 10, 0, 0, 0.00%, 0, 0, 1, 196.66
1734735687, 2, 9, 10, 0, 0, 0.00%, 0, 0, 1, 193.96
1734735692, 3, 1, 10, 0, 0, 0.00%, 0, 0, 1, 192.43
1734735697, 3, 2, 10, 0, 0, 0.00%, 0, 0, 1, 190.16
1734735703, 3, 3, 10, 0, 0, 0.00%, 0, 0, 1, 191.46
1734735708, 3, 5, 10, 0, 0, 0.00%, 0, 0, 1, 196.53
1734735713, 3, 10, 11, 1, 1, 0.05%, 1, 0, 2, 205.66
1734735718, 3, 10, 13, 3, 1, 0.05%, 3, 0, 3, 207.77
1734735789, 3, 10, 14, 4, 1, 0.05%, 3, 0, 3, 206.07
1734735794, 3, 11, 17, 6, 2, 0.06%, 6, 0, 4, 220.41
1734735799, 3, 11, 18, 7, 2, 0.06%, 6, 0, 4, 213.46
1734735825, 3, 11, 19, 8, 2, 0.06%, 7, 0, 4, 208.90
1734735830, 3, 11, 20, 9, 2, 0.06%, 7, 0, 4, 208.84
1734735901, 3, 11, 21, 10, 2, 0.06%, 7, 0, 4, 204.82
1734735906, 3, 11, 23, 12, 2, 0.06%, 7, 0, 4, 212.96
1734735921, 3, 13, 25, 13, 5, 0.06%, 9, 0, 4, 246.67
1734735936, 3, 13, 26, 14, 5, 0.06%, 9, 0, 4, 218.02
1734735941, 3, 13, 27, 15, 5, 0.06%, 9, 0, 4, 208.35
1734735971, 3, 13, 28, 16, 5, 0.06%, 9, 0, 4, 215.22
1734735977, 3, 13, 29, 17, 5, 0.06%, 9, 0, 4, 213.88
1734736027, 3, 13, 30, 18, 5, 0.06%, 9, 0, 4, 217.99
1734736047, 3, 14, 30, 17, 6, 0.06%, 9, 0, 4, 246.03
1734736088, 3, 15, 30, 16, 5, 0.06%, 9, 0, 4, 235.82
1734736133, 3, 16, 30, 15, 4, 0.06%, 9, 0, 4, 230.28
1734736138, 3, 16, 31, 16, 4, 0.06%, 9, 0, 5, 216.25
1734736143, 3, 16, 32, 17, 4, 0.06%, 9, 0, 5, 216.24
1734736255, 3, 16, 34, 19, 4, 0.06%, 9, 0, 5, 235.77
1734736265, 3, 18, 34, 18, 3, 0.06%, 9, 0, 5, 246.62
1734736270, 3, 18, 35, 19, 3, 0.06%, 9, 0, 5, 231.79
1734736332, 3, 23, 35, 18, 2, 0.06%, 9, 0, 5, 240.49
1734736342, 3, 23, 36, 19, 2, 0.06%, 9, 0, 5, 227.68
1734736382, 3, 23, 37, 20, 2, 0.06%, 9, 0, 5, 224.43
1734736403, 3, 23, 38, 21, 2, 0.06%, 9, 0, 5, 222.60
1734736458, 3, 24, 39, 21, 1, 0.06%, 9, 0, 5, 260.53
1734736463, 3, 24, 40, 22, 1, 0.06%, 9, 0, 5, 236.64
1734736515, 3, 24, 45, 27, 1, 0.06%, 9, 0, 5, 232.09
1734736520, 3, 24, 48, 30, 1, 0.06%, 9, 0, 5, 254.37
1734736530, 3, 27, 51, 32, 0, 0.06%, 9, 0, 5, 286.40
1734736540, 3, 27, 52, 33, 0, 0.06%, 9, 0, 5, 235.39
1734736575, 3, 27, 53, 34, 0, 0.06%, 9, 0, 5, 274.97
1734736580, 3, 29, 53, 33, 0, 0.06%, 9, 0, 5, 291.35
1734736601, 3, 29, 55, 35, 0, 0.06%, 9, 0, 5, 270.57
1734736606, 3, 29, 59, 39, 0, 0.06%, 9, 0, 5, 263.19
1734736611, 3, 30, 59, 38, 0, 0.06%, 9, 0, 5, 257.02
1734736641, 3, 33, 59, 37, 0, 0.06%, 9, 0, 5, 303.92
1734736672, 3, 35, 59, 36, 0, 0.06%, 9, 0, 5, 213.81
1734737046, 3, 35, 60, 37, 0, 0.06%, 9, 0, 6, 344.46
1734737067, 3, 44, 60, 36, 0, 0.06%, 9, 0, 6, 297.53
1734737092, 3, 44, 61, 37, 0, 0.06%, 9, 0, 6, 265.65
1734737097, 3, 45, 61, 36, 0, 0.06%, 9, 0, 6, 324.92
1734737122, 3, 47, 61, 35, 0, 0.06%, 9, 0, 6, 254.37
1734737178, 3, 47, 62, 36, 0, 0.06%, 9, 0, 6, 282.90
1734737193, 3, 47, 63, 37, 0, 0.06%, 9, 0, 6, 278.12
1734737234, 3, 49, 63, 36, 0, 0.06%, 9, 0, 6, 354.78
1734737259, 3, 56, 63, 35, 0, 0.06%, 9, 0, 6, 317.38
1734737284, 3, 56, 64, 36, 0, 0.06%, 9, 0, 6, 443.55
1734737366, 3, 63, 64, 35, 0, 0.06%, 9, 0, 6, 314.91
1734737458, 3, 63, 65, 36, 0, 0.06%, 9, 0, 7, 300.11
1734737468, 3, 64, 65, 35, 0, 0.06%, 9, 0, 7, 429.38
1734737494, 4, 10, 65, 34, 0, 0.06%, 9, 0, 7, 273.28
1734737499, 4, 11, 65, 34, 0, 0.06%, 9, 0, 7, 281.86
1734737504, 4, 14, 65, 34, 0, 0.06%, 9, 0, 7, 266.53
1734737514, 4, 15, 65, 34, 0, 0.06%, 9, 0, 7, 275.16
1734737524, 4, 16, 65, 34, 0, 0.06%, 9, 0, 7, 262.24
1734737534, 4, 17, 65, 34, 0, 0.06%, 9, 0, 7, 304.33
1734737559, 4, 18, 65, 33, 0, 0.06%, 9, 0, 7, 270.72
1734737570, 4, 19, 65, 33, 0, 0.06%, 9, 0, 7, 370.73
1734737580, 4, 19, 66, 34, 0, 0.06%, 9, 0, 7, 267.90
1734737615, 4, 20, 66, 33, 0, 0.06%, 9, 0, 7, 299.50
1734737641, 4, 23, 66, 32, 0, 0.06%, 9, 0, 7, 272.72
1734737651, 4, 24, 66, 32, 0, 0.06%, 9, 0, 7, 264.39
1734737661, 4, 31, 66, 32, 0, 0.06%, 9, 0, 7, 375.78
1734737697, 4, 33, 66, 31, 0, 0.06%, 9, 0, 7, 274.62
1734737707, 4, 46, 66, 31, 0, 0.06%, 9, 0, 7, 330.26
1734737737, 4, 50, 66, 30, 0, 0.06%, 9, 0, 7, 375.22
1734737762, 4, 58, 66, 29, 0, 0.06%, 9, 0, 7, 235.68
1734738442, 4, 58, 67, 30, 0, 0.06%, 9, 0, 7, 435.92
1734743767, 4, 62, 67, 29, 0, 0.06%, 9, 0, 7, 228.09
1734743859, 4, 62, 68, 30, 0, 0.06%, 9, 0, 7, 429.29
1734744487, 5, 5, 68, 29, 0, 0.06%, 9, 0, 7, 273.15
1734744492, 5, 11, 68, 29, 0, 0.06%, 9, 0, 7, 276.57
1734744497, 5, 14, 68, 29, 0, 0.06%, 9, 0, 7, 289.82
1734744507, 5, 15, 68, 29, 0, 0.06%, 9, 0, 7, 257.41
1734744518, 5, 16, 68, 29, 0, 0.06%, 9, 0, 7, 250.23
1734744528, 5, 18, 68, 29, 0, 0.06%, 9, 0, 7, 263.79
1734744538, 5, 21, 68, 29, 0, 0.06%, 9, 0, 7, 386.27
1734744569, 5, 23, 68, 28, 0, 0.06%, 9, 0, 7, 261.85
1734744579, 5, 24, 68, 28, 0, 0.06%, 9, 0, 7, 271.12
1734744589, 5, 32, 68, 28, 0, 0.06%, 9, 0, 7, 294.60
1734744615, 5, 38, 68, 27, 0, 0.06%, 9, 0, 7, 307.36
1734744640, 5, 41, 68, 26, 0, 0.06%, 9, 0, 7, 286.40
1734744681, 5, 42, 68, 25, 0, 0.06%, 9, 0, 7, 363.27
1734744711, 5, 53, 68, 24, 0, 0.06%, 9, 0, 7, 348.58
1734744818, 5, 54, 68, 23, 0, 0.06%, 9, 0, 7, 229.41
1734747264, 5, 61, 68, 22, 0, 0.06%, 9, 0, 7, 380.58
1734747361, 5, 64, 68, 21, 0, 0.06%, 9, 0, 7, 286.96
1734747366, 5, 64, 69, 22, 0, 0.06%, 9, 0, 8, 310.35
1734747371, 5, 68, 69, 22, 0, 0.06%, 9, 0, 8, 227.58
1734747381, 5, 68, 70, 23, 0, 0.06%, 9, 0, 9, 295.58
