# unix_time, cycles_done, cur_path, paths_total, pending_total, pending_favs, map_size, unique_crashes, unique_hangs, max_depth, execs_per_sec
1733632570, 0, 0, 10, 10, 1, 0.00%, 0, 0, 1, 158.73
1733632575, 0, 4, 10, 10, 1, 0.00%, 0, 0, 1, 185.58
1733632580, 0, 5, 10, 9, 0, 0.00%, 0, 0, 1, 169.12
1733632590, 0, 6, 10, 8, 0, 0.00%, 0, 0, 1, 184.91
1733632595, 0, 7, 10, 7, 0, 0.00%, 0, 0, 1, 175.88
1733632606, 0, 8, 10, 6, 0, 0.00%, 0, 0, 1, 186.88
1733632611, 0, 9, 10, 5, 0, 0.00%, 0, 0, 1, 181.19
1733632621, 1, 0, 10, 4, 0, 0.00%, 0, 0, 1, 170.33
1733632631, 1, 1, 10, 3, 0, 0.00%, 0, 0, 1, 175.47
1733632642, 1, 2, 10, 2, 0, 0.00%, 0, 0, 1, 178.95
1733632652, 1, 3, 10, 1, 0, 0.00%, 0, 0, 1, 180.81
1733632667, 1, 5, 10, 0, 0, 0.00%, 0, 0, 1, 185.08
1733632673, 1, 6, 10, 0, 0, 0.00%, 0, 0, 1, 180.76
1733632678, 1, 7, 10, 0, 0, 0.00%, 0, 0, 1, 189.93
1733632683, 1, 9, 10, 0, 0, 0.00%, 0, 0, 1, 186.82
1733632688, 2, 0, 10, 0, 0, 0.00%, 0, 0, 1, 184.48
1733632693, 2, 1, 10, 0, 0, 0.00%, 0, 0, 1, 184.00
1733632698, 2, 2, 10, 0, 0, 0.00%, 0, 0, 1, 186.34
1733632703, 2, 4, 10, 0, 0, 0.00%, 0, 0, 1, 184.57
1733632708, 2, 5, 10, 0, 0, 0.00%, 0, 0, 1, 180.91
1733632713, 2, 6, 10, 0, 0, 0.00%, 0, 0, 1, 184.59
1733632719, 2, 8, 10, 0, 0, 0.00%, 0, 0, 1, 182.47
1733632724, 2, 9, 10, 0, 0, 0.00%, 0, 0, 1, 180.70
1733632729, 3, 0, 10, 0, 0, 0.00%, 0, 0, 1, 184.49
1733632734, 3, 1, 10, 0, 0, 0.00%, 0, 0, 1, 183.78
1733632739, 3, 3, 10, 0, 0, 0.00%, 0, 0, 1, 186.56
1733632744, 3, 4, 10, 0, 0, 0.00%, 0, 0, 1, 186.63
1733632749, 3, 5, 10, 0, 0, 0.00%, 0, 0, 1, 184.10
1733632755, 3, 7, 10, 0, 0, 0.00%, 0, 0, 1, 181.24
1733632760, 3, 8, 10, 0, 0, 0.00%, 0, 0, 1, 184.52
1733632765, 3, 9, 10, 0, 0, 0.00%, 0, 0, 1, 184.53
1733632770, 4, 0, 10, 0, 0, 0.00%, 0, 0, 1, 181.93
1733632775, 4, 2, 10, 0, 0, 0.00%, 0, 0, 1, 186.02
1733632780, 4, 3, 10, 0, 0, 0.00%, 0, 0, 1, 187.51
1733632785, 4, 4, 10, 0, 0, 0.00%, 0, 0, 1, 190.00
1733632791, 4, 6, 10, 0, 0, 0.00%, 0, 0, 1, 183.91
1733632796, 4, 7, 10, 0, 0, 0.00%, 0, 0, 1, 185.06
1733632801, 4, 8, 10, 0, 0, 0.00%, 0, 0, 1, 187.46
1733632806, 5, 0, 10, 0, 0, 0.00%, 0, 0, 1, 185.05
1733632811, 5, 1, 10, 0, 0, 0.00%, 0, 0, 1, 185.36
1733632816, 5, 2, 10, 0, 0, 0.00%, 0, 0, 1, 185.87
1733632822, 5, 3, 10, 0, 0, 0.00%, 0, 0, 1, 181.34
1733632827, 5, 5, 10, 0, 0, 0.00%, 0, 0, 1, 187.20
1733632832, 5, 6, 10, 0, 0, 0.00%, 0, 0, 1, 189.10
1733632837, 5, 7, 10, 0, 0, 0.00%, 0, 0, 1, 182.29
1733632842, 5, 9, 10, 0, 0, 0.00%, 0, 0, 1, 189.26
1733632847, 6, 0, 10, 0, 0, 0.00%, 0, 0, 1, 186.09
1733632852, 6, 1, 10, 0, 0, 0.00%, 0, 0, 1, 184.03
1733632857, 6, 2, 10, 0, 0, 0.00%, 0, 0, 1, 184.68
1733632863, 6, 4, 10, 0, 0, 0.00%, 0, 0, 1, 186.42
1733632868, 6, 5, 10, 0, 0, 0.00%, 0, 0, 1, 186.68
1733632873, 6, 6, 10, 0, 0, 0.00%, 0, 0, 1, 188.74
1733632878, 6, 8, 10, 0, 0, 0.00%, 0, 0, 1, 182.46
1733632883, 6, 9, 10, 0, 0, 0.00%, 0, 0, 1, 186.09
1733632888, 7, 0, 10, 0, 0, 0.00%, 0, 0, 1, 184.84
1733632894, 7, 2, 10, 0, 0, 0.00%, 0, 0, 1, 187.89
1733632899, 7, 3, 10, 0, 0, 0.00%, 0, 0, 1, 186.35
1733632904, 7, 4, 10, 0, 0, 0.00%, 0, 0, 1, 188.43
1733632909, 7, 6, 10, 0, 0, 0.00%, 0, 0, 1, 187.20
1733632914, 7, 7, 10, 0, 0, 0.00%, 0, 0, 1, 185.07
1733632920, 7, 8, 10, 0, 0, 0.00%, 0, 0, 1, 184.99
1733632925, 7, 9, 10, 0, 0, 0.00%, 0, 0, 1, 183.25
1733632930, 8, 1, 10, 0, 0, 0.00%, 0, 0, 1, 186.13
1733632935, 8, 2, 10, 0, 0, 0.00%, 0, 0, 1, 183.39
1733632940, 8, 3, 10, 0, 0, 0.00%, 0, 0, 1, 190.06
1733632945, 8, 4, 10, 0, 0, 0.00%, 0, 0, 1, 184.51
1733632950, 8, 6, 10, 0, 0, 0.00%, 0, 0, 1, 183.96
1733632955, 8, 7, 10, 0, 0, 0.00%, 0, 0, 1, 184.79
1733632960, 8, 8, 10, 0, 0, 0.00%, 0, 0, 1, 182.40
1733632965, 9, 0, 10, 0, 0, 0.00%, 0, 0, 1, 183.82
1733632971, 9, 1, 10, 0, 0, 0.00%, 0, 0, 1, 185.76
1733632976, 9, 2, 10, 0, 0, 0.00%, 0, 0, 1, 187.64
1733632981, 9, 4, 10, 0, 0, 0.00%, 0, 0, 1, 186.69
1733632986, 9, 5, 10, 0, 0, 0.00%, 0, 0, 1, 186.67
1733632991, 9, 6, 10, 0, 0, 0.00%, 0, 0, 1, 187.28
1733632996, 9, 8, 10, 0, 0, 0.00%, 0, 0, 1, 185.36
1733633001, 9, 9, 10, 0, 0, 0.00%, 0, 0, 1, 182.55
1733633006, 10, 0, 10, 0, 0, 0.00%, 0, 0, 1, 185.45
1733633012, 10, 1, 10, 0, 0, 0.00%, 0, 0, 1, 185.47
1733633017, 10, 10, 12, 2, 1, 0.05%, 2, 0, 3, 197.36
1733633022, 10, 10, 15, 5, 1, 0.06%, 5, 0, 3, 204.12
1733633027, 10, 10, 16, 6, 1, 0.06%, 6, 0, 3, 206.88
1733633047, 10, 10, 17, 7, 1, 0.06%, 7, 0, 3, 204.33
1733633103, 10, 10, 18, 8, 1, 0.06%, 7, 0, 3, 202.55
1733633143, 10, 10, 20, 10, 1, 0.06%, 8, 0, 3, 218.85
1733633169, 10, 12, 20, 9, 6, 0.06%, 8, 0, 3, 201.86
1733633204, 10, 12, 22, 11, 6, 0.06%, 8, 0, 4, 203.54
1733633209, 10, 12, 24, 13, 6, 0.06%, 8, 0, 4, 237.35
1733633214, 10, 13, 24, 12, 5, 0.06%, 8, 0, 4, 223.24
1733633229, 10, 13, 25, 13, 5, 0.06%, 8, 0, 4, 205.35
1733633240, 10, 13, 26, 14, 5, 0.06%, 9, 0, 4, 204.82
1733633260, 10, 13, 27, 15, 5, 0.06%, 9, 0, 4, 205.07
1733633311, 10, 13, 28, 16, 5, 0.06%, 9, 0, 4, 211.35
1733633346, 10, 14, 28, 15, 5, 0.06%, 9, 0, 4, 222.99
1733633361, 10, 14, 29, 16, 5, 0.06%, 9, 0, 4, 209.62
1733633417, 10, 15, 29, 15, 4, 0.06%, 9, 0, 4, 229.37
1733633422, 10, 15, 30, 16, 4, 0.06%, 9, 0, 4, 250.38
1733633488, 10, 16, 30, 15, 3, 0.06%, 9, 0, 4, 263.89
1733633493, 10, 16, 31, 16, 3, 0.06%, 9, 0, 4, 225.09
1733633518, 10, 16, 32, 17, 3, 0.06%, 9, 0, 4, 218.83
1733633529, 10, 16, 33, 18, 3, 0.06%, 9, 0, 4, 218.68
1733633569, 10, 16, 34, 19, 3, 0.06%, 9, 0, 4, 223.69
1733633615, 10, 19, 34, 18, 2, 0.06%, 9, 0, 4, 257.66
1733633620, 10, 19, 35, 19, 2, 0.06%, 9, 0, 4, 239.85
1733633625, 10, 19, 37, 21, 2, 0.06%, 9, 0, 4, 227.03
1733633630, 10, 19, 38, 22, 2, 0.06%, 9, 0, 4, 232.94
1733633676, 10, 19, 39, 23, 2, 0.06%, 9, 0, 4, 223.18
1733633722, 10, 19, 40, 24, 2, 0.06%, 9, 0, 4, 228.17
1733633737, 10, 19, 41, 25, 2, 0.06%, 9, 0, 4, 210.90
1733633742, 10, 25, 41, 24, 1, 0.06%, 9, 0, 4, 258.23
1733633757, 10, 25, 42, 25, 1, 0.06%, 9, 0, 5, 216.34
1733633762, 10, 25, 43, 26, 1, 0.06%, 9, 0, 5, 215.27
1733633773, 10, 25, 44, 27, 1, 0.06%, 9, 0, 5, 214.04
1733633783, 10, 25, 45, 28, 1, 0.06%, 9, 0, 5, 216.74
1733633844, 10, 25, 46, 29, 1, 0.06%, 9, 0, 5, 216.83
1733633864, 10, 25, 48, 31, 1, 0.06%, 9, 0, 5, 251.82
1733633874, 10, 25, 51, 34, 1, 0.06%, 9, 0, 5, 253.42
1733633879, 10, 25, 54, 37, 1, 0.06%, 9, 0, 5, 275.58
1733633884, 10, 28, 54, 36, 0, 0.06%, 9, 0, 5, 300.66
1733633890, 10, 28, 56, 38, 0, 0.06%, 9, 0, 5, 394.02
1733633931, 10, 28, 57, 39, 0, 0.06%, 9, 0, 5, 239.51
1733633971, 10, 28, 58, 40, 0, 0.06%, 9, 0, 5, 229.12
1733633976, 10, 28, 60, 42, 0, 0.06%, 9, 0, 5, 276.83
1733633987, 10, 31, 60, 41, 0, 0.06%, 9, 0, 5, 226.28
1733634398, 10, 31, 62, 43, 0, 0.06%, 9, 0, 5, 404.53
1733634403, 10, 31, 63, 44, 0, 0.06%, 9, 0, 5, 387.00
1733634408, 10, 31, 64, 45, 0, 0.06%, 9, 0, 5, 382.32
1733634418, 10, 31, 66, 47, 0, 0.06%, 9, 0, 5, 374.66
1733634495, 10, 36, 66, 46, 0, 0.06%, 9, 0, 5, 305.56
1733634546, 10, 38, 66, 45, 0, 0.06%, 9, 0, 5, 291.53
1733634591, 10, 38, 68, 47, 0, 0.06%, 9, 0, 5, 323.01
1733634596, 10, 39, 68, 46, 0, 0.06%, 9, 0, 5, 368.60
1733634652, 10, 39, 69, 47, 0, 0.06%, 9, 0, 5, 384.40
1733634692, 10, 43, 69, 46, 0, 0.06%, 9, 0, 5, 338.63
1733634743, 10, 48, 69, 45, 0, 0.06%, 9, 0, 5, 276.88
1733635204, 10, 49, 69, 44, 0, 0.06%, 9, 0, 5, 341.21
1733635255, 10, 52, 69, 43, 0, 0.06%, 9, 0, 5, 295.42
1733635296, 10, 52, 70, 44, 0, 0.06%, 9, 0, 6, 261.97
1733635306, 10, 53, 70, 43, 0, 0.06%, 9, 0, 6, 334.53
1733635357, 10, 54, 70, 42, 0, 0.06%, 9, 0, 6, 269.23
1733635387, 10, 54, 71, 43, 0, 0.06%, 9, 0, 6, 252.73
1733635438, 10, 61, 71, 42, 0, 0.06%, 9, 0, 6, 231.60
1733636159, 10, 62, 71, 41, 0, 0.06%, 9, 0, 6, 233.78
1733636595, 10, 63, 71, 40, 0, 0.06%, 9, 0, 6, 208.60
1733637031, 10, 65, 71, 39, 0, 0.06%, 9, 0, 6, 270.79
1733637350, 11, 10, 71, 38, 0, 0.06%, 9, 0, 6, 252.17
1733637361, 11, 12, 72, 39, 0, 0.06%, 9, 0, 6, 256.50
1733637371, 11, 13, 72, 39, 0, 0.06%, 9, 0, 6, 271.83
1733637381, 11, 14, 72, 39, 0, 0.06%, 9, 0, 6, 275.42
1733637396, 11, 15, 72, 39, 0, 0.06%, 9, 0, 6, 252.09
1733637407, 11, 16, 72, 39, 0, 0.06%, 9, 0, 6, 248.66
1733637417, 11, 19, 72, 39, 0, 0.06%, 9, 0, 6, 261.98
1733637427, 11, 21, 72, 39, 0, 0.06%, 9, 0, 6, 289.32
1733637482, 11, 25, 72, 38, 0, 0.06%, 9, 0, 6, 255.09
1733637508, 11, 27, 72, 38, 0, 0.06%, 9, 0, 6, 298.83
1733637553, 11, 30, 72, 37, 0, 0.06%, 9, 0, 6, 285.11
1733637604, 11, 33, 72, 36, 0, 0.06%, 9, 0, 6, 267.89
1733637670, 11, 35, 72, 35, 0, 0.06%, 9, 0, 6, 271.82
1733637725, 11, 40, 72, 34, 0, 0.06%, 9, 0, 6, 396.03
1733637771, 11, 51, 72, 33, 0, 0.06%, 9, 0, 6, 303.62
1733637822, 11, 56, 72, 32, 0, 0.06%, 9, 0, 6, 324.24
1733637908, 11, 60, 72, 31, 0, 0.06%, 9, 0, 6, 226.13
1733638355, 11, 67, 72, 30, 0, 0.06%, 9, 0, 6, 333.08
1733638467, 11, 68, 72, 29, 0, 0.06%, 9, 0, 6, 406.88
1733638472, 11, 68, 73, 30, 0, 0.06%, 9, 0, 6, 433.90
1733638563, 11, 71, 74, 30, 0, 0.06%, 9, 0, 6, 367.93
1733638675, 12, 10, 74, 29, 0, 0.06%, 9, 0, 6, 265.01
1733638680, 12, 12, 74, 29, 0, 0.06%, 9, 0, 6, 252.03
1733638685, 12, 13, 74, 29, 0, 0.06%, 9, 0, 6, 243.30
1733638690, 12, 14, 74, 29, 0, 0.06%, 9, 0, 6, 237.12
1733638695, 12, 15, 74, 29, 0, 0.06%, 9, 0, 6, 241.76
1733638700, 12, 19, 74, 29, 0, 0.06%, 9, 0, 6, 243.94
1733638705, 12, 22, 74, 29, 0, 0.06%, 9, 0, 6, 290.27
1733638756, 12, 24, 74, 28, 0, 0.06%, 9, 0, 6, 375.66
1733638919, 12, 25, 74, 27, 0, 0.06%, 9, 0, 6, 275.95
1733638930, 12, 30, 74, 27, 0, 0.06%, 9, 0, 6, 263.22
1733638955, 12, 37, 74, 27, 0, 0.06%, 9, 0, 6, 200.47
1733642332, 12, 39, 74, 26, 0, 0.06%, 9, 0, 6, 285.12
1733642353, 12, 45, 74, 26, 0, 0.06%, 9, 0, 6, 291.96
1733642429, 12, 46, 74, 25, 0, 0.06%, 9, 0, 6, 315.33
1733642480, 12, 58, 74, 24, 0, 0.06%, 9, 0, 6, 316.04
1733642571, 12, 64, 74, 23, 0, 0.06%, 9, 0, 6, 292.49
1733642784, 13, 10, 74, 22, 0, 0.06%, 9, 0, 6, 247.28
1733642789, 13, 11, 74, 22, 0, 0.06%, 9, 0, 6, 267.70
1733642820, 13, 12, 74, 21, 0, 0.06%, 9, 0, 6, 252.29
1733642825, 13, 13, 74, 21, 0, 0.06%, 9, 0, 6, 252.92
1733642830, 13, 14, 74, 21, 0, 0.06%, 9, 0, 6, 249.96
1733642835, 13, 15, 74, 21, 0, 0.06%, 9, 0, 6, 247.70
1733642840, 13, 19, 74, 21, 0, 0.06%, 9, 0, 6, 253.29
1733642845, 13, 20, 74, 21, 0, 0.06%, 9, 0, 6, 276.12
1733642880, 13, 20, 75, 22, 0, 0.06%, 9, 0, 6, 287.87
1733642895, 13, 25, 75, 21, 0, 0.06%, 9, 0, 6, 246.83
1733642906, 13, 30, 75, 21, 0, 0.06%, 9, 0, 6, 264.25
1733642921, 13, 32, 75, 21, 0, 0.06%, 9, 0, 6, 390.05
1733642977, 13, 34, 75, 20, 0, 0.06%, 9, 0, 6, 289.20
1733643028, 13, 38, 75, 19, 0, 0.06%, 9, 0, 6, 242.87
1733643053, 13, 39, 75, 19, 0, 0.06%, 9, 0, 6, 288.54
1733643064, 13, 55, 75, 19, 0, 0.06%, 9, 0, 6, 291.92
1733643120, 13, 60, 76, 19, 0, 0.06%, 9, 0, 6, 346.82
1733643140, 13, 64, 76, 19, 0, 0.06%, 9, 0, 6, 321.27
1733643160, 13, 66, 76, 19, 0, 0.06%, 9, 0, 6, 228.86
1733643664, 13, 67, 76, 18, 0, 0.06%, 9, 0, 6, 288.97
1733643685, 13, 70, 76, 18, 0, 0.06%, 9, 0, 6, 353.47
1733643741, 14, 12, 76, 17, 0, 0.06%, 9, 0, 6, 244.41
1733643746, 14, 14, 76, 17, 0, 0.06%, 9, 0, 6, 247.92
1733643751, 14, 15, 76, 17, 0, 0.06%, 9, 0, 6, 250.73
1733643756, 14, 16, 76, 17, 0, 0.06%, 9, 0, 6, 253.17
1733643761, 14, 25, 76, 17, 0, 0.06%, 9, 0, 6, 241.00
1733643766, 14, 30, 76, 17, 0, 0.06%, 9, 0, 6, 255.50
1733643782, 14, 57, 76, 17, 0, 0.06%, 9, 0, 6, 382.34
1733643979, 14, 69, 76, 16, 0, 0.06%, 9, 0, 6, 338.48
1733644030, 14, 73, 76, 15, 0, 0.06%, 9, 0, 6, 245.38
1733644167, 15, 10, 76, 14, 0, 0.06%, 9, 0, 6, 261.92
1733644172, 15, 12, 76, 14, 0, 0.06%, 9, 0, 6, 251.69
1733644177, 15, 14, 76, 14, 0, 0.06%, 9, 0, 6, 241.83
1733644182, 15, 17, 76, 14, 0, 0.06%, 9, 0, 6, 272.94
1733644208, 15, 19, 76, 13, 0, 0.06%, 9, 0, 6, 268.61
1733644213, 15, 21, 76, 13, 0, 0.06%, 9, 0, 6, 249.05
1733644233, 15, 25, 76, 13, 0, 0.06%, 9, 0, 6, 262.45
1733644238, 15, 26, 76, 13, 0, 0.06%, 9, 0, 6, 301.87
1733644284, 15, 26, 77, 14, 0, 0.06%, 9, 0, 6, 259.87
1733644294, 15, 30, 77, 13, 0, 0.06%, 9, 0, 6, 255.66
1733644299, 15, 59, 77, 13, 0, 0.06%, 9, 0, 6, 260.31
1733644376, 15, 59, 78, 14, 0, 0.06%, 9, 0, 6, 420.98
1733644886, 15, 69, 78, 13, 0, 0.06%, 9, 0, 6, 248.50
1733644907, 15, 70, 78, 13, 0, 0.06%, 9, 0, 6, 278.75
1733644927, 15, 74, 78, 13, 0, 0.06%, 9, 0, 6, 228.90
1733645208, 15, 77, 78, 12, 0, 0.06%, 9, 0, 6, 320.55
1733645335, 16, 12, 78, 11, 0, 0.06%, 9, 0, 6, 249.00
1733645340, 16, 14, 78, 11, 0, 0.06%, 9, 0, 6, 251.30
1733645345, 16, 19, 78, 11, 0, 0.06%, 9, 0, 6, 262.98
1733645350, 16, 25, 78, 11, 0, 0.06%, 9, 0, 6, 249.40
1733645355, 16, 28, 78, 11, 0, 0.06%, 9, 0, 6, 255.16
1733645380, 16, 30, 78, 11, 0, 0.06%, 9, 0, 6, 252.18
1733645386, 16, 50, 79, 12, 0, 0.06%, 9, 0, 6, 354.26
1733645436, 16, 51, 79, 11, 0, 0.06%, 9, 0, 6, 278.37
1733645457, 17, 10, 79, 11, 0, 0.06%, 9, 0, 6, 275.81
1733645462, 17, 13, 79, 11, 0, 0.06%, 9, 0, 6, 262.37
1733645467, 17, 14, 79, 11, 0, 0.06%, 9, 0, 6, 260.66
1733645472, 17, 18, 79, 11, 0, 0.06%, 9, 0, 6, 315.59
1733645507, 17, 25, 79, 10, 0, 0.06%, 9, 0, 6, 258.39
1733645513, 17, 29, 79, 10, 0, 0.06%, 9, 0, 6, 281.98
1733645569, 17, 30, 79, 9, 0, 0.06%, 9, 0, 6, 265.36
1733645574, 17, 39, 80, 10, 0, 0.06%, 9, 0, 6, 302.59
1733645584, 17, 78, 80, 10, 0, 0.06%, 9, 0, 6, 332.39
1733645894, 17, 79, 80, 9, 0, 0.06%, 9, 0, 6, 238.98
1733646122, 18, 12, 80, 8, 0, 0.06%, 9, 0, 6, 266.37
1733646127, 18, 14, 80, 8, 0, 0.06%, 9, 0, 6, 252.78
1733646132, 18, 19, 80, 8, 0, 0.06%, 9, 0, 6, 244.94
1733646137, 18, 25, 80, 8, 0, 0.06%, 9, 0, 6, 245.61
1733646142, 18, 30, 80, 8, 0, 0.06%, 9, 0, 6, 253.03
1733646147, 18, 46, 80, 8, 0, 0.06%, 9, 0, 6, 263.07
1733646167, 18, 57, 80, 8, 0, 0.06%, 9, 0, 6, 269.21
1733646188, 19, 10, 80, 8, 0, 0.06%, 9, 0, 6, 261.37
1733646193, 19, 12, 80, 8, 0, 0.06%, 9, 0, 6, 258.22
1733646198, 19, 14, 80, 8, 0, 0.06%, 9, 0, 6, 253.74
1733646203, 19, 19, 80, 8, 0, 0.06%, 9, 0, 6, 253.06
1733646208, 19, 25, 80, 8, 0, 0.06%, 9, 0, 6, 249.80
1733646213, 19, 30, 80, 8, 0, 0.06%, 9, 0, 6, 251.32
1733646218, 19, 36, 80, 8, 0, 0.06%, 9, 0, 6, 245.09
1733646244, 19, 44, 80, 8, 0, 0.06%, 9, 0, 6, 408.20
1733646294, 19, 53, 80, 7, 0, 0.06%, 9, 0, 6, 300.21
1733646315, 19, 55, 80, 7, 0, 0.06%, 9, 0, 6, 249.92
1733646335, 19, 64, 80, 7, 0, 0.06%, 9, 0, 6, 293.96
1733646345, 19, 67, 80, 7, 0, 0.06%, 9, 0, 6, 289.62
1733646355, 19, 68, 80, 7, 0, 0.06%, 9, 0, 6, 270.14
1733646376, 19, 75, 80, 7, 0, 0.06%, 9, 0, 6, 252.43
1733646701, 19, 76, 80, 6, 0, 0.06%, 9, 0, 6, 318.83
1733647088, 20, 9, 80, 5, 0, 0.06%, 9, 0, 6, 271.55
1733647094, 20, 12, 80, 5, 0, 0.06%, 9, 0, 6, 258.73
1733647099, 20, 14, 80, 5, 0, 0.06%, 9, 0, 6, 260.42
1733647104, 20, 19, 80, 5, 0, 0.06%, 9, 0, 6, 245.31
1733647109, 20, 25, 80, 5, 0, 0.06%, 9, 0, 6, 244.89
1733647114, 20, 30, 80, 5, 0, 0.06%, 9, 0, 6, 242.41
1733647119, 20, 47, 80, 5, 0, 0.06%, 9, 0, 6, 328.91
1733647170, 20, 49, 80, 4, 0, 0.06%, 9, 0, 6, 252.94
1733647190, 21, 10, 80, 4, 0, 0.06%, 9, 0, 6, 298.03
1733647195, 21, 12, 80, 4, 0, 0.06%, 9, 0, 6, 267.97
1733647200, 21, 14, 80, 4, 0, 0.06%, 9, 0, 6, 248.75
1733647205, 21, 19, 80, 4, 0, 0.06%, 9, 0, 6, 252.77
1733647210, 21, 25, 80, 4, 0, 0.06%, 9, 0, 6, 253.99
1733647215, 21, 30, 80, 4, 0, 0.06%, 9, 0, 6, 248.91
1733647220, 22, 10, 80, 4, 0, 0.06%, 9, 0, 6, 256.37
1733647225, 22, 13, 80, 4, 0, 0.06%, 9, 0, 6, 260.68
1733647231, 22, 15, 80, 4, 0, 0.06%, 9, 0, 6, 259.02
1733647236, 22, 22, 80, 4, 0, 0.06%, 9, 0, 6, 245.17
1733647261, 22, 25, 80, 4, 0, 0.06%, 9, 0, 6, 267.17
1733647266, 22, 30, 80, 4, 0, 0.06%, 9, 0, 6, 255.87
1733647271, 22, 33, 80, 4, 0, 0.06%, 9, 0, 6, 295.82
1733647292, 22, 35, 80, 4, 0, 0.06%, 9, 0, 6, 268.27
1733647312, 22, 42, 80, 4, 0, 0.06%, 9, 0, 6, 280.12
1733647363, 22, 60, 80, 3, 0, 0.06%, 9, 0, 6, 279.15
1733647373, 22, 64, 80, 3, 0, 0.06%, 9, 0, 6, 280.57
1733647383, 22, 65, 80, 3, 0, 0.06%, 9, 0, 6, 304.69
1733647403, 22, 67, 80, 3, 0, 0.06%, 9, 0, 6, 278.85
1733647413, 22, 72, 80, 3, 0, 0.06%, 9, 0, 6, 304.15
1733647520, 23, 10, 80, 2, 0, 0.06%, 9, 0, 6, 258.22
1733647525, 23, 13, 80, 2, 0, 0.06%, 9, 0, 6, 255.14
1733647530, 23, 15, 80, 2, 0, 0.06%, 9, 0, 6, 261.58
1733647535, 23, 19, 80, 2, 0, 0.06%, 9, 0, 6, 256.80
1733647540, 23, 25, 80, 2, 0, 0.06%, 9, 0, 6, 252.59
1733647545, 23, 30, 80, 2, 0, 0.06%, 9, 0, 6, 266.67
1733647550, 23, 46, 80, 2, 0, 0.06%, 9, 0, 6, 265.58
1733647561, 24, 10, 80, 2, 0, 0.06%, 9, 0, 6, 238.77
1733647566, 24, 13, 80, 2, 0, 0.06%, 9, 0, 6, 260.21
1733647571, 24, 15, 80, 2, 0, 0.06%, 9, 0, 6, 248.38
1733647576, 24, 20, 80, 2, 0, 0.06%, 9, 0, 6, 256.79
1733647601, 24, 25, 80, 2, 0, 0.06%, 9, 0, 6, 258.92
1733647606, 24, 30, 80, 2, 0, 0.06%, 9, 0, 6, 259.06
1733647612, 24, 50, 80, 2, 0, 0.06%, 9, 0, 6, 264.92
1733647632, 24, 61, 80, 2, 0, 0.06%, 9, 0, 6, 313.51
1733647652, 24, 62, 80, 2, 0, 0.06%, 9, 0, 6, 308.83
1733647672, 24, 65, 80, 2, 0, 0.06%, 9, 0, 6, 329.68
1733647682, 25, 10, 80, 2, 0, 0.06%, 9, 0, 6, 260.75
1733647687, 25, 11, 80, 2, 0, 0.06%, 9, 0, 6, 241.89
1733647698, 25, 13, 80, 2, 0, 0.06%, 9, 0, 6, 254.93
1733647703, 25, 15, 80, 2, 0, 0.06%, 9, 0, 6, 255.13
1733647708, 25, 19, 80, 2, 0, 0.06%, 9, 0, 6, 247.03
1733647713, 25, 22, 80, 2, 0, 0.06%, 9, 0, 6, 244.43
1733647723, 25, 25, 80, 2, 0, 0.06%, 9, 0, 6, 257.32
1733647728, 25, 30, 80, 2, 0, 0.06%, 9, 0, 6, 247.47
1733647733, 25, 49, 80, 2, 0, 0.06%, 9, 0, 6, 259.85
1733647743, 25, 58, 80, 2, 0, 0.06%, 9, 0, 6, 248.07
1733647768, 26, 11, 80, 2, 0, 0.06%, 9, 0, 6, 245.78
1733647779, 26, 13, 80, 2, 0, 0.06%, 9, 0, 6, 245.26
1733647784, 26, 15, 80, 2, 0, 0.06%, 9, 0, 6, 254.95
1733647789, 26, 23, 80, 2, 0, 0.06%, 9, 0, 6, 295.52
1733647845, 26, 25, 80, 1, 0, 0.06%, 9, 0, 6, 254.94
1733647850, 26, 30, 80, 1, 0, 0.06%, 9, 0, 6, 261.98
1733647855, 26, 41, 80, 1, 0, 0.06%, 9, 0, 6, 376.98
1733647911, 26, 49, 80, 0, 0, 0.06%, 9, 0, 6, 251.78
1733647921, 26, 56, 80, 0, 0, 0.06%, 9, 0, 6, 275.49
1733647942, 26, 66, 80, 0, 0, 0.06%, 9, 0, 6, 295.99
1733647962, 26, 68, 80, 0, 0, 0.06%, 9, 0, 6, 304.44
1733647972, 26, 70, 80, 0, 0, 0.06%, 9, 0, 6, 271.78
1733647987, 27, 12, 80, 0, 0, 0.06%, 9, 0, 6, 253.00
1733647992, 27, 14, 80, 0, 0, 0.06%, 9, 0, 6, 247.18
1733647997, 27, 19, 80, 0, 0, 0.06%, 9, 0, 6, 251.66
1733648002, 27, 20, 80, 0, 0, 0.06%, 9, 0, 6, 258.03
1733648012, 27, 25, 80, 0, 0, 0.06%, 9, 0, 6, 255.01
1733648017, 27, 28, 80, 0, 0, 0.06%, 9, 0, 6, 264.71
1733648027, 27, 30, 80, 0, 0, 0.06%, 9, 0, 6, 257.19
1733648033, 27, 48, 80, 0, 0, 0.06%, 9, 0, 6, 274.94
1733648053, 27, 51, 80, 0, 0, 0.06%, 9, 0, 6, 255.85
1733648063, 27, 75, 80, 0, 0, 0.06%, 9, 0, 6, 294.98
1733648083, 28, 10, 80, 0, 0, 0.06%, 9, 0, 6, 277.19
1733648088, 28, 13, 80, 0, 0, 0.06%, 9, 0, 6, 254.39
1733648093, 28, 15, 80, 0, 0, 0.06%, 9, 0, 6, 257.31
1733648098, 28, 19, 80, 0, 0, 0.06%, 9, 0, 6, 257.67
1733648103, 28, 25, 80, 0, 0, 0.06%, 9, 0, 6, 264.49
1733648108, 28, 30, 80, 0, 0, 0.06%, 9, 0, 6, 273.62
1733648113, 28, 43, 80, 0, 0, 0.06%, 9, 0, 6, 269.04
1733648134, 28, 48, 80, 0, 0, 0.06%, 9, 0, 6, 342.30
1733648144, 28, 51, 80, 0, 0, 0.06%, 9, 0, 6, 253.74
1733648154, 28, 70, 80, 0, 0, 0.06%, 9, 0, 6, 262.65
1733648164, 29, 10, 80, 0, 0, 0.06%, 9, 0, 6, 271.26
1733648170, 29, 13, 80, 0, 0, 0.06%, 9, 0, 6, 253.57
1733648175, 29, 15, 80, 0, 0, 0.06%, 9, 0, 6, 263.50
1733648180, 29, 19, 80, 0, 0, 0.06%, 9, 0, 6, 261.29
1733648185, 29, 25, 80, 0, 0, 0.06%, 9, 0, 6, 265.87
1733648190, 29, 30, 80, 0, 0, 0.06%, 9, 0, 6, 268.14
1733648195, 29, 49, 80, 0, 0, 0.06%, 9, 0, 6, 278.87
1733648200, 29, 50, 80, 0, 0, 0.06%, 9, 0, 6, 276.16
1733648210, 29, 77, 80, 0, 0, 0.06%, 9, 0, 6, 257.84
1733648231, 30, 12, 80, 0, 0, 0.06%, 9, 0, 6, 268.08
1733648236, 30, 14, 80, 0, 0, 0.06%, 9, 0, 6, 259.64
1733648241, 30, 19, 80, 0, 0, 0.06%, 9, 0, 6, 260.66
1733648246, 30, 25, 80, 0, 0, 0.06%, 9, 0, 6, 247.65
1733648251, 30, 30, 80, 0, 0, 0.06%, 9, 0, 6, 249.58
1733648256, 30, 33, 80, 0, 0, 0.06%, 9, 0, 6, 290.06
1733648266, 30, 37, 80, 0, 0, 0.06%, 9, 0, 6, 317.31
1733648286, 30, 47, 80, 0, 0, 0.06%, 9, 0, 6, 263.33
1733648312, 31, 10, 80, 0, 0, 0.06%, 9, 0, 6, 287.69
1733648317, 31, 12, 80, 0, 0, 0.06%, 9, 0, 6, 262.21
1733648322, 31, 14, 80, 0, 0, 0.06%, 9, 0, 6, 264.00
1733648327, 31, 19, 80, 0, 0, 0.06%, 9, 0, 6, 254.13
1733648332, 31, 20, 80, 0, 0, 0.06%, 9, 0, 6, 258.33
1733648342, 31, 21, 80, 0, 0, 0.06%, 9, 0, 6, 255.09
1733648352, 31, 25, 80, 0, 0, 0.06%, 9, 0, 6, 243.83
1733648358, 31, 30, 80, 0, 0, 0.06%, 9, 0, 6, 251.72
1733648363, 31, 50, 80, 0, 0, 0.06%, 9, 0, 6, 261.97
1733648378, 31, 52, 80, 0, 0, 0.06%, 9, 0, 6, 266.80
1733648398, 31, 69, 80, 0, 0, 0.06%, 9, 0, 6, 251.52
1733648408, 31, 75, 80, 0, 0, 0.06%, 9, 0, 6, 312.84
1733648429, 32, 12, 80, 0, 0, 0.06%, 9, 0, 6, 262.01
1733648434, 32, 14, 80, 0, 0, 0.06%, 9, 0, 6, 263.41
1733648439, 32, 15, 80, 0, 0, 0.06%, 9, 0, 6, 249.25
1733648444, 32, 25, 80, 0, 0, 0.06%, 9, 0, 6, 251.56
1733648449, 32, 29, 80, 0, 0, 0.06%, 9, 0, 6, 256.20
1733648474, 32, 30, 80, 0, 0, 0.06%, 9, 0, 6, 259.45
1733648479, 32, 40, 80, 0, 0, 0.06%, 9, 0, 6, 276.33
1733648499, 32, 58, 80, 0, 0, 0.06%, 9, 0, 6, 266.11
1733648509, 32, 62, 80, 0, 0, 0.06%, 9, 0, 6, 302.84
1733648520, 32, 74, 80, 0, 0, 0.06%, 9, 0, 6, 290.33
1733648540, 33, 10, 80, 0, 0, 0.06%, 9, 0, 6, 257.74
1733648545, 33, 12, 80, 0, 0, 0.06%, 9, 0, 6, 266.61
1733648550, 33, 14, 80, 0, 0, 0.06%, 9, 0, 6, 248.79
1733648555, 33, 19, 80, 0, 0, 0.06%, 9, 0, 6, 239.49
1733648560, 33, 25, 80, 0, 0, 0.06%, 9, 0, 6, 255.78
1733648565, 33, 30, 80, 0, 0, 0.06%, 9, 0, 6, 251.16
1733648570, 33, 37, 80, 0, 0, 0.06%, 9, 0, 6, 307.79
1733648580, 33, 42, 80, 0, 0, 0.06%, 9, 0, 6, 262.16
1733648601, 33, 46, 80, 0, 0, 0.06%, 9, 0, 6, 270.53
1733648611, 33, 50, 80, 0, 0, 0.06%, 9, 0, 6, 273.65
1733648616, 33, 58, 80, 0, 0, 0.06%, 9, 0, 6, 291.67
1733648631, 33, 71, 80, 0, 0, 0.06%, 9, 0, 6, 265.77
1733648641, 34, 12, 80, 0, 0, 0.06%, 9, 0, 6, 260.24
1733648647, 34, 14, 80, 0, 0, 0.06%, 9, 0, 6, 259.95
1733648652, 34, 19, 80, 0, 0, 0.06%, 9, 0, 6, 255.44
1733648657, 34, 25, 80, 0, 0, 0.06%, 9, 0, 6, 242.82
1733648662, 34, 30, 80, 0, 0, 0.06%, 9, 0, 6, 255.75
1733648667, 34, 52, 80, 0, 0, 0.06%, 9, 0, 6, 268.62
1733648677, 34, 58, 80, 0, 0, 0.06%, 9, 0, 6, 264.70
1733648682, 34, 67, 80, 0, 0, 0.06%, 9, 0, 6, 281.71
1733648692, 35, 12, 80, 0, 0, 0.06%, 9, 0, 6, 267.39
1733648697, 35, 14, 80, 0, 0, 0.06%, 9, 0, 6, 244.69
1733648702, 35, 19, 80, 0, 0, 0.06%, 9, 0, 6, 253.64
1733648707, 35, 20, 80, 0, 0, 0.06%, 9, 0, 6, 270.01
1733648712, 35, 25, 80, 0, 0, 0.06%, 9, 0, 6, 264.82
1733648717, 35, 30, 80, 0, 0, 0.06%, 9, 0, 6, 272.21
1733648722, 35, 49, 80, 0, 0, 0.06%, 9, 0, 6, 255.38
1733648727, 35, 61, 80, 0, 0, 0.06%, 9, 0, 6, 321.84
1733648737, 35, 76, 80, 0, 0, 0.06%, 9, 0, 6, 309.12
1733648758, 36, 12, 80, 0, 0, 0.06%, 9, 0, 6, 274.54
1733648763, 36, 14, 80, 0, 0, 0.06%, 9, 0, 6, 270.01
1733648768, 36, 15, 80, 0, 0, 0.06%, 9, 0, 6, 258.41
1733648773, 36, 25, 80, 0, 0, 0.06%, 9, 0, 6, 243.26
1733648778, 36, 30, 80, 0, 0, 0.06%, 9, 0, 6, 256.53
1733648783, 36, 38, 80, 0, 0, 0.06%, 9, 0, 6, 272.16
1733648799, 36, 43, 80, 0, 0, 0.06%, 9, 0, 6, 266.17
1733648809, 36, 48, 80, 0, 0, 0.06%, 9, 0, 6, 312.71
1733648814, 37, 7, 80, 0, 0, 0.06%, 9, 0, 6, 296.17
1733648819, 37, 12, 80, 0, 0, 0.06%, 9, 0, 6, 261.70
1733648824, 37, 14, 80, 0, 0, 0.06%, 9, 0, 6, 248.17
1733648829, 37, 19, 80, 0, 0, 0.06%, 9, 0, 6, 255.00
1733648834, 37, 25, 80, 0, 0, 0.06%, 9, 0, 6, 253.32
1733648839, 37, 30, 80, 0, 0, 0.06%, 9, 0, 6, 258.05
1733648844, 37, 66, 80, 0, 0, 0.06%, 9, 0, 6, 302.26
1733648854, 37, 78, 80, 0, 0, 0.06%, 9, 0, 6, 293.13
1733648875, 37, 79, 80, 0, 0, 0.06%, 9, 0, 6, 306.60
1733648895, 38, 10, 80, 0, 0, 0.06%, 9, 0, 6, 246.59
1733648900, 38, 12, 80, 0, 0, 0.06%, 9, 0, 6, 249.12
1733648905, 38, 14, 80, 0, 0, 0.06%, 9, 0, 6, 252.31
1733648910, 38, 19, 80, 0, 0, 0.06%, 9, 0, 6, 253.87
1733648915, 38, 25, 80, 0, 0, 0.06%, 9, 0, 6, 257.15
1733648920, 38, 30, 80, 0, 0, 0.06%, 9, 0, 6, 267.69
1733648926, 38, 33, 80, 0, 0, 0.06%, 9, 0, 6, 296.01
1733648936, 39, 12, 80, 0, 0, 0.06%, 9, 0, 6, 260.83
1733648941, 39, 14, 80, 0, 0, 0.06%, 9, 0, 6, 266.16
1733648946, 39, 19, 80, 0, 0, 0.06%, 9, 0, 6, 267.18
1733648951, 39, 25, 80, 0, 0, 0.06%, 9, 0, 6, 250.98
1733648956, 39, 30, 80, 0, 0, 0.06%, 9, 0, 6, 255.67
1733648961, 39, 33, 80, 0, 0, 0.06%, 9, 0, 6, 292.57
1733648966, 40, 10, 80, 0, 0, 0.06%, 9, 0, 6, 277.44
1733648971, 40, 13, 80, 0, 0, 0.06%, 9, 0, 6, 251.39
1733648976, 40, 15, 80, 0, 0, 0.06%, 9, 0, 6, 259.61
1733648981, 40, 19, 80, 0, 0, 0.06%, 9, 0, 6, 255.73
1733648987, 40, 25, 80, 0, 0, 0.06%, 9, 0, 6, 275.43
1733648992, 40, 30, 80, 0, 0, 0.06%, 9, 0, 6, 262.37
1733648997, 41, 12, 80, 0, 0, 0.06%, 9, 0, 6, 254.44
1733649002, 41, 14, 80, 0, 0, 0.06%, 9, 0, 6, 264.15
1733649007, 41, 19, 80, 0, 0, 0.06%, 9, 0, 6, 260.93
1733649012, 41, 25, 80, 0, 0, 0.06%, 9, 0, 6, 253.68
1733649017, 41, 28, 80, 0, 0, 0.06%, 9, 0, 6, 259.87
1733649027, 41, 30, 80, 0, 0, 0.06%, 9, 0, 6, 252.45
1733649032, 41, 31, 80, 0, 0, 0.06%, 9, 0, 6, 294.98
1733649053, 41, 66, 80, 0, 0, 0.06%, 9, 0, 6, 263.49
1733649063, 42, 10, 80, 0, 0, 0.06%, 9, 0, 6, 263.13
1733649068, 42, 13, 80, 0, 0, 0.06%, 9, 0, 6, 247.20
1733649073, 42, 15, 80, 0, 0, 0.06%, 9, 0, 6, 251.09
1733649078, 42, 19, 80, 0, 0, 0.06%, 9, 0, 6, 255.91
1733649083, 42, 25, 80, 0, 0, 0.06%, 9, 0, 6, 274.55
1733649088, 42, 30, 80, 0, 0, 0.06%, 9, 0, 6, 272.55
1733649093, 42, 47, 80, 0, 0, 0.06%, 9, 0, 6, 269.40
1733649104, 43, 12, 80, 0, 0, 0.06%, 9, 0, 6, 259.70
1733649109, 43, 14, 80, 0, 0, 0.06%, 9, 0, 6, 268.63
1733649114, 43, 15, 80, 0, 0, 0.06%, 9, 0, 6, 264.82
1733649119, 43, 24, 80, 0, 0, 0.06%, 9, 0, 6, 279.36
1733649139, 43, 25, 80, 0, 0, 0.06%, 9, 0, 6, 259.87
1733649144, 43, 30, 80, 0, 0, 0.06%, 9, 0, 6, 255.53
1733649149, 43, 61, 80, 0, 0, 0.06%, 9, 0, 6, 299.47
1733649159, 44, 10, 80, 0, 0, 0.06%, 9, 0, 6, 275.04
1733649165, 44, 12, 80, 0, 0, 0.06%, 9, 0, 6, 252.35
1733649170, 44, 14, 80, 0, 0, 0.06%, 9, 0, 6, 258.62
1733649175, 44, 19, 80, 0, 0, 0.06%, 9, 0, 6, 252.02
1733649180, 44, 20, 80, 0, 0, 0.06%, 9, 0, 6, 256.41
1733649185, 44, 22, 80, 0, 0, 0.06%, 9, 0, 6, 249.86
1733649195, 44, 25, 80, 0, 0, 0.06%, 9, 0, 6, 258.88
1733649200, 44, 30, 80, 0, 0, 0.06%, 9, 0, 6, 254.74
1733649205, 44, 79, 80, 0, 0, 0.06%, 9, 0, 6, 298.36
1733649225, 45, 10, 80, 0, 0, 0.06%, 9, 0, 6, 273.57
1733649231, 45, 13, 80, 0, 0, 0.06%, 9, 0, 6, 254.22
1733649236, 45, 15, 80, 0, 0, 0.06%, 9, 0, 6, 252.78
1733649241, 45, 25, 80, 0, 0, 0.06%, 9, 0, 6, 269.37
1733649251, 45, 27, 80, 0, 0, 0.06%, 9, 0, 6, 250.97
1733649271, 45, 30, 80, 0, 0, 0.06%, 9, 0, 6, 243.18
1733649277, 45, 62, 80, 0, 0, 0.06%, 9, 0, 6, 312.71
1733649287, 45, 78, 80, 0, 0, 0.06%, 9, 0, 6, 293.92
1733649307, 46, 10, 80, 0, 0, 0.06%, 9, 0, 6, 262.95
1733649312, 46, 13, 80, 0, 0, 0.06%, 9, 0, 6, 248.03
1733649317, 46, 15, 80, 0, 0, 0.06%, 9, 0, 6, 253.23
1733649322, 46, 19, 80, 0, 0, 0.06%, 9, 0, 6, 248.49
1733649328, 46, 25, 80, 0, 0, 0.06%, 9, 0, 6, 261.56
1733649333, 46, 30, 80, 0, 0, 0.06%, 9, 0, 6, 265.69
1733649338, 46, 36, 80, 0, 0, 0.06%, 9, 0, 6, 246.98
1733649348, 46, 66, 80, 0, 0, 0.06%, 9, 0, 6, 286.48
1733649353, 47, 10, 80, 0, 0, 0.06%, 9, 0, 6, 265.37
1733649358, 47, 13, 80, 0, 0, 0.06%, 9, 0, 6, 254.35
1733649363, 47, 15, 80, 0, 0, 0.06%, 9, 0, 6, 258.86
1733649368, 47, 19, 80, 0, 0, 0.06%, 9, 0, 6, 254.53
1733649373, 47, 25, 80, 0, 0, 0.06%, 9, 0, 6, 277.85
1733649378, 47, 29, 80, 0, 0, 0.06%, 9, 0, 6, 249.80
1733649388, 47, 30, 80, 0, 0, 0.06%, 9, 0, 6, 248.40
1733649393, 47, 50, 80, 0, 0, 0.06%, 9, 0, 6, 272.85
1733649399, 47, 61, 80, 0, 0, 0.06%, 9, 0, 6, 319.30
1733649404, 47, 79, 80, 0, 0, 0.06%, 9, 0, 6, 328.23
1733649424, 48, 12, 80, 0, 0, 0.06%, 9, 0, 6, 257.42
1733649429, 48, 13, 80, 0, 0, 0.06%, 9, 0, 6, 255.84
1733649434, 48, 15, 80, 0, 0, 0.06%, 9, 0, 6, 252.36
1733649439, 48, 25, 80, 0, 0, 0.06%, 9, 0, 6, 246.76
1733649444, 48, 26, 80, 0, 0, 0.06%, 9, 0, 6, 249.50
1733649469, 48, 30, 80, 0, 0, 0.06%, 9, 0, 6, 251.81
1733649474, 48, 44, 80, 0, 0, 0.06%, 9, 0, 6, 271.59
1733649495, 48, 52, 80, 0, 0, 0.06%, 9, 0, 6, 275.64
1733649510, 48, 66, 80, 0, 0, 0.06%, 9, 0, 6, 268.65
1733649515, 48, 79, 80, 0, 0, 0.06%, 9, 0, 6, 289.59
1733649520, 49, 10, 80, 0, 0, 0.06%, 9, 0, 6, 293.65
1733649525, 49, 12, 80, 0, 0, 0.06%, 9, 0, 6, 273.27
1733649530, 49, 14, 80, 0, 0, 0.06%, 9, 0, 6, 262.02
1733649535, 49, 19, 80, 0, 0, 0.06%, 9, 0, 6, 252.01
1733649540, 49, 22, 80, 0, 0, 0.06%, 9, 0, 6, 260.19
1733649545, 49, 25, 80, 0, 0, 0.06%, 9, 0, 6, 264.06
1733649550, 49, 30, 80, 0, 0, 0.06%, 9, 0, 6, 253.03
1733649555, 50, 12, 80, 0, 0, 0.06%, 9, 0, 6, 262.43
1733649560, 50, 14, 80, 0, 0, 0.06%, 9, 0, 6, 258.37
1733649565, 50, 15, 80, 0, 0, 0.06%, 9, 0, 6, 254.25
1733649570, 50, 16, 80, 0, 0, 0.06%, 9, 0, 6, 249.46
1733649575, 50, 25, 80, 0, 0, 0.06%, 9, 0, 6, 248.88
1733649580, 50, 26, 80, 0, 0, 0.06%, 9, 0, 6, 254.99
1733649591, 50, 30, 80, 0, 0, 0.06%, 9, 0, 6, 258.40
1733649601, 50, 52, 80, 0, 0, 0.06%, 9, 0, 6, 272.07
1733649606, 50, 60, 80, 0, 0, 0.06%, 9, 0, 6, 312.17
1733649616, 51, 12, 80, 0, 0, 0.06%, 9, 0, 6, 267.08
1733649621, 51, 14, 80, 0, 0, 0.06%, 9, 0, 6, 249.31
1733649626, 51, 19, 80, 0, 0, 0.06%, 9, 0, 6, 256.29
1733649631, 51, 25, 80, 0, 0, 0.06%, 9, 0, 6, 246.37
1733649636, 51, 30, 80, 0, 0, 0.06%, 9, 0, 6, 251.22
1733649641, 51, 34, 80, 0, 0, 0.06%, 9, 0, 6, 254.79
1733649667, 51, 68, 80, 0, 0, 0.06%, 9, 0, 6, 289.98
1733649677, 52, 10, 80, 0, 0, 0.06%, 9, 0, 6, 262.27
1733649682, 52, 13, 80, 0, 0, 0.06%, 9, 0, 6, 251.66
1733649687, 52, 15, 80, 0, 0, 0.06%, 9, 0, 6, 256.57
1733649692, 52, 25, 80, 0, 0, 0.06%, 9, 0, 6, 259.00
1733649702, 52, 30, 80, 0, 0, 0.06%, 9, 0, 6, 260.11
1733649707, 52, 42, 80, 0, 0, 0.06%, 9, 0, 6, 255.40
1733649717, 52, 55, 80, 0, 0, 0.06%, 9, 0, 6, 261.52
1733649727, 52, 65, 80, 0, 0, 0.06%, 9, 0, 6, 288.39
1733649738, 52, 77, 80, 0, 0, 0.06%, 9, 0, 6, 272.48
1733649763, 53, 12, 80, 0, 0, 0.06%, 9, 0, 6, 259.01
1733649768, 53, 14, 80, 0, 0, 0.06%, 9, 0, 6, 252.69
1733649773, 53, 19, 80, 0, 0, 0.06%, 9, 0, 6, 260.65
1733649778, 53, 23, 80, 0, 0, 0.06%, 9, 0, 6, 266.73
1733649798, 53, 24, 80, 0, 0, 0.06%, 9, 0, 6, 278.34
1733649809, 53, 25, 80, 0, 0, 0.06%, 9, 0, 6, 253.71
1733649814, 53, 30, 80, 0, 0, 0.06%, 9, 0, 6, 248.99
1733649819, 53, 78, 80, 0, 0, 0.06%, 9, 0, 6, 299.27
1733649839, 54, 10, 80, 0, 0, 0.06%, 9, 0, 6, 263.04
1733649844, 54, 12, 80, 0, 0, 0.06%, 9, 0, 6, 255.99
1733649849, 54, 14, 80, 0, 0, 0.06%, 9, 0, 6, 252.74
1733649854, 54, 19, 80, 0, 0, 0.06%, 9, 0, 6, 251.18
1733649859, 54, 25, 80, 0, 0, 0.06%, 9, 0, 6, 259.11
1733649865, 54, 30, 80, 0, 0, 0.06%, 9, 0, 6, 252.88
1733649870, 54, 44, 80, 0, 0, 0.06%, 9, 0, 6, 276.19
1733649880, 55, 10, 80, 0, 0, 0.06%, 9, 0, 6, 251.94
1733649885, 55, 13, 80, 0, 0, 0.06%, 9, 0, 6, 251.68
1733649890, 55, 15, 80, 0, 0, 0.06%, 9, 0, 6, 259.13
1733649895, 55, 25, 80, 0, 0, 0.06%, 9, 0, 6, 242.75
1733649900, 55, 30, 80, 0, 0, 0.06%, 9, 0, 6, 270.66
1733649905, 55, 31, 80, 0, 0, 0.06%, 9, 0, 6, 287.19
1733649920, 55, 34, 80, 0, 0, 0.06%, 9, 0, 6, 249.93
1733649930, 55, 47, 80, 0, 0, 0.06%, 9, 0, 6, 264.35
1733649940, 55, 51, 80, 0, 0, 0.06%, 9, 0, 6, 273.39
1733649945, 56, 10, 80, 0, 0, 0.06%, 9, 0, 6, 255.93
1733649951, 56, 13, 80, 0, 0, 0.06%, 9, 0, 6, 251.77
1733649956, 56, 15, 80, 0, 0, 0.06%, 9, 0, 6, 257.38
1733649961, 56, 25, 80, 0, 0, 0.06%, 9, 0, 6, 271.96
1733649966, 56, 30, 80, 0, 0, 0.06%, 9, 0, 6, 271.45
1733649976, 56, 52, 80, 0, 0, 0.06%, 9, 0, 6, 262.92
1733649981, 56, 62, 80, 0, 0, 0.06%, 9, 0, 6, 300.56
1733649986, 57, 12, 80, 0, 0, 0.06%, 9, 0, 6, 278.33
1733649991, 57, 14, 80, 0, 0, 0.06%, 9, 0, 6, 254.35
1733649997, 57, 19, 80, 0, 0, 0.06%, 9, 0, 6, 253.03
1733650002, 57, 25, 80, 0, 0, 0.06%, 9, 0, 6, 249.98
1733650007, 57, 29, 80, 0, 0, 0.06%, 9, 0, 6, 246.59
1733650017, 57, 30, 80, 0, 0, 0.06%, 9, 0, 6, 257.15
1733650022, 57, 34, 80, 0, 0, 0.06%, 9, 0, 6, 255.38
1733650037, 57, 45, 80, 0, 0, 0.06%, 9, 0, 6, 305.50
1733650057, 57, 49, 80, 0, 0, 0.06%, 9, 0, 6, 272.29
1733650063, 57, 73, 80, 0, 0, 0.06%, 9, 0, 6, 290.23
1733650083, 58, 12, 80, 0, 0, 0.06%, 9, 0, 6, 244.09
1733650088, 58, 14, 80, 0, 0, 0.06%, 9, 0, 6, 250.12
1733650094, 58, 19, 80, 0, 0, 0.06%, 9, 0, 6, 262.07
1733650099, 58, 25, 80, 0, 0, 0.06%, 9, 0, 6, 242.68
1733650104, 58, 30, 80, 0, 0, 0.06%, 9, 0, 6, 255.03
1733650109, 58, 33, 80, 0, 0, 0.06%, 9, 0, 6, 292.23
1733650114, 58, 41, 80, 0, 0, 0.06%, 9, 0, 6, 286.52
1733650134, 58, 67, 80, 0, 0, 0.06%, 9, 0, 6, 301.18
1733650139, 59, 10, 80, 0, 0, 0.06%, 9, 0, 6, 260.40
1733650144, 59, 13, 80, 0, 0, 0.06%, 9, 0, 6, 254.73
1733650150, 59, 15, 80, 0, 0, 0.06%, 9, 0, 6, 257.58
1733650155, 59, 19, 80, 0, 0, 0.06%, 9, 0, 6, 253.45
1733650160, 59, 25, 80, 0, 0, 0.06%, 9, 0, 6, 252.90
1733650165, 59, 30, 80, 0, 0, 0.06%, 9, 0, 6, 273.52
1733650170, 59, 57, 80, 0, 0, 0.06%, 9, 0, 6, 284.33
1733650180, 59, 66, 80, 0, 0, 0.06%, 9, 0, 6, 270.25
1733650185, 60, 12, 80, 0, 0, 0.06%, 9, 0, 6, 251.30
1733650190, 60, 13, 80, 0, 0, 0.06%, 9, 0, 6, 256.74
1733650195, 60, 15, 80, 0, 0, 0.06%, 9, 0, 6, 255.83
1733650200, 60, 25, 80, 0, 0, 0.06%, 9, 0, 6, 246.48
1733650205, 60, 30, 80, 0, 0, 0.06%, 9, 0, 6, 267.36
1733650210, 60, 63, 80, 0, 0, 0.06%, 9, 0, 6, 265.82
1733650231, 61, 10, 80, 0, 0, 0.06%, 9, 0, 6, 247.83
1733650236, 61, 13, 80, 0, 0, 0.06%, 9, 0, 6, 257.80
1733650241, 61, 14, 80, 0, 0, 0.06%, 9, 0, 6, 262.62
1733650246, 61, 17, 80, 0, 0, 0.06%, 9, 0, 6, 242.45
1733650256, 61, 19, 80, 0, 0, 0.06%, 9, 0, 6, 257.19
1733650261, 61, 22, 80, 0, 0, 0.06%, 9, 0, 6, 269.46
1733650266, 61, 25, 80, 0, 0, 0.06%, 9, 0, 6, 268.87
1733650271, 61, 26, 80, 0, 0, 0.06%, 9, 0, 6, 251.38
1733650281, 61, 30, 80, 0, 0, 0.06%, 9, 0, 6, 258.07
1733650286, 61, 44, 80, 0, 0, 0.06%, 9, 0, 6, 265.66
1733650296, 61, 46, 80, 0, 0, 0.06%, 9, 0, 6, 274.32
1733650302, 61, 68, 80, 0, 0, 0.06%, 9, 0, 6, 264.25
1733650307, 62, 10, 80, 0, 0, 0.06%, 9, 0, 6, 275.49
1733650312, 62, 12, 80, 0, 0, 0.06%, 9, 0, 6, 267.27
1733650317, 62, 14, 80, 0, 0, 0.06%, 9, 0, 6, 255.16
1733650322, 62, 19, 80, 0, 0, 0.06%, 9, 0, 6, 257.92
1733650327, 62, 25, 80, 0, 0, 0.06%, 9, 0, 6, 264.35
1733650332, 62, 28, 80, 0, 0, 0.06%, 9, 0, 6, 267.94
1733650337, 62, 30, 80, 0, 0, 0.06%, 9, 0, 6, 264.76
1733650342, 62, 58, 80, 0, 0, 0.06%, 9, 0, 6, 269.73
1733650347, 62, 73, 80, 0, 0, 0.06%, 9, 0, 6, 266.97
1733650357, 63, 10, 80, 0, 0, 0.06%, 9, 0, 6, 264.52
1733650362, 63, 13, 80, 0, 0, 0.06%, 9, 0, 6, 254.89
1733650367, 63, 15, 80, 0, 0, 0.06%, 9, 0, 6, 258.42
1733650372, 63, 25, 80, 0, 0, 0.06%, 9, 0, 6, 254.54
1733650382, 63, 30, 80, 0, 0, 0.06%, 9, 0, 6, 268.93
1733650387, 63, 36, 80, 0, 0, 0.06%, 9, 0, 6, 246.05
1733650397, 63, 52, 80, 0, 0, 0.06%, 9, 0, 6, 263.87
1733650402, 63, 65, 80, 0, 0, 0.06%, 9, 0, 6, 280.45
1733650407, 63, 71, 80, 0, 0, 0.06%, 9, 0, 6, 268.71
1733650412, 64, 10, 80, 0, 0, 0.06%, 9, 0, 6, 268.83
1733650418, 64, 13, 80, 0, 0, 0.06%, 9, 0, 6, 255.19
1733650423, 64, 15, 80, 0, 0, 0.06%, 9, 0, 6, 254.13
1733650428, 64, 19, 80, 0, 0, 0.06%, 9, 0, 6, 251.21
1733650433, 64, 25, 80, 0, 0, 0.06%, 9, 0, 6, 269.72
1733650438, 64, 30, 80, 0, 0, 0.06%, 9, 0, 6, 282.45
1733650443, 64, 48, 80, 0, 0, 0.06%, 9, 0, 6, 286.85
1733650448, 64, 52, 80, 0, 0, 0.06%, 9, 0, 6, 273.84
1733650453, 64, 72, 80, 0, 0, 0.06%, 9, 0, 6, 299.68
1733650474, 65, 12, 80, 0, 0, 0.06%, 9, 0, 6, 267.55
1733650479, 65, 13, 80, 0, 0, 0.06%, 9, 0, 6, 268.22
1733650484, 65, 15, 80, 0, 0, 0.06%, 9, 0, 6, 253.65
1733650489, 65, 21, 80, 0, 0, 0.06%, 9, 0, 6, 258.48
1733650499, 65, 25, 80, 0, 0, 0.06%, 9, 0, 6, 267.68
1733650509, 65, 30, 80, 0, 0, 0.06%, 9, 0, 6, 261.90
1733650514, 65, 45, 80, 0, 0, 0.06%, 9, 0, 6, 301.78
1733650524, 65, 47, 80, 0, 0, 0.06%, 9, 0, 6, 268.79
1733650529, 65, 70, 80, 0, 0, 0.06%, 9, 0, 6, 268.70
1733650534, 66, 12, 80, 0, 0, 0.06%, 9, 0, 6, 248.87
1733650540, 66, 14, 80, 0, 0, 0.06%, 9, 0, 6, 260.04
1733650545, 66, 19, 80, 0, 0, 0.06%, 9, 0, 6, 252.14
1733650550, 66, 24, 80, 0, 0, 0.06%, 9, 0, 6, 269.92
1733650560, 66, 25, 80, 0, 0, 0.06%, 9, 0, 6, 249.22
