# unix_time, cycles_done, cur_path, paths_total, pending_total, pending_favs, map_size, unique_crashes, unique_hangs, max_depth, execs_per_sec
1735471902, 0, 0, 10, 10, 1, 0.00%, 0, 0, 1, 148.15
1735471907, 0, 4, 10, 10, 1, 0.00%, 0, 0, 1, 195.49
1735471912, 0, 5, 10, 9, 0, 0.00%, 0, 0, 1, 201.39
1735471917, 0, 6, 10, 8, 0, 0.00%, 0, 0, 1, 197.85
1735471927, 0, 7, 10, 7, 0, 0.00%, 0, 0, 1, 200.88
1735471938, 0, 8, 10, 6, 0, 0.00%, 0, 0, 1, 197.20
1735471943, 0, 9, 10, 5, 0, 0.00%, 0, 0, 1, 188.18
1735471953, 1, 0, 10, 4, 0, 0.00%, 0, 0, 1, 194.24
1735471963, 1, 1, 10, 3, 0, 0.00%, 0, 0, 1, 194.19
1735471973, 1, 2, 10, 2, 0, 0.00%, 0, 0, 1, 195.40
1735471979, 1, 3, 10, 1, 0, 0.00%, 0, 0, 1, 184.81
1735471989, 1, 4, 10, 0, 0, 0.00%, 0, 0, 1, 193.77
1735471994, 1, 5, 10, 0, 0, 0.00%, 0, 0, 1, 194.55
1735471999, 1, 7, 10, 0, 0, 0.00%, 0, 0, 1, 194.97
1735472005, 1, 8, 10, 0, 0, 0.00%, 0, 0, 1, 191.29
1735472010, 1, 9, 10, 0, 0, 0.00%, 0, 0, 1, 196.53
1735472015, 2, 1, 10, 0, 0, 0.00%, 0, 0, 1, 197.47
1735472020, 2, 2, 10, 0, 0, 0.00%, 0, 0, 1, 195.28
1735472025, 2, 4, 10, 0, 0, 0.00%, 0, 0, 1, 198.03
1735472030, 2, 5, 10, 0, 0, 0.00%, 0, 0, 1, 196.80
1735472036, 2, 7, 10, 0, 0, 0.00%, 0, 0, 1, 197.99
1735472041, 2, 8, 10, 0, 0, 0.00%, 0, 0, 1, 195.22
1735472046, 2, 9, 10, 0, 0, 0.00%, 0, 0, 1, 194.38
1735472051, 3, 1, 10, 0, 0, 0.00%, 0, 0, 1, 196.24
1735472056, 3, 2, 10, 0, 0, 0.00%, 0, 0, 1, 196.71
1735472061, 3, 4, 10, 0, 0, 0.00%, 0, 0, 1, 197.33
1735472066, 3, 5, 10, 0, 0, 0.00%, 0, 0, 1, 194.64
1735472072, 3, 6, 10, 0, 0, 0.00%, 0, 0, 1, 194.07
1735472077, 3, 8, 10, 0, 0, 0.00%, 0, 0, 1, 192.67
1735472082, 3, 9, 10, 0, 0, 0.00%, 0, 0, 1, 193.85
1735472087, 4, 0, 10, 0, 0, 0.00%, 0, 0, 1, 193.27
1735472092, 4, 2, 10, 0, 0, 0.00%, 0, 0, 1, 194.32
1735472097, 4, 3, 10, 0, 0, 0.00%, 0, 0, 1, 195.85
1735472102, 4, 5, 10, 0, 0, 0.00%, 0, 0, 1, 199.38
1735472107, 4, 6, 10, 0, 0, 0.00%, 0, 0, 1, 197.87
1735472113, 4, 8, 10, 0, 0, 0.00%, 0, 0, 1, 197.28
1735472118, 4, 9, 10, 0, 0, 0.00%, 0, 0, 1, 193.64
1735472123, 5, 0, 10, 0, 0, 0.00%, 0, 0, 1, 195.12
1735472128, 5, 2, 10, 0, 0, 0.00%, 0, 0, 1, 196.42
1735472133, 5, 3, 10, 0, 0, 0.00%, 0, 0, 1, 197.29
1735472139, 5, 5, 10, 0, 0, 0.00%, 0, 0, 1, 194.71
1735472144, 5, 6, 10, 0, 0, 0.00%, 0, 0, 1, 194.28
1735472149, 5, 7, 10, 0, 0, 0.00%, 0, 0, 1, 193.12
1735472154, 5, 9, 10, 0, 0, 0.00%, 0, 0, 1, 197.49
1735472159, 6, 0, 10, 0, 0, 0.00%, 0, 0, 1, 192.67
1735472164, 6, 2, 10, 0, 0, 0.00%, 0, 0, 1, 194.22
1735472170, 6, 3, 10, 0, 0, 0.00%, 0, 0, 1, 195.46
1735472175, 6, 5, 10, 0, 0, 0.00%, 0, 0, 1, 197.01
1735472180, 6, 6, 10, 0, 0, 0.00%, 0, 0, 1, 193.56
1735472185, 6, 7, 10, 0, 0, 0.00%, 0, 0, 1, 194.95
1735472190, 6, 9, 10, 0, 0, 0.00%, 0, 0, 1, 194.04
1735472195, 7, 0, 10, 0, 0, 0.00%, 0, 0, 1, 197.58
1735472200, 7, 1, 10, 0, 0, 0.00%, 0, 0, 1, 196.69
1735472205, 7, 3, 10, 0, 0, 0.00%, 0, 0, 1, 195.45
1735472211, 7, 4, 10, 0, 0, 0.00%, 0, 0, 1, 195.68
1735472216, 7, 6, 10, 0, 0, 0.00%, 0, 0, 1, 197.25
1735472221, 7, 7, 10, 0, 0, 0.00%, 0, 0, 1, 195.76
1735472226, 7, 8, 10, 0, 0, 0.00%, 0, 0, 1, 197.96
1735472231, 8, 0, 10, 0, 0, 0.00%, 0, 0, 1, 198.11
1735472236, 8, 1, 10, 0, 0, 0.00%, 0, 0, 1, 196.89
1735472241, 8, 3, 10, 0, 0, 0.00%, 0, 0, 1, 198.74
1735472246, 8, 4, 10, 0, 0, 0.00%, 0, 0, 1, 201.16
1735472251, 8, 6, 10, 0, 0, 0.00%, 0, 0, 1, 198.20
1735472257, 8, 7, 10, 0, 0, 0.00%, 0, 0, 1, 200.90
1735472262, 8, 8, 10, 0, 0, 0.00%, 0, 0, 1, 198.33
1735472267, 9, 0, 10, 0, 0, 0.00%, 0, 0, 1, 197.60
1735472272, 9, 1, 10, 0, 0, 0.00%, 0, 0, 1, 196.44
1735472277, 9, 3, 10, 0, 0, 0.00%, 0, 0, 1, 197.78
1735472282, 9, 4, 10, 0, 0, 0.00%, 0, 0, 1, 196.54
1735472287, 9, 5, 10, 0, 0, 0.00%, 0, 0, 1, 197.75
1735472293, 9, 7, 10, 0, 0, 0.00%, 0, 0, 1, 198.92
1735472298, 9, 8, 10, 0, 0, 0.00%, 0, 0, 1, 196.42
1735472303, 10, 0, 10, 0, 0, 0.00%, 0, 0, 1, 193.31
1735472308, 10, 1, 10, 0, 0, 0.00%, 0, 0, 1, 193.72
1735472313, 10, 3, 10, 0, 0, 0.00%, 0, 0, 1, 195.12
1735472319, 10, 4, 10, 0, 0, 0.00%, 0, 0, 1, 194.17
1735472324, 10, 5, 10, 0, 0, 0.00%, 0, 0, 1, 198.01
1735472329, 10, 7, 10, 0, 0, 0.00%, 0, 0, 1, 195.63
1735472334, 10, 8, 10, 0, 0, 0.00%, 0, 0, 1, 199.58
1735472339, 10, 9, 10, 0, 0, 0.00%, 0, 0, 1, 196.22
1735472344, 11, 1, 10, 0, 0, 0.00%, 0, 0, 1, 195.49
1735472349, 11, 2, 10, 0, 0, 0.00%, 0, 0, 1, 200.15
1735472355, 11, 4, 10, 0, 0, 0.00%, 0, 0, 1, 196.23
1735472360, 11, 5, 10, 0, 0, 0.00%, 0, 0, 1, 195.81
1735472365, 11, 7, 10, 0, 0, 0.00%, 0, 0, 1, 193.90
1735472370, 11, 8, 10, 0, 0, 0.00%, 0, 0, 1, 195.01
1735472375, 11, 9, 10, 0, 0, 0.00%, 0, 0, 1, 198.34
1735472380, 12, 1, 10, 0, 0, 0.00%, 0, 0, 1, 199.99
1735472386, 12, 2, 10, 0, 0, 0.00%, 0, 0, 1, 196.01
1735472391, 12, 4, 10, 0, 0, 0.00%, 0, 0, 1, 191.75
1735472396, 12, 5, 10, 0, 0, 0.00%, 0, 0, 1, 196.72
1735472401, 12, 6, 10, 0, 0, 0.00%, 0, 0, 1, 196.08
1735472406, 12, 8, 10, 0, 0, 0.00%, 0, 0, 1, 193.36
1735472412, 12, 9, 10, 0, 0, 0.00%, 0, 0, 1, 192.34
1735472417, 13, 0, 10, 0, 0, 0.00%, 0, 0, 1, 192.45
1735472422, 13, 2, 10, 0, 0, 0.00%, 0, 0, 1, 194.20
1735472427, 13, 3, 10, 0, 0, 0.00%, 0, 0, 1, 194.73
1735472432, 13, 5, 10, 0, 0, 0.00%, 0, 0, 1, 194.97
1735472437, 13, 6, 10, 0, 0, 0.00%, 0, 0, 1, 195.70
1735472443, 13, 8, 10, 0, 0, 0.00%, 0, 0, 1, 195.36
1735472448, 13, 9, 10, 0, 0, 0.00%, 0, 0, 1, 191.09
1735472453, 14, 0, 10, 0, 0, 0.00%, 0, 0, 1, 196.37
1735472458, 14, 2, 10, 0, 0, 0.00%, 0, 0, 1, 197.66
1735472463, 14, 3, 10, 0, 0, 0.00%, 0, 0, 1, 196.81
1735472468, 14, 5, 10, 0, 0, 0.00%, 0, 0, 1, 197.86
1735472474, 14, 6, 10, 0, 0, 0.00%, 0, 0, 1, 194.80
1735472479, 14, 7, 10, 0, 0, 0.00%, 0, 0, 1, 192.89
1735472484, 14, 9, 10, 0, 0, 0.00%, 0, 0, 1, 191.50
1735472489, 15, 0, 10, 0, 0, 0.00%, 0, 0, 1, 194.08
1735472494, 15, 2, 10, 0, 0, 0.00%, 0, 0, 1, 195.21
1735472500, 15, 3, 10, 0, 0, 0.00%, 0, 0, 1, 194.94
1735472505, 15, 5, 10, 0, 0, 0.00%, 0, 0, 1, 200.67
1735472510, 15, 6, 10, 0, 0, 0.00%, 0, 0, 1, 201.72
1735472515, 15, 7, 10, 0, 0, 0.00%, 0, 0, 1, 201.68
1735472520, 15, 9, 10, 0, 0, 0.00%, 0, 0, 1, 199.77
1735472525, 16, 0, 10, 0, 0, 0.00%, 0, 0, 1, 200.16
1735472530, 16, 2, 10, 0, 0, 0.00%, 0, 0, 1, 200.18
1735472535, 16, 3, 10, 0, 0, 0.00%, 0, 0, 1, 205.02
1735472540, 16, 5, 10, 0, 0, 0.00%, 0, 0, 1, 206.64
1735472545, 16, 6, 10, 0, 0, 0.00%, 0, 0, 1, 205.21
1735472550, 16, 7, 10, 0, 0, 0.00%, 0, 0, 1, 204.25
1735472556, 16, 9, 10, 0, 0, 0.00%, 0, 0, 1, 203.67
1735472561, 17, 0, 10, 0, 0, 0.00%, 0, 0, 1, 204.12
1735472566, 17, 2, 10, 0, 0, 0.00%, 0, 0, 1, 201.04
1735472571, 17, 3, 10, 0, 0, 0.00%, 0, 0, 1, 202.37
1735472576, 17, 5, 10, 0, 0, 0.00%, 0, 0, 1, 205.72
1735472581, 17, 6, 10, 0, 0, 0.00%, 0, 0, 1, 206.48
1735472586, 17, 7, 11, 1, 0, 0.05%, 1, 0, 2, 201.68
1735472591, 17, 10, 15, 5, 1, 0.06%, 5, 0, 3, 231.80
1735472632, 17, 10, 16, 6, 1, 0.06%, 6, 0, 3, 221.65
1735472642, 17, 10, 17, 7, 1, 0.06%, 6, 0, 3, 218.15
1735472647, 17, 10, 19, 9, 1, 0.06%, 6, 0, 3, 220.65
1735472662, 17, 10, 20, 10, 1, 0.06%, 6, 0, 3, 219.10
1735472672, 17, 10, 21, 11, 1, 0.06%, 6, 0, 3, 220.71
1735472683, 17, 10, 22, 12, 1, 0.06%, 6, 0, 3, 221.60
1735472718, 17, 12, 22, 11, 4, 0.06%, 6, 0, 3, 244.61
1735472754, 17, 12, 25, 14, 4, 0.06%, 6, 0, 4, 250.01
1735472759, 17, 12, 28, 17, 4, 0.06%, 6, 0, 4, 250.77
1735472764, 17, 13, 28, 16, 3, 0.06%, 6, 0, 4, 249.51
1735472795, 17, 13, 29, 17, 3, 0.06%, 6, 0, 4, 223.16
1735472830, 17, 14, 30, 17, 2, 0.06%, 6, 0, 4, 259.68
1735472835, 17, 14, 31, 18, 2, 0.06%, 6, 0, 4, 228.17
1735472846, 17, 14, 32, 19, 2, 0.06%, 6, 0, 4, 220.05
1735472876, 17, 14, 33, 20, 2, 0.06%, 6, 0, 4, 220.14
1735472937, 17, 14, 34, 21, 2, 0.06%, 7, 0, 4, 217.64
1735472957, 17, 15, 37, 23, 2, 0.06%, 9, 0, 4, 248.45
1735472968, 17, 15, 38, 24, 2, 0.06%, 9, 0, 4, 248.92
1735473003, 17, 15, 39, 25, 2, 0.06%, 9, 0, 4, 251.44
1735473054, 17, 15, 40, 26, 2, 0.06%, 9, 0, 4, 247.10
1735473069, 17, 15, 41, 27, 2, 0.06%, 9, 0, 4, 235.55
1735473074, 17, 34, 43, 28, 3, 0.06%, 9, 0, 4, 278.63
1735473079, 17, 34, 44, 29, 3, 0.06%, 9, 0, 5, 264.93
1735473099, 17, 34, 45, 30, 3, 0.06%, 9, 0, 5, 260.61
1735473115, 17, 34, 46, 31, 3, 0.06%, 9, 0, 5, 249.08
1735473171, 17, 34, 47, 32, 3, 0.06%, 9, 0, 5, 249.38
1735473196, 17, 34, 48, 33, 3, 0.06%, 9, 0, 5, 207.21
1735473206, 17, 35, 48, 32, 2, 0.06%, 9, 0, 5, 271.24
1735473226, 17, 35, 49, 33, 2, 0.06%, 9, 0, 5, 258.63
1735473277, 17, 35, 51, 35, 2, 0.06%, 9, 0, 5, 221.94
1735473282, 17, 35, 53, 37, 2, 0.06%, 9, 0, 5, 284.78
1735473288, 17, 35, 55, 39, 2, 0.06%, 9, 0, 5, 271.92
1735473293, 17, 35, 56, 40, 2, 0.06%, 9, 0, 5, 263.75
1735473298, 17, 48, 56, 39, 2, 0.06%, 9, 0, 5, 278.28
1735473338, 17, 48, 57, 40, 2, 0.06%, 9, 0, 6, 283.33
1735473349, 17, 49, 57, 39, 1, 0.06%, 9, 0, 6, 304.46
1735473389, 17, 49, 59, 41, 1, 0.06%, 9, 0, 6, 244.67
1735473405, 17, 51, 59, 40, 0, 0.06%, 9, 0, 6, 322.76
1735473455, 17, 52, 59, 39, 0, 0.06%, 9, 0, 6, 224.43
1735473466, 17, 52, 60, 40, 0, 0.06%, 9, 0, 6, 310.05
1735473471, 17, 52, 61, 41, 0, 0.06%, 9, 0, 6, 373.35
1735474923, 17, 54, 61, 40, 0, 0.06%, 9, 0, 6, 338.44
1735474969, 17, 54, 62, 41, 0, 0.06%, 9, 0, 6, 305.98
1735474984, 17, 54, 63, 42, 0, 0.06%, 9, 0, 6, 301.30
1735474994, 17, 54, 64, 43, 0, 0.06%, 9, 0, 6, 312.63
1735474999, 17, 54, 65, 44, 0, 0.06%, 9, 0, 6, 305.85
1735475086, 17, 59, 65, 43, 0, 0.06%, 9, 0, 6, 370.37
1735475193, 17, 61, 65, 42, 0, 0.06%, 9, 0, 6, 436.33
1735475203, 17, 61, 66, 43, 0, 0.06%, 9, 0, 7, 305.13
1735475264, 17, 61, 67, 44, 0, 0.06%, 9, 0, 7, 283.87
1735475269, 17, 64, 67, 43, 0, 0.06%, 9, 0, 7, 376.41
1735475279, 17, 64, 68, 44, 0, 0.06%, 9, 0, 7, 371.92
1735475320, 17, 66, 68, 43, 0, 0.06%, 9, 0, 7, 325.17
1735475376, 18, 10, 68, 42, 0, 0.06%, 9, 0, 7, 286.84
1735475386, 18, 12, 68, 42, 0, 0.06%, 9, 0, 7, 258.01
1735475396, 18, 13, 68, 42, 0, 0.06%, 9, 0, 7, 249.81
1735475406, 18, 14, 68, 42, 0, 0.06%, 9, 0, 7, 254.34
1735475416, 18, 15, 68, 42, 0, 0.06%, 9, 0, 7, 279.98
1735475426, 18, 24, 68, 42, 0, 0.06%, 9, 0, 7, 253.53
1735475701, 18, 29, 68, 41, 0, 0.06%, 9, 0, 7, 314.50
1735475803, 18, 31, 68, 40, 0, 0.06%, 9, 0, 7, 427.05
1735475854, 18, 33, 68, 39, 0, 0.06%, 9, 0, 7, 317.66
1735476067, 18, 34, 68, 38, 0, 0.06%, 9, 0, 7, 280.06
1735476082, 18, 34, 69, 39, 0, 0.06%, 9, 0, 7, 274.75
1735476092, 18, 42, 69, 39, 0, 0.06%, 9, 0, 7, 374.99
1735476169, 18, 42, 70, 40, 0, 0.06%, 9, 0, 7, 264.56
1735476179, 18, 46, 70, 39, 0, 0.06%, 9, 0, 7, 346.63
1735476235, 18, 48, 70, 38, 0, 0.06%, 9, 0, 7, 259.17
1735476255, 18, 49, 70, 38, 0, 0.06%, 9, 0, 7, 272.30
1735476276, 18, 50, 70, 38, 0, 0.06%, 9, 0, 7, 397.82
1735476321, 18, 58, 70, 37, 0, 0.06%, 9, 0, 7, 373.44
1735476377, 18, 62, 70, 36, 0, 0.06%, 9, 0, 7, 364.11
1735476586, 18, 62, 71, 37, 0, 0.06%, 9, 0, 7, 378.86
1735476606, 18, 62, 72, 38, 0, 0.06%, 9, 0, 7, 382.94
1735476672, 18, 68, 72, 37, 0, 0.06%, 9, 0, 7, 309.69
1735476794, 19, 10, 72, 36, 0, 0.06%, 9, 0, 7, 286.51
1735476805, 19, 12, 72, 36, 0, 0.06%, 9, 0, 7, 254.50
1735476820, 19, 13, 72, 36, 0, 0.06%, 9, 0, 7, 261.94
1735476830, 19, 14, 72, 36, 0, 0.06%, 9, 0, 7, 243.87
1735476840, 19, 15, 72, 36, 0, 0.06%, 9, 0, 7, 276.26
1735476850, 19, 34, 72, 36, 0, 0.06%, 9, 0, 7, 269.26
1735476870, 19, 36, 72, 36, 0, 0.06%, 9, 0, 7, 280.34
1735476916, 19, 39, 72, 35, 0, 0.06%, 9, 0, 7, 277.97
1735476967, 19, 43, 72, 34, 0, 0.06%, 9, 0, 7, 302.73
1735477013, 19, 47, 72, 33, 0, 0.06%, 9, 0, 7, 298.74
1735477084, 19, 48, 72, 32, 0, 0.06%, 9, 0, 7, 289.66
1735477110, 19, 49, 72, 32, 0, 0.06%, 9, 0, 7, 267.34
1735477130, 19, 56, 72, 32, 0, 0.06%, 9, 0, 7, 428.26
1735477308, 19, 60, 72, 31, 0, 0.06%, 9, 0, 7, 349.83
1735477481, 19, 63, 72, 30, 0, 0.06%, 9, 0, 7, 414.09
1735477552, 19, 70, 72, 29, 0, 0.06%, 9, 0, 7, 255.08
1735477786, 19, 70, 73, 30, 0, 0.06%, 9, 0, 8, 380.76
1735477822, 20, 10, 73, 29, 0, 0.06%, 9, 0, 8, 257.15
1735477827, 20, 11, 73, 29, 0, 0.06%, 9, 0, 8, 283.02
1735477852, 20, 12, 73, 28, 0, 0.06%, 9, 0, 8, 256.94
1735477862, 20, 13, 73, 28, 0, 0.06%, 9, 0, 8, 254.88
1735477872, 20, 14, 73, 28, 0, 0.06%, 9, 0, 8, 249.14
1735477882, 20, 15, 73, 28, 0, 0.06%, 9, 0, 8, 262.35
1735477898, 20, 20, 73, 28, 0, 0.06%, 9, 0, 8, 411.66
1735477928, 20, 23, 73, 27, 0, 0.06%, 9, 0, 8, 309.69
1735477979, 20, 26, 73, 26, 0, 0.06%, 9, 0, 8, 318.36
1735478085, 20, 28, 73, 25, 0, 0.06%, 9, 0, 8, 316.86
1735478172, 20, 32, 73, 24, 0, 0.06%, 9, 0, 8, 287.53
1735478222, 20, 43, 73, 23, 0, 0.06%, 9, 0, 8, 269.21
1735478237, 20, 45, 73, 23, 0, 0.06%, 9, 0, 8, 298.05
1735478288, 20, 48, 73, 22, 0, 0.06%, 9, 0, 8, 274.60
1735478308, 20, 49, 73, 22, 0, 0.06%, 9, 0, 8, 267.90
1735478324, 20, 49, 74, 23, 0, 0.06%, 9, 0, 8, 278.48
1735478329, 20, 65, 74, 23, 0, 0.06%, 9, 0, 8, 273.30
1735478440, 20, 65, 75, 24, 0, 0.06%, 9, 0, 8, 316.53
1735478445, 20, 65, 76, 25, 0, 0.06%, 9, 0, 8, 335.44
1735478547, 20, 67, 76, 24, 0, 0.06%, 9, 0, 8, 385.41
1735478598, 20, 73, 76, 23, 0, 0.06%, 9, 0, 8, 344.36
1735478735, 20, 74, 76, 22, 0, 0.06%, 9, 0, 8, 294.55
1735478872, 21, 10, 76, 21, 0, 0.06%, 9, 0, 8, 254.91
1735478877, 21, 12, 76, 21, 0, 0.06%, 9, 0, 8, 265.24
1735478882, 21, 13, 76, 21, 0, 0.06%, 9, 0, 8, 251.56
1735478887, 21, 14, 76, 21, 0, 0.06%, 9, 0, 8, 257.94
1735478892, 21, 15, 76, 21, 0, 0.06%, 9, 0, 8, 271.49
1735478897, 21, 18, 76, 21, 0, 0.06%, 9, 0, 8, 219.59
1735479364, 21, 27, 76, 20, 0, 0.06%, 9, 0, 8, 351.57
1735479476, 21, 28, 76, 19, 0, 0.06%, 9, 0, 8, 292.49
1735479496, 21, 31, 76, 19, 0, 0.06%, 9, 0, 8, 280.70
1735479516, 21, 37, 76, 19, 0, 0.06%, 9, 0, 8, 287.33
1735479562, 21, 43, 76, 18, 0, 0.06%, 9, 0, 8, 296.64
1735479582, 21, 44, 76, 18, 0, 0.06%, 9, 0, 8, 300.77
1735479638, 21, 48, 76, 17, 0, 0.06%, 9, 0, 8, 274.85
1735479648, 21, 49, 76, 17, 0, 0.06%, 9, 0, 8, 281.47
1735479658, 21, 53, 76, 17, 0, 0.06%, 9, 0, 8, 305.08
1735479699, 22, 5, 76, 16, 0, 0.06%, 9, 0, 8, 298.34
1735479704, 22, 12, 76, 16, 0, 0.06%, 9, 0, 8, 273.21
1735479709, 22, 14, 76, 16, 0, 0.06%, 9, 0, 8, 274.49
1735479714, 22, 22, 76, 16, 0, 0.06%, 9, 0, 8, 262.36
1735480070, 22, 30, 76, 15, 0, 0.06%, 9, 0, 8, 336.11
1735480156, 22, 41, 76, 14, 0, 0.06%, 9, 0, 8, 309.88
1735480202, 22, 43, 76, 13, 0, 0.06%, 9, 0, 8, 266.50
1735480228, 22, 44, 76, 13, 0, 0.06%, 9, 0, 8, 295.99
1735480248, 22, 48, 76, 13, 0, 0.06%, 9, 0, 8, 282.19
1735480253, 22, 49, 76, 13, 0, 0.06%, 9, 0, 8, 288.74
1735480258, 22, 55, 76, 13, 0, 0.06%, 9, 0, 8, 357.25
1735480309, 22, 57, 76, 12, 0, 0.06%, 9, 0, 8, 333.62
1735480360, 22, 75, 76, 11, 0, 0.06%, 9, 0, 8, 267.19
1735480492, 23, 10, 76, 10, 0, 0.06%, 9, 0, 8, 294.84
1735480497, 23, 13, 76, 10, 0, 0.06%, 9, 0, 8, 279.13
1735480502, 23, 17, 76, 10, 0, 0.06%, 9, 0, 8, 289.00
1735480696, 23, 19, 76, 9, 0, 0.06%, 9, 0, 8, 341.75
1735480863, 23, 23, 76, 8, 0, 0.06%, 9, 0, 8, 277.77
1735480884, 23, 42, 76, 8, 0, 0.06%, 9, 0, 8, 307.54
1735480889, 23, 42, 77, 9, 0, 0.06%, 9, 0, 8, 300.42
1735480904, 23, 42, 78, 10, 0, 0.06%, 9, 0, 8, 298.20
1735480914, 23, 43, 78, 10, 0, 0.06%, 9, 0, 8, 278.06
1735480925, 23, 48, 78, 10, 0, 0.06%, 9, 0, 8, 267.74
1735480930, 23, 49, 78, 10, 0, 0.06%, 9, 0, 8, 279.97
1735480935, 23, 58, 78, 10, 0, 0.06%, 9, 0, 8, 287.03
1735480955, 23, 71, 78, 10, 0, 0.06%, 9, 0, 8, 325.91
1735481204, 23, 71, 79, 11, 0, 0.06%, 9, 0, 8, 328.96
1735481209, 23, 74, 79, 10, 0, 0.06%, 9, 0, 8, 324.98
1735481234, 23, 78, 79, 10, 0, 0.06%, 9, 0, 8, 280.73
1735481453, 24, 10, 79, 9, 0, 0.06%, 9, 0, 8, 268.04
1735481458, 24, 13, 79, 9, 0, 0.06%, 9, 0, 8, 271.07
1735481463, 24, 15, 79, 9, 0, 0.06%, 9, 0, 8, 268.53
1735481468, 24, 40, 79, 9, 0, 0.06%, 9, 0, 8, 398.24
1735481514, 24, 43, 79, 8, 0, 0.06%, 9, 0, 8, 284.04
1735481519, 24, 48, 79, 8, 0, 0.06%, 9, 0, 8, 275.91
1735481524, 24, 49, 79, 8, 0, 0.06%, 9, 0, 8, 281.85
1735481529, 24, 72, 79, 8, 0, 0.06%, 9, 0, 8, 279.10
1735481692, 24, 77, 79, 7, 0, 0.06%, 9, 0, 8, 371.61
1735481830, 25, 12, 79, 6, 0, 0.06%, 9, 0, 8, 277.14
1735481835, 25, 14, 79, 6, 0, 0.06%, 9, 0, 8, 278.27
1735481840, 25, 43, 79, 6, 0, 0.06%, 9, 0, 8, 276.80
1735481845, 25, 48, 79, 6, 0, 0.06%, 9, 0, 8, 272.33
1735481850, 25, 49, 79, 6, 0, 0.06%, 9, 0, 8, 283.17
1735481855, 25, 59, 79, 6, 0, 0.06%, 9, 0, 8, 288.48
1735481875, 25, 69, 79, 6, 0, 0.06%, 9, 0, 8, 319.40
1735482018, 26, 12, 79, 5, 0, 0.06%, 9, 0, 8, 283.97
1735482023, 26, 14, 79, 5, 0, 0.06%, 9, 0, 8, 282.66
1735482028, 26, 17, 79, 5, 0, 0.06%, 9, 0, 8, 334.41
1735482038, 26, 21, 79, 5, 0, 0.06%, 9, 0, 8, 301.78
1735482064, 26, 26, 79, 4, 0, 0.06%, 9, 0, 8, 293.39
1735482079, 26, 29, 79, 4, 0, 0.06%, 9, 0, 8, 298.87
1735482100, 26, 43, 79, 4, 0, 0.06%, 9, 0, 8, 283.04
1735482105, 26, 48, 79, 4, 0, 0.06%, 9, 0, 8, 278.54
1735482110, 26, 49, 79, 4, 0, 0.06%, 9, 0, 8, 266.82
1735482115, 27, 10, 79, 4, 0, 0.06%, 9, 0, 8, 269.67
1735482120, 27, 13, 79, 4, 0, 0.06%, 9, 0, 8, 270.97
1735482125, 27, 15, 79, 4, 0, 0.06%, 9, 0, 8, 276.49
1735482130, 27, 27, 79, 4, 0, 0.06%, 9, 0, 8, 295.37
1735482146, 27, 43, 79, 4, 0, 0.06%, 9, 0, 8, 277.05
1735482151, 27, 46, 79, 4, 0, 0.06%, 9, 0, 8, 299.03
1735482176, 27, 49, 79, 4, 0, 0.06%, 9, 0, 8, 288.20
1735482186, 28, 12, 79, 4, 0, 0.06%, 9, 0, 8, 272.61
1735482191, 28, 14, 79, 4, 0, 0.06%, 9, 0, 8, 264.81
1735482196, 28, 38, 79, 4, 0, 0.06%, 9, 0, 8, 323.89
1735482252, 28, 43, 79, 3, 0, 0.06%, 9, 0, 8, 282.38
1735482257, 28, 49, 79, 3, 0, 0.06%, 9, 0, 8, 295.29
1735482268, 28, 66, 79, 3, 0, 0.06%, 9, 0, 8, 275.93
1735482283, 28, 74, 79, 3, 0, 0.06%, 9, 0, 8, 295.13
1735482313, 29, 12, 79, 3, 0, 0.06%, 9, 0, 8, 276.65
1735482318, 29, 14, 79, 3, 0, 0.06%, 9, 0, 8, 262.35
1735482324, 29, 43, 79, 3, 0, 0.06%, 9, 0, 8, 272.65
1735482329, 29, 48, 79, 3, 0, 0.06%, 9, 0, 8, 280.55
1735482334, 29, 49, 79, 3, 0, 0.06%, 9, 0, 8, 281.14
1735482339, 30, 10, 79, 3, 0, 0.06%, 9, 0, 8, 282.17
1735482344, 30, 13, 79, 3, 0, 0.06%, 9, 0, 8, 265.75
1735482349, 30, 15, 79, 3, 0, 0.06%, 9, 0, 8, 266.16
1735482354, 30, 43, 79, 3, 0, 0.06%, 9, 0, 8, 277.81
1735482359, 30, 48, 79, 3, 0, 0.06%, 9, 0, 8, 272.80
1735482364, 30, 49, 79, 3, 0, 0.06%, 9, 0, 8, 279.38
1735482369, 30, 73, 79, 3, 0, 0.06%, 9, 0, 8, 308.36
1735482390, 31, 10, 79, 3, 0, 0.06%, 9, 0, 8, 278.65
1735482395, 31, 14, 79, 3, 0, 0.06%, 9, 0, 8, 275.78
1735482400, 31, 30, 79, 3, 0, 0.06%, 9, 0, 8, 273.00
1735482420, 31, 33, 79, 3, 0, 0.06%, 9, 0, 8, 314.95
1735482440, 31, 34, 79, 3, 0, 0.06%, 9, 0, 8, 288.90
1735482461, 31, 43, 79, 3, 0, 0.06%, 9, 0, 8, 253.76
1735482466, 31, 48, 79, 3, 0, 0.06%, 9, 0, 8, 258.33
1735482471, 31, 49, 79, 3, 0, 0.06%, 9, 0, 8, 275.06
1735482476, 31, 68, 79, 3, 0, 0.06%, 9, 0, 8, 291.50
1735482496, 31, 71, 79, 3, 0, 0.06%, 9, 0, 8, 251.39
1735482517, 31, 73, 79, 3, 0, 0.06%, 9, 0, 8, 294.92
1735482537, 32, 12, 79, 3, 0, 0.06%, 9, 0, 8, 279.25
1735482542, 32, 14, 79, 3, 0, 0.06%, 9, 0, 8, 283.09
1735482547, 32, 15, 79, 3, 0, 0.06%, 9, 0, 8, 264.00
1735482552, 32, 16, 79, 3, 0, 0.06%, 9, 0, 8, 325.54
1735482578, 32, 43, 79, 2, 0, 0.06%, 9, 0, 8, 268.99
1735482583, 32, 48, 79, 2, 0, 0.06%, 9, 0, 8, 275.79
1735482588, 32, 49, 79, 2, 0, 0.06%, 9, 0, 8, 281.43
1735482593, 32, 53, 79, 2, 0, 0.06%, 9, 0, 8, 294.43
1735482608, 32, 63, 79, 2, 0, 0.06%, 9, 0, 8, 284.11
1735482629, 33, 10, 79, 2, 0, 0.06%, 9, 0, 8, 305.36
1735482634, 33, 13, 79, 2, 0, 0.06%, 9, 0, 8, 289.87
1735482639, 33, 15, 79, 2, 0, 0.06%, 9, 0, 8, 280.41
1735482644, 33, 42, 79, 2, 0, 0.06%, 9, 0, 8, 296.15
1735482659, 33, 43, 79, 2, 0, 0.06%, 9, 0, 8, 275.08
1735482664, 33, 48, 79, 2, 0, 0.06%, 9, 0, 8, 276.38
1735482669, 33, 49, 79, 2, 0, 0.06%, 9, 0, 8, 278.72
1735482674, 33, 65, 79, 2, 0, 0.06%, 9, 0, 8, 311.70
1735482694, 33, 67, 79, 2, 0, 0.06%, 9, 0, 8, 297.50
