# unix_time, cycles_done, cur_path, paths_total, pending_total, pending_favs, map_size, unique_crashes, unique_hangs, max_depth, execs_per_sec
1733839400, 0, 0, 10, 10, 1, 0.00%, 0, 0, 1, 161.29
1733839406, 0, 3, 10, 10, 1, 0.00%, 0, 0, 1, 189.25
1733839411, 0, 4, 10, 9, 0, 0.00%, 0, 0, 1, 175.44
1733839421, 0, 5, 10, 8, 0, 0.00%, 0, 0, 1, 187.09
1733839426, 0, 6, 10, 7, 0, 0.00%, 0, 0, 1, 177.14
1733839436, 0, 7, 10, 6, 0, 0.00%, 0, 0, 1, 189.71
1733839441, 0, 8, 10, 5, 0, 0.00%, 0, 0, 1, 179.75
1733839452, 0, 9, 10, 4, 0, 0.00%, 0, 0, 1, 168.96
1733839462, 0, 9, 11, 5, 0, 0.05%, 1, 0, 2, 183.79
1733839467, 0, 10, 12, 5, 1, 0.05%, 2, 0, 3, 201.21
1733839482, 0, 11, 15, 7, 1, 0.06%, 5, 0, 4, 223.94
1733839487, 0, 11, 17, 9, 1, 0.06%, 5, 0, 4, 211.63
1733839507, 0, 11, 18, 10, 1, 0.06%, 6, 0, 4, 200.02
1733839517, 0, 11, 19, 11, 1, 0.06%, 6, 0, 4, 209.79
1733839609, 0, 12, 20, 11, 4, 0.06%, 6, 0, 5, 217.40
1733839649, 0, 13, 20, 10, 3, 0.06%, 6, 0, 5, 228.82
1733839654, 0, 13, 21, 11, 3, 0.06%, 6, 0, 5, 209.45
1733839685, 0, 14, 21, 10, 2, 0.06%, 6, 0, 5, 222.31
1733839700, 0, 14, 22, 11, 2, 0.06%, 6, 0, 5, 196.21
1733839715, 0, 17, 25, 13, 1, 0.06%, 9, 0, 5, 251.78
1733839720, 0, 17, 26, 14, 1, 0.06%, 9, 0, 5, 219.31
1733839725, 0, 17, 27, 15, 1, 0.06%, 9, 0, 5, 206.91
1733839776, 0, 22, 27, 14, 3, 0.06%, 9, 0, 5, 252.37
1733839781, 0, 22, 28, 15, 3, 0.06%, 9, 0, 6, 223.49
1733839796, 0, 22, 29, 16, 3, 0.06%, 9, 0, 6, 205.36
1733839821, 0, 22, 30, 17, 3, 0.06%, 9, 0, 6, 208.17
1733839832, 0, 22, 31, 18, 3, 0.06%, 9, 0, 6, 209.99
1733839897, 0, 23, 31, 17, 2, 0.06%, 9, 0, 6, 239.76
1733839913, 0, 24, 31, 16, 1, 0.06%, 9, 0, 6, 255.70
1733839918, 0, 24, 34, 19, 1, 0.06%, 9, 0, 6, 222.80
1733839938, 0, 24, 35, 20, 1, 0.06%, 9, 0, 6, 209.85
1733839958, 0, 24, 36, 21, 1, 0.06%, 9, 0, 6, 204.61
1733839973, 0, 24, 37, 22, 1, 0.06%, 9, 0, 6, 211.14
1733840004, 0, 24, 38, 23, 1, 0.06%, 9, 0, 6, 209.11
1733840034, 1, 12, 38, 22, 0, 0.06%, 9, 0, 6, 207.05
1733840039, 1, 13, 38, 22, 0, 0.06%, 9, 0, 6, 207.17
1733840044, 1, 17, 38, 22, 0, 0.06%, 9, 0, 6, 208.57
1733840049, 1, 18, 38, 22, 0, 0.06%, 9, 0, 6, 293.50
1733840070, 1, 22, 38, 21, 0, 0.06%, 9, 0, 6, 223.68
1733840075, 1, 23, 39, 22, 0, 0.06%, 9, 0, 6, 217.53
1733840080, 1, 24, 39, 22, 0, 0.06%, 9, 0, 6, 213.54
1733840085, 1, 28, 40, 23, 0, 0.06%, 9, 0, 7, 336.19
1733840100, 1, 28, 42, 25, 0, 0.06%, 9, 0, 7, 243.59
1733840110, 1, 28, 43, 26, 0, 0.06%, 9, 0, 7, 232.46
1733840197, 1, 32, 44, 26, 0, 0.06%, 9, 0, 7, 332.20
1733840212, 1, 37, 44, 25, 0, 0.06%, 9, 0, 7, 351.93
1733840228, 1, 41, 44, 24, 0, 0.06%, 9, 0, 7, 283.57
1733840289, 2, 12, 44, 23, 0, 0.06%, 9, 0, 7, 222.78
1733840294, 2, 14, 44, 23, 0, 0.06%, 9, 0, 7, 214.66
1733840299, 2, 20, 44, 23, 0, 0.06%, 9, 0, 7, 256.75
1733840309, 2, 20, 45, 24, 0, 0.06%, 9, 0, 7, 221.11
1733840319, 2, 22, 45, 23, 0, 0.06%, 9, 0, 7, 218.98
1733840324, 2, 24, 45, 23, 0, 0.06%, 9, 0, 7, 217.87
1733840329, 2, 25, 45, 23, 0, 0.06%, 9, 0, 7, 374.86
1733840345, 2, 33, 45, 22, 0, 0.06%, 9, 0, 7, 272.84
1733840355, 2, 33, 46, 23, 0, 0.06%, 9, 0, 7, 228.52
1733840365, 2, 39, 46, 22, 0, 0.06%, 9, 0, 7, 296.44
1733840385, 2, 39, 47, 23, 0, 0.06%, 9, 0, 8, 252.93
1733840400, 2, 39, 48, 24, 0, 0.06%, 9, 0, 8, 256.30
1733840436, 2, 40, 48, 23, 0, 0.06%, 9, 0, 8, 275.70
1733840471, 3, 13, 48, 22, 0, 0.06%, 9, 0, 8, 229.46
1733840477, 3, 17, 48, 22, 0, 0.06%, 9, 0, 8, 225.40
1733840482, 3, 19, 48, 22, 0, 0.06%, 9, 0, 8, 247.15
1733840492, 3, 21, 48, 21, 0, 0.06%, 9, 0, 8, 262.09
1733840507, 3, 23, 48, 20, 0, 0.06%, 9, 0, 8, 233.97
1733840512, 3, 27, 48, 20, 0, 0.06%, 9, 0, 8, 266.30
1733840522, 3, 31, 48, 19, 0, 0.06%, 9, 0, 8, 258.48
1733840574, 3, 32, 48, 18, 0, 0.06%, 9, 0, 8, 268.28
1733840579, 3, 34, 48, 18, 0, 0.06%, 9, 0, 8, 376.80
1733840595, 3, 34, 49, 19, 0, 0.06%, 9, 0, 8, 264.13
1733840600, 3, 34, 50, 20, 0, 0.06%, 9, 0, 8, 260.45
1733840605, 3, 34, 51, 21, 0, 0.06%, 9, 0, 8, 264.76
1733840650, 3, 47, 51, 20, 0, 0.06%, 9, 0, 8, 342.83
1733840676, 3, 47, 53, 22, 0, 0.06%, 9, 0, 9, 400.77
1733840707, 3, 47, 54, 23, 0, 0.06%, 9, 0, 9, 289.92
1733840732, 3, 47, 55, 24, 0, 0.06%, 9, 0, 9, 285.39
1733840742, 3, 47, 56, 25, 0, 0.06%, 9, 0, 9, 291.19
1733840788, 3, 54, 56, 24, 0, 0.06%, 9, 0, 9, 382.70
1733840844, 3, 54, 57, 25, 0, 0.06%, 9, 0, 10, 277.08
1733840875, 3, 54, 58, 26, 0, 0.06%, 9, 0, 10, 313.33
1733840885, 3, 54, 59, 27, 0, 0.06%, 9, 0, 10, 302.68
1733840925, 3, 55, 59, 26, 0, 0.06%, 9, 0, 10, 313.91
1733841138, 3, 55, 61, 28, 0, 0.06%, 9, 0, 10, 175.37
1733841158, 3, 58, 61, 27, 0, 0.06%, 9, 0, 10, 332.63
1733841270, 3, 60, 61, 26, 0, 0.06%, 9, 0, 10, 313.31
1733841508, 3, 60, 62, 27, 0, 0.06%, 9, 0, 11, 351.76
1733841523, 3, 60, 63, 28, 0, 0.06%, 9, 0, 11, 347.82
1733841564, 3, 61, 63, 27, 0, 0.06%, 9, 0, 11, 356.76
1733841824, 3, 62, 63, 26, 0, 0.06%, 9, 0, 11, 355.06
1733841972, 4, 0, 63, 25, 0, 0.06%, 9, 0, 11, 286.71
1733841977, 4, 12, 63, 24, 0, 0.06%, 9, 0, 11, 226.29
1733841983, 4, 14, 63, 24, 0, 0.06%, 9, 0, 11, 229.89
1733841988, 4, 20, 63, 24, 0, 0.06%, 9, 0, 11, 234.57
1733841993, 4, 23, 64, 25, 0, 0.06%, 9, 0, 11, 235.65
1733841998, 4, 27, 64, 25, 0, 0.06%, 9, 0, 11, 236.28
1733842003, 4, 38, 65, 26, 0, 0.06%, 9, 0, 11, 373.04
1733842059, 4, 49, 65, 25, 0, 0.06%, 9, 0, 11, 295.69
1733842085, 4, 52, 65, 24, 0, 0.06%, 9, 0, 11, 370.71
1733842160, 4, 54, 65, 23, 0, 0.06%, 9, 0, 11, 305.95
1733842165, 5, 11, 65, 23, 0, 0.06%, 9, 0, 11, 269.77
1733842170, 5, 14, 65, 23, 0, 0.06%, 9, 0, 11, 235.71
1733842176, 5, 19, 65, 23, 0, 0.06%, 9, 0, 11, 235.42
1733842181, 5, 23, 65, 23, 0, 0.06%, 9, 0, 11, 237.60
1733842186, 5, 36, 65, 23, 0, 0.06%, 9, 0, 11, 306.67
1733842196, 5, 48, 65, 22, 0, 0.06%, 9, 0, 11, 273.36
1733842252, 5, 52, 65, 21, 0, 0.06%, 9, 0, 11, 296.01
1733842257, 5, 63, 65, 21, 0, 0.06%, 9, 0, 11, 268.92
1733842774, 5, 63, 68, 24, 0, 0.06%, 9, 0, 11, 273.27
1733842789, 5, 63, 69, 25, 0, 0.06%, 9, 0, 11, 373.81
1733842819, 5, 63, 70, 26, 0, 0.06%, 9, 0, 11, 367.69
1733842865, 5, 65, 70, 25, 0, 0.06%, 9, 0, 11, 379.46
1733843195, 5, 66, 70, 24, 0, 0.06%, 9, 0, 11, 354.13
1733843236, 6, 2, 70, 23, 0, 0.06%, 9, 0, 11, 206.48
1733843241, 6, 13, 70, 22, 0, 0.06%, 9, 0, 11, 220.57
1733843246, 6, 17, 70, 22, 0, 0.06%, 9, 0, 11, 229.63
1733843251, 6, 23, 70, 22, 0, 0.06%, 9, 0, 11, 229.65
1733843256, 6, 26, 70, 22, 0, 0.06%, 9, 0, 11, 243.65
1733843271, 6, 43, 70, 21, 0, 0.06%, 9, 0, 11, 325.03
1733843297, 6, 44, 70, 20, 0, 0.06%, 9, 0, 11, 303.68
1733843317, 6, 46, 70, 19, 0, 0.06%, 9, 0, 11, 351.02
1733843641, 6, 51, 70, 18, 0, 0.06%, 9, 0, 11, 382.85
1733843717, 6, 69, 70, 17, 0, 0.06%, 9, 0, 11, 247.27
1733844236, 7, 1, 70, 16, 0, 0.06%, 9, 0, 11, 263.70
1733844241, 7, 11, 70, 15, 0, 0.06%, 9, 0, 11, 251.46
1733844246, 7, 12, 70, 15, 0, 0.06%, 9, 0, 11, 247.19
1733844251, 7, 13, 70, 15, 0, 0.06%, 9, 0, 11, 253.84
1733844256, 7, 14, 70, 15, 0, 0.06%, 9, 0, 11, 253.33
1733844261, 7, 17, 70, 15, 0, 0.06%, 9, 0, 11, 246.10
1733844267, 7, 22, 70, 15, 0, 0.06%, 9, 0, 11, 245.05
1733844272, 7, 23, 70, 15, 0, 0.06%, 9, 0, 11, 244.99
1733844277, 7, 24, 70, 15, 0, 0.06%, 9, 0, 11, 255.42
1733844287, 7, 53, 70, 15, 0, 0.06%, 9, 0, 11, 414.84
1733844379, 7, 57, 70, 14, 0, 0.06%, 9, 0, 11, 309.21
1733844476, 7, 59, 70, 13, 0, 0.06%, 9, 0, 11, 326.46
1733844735, 7, 62, 70, 12, 0, 0.06%, 9, 0, 11, 301.04
1733844750, 7, 64, 70, 12, 0, 0.06%, 9, 0, 11, 336.00
1733844837, 7, 68, 70, 11, 0, 0.06%, 9, 0, 11, 234.81
1733845386, 8, 3, 70, 10, 0, 0.06%, 9, 0, 11, 255.01
1733845391, 8, 12, 70, 10, 0, 0.06%, 9, 0, 11, 249.45
1733845401, 8, 13, 70, 10, 0, 0.06%, 9, 0, 11, 260.05
1733845406, 8, 14, 70, 10, 0, 0.06%, 9, 0, 11, 247.04
1733845411, 8, 16, 70, 10, 0, 0.06%, 9, 0, 11, 371.30
1733845432, 8, 17, 70, 9, 0, 0.06%, 9, 0, 11, 256.57
1733845437, 8, 22, 70, 9, 0, 0.06%, 9, 0, 11, 250.42
1733845442, 8, 23, 70, 9, 0, 0.06%, 9, 0, 11, 257.84
1733845447, 8, 24, 70, 9, 0, 0.06%, 9, 0, 11, 247.42
1733845452, 8, 29, 70, 9, 0, 0.06%, 9, 0, 11, 288.90
1733845467, 8, 59, 70, 8, 0, 0.06%, 9, 0, 11, 290.17
1733845482, 9, 11, 70, 8, 0, 0.06%, 9, 0, 11, 267.47
1733845487, 9, 12, 70, 8, 0, 0.06%, 9, 0, 11, 259.94
1733845493, 9, 13, 70, 8, 0, 0.06%, 9, 0, 11, 247.74
1733845498, 9, 14, 70, 8, 0, 0.06%, 9, 0, 11, 254.85
1733845503, 9, 17, 70, 8, 0, 0.06%, 9, 0, 11, 244.29
1733845508, 9, 22, 70, 8, 0, 0.06%, 9, 0, 11, 242.97
1733845513, 9, 23, 70, 8, 0, 0.06%, 9, 0, 11, 250.85
1733845518, 9, 24, 70, 8, 0, 0.06%, 9, 0, 11, 257.21
1733845523, 9, 33, 70, 8, 0, 0.06%, 9, 0, 11, 260.62
1733845528, 9, 56, 70, 8, 0, 0.06%, 9, 0, 11, 252.35
1733845640, 10, 11, 70, 7, 0, 0.06%, 9, 0, 11, 278.44
1733845645, 10, 12, 70, 7, 0, 0.06%, 9, 0, 11, 258.56
1733845650, 10, 13, 70, 7, 0, 0.06%, 9, 0, 11, 251.36
1733845655, 10, 14, 70, 7, 0, 0.06%, 9, 0, 11, 247.71
1733845660, 10, 17, 70, 7, 0, 0.06%, 9, 0, 11, 264.27
1733845666, 10, 22, 70, 7, 0, 0.06%, 9, 0, 11, 252.52
1733845671, 10, 23, 70, 7, 0, 0.06%, 9, 0, 11, 257.81
1733845676, 10, 24, 70, 7, 0, 0.06%, 9, 0, 11, 255.94
1733845681, 10, 25, 70, 7, 0, 0.06%, 9, 0, 11, 268.55
1733845686, 10, 26, 70, 7, 0, 0.06%, 9, 0, 11, 266.89
1733845691, 10, 35, 70, 7, 0, 0.06%, 9, 0, 11, 263.62
1733845716, 10, 40, 70, 6, 0, 0.06%, 9, 0, 11, 271.31
1733845726, 10, 48, 70, 6, 0, 0.06%, 9, 0, 11, 274.92
1733845737, 10, 51, 70, 6, 0, 0.06%, 9, 0, 11, 314.47
1733845752, 10, 67, 70, 6, 0, 0.06%, 9, 0, 11, 363.00
1733845792, 11, 11, 70, 5, 0, 0.06%, 9, 0, 11, 250.59
1733845798, 11, 12, 70, 5, 0, 0.06%, 9, 0, 11, 264.86
1733845803, 11, 13, 70, 5, 0, 0.06%, 9, 0, 11, 262.50
1733845808, 11, 14, 70, 5, 0, 0.06%, 9, 0, 11, 258.07
1733845813, 11, 17, 70, 5, 0, 0.06%, 9, 0, 11, 264.41
1733845818, 11, 22, 70, 5, 0, 0.06%, 9, 0, 11, 265.06
1733845823, 11, 23, 70, 5, 0, 0.06%, 9, 0, 11, 250.95
1733845828, 11, 24, 70, 5, 0, 0.06%, 9, 0, 11, 241.95
1733845833, 11, 25, 70, 5, 0, 0.06%, 9, 0, 11, 269.92
1733845838, 11, 42, 70, 5, 0, 0.06%, 9, 0, 11, 304.18
1733845873, 11, 46, 70, 4, 0, 0.06%, 9, 0, 11, 328.36
1733845889, 11, 50, 70, 4, 0, 0.06%, 9, 0, 11, 385.21
1733845924, 12, 11, 70, 3, 0, 0.06%, 9, 0, 11, 258.66
1733845929, 12, 12, 70, 3, 0, 0.06%, 9, 0, 11, 246.33
1733845934, 12, 13, 70, 3, 0, 0.06%, 9, 0, 11, 261.45
1733845939, 12, 14, 70, 3, 0, 0.06%, 9, 0, 11, 274.46
1733845944, 12, 17, 70, 3, 0, 0.06%, 9, 0, 11, 262.53
1733845949, 12, 22, 70, 3, 0, 0.06%, 9, 0, 11, 255.75
1733845955, 12, 23, 70, 3, 0, 0.06%, 9, 0, 11, 246.38
1733845960, 12, 24, 70, 3, 0, 0.06%, 9, 0, 11, 250.31
1733845965, 12, 30, 70, 3, 0, 0.06%, 9, 0, 11, 336.35
1733845985, 12, 54, 70, 2, 0, 0.06%, 9, 0, 11, 293.25
1733846001, 13, 11, 70, 2, 0, 0.06%, 9, 0, 11, 270.11
1733846006, 13, 12, 70, 2, 0, 0.06%, 9, 0, 11, 262.62
1733846011, 13, 13, 70, 2, 0, 0.06%, 9, 0, 11, 233.87
1733846016, 13, 14, 70, 2, 0, 0.06%, 9, 0, 11, 241.36
1733846021, 13, 15, 70, 2, 0, 0.06%, 9, 0, 11, 271.75
1733846036, 13, 17, 70, 1, 0, 0.06%, 9, 0, 11, 262.47
1733846041, 13, 22, 70, 1, 0, 0.06%, 9, 0, 11, 249.26
1733846046, 13, 23, 70, 1, 0, 0.06%, 9, 0, 11, 257.71
1733846057, 13, 24, 70, 1, 0, 0.06%, 9, 0, 11, 258.59
1733846062, 13, 33, 70, 1, 0, 0.06%, 9, 0, 11, 262.90
1733846067, 13, 34, 70, 1, 0, 0.06%, 9, 0, 11, 264.97
1733846072, 13, 43, 70, 1, 0, 0.06%, 9, 0, 11, 259.26
1733846077, 13, 44, 70, 1, 0, 0.06%, 9, 0, 11, 263.31
1733846087, 13, 45, 70, 1, 0, 0.06%, 9, 0, 11, 342.84
1733846118, 14, 11, 70, 0, 0, 0.06%, 9, 0, 11, 253.75
1733846123, 14, 12, 70, 0, 0, 0.06%, 9, 0, 11, 250.09
1733846128, 14, 13, 71, 1, 0, 0.06%, 9, 0, 11, 263.28
1733846133, 14, 14, 71, 1, 0, 0.06%, 9, 0, 11, 255.52
1733846138, 14, 17, 71, 1, 0, 0.06%, 9, 0, 11, 254.83
1733846143, 14, 22, 71, 1, 0, 0.06%, 9, 0, 11, 254.12
1733846148, 14, 23, 71, 1, 0, 0.06%, 9, 0, 11, 255.16
1733846153, 14, 24, 71, 1, 0, 0.06%, 9, 0, 11, 258.35
1733846158, 14, 25, 72, 2, 0, 0.06%, 9, 0, 11, 264.56
1733846163, 14, 70, 72, 2, 0, 0.06%, 9, 0, 11, 264.07
1733846291, 15, 12, 72, 1, 0, 0.06%, 9, 0, 11, 259.29
1733846301, 15, 13, 72, 1, 0, 0.06%, 9, 0, 11, 257.48
1733846306, 15, 14, 72, 1, 0, 0.06%, 9, 0, 11, 253.02
1733846311, 15, 17, 72, 1, 0, 0.06%, 9, 0, 11, 254.15
1733846316, 15, 19, 72, 1, 0, 0.06%, 9, 0, 11, 249.87
1733846321, 15, 22, 72, 1, 0, 0.06%, 9, 0, 11, 252.19
1733846326, 15, 23, 72, 1, 0, 0.06%, 9, 0, 11, 261.91
1733846331, 15, 24, 72, 1, 0, 0.06%, 9, 0, 11, 267.42
1733846336, 15, 45, 72, 1, 0, 0.06%, 9, 0, 11, 268.22
1733846347, 15, 59, 72, 1, 0, 0.06%, 9, 0, 11, 301.61
1733846362, 15, 66, 72, 1, 0, 0.06%, 9, 0, 11, 270.52
1733846372, 15, 71, 72, 1, 0, 0.06%, 9, 0, 11, 267.49
1733846499, 16, 12, 72, 0, 0, 0.06%, 9, 0, 11, 260.22
1733846509, 16, 13, 72, 0, 0, 0.06%, 9, 0, 11, 248.53
1733846514, 16, 14, 72, 0, 0, 0.06%, 9, 0, 11, 248.86
1733846519, 16, 17, 72, 0, 0, 0.06%, 9, 0, 11, 246.79
1733846525, 16, 22, 72, 0, 0, 0.06%, 9, 0, 11, 246.36
1733846530, 16, 23, 72, 0, 0, 0.06%, 9, 0, 11, 245.50
1733846535, 16, 24, 72, 0, 0, 0.06%, 9, 0, 11, 244.53
1733846540, 16, 28, 72, 0, 0, 0.06%, 9, 0, 11, 252.08
1733846545, 16, 37, 72, 0, 0, 0.06%, 9, 0, 11, 258.19
1733846555, 16, 52, 72, 0, 0, 0.06%, 9, 0, 11, 286.70
1733846570, 16, 65, 72, 0, 0, 0.06%, 9, 0, 11, 315.98
1733846580, 16, 71, 72, 0, 0, 0.06%, 9, 0, 11, 283.19
1733846600, 17, 11, 72, 0, 0, 0.06%, 9, 0, 11, 248.18
1733846606, 17, 12, 72, 0, 0, 0.06%, 9, 0, 11, 244.99
1733846611, 17, 13, 72, 0, 0, 0.06%, 9, 0, 11, 243.24
1733846616, 17, 14, 72, 0, 0, 0.06%, 9, 0, 11, 244.81
1733846621, 17, 17, 72, 0, 0, 0.06%, 9, 0, 11, 248.52
1733846626, 17, 22, 72, 0, 0, 0.06%, 9, 0, 11, 251.48
1733846631, 17, 23, 72, 0, 0, 0.06%, 9, 0, 11, 256.01
1733846636, 17, 24, 72, 0, 0, 0.06%, 9, 0, 11, 246.19
1733846646, 17, 50, 72, 0, 0, 0.06%, 9, 0, 11, 277.98
1733846657, 17, 67, 72, 0, 0, 0.06%, 9, 0, 11, 283.68
1733846662, 18, 11, 72, 0, 0, 0.06%, 9, 0, 11, 246.39
1733846667, 18, 12, 72, 0, 0, 0.06%, 9, 0, 11, 248.52
1733846672, 18, 13, 72, 0, 0, 0.06%, 9, 0, 11, 255.04
1733846677, 18, 14, 72, 0, 0, 0.06%, 9, 0, 11, 246.70
1733846682, 18, 15, 72, 0, 0, 0.06%, 9, 0, 11, 249.11
1733846687, 18, 17, 73, 1, 0, 0.06%, 9, 0, 11, 249.57
1733846697, 18, 22, 73, 1, 0, 0.06%, 9, 0, 11, 253.96
1733846702, 18, 23, 73, 1, 0, 0.06%, 9, 0, 11, 240.58
1733846707, 18, 24, 73, 1, 0, 0.06%, 9, 0, 11, 250.62
1733846712, 18, 28, 73, 1, 0, 0.06%, 9, 0, 11, 257.80
1733846717, 19, 11, 73, 1, 0, 0.06%, 9, 0, 11, 248.18
1733846722, 19, 12, 73, 1, 0, 0.06%, 9, 0, 11, 265.85
1733846727, 19, 13, 73, 1, 0, 0.06%, 9, 0, 11, 266.25
1733846732, 19, 14, 73, 1, 0, 0.06%, 9, 0, 11, 258.74
1733846737, 19, 17, 73, 1, 0, 0.06%, 9, 0, 11, 254.37
1733846742, 19, 19, 73, 1, 0, 0.06%, 9, 0, 11, 240.73
1733846747, 19, 22, 73, 1, 0, 0.06%, 9, 0, 11, 248.49
1733846752, 19, 23, 73, 1, 0, 0.06%, 9, 0, 11, 240.35
1733846758, 19, 24, 73, 1, 0, 0.06%, 9, 0, 11, 258.67
1733846763, 20, 11, 73, 1, 0, 0.06%, 9, 0, 11, 264.67
1733846768, 20, 12, 73, 1, 0, 0.06%, 9, 0, 11, 266.89
1733846773, 20, 13, 73, 1, 0, 0.06%, 9, 0, 11, 267.69
1733846778, 20, 14, 73, 1, 0, 0.06%, 9, 0, 11, 254.64
1733846783, 20, 17, 73, 1, 0, 0.06%, 9, 0, 11, 249.38
1733846788, 20, 22, 73, 1, 0, 0.06%, 9, 0, 11, 244.44
1733846793, 20, 23, 73, 1, 0, 0.06%, 9, 0, 11, 259.24
1733846798, 20, 24, 73, 1, 0, 0.06%, 9, 0, 11, 267.45
1733846803, 20, 44, 73, 1, 0, 0.06%, 9, 0, 11, 262.91
1733846813, 20, 58, 73, 1, 0, 0.06%, 9, 0, 11, 307.92
1733846824, 20, 71, 73, 1, 0, 0.06%, 9, 0, 11, 296.99
1733846839, 20, 71, 74, 2, 0, 0.06%, 9, 0, 11, 254.92
1733846844, 20, 71, 75, 3, 0, 0.06%, 9, 0, 11, 288.62
1733846849, 21, 12, 75, 3, 0, 0.06%, 9, 0, 11, 253.93
1733846854, 21, 13, 75, 3, 0, 0.06%, 9, 0, 11, 258.75
1733846864, 21, 14, 75, 3, 0, 0.06%, 9, 0, 11, 253.32
1733846869, 21, 17, 75, 3, 0, 0.06%, 9, 0, 11, 256.96
1733846874, 21, 22, 75, 3, 0, 0.06%, 9, 0, 11, 243.23
1733846880, 21, 23, 75, 3, 0, 0.06%, 9, 0, 11, 239.87
1733846885, 21, 24, 75, 3, 0, 0.06%, 9, 0, 11, 251.04
1733846890, 21, 38, 75, 3, 0, 0.06%, 9, 0, 11, 266.75
1733846895, 21, 41, 75, 3, 0, 0.06%, 9, 0, 11, 274.43
1733846900, 21, 51, 75, 3, 0, 0.06%, 9, 0, 11, 291.29
1733846915, 21, 71, 75, 3, 0, 0.06%, 9, 0, 11, 256.28
1733846925, 21, 72, 75, 3, 0, 0.06%, 9, 0, 11, 262.92
1733847072, 21, 73, 75, 2, 0, 0.06%, 9, 0, 11, 244.92
1733847103, 21, 73, 76, 3, 0, 0.06%, 9, 0, 11, 467.92
1733847434, 21, 74, 76, 2, 0, 0.06%, 9, 0, 11, 298.74
1733847587, 21, 75, 76, 1, 0, 0.06%, 9, 0, 11, 258.45
1733847974, 22, 11, 76, 0, 0, 0.06%, 9, 0, 11, 262.79
1733847979, 22, 12, 76, 0, 0, 0.06%, 9, 0, 11, 257.53
1733847984, 22, 13, 76, 0, 0, 0.06%, 9, 0, 11, 258.15
1733847989, 22, 14, 76, 0, 0, 0.06%, 9, 0, 11, 247.90
1733847994, 22, 17, 76, 0, 0, 0.06%, 9, 0, 11, 254.04
1733847999, 22, 22, 76, 0, 0, 0.06%, 9, 0, 11, 252.23
1733848004, 22, 23, 76, 0, 0, 0.06%, 9, 0, 11, 246.99
1733848009, 22, 24, 76, 0, 0, 0.06%, 9, 0, 11, 260.40
1733848014, 22, 25, 76, 0, 0, 0.06%, 9, 0, 11, 270.26
1733848019, 22, 50, 76, 0, 0, 0.06%, 9, 0, 11, 283.80
1733848030, 23, 11, 76, 0, 0, 0.06%, 9, 0, 11, 274.24
1733848035, 23, 12, 76, 0, 0, 0.06%, 9, 0, 11, 250.49
1733848040, 23, 13, 76, 0, 0, 0.06%, 9, 0, 11, 252.08
1733848045, 23, 14, 76, 0, 0, 0.06%, 9, 0, 11, 254.15
1733848050, 23, 15, 76, 0, 0, 0.06%, 9, 0, 11, 251.87
1733848055, 23, 17, 76, 0, 0, 0.06%, 9, 0, 11, 264.80
1733848060, 23, 22, 76, 0, 0, 0.06%, 9, 0, 11, 264.84
1733848065, 23, 23, 76, 0, 0, 0.06%, 9, 0, 11, 261.80
1733848070, 23, 24, 76, 0, 0, 0.06%, 9, 0, 11, 247.81
1733848075, 23, 34, 76, 0, 0, 0.06%, 9, 0, 11, 254.72
1733848085, 23, 36, 76, 0, 0, 0.06%, 9, 0, 11, 261.49
1733848090, 23, 58, 77, 1, 0, 0.06%, 9, 0, 11, 304.65
1733848111, 23, 76, 78, 2, 0, 0.06%, 9, 0, 12, 351.11
1733848298, 24, 11, 78, 1, 0, 0.06%, 9, 0, 12, 254.05
1733848303, 24, 12, 78, 1, 0, 0.06%, 9, 0, 12, 253.72
1733848308, 24, 13, 78, 1, 0, 0.06%, 9, 0, 12, 253.77
1733848314, 24, 14, 78, 1, 0, 0.06%, 9, 0, 12, 253.63
1733848319, 24, 17, 78, 1, 0, 0.06%, 9, 0, 12, 255.85
1733848324, 24, 22, 78, 1, 0, 0.06%, 9, 0, 12, 251.68
1733848329, 24, 23, 78, 1, 0, 0.06%, 9, 0, 12, 246.10
1733848334, 24, 24, 78, 1, 0, 0.06%, 9, 0, 12, 259.66
1733848339, 24, 29, 78, 1, 0, 0.06%, 9, 0, 12, 274.00
1733848344, 24, 33, 78, 1, 0, 0.06%, 9, 0, 12, 256.69
1733848349, 24, 55, 78, 1, 0, 0.06%, 9, 0, 12, 276.19
1733848370, 24, 58, 78, 1, 0, 0.06%, 9, 0, 12, 282.48
1733848375, 24, 68, 78, 1, 0, 0.06%, 9, 0, 12, 316.08
1733848385, 24, 77, 78, 1, 0, 0.06%, 9, 0, 12, 329.54
1733848573, 25, 5, 78, 0, 0, 0.06%, 9, 0, 12, 273.12
1733848578, 25, 12, 78, 0, 0, 0.06%, 9, 0, 12, 255.10
1733848583, 25, 13, 78, 0, 0, 0.06%, 9, 0, 12, 246.97
1733848588, 25, 14, 78, 0, 0, 0.06%, 9, 0, 12, 245.19
1733848594, 25, 14, 79, 1, 0, 0.06%, 9, 0, 12, 265.96
1733848599, 25, 17, 79, 1, 0, 0.06%, 9, 0, 12, 254.21
1733848604, 25, 22, 79, 1, 0, 0.06%, 9, 0, 12, 258.18
1733848609, 25, 23, 79, 1, 0, 0.06%, 9, 0, 12, 253.67
1733848614, 25, 24, 79, 1, 0, 0.06%, 9, 0, 12, 259.90
1733848619, 25, 42, 79, 1, 0, 0.06%, 9, 0, 12, 259.46
1733848624, 25, 58, 79, 1, 0, 0.06%, 9, 0, 12, 294.80
1733848629, 26, 2, 79, 1, 0, 0.06%, 9, 0, 12, 282.70
1733848635, 26, 12, 79, 1, 0, 0.06%, 9, 0, 12, 258.51
1733848645, 26, 13, 79, 1, 0, 0.06%, 9, 0, 12, 262.63
1733848650, 26, 14, 79, 1, 0, 0.06%, 9, 0, 12, 259.93
1733848655, 26, 17, 79, 1, 0, 0.06%, 9, 0, 12, 256.96
1733848660, 26, 22, 79, 1, 0, 0.06%, 9, 0, 12, 256.19
1733848665, 26, 23, 79, 1, 0, 0.06%, 9, 0, 12, 253.17
1733848670, 26, 24, 79, 1, 0, 0.06%, 9, 0, 12, 264.07
1733848675, 26, 53, 79, 1, 0, 0.06%, 9, 0, 12, 301.41
1733848690, 26, 72, 79, 1, 0, 0.06%, 9, 0, 12, 279.66
1733848711, 26, 73, 79, 1, 0, 0.06%, 9, 0, 12, 275.45
1733848731, 27, 11, 79, 1, 0, 0.06%, 9, 0, 12, 257.91
1733848736, 27, 12, 79, 1, 0, 0.06%, 9, 0, 12, 261.49
1733848741, 27, 13, 79, 1, 0, 0.06%, 9, 0, 12, 254.05
1733848746, 27, 14, 79, 1, 0, 0.06%, 9, 0, 12, 255.90
1733848751, 27, 17, 79, 1, 0, 0.06%, 9, 0, 12, 258.95
1733848756, 27, 22, 79, 1, 0, 0.06%, 9, 0, 12, 254.75
1733848761, 27, 23, 79, 1, 0, 0.06%, 9, 0, 12, 250.27
1733848766, 27, 24, 79, 1, 0, 0.06%, 9, 0, 12, 260.46
1733848771, 27, 27, 79, 1, 0, 0.06%, 9, 0, 12, 259.62
1733848776, 27, 28, 79, 1, 0, 0.06%, 9, 0, 12, 254.80
1733848781, 27, 28, 80, 2, 0, 0.06%, 9, 0, 12, 261.80
1733848787, 27, 39, 80, 2, 0, 0.06%, 9, 0, 12, 262.64
1733848792, 27, 41, 80, 2, 0, 0.06%, 9, 0, 12, 273.19
1733848797, 27, 66, 80, 2, 0, 0.06%, 9, 0, 12, 286.53
1733848802, 27, 78, 80, 2, 0, 0.06%, 9, 0, 12, 335.67
1733849000, 27, 79, 80, 1, 0, 0.06%, 9, 0, 12, 287.69
1733849215, 28, 11, 80, 0, 0, 0.06%, 9, 0, 12, 255.93
1733849220, 28, 12, 80, 0, 0, 0.06%, 9, 0, 12, 251.01
1733849225, 28, 13, 80, 0, 0, 0.06%, 9, 0, 12, 260.58
1733849230, 28, 14, 80, 0, 0, 0.06%, 9, 0, 12, 248.98
1733849235, 28, 17, 80, 0, 0, 0.06%, 9, 0, 12, 251.86
1733849240, 28, 22, 80, 0, 0, 0.06%, 9, 0, 12, 250.30
1733849245, 28, 23, 80, 0, 0, 0.06%, 9, 0, 12, 257.70
1733849250, 28, 24, 80, 0, 0, 0.06%, 9, 0, 12, 261.55
1733849255, 28, 29, 80, 0, 0, 0.06%, 9, 0, 12, 263.02
1733849260, 28, 77, 80, 0, 0, 0.06%, 9, 0, 12, 263.67
1733849291, 29, 11, 80, 0, 0, 0.06%, 9, 0, 12, 285.64
1733849296, 29, 12, 80, 0, 0, 0.06%, 9, 0, 12, 265.78
1733849301, 29, 13, 80, 0, 0, 0.06%, 9, 0, 12, 274.95
1733849306, 29, 14, 80, 0, 0, 0.06%, 9, 0, 12, 267.64
1733849311, 29, 16, 80, 0, 0, 0.06%, 9, 0, 12, 274.23
1733849316, 29, 17, 80, 0, 0, 0.06%, 9, 0, 12, 261.82
1733849321, 29, 22, 80, 0, 0, 0.06%, 9, 0, 12, 267.56
1733849326, 29, 23, 80, 0, 0, 0.06%, 9, 0, 12, 248.87
1733849331, 29, 24, 80, 0, 0, 0.06%, 9, 0, 12, 254.08
1733849336, 29, 41, 80, 0, 0, 0.06%, 9, 0, 12, 262.97
1733849341, 29, 76, 80, 0, 0, 0.06%, 9, 0, 12, 287.75
1733849372, 30, 11, 80, 0, 0, 0.06%, 9, 0, 12, 295.04
1733849377, 30, 12, 80, 0, 0, 0.06%, 9, 0, 12, 260.32
1733849382, 30, 13, 80, 0, 0, 0.06%, 9, 0, 12, 257.10
1733849387, 30, 14, 80, 0, 0, 0.06%, 9, 0, 12, 263.43
1733849392, 30, 17, 80, 0, 0, 0.06%, 9, 0, 12, 266.17
1733849397, 30, 22, 80, 0, 0, 0.06%, 9, 0, 12, 265.02
1733849402, 30, 23, 80, 0, 0, 0.06%, 9, 0, 12, 270.68
1733849407, 30, 24, 80, 0, 0, 0.06%, 9, 0, 12, 264.75
1733849412, 30, 62, 80, 0, 0, 0.06%, 9, 0, 12, 294.00
1733849427, 30, 72, 80, 0, 0, 0.06%, 9, 0, 12, 280.88
1733849448, 30, 77, 80, 0, 0, 0.06%, 9, 0, 12, 303.14
1733849478, 31, 11, 80, 0, 0, 0.06%, 9, 0, 12, 260.89
1733849483, 31, 12, 80, 0, 0, 0.06%, 9, 0, 12, 265.52
1733849488, 31, 13, 80, 0, 0, 0.06%, 9, 0, 12, 258.99
1733849493, 31, 14, 80, 0, 0, 0.06%, 9, 0, 12, 256.47
1733849498, 31, 17, 80, 0, 0, 0.06%, 9, 0, 12, 271.76
1733849503, 31, 22, 80, 0, 0, 0.06%, 9, 0, 12, 259.97
1733849508, 31, 23, 80, 0, 0, 0.06%, 9, 0, 12, 254.02
1733849513, 31, 24, 80, 0, 0, 0.06%, 9, 0, 12, 255.83
1733849519, 31, 61, 80, 0, 0, 0.06%, 9, 0, 12, 326.04
1733849534, 31, 62, 80, 0, 0, 0.06%, 9, 0, 12, 284.68
1733849544, 32, 12, 80, 0, 0, 0.06%, 9, 0, 12, 262.69
1733849549, 32, 13, 80, 0, 0, 0.06%, 9, 0, 12, 268.33
1733849554, 32, 14, 80, 0, 0, 0.06%, 9, 0, 12, 252.73
1733849564, 32, 17, 80, 0, 0, 0.06%, 9, 0, 12, 279.24
1733849569, 32, 22, 80, 0, 0, 0.06%, 9, 0, 12, 263.80
1733849574, 32, 23, 80, 0, 0, 0.06%, 9, 0, 12, 262.18
1733849579, 32, 24, 80, 0, 0, 0.06%, 9, 0, 12, 263.97
1733849584, 32, 30, 80, 0, 0, 0.06%, 9, 0, 12, 269.67
1733849589, 32, 49, 80, 0, 0, 0.06%, 9, 0, 12, 263.19
1733849599, 32, 59, 80, 0, 0, 0.06%, 9, 0, 12, 296.94
1733849610, 32, 76, 80, 0, 0, 0.06%, 9, 0, 12, 329.59
1733849635, 33, 11, 80, 0, 0, 0.06%, 9, 0, 12, 268.14
1733849640, 33, 12, 80, 0, 0, 0.06%, 9, 0, 12, 271.35
1733849645, 33, 13, 80, 0, 0, 0.06%, 9, 0, 12, 263.75
1733849650, 33, 14, 80, 0, 0, 0.06%, 9, 0, 12, 260.46
1733849655, 33, 17, 80, 0, 0, 0.06%, 9, 0, 12, 264.00
1733849660, 33, 22, 80, 0, 0, 0.06%, 9, 0, 12, 266.36
1733849666, 33, 23, 80, 0, 0, 0.06%, 9, 0, 12, 250.59
1733849671, 33, 24, 80, 0, 0, 0.06%, 9, 0, 12, 251.16
1733849676, 33, 34, 80, 0, 0, 0.06%, 9, 0, 12, 261.04
1733849681, 33, 53, 80, 0, 0, 0.06%, 9, 0, 12, 296.16
1733849696, 33, 66, 80, 0, 0, 0.06%, 9, 0, 12, 273.74
1733849701, 34, 11, 80, 0, 0, 0.06%, 9, 0, 12, 267.49
1733849706, 34, 12, 80, 0, 0, 0.06%, 9, 0, 12, 248.71
1733849711, 34, 13, 80, 0, 0, 0.06%, 9, 0, 12, 241.62
1733849716, 34, 14, 80, 0, 0, 0.06%, 9, 0, 12, 258.27
1733849721, 34, 17, 80, 0, 0, 0.06%, 9, 0, 12, 251.75
1733849726, 34, 22, 80, 0, 0, 0.06%, 9, 0, 12, 249.93
1733849731, 34, 23, 80, 0, 0, 0.06%, 9, 0, 12, 268.03
1733849736, 34, 24, 80, 0, 0, 0.06%, 9, 0, 12, 259.99
1733849741, 34, 34, 80, 0, 0, 0.06%, 9, 0, 12, 271.79
1733849746, 34, 36, 80, 0, 0, 0.06%, 9, 0, 12, 278.50
1733849751, 35, 11, 80, 0, 0, 0.06%, 9, 0, 12, 270.48
1733849756, 35, 12, 80, 0, 0, 0.06%, 9, 0, 12, 257.29
1733849762, 35, 13, 80, 0, 0, 0.06%, 9, 0, 12, 246.37
1733849767, 35, 14, 80, 0, 0, 0.06%, 9, 0, 12, 255.29
1733849772, 35, 17, 80, 0, 0, 0.06%, 9, 0, 12, 265.19
1733849777, 35, 22, 80, 0, 0, 0.06%, 9, 0, 12, 268.41
1733849782, 35, 23, 80, 0, 0, 0.06%, 9, 0, 12, 257.04
1733849787, 35, 24, 80, 0, 0, 0.06%, 9, 0, 12, 266.99
1733849792, 35, 36, 80, 0, 0, 0.06%, 9, 0, 12, 257.20
1733849802, 35, 41, 80, 0, 0, 0.06%, 9, 0, 12, 272.74
1733849807, 35, 44, 80, 0, 0, 0.06%, 9, 0, 12, 259.12
1733849812, 36, 12, 80, 0, 0, 0.06%, 9, 0, 12, 257.65
1733849817, 36, 13, 80, 0, 0, 0.06%, 9, 0, 12, 269.88
1733849822, 36, 14, 80, 0, 0, 0.06%, 9, 0, 12, 261.28
1733849833, 36, 17, 80, 0, 0, 0.06%, 9, 0, 12, 253.00
1733849838, 36, 22, 80, 0, 0, 0.06%, 9, 0, 12, 254.68
1733849843, 36, 23, 80, 0, 0, 0.06%, 9, 0, 12, 270.09
1733849848, 36, 24, 80, 0, 0, 0.06%, 9, 0, 12, 270.62
1733849853, 36, 48, 80, 0, 0, 0.06%, 9, 0, 12, 276.03
1733849863, 36, 51, 80, 0, 0, 0.06%, 9, 0, 12, 286.70
1733849868, 36, 72, 80, 0, 0, 0.06%, 9, 0, 12, 278.60
1733849888, 37, 11, 80, 0, 0, 0.06%, 9, 0, 12, 277.30
1733849893, 37, 12, 80, 0, 0, 0.06%, 9, 0, 12, 249.77
1733849898, 37, 13, 80, 0, 0, 0.06%, 9, 0, 12, 255.23
1733849904, 37, 14, 80, 0, 0, 0.06%, 9, 0, 12, 249.55
1733849909, 37, 17, 80, 0, 0, 0.06%, 9, 0, 12, 267.62
1733849914, 37, 20, 80, 0, 0, 0.06%, 9, 0, 12, 256.12
1733849919, 37, 22, 80, 0, 0, 0.06%, 9, 0, 12, 269.33
1733849929, 37, 23, 80, 0, 0, 0.06%, 9, 0, 12, 256.82
1733849934, 37, 24, 80, 0, 0, 0.06%, 9, 0, 12, 267.90
1733849939, 37, 62, 80, 0, 0, 0.06%, 9, 0, 12, 296.18
1733849944, 38, 10, 80, 0, 0, 0.06%, 9, 0, 12, 269.81
1733849949, 38, 12, 80, 0, 0, 0.06%, 9, 0, 12, 258.30
1733849954, 38, 13, 80, 0, 0, 0.06%, 9, 0, 12, 250.27
1733849959, 38, 14, 80, 0, 0, 0.06%, 9, 0, 12, 266.35
1733849969, 38, 17, 80, 0, 0, 0.06%, 9, 0, 12, 256.33
1733849974, 38, 22, 80, 0, 0, 0.06%, 9, 0, 12, 263.93
1733849979, 38, 23, 80, 0, 0, 0.06%, 9, 0, 12, 264.72
1733849984, 38, 24, 80, 0, 0, 0.06%, 9, 0, 12, 269.93
1733849990, 38, 31, 80, 0, 0, 0.06%, 9, 0, 12, 273.43
1733849995, 38, 51, 80, 0, 0, 0.06%, 9, 0, 12, 285.28
1733850000, 38, 60, 80, 0, 0, 0.06%, 9, 0, 12, 308.35
1733850015, 39, 8, 80, 0, 0, 0.06%, 9, 0, 12, 269.19
1733850020, 39, 12, 80, 0, 0, 0.06%, 9, 0, 12, 252.97
1733850025, 39, 13, 80, 0, 0, 0.06%, 9, 0, 12, 248.16
1733850030, 39, 14, 80, 0, 0, 0.06%, 9, 0, 12, 253.18
1733850035, 39, 17, 80, 0, 0, 0.06%, 9, 0, 12, 269.14
1733850040, 39, 22, 80, 0, 0, 0.06%, 9, 0, 12, 253.86
1733850046, 39, 23, 80, 0, 0, 0.06%, 9, 0, 12, 252.36
1733850051, 39, 24, 80, 0, 0, 0.06%, 9, 0, 12, 253.80
1733850056, 39, 31, 80, 0, 0, 0.06%, 9, 0, 12, 270.76
1733850066, 40, 11, 80, 0, 0, 0.06%, 9, 0, 12, 262.39
1733850071, 40, 12, 80, 0, 0, 0.06%, 9, 0, 12, 245.22
1733850076, 40, 13, 80, 0, 0, 0.06%, 9, 0, 12, 257.88
1733850081, 40, 14, 80, 0, 0, 0.06%, 9, 0, 12, 256.06
1733850086, 40, 17, 80, 0, 0, 0.06%, 9, 0, 12, 257.70
1733850091, 40, 22, 80, 0, 0, 0.06%, 9, 0, 12, 259.28
1733850096, 40, 23, 80, 0, 0, 0.06%, 9, 0, 12, 251.23
1733850101, 40, 24, 80, 0, 0, 0.06%, 9, 0, 12, 252.31
1733850106, 40, 38, 80, 0, 0, 0.06%, 9, 0, 12, 273.24
1733850111, 40, 50, 80, 0, 0, 0.06%, 9, 0, 12, 269.96
1733850116, 40, 56, 80, 0, 0, 0.06%, 9, 0, 12, 283.05
1733850131, 40, 77, 80, 0, 0, 0.06%, 9, 0, 12, 286.26
1733850162, 41, 11, 80, 0, 0, 0.06%, 9, 0, 12, 276.77
1733850167, 41, 12, 80, 0, 0, 0.06%, 9, 0, 12, 248.83
1733850172, 41, 13, 80, 0, 0, 0.06%, 9, 0, 12, 246.13
1733850177, 41, 14, 80, 0, 0, 0.06%, 9, 0, 12, 245.62
1733850182, 41, 17, 80, 0, 0, 0.06%, 9, 0, 12, 254.51
1733850187, 41, 22, 80, 0, 0, 0.06%, 9, 0, 12, 270.35
1733850192, 41, 23, 80, 0, 0, 0.06%, 9, 0, 12, 266.73
1733850202, 41, 24, 80, 0, 0, 0.06%, 9, 0, 12, 247.14
1733850208, 41, 33, 80, 0, 0, 0.06%, 9, 0, 12, 244.82
1733850213, 41, 53, 80, 0, 0, 0.06%, 9, 0, 12, 288.89
1733850218, 41, 67, 80, 0, 0, 0.06%, 9, 0, 12, 294.86
1733850223, 41, 75, 80, 0, 0, 0.06%, 9, 0, 12, 300.88
1733850253, 41, 78, 80, 0, 0, 0.06%, 9, 0, 12, 285.76
1733850274, 42, 12, 80, 0, 0, 0.06%, 9, 0, 12, 271.82
1733850279, 42, 13, 80, 0, 0, 0.06%, 9, 0, 12, 271.94
1733850289, 42, 14, 80, 0, 0, 0.06%, 9, 0, 12, 270.98
1733850294, 42, 17, 80, 0, 0, 0.06%, 9, 0, 12, 257.85
1733850299, 42, 22, 80, 0, 0, 0.06%, 9, 0, 12, 262.24
1733850304, 42, 23, 80, 0, 0, 0.06%, 9, 0, 12, 273.45
1733850309, 42, 24, 80, 0, 0, 0.06%, 9, 0, 12, 276.28
1733850314, 42, 39, 80, 0, 0, 0.06%, 9, 0, 12, 265.38
1733850319, 42, 45, 80, 0, 0, 0.06%, 9, 0, 12, 278.46
1733850324, 42, 57, 80, 0, 0, 0.06%, 9, 0, 12, 284.17
1733850339, 42, 78, 80, 0, 0, 0.06%, 9, 0, 12, 307.36
1733850359, 43, 12, 80, 0, 0, 0.06%, 9, 0, 12, 257.24
1733850365, 43, 13, 80, 0, 0, 0.06%, 9, 0, 12, 265.01
1733850370, 43, 14, 80, 0, 0, 0.06%, 9, 0, 12, 267.05
1733850375, 43, 16, 80, 0, 0, 0.06%, 9, 0, 12, 274.27
1733850385, 43, 17, 80, 0, 0, 0.06%, 9, 0, 12, 263.28
1733850390, 43, 22, 80, 0, 0, 0.06%, 9, 0, 12, 251.55
1733850395, 43, 23, 80, 0, 0, 0.06%, 9, 0, 12, 267.25
1733850400, 43, 24, 80, 0, 0, 0.06%, 9, 0, 12, 272.22
1733850405, 43, 54, 80, 0, 0, 0.06%, 9, 0, 12, 272.94
1733850410, 43, 58, 80, 0, 0, 0.06%, 9, 0, 12, 312.77
1733850415, 43, 59, 80, 0, 0, 0.06%, 9, 0, 12, 299.95
1733850425, 43, 66, 80, 0, 0, 0.06%, 9, 0, 12, 275.93
1733850431, 44, 11, 80, 0, 0, 0.06%, 9, 0, 12, 262.78
1733850436, 44, 12, 80, 0, 0, 0.06%, 9, 0, 12, 255.93
1733850441, 44, 13, 80, 0, 0, 0.06%, 9, 0, 12, 265.13
1733850446, 44, 14, 80, 0, 0, 0.06%, 9, 0, 12, 263.48
1733850451, 44, 17, 80, 0, 0, 0.06%, 9, 0, 12, 253.72
1733850456, 44, 22, 80, 0, 0, 0.06%, 9, 0, 12, 249.85
1733850461, 44, 23, 80, 0, 0, 0.06%, 9, 0, 12, 253.20
1733850466, 44, 24, 80, 0, 0, 0.06%, 9, 0, 12, 260.53
1733850471, 44, 57, 80, 0, 0, 0.06%, 9, 0, 12, 272.21
1733850486, 44, 72, 80, 0, 0, 0.06%, 9, 0, 12, 273.68
1733850496, 45, 2, 80, 0, 0, 0.06%, 9, 0, 12, 277.14
1733850501, 45, 12, 80, 0, 0, 0.06%, 9, 0, 12, 246.95
1733850506, 45, 13, 80, 0, 0, 0.06%, 9, 0, 12, 247.92
1733850511, 45, 14, 80, 0, 0, 0.06%, 9, 0, 12, 247.82
1733850517, 45, 17, 80, 0, 0, 0.06%, 9, 0, 12, 262.25
1733850522, 45, 22, 80, 0, 0, 0.06%, 9, 0, 12, 261.89
1733850527, 45, 23, 80, 0, 0, 0.06%, 9, 0, 12, 258.06
1733850532, 45, 24, 80, 0, 0, 0.06%, 9, 0, 12, 269.56
1733850542, 46, 12, 80, 0, 0, 0.06%, 9, 0, 12, 243.23
1733850547, 46, 13, 80, 0, 0, 0.06%, 9, 0, 12, 254.23
1733850552, 46, 14, 80, 0, 0, 0.06%, 9, 0, 12, 266.26
1733850557, 46, 17, 80, 0, 0, 0.06%, 9, 0, 12, 263.38
1733850567, 46, 22, 80, 0, 0, 0.06%, 9, 0, 12, 262.52
1733850572, 46, 23, 80, 0, 0, 0.06%, 9, 0, 12, 270.39
1733850577, 46, 24, 80, 0, 0, 0.06%, 9, 0, 12, 264.93
1733850583, 46, 79, 80, 0, 0, 0.06%, 9, 0, 12, 285.48
1733850603, 47, 11, 80, 0, 0, 0.06%, 9, 0, 12, 261.08
1733850608, 47, 12, 80, 0, 0, 0.06%, 9, 0, 12, 261.11
1733850613, 47, 13, 80, 0, 0, 0.06%, 9, 0, 12, 266.99
1733850618, 47, 14, 80, 0, 0, 0.06%, 9, 0, 12, 249.82
1733850623, 47, 17, 80, 0, 0, 0.06%, 9, 0, 12, 254.67
1733850628, 47, 18, 80, 0, 0, 0.06%, 9, 0, 12, 260.00
1733850633, 47, 22, 80, 0, 0, 0.06%, 9, 0, 12, 255.48
1733850639, 47, 23, 80, 0, 0, 0.06%, 9, 0, 12, 251.29
1733850644, 47, 24, 80, 0, 0, 0.06%, 9, 0, 12, 256.46
1733850649, 47, 34, 80, 0, 0, 0.06%, 9, 0, 12, 280.72
1733850654, 47, 36, 80, 0, 0, 0.06%, 9, 0, 12, 265.81
1733850659, 47, 65, 80, 0, 0, 0.06%, 9, 0, 12, 279.04
1733850664, 48, 1, 80, 0, 0, 0.06%, 9, 0, 12, 261.53
1733850669, 48, 11, 80, 0, 0, 0.06%, 9, 0, 12, 255.40
1733850674, 48, 12, 80, 0, 0, 0.06%, 9, 0, 12, 240.13
1733850679, 48, 13, 80, 0, 0, 0.06%, 9, 0, 12, 248.08
1733850684, 48, 14, 80, 0, 0, 0.06%, 9, 0, 12, 241.87
1733850689, 48, 17, 80, 0, 0, 0.06%, 9, 0, 12, 238.76
1733850694, 48, 19, 80, 0, 0, 0.06%, 9, 0, 12, 247.51
1733850700, 48, 22, 80, 0, 0, 0.06%, 9, 0, 12, 257.18
1733850705, 48, 23, 80, 0, 0, 0.06%, 9, 0, 12, 266.67
1733850710, 48, 24, 80, 0, 0, 0.06%, 9, 0, 12, 274.44
1733850720, 48, 39, 80, 0, 0, 0.06%, 9, 0, 12, 269.40
1733850725, 48, 72, 80, 0, 0, 0.06%, 9, 0, 12, 277.84
1733850735, 49, 12, 80, 0, 0, 0.06%, 9, 0, 12, 256.79
1733850740, 49, 13, 80, 0, 0, 0.06%, 9, 0, 12, 262.27
1733850745, 49, 14, 80, 0, 0, 0.06%, 9, 0, 12, 249.40
1733850750, 49, 17, 80, 0, 0, 0.06%, 9, 0, 12, 254.78
1733850760, 49, 22, 80, 0, 0, 0.06%, 9, 0, 12, 266.92
1733850765, 49, 23, 80, 0, 0, 0.06%, 9, 0, 12, 282.04
1733850770, 49, 24, 80, 0, 0, 0.06%, 9, 0, 12, 266.73
1733850775, 49, 44, 80, 0, 0, 0.06%, 9, 0, 12, 267.03
1733850780, 49, 49, 80, 0, 0, 0.06%, 9, 0, 12, 269.17
1733850791, 49, 71, 80, 0, 0, 0.06%, 9, 0, 12, 275.51
1733850801, 50, 11, 80, 0, 0, 0.06%, 9, 0, 12, 262.06
1733850806, 50, 12, 80, 0, 0, 0.06%, 9, 0, 12, 268.66
1733850811, 50, 13, 80, 0, 0, 0.06%, 9, 0, 12, 256.06
1733850816, 50, 14, 80, 0, 0, 0.06%, 9, 0, 12, 243.92
1733850821, 50, 17, 80, 0, 0, 0.06%, 9, 0, 12, 254.24
1733850826, 50, 22, 80, 0, 0, 0.06%, 9, 0, 12, 255.84
1733850831, 50, 23, 80, 0, 0, 0.06%, 9, 0, 12, 257.83
1733850836, 50, 24, 80, 0, 0, 0.06%, 9, 0, 12, 272.80
1733850841, 50, 34, 80, 0, 0, 0.06%, 9, 0, 12, 261.51
1733850846, 50, 55, 80, 0, 0, 0.06%, 9, 0, 12, 280.51
1733850862, 51, 4, 80, 0, 0, 0.06%, 9, 0, 12, 295.34
1733850867, 51, 12, 80, 0, 0, 0.06%, 9, 0, 12, 255.66
1733850872, 51, 13, 80, 0, 0, 0.06%, 9, 0, 12, 249.29
1733850877, 51, 14, 80, 0, 0, 0.06%, 9, 0, 12, 249.43
1733850882, 51, 17, 80, 0, 0, 0.06%, 9, 0, 12, 263.00
1733850887, 51, 22, 80, 0, 0, 0.06%, 9, 0, 12, 271.80
1733850892, 51, 23, 80, 0, 0, 0.06%, 9, 0, 12, 260.04
1733850902, 51, 24, 80, 0, 0, 0.06%, 9, 0, 12, 252.98
1733850907, 51, 35, 80, 0, 0, 0.06%, 9, 0, 12, 259.74
1733850912, 51, 57, 80, 0, 0, 0.06%, 9, 0, 12, 293.59
1733850917, 52, 11, 80, 0, 0, 0.06%, 9, 0, 12, 247.08
1733850922, 52, 12, 80, 0, 0, 0.06%, 9, 0, 12, 260.15
1733850927, 52, 13, 80, 0, 0, 0.06%, 9, 0, 12, 243.51
1733850932, 52, 14, 80, 0, 0, 0.06%, 9, 0, 12, 243.12
1733850937, 52, 17, 80, 0, 0, 0.06%, 9, 0, 12, 256.45
1733850942, 52, 21, 80, 0, 0, 0.06%, 9, 0, 12, 254.23
1733850947, 52, 22, 80, 0, 0, 0.06%, 9, 0, 12, 250.60
1733850952, 52, 23, 80, 0, 0, 0.06%, 9, 0, 12, 260.35
1733850963, 52, 24, 80, 0, 0, 0.06%, 9, 0, 12, 265.66
1733850968, 52, 64, 80, 0, 0, 0.06%, 9, 0, 12, 263.41
1733850973, 52, 77, 80, 0, 0, 0.06%, 9, 0, 12, 310.35
1733851004, 53, 12, 80, 0, 0, 0.06%, 9, 0, 12, 239.70
1733851009, 53, 13, 80, 0, 0, 0.06%, 9, 0, 12, 252.35
1733851014, 53, 14, 80, 0, 0, 0.06%, 9, 0, 12, 260.64
1733851024, 53, 17, 80, 0, 0, 0.06%, 9, 0, 12, 268.04
1733851029, 53, 22, 80, 0, 0, 0.06%, 9, 0, 12, 261.25
1733851034, 53, 23, 80, 0, 0, 0.06%, 9, 0, 12, 248.10
1733851039, 53, 24, 80, 0, 0, 0.06%, 9, 0, 12, 256.53
1733851044, 54, 11, 80, 0, 0, 0.06%, 9, 0, 12, 254.45
1733851049, 54, 12, 80, 0, 0, 0.06%, 9, 0, 12, 256.05
1733851054, 54, 13, 80, 0, 0, 0.06%, 9, 0, 12, 271.30
1733851059, 54, 14, 80, 0, 0, 0.06%, 9, 0, 12, 249.87
1733851064, 54, 17, 80, 0, 0, 0.06%, 9, 0, 12, 250.89
1733851069, 54, 21, 80, 0, 0, 0.06%, 9, 0, 12, 265.26
1733851074, 54, 22, 80, 0, 0, 0.06%, 9, 0, 12, 250.48
1733851080, 54, 23, 80, 0, 0, 0.06%, 9, 0, 12, 257.31
1733851085, 54, 24, 80, 0, 0, 0.06%, 9, 0, 12, 275.72
1733851090, 54, 29, 80, 0, 0, 0.06%, 9, 0, 12, 255.99
1733851095, 54, 45, 80, 0, 0, 0.06%, 9, 0, 12, 273.65
1733851100, 54, 67, 80, 0, 0, 0.06%, 9, 0, 12, 275.77
1733851105, 55, 11, 80, 0, 0, 0.06%, 9, 0, 12, 270.04
1733851110, 55, 12, 80, 0, 0, 0.06%, 9, 0, 12, 257.08
1733851115, 55, 13, 80, 0, 0, 0.06%, 9, 0, 12, 266.42
1733851120, 55, 14, 80, 0, 0, 0.06%, 9, 0, 12, 266.93
1733851125, 55, 17, 80, 0, 0, 0.06%, 9, 0, 12, 256.14
1733851130, 55, 22, 80, 0, 0, 0.06%, 9, 0, 12, 253.03
1733851135, 55, 23, 80, 0, 0, 0.06%, 9, 0, 12, 255.11
1733851141, 55, 24, 80, 0, 0, 0.06%, 9, 0, 12, 265.27
1733851146, 55, 40, 80, 0, 0, 0.06%, 9, 0, 12, 271.02
1733851151, 55, 42, 80, 0, 0, 0.06%, 9, 0, 12, 262.33
1733851156, 55, 63, 80, 0, 0, 0.06%, 9, 0, 12, 309.13
1733851161, 56, 11, 80, 0, 0, 0.06%, 9, 0, 12, 280.02
1733851166, 56, 12, 80, 0, 0, 0.06%, 9, 0, 12, 245.38
1733851171, 56, 13, 80, 0, 0, 0.06%, 9, 0, 12, 245.70
1733851176, 56, 14, 80, 0, 0, 0.06%, 9, 0, 12, 252.77
1733851181, 56, 17, 80, 0, 0, 0.06%, 9, 0, 12, 253.93
1733851186, 56, 22, 80, 0, 0, 0.06%, 9, 0, 12, 262.17
1733851191, 56, 23, 80, 0, 0, 0.06%, 9, 0, 12, 265.75
1733851202, 56, 24, 80, 0, 0, 0.06%, 9, 0, 12, 280.33
1733851207, 57, 11, 80, 0, 0, 0.06%, 9, 0, 12, 277.52
1733851212, 57, 12, 80, 0, 0, 0.06%, 9, 0, 12, 263.80
1733851217, 57, 13, 80, 0, 0, 0.06%, 9, 0, 12, 253.33
1733851222, 57, 14, 80, 0, 0, 0.06%, 9, 0, 12, 261.02
1733851227, 57, 17, 80, 0, 0, 0.06%, 9, 0, 12, 259.28
1733851232, 57, 22, 80, 0, 0, 0.06%, 9, 0, 12, 265.13
1733851237, 57, 23, 80, 0, 0, 0.06%, 9, 0, 12, 262.26
1733851242, 57, 24, 80, 0, 0, 0.06%, 9, 0, 12, 267.91
1733851247, 57, 32, 80, 0, 0, 0.06%, 9, 0, 12, 267.77
1733851257, 57, 64, 80, 0, 0, 0.06%, 9, 0, 12, 278.12
1733851262, 57, 69, 80, 0, 0, 0.06%, 9, 0, 12, 303.20
1733851272, 58, 12, 80, 0, 0, 0.06%, 9, 0, 12, 261.92
1733851277, 58, 13, 80, 0, 0, 0.06%, 9, 0, 12, 266.18
1733851283, 58, 14, 80, 0, 0, 0.06%, 9, 0, 12, 247.43
1733851288, 58, 16, 80, 0, 0, 0.06%, 9, 0, 12, 267.02
1733851293, 58, 17, 80, 0, 0, 0.06%, 9, 0, 12, 258.50
1733851298, 58, 22, 80, 0, 0, 0.06%, 9, 0, 12, 260.23
1733851303, 58, 23, 80, 0, 0, 0.06%, 9, 0, 12, 262.51
1733851308, 58, 24, 80, 0, 0, 0.06%, 9, 0, 12, 259.58
1733851313, 58, 32, 80, 0, 0, 0.06%, 9, 0, 12, 263.58
1733851318, 58, 54, 80, 0, 0, 0.06%, 9, 0, 12, 281.96
1733851328, 58, 65, 80, 0, 0, 0.06%, 9, 0, 12, 286.36
1733851333, 59, 12, 80, 0, 0, 0.06%, 9, 0, 12, 258.22
1733851338, 59, 13, 80, 0, 0, 0.06%, 9, 0, 12, 258.16
1733851348, 59, 14, 80, 0, 0, 0.06%, 9, 0, 12, 257.10
1733851353, 59, 17, 80, 0, 0, 0.06%, 9, 0, 12, 252.89
1733851358, 59, 22, 80, 0, 0, 0.06%, 9, 0, 12, 273.81
1733851363, 59, 23, 80, 0, 0, 0.06%, 9, 0, 12, 252.16
1733851369, 59, 24, 80, 0, 0, 0.06%, 9, 0, 12, 268.77
1733851374, 59, 43, 80, 0, 0, 0.06%, 9, 0, 12, 256.41
1733851379, 59, 58, 80, 0, 0, 0.06%, 9, 0, 12, 297.53
1733851384, 59, 67, 80, 0, 0, 0.06%, 9, 0, 12, 277.18
1733851389, 60, 11, 80, 0, 0, 0.06%, 9, 0, 12, 274.10
1733851394, 60, 12, 80, 0, 0, 0.06%, 9, 0, 12, 251.68
1733851399, 60, 13, 80, 0, 0, 0.06%, 9, 0, 12, 242.08
1733851404, 60, 14, 80, 0, 0, 0.06%, 9, 0, 12, 244.22
1733851409, 60, 17, 80, 0, 0, 0.06%, 9, 0, 12, 244.95
1733851414, 60, 22, 80, 0, 0, 0.06%, 9, 0, 12, 258.32
1733851419, 60, 23, 80, 0, 0, 0.06%, 9, 0, 12, 271.06
1733851424, 60, 24, 80, 0, 0, 0.06%, 9, 0, 12, 255.05
1733851430, 60, 43, 80, 0, 0, 0.06%, 9, 0, 12, 259.96
1733851435, 60, 72, 80, 0, 0, 0.06%, 9, 0, 12, 276.21
1733851440, 61, 4, 80, 0, 0, 0.06%, 9, 0, 12, 270.87
1733851445, 61, 12, 80, 0, 0, 0.06%, 9, 0, 12, 251.30
1733851450, 61, 13, 80, 0, 0, 0.06%, 9, 0, 12, 260.32
1733851455, 61, 14, 80, 0, 0, 0.06%, 9, 0, 12, 253.63
1733851465, 61, 17, 80, 0, 0, 0.06%, 9, 0, 12, 258.12
1733851470, 61, 21, 80, 0, 0, 0.06%, 9, 0, 12, 260.09
1733851475, 61, 22, 80, 0, 0, 0.06%, 9, 0, 12, 251.12
1733851480, 61, 23, 80, 0, 0, 0.06%, 9, 0, 12, 263.16
1733851486, 61, 24, 80, 0, 0, 0.06%, 9, 0, 12, 281.86
1733851491, 61, 39, 80, 0, 0, 0.06%, 9, 0, 12, 266.25
1733851496, 61, 43, 80, 0, 0, 0.06%, 9, 0, 12, 259.56
1733851501, 61, 55, 80, 0, 0, 0.06%, 9, 0, 12, 312.22
1733851506, 61, 65, 80, 0, 0, 0.06%, 9, 0, 12, 308.76
1733851511, 62, 4, 80, 0, 0, 0.06%, 9, 0, 12, 288.61
1733851516, 62, 12, 80, 0, 0, 0.06%, 9, 0, 12, 247.54
1733851521, 62, 13, 80, 0, 0, 0.06%, 9, 0, 12, 250.26
1733851526, 62, 14, 80, 0, 0, 0.06%, 9, 0, 12, 254.52
1733851531, 62, 17, 80, 0, 0, 0.06%, 9, 0, 12, 266.64
1733851541, 62, 22, 80, 0, 0, 0.06%, 9, 0, 12, 260.35
1733851546, 62, 23, 80, 0, 0, 0.06%, 9, 0, 12, 254.73
1733851551, 62, 24, 80, 0, 0, 0.06%, 9, 0, 12, 267.63
1733851556, 62, 25, 80, 0, 0, 0.06%, 9, 0, 12, 271.90
1733851561, 63, 11, 80, 0, 0, 0.06%, 9, 0, 12, 264.25
1733851566, 63, 12, 80, 0, 0, 0.06%, 9, 0, 12, 262.82
1733851572, 63, 13, 80, 0, 0, 0.06%, 9, 0, 12, 255.55
1733851577, 63, 14, 80, 0, 0, 0.06%, 9, 0, 12, 251.14
1733851582, 63, 17, 80, 0, 0, 0.06%, 9, 0, 12, 256.25
1733851587, 63, 21, 80, 0, 0, 0.06%, 9, 0, 12, 258.19
1733851592, 63, 22, 80, 0, 0, 0.06%, 9, 0, 12, 265.64
1733851597, 63, 23, 80, 0, 0, 0.06%, 9, 0, 12, 274.18
1733851602, 63, 24, 80, 0, 0, 0.06%, 9, 0, 12, 265.13
1733851607, 63, 35, 80, 0, 0, 0.06%, 9, 0, 12, 282.53
1733851612, 63, 54, 80, 0, 0, 0.06%, 9, 0, 12, 291.40
1733851617, 64, 11, 80, 0, 0, 0.06%, 9, 0, 12, 274.30
1733851622, 64, 12, 80, 0, 0, 0.06%, 9, 0, 12, 251.84
1733851627, 64, 13, 80, 0, 0, 0.06%, 9, 0, 12, 241.66
1733851632, 64, 14, 80, 0, 0, 0.06%, 9, 0, 12, 251.57
1733851637, 64, 17, 80, 0, 0, 0.06%, 9, 0, 12, 263.13
1733851647, 64, 23, 80, 0, 0, 0.06%, 9, 0, 12, 265.99
1733851657, 64, 24, 80, 0, 0, 0.06%, 9, 0, 12, 252.11
1733851663, 64, 27, 80, 0, 0, 0.06%, 9, 0, 12, 271.10
1733851668, 64, 30, 80, 0, 0, 0.06%, 9, 0, 12, 276.21
1733851673, 64, 32, 80, 0, 0, 0.06%, 9, 0, 12, 280.05
1733851678, 64, 78, 80, 0, 0, 0.06%, 9, 0, 12, 296.90
1733851698, 65, 12, 80, 0, 0, 0.06%, 9, 0, 12, 255.16
1733851703, 65, 13, 80, 0, 0, 0.06%, 9, 0, 12, 264.93
1733851708, 65, 14, 80, 0, 0, 0.06%, 9, 0, 12, 268.73
1733851713, 65, 17, 80, 0, 0, 0.06%, 9, 0, 12, 268.23
1733851723, 65, 22, 80, 0, 0, 0.06%, 9, 0, 12, 275.51
1733851728, 65, 23, 80, 0, 0, 0.06%, 9, 0, 12, 263.91
1733851733, 65, 24, 80, 0, 0, 0.06%, 9, 0, 12, 260.29
1733851738, 65, 34, 80, 0, 0, 0.06%, 9, 0, 12, 269.50
1733851743, 65, 53, 80, 0, 0, 0.06%, 9, 0, 12, 290.16
1733851748, 65, 72, 80, 0, 0, 0.06%, 9, 0, 12, 288.23
1733851753, 66, 11, 80, 0, 0, 0.06%, 9, 0, 12, 268.70
1733851759, 66, 12, 80, 0, 0, 0.06%, 9, 0, 12, 249.81
1733851764, 66, 13, 80, 0, 0, 0.06%, 9, 0, 12, 255.45
1733851769, 66, 14, 80, 0, 0, 0.06%, 9, 0, 12, 243.72
1733851774, 66, 15, 80, 0, 0, 0.06%, 9, 0, 12, 258.29
1733851779, 66, 17, 80, 0, 0, 0.06%, 9, 0, 12, 251.74
1733851784, 66, 22, 80, 0, 0, 0.06%, 9, 0, 12, 253.50
1733851789, 66, 23, 80, 0, 0, 0.06%, 9, 0, 12, 262.67
1733851794, 66, 24, 80, 0, 0, 0.06%, 9, 0, 12, 270.55
1733851799, 66, 27, 80, 0, 0, 0.06%, 9, 0, 12, 275.95
1733851804, 66, 46, 80, 0, 0, 0.06%, 9, 0, 12, 283.85
1733851814, 66, 64, 80, 0, 0, 0.06%, 9, 0, 12, 287.53
1733851820, 67, 11, 80, 0, 0, 0.06%, 9, 0, 12, 257.27
1733851825, 67, 12, 80, 0, 0, 0.06%, 9, 0, 12, 255.39
1733851830, 67, 13, 80, 0, 0, 0.06%, 9, 0, 12, 242.45
1733851835, 67, 14, 80, 0, 0, 0.06%, 9, 0, 12, 259.92
1733851840, 67, 17, 80, 0, 0, 0.06%, 9, 0, 12, 273.29
1733851845, 67, 22, 80, 0, 0, 0.06%, 9, 0, 12, 272.23
1733851850, 67, 23, 80, 0, 0, 0.06%, 9, 0, 12, 265.00
1733851855, 67, 24, 80, 0, 0, 0.06%, 9, 0, 12, 258.50
1733851861, 67, 40, 80, 0, 0, 0.06%, 9, 0, 12, 271.46
1733851866, 67, 54, 80, 0, 0, 0.06%, 9, 0, 12, 286.46
1733851876, 67, 79, 80, 0, 0, 0.06%, 9, 0, 12, 295.11
1733851896, 68, 12, 80, 0, 0, 0.06%, 9, 0, 12, 260.94
1733851901, 68, 13, 80, 0, 0, 0.06%, 9, 0, 12, 252.27
1733851907, 68, 14, 80, 0, 0, 0.06%, 9, 0, 12, 252.83
1733851912, 68, 17, 80, 0, 0, 0.06%, 9, 0, 12, 269.63
1733851917, 68, 22, 80, 0, 0, 0.06%, 9, 0, 12, 263.47
1733851922, 68, 23, 80, 0, 0, 0.06%, 9, 0, 12, 271.40
1733851927, 68, 24, 80, 0, 0, 0.06%, 9, 0, 12, 260.48
1733851932, 68, 49, 80, 0, 0, 0.06%, 9, 0, 12, 254.12
1733851942, 68, 51, 80, 0, 0, 0.06%, 9, 0, 12, 292.22
1733851947, 69, 11, 80, 0, 0, 0.06%, 9, 0, 12, 261.09
1733851952, 69, 12, 80, 0, 0, 0.06%, 9, 0, 12, 271.38
1733851957, 69, 13, 80, 0, 0, 0.06%, 9, 0, 12, 267.05
1733851963, 69, 14, 80, 0, 0, 0.06%, 9, 0, 12, 262.08
1733851968, 69, 17, 80, 0, 0, 0.06%, 9, 0, 12, 256.07
1733851973, 69, 22, 80, 0, 0, 0.06%, 9, 0, 12, 255.12
1733851978, 69, 23, 80, 0, 0, 0.06%, 9, 0, 12, 257.41
1733851983, 69, 24, 80, 0, 0, 0.06%, 9, 0, 12, 251.26
1733851988, 69, 75, 80, 0, 0, 0.06%, 9, 0, 12, 249.49
1733852024, 70, 12, 80, 0, 0, 0.06%, 9, 0, 12, 252.06
1733852029, 70, 13, 80, 0, 0, 0.06%, 9, 0, 12, 253.63
1733852034, 70, 14, 80, 0, 0, 0.06%, 9, 0, 12, 268.24
1733852039, 70, 16, 80, 0, 0, 0.06%, 9, 0, 12, 276.54
1733852044, 70, 17, 80, 0, 0, 0.06%, 9, 0, 12, 273.75
1733852049, 70, 22, 80, 0, 0, 0.06%, 9, 0, 12, 269.58
1733852054, 70, 23, 80, 0, 0, 0.06%, 9, 0, 12, 267.69
1733852059, 70, 24, 80, 0, 0, 0.06%, 9, 0, 12, 267.36
1733852064, 70, 70, 80, 0, 0, 0.06%, 9, 0, 12, 278.29
1733852085, 70, 76, 80, 0, 0, 0.06%, 9, 0, 12, 301.24
1733852115, 71, 11, 80, 0, 0, 0.06%, 9, 0, 12, 253.68
1733852120, 71, 12, 80, 0, 0, 0.06%, 9, 0, 12, 250.25
1733852125, 71, 13, 80, 0, 0, 0.06%, 9, 0, 12, 248.73
1733852130, 71, 14, 80, 0, 0, 0.06%, 9, 0, 12, 249.03
1733852135, 71, 17, 80, 0, 0, 0.06%, 9, 0, 12, 252.76
1733852140, 71, 22, 80, 0, 0, 0.06%, 9, 0, 12, 256.90
1733852146, 71, 23, 80, 0, 0, 0.06%, 9, 0, 12, 247.68
1733852151, 71, 24, 80, 0, 0, 0.06%, 9, 0, 12, 258.29
1733852156, 72, 11, 80, 0, 0, 0.06%, 9, 0, 12, 259.51
1733852161, 72, 12, 80, 0, 0, 0.06%, 9, 0, 12, 265.96
1733852166, 72, 13, 80, 0, 0, 0.06%, 9, 0, 12, 261.12
1733852171, 72, 14, 80, 0, 0, 0.06%, 9, 0, 12, 258.22
1733852176, 72, 15, 80, 0, 0, 0.06%, 9, 0, 12, 262.13
1733852181, 72, 17, 80, 0, 0, 0.06%, 9, 0, 12, 254.58
1733852186, 72, 22, 80, 0, 0, 0.06%, 9, 0, 12, 262.42
1733852191, 72, 23, 80, 0, 0, 0.06%, 9, 0, 12, 270.40
1733852196, 72, 24, 80, 0, 0, 0.06%, 9, 0, 12, 259.44
1733852201, 72, 57, 80, 0, 0, 0.06%, 9, 0, 12, 274.41
1733852211, 73, 11, 80, 0, 0, 0.06%, 9, 0, 12, 266.10
1733852216, 73, 12, 80, 0, 0, 0.06%, 9, 0, 12, 271.71
1733852222, 73, 13, 80, 0, 0, 0.06%, 9, 0, 12, 246.75
1733852227, 73, 14, 80, 0, 0, 0.06%, 9, 0, 12, 249.82
1733852232, 73, 17, 80, 0, 0, 0.06%, 9, 0, 12, 246.77
1733852237, 73, 22, 80, 0, 0, 0.06%, 9, 0, 12, 255.76
1733852242, 73, 23, 80, 0, 0, 0.06%, 9, 0, 12, 254.99
1733852247, 73, 24, 80, 0, 0, 0.06%, 9, 0, 12, 246.82
1733852252, 73, 31, 80, 0, 0, 0.06%, 9, 0, 12, 270.93
1733852257, 73, 53, 80, 0, 0, 0.06%, 9, 0, 12, 299.31
1733852268, 73, 55, 80, 0, 0, 0.06%, 9, 0, 12, 298.26
1733852273, 73, 63, 80, 0, 0, 0.06%, 9, 0, 12, 325.92
1733852278, 73, 79, 80, 0, 0, 0.06%, 9, 0, 12, 286.32
1733852303, 74, 12, 80, 0, 0, 0.06%, 9, 0, 12, 248.53
1733852308, 74, 13, 80, 0, 0, 0.06%, 9, 0, 12, 254.44
1733852318, 74, 14, 80, 0, 0, 0.06%, 9, 0, 12, 262.24
1733852323, 74, 17, 80, 0, 0, 0.06%, 9, 0, 12, 270.98
1733852328, 74, 22, 80, 0, 0, 0.06%, 9, 0, 12, 273.45
1733852333, 74, 23, 80, 0, 0, 0.06%, 9, 0, 12, 271.17
1733852338, 74, 24, 80, 0, 0, 0.06%, 9, 0, 12, 257.49
1733852343, 74, 71, 80, 0, 0, 0.06%, 9, 0, 12, 272.20
1733852348, 74, 76, 80, 0, 0, 0.06%, 9, 0, 12, 314.72
1733852379, 75, 12, 80, 0, 0, 0.06%, 9, 0, 12, 267.19
1733852384, 75, 13, 80, 0, 0, 0.06%, 9, 0, 12, 274.48
1733852389, 75, 14, 80, 0, 0, 0.06%, 9, 0, 12, 263.79
1733852399, 75, 17, 80, 0, 0, 0.06%, 9, 0, 12, 269.03
1733852404, 75, 22, 80, 0, 0, 0.06%, 9, 0, 12, 272.87
1733852409, 75, 23, 80, 0, 0, 0.06%, 9, 0, 12, 268.98
1733852414, 75, 24, 80, 0, 0, 0.06%, 9, 0, 12, 255.97
1733852419, 75, 37, 80, 0, 0, 0.06%, 9, 0, 12, 272.95
1733852424, 75, 47, 80, 0, 0, 0.06%, 9, 0, 12, 299.07
1733852439, 75, 72, 80, 0, 0, 0.06%, 9, 0, 12, 280.23
1733852444, 75, 74, 80, 0, 0, 0.06%, 9, 0, 12, 288.82
1733852465, 76, 11, 80, 0, 0, 0.06%, 9, 0, 12, 258.15
1733852470, 76, 12, 80, 0, 0, 0.06%, 9, 0, 12, 252.44
1733852475, 76, 13, 80, 0, 0, 0.06%, 9, 0, 12, 256.47
1733852480, 76, 14, 80, 0, 0, 0.06%, 9, 0, 12, 251.89
1733852485, 76, 15, 80, 0, 0, 0.06%, 9, 0, 12, 254.90
1733852490, 76, 17, 80, 0, 0, 0.06%, 9, 0, 12, 258.45
1733852495, 76, 20, 80, 0, 0, 0.06%, 9, 0, 12, 251.53
1733852500, 76, 22, 80, 0, 0, 0.06%, 9, 0, 12, 257.21
1733852505, 76, 23, 80, 0, 0, 0.06%, 9, 0, 12, 245.90
1733852510, 76, 24, 80, 0, 0, 0.06%, 9, 0, 12, 267.49
1733852515, 76, 35, 80, 0, 0, 0.06%, 9, 0, 12, 260.91
1733852520, 77, 10, 80, 0, 0, 0.06%, 9, 0, 12, 277.59
1733852525, 77, 12, 80, 0, 0, 0.06%, 9, 0, 12, 264.42
1733852535, 77, 13, 80, 0, 0, 0.06%, 9, 0, 12, 256.40
1733852540, 77, 14, 80, 0, 0, 0.06%, 9, 0, 12, 268.43
1733852545, 77, 15, 80, 0, 0, 0.06%, 9, 0, 12, 263.22
1733852551, 77, 17, 80, 0, 0, 0.06%, 9, 0, 12, 248.38
1733852556, 77, 22, 80, 0, 0, 0.06%, 9, 0, 12, 244.97
1733852561, 77, 23, 80, 0, 0, 0.06%, 9, 0, 12, 260.64
1733852566, 77, 24, 80, 0, 0, 0.06%, 9, 0, 12, 259.46
1733852571, 77, 25, 80, 0, 0, 0.06%, 9, 0, 12, 268.17
1733852576, 77, 37, 80, 0, 0, 0.06%, 9, 0, 12, 270.41
1733852581, 77, 78, 80, 0, 0, 0.06%, 9, 0, 12, 281.57
1733852606, 78, 12, 80, 0, 0, 0.06%, 9, 0, 12, 254.35
1733852611, 78, 13, 80, 0, 0, 0.06%, 9, 0, 12, 255.44
1733852617, 78, 14, 80, 0, 0, 0.06%, 9, 0, 12, 257.28
1733852627, 78, 17, 80, 0, 0, 0.06%, 9, 0, 12, 258.56
1733852632, 78, 22, 80, 0, 0, 0.06%, 9, 0, 12, 266.83
1733852637, 78, 23, 80, 0, 0, 0.06%, 9, 0, 12, 250.24
1733852642, 78, 24, 80, 0, 0, 0.06%, 9, 0, 12, 266.21
1733852647, 78, 79, 80, 0, 0, 0.06%, 9, 0, 12, 286.89
1733852668, 79, 12, 80, 0, 0, 0.06%, 9, 0, 12, 255.66
1733852673, 79, 13, 80, 0, 0, 0.06%, 9, 0, 12, 274.75
1733852678, 79, 14, 80, 0, 0, 0.06%, 9, 0, 12, 260.24
1733852688, 79, 17, 80, 0, 0, 0.06%, 9, 0, 12, 267.01
1733852693, 79, 22, 80, 0, 0, 0.06%, 9, 0, 12, 258.53
1733852698, 79, 23, 80, 0, 0, 0.06%, 9, 0, 12, 259.70
1733852703, 79, 24, 80, 0, 0, 0.06%, 9, 0, 12, 259.23
1733852708, 79, 44, 80, 0, 0, 0.06%, 9, 0, 12, 271.14
1733852713, 79, 78, 80, 0, 0, 0.06%, 9, 0, 12, 290.72
1733852734, 80, 11, 80, 0, 0, 0.06%, 9, 0, 12, 261.36
1733852739, 80, 12, 80, 0, 0, 0.06%, 9, 0, 12, 269.03
1733852744, 80, 13, 80, 0, 0, 0.06%, 9, 0, 12, 256.59
1733852749, 80, 14, 80, 0, 0, 0.06%, 9, 0, 12, 251.73
1733852754, 80, 17, 80, 0, 0, 0.06%, 9, 0, 12, 260.64
1733852759, 80, 18, 80, 0, 0, 0.06%, 9, 0, 12, 272.29
1733852764, 80, 22, 80, 0, 0, 0.06%, 9, 0, 12, 258.29
1733852769, 80, 23, 80, 0, 0, 0.06%, 9, 0, 12, 266.62
1733852779, 80, 24, 80, 0, 0, 0.06%, 9, 0, 12, 254.83
1733852784, 80, 35, 80, 0, 0, 0.06%, 9, 0, 12, 263.19
1733852789, 80, 50, 80, 0, 0, 0.06%, 9, 0, 12, 276.69
1733852794, 80, 54, 80, 0, 0, 0.06%, 9, 0, 12, 294.81
1733852799, 80, 60, 80, 0, 0, 0.06%, 9, 0, 12, 322.13
1733852815, 80, 70, 80, 0, 0, 0.06%, 9, 0, 12, 292.03
1733852835, 81, 11, 80, 0, 0, 0.06%, 9, 0, 12, 243.22
1733852840, 81, 12, 80, 0, 0, 0.06%, 9, 0, 12, 255.59
1733852845, 81, 13, 80, 0, 0, 0.06%, 9, 0, 12, 250.83
1733852850, 81, 14, 80, 0, 0, 0.06%, 9, 0, 12, 250.19
1733852855, 81, 17, 80, 0, 0, 0.06%, 9, 0, 12, 254.59
1733852860, 81, 22, 80, 0, 0, 0.06%, 9, 0, 12, 258.98
1733852865, 81, 23, 80, 0, 0, 0.06%, 9, 0, 12, 257.19
1733852870, 81, 24, 80, 0, 0, 0.06%, 9, 0, 12, 250.32
1733852875, 81, 30, 80, 0, 0, 0.06%, 9, 0, 12, 280.13
1733852880, 81, 61, 80, 0, 0, 0.06%, 9, 0, 12, 298.02
1733852896, 81, 78, 80, 0, 0, 0.06%, 9, 0, 12, 300.20
1733852906, 82, 7, 80, 0, 0, 0.06%, 9, 0, 12, 256.57
1733852911, 82, 12, 80, 0, 0, 0.06%, 9, 0, 12, 252.92
1733852916, 82, 13, 80, 0, 0, 0.06%, 9, 0, 12, 248.68
1733852921, 82, 14, 80, 0, 0, 0.06%, 9, 0, 12, 270.29
1733852931, 82, 17, 80, 0, 0, 0.06%, 9, 0, 12, 264.73
1733852936, 82, 22, 80, 0, 0, 0.06%, 9, 0, 12, 271.01
1733852941, 82, 23, 80, 0, 0, 0.06%, 9, 0, 12, 269.24
1733852946, 82, 24, 80, 0, 0, 0.06%, 9, 0, 12, 266.09
1733852951, 82, 34, 80, 0, 0, 0.06%, 9, 0, 12, 281.72
1733852956, 82, 79, 80, 0, 0, 0.06%, 9, 0, 12, 282.65
1733852976, 83, 11, 80, 0, 0, 0.06%, 9, 0, 12, 244.13
1733852982, 83, 12, 80, 0, 0, 0.06%, 9, 0, 12, 253.38
1733852987, 83, 13, 80, 0, 0, 0.06%, 9, 0, 12, 248.38
1733852992, 83, 14, 80, 0, 0, 0.06%, 9, 0, 12, 261.47
1733852997, 83, 17, 80, 0, 0, 0.06%, 9, 0, 12, 249.27
1733853002, 83, 22, 80, 0, 0, 0.06%, 9, 0, 12, 257.09
1733853007, 83, 23, 80, 0, 0, 0.06%, 9, 0, 12, 267.47
1733853012, 83, 24, 80, 0, 0, 0.06%, 9, 0, 12, 259.40
1733853017, 83, 58, 80, 0, 0, 0.06%, 9, 0, 12, 284.44
1733853027, 83, 68, 80, 0, 0, 0.06%, 9, 0, 12, 292.93
1733853032, 83, 78, 80, 0, 0, 0.06%, 9, 0, 12, 266.38
1733853037, 84, 12, 80, 0, 0, 0.06%, 9, 0, 12, 254.32
1733853047, 84, 13, 80, 0, 0, 0.06%, 9, 0, 12, 254.13
1733853052, 84, 14, 80, 0, 0, 0.06%, 9, 0, 12, 242.25
1733853058, 84, 17, 80, 0, 0, 0.06%, 9, 0, 12, 246.19
1733853063, 84, 22, 80, 0, 0, 0.06%, 9, 0, 12, 259.71
1733853068, 84, 23, 80, 0, 0, 0.06%, 9, 0, 12, 251.68
1733853073, 84, 24, 80, 0, 0, 0.06%, 9, 0, 12, 274.28
1733853078, 84, 77, 80, 0, 0, 0.06%, 9, 0, 12, 316.24
1733853093, 85, 12, 80, 0, 0, 0.06%, 9, 0, 12, 266.29
1733853098, 85, 13, 80, 0, 0, 0.06%, 9, 0, 12, 254.60
1733853103, 85, 14, 80, 0, 0, 0.06%, 9, 0, 12, 262.27
1733853109, 85, 17, 80, 0, 0, 0.06%, 9, 0, 12, 267.87
1733853114, 85, 22, 80, 0, 0, 0.06%, 9, 0, 12, 273.31
1733853124, 85, 23, 80, 0, 0, 0.06%, 9, 0, 12, 246.03
1733853129, 85, 24, 80, 0, 0, 0.06%, 9, 0, 12, 256.38
1733853134, 85, 50, 80, 0, 0, 0.06%, 9, 0, 12, 262.05
1733853139, 86, 11, 80, 0, 0, 0.06%, 9, 0, 12, 260.35
1733853144, 86, 12, 80, 0, 0, 0.06%, 9, 0, 12, 256.20
1733853149, 86, 13, 80, 0, 0, 0.06%, 9, 0, 12, 247.47
1733853154, 86, 14, 80, 0, 0, 0.06%, 9, 0, 12, 247.49
1733853159, 86, 17, 80, 0, 0, 0.06%, 9, 0, 12, 257.57
1733853164, 86, 22, 80, 0, 0, 0.06%, 9, 0, 12, 264.43
1733853169, 86, 23, 80, 0, 0, 0.06%, 9, 0, 12, 257.96
1733853174, 86, 24, 80, 0, 0, 0.06%, 9, 0, 12, 259.46
1733853179, 86, 40, 80, 0, 0, 0.06%, 9, 0, 12, 265.70
1733853184, 86, 51, 80, 0, 0, 0.06%, 9, 0, 12, 290.45
1733853195, 86, 60, 80, 0, 0, 0.06%, 9, 0, 12, 311.86
1733853200, 87, 11, 80, 0, 0, 0.06%, 9, 0, 12, 267.02
1733853205, 87, 12, 80, 0, 0, 0.06%, 9, 0, 12, 266.80
1733853210, 87, 13, 80, 0, 0, 0.06%, 9, 0, 12, 256.46
1733853215, 87, 14, 80, 0, 0, 0.06%, 9, 0, 12, 264.52
1733853220, 87, 15, 80, 0, 0, 0.06%, 9, 0, 12, 259.23
1733853225, 87, 17, 80, 0, 0, 0.06%, 9, 0, 12, 248.68
1733853230, 87, 22, 80, 0, 0, 0.06%, 9, 0, 12, 260.81
1733853235, 87, 23, 80, 0, 0, 0.06%, 9, 0, 12, 253.53
1733853240, 87, 24, 80, 0, 0, 0.06%, 9, 0, 12, 267.52
1733853245, 87, 26, 80, 0, 0, 0.06%, 9, 0, 12, 271.00
1733853250, 87, 64, 80, 0, 0, 0.06%, 9, 0, 12, 269.06
1733853255, 87, 72, 80, 0, 0, 0.06%, 9, 0, 12, 279.42
1733853261, 88, 6, 80, 0, 0, 0.06%, 9, 0, 12, 263.43
1733853266, 88, 12, 80, 0, 0, 0.06%, 9, 0, 12, 246.80
1733853271, 88, 13, 80, 0, 0, 0.06%, 9, 0, 12, 241.04
1733853276, 88, 14, 80, 0, 0, 0.06%, 9, 0, 12, 258.66
1733853281, 88, 17, 80, 0, 0, 0.06%, 9, 0, 12, 250.08
1733853286, 88, 20, 80, 0, 0, 0.06%, 9, 0, 12, 252.83
1733853296, 88, 22, 80, 0, 0, 0.06%, 9, 0, 12, 244.45
1733853301, 88, 23, 80, 0, 0, 0.06%, 9, 0, 12, 269.72
1733853306, 88, 24, 80, 0, 0, 0.06%, 9, 0, 12, 258.36
1733853311, 88, 61, 80, 0, 0, 0.06%, 9, 0, 12, 306.99
1733853316, 89, 11, 80, 0, 0, 0.06%, 9, 0, 12, 270.94
1733853321, 89, 12, 80, 0, 0, 0.06%, 9, 0, 12, 266.97
1733853326, 89, 13, 80, 0, 0, 0.06%, 9, 0, 12, 257.24
1733853331, 89, 14, 80, 0, 0, 0.06%, 9, 0, 12, 255.66
1733853336, 89, 17, 80, 0, 0, 0.06%, 9, 0, 12, 278.94
1733853341, 89, 22, 80, 0, 0, 0.06%, 9, 0, 12, 253.96
1733853346, 89, 23, 80, 0, 0, 0.06%, 9, 0, 12, 264.48
1733853352, 89, 24, 80, 0, 0, 0.06%, 9, 0, 12, 254.99
1733853357, 89, 35, 80, 0, 0, 0.06%, 9, 0, 12, 267.53
1733853362, 89, 58, 80, 0, 0, 0.06%, 9, 0, 12, 260.88
1733853372, 90, 11, 80, 0, 0, 0.06%, 9, 0, 12, 261.07
1733853377, 90, 12, 80, 0, 0, 0.06%, 9, 0, 12, 261.75
1733853382, 90, 13, 80, 0, 0, 0.06%, 9, 0, 12, 241.58
1733853387, 90, 14, 80, 0, 0, 0.06%, 9, 0, 12, 262.31
1733853392, 90, 17, 80, 0, 0, 0.06%, 9, 0, 12, 267.22
1733853397, 90, 22, 80, 0, 0, 0.06%, 9, 0, 12, 253.17
1733853402, 90, 23, 80, 0, 0, 0.06%, 9, 0, 12, 269.08
1733853407, 90, 24, 80, 0, 0, 0.06%, 9, 0, 12, 259.45
1733853412, 90, 53, 80, 0, 0, 0.06%, 9, 0, 12, 284.13
1733853423, 90, 61, 80, 0, 0, 0.06%, 9, 0, 12, 278.86
1733853428, 91, 11, 80, 0, 0, 0.06%, 9, 0, 12, 268.79
1733853433, 91, 12, 80, 0, 0, 0.06%, 9, 0, 12, 261.92
1733853438, 91, 13, 80, 0, 0, 0.06%, 9, 0, 12, 267.14
1733853443, 91, 14, 80, 0, 0, 0.06%, 9, 0, 12, 265.67
1733853448, 91, 17, 80, 0, 0, 0.06%, 9, 0, 12, 274.59
1733853453, 91, 22, 80, 0, 0, 0.06%, 9, 0, 12, 262.73
1733853458, 91, 23, 80, 0, 0, 0.06%, 9, 0, 12, 262.99
1733853463, 91, 24, 80, 0, 0, 0.06%, 9, 0, 12, 261.93
1733853468, 91, 29, 80, 0, 0, 0.06%, 9, 0, 12, 270.71
1733853474, 91, 33, 80, 0, 0, 0.06%, 9, 0, 12, 256.42
1733853479, 91, 35, 80, 0, 0, 0.06%, 9, 0, 12, 269.74
1733853484, 91, 62, 80, 0, 0, 0.06%, 9, 0, 12, 292.48
1733853494, 91, 68, 80, 0, 0, 0.06%, 9, 0, 12, 302.06
1733853499, 91, 69, 80, 0, 0, 0.06%, 9, 0, 12, 288.89
1733853504, 91, 77, 80, 0, 0, 0.06%, 9, 0, 12, 325.18
1733853514, 92, 11, 80, 0, 0, 0.06%, 9, 0, 12, 277.05
1733853519, 92, 12, 80, 0, 0, 0.06%, 9, 0, 12, 250.79
1733853524, 92, 13, 80, 0, 0, 0.06%, 9, 0, 12, 255.76
1733853529, 92, 14, 80, 0, 0, 0.06%, 9, 0, 12, 249.52
1733853535, 92, 17, 80, 0, 0, 0.06%, 9, 0, 12, 261.75
1733853540, 92, 22, 80, 0, 0, 0.06%, 9, 0, 12, 262.35
1733853545, 92, 23, 80, 0, 0, 0.06%, 9, 0, 12, 266.79
1733853550, 92, 24, 80, 0, 0, 0.06%, 9, 0, 12, 261.90
1733853555, 92, 51, 80, 0, 0, 0.06%, 9, 0, 12, 260.43
1733853565, 93, 11, 80, 0, 0, 0.06%, 9, 0, 12, 258.86
1733853570, 93, 12, 80, 0, 0, 0.06%, 9, 0, 12, 241.87
1733853575, 93, 13, 80, 0, 0, 0.06%, 9, 0, 12, 261.91
1733853580, 93, 14, 80, 0, 0, 0.06%, 9, 0, 12, 255.88
1733853585, 93, 17, 80, 0, 0, 0.06%, 9, 0, 12, 259.29
1733853590, 93, 22, 80, 0, 0, 0.06%, 9, 0, 12, 271.19
1733853595, 93, 23, 80, 0, 0, 0.06%, 9, 0, 12, 268.36
1733853600, 93, 24, 80, 0, 0, 0.06%, 9, 0, 12, 254.22
1733853610, 93, 35, 80, 0, 0, 0.06%, 9, 0, 12, 260.37
1733853616, 93, 38, 80, 0, 0, 0.06%, 9, 0, 12, 278.06
1733853621, 93, 43, 80, 0, 0, 0.06%, 9, 0, 12, 289.10
1733853626, 93, 59, 80, 0, 0, 0.06%, 9, 0, 12, 303.80
1733853631, 93, 66, 80, 0, 0, 0.06%, 9, 0, 12, 284.24
1733853636, 93, 67, 80, 0, 0, 0.06%, 9, 0, 12, 263.17
1733853641, 93, 70, 80, 0, 0, 0.06%, 9, 0, 12, 279.50
1733853651, 93, 73, 80, 0, 0, 0.06%, 9, 0, 12, 288.18
1733853671, 94, 11, 80, 0, 0, 0.06%, 9, 0, 12, 258.32
1733853677, 94, 12, 80, 0, 0, 0.06%, 9, 0, 12, 261.03
1733853682, 94, 13, 80, 0, 0, 0.06%, 9, 0, 12, 257.85
1733853687, 94, 14, 80, 0, 0, 0.06%, 9, 0, 12, 253.85
1733853692, 94, 17, 80, 0, 0, 0.06%, 9, 0, 12, 253.81
1733853697, 94, 22, 80, 0, 0, 0.06%, 9, 0, 12, 248.18
1733853702, 94, 23, 80, 0, 0, 0.06%, 9, 0, 12, 255.33
1733853707, 94, 24, 80, 0, 0, 0.06%, 9, 0, 12, 254.84
1733853712, 94, 58, 80, 0, 0, 0.06%, 9, 0, 12, 274.03
1733853722, 95, 12, 80, 0, 0, 0.06%, 9, 0, 12, 257.69
1733853732, 95, 13, 80, 0, 0, 0.06%, 9, 0, 12, 262.15
1733853737, 95, 14, 80, 0, 0, 0.06%, 9, 0, 12, 271.20
1733853742, 95, 15, 80, 0, 0, 0.06%, 9, 0, 12, 257.40
1733853747, 95, 17, 80, 0, 0, 0.06%, 9, 0, 12, 265.08
1733853753, 95, 22, 80, 0, 0, 0.06%, 9, 0, 12, 258.91
1733853758, 95, 23, 80, 0, 0, 0.06%, 9, 0, 12, 267.64
1733853763, 95, 24, 80, 0, 0, 0.06%, 9, 0, 12, 258.65
1733853768, 95, 33, 80, 0, 0, 0.06%, 9, 0, 12, 245.87
1733853773, 95, 73, 80, 0, 0, 0.06%, 9, 0, 12, 307.47
1733853793, 95, 75, 80, 0, 0, 0.06%, 9, 0, 12, 309.54
1733853824, 96, 12, 80, 0, 0, 0.06%, 9, 0, 12, 247.30
1733853829, 96, 13, 80, 0, 0, 0.06%, 9, 0, 12, 256.94
1733853834, 96, 14, 80, 0, 0, 0.06%, 9, 0, 12, 264.07
1733853839, 96, 17, 80, 0, 0, 0.06%, 9, 0, 12, 268.54
1733853844, 96, 22, 80, 0, 0, 0.06%, 9, 0, 12, 261.51
1733853854, 96, 23, 80, 0, 0, 0.06%, 9, 0, 12, 271.22
1733853859, 96, 24, 80, 0, 0, 0.06%, 9, 0, 12, 260.63
1733853864, 96, 26, 80, 0, 0, 0.06%, 9, 0, 12, 281.90
1733853869, 97, 12, 80, 0, 0, 0.06%, 9, 0, 12, 264.33
1733853874, 97, 13, 80, 0, 0, 0.06%, 9, 0, 12, 274.73
1733853879, 97, 14, 80, 0, 0, 0.06%, 9, 0, 12, 268.68
1733853885, 97, 17, 80, 0, 0, 0.06%, 9, 0, 12, 281.57
1733853895, 97, 22, 80, 0, 0, 0.06%, 9, 0, 12, 252.16
1733853900, 97, 23, 80, 0, 0, 0.06%, 9, 0, 12, 272.07
1733853905, 97, 24, 80, 0, 0, 0.06%, 9, 0, 12, 252.51
1733853910, 97, 35, 80, 0, 0, 0.06%, 9, 0, 12, 265.62
1733853915, 97, 38, 80, 0, 0, 0.06%, 9, 0, 12, 282.91
1733853920, 97, 72, 80, 0, 0, 0.06%, 9, 0, 12, 276.17
1733853925, 98, 10, 80, 0, 0, 0.06%, 9, 0, 12, 249.29
1733853931, 98, 12, 80, 0, 0, 0.06%, 9, 0, 12, 249.55
1733853936, 98, 13, 80, 0, 0, 0.06%, 9, 0, 12, 245.32
1733853941, 98, 14, 80, 0, 0, 0.06%, 9, 0, 12, 253.93
1733853946, 98, 17, 80, 0, 0, 0.06%, 9, 0, 12, 259.52
1733853951, 98, 22, 80, 0, 0, 0.06%, 9, 0, 12, 263.46
1733853961, 98, 23, 80, 0, 0, 0.06%, 9, 0, 12, 269.76
1733853966, 98, 24, 80, 0, 0, 0.06%, 9, 0, 12, 270.04
1733853971, 98, 36, 80, 0, 0, 0.06%, 9, 0, 12, 278.79
1733853976, 98, 78, 80, 0, 0, 0.06%, 9, 0, 12, 296.49
1733853981, 99, 12, 80, 0, 0, 0.06%, 9, 0, 12, 264.15
1733853986, 99, 13, 80, 0, 0, 0.06%, 9, 0, 12, 261.38
1733853992, 99, 14, 80, 0, 0, 0.06%, 9, 0, 12, 263.67
1733854002, 99, 17, 80, 0, 0, 0.06%, 9, 0, 12, 272.12
1733854007, 99, 22, 80, 0, 0, 0.06%, 9, 0, 12, 285.78
1733854012, 99, 23, 80, 0, 0, 0.06%, 9, 0, 12, 276.11
1733854017, 99, 24, 80, 0, 0, 0.06%, 9, 0, 12, 252.90
1733854022, 99, 27, 80, 0, 0, 0.06%, 9, 0, 12, 259.46
1733854027, 99, 34, 80, 0, 0, 0.06%, 9, 0, 12, 270.92
1733854032, 99, 43, 80, 0, 0, 0.06%, 9, 0, 12, 265.38
1733854037, 99, 44, 80, 0, 0, 0.06%, 9, 0, 12, 261.73
1733854042, 99, 60, 80, 0, 0, 0.06%, 9, 0, 12, 311.81
1733854047, 100, 0, 80, 0, 0, 0.06%, 9, 0, 12, 271.86
1733854052, 100, 12, 80, 0, 0, 0.06%, 9, 0, 12, 265.85
1733854062, 100, 13, 80, 0, 0, 0.06%, 9, 0, 12, 265.12
1733854067, 100, 14, 80, 0, 0, 0.06%, 9, 0, 12, 253.48
1733854072, 100, 17, 80, 0, 0, 0.06%, 9, 0, 12, 265.17
1733854077, 100, 18, 80, 0, 0, 0.06%, 9, 0, 12, 273.39
1733854083, 100, 22, 80, 0, 0, 0.06%, 9, 0, 12, 266.01
1733854088, 100, 23, 80, 0, 0, 0.06%, 9, 0, 12, 255.48
1733854093, 100, 24, 80, 0, 0, 0.06%, 9, 0, 12, 269.92
1733854098, 100, 39, 80, 0, 0, 0.06%, 9, 0, 12, 274.46
1733854103, 100, 40, 80, 0, 0, 0.06%, 9, 0, 12, 267.94
1733854108, 100, 78, 80, 0, 0, 0.06%, 9, 0, 12, 281.95
1733854113, 101, 11, 80, 0, 0, 0.06%, 9, 0, 12, 263.78
1733854118, 101, 12, 80, 0, 0, 0.06%, 9, 0, 12, 247.14
1733854123, 101, 13, 80, 0, 0, 0.06%, 9, 0, 12, 253.01
1733854128, 101, 14, 80, 0, 0, 0.06%, 9, 0, 12, 246.75
1733854133, 101, 17, 80, 0, 0, 0.06%, 9, 0, 12, 255.88
1733854138, 101, 22, 80, 0, 0, 0.06%, 9, 0, 12, 254.14
1733854143, 101, 23, 80, 0, 0, 0.06%, 9, 0, 12, 264.69
1733854149, 101, 24, 80, 0, 0, 0.06%, 9, 0, 12, 266.50
1733854154, 101, 45, 80, 0, 0, 0.06%, 9, 0, 12, 271.48
1733854159, 101, 64, 80, 0, 0, 0.06%, 9, 0, 12, 293.88
1733854164, 101, 71, 80, 0, 0, 0.06%, 9, 0, 12, 276.40
1733854169, 101, 74, 80, 0, 0, 0.06%, 9, 0, 12, 292.12
1733854194, 101, 75, 80, 0, 0, 0.06%, 9, 0, 12, 303.56
1733854225, 102, 12, 80, 0, 0, 0.06%, 9, 0, 12, 250.42
1733854230, 102, 13, 80, 0, 0, 0.06%, 9, 0, 12, 253.30
1733854235, 102, 14, 80, 0, 0, 0.06%, 9, 0, 12, 262.49
1733854245, 102, 17, 80, 0, 0, 0.06%, 9, 0, 12, 253.94
1733854250, 102, 22, 80, 0, 0, 0.06%, 9, 0, 12, 254.97
1733854255, 102, 23, 80, 0, 0, 0.06%, 9, 0, 12, 272.91
1733854260, 102, 24, 80, 0, 0, 0.06%, 9, 0, 12, 245.74
1733854266, 102, 37, 80, 0, 0, 0.06%, 9, 0, 12, 260.78
1733854271, 102, 70, 80, 0, 0, 0.06%, 9, 0, 12, 276.82
1733854281, 102, 76, 80, 0, 0, 0.06%, 9, 0, 12, 304.44
1733854296, 103, 11, 80, 0, 0, 0.06%, 9, 0, 12, 255.66
1733854301, 103, 12, 80, 0, 0, 0.06%, 9, 0, 12, 253.96
1733854306, 103, 13, 80, 0, 0, 0.06%, 9, 0, 12, 244.74
1733854311, 103, 14, 80, 0, 0, 0.06%, 9, 0, 12, 250.85
1733854316, 103, 17, 80, 0, 0, 0.06%, 9, 0, 12, 255.60
1733854321, 103, 20, 80, 0, 0, 0.06%, 9, 0, 12, 261.18
1733854326, 103, 22, 80, 0, 0, 0.06%, 9, 0, 12, 252.97
1733854331, 103, 23, 80, 0, 0, 0.06%, 9, 0, 12, 243.89
1733854337, 103, 24, 80, 0, 0, 0.06%, 9, 0, 12, 268.61
1733854342, 103, 49, 80, 0, 0, 0.06%, 9, 0, 12, 254.10
1733854352, 103, 54, 80, 0, 0, 0.06%, 9, 0, 12, 292.86
1733854357, 103, 63, 80, 0, 0, 0.06%, 9, 0, 12, 309.30
1733854362, 104, 11, 80, 0, 0, 0.06%, 9, 0, 12, 276.98
1733854367, 104, 12, 80, 0, 0, 0.06%, 9, 0, 12, 250.83
1733854372, 104, 13, 80, 0, 0, 0.06%, 9, 0, 12, 252.32
1733854377, 104, 14, 80, 0, 0, 0.06%, 9, 0, 12, 246.91
1733854382, 104, 17, 80, 0, 0, 0.06%, 9, 0, 12, 254.09
1733854387, 104, 22, 80, 0, 0, 0.06%, 9, 0, 12, 255.24
1733854392, 104, 23, 80, 0, 0, 0.06%, 9, 0, 12, 250.46
1733854397, 104, 24, 80, 0, 0, 0.06%, 9, 0, 12, 262.69
1733854402, 104, 26, 80, 0, 0, 0.06%, 9, 0, 12, 263.92
1733854407, 104, 37, 80, 0, 0, 0.06%, 9, 0, 12, 258.87
1733854412, 104, 49, 80, 0, 0, 0.06%, 9, 0, 12, 269.82
1733854422, 105, 12, 80, 0, 0, 0.06%, 9, 0, 12, 252.15
1733854427, 105, 13, 80, 0, 0, 0.06%, 9, 0, 12, 243.29
1733854432, 105, 14, 80, 0, 0, 0.06%, 9, 0, 12, 248.39
1733854443, 105, 17, 80, 0, 0, 0.06%, 9, 0, 12, 269.18
1733854448, 105, 22, 80, 0, 0, 0.06%, 9, 0, 12, 266.44
1733854453, 105, 23, 80, 0, 0, 0.06%, 9, 0, 12, 254.30
1733854458, 105, 24, 80, 0, 0, 0.06%, 9, 0, 12, 258.96
1733854463, 105, 27, 80, 0, 0, 0.06%, 9, 0, 12, 266.23
1733854468, 105, 42, 80, 0, 0, 0.06%, 9, 0, 12, 265.55
1733854473, 105, 69, 80, 0, 0, 0.06%, 9, 0, 12, 308.54
1733854478, 105, 72, 80, 0, 0, 0.06%, 9, 0, 12, 268.54
1733854483, 105, 79, 80, 0, 0, 0.06%, 9, 0, 12, 281.54
1733854493, 106, 11, 80, 0, 0, 0.06%, 9, 0, 12, 252.49
1733854498, 106, 12, 80, 0, 0, 0.06%, 9, 0, 12, 256.45
1733854504, 106, 13, 80, 0, 0, 0.06%, 9, 0, 12, 263.21
1733854509, 106, 14, 80, 0, 0, 0.06%, 9, 0, 12, 258.10
1733854514, 106, 17, 80, 0, 0, 0.06%, 9, 0, 12, 254.26
1733854519, 106, 22, 80, 0, 0, 0.06%, 9, 0, 12, 254.77
1733854524, 106, 23, 80, 0, 0, 0.06%, 9, 0, 12, 267.77
1733854529, 106, 24, 80, 0, 0, 0.06%, 9, 0, 12, 265.77
1733854534, 106, 36, 80, 0, 0, 0.06%, 9, 0, 12, 275.17
1733854539, 106, 42, 80, 0, 0, 0.06%, 9, 0, 12, 264.10
1733854544, 106, 68, 80, 0, 0, 0.06%, 9, 0, 12, 290.99
1733854549, 106, 75, 80, 0, 0, 0.06%, 9, 0, 12, 294.47
1733854564, 107, 2, 80, 0, 0, 0.06%, 9, 0, 12, 266.47
1733854569, 107, 12, 80, 0, 0, 0.06%, 9, 0, 12, 256.31
1733854574, 107, 13, 80, 0, 0, 0.06%, 9, 0, 12, 257.97
1733854579, 107, 14, 80, 0, 0, 0.06%, 9, 0, 12, 261.88
1733854584, 107, 17, 80, 0, 0, 0.06%, 9, 0, 12, 265.98
1733854590, 107, 22, 80, 0, 0, 0.06%, 9, 0, 12, 263.71
1733854595, 107, 23, 80, 0, 0, 0.06%, 9, 0, 12, 262.86
1733854600, 107, 24, 80, 0, 0, 0.06%, 9, 0, 12, 267.48
1733854610, 108, 12, 80, 0, 0, 0.06%, 9, 0, 12, 251.42
1733854615, 108, 13, 80, 0, 0, 0.06%, 9, 0, 12, 242.57
1733854620, 108, 14, 80, 0, 0, 0.06%, 9, 0, 12, 258.60
1733854625, 108, 17, 80, 0, 0, 0.06%, 9, 0, 12, 269.71
1733854630, 108, 20, 80, 0, 0, 0.06%, 9, 0, 12, 273.72
1733854640, 108, 21, 80, 0, 0, 0.06%, 9, 0, 12, 269.40
1733854645, 108, 22, 80, 0, 0, 0.06%, 9, 0, 12, 257.68
1733854651, 108, 23, 80, 0, 0, 0.06%, 9, 0, 12, 270.32
1733854656, 108, 24, 80, 0, 0, 0.06%, 9, 0, 12, 264.85
1733854661, 108, 38, 80, 0, 0, 0.06%, 9, 0, 12, 278.87
1733854666, 108, 39, 80, 0, 0, 0.06%, 9, 0, 12, 281.76
1733854671, 108, 52, 80, 0, 0, 0.06%, 9, 0, 12, 284.50
1733854676, 108, 76, 80, 0, 0, 0.06%, 9, 0, 12, 303.16
1733854691, 109, 11, 80, 0, 0, 0.06%, 9, 0, 12, 266.23
1733854696, 109, 12, 80, 0, 0, 0.06%, 9, 0, 12, 265.12
1733854701, 109, 13, 80, 0, 0, 0.06%, 9, 0, 12, 254.31
1733854706, 109, 14, 80, 0, 0, 0.06%, 9, 0, 12, 250.96
1733854711, 109, 17, 80, 0, 0, 0.06%, 9, 0, 12, 257.29
1733854716, 109, 22, 80, 0, 0, 0.06%, 9, 0, 12, 257.25
1733854721, 109, 23, 80, 0, 0, 0.06%, 9, 0, 12, 256.51
1733854726, 109, 24, 80, 0, 0, 0.06%, 9, 0, 12, 263.70
1733854731, 109, 30, 80, 0, 0, 0.06%, 9, 0, 12, 280.69
1733854736, 109, 33, 80, 0, 0, 0.06%, 9, 0, 12, 266.87
1733854742, 109, 46, 80, 0, 0, 0.06%, 9, 0, 12, 273.27
1733854752, 109, 51, 80, 0, 0, 0.06%, 9, 0, 12, 287.12
1733854757, 109, 54, 80, 0, 0, 0.06%, 9, 0, 12, 289.88
1733854767, 109, 61, 80, 0, 0, 0.06%, 9, 0, 12, 306.59
1733854772, 110, 11, 80, 0, 0, 0.06%, 9, 0, 12, 267.24
1733854777, 110, 12, 80, 0, 0, 0.06%, 9, 0, 12, 246.09
1733854782, 110, 13, 80, 0, 0, 0.06%, 9, 0, 12, 245.60
1733854787, 110, 14, 80, 0, 0, 0.06%, 9, 0, 12, 259.46
1733854792, 110, 17, 80, 0, 0, 0.06%, 9, 0, 12, 258.32
1733854797, 110, 22, 80, 0, 0, 0.06%, 9, 0, 12, 253.17
1733854802, 110, 23, 80, 0, 0, 0.06%, 9, 0, 12, 262.47
1733854807, 110, 24, 80, 0, 0, 0.06%, 9, 0, 12, 276.21
1733854812, 110, 36, 80, 0, 0, 0.06%, 9, 0, 12, 268.06
1733854823, 110, 39, 80, 0, 0, 0.06%, 9, 0, 12, 272.85
1733854828, 111, 12, 80, 0, 0, 0.06%, 9, 0, 12, 253.73
1733854833, 111, 13, 80, 0, 0, 0.06%, 9, 0, 12, 250.04
1733854838, 111, 14, 80, 0, 0, 0.06%, 9, 0, 12, 253.83
1733854843, 111, 17, 80, 0, 0, 0.06%, 9, 0, 12, 254.20
1733854853, 111, 22, 80, 0, 0, 0.06%, 9, 0, 12, 273.54
1733854858, 111, 23, 80, 0, 0, 0.06%, 9, 0, 12, 265.51
1733854863, 111, 24, 80, 0, 0, 0.06%, 9, 0, 12, 262.91
1733854868, 111, 25, 80, 0, 0, 0.06%, 9, 0, 12, 279.21
1733854873, 111, 65, 80, 0, 0, 0.06%, 9, 0, 12, 290.28
1733854878, 112, 11, 80, 0, 0, 0.06%, 9, 0, 12, 269.50
1733854883, 112, 12, 80, 0, 0, 0.06%, 9, 0, 12, 263.38
1733854888, 112, 13, 80, 0, 0, 0.06%, 9, 0, 12, 251.41
1733854893, 112, 14, 80, 0, 0, 0.06%, 9, 0, 12, 256.85
1733854898, 112, 16, 80, 0, 0, 0.06%, 9, 0, 12, 263.11
1733854903, 112, 17, 80, 0, 0, 0.06%, 9, 0, 12, 241.70
1733854909, 112, 22, 80, 0, 0, 0.06%, 9, 0, 12, 253.64
1733854914, 112, 23, 80, 0, 0, 0.06%, 9, 0, 12, 260.04
1733854919, 112, 24, 80, 0, 0, 0.06%, 9, 0, 12, 257.74
1733854924, 112, 51, 80, 0, 0, 0.06%, 9, 0, 12, 292.38
1733854934, 112, 54, 80, 0, 0, 0.06%, 9, 0, 12, 278.71
1733854939, 113, 11, 80, 0, 0, 0.06%, 9, 0, 12, 258.81
1733854944, 113, 12, 80, 0, 0, 0.06%, 9, 0, 12, 263.60
1733854949, 113, 13, 80, 0, 0, 0.06%, 9, 0, 12, 258.87
1733854954, 113, 14, 80, 0, 0, 0.06%, 9, 0, 12, 259.81
1733854959, 113, 17, 80, 0, 0, 0.06%, 9, 0, 12, 245.76
1733854964, 113, 22, 80, 0, 0, 0.06%, 9, 0, 12, 261.12
1733854969, 113, 23, 80, 0, 0, 0.06%, 9, 0, 12, 264.60
1733854974, 113, 24, 80, 0, 0, 0.06%, 9, 0, 12, 266.75
1733854979, 113, 35, 80, 0, 0, 0.06%, 9, 0, 12, 267.44
1733854984, 113, 69, 80, 0, 0, 0.06%, 9, 0, 12, 301.25
1733854989, 114, 10, 80, 0, 0, 0.06%, 9, 0, 12, 280.10
1733854994, 114, 12, 80, 0, 0, 0.06%, 9, 0, 12, 263.05
1733854999, 114, 13, 80, 0, 0, 0.06%, 9, 0, 12, 250.15
1733855005, 114, 14, 80, 0, 0, 0.06%, 9, 0, 12, 268.06
1733855015, 114, 17, 80, 0, 0, 0.06%, 9, 0, 12, 270.24
1733855020, 114, 22, 80, 0, 0, 0.06%, 9, 0, 12, 266.01
1733855025, 114, 23, 80, 0, 0, 0.06%, 9, 0, 12, 262.58
1733855030, 114, 24, 80, 0, 0, 0.06%, 9, 0, 12, 256.94
1733855035, 114, 40, 80, 0, 0, 0.06%, 9, 0, 12, 268.80
1733855040, 114, 51, 80, 0, 0, 0.06%, 9, 0, 12, 293.87
1733855045, 114, 67, 80, 0, 0, 0.06%, 9, 0, 12, 280.76
1733855050, 114, 72, 80, 0, 0, 0.06%, 9, 0, 12, 281.35
1733855055, 114, 73, 80, 0, 0, 0.06%, 9, 0, 12, 301.49
1733855076, 115, 9, 80, 0, 0, 0.06%, 9, 0, 12, 259.48
1733855081, 115, 12, 80, 0, 0, 0.06%, 9, 0, 12, 248.86
1733855086, 115, 13, 80, 0, 0, 0.06%, 9, 0, 12, 249.05
1733855091, 115, 14, 80, 0, 0, 0.06%, 9, 0, 12, 260.53
1733855096, 115, 17, 80, 0, 0, 0.06%, 9, 0, 12, 265.01
1733855101, 115, 22, 80, 0, 0, 0.06%, 9, 0, 12, 267.72
1733855106, 115, 23, 80, 0, 0, 0.06%, 9, 0, 12, 265.67
1733855111, 115, 24, 80, 0, 0, 0.06%, 9, 0, 12, 266.17
1733855116, 115, 36, 80, 0, 0, 0.06%, 9, 0, 12, 262.18
1733855126, 115, 62, 80, 0, 0, 0.06%, 9, 0, 12, 294.66
1733855131, 116, 10, 80, 0, 0, 0.06%, 9, 0, 12, 273.25
1733855136, 116, 12, 80, 0, 0, 0.06%, 9, 0, 12, 249.74
1733855142, 116, 13, 80, 0, 0, 0.06%, 9, 0, 12, 250.98
1733855147, 116, 14, 80, 0, 0, 0.06%, 9, 0, 12, 254.28
1733855152, 116, 16, 80, 0, 0, 0.06%, 9, 0, 12, 264.49
1733855157, 116, 17, 80, 0, 0, 0.06%, 9, 0, 12, 271.43
1733855167, 116, 22, 80, 0, 0, 0.06%, 9, 0, 12, 252.31
1733855172, 116, 23, 80, 0, 0, 0.06%, 9, 0, 12, 269.03
1733855177, 116, 24, 80, 0, 0, 0.06%, 9, 0, 12, 277.65
1733855182, 117, 12, 80, 0, 0, 0.06%, 9, 0, 12, 258.65
1733855187, 117, 13, 80, 0, 0, 0.06%, 9, 0, 12, 252.07
1733855192, 117, 14, 80, 0, 0, 0.06%, 9, 0, 12, 251.05
1733855197, 117, 17, 80, 0, 0, 0.06%, 9, 0, 12, 276.41
1733855202, 117, 22, 80, 0, 0, 0.06%, 9, 0, 12, 261.28
1733855207, 117, 23, 80, 0, 0, 0.06%, 9, 0, 12, 245.09
1733855213, 117, 24, 80, 0, 0, 0.06%, 9, 0, 12, 266.55
1733855218, 118, 11, 80, 0, 0, 0.06%, 9, 0, 12, 264.16
1733855223, 118, 12, 80, 0, 0, 0.06%, 9, 0, 12, 241.08
1733855228, 118, 13, 80, 0, 0, 0.06%, 9, 0, 12, 253.13
1733855233, 118, 14, 80, 0, 0, 0.06%, 9, 0, 12, 255.44
1733855238, 118, 17, 80, 0, 0, 0.06%, 9, 0, 12, 265.40
1733855243, 118, 22, 80, 0, 0, 0.06%, 9, 0, 12, 263.58
1733855248, 118, 23, 80, 0, 0, 0.06%, 9, 0, 12, 259.73
1733855253, 118, 24, 80, 0, 0, 0.06%, 9, 0, 12, 261.65
1733855258, 118, 58, 80, 0, 0, 0.06%, 9, 0, 12, 273.14
1733855268, 118, 70, 80, 0, 0, 0.06%, 9, 0, 12, 289.53
1733855273, 118, 71, 80, 0, 0, 0.06%, 9, 0, 12, 291.68
1733855278, 119, 12, 80, 0, 0, 0.06%, 9, 0, 12, 273.37
1733855288, 119, 13, 80, 0, 0, 0.06%, 9, 0, 12, 257.68
1733855293, 119, 14, 80, 0, 0, 0.06%, 9, 0, 12, 278.92
1733855298, 119, 17, 80, 0, 0, 0.06%, 9, 0, 12, 271.95
1733855303, 119, 18, 80, 0, 0, 0.06%, 9, 0, 12, 266.76
1733855308, 119, 22, 80, 0, 0, 0.06%, 9, 0, 12, 256.22
1733855313, 119, 23, 80, 0, 0, 0.06%, 9, 0, 12, 261.80
1733855319, 119, 24, 80, 0, 0, 0.06%, 9, 0, 12, 250.91
1733855324, 119, 35, 80, 0, 0, 0.06%, 9, 0, 12, 286.11
1733855329, 120, 10, 80, 0, 0, 0.06%, 9, 0, 12, 257.59
1733855334, 120, 12, 80, 0, 0, 0.06%, 9, 0, 12, 254.31
1733855339, 120, 13, 80, 0, 0, 0.06%, 9, 0, 12, 255.36
1733855344, 120, 14, 80, 0, 0, 0.06%, 9, 0, 12, 275.84
1733855349, 120, 17, 80, 0, 0, 0.06%, 9, 0, 12, 280.52
1733855354, 120, 22, 80, 0, 0, 0.06%, 9, 0, 12, 275.42
1733855359, 120, 23, 80, 0, 0, 0.06%, 9, 0, 12, 274.19
1733855364, 120, 24, 80, 0, 0, 0.06%, 9, 0, 12, 269.21
1733855374, 120, 38, 80, 0, 0, 0.06%, 9, 0, 12, 270.54
1733855379, 121, 12, 80, 0, 0, 0.06%, 9, 0, 12, 246.64
1733855384, 121, 13, 80, 0, 0, 0.06%, 9, 0, 12, 250.02
1733855390, 121, 14, 80, 0, 0, 0.06%, 9, 0, 12, 254.59
1733855395, 121, 17, 80, 0, 0, 0.06%, 9, 0, 12, 259.24
1733855400, 121, 22, 80, 0, 0, 0.06%, 9, 0, 12, 260.13
1733855405, 121, 23, 80, 0, 0, 0.06%, 9, 0, 12, 263.73
1733855410, 121, 24, 80, 0, 0, 0.06%, 9, 0, 12, 265.16
1733855415, 121, 41, 80, 0, 0, 0.06%, 9, 0, 12, 261.91
1733855425, 121, 44, 80, 0, 0, 0.06%, 9, 0, 12, 260.89
1733855430, 121, 57, 80, 0, 0, 0.06%, 9, 0, 12, 297.02
1733855435, 121, 61, 80, 0, 0, 0.06%, 9, 0, 12, 328.37
1733855445, 122, 12, 80, 0, 0, 0.06%, 9, 0, 12, 253.39
1733855450, 122, 13, 80, 0, 0, 0.06%, 9, 0, 12, 257.93
1733855461, 122, 14, 80, 0, 0, 0.06%, 9, 0, 12, 271.53
1733855466, 122, 17, 80, 0, 0, 0.06%, 9, 0, 12, 266.16
1733855471, 122, 22, 80, 0, 0, 0.06%, 9, 0, 12, 266.78
1733855476, 122, 23, 80, 0, 0, 0.06%, 9, 0, 12, 260.87
1733855481, 122, 24, 80, 0, 0, 0.06%, 9, 0, 12, 269.91
1733855486, 122, 42, 80, 0, 0, 0.06%, 9, 0, 12, 259.80
1733855491, 122, 50, 80, 0, 0, 0.06%, 9, 0, 12, 268.02
1733855496, 122, 58, 80, 0, 0, 0.06%, 9, 0, 12, 295.73
1733855506, 122, 60, 80, 0, 0, 0.06%, 9, 0, 12, 296.24
1733855511, 122, 63, 80, 0, 0, 0.06%, 9, 0, 12, 309.38
1733855516, 122, 78, 80, 0, 0, 0.06%, 9, 0, 12, 287.12
1733855521, 123, 11, 80, 0, 0, 0.06%, 9, 0, 12, 270.09
1733855526, 123, 12, 80, 0, 0, 0.06%, 9, 0, 12, 271.06
1733855531, 123, 13, 80, 0, 0, 0.06%, 9, 0, 12, 263.92
1733855536, 123, 14, 80, 0, 0, 0.06%, 9, 0, 12, 264.06
1733855542, 123, 17, 80, 0, 0, 0.06%, 9, 0, 12, 242.91
1733855547, 123, 22, 80, 0, 0, 0.06%, 9, 0, 12, 256.18
1733855552, 123, 23, 80, 0, 0, 0.06%, 9, 0, 12, 258.23
1733855557, 123, 24, 80, 0, 0, 0.06%, 9, 0, 12, 263.52
1733855562, 123, 40, 80, 0, 0, 0.06%, 9, 0, 12, 270.23
1733855567, 123, 49, 80, 0, 0, 0.06%, 9, 0, 12, 278.78
1733855572, 123, 59, 80, 0, 0, 0.06%, 9, 0, 12, 320.29
1733855582, 123, 64, 80, 0, 0, 0.06%, 9, 0, 12, 265.04
1733855587, 124, 4, 80, 0, 0, 0.06%, 9, 0, 12, 256.71
1733855593, 124, 11, 80, 0, 0, 0.06%, 9, 0, 12, 244.57
1733855598, 124, 12, 80, 0, 0, 0.06%, 9, 0, 12, 254.94
1733855603, 124, 13, 80, 0, 0, 0.06%, 9, 0, 12, 262.77
1733855608, 124, 14, 80, 0, 0, 0.06%, 9, 0, 12, 249.86
1733855613, 124, 17, 80, 0, 0, 0.06%, 9, 0, 12, 251.66
1733855618, 124, 22, 80, 0, 0, 0.06%, 9, 0, 12, 244.90
1733855623, 124, 23, 80, 0, 0, 0.06%, 9, 0, 12, 249.40
1733855628, 124, 24, 80, 0, 0, 0.06%, 9, 0, 12, 258.52
1733855633, 124, 37, 80, 0, 0, 0.06%, 9, 0, 12, 275.47
1733855638, 124, 43, 80, 0, 0, 0.06%, 9, 0, 12, 267.60
1733855644, 124, 49, 80, 0, 0, 0.06%, 9, 0, 12, 271.08
1733855654, 124, 68, 80, 0, 0, 0.06%, 9, 0, 12, 284.82
1733855659, 125, 12, 80, 0, 0, 0.06%, 9, 0, 12, 253.05
1733855664, 125, 13, 80, 0, 0, 0.06%, 9, 0, 12, 250.00
1733855669, 125, 14, 80, 0, 0, 0.06%, 9, 0, 12, 250.90
1733855674, 125, 17, 80, 0, 0, 0.06%, 9, 0, 12, 264.14
1733855684, 125, 22, 80, 0, 0, 0.06%, 9, 0, 12, 254.64
1733855689, 125, 23, 80, 0, 0, 0.06%, 9, 0, 12, 273.88
1733855694, 125, 24, 80, 0, 0, 0.06%, 9, 0, 12, 282.10
1733855699, 125, 47, 80, 0, 0, 0.06%, 9, 0, 12, 282.76
1733855709, 125, 73, 80, 0, 0, 0.06%, 9, 0, 12, 283.25
1733855715, 126, 11, 80, 0, 0, 0.06%, 9, 0, 12, 262.00
1733855720, 126, 12, 80, 0, 0, 0.06%, 9, 0, 12, 261.75
1733855725, 126, 13, 80, 0, 0, 0.06%, 9, 0, 12, 269.40
1733855730, 126, 14, 80, 0, 0, 0.06%, 9, 0, 12, 254.12
1733855735, 126, 17, 80, 0, 0, 0.06%, 9, 0, 12, 247.73
1733855740, 126, 22, 80, 0, 0, 0.06%, 9, 0, 12, 246.76
1733855745, 126, 23, 80, 0, 0, 0.06%, 9, 0, 12, 254.34
1733855750, 126, 24, 80, 0, 0, 0.06%, 9, 0, 12, 258.04
1733855755, 126, 37, 80, 0, 0, 0.06%, 9, 0, 12, 263.47
1733855760, 126, 54, 80, 0, 0, 0.06%, 9, 0, 12, 274.51
1733855770, 127, 11, 80, 0, 0, 0.06%, 9, 0, 12, 264.54
1733855776, 127, 12, 80, 0, 0, 0.06%, 9, 0, 12, 263.55
1733855781, 127, 13, 80, 0, 0, 0.06%, 9, 0, 12, 255.82
1733855786, 127, 14, 80, 0, 0, 0.06%, 9, 0, 12, 252.41
1733855791, 127, 17, 80, 0, 0, 0.06%, 9, 0, 12, 257.04
1733855796, 127, 22, 80, 0, 0, 0.06%, 9, 0, 12, 264.81
1733855801, 127, 23, 80, 0, 0, 0.06%, 9, 0, 12, 259.64
1733855806, 127, 24, 80, 0, 0, 0.06%, 9, 0, 12, 263.12
1733855811, 127, 29, 80, 0, 0, 0.06%, 9, 0, 12, 257.37
1733855816, 127, 51, 80, 0, 0, 0.06%, 9, 0, 12, 267.99
1733855826, 128, 12, 80, 0, 0, 0.06%, 9, 0, 12, 269.39
1733855831, 128, 13, 80, 0, 0, 0.06%, 9, 0, 12, 255.12
1733855836, 128, 14, 80, 0, 0, 0.06%, 9, 0, 12, 255.00
1733855841, 128, 17, 80, 0, 0, 0.06%, 9, 0, 12, 258.51
1733855846, 128, 22, 80, 0, 0, 0.06%, 9, 0, 12, 262.43
1733855856, 128, 23, 80, 0, 0, 0.06%, 9, 0, 12, 246.49
1733855861, 128, 24, 80, 0, 0, 0.06%, 9, 0, 12, 274.25
1733855866, 128, 26, 80, 0, 0, 0.06%, 9, 0, 12, 264.85
1733855871, 128, 27, 80, 0, 0, 0.06%, 9, 0, 12, 259.72
1733855877, 128, 35, 80, 0, 0, 0.06%, 9, 0, 12, 271.09
1733855882, 128, 40, 80, 0, 0, 0.06%, 9, 0, 12, 277.29
1733855887, 128, 77, 80, 0, 0, 0.06%, 9, 0, 12, 300.62
1733855902, 129, 10, 80, 0, 0, 0.06%, 9, 0, 12, 266.19
1733855907, 129, 12, 80, 0, 0, 0.06%, 9, 0, 12, 245.58
1733855912, 129, 13, 80, 0, 0, 0.06%, 9, 0, 12, 245.86
1733855917, 129, 14, 80, 0, 0, 0.06%, 9, 0, 12, 254.75
1733855922, 129, 17, 80, 0, 0, 0.06%, 9, 0, 12, 258.50
1733855927, 129, 22, 80, 0, 0, 0.06%, 9, 0, 12, 264.82
1733855937, 129, 23, 80, 0, 0, 0.06%, 9, 0, 12, 277.90
1733855942, 129, 24, 80, 0, 0, 0.06%, 9, 0, 12, 267.59
1733855947, 129, 33, 80, 0, 0, 0.06%, 9, 0, 12, 270.77
1733855952, 129, 76, 80, 0, 0, 0.06%, 9, 0, 12, 303.34
1733855967, 130, 11, 80, 0, 0, 0.06%, 9, 0, 12, 274.59
1733855972, 130, 12, 80, 0, 0, 0.06%, 9, 0, 12, 254.08
1733855977, 130, 13, 80, 0, 0, 0.06%, 9, 0, 12, 250.81
1733855983, 130, 14, 80, 0, 0, 0.06%, 9, 0, 12, 258.34
1733855988, 130, 17, 80, 0, 0, 0.06%, 9, 0, 12, 264.62
1733855993, 130, 22, 80, 0, 0, 0.06%, 9, 0, 12, 251.93
1733855998, 130, 23, 80, 0, 0, 0.06%, 9, 0, 12, 242.55
1733856003, 130, 24, 80, 0, 0, 0.06%, 9, 0, 12, 257.53
1733856008, 130, 30, 80, 0, 0, 0.06%, 9, 0, 12, 268.17
1733856013, 130, 46, 80, 0, 0, 0.06%, 9, 0, 12, 313.75
1733856023, 130, 55, 80, 0, 0, 0.06%, 9, 0, 12, 289.21
1733856028, 130, 63, 80, 0, 0, 0.06%, 9, 0, 12, 298.49
1733856033, 130, 71, 80, 0, 0, 0.06%, 9, 0, 12, 277.82
1733856038, 131, 11, 80, 0, 0, 0.06%, 9, 0, 12, 268.24
1733856043, 131, 12, 80, 0, 0, 0.06%, 9, 0, 12, 245.64
1733856048, 131, 13, 80, 0, 0, 0.06%, 9, 0, 12, 249.24
1733856053, 131, 14, 80, 0, 0, 0.06%, 9, 0, 12, 246.98
1733856059, 131, 16, 80, 0, 0, 0.06%, 9, 0, 12, 264.35
1733856064, 131, 17, 80, 0, 0, 0.06%, 9, 0, 12, 250.32
1733856069, 131, 22, 80, 0, 0, 0.06%, 9, 0, 12, 246.60
1733856074, 131, 23, 80, 0, 0, 0.06%, 9, 0, 12, 249.59
1733856079, 131, 24, 80, 0, 0, 0.06%, 9, 0, 12, 262.81
1733856084, 131, 42, 80, 0, 0, 0.06%, 9, 0, 12, 257.22
1733856094, 131, 50, 80, 0, 0, 0.06%, 9, 0, 12, 263.30
1733856099, 131, 63, 80, 0, 0, 0.06%, 9, 0, 12, 282.92
1733856104, 132, 12, 80, 0, 0, 0.06%, 9, 0, 12, 255.78
1733856109, 132, 13, 80, 0, 0, 0.06%, 9, 0, 12, 257.95
1733856114, 132, 14, 80, 0, 0, 0.06%, 9, 0, 12, 245.11
1733856119, 132, 17, 80, 0, 0, 0.06%, 9, 0, 12, 254.67
1733856124, 132, 22, 80, 0, 0, 0.06%, 9, 0, 12, 265.77
1733856134, 132, 23, 80, 0, 0, 0.06%, 9, 0, 12, 263.44
1733856140, 132, 24, 80, 0, 0, 0.06%, 9, 0, 12, 269.84
1733856145, 132, 40, 80, 0, 0, 0.06%, 9, 0, 12, 266.88
1733856150, 132, 52, 80, 0, 0, 0.06%, 9, 0, 12, 280.10
1733856155, 133, 11, 80, 0, 0, 0.06%, 9, 0, 12, 260.10
1733856160, 133, 12, 80, 0, 0, 0.06%, 9, 0, 12, 245.19
1733856165, 133, 13, 80, 0, 0, 0.06%, 9, 0, 12, 250.57
1733856170, 133, 14, 80, 0, 0, 0.06%, 9, 0, 12, 254.73
1733856175, 133, 17, 80, 0, 0, 0.06%, 9, 0, 12, 255.59
1733856180, 133, 22, 80, 0, 0, 0.06%, 9, 0, 12, 263.97
1733856185, 133, 23, 80, 0, 0, 0.06%, 9, 0, 12, 253.87
1733856196, 133, 24, 80, 0, 0, 0.06%, 9, 0, 12, 275.79
1733856201, 133, 57, 80, 0, 0, 0.06%, 9, 0, 12, 275.07
1733856206, 134, 11, 80, 0, 0, 0.06%, 9, 0, 12, 262.24
1733856211, 134, 12, 80, 0, 0, 0.06%, 9, 0, 12, 245.21
1733856216, 134, 13, 80, 0, 0, 0.06%, 9, 0, 12, 237.70
1733856221, 134, 14, 80, 0, 0, 0.06%, 9, 0, 12, 251.22
1733856226, 134, 17, 80, 0, 0, 0.06%, 9, 0, 12, 258.71
1733856231, 134, 22, 80, 0, 0, 0.06%, 9, 0, 12, 257.74
1733856236, 134, 23, 80, 0, 0, 0.06%, 9, 0, 12, 260.82
1733856246, 134, 24, 80, 0, 0, 0.06%, 9, 0, 12, 271.49
1733856251, 134, 62, 80, 0, 0, 0.06%, 9, 0, 12, 282.96
1733856257, 135, 11, 80, 0, 0, 0.06%, 9, 0, 12, 275.37
1733856262, 135, 12, 80, 0, 0, 0.06%, 9, 0, 12, 256.29
1733856267, 135, 13, 80, 0, 0, 0.06%, 9, 0, 12, 259.53
1733856272, 135, 14, 80, 0, 0, 0.06%, 9, 0, 12, 262.22
1733856277, 135, 17, 80, 0, 0, 0.06%, 9, 0, 12, 262.00
1733856282, 135, 22, 80, 0, 0, 0.06%, 9, 0, 12, 259.88
1733856287, 135, 23, 80, 0, 0, 0.06%, 9, 0, 12, 263.77
1733856292, 135, 24, 80, 0, 0, 0.06%, 9, 0, 12, 269.65
1733856297, 135, 28, 80, 0, 0, 0.06%, 9, 0, 12, 266.82
1733856302, 135, 34, 80, 0, 0, 0.06%, 9, 0, 12, 253.94
1733856307, 135, 46, 80, 0, 0, 0.06%, 9, 0, 12, 297.19
1733856312, 135, 65, 80, 0, 0, 0.06%, 9, 0, 12, 324.03
1733856317, 136, 11, 80, 0, 0, 0.06%, 9, 0, 12, 279.24
1733856322, 136, 12, 80, 0, 0, 0.06%, 9, 0, 12, 272.09
1733856327, 136, 13, 80, 0, 0, 0.06%, 9, 0, 12, 254.62
1733856333, 136, 14, 80, 0, 0, 0.06%, 9, 0, 12, 244.78
1733856338, 136, 17, 80, 0, 0, 0.06%, 9, 0, 12, 265.86
1733856343, 136, 18, 80, 0, 0, 0.06%, 9, 0, 12, 261.13
1733856348, 136, 20, 80, 0, 0, 0.06%, 9, 0, 12, 250.52
1733856353, 136, 22, 80, 0, 0, 0.06%, 9, 0, 12, 245.70
1733856358, 136, 23, 80, 0, 0, 0.06%, 9, 0, 12, 255.09
1733856363, 136, 24, 80, 0, 0, 0.06%, 9, 0, 12, 266.19
1733856368, 136, 61, 80, 0, 0, 0.06%, 9, 0, 12, 286.40
1733856378, 136, 68, 80, 0, 0, 0.06%, 9, 0, 12, 308.36
1733856383, 137, 12, 80, 0, 0, 0.06%, 9, 0, 12, 267.19
1733856388, 137, 13, 80, 0, 0, 0.06%, 9, 0, 12, 269.20
1733856393, 137, 14, 80, 0, 0, 0.06%, 9, 0, 12, 257.86
1733856398, 137, 17, 80, 0, 0, 0.06%, 9, 0, 12, 265.07
1733856403, 137, 22, 80, 0, 0, 0.06%, 9, 0, 12, 266.15
1733856409, 137, 23, 80, 0, 0, 0.06%, 9, 0, 12, 262.66
1733856419, 137, 24, 80, 0, 0, 0.06%, 9, 0, 12, 267.04
1733856424, 137, 56, 80, 0, 0, 0.06%, 9, 0, 12, 301.08
1733856439, 137, 73, 80, 0, 0, 0.06%, 9, 0, 12, 276.28
1733856444, 138, 12, 80, 0, 0, 0.06%, 9, 0, 12, 250.76
1733856449, 138, 13, 80, 0, 0, 0.06%, 9, 0, 12, 255.08
1733856454, 138, 14, 80, 0, 0, 0.06%, 9, 0, 12, 255.69
1733856459, 138, 17, 80, 0, 0, 0.06%, 9, 0, 12, 256.10
1733856464, 138, 22, 80, 0, 0, 0.06%, 9, 0, 12, 259.18
1733856469, 138, 23, 80, 0, 0, 0.06%, 9, 0, 12, 279.17
1733856480, 138, 24, 80, 0, 0, 0.06%, 9, 0, 12, 266.41
1733856485, 138, 56, 80, 0, 0, 0.06%, 9, 0, 12, 286.65
1733856490, 139, 11, 80, 0, 0, 0.06%, 9, 0, 12, 286.80
1733856495, 139, 12, 80, 0, 0, 0.06%, 9, 0, 12, 260.50
1733856500, 139, 13, 80, 0, 0, 0.06%, 9, 0, 12, 252.86
1733856505, 139, 14, 80, 0, 0, 0.06%, 9, 0, 12, 249.59
1733856510, 139, 17, 80, 0, 0, 0.06%, 9, 0, 12, 253.32
1733856515, 139, 22, 80, 0, 0, 0.06%, 9, 0, 12, 256.03
1733856520, 139, 23, 80, 0, 0, 0.06%, 9, 0, 12, 263.29
1733856525, 139, 24, 80, 0, 0, 0.06%, 9, 0, 12, 261.68
1733856530, 139, 26, 80, 0, 0, 0.06%, 9, 0, 12, 270.79
1733856535, 139, 60, 80, 0, 0, 0.06%, 9, 0, 12, 280.65
1733856545, 139, 73, 80, 0, 0, 0.06%, 9, 0, 12, 284.41
1733856551, 140, 11, 80, 0, 0, 0.06%, 9, 0, 12, 269.72
1733856556, 140, 12, 80, 0, 0, 0.06%, 9, 0, 12, 269.93
1733856561, 140, 13, 80, 0, 0, 0.06%, 9, 0, 12, 263.09
1733856566, 140, 14, 80, 0, 0, 0.06%, 9, 0, 12, 253.16
1733856571, 140, 17, 80, 0, 0, 0.06%, 9, 0, 12, 259.04
1733856576, 140, 22, 80, 0, 0, 0.06%, 9, 0, 12, 253.77
1733856581, 140, 23, 80, 0, 0, 0.06%, 9, 0, 12, 246.95
1733856586, 140, 24, 80, 0, 0, 0.06%, 9, 0, 12, 247.47
1733856591, 140, 45, 80, 0, 0, 0.06%, 9, 0, 12, 281.14
1733856596, 140, 62, 80, 0, 0, 0.06%, 9, 0, 12, 297.76
1733856607, 140, 65, 80, 0, 0, 0.06%, 9, 0, 12, 288.97
1733856612, 141, 11, 80, 0, 0, 0.06%, 9, 0, 12, 260.93
1733856617, 141, 12, 80, 0, 0, 0.06%, 9, 0, 12, 254.73
1733856622, 141, 13, 80, 0, 0, 0.06%, 9, 0, 12, 251.74
1733856627, 141, 14, 80, 0, 0, 0.06%, 9, 0, 12, 251.41
1733856632, 141, 16, 80, 0, 0, 0.06%, 9, 0, 12, 258.51
1733856637, 141, 17, 80, 0, 0, 0.06%, 9, 0, 12, 252.89
1733856642, 141, 21, 80, 0, 0, 0.06%, 9, 0, 12, 253.63
1733856647, 141, 22, 80, 0, 0, 0.06%, 9, 0, 12, 255.28
1733856652, 141, 23, 80, 0, 0, 0.06%, 9, 0, 12, 255.94
1733856657, 141, 24, 80, 0, 0, 0.06%, 9, 0, 12, 265.13
1733856668, 141, 31, 80, 0, 0, 0.06%, 9, 0, 12, 272.04
1733856673, 141, 56, 80, 0, 0, 0.06%, 9, 0, 12, 304.97
1733856678, 142, 11, 80, 0, 0, 0.06%, 9, 0, 12, 264.86
1733856683, 142, 12, 80, 0, 0, 0.06%, 9, 0, 12, 257.04
1733856688, 142, 13, 80, 0, 0, 0.06%, 9, 0, 12, 266.87
1733856693, 142, 14, 80, 0, 0, 0.06%, 9, 0, 12, 259.06
1733856698, 142, 17, 80, 0, 0, 0.06%, 9, 0, 12, 245.99
1733856703, 142, 22, 80, 0, 0, 0.06%, 9, 0, 12, 247.25
1733856708, 142, 23, 80, 0, 0, 0.06%, 9, 0, 12, 245.38
1733856713, 142, 24, 80, 0, 0, 0.06%, 9, 0, 12, 238.40
1733856718, 142, 40, 80, 0, 0, 0.06%, 9, 0, 12, 261.76
1733856723, 143, 11, 80, 0, 0, 0.06%, 9, 0, 12, 251.23
1733856728, 143, 12, 80, 0, 0, 0.06%, 9, 0, 12, 244.72
1733856733, 143, 13, 80, 0, 0, 0.06%, 9, 0, 12, 237.15
1733856738, 143, 14, 80, 0, 0, 0.06%, 9, 0, 12, 244.12
1733856743, 143, 17, 80, 0, 0, 0.06%, 9, 0, 12, 251.64
1733856754, 143, 22, 80, 0, 0, 0.06%, 9, 0, 12, 249.47
1733856759, 143, 23, 80, 0, 0, 0.06%, 9, 0, 12, 258.64
1733856764, 143, 24, 80, 0, 0, 0.06%, 9, 0, 12, 260.04
1733856769, 143, 31, 80, 0, 0, 0.06%, 9, 0, 12, 268.37
1733856774, 143, 41, 80, 0, 0, 0.06%, 9, 0, 12, 276.91
1733856779, 143, 49, 80, 0, 0, 0.06%, 9, 0, 12, 263.35
1733856784, 144, 8, 80, 0, 0, 0.06%, 9, 0, 12, 254.77
1733856789, 144, 12, 80, 0, 0, 0.06%, 9, 0, 12, 248.56
1733856794, 144, 13, 80, 0, 0, 0.06%, 9, 0, 12, 252.88
1733856799, 144, 14, 80, 0, 0, 0.06%, 9, 0, 12, 253.39
1733856804, 144, 15, 80, 0, 0, 0.06%, 9, 0, 12, 264.10
1733856809, 144, 17, 80, 0, 0, 0.06%, 9, 0, 12, 266.71
1733856820, 144, 22, 80, 0, 0, 0.06%, 9, 0, 12, 259.37
1733856825, 144, 23, 80, 0, 0, 0.06%, 9, 0, 12, 268.37
1733856830, 144, 24, 80, 0, 0, 0.06%, 9, 0, 12, 272.90
1733856835, 144, 29, 80, 0, 0, 0.06%, 9, 0, 12, 262.97
1733856840, 144, 55, 80, 0, 0, 0.06%, 9, 0, 12, 296.99
1733856845, 144, 58, 80, 0, 0, 0.06%, 9, 0, 12, 294.64
1733856855, 144, 64, 80, 0, 0, 0.06%, 9, 0, 12, 277.68
1733856860, 144, 76, 80, 0, 0, 0.06%, 9, 0, 12, 288.10
1733856866, 145, 11, 80, 0, 0, 0.06%, 9, 0, 12, 266.50
1733856871, 145, 12, 80, 0, 0, 0.06%, 9, 0, 12, 252.44
1733856876, 145, 13, 80, 0, 0, 0.06%, 9, 0, 12, 252.23
1733856881, 145, 14, 80, 0, 0, 0.06%, 9, 0, 12, 258.08
1733856886, 145, 17, 80, 0, 0, 0.06%, 9, 0, 12, 249.43
1733856891, 145, 22, 80, 0, 0, 0.06%, 9, 0, 12, 260.11
1733856896, 145, 23, 80, 0, 0, 0.06%, 9, 0, 12, 265.80
1733856901, 145, 24, 80, 0, 0, 0.06%, 9, 0, 12, 261.34
1733856906, 145, 45, 80, 0, 0, 0.06%, 9, 0, 12, 267.46
1733856911, 145, 49, 80, 0, 0, 0.06%, 9, 0, 12, 285.53
1733856921, 145, 64, 80, 0, 0, 0.06%, 9, 0, 12, 286.08
1733856926, 145, 70, 80, 0, 0, 0.06%, 9, 0, 12, 297.69
1733856931, 145, 74, 80, 0, 0, 0.06%, 9, 0, 12, 281.92
1733856957, 146, 12, 80, 0, 0, 0.06%, 9, 0, 12, 245.79
1733856962, 146, 13, 80, 0, 0, 0.06%, 9, 0, 12, 240.98
1733856967, 146, 14, 80, 0, 0, 0.06%, 9, 0, 12, 259.67
1733856972, 146, 17, 80, 0, 0, 0.06%, 9, 0, 12, 272.26
1733856982, 146, 22, 80, 0, 0, 0.06%, 9, 0, 12, 255.37
1733856987, 146, 23, 80, 0, 0, 0.06%, 9, 0, 12, 264.01
1733856992, 146, 24, 80, 0, 0, 0.06%, 9, 0, 12, 276.62
1733856997, 146, 63, 80, 0, 0, 0.06%, 9, 0, 12, 291.57
1733857002, 147, 12, 80, 0, 0, 0.06%, 9, 0, 12, 251.87
1733857007, 147, 13, 80, 0, 0, 0.06%, 9, 0, 12, 262.20
1733857017, 147, 14, 80, 0, 0, 0.06%, 9, 0, 12, 278.14
1733857022, 147, 17, 80, 0, 0, 0.06%, 9, 0, 12, 259.46
1733857028, 147, 21, 80, 0, 0, 0.06%, 9, 0, 12, 274.53
1733857033, 147, 22, 80, 0, 0, 0.06%, 9, 0, 12, 268.33
1733857038, 147, 23, 80, 0, 0, 0.06%, 9, 0, 12, 251.61
1733857043, 147, 24, 80, 0, 0, 0.06%, 9, 0, 12, 239.62
1733857048, 147, 68, 80, 0, 0, 0.06%, 9, 0, 12, 268.45
1733857053, 147, 78, 80, 0, 0, 0.06%, 9, 0, 12, 293.72
1733857058, 148, 11, 80, 0, 0, 0.06%, 9, 0, 12, 267.30
1733857063, 148, 12, 80, 0, 0, 0.06%, 9, 0, 12, 266.04
1733857068, 148, 13, 80, 0, 0, 0.06%, 9, 0, 12, 266.69
1733857073, 148, 14, 80, 0, 0, 0.06%, 9, 0, 12, 260.95
1733857078, 148, 17, 80, 0, 0, 0.06%, 9, 0, 12, 260.62
1733857083, 148, 22, 80, 0, 0, 0.06%, 9, 0, 12, 263.28
1733857088, 148, 23, 80, 0, 0, 0.06%, 9, 0, 12, 251.92
1733857093, 148, 24, 80, 0, 0, 0.06%, 9, 0, 12, 253.79
1733857098, 148, 50, 80, 0, 0, 0.06%, 9, 0, 12, 263.63
1733857104, 148, 59, 80, 0, 0, 0.06%, 9, 0, 12, 303.57
1733857114, 149, 12, 80, 0, 0, 0.06%, 9, 0, 12, 246.45
1733857119, 149, 13, 80, 0, 0, 0.06%, 9, 0, 12, 254.06
1733857124, 149, 14, 80, 0, 0, 0.06%, 9, 0, 12, 254.54
1733857129, 149, 17, 80, 0, 0, 0.06%, 9, 0, 12, 262.45
1733857134, 149, 22, 80, 0, 0, 0.06%, 9, 0, 12, 278.91
1733857139, 149, 23, 80, 0, 0, 0.06%, 9, 0, 12, 265.26
1733857149, 149, 24, 80, 0, 0, 0.06%, 9, 0, 12, 254.94
1733857154, 149, 41, 80, 0, 0, 0.06%, 9, 0, 12, 258.20
1733857159, 149, 55, 80, 0, 0, 0.06%, 9, 0, 12, 298.79
1733857165, 149, 56, 80, 0, 0, 0.06%, 9, 0, 12, 285.44
1733857175, 149, 69, 80, 0, 0, 0.06%, 9, 0, 12, 290.45
1733857180, 150, 11, 80, 0, 0, 0.06%, 9, 0, 12, 264.76
1733857185, 150, 12, 80, 0, 0, 0.06%, 9, 0, 12, 267.49
1733857190, 150, 13, 80, 0, 0, 0.06%, 9, 0, 12, 275.53
1733857195, 150, 14, 80, 0, 0, 0.06%, 9, 0, 12, 263.58
1733857200, 150, 17, 80, 0, 0, 0.06%, 9, 0, 12, 258.27
1733857205, 150, 22, 80, 0, 0, 0.06%, 9, 0, 12, 257.50
1733857211, 150, 23, 80, 0, 0, 0.06%, 9, 0, 12, 255.63
1733857216, 150, 24, 80, 0, 0, 0.06%, 9, 0, 12, 257.55
1733857221, 150, 29, 80, 0, 0, 0.06%, 9, 0, 12, 261.39
1733857226, 150, 71, 80, 0, 0, 0.06%, 9, 0, 12, 280.64
1733857231, 151, 11, 80, 0, 0, 0.06%, 9, 0, 12, 258.54
1733857236, 151, 12, 80, 0, 0, 0.06%, 9, 0, 12, 253.29
1733857241, 151, 13, 80, 0, 0, 0.06%, 9, 0, 12, 250.26
1733857246, 151, 14, 80, 0, 0, 0.06%, 9, 0, 12, 248.05
1733857251, 151, 17, 80, 0, 0, 0.06%, 9, 0, 12, 263.41
1733857256, 151, 22, 80, 0, 0, 0.06%, 9, 0, 12, 256.74
1733857261, 151, 23, 80, 0, 0, 0.06%, 9, 0, 12, 263.26
1733857266, 151, 24, 80, 0, 0, 0.06%, 9, 0, 12, 259.66
1733857272, 151, 60, 80, 0, 0, 0.06%, 9, 0, 12, 282.61
1733857282, 152, 12, 80, 0, 0, 0.06%, 9, 0, 12, 253.56
1733857287, 152, 13, 80, 0, 0, 0.06%, 9, 0, 12, 260.70
1733857292, 152, 14, 80, 0, 0, 0.06%, 9, 0, 12, 276.17
1733857302, 152, 17, 80, 0, 0, 0.06%, 9, 0, 12, 253.54
1733857307, 152, 22, 80, 0, 0, 0.06%, 9, 0, 12, 269.90
1733857312, 152, 23, 80, 0, 0, 0.06%, 9, 0, 12, 267.91
1733857317, 152, 24, 80, 0, 0, 0.06%, 9, 0, 12, 260.92
1733857322, 152, 79, 80, 0, 0, 0.06%, 9, 0, 12, 275.58
1733857333, 153, 12, 80, 0, 0, 0.06%, 9, 0, 12, 263.40
1733857338, 153, 13, 80, 0, 0, 0.06%, 9, 0, 12, 258.61
1733857343, 153, 14, 80, 0, 0, 0.06%, 9, 0, 12, 258.88
1733857348, 153, 15, 80, 0, 0, 0.06%, 9, 0, 12, 280.99
1733857358, 153, 17, 80, 0, 0, 0.06%, 9, 0, 12, 259.41
1733857363, 153, 22, 80, 0, 0, 0.06%, 9, 0, 12, 264.31
1733857368, 153, 23, 80, 0, 0, 0.06%, 9, 0, 12, 261.55
1733857373, 153, 24, 80, 0, 0, 0.06%, 9, 0, 12, 264.63
1733857378, 153, 35, 80, 0, 0, 0.06%, 9, 0, 12, 263.52
1733857384, 153, 54, 80, 0, 0, 0.06%, 9, 0, 12, 276.15
1733857389, 154, 0, 80, 0, 0, 0.06%, 9, 0, 12, 284.19
1733857394, 154, 11, 80, 0, 0, 0.06%, 9, 0, 12, 261.14
