# unix_time, cycles_done, cur_path, paths_total, pending_total, pending_favs, map_size, unique_crashes, unique_hangs, max_depth, execs_per_sec
1735547502, 0, 0, 10, 10, 1, 0.00%, 0, 0, 1, 148.42
1735547507, 0, 2, 10, 10, 1, 0.00%, 0, 0, 1, 182.37
1735547512, 0, 3, 10, 9, 0, 0.00%, 0, 0, 1, 166.47
1735547522, 0, 4, 10, 8, 0, 0.00%, 0, 0, 1, 183.77
1735547527, 0, 5, 10, 7, 0, 0.00%, 0, 0, 1, 180.32
1735547538, 0, 6, 10, 6, 0, 0.00%, 0, 0, 1, 168.08
1735547548, 0, 7, 10, 5, 0, 0.00%, 0, 0, 1, 184.06
1735547553, 0, 8, 10, 4, 0, 0.00%, 0, 0, 1, 173.69
1735547564, 0, 9, 10, 3, 0, 0.00%, 0, 0, 1, 183.50
1735547574, 1, 0, 10, 2, 0, 0.00%, 0, 0, 1, 183.38
1735547584, 1, 1, 10, 1, 0, 0.00%, 0, 0, 1, 184.98
1735547594, 1, 2, 10, 0, 0, 0.00%, 0, 0, 1, 180.72
1735547599, 1, 4, 10, 0, 0, 0.00%, 0, 0, 1, 182.46
1735547605, 1, 5, 10, 0, 0, 0.00%, 0, 0, 1, 181.70
1735547610, 1, 6, 10, 0, 0, 0.00%, 0, 0, 1, 181.31
1735547615, 1, 7, 10, 0, 0, 0.00%, 0, 0, 1, 181.30
1735547620, 1, 9, 10, 0, 0, 0.00%, 0, 0, 1, 181.61
1735547625, 2, 0, 10, 0, 0, 0.00%, 0, 0, 1, 179.96
1735547630, 2, 1, 10, 0, 0, 0.00%, 0, 0, 1, 181.30
1735547635, 2, 3, 10, 0, 0, 0.00%, 0, 0, 1, 183.30
1735547640, 2, 4, 10, 0, 0, 0.00%, 0, 0, 1, 188.08
1735547645, 2, 5, 10, 0, 0, 0.00%, 0, 0, 1, 185.93
1735547651, 2, 6, 10, 0, 0, 0.00%, 0, 0, 1, 181.23
1735547656, 2, 8, 10, 0, 0, 0.00%, 0, 0, 1, 182.11
1735547661, 2, 9, 10, 0, 0, 0.00%, 0, 0, 1, 184.93
1735547666, 3, 0, 11, 1, 0, 0.05%, 1, 0, 2, 181.71
1735547671, 3, 10, 12, 2, 1, 0.05%, 2, 0, 3, 200.99
1735547718, 3, 11, 12, 1, 1, 0.05%, 2, 0, 3, 202.35
1735547723, 3, 11, 15, 4, 1, 0.06%, 5, 0, 4, 202.21
1735547733, 3, 11, 16, 5, 1, 0.06%, 5, 0, 4, 194.45
1735547749, 3, 11, 17, 6, 1, 0.06%, 5, 0, 4, 194.48
1735547754, 3, 11, 18, 7, 1, 0.06%, 6, 0, 4, 199.79
1735547774, 3, 11, 19, 8, 1, 0.06%, 6, 0, 4, 202.07
1735547851, 3, 11, 20, 9, 1, 0.06%, 6, 0, 4, 187.76
1735547856, 3, 12, 20, 8, 4, 0.06%, 6, 0, 4, 219.91
1735547876, 3, 12, 21, 9, 4, 0.06%, 6, 0, 5, 197.60
1735547933, 3, 13, 22, 9, 4, 0.06%, 7, 0, 5, 225.16
1735547943, 3, 13, 23, 10, 4, 0.06%, 7, 0, 5, 197.68
1735547968, 3, 13, 24, 11, 4, 0.06%, 7, 0, 5, 200.04
1735548070, 3, 14, 24, 10, 3, 0.06%, 7, 0, 5, 217.82
1735548075, 3, 14, 26, 12, 3, 0.06%, 7, 0, 5, 201.91
1735548081, 3, 14, 27, 13, 3, 0.06%, 7, 0, 5, 195.64
1735548086, 3, 14, 28, 14, 3, 0.06%, 8, 0, 5, 201.11
1735548121, 3, 14, 29, 15, 3, 0.06%, 8, 0, 5, 214.13
1735548198, 3, 14, 30, 16, 3, 0.06%, 9, 0, 5, 204.57
1735548203, 3, 17, 31, 16, 4, 0.06%, 9, 0, 5, 228.97
1735548244, 3, 22, 32, 16, 3, 0.06%, 9, 0, 6, 277.35
1735548249, 3, 22, 33, 17, 3, 0.06%, 9, 0, 6, 253.13
1735548254, 3, 22, 34, 18, 3, 0.06%, 9, 0, 6, 238.35
1735548259, 3, 22, 35, 19, 3, 0.06%, 9, 0, 6, 231.36
1735548269, 3, 22, 36, 20, 3, 0.06%, 9, 0, 6, 223.88
1735548274, 3, 22, 37, 21, 3, 0.06%, 9, 0, 6, 226.29
1735548325, 3, 22, 38, 22, 3, 0.06%, 9, 0, 6, 230.70
1735548371, 3, 27, 38, 21, 2, 0.06%, 9, 0, 6, 222.65
1735548411, 3, 30, 39, 21, 1, 0.06%, 9, 0, 6, 250.55
1735548472, 3, 30, 40, 22, 1, 0.06%, 9, 0, 6, 215.99
1735548477, 3, 30, 43, 25, 1, 0.06%, 9, 0, 6, 218.68
1735548488, 3, 36, 43, 24, 0, 0.06%, 9, 0, 6, 329.49
1735548518, 3, 36, 44, 25, 0, 0.06%, 9, 0, 7, 237.72
1735548533, 3, 40, 45, 25, 0, 0.06%, 9, 0, 7, 356.67
1735548559, 3, 40, 47, 27, 0, 0.06%, 9, 0, 7, 432.40
1735548651, 4, 11, 47, 26, 0, 0.06%, 9, 0, 7, 212.93
1735548656, 4, 12, 47, 26, 0, 0.06%, 9, 0, 7, 213.99
1735548666, 4, 12, 48, 27, 0, 0.06%, 9, 0, 7, 233.20
1735548671, 4, 13, 48, 27, 0, 0.06%, 9, 0, 7, 212.89
1735548676, 4, 13, 49, 28, 0, 0.06%, 9, 0, 7, 227.36
1735548686, 4, 14, 49, 28, 0, 0.06%, 9, 0, 7, 209.08
1735548691, 4, 14, 50, 29, 0, 0.06%, 9, 0, 7, 214.25
1735548696, 4, 17, 50, 29, 0, 0.06%, 9, 0, 7, 236.83
1735548712, 4, 22, 50, 29, 0, 0.06%, 9, 0, 7, 228.49
1735548717, 4, 22, 53, 32, 0, 0.06%, 9, 0, 7, 229.94
1735548722, 4, 22, 54, 33, 0, 0.06%, 9, 0, 7, 221.46
1735548727, 4, 23, 54, 33, 0, 0.06%, 9, 0, 7, 242.14
1735548763, 4, 25, 54, 32, 0, 0.06%, 9, 0, 7, 262.68
1735548793, 4, 27, 54, 31, 0, 0.06%, 9, 0, 7, 205.90
1735548803, 4, 30, 54, 31, 0, 0.06%, 9, 0, 7, 224.65
1735548818, 4, 34, 54, 31, 0, 0.06%, 9, 0, 7, 293.76
1735548899, 4, 34, 55, 32, 0, 0.06%, 9, 0, 7, 409.92
1735549276, 4, 35, 55, 31, 0, 0.06%, 9, 0, 7, 376.85
1735549306, 4, 39, 56, 31, 0, 0.06%, 9, 0, 7, 361.78
1735549342, 4, 42, 56, 30, 0, 0.06%, 9, 0, 7, 343.88
1735549362, 4, 42, 58, 32, 0, 0.06%, 9, 0, 7, 251.53
1735549372, 4, 51, 58, 31, 0, 0.06%, 9, 0, 7, 338.17
1735549423, 5, 11, 58, 30, 0, 0.06%, 9, 0, 7, 248.18
1735549433, 5, 12, 59, 31, 0, 0.06%, 9, 0, 7, 225.96
1735549448, 5, 13, 59, 31, 0, 0.06%, 9, 0, 7, 238.01
1735549458, 5, 14, 59, 31, 0, 0.06%, 9, 0, 7, 242.83
1735549474, 5, 16, 59, 31, 0, 0.06%, 9, 0, 7, 360.16
1735549484, 5, 16, 60, 32, 0, 0.06%, 9, 0, 7, 265.81
1735549499, 5, 16, 61, 33, 0, 0.06%, 9, 0, 7, 268.74
1735549535, 5, 16, 62, 34, 0, 0.06%, 9, 0, 7, 262.22
1735549616, 5, 17, 62, 33, 0, 0.06%, 9, 0, 7, 226.83
1735549626, 5, 19, 62, 33, 0, 0.06%, 9, 0, 7, 225.70
1735549656, 5, 22, 62, 32, 0, 0.06%, 9, 0, 7, 242.56
1735549667, 5, 24, 62, 32, 0, 0.06%, 9, 0, 7, 318.36
1735549702, 5, 27, 62, 31, 0, 0.06%, 9, 0, 7, 227.23
1735549712, 5, 28, 62, 31, 0, 0.06%, 9, 0, 7, 232.56
1735549789, 5, 28, 63, 32, 0, 0.06%, 9, 0, 7, 439.77
1735550242, 5, 30, 63, 31, 0, 0.06%, 9, 0, 7, 233.83
1735550257, 5, 31, 63, 31, 0, 0.06%, 9, 0, 7, 303.92
1735550287, 5, 36, 63, 30, 0, 0.06%, 9, 0, 7, 247.07
1735550298, 5, 53, 63, 30, 0, 0.06%, 9, 0, 7, 355.31
1735550358, 5, 55, 63, 29, 0, 0.06%, 9, 0, 7, 263.97
1735550419, 5, 56, 63, 28, 0, 0.06%, 9, 0, 7, 242.47
1735550429, 5, 56, 65, 30, 0, 0.06%, 9, 0, 8, 280.92
1735550440, 5, 56, 66, 31, 0, 0.06%, 9, 0, 8, 253.40
1735550571, 5, 63, 66, 30, 0, 0.06%, 9, 0, 8, 340.89
1735550663, 5, 63, 67, 31, 0, 0.06%, 9, 0, 9, 238.98
1735550673, 6, 12, 67, 30, 0, 0.06%, 9, 0, 9, 226.90
1735550683, 6, 13, 67, 30, 0, 0.06%, 9, 0, 9, 228.28
1735550688, 6, 14, 67, 30, 0, 0.06%, 9, 0, 9, 242.51
1735550693, 6, 17, 67, 30, 0, 0.06%, 9, 0, 9, 234.24
1735550698, 6, 22, 67, 30, 0, 0.06%, 9, 0, 9, 236.74
1735550703, 6, 26, 67, 30, 0, 0.06%, 9, 0, 9, 301.18
1735550734, 6, 27, 67, 29, 0, 0.06%, 9, 0, 9, 245.04
1735550739, 6, 30, 67, 29, 0, 0.06%, 9, 0, 9, 235.43
1735550744, 6, 41, 67, 29, 0, 0.06%, 9, 0, 9, 306.28
1735550846, 6, 48, 67, 28, 0, 0.06%, 9, 0, 9, 239.91
1735551349, 6, 48, 68, 29, 0, 0.06%, 9, 0, 9, 260.68
1735551360, 6, 49, 68, 28, 0, 0.06%, 9, 0, 9, 248.81
1735551487, 6, 50, 68, 27, 0, 0.06%, 9, 0, 9, 299.84
1735551547, 6, 56, 68, 26, 0, 0.06%, 9, 0, 9, 238.95
1735551552, 6, 58, 68, 26, 0, 0.06%, 9, 0, 9, 272.04
1735551629, 6, 58, 69, 27, 0, 0.06%, 9, 0, 9, 259.23
1735551634, 6, 59, 69, 26, 0, 0.06%, 9, 0, 9, 351.01
1735551710, 6, 61, 69, 25, 0, 0.06%, 9, 0, 9, 294.91
1735551766, 6, 62, 69, 24, 0, 0.06%, 9, 0, 9, 339.68
1735551888, 6, 66, 69, 23, 0, 0.06%, 9, 0, 9, 215.94
1735552136, 6, 66, 70, 24, 0, 0.06%, 9, 0, 10, 295.25
1735552152, 6, 66, 71, 25, 0, 0.06%, 9, 0, 10, 370.73
1735552157, 6, 66, 72, 26, 0, 0.06%, 9, 0, 10, 365.49
1735552228, 6, 69, 72, 25, 0, 0.06%, 9, 0, 10, 371.50
1735552314, 6, 70, 72, 24, 0, 0.06%, 9, 0, 10, 270.66
1735552614, 6, 71, 72, 23, 0, 0.06%, 9, 0, 10, 222.33
1735553009, 7, 11, 72, 22, 0, 0.06%, 9, 0, 10, 272.25
1735553015, 7, 12, 72, 22, 0, 0.06%, 9, 0, 10, 250.80
1735553020, 7, 13, 72, 22, 0, 0.06%, 9, 0, 10, 273.58
1735553025, 7, 14, 72, 22, 0, 0.06%, 9, 0, 10, 250.14
1735553030, 7, 17, 72, 22, 0, 0.06%, 9, 0, 10, 249.47
1735553035, 7, 18, 72, 22, 0, 0.06%, 9, 0, 10, 304.81
1735553060, 7, 22, 72, 21, 0, 0.06%, 9, 0, 10, 253.61
1735553065, 7, 27, 72, 21, 0, 0.06%, 9, 0, 10, 257.85
1735553070, 7, 30, 72, 21, 0, 0.06%, 9, 0, 10, 251.70
1735553080, 7, 37, 72, 21, 0, 0.06%, 9, 0, 10, 402.91
1735553116, 7, 38, 72, 20, 0, 0.06%, 9, 0, 10, 356.43
1735553152, 7, 40, 72, 19, 0, 0.06%, 9, 0, 10, 271.26
1735553162, 7, 45, 72, 19, 0, 0.06%, 9, 0, 10, 373.95
1735553258, 7, 47, 72, 18, 0, 0.06%, 9, 0, 10, 326.97
1735553309, 7, 67, 73, 18, 0, 0.06%, 9, 0, 10, 284.71
1735553437, 7, 72, 73, 17, 0, 0.06%, 9, 0, 10, 281.59
1735553569, 8, 10, 73, 16, 0, 0.06%, 9, 0, 10, 257.88
1735553574, 8, 12, 73, 16, 0, 0.06%, 9, 0, 10, 257.39
1735553580, 8, 13, 73, 16, 0, 0.06%, 9, 0, 10, 251.17
1735553585, 8, 14, 73, 16, 0, 0.06%, 9, 0, 10, 253.75
1735553590, 8, 14, 74, 17, 0, 0.06%, 9, 0, 10, 276.18
1735553595, 8, 15, 74, 17, 0, 0.06%, 9, 0, 10, 269.98
1735553620, 8, 16, 75, 17, 0, 0.06%, 9, 0, 10, 290.07
1735553630, 8, 17, 75, 17, 0, 0.06%, 9, 0, 10, 276.91
1735553636, 8, 22, 75, 17, 0, 0.06%, 9, 0, 10, 276.58
1735553641, 8, 27, 75, 17, 0, 0.06%, 9, 0, 10, 273.84
1735553646, 8, 30, 75, 17, 0, 0.06%, 9, 0, 10, 263.49
1735553651, 8, 46, 75, 17, 0, 0.06%, 9, 0, 10, 370.26
1735553753, 8, 65, 75, 16, 0, 0.06%, 9, 0, 10, 318.16
1735553834, 8, 68, 76, 16, 0, 0.06%, 9, 0, 10, 376.97
1735553941, 9, 11, 76, 15, 0, 0.06%, 9, 0, 10, 269.50
1735553946, 9, 12, 76, 15, 0, 0.06%, 9, 0, 10, 258.90
1735553951, 9, 13, 76, 15, 0, 0.06%, 9, 0, 10, 252.02
1735553956, 9, 14, 76, 15, 0, 0.06%, 9, 0, 10, 260.73
1735553961, 9, 16, 76, 15, 0, 0.06%, 9, 0, 10, 280.25
1735553971, 9, 17, 76, 15, 0, 0.06%, 9, 0, 10, 251.21
1735553976, 9, 21, 76, 15, 0, 0.06%, 9, 0, 10, 266.72
1735554006, 9, 22, 76, 14, 0, 0.06%, 9, 0, 10, 267.43
1735554011, 9, 27, 76, 14, 0, 0.06%, 9, 0, 10, 265.76
1735554016, 9, 29, 76, 14, 0, 0.06%, 9, 0, 10, 317.20
1735554042, 9, 30, 76, 13, 0, 0.06%, 9, 0, 10, 262.09
1735554047, 9, 44, 76, 13, 0, 0.06%, 9, 0, 10, 287.69
1735554154, 9, 45, 76, 12, 0, 0.06%, 9, 0, 10, 290.39
1735554164, 9, 54, 76, 12, 0, 0.06%, 9, 0, 10, 391.33
1735554362, 9, 64, 76, 11, 0, 0.06%, 9, 0, 10, 330.62
1735554474, 10, 11, 76, 10, 0, 0.06%, 9, 0, 10, 259.20
1735554479, 10, 12, 76, 10, 0, 0.06%, 9, 0, 10, 264.62
1735554484, 10, 13, 76, 10, 0, 0.06%, 9, 0, 10, 259.25
1735554489, 10, 14, 76, 10, 0, 0.06%, 9, 0, 10, 258.68
1735554494, 10, 17, 76, 10, 0, 0.06%, 9, 0, 10, 270.19
1735554500, 10, 22, 76, 10, 0, 0.06%, 9, 0, 10, 277.99
1735554505, 10, 24, 76, 10, 0, 0.06%, 9, 0, 10, 283.93
1735554515, 10, 27, 76, 10, 0, 0.06%, 9, 0, 10, 270.98
1735554520, 10, 30, 76, 10, 0, 0.06%, 9, 0, 10, 261.42
1735554525, 10, 48, 76, 10, 0, 0.06%, 9, 0, 10, 285.85
1735554530, 11, 12, 76, 10, 0, 0.06%, 9, 0, 10, 267.45
1735554540, 11, 13, 76, 10, 0, 0.06%, 9, 0, 10, 247.39
1735554545, 11, 14, 76, 10, 0, 0.06%, 9, 0, 10, 247.07
1735554550, 11, 17, 76, 10, 0, 0.06%, 9, 0, 10, 251.94
1735554555, 11, 22, 76, 10, 0, 0.06%, 9, 0, 10, 265.30
1735554560, 11, 27, 76, 10, 0, 0.06%, 9, 0, 10, 249.62
1735554565, 11, 30, 76, 10, 0, 0.06%, 9, 0, 10, 248.86
1735554570, 11, 32, 76, 10, 0, 0.06%, 9, 0, 10, 367.21
1735554601, 11, 43, 76, 9, 0, 0.06%, 9, 0, 10, 324.21
1735554708, 11, 52, 76, 8, 0, 0.06%, 9, 0, 10, 291.08
1735554769, 11, 60, 76, 7, 0, 0.06%, 9, 0, 10, 327.93
1735554820, 11, 69, 76, 6, 0, 0.06%, 9, 0, 10, 297.75
1735554835, 11, 73, 76, 6, 0, 0.06%, 9, 0, 10, 251.92
1735555221, 12, 12, 76, 5, 0, 0.06%, 9, 0, 10, 247.53
1735555226, 12, 13, 76, 5, 0, 0.06%, 9, 0, 10, 253.32
1735555231, 12, 14, 76, 5, 0, 0.06%, 9, 0, 10, 254.75
1735555236, 12, 16, 76, 5, 0, 0.06%, 9, 0, 10, 262.91
1735555242, 12, 17, 76, 5, 0, 0.06%, 9, 0, 10, 268.27
1735555252, 12, 22, 76, 5, 0, 0.06%, 9, 0, 10, 254.46
1735555257, 12, 27, 76, 5, 0, 0.06%, 9, 0, 10, 251.35
1735555262, 12, 30, 76, 5, 0, 0.06%, 9, 0, 10, 253.58
1735555267, 12, 31, 76, 5, 0, 0.06%, 9, 0, 10, 267.96
1735555277, 12, 33, 76, 5, 0, 0.06%, 9, 0, 10, 346.69
1735555332, 12, 56, 76, 4, 0, 0.06%, 9, 0, 10, 287.67
1735555338, 12, 57, 76, 4, 0, 0.06%, 9, 0, 10, 308.84
1735555388, 12, 74, 76, 3, 0, 0.06%, 9, 0, 10, 329.22
1735555500, 13, 12, 76, 2, 0, 0.06%, 9, 0, 10, 269.62
1735555505, 13, 13, 76, 2, 0, 0.06%, 9, 0, 10, 255.71
1735555515, 13, 14, 76, 2, 0, 0.06%, 9, 0, 10, 261.73
1735555520, 13, 17, 76, 2, 0, 0.06%, 9, 0, 10, 267.29
1735555525, 13, 22, 76, 2, 0, 0.06%, 9, 0, 10, 283.86
1735555531, 13, 24, 76, 2, 0, 0.06%, 9, 0, 10, 278.41
1735555541, 13, 27, 76, 2, 0, 0.06%, 9, 0, 10, 264.01
1735555546, 13, 30, 76, 2, 0, 0.06%, 9, 0, 10, 258.74
1735555551, 13, 68, 76, 2, 0, 0.06%, 9, 0, 10, 300.95
1735555561, 14, 12, 76, 2, 0, 0.06%, 9, 0, 10, 277.12
1735555571, 14, 13, 76, 2, 0, 0.06%, 9, 0, 10, 262.14
1735555576, 14, 14, 76, 2, 0, 0.06%, 9, 0, 10, 268.44
1735555581, 14, 17, 76, 2, 0, 0.06%, 9, 0, 10, 273.71
1735555586, 14, 20, 76, 2, 0, 0.06%, 9, 0, 10, 273.75
1735555612, 14, 22, 76, 1, 0, 0.06%, 9, 0, 10, 260.61
1735555617, 14, 27, 76, 1, 0, 0.06%, 9, 0, 10, 259.57
1735555622, 14, 30, 76, 1, 0, 0.06%, 9, 0, 10, 249.65
1735555627, 14, 39, 76, 1, 0, 0.06%, 9, 0, 10, 269.04
1735555637, 14, 75, 76, 1, 0, 0.06%, 9, 0, 10, 330.65
1735555748, 15, 11, 76, 0, 0, 0.06%, 9, 0, 10, 272.07
1735555753, 15, 12, 76, 0, 0, 0.06%, 9, 0, 10, 247.81
1735555758, 15, 13, 76, 0, 0, 0.06%, 9, 0, 10, 250.15
1735555764, 15, 14, 76, 0, 0, 0.06%, 9, 0, 10, 261.63
1735555769, 15, 17, 76, 0, 0, 0.06%, 9, 0, 10, 255.04
1735555774, 15, 22, 76, 0, 0, 0.06%, 9, 0, 10, 256.08
1735555779, 15, 27, 76, 0, 0, 0.06%, 9, 0, 10, 264.95
1735555784, 15, 30, 76, 0, 0, 0.06%, 9, 0, 10, 259.23
1735555794, 15, 36, 76, 0, 0, 0.06%, 9, 0, 10, 274.88
1735555804, 15, 41, 76, 0, 0, 0.06%, 9, 0, 10, 284.20
1735555814, 15, 55, 76, 0, 0, 0.06%, 9, 0, 10, 263.48
1735555819, 16, 11, 76, 0, 0, 0.06%, 9, 0, 10, 255.66
1735555824, 16, 12, 76, 0, 0, 0.06%, 9, 0, 10, 254.62
1735555829, 16, 13, 76, 0, 0, 0.06%, 9, 0, 10, 258.01
1735555834, 16, 14, 76, 0, 0, 0.06%, 9, 0, 10, 253.64
1735555839, 16, 17, 76, 0, 0, 0.06%, 9, 0, 10, 253.51
1735555844, 16, 20, 76, 0, 0, 0.06%, 9, 0, 10, 265.00
1735555854, 16, 22, 76, 0, 0, 0.06%, 9, 0, 10, 261.50
1735555859, 16, 27, 76, 0, 0, 0.06%, 9, 0, 10, 248.44
1735555864, 16, 30, 76, 0, 0, 0.06%, 9, 0, 10, 258.15
1735555869, 16, 67, 76, 0, 0, 0.06%, 9, 0, 10, 275.89
1735555884, 17, 12, 76, 0, 0, 0.06%, 9, 0, 10, 247.21
1735555889, 17, 13, 76, 0, 0, 0.06%, 9, 0, 10, 264.11
1735555895, 17, 14, 76, 0, 0, 0.06%, 9, 0, 10, 255.03
1735555900, 17, 17, 76, 0, 0, 0.06%, 9, 0, 10, 249.63
1735555905, 17, 22, 76, 0, 0, 0.06%, 9, 0, 10, 255.61
1735555910, 17, 27, 76, 0, 0, 0.06%, 9, 0, 10, 266.33
1735555915, 17, 30, 76, 0, 0, 0.06%, 9, 0, 10, 259.88
1735555925, 17, 44, 76, 0, 0, 0.06%, 9, 0, 10, 267.21
1735555935, 17, 46, 76, 0, 0, 0.06%, 9, 0, 10, 280.27
1735555946, 17, 54, 76, 0, 0, 0.06%, 9, 0, 10, 278.66
1735555951, 17, 75, 76, 0, 0, 0.06%, 9, 0, 10, 303.92
1735555971, 18, 12, 76, 0, 0, 0.06%, 9, 0, 10, 275.44
1735555976, 18, 13, 76, 0, 0, 0.06%, 9, 0, 10, 260.34
1735555981, 18, 14, 76, 0, 0, 0.06%, 9, 0, 10, 258.74
1735555986, 18, 17, 76, 0, 0, 0.06%, 9, 0, 10, 266.97
1735555992, 18, 22, 76, 0, 0, 0.06%, 9, 0, 10, 267.73
1735556002, 18, 27, 76, 0, 0, 0.06%, 9, 0, 10, 261.34
1735556007, 18, 30, 76, 0, 0, 0.06%, 9, 0, 10, 269.81
1735556012, 18, 54, 76, 0, 0, 0.06%, 9, 0, 10, 276.94
1735556017, 19, 12, 76, 0, 0, 0.06%, 9, 0, 10, 245.84
1735556022, 19, 13, 76, 0, 0, 0.06%, 9, 0, 10, 248.53
1735556027, 19, 14, 76, 0, 0, 0.06%, 9, 0, 10, 253.95
1735556037, 19, 17, 76, 0, 0, 0.06%, 9, 0, 10, 267.75
1735556042, 19, 22, 76, 0, 0, 0.06%, 9, 0, 10, 267.54
1735556047, 19, 27, 76, 0, 0, 0.06%, 9, 0, 10, 257.45
1735556052, 19, 28, 76, 0, 0, 0.06%, 9, 0, 10, 302.93
1735556063, 19, 30, 76, 0, 0, 0.06%, 9, 0, 10, 262.09
1735556068, 19, 36, 76, 0, 0, 0.06%, 9, 0, 10, 273.28
1735556073, 19, 57, 76, 0, 0, 0.06%, 9, 0, 10, 269.34
1735556078, 20, 11, 76, 0, 0, 0.06%, 9, 0, 10, 264.94
1735556083, 20, 12, 76, 0, 0, 0.06%, 9, 0, 10, 269.46
1735556088, 20, 13, 76, 0, 0, 0.06%, 9, 0, 10, 256.62
1735556093, 20, 14, 76, 0, 0, 0.06%, 9, 0, 10, 240.38
1735556098, 20, 17, 76, 0, 0, 0.06%, 9, 0, 10, 263.52
1735556103, 20, 22, 76, 0, 0, 0.06%, 9, 0, 10, 263.92
1735556108, 20, 27, 76, 0, 0, 0.06%, 9, 0, 10, 267.87
1735556113, 20, 30, 76, 0, 0, 0.06%, 9, 0, 10, 261.20
1735556118, 20, 51, 76, 0, 0, 0.06%, 9, 0, 10, 272.30
1735556123, 21, 11, 76, 0, 0, 0.06%, 9, 0, 10, 261.63
1735556128, 21, 12, 76, 0, 0, 0.06%, 9, 0, 10, 246.00
1735556134, 21, 13, 76, 0, 0, 0.06%, 9, 0, 10, 261.67
1735556139, 21, 14, 76, 0, 0, 0.06%, 9, 0, 10, 252.61
1735556144, 21, 17, 76, 0, 0, 0.06%, 9, 0, 10, 257.46
1735556149, 21, 22, 76, 0, 0, 0.06%, 9, 0, 10, 258.00
1735556154, 21, 27, 76, 0, 0, 0.06%, 9, 0, 10, 254.01
1735556159, 21, 30, 76, 0, 0, 0.06%, 9, 0, 10, 250.85
1735556164, 21, 31, 76, 0, 0, 0.06%, 9, 0, 10, 266.96
1735556174, 21, 38, 76, 0, 0, 0.06%, 9, 0, 10, 284.10
1735556184, 21, 57, 76, 0, 0, 0.06%, 9, 0, 10, 267.75
1735556195, 22, 12, 76, 0, 0, 0.06%, 9, 0, 10, 259.07
1735556200, 22, 13, 76, 0, 0, 0.06%, 9, 0, 10, 260.70
1735556205, 22, 14, 76, 0, 0, 0.06%, 9, 0, 10, 270.07
1735556210, 22, 15, 76, 0, 0, 0.06%, 9, 0, 10, 259.10
1735556220, 22, 16, 76, 0, 0, 0.06%, 9, 0, 10, 276.16
1735556225, 22, 17, 76, 0, 0, 0.06%, 9, 0, 10, 284.92
1735556230, 22, 22, 76, 0, 0, 0.06%, 9, 0, 10, 263.95
1735556235, 22, 27, 76, 0, 0, 0.06%, 9, 0, 10, 274.31
1735556240, 22, 30, 76, 0, 0, 0.06%, 9, 0, 10, 269.00
1735556250, 22, 69, 76, 0, 0, 0.06%, 9, 0, 10, 302.51
1735556266, 23, 10, 76, 0, 0, 0.06%, 9, 0, 10, 259.56
1735556271, 23, 12, 76, 0, 0, 0.06%, 9, 0, 10, 254.83
1735556276, 23, 13, 76, 0, 0, 0.06%, 9, 0, 10, 256.73
1735556281, 23, 14, 76, 0, 0, 0.06%, 9, 0, 10, 270.36
1735556286, 23, 17, 76, 0, 0, 0.06%, 9, 0, 10, 259.71
1735556291, 23, 22, 76, 0, 0, 0.06%, 9, 0, 10, 273.90
1735556296, 23, 27, 76, 0, 0, 0.06%, 9, 0, 10, 262.94
1735556301, 23, 30, 76, 0, 0, 0.06%, 9, 0, 10, 262.68
1735556311, 23, 46, 76, 0, 0, 0.06%, 9, 0, 10, 288.47
1735556321, 23, 53, 76, 0, 0, 0.06%, 9, 0, 10, 269.11
1735556327, 23, 57, 76, 0, 0, 0.06%, 9, 0, 10, 255.90
1735556332, 23, 64, 76, 0, 0, 0.06%, 9, 0, 10, 295.58
1735556347, 24, 12, 76, 0, 0, 0.06%, 9, 0, 10, 269.58
1735556357, 24, 13, 76, 0, 0, 0.06%, 9, 0, 10, 265.24
1735556362, 24, 14, 76, 0, 0, 0.06%, 9, 0, 10, 260.73
1735556367, 24, 17, 76, 0, 0, 0.06%, 9, 0, 10, 251.91
1735556372, 24, 21, 76, 0, 0, 0.06%, 9, 0, 10, 256.85
1735556382, 24, 22, 76, 0, 0, 0.06%, 9, 0, 10, 258.89
1735556387, 24, 27, 76, 0, 0, 0.06%, 9, 0, 10, 255.87
1735556392, 24, 30, 76, 0, 0, 0.06%, 9, 0, 10, 273.70
1735556397, 24, 62, 76, 0, 0, 0.06%, 9, 0, 10, 279.52
1735556412, 24, 65, 76, 0, 0, 0.06%, 9, 0, 10, 264.51
1735556427, 24, 71, 76, 0, 0, 0.06%, 9, 0, 10, 344.34
1735556442, 25, 12, 76, 0, 0, 0.06%, 9, 0, 10, 253.28
1735556447, 25, 13, 76, 0, 0, 0.06%, 9, 0, 10, 254.13
1735556453, 25, 14, 76, 0, 0, 0.06%, 9, 0, 10, 264.61
1735556458, 25, 17, 76, 0, 0, 0.06%, 9, 0, 10, 272.01
1735556463, 25, 22, 76, 0, 0, 0.06%, 9, 0, 10, 266.94
1735556468, 25, 27, 76, 0, 0, 0.06%, 9, 0, 10, 261.27
1735556478, 25, 30, 76, 0, 0, 0.06%, 9, 0, 10, 269.14
1735556483, 25, 50, 76, 0, 0, 0.06%, 9, 0, 10, 264.93
1735556488, 25, 65, 76, 0, 0, 0.06%, 9, 0, 10, 268.22
1735556493, 26, 11, 76, 0, 0, 0.06%, 9, 0, 10, 258.21
1735556498, 26, 12, 76, 0, 0, 0.06%, 9, 0, 10, 265.70
1735556503, 26, 13, 76, 0, 0, 0.06%, 9, 0, 10, 252.42
1735556508, 26, 14, 76, 0, 0, 0.06%, 9, 0, 10, 252.44
1735556513, 26, 17, 76, 0, 0, 0.06%, 9, 0, 10, 261.16
1735556518, 26, 22, 76, 0, 0, 0.06%, 9, 0, 10, 263.18
1735556523, 26, 27, 76, 0, 0, 0.06%, 9, 0, 10, 260.33
1735556528, 26, 30, 76, 0, 0, 0.06%, 9, 0, 10, 253.16
1735556533, 26, 48, 76, 0, 0, 0.06%, 9, 0, 10, 282.09
1735556538, 27, 11, 76, 0, 0, 0.06%, 9, 0, 10, 276.99
1735556543, 27, 12, 76, 0, 0, 0.06%, 9, 0, 10, 258.59
1735556548, 27, 13, 76, 0, 0, 0.06%, 9, 0, 10, 256.73
1735556553, 27, 14, 76, 0, 0, 0.06%, 9, 0, 10, 250.16
1735556558, 27, 17, 76, 0, 0, 0.06%, 9, 0, 10, 254.30
1735556563, 27, 22, 76, 0, 0, 0.06%, 9, 0, 10, 270.04
1735556568, 27, 27, 76, 0, 0, 0.06%, 9, 0, 10, 268.04
1735556574, 27, 30, 76, 0, 0, 0.06%, 9, 0, 10, 259.74
1735556579, 27, 31, 76, 0, 0, 0.06%, 9, 0, 10, 268.17
1735556589, 27, 39, 76, 0, 0, 0.06%, 9, 0, 10, 266.29
1735556599, 27, 42, 76, 0, 0, 0.06%, 9, 0, 10, 262.75
1735556609, 28, 12, 76, 0, 0, 0.06%, 9, 0, 10, 256.19
1735556614, 28, 13, 76, 0, 0, 0.06%, 9, 0, 10, 261.09
1735556619, 28, 14, 76, 0, 0, 0.06%, 9, 0, 10, 250.45
1735556624, 28, 17, 76, 0, 0, 0.06%, 9, 0, 10, 255.38
1735556634, 28, 27, 76, 0, 0, 0.06%, 9, 0, 10, 263.12
1735556644, 28, 30, 76, 0, 0, 0.06%, 9, 0, 10, 257.53
1735556649, 28, 42, 76, 0, 0, 0.06%, 9, 0, 10, 264.24
1735556659, 28, 50, 76, 0, 0, 0.06%, 9, 0, 10, 262.54
1735556665, 28, 72, 76, 0, 0, 0.06%, 9, 0, 10, 289.73
1735556675, 28, 75, 76, 0, 0, 0.06%, 9, 0, 10, 282.60
1735556680, 29, 12, 76, 0, 0, 0.06%, 9, 0, 10, 261.03
1735556685, 29, 13, 76, 0, 0, 0.06%, 9, 0, 10, 254.45
1735556690, 29, 14, 76, 0, 0, 0.06%, 9, 0, 10, 263.71
1735556695, 29, 17, 76, 0, 0, 0.06%, 9, 0, 10, 276.89
1735556705, 29, 22, 76, 0, 0, 0.06%, 9, 0, 10, 277.92
1735556710, 29, 27, 76, 0, 0, 0.06%, 9, 0, 10, 271.95
1735556715, 29, 30, 76, 0, 0, 0.06%, 9, 0, 10, 260.47
1735556720, 30, 12, 76, 0, 0, 0.06%, 9, 0, 10, 255.37
1735556725, 30, 13, 76, 0, 0, 0.06%, 9, 0, 10, 270.91
1735556731, 30, 14, 76, 0, 0, 0.06%, 9, 0, 10, 272.43
1735556741, 30, 17, 76, 0, 0, 0.06%, 9, 0, 10, 263.22
1735556746, 30, 22, 76, 0, 0, 0.06%, 9, 0, 10, 267.00
1735556751, 30, 27, 76, 0, 0, 0.06%, 9, 0, 10, 255.85
1735556756, 30, 29, 76, 0, 0, 0.06%, 9, 0, 10, 271.46
1735556766, 30, 30, 76, 0, 0, 0.06%, 9, 0, 10, 265.55
1735556771, 30, 46, 76, 0, 0, 0.06%, 9, 0, 10, 274.76
1735556776, 30, 57, 76, 0, 0, 0.06%, 9, 0, 10, 272.09
1735556781, 31, 8, 76, 0, 0, 0.06%, 9, 0, 10, 271.58
1735556786, 31, 11, 76, 0, 0, 0.06%, 9, 0, 10, 260.25
1735556791, 31, 12, 76, 0, 0, 0.06%, 9, 0, 10, 255.81
1735556796, 31, 13, 76, 0, 0, 0.06%, 9, 0, 10, 269.92
1735556801, 31, 14, 76, 0, 0, 0.06%, 9, 0, 10, 276.81
1735556806, 31, 17, 76, 0, 0, 0.06%, 9, 0, 10, 257.65
1735556811, 31, 22, 76, 0, 0, 0.06%, 9, 0, 10, 260.51
1735556816, 31, 27, 76, 0, 0, 0.06%, 9, 0, 10, 246.38
1735556821, 31, 30, 76, 0, 0, 0.06%, 9, 0, 10, 256.48
1735556826, 31, 46, 76, 0, 0, 0.06%, 9, 0, 10, 286.20
1735556831, 32, 11, 76, 0, 0, 0.06%, 9, 0, 10, 260.75
1735556836, 32, 12, 76, 0, 0, 0.06%, 9, 0, 10, 256.24
1735556842, 32, 13, 76, 0, 0, 0.06%, 9, 0, 10, 250.41
1735556847, 32, 14, 76, 0, 0, 0.06%, 9, 0, 10, 255.05
1735556852, 32, 17, 76, 0, 0, 0.06%, 9, 0, 10, 254.56
1735556857, 32, 22, 76, 0, 0, 0.06%, 9, 0, 10, 260.72
1735556862, 32, 27, 76, 0, 0, 0.06%, 9, 0, 10, 254.28
1735556867, 32, 30, 76, 0, 0, 0.06%, 9, 0, 10, 256.83
1735556872, 32, 45, 76, 0, 0, 0.06%, 9, 0, 10, 294.44
1735556882, 32, 60, 76, 0, 0, 0.06%, 9, 0, 10, 270.26
1735556892, 32, 71, 76, 0, 0, 0.06%, 9, 0, 10, 334.92
1735556907, 33, 11, 76, 0, 0, 0.06%, 9, 0, 10, 252.55
1735556913, 33, 12, 76, 0, 0, 0.06%, 9, 0, 10, 265.89
1735556918, 33, 13, 76, 0, 0, 0.06%, 9, 0, 10, 258.51
1735556923, 33, 14, 76, 0, 0, 0.06%, 9, 0, 10, 267.75
1735556928, 33, 17, 76, 0, 0, 0.06%, 9, 0, 10, 260.08
1735556933, 33, 22, 76, 0, 0, 0.06%, 9, 0, 10, 270.57
1735556938, 33, 27, 76, 0, 0, 0.06%, 9, 0, 10, 253.71
1735556943, 33, 30, 76, 0, 0, 0.06%, 9, 0, 10, 256.40
1735556948, 33, 50, 76, 0, 0, 0.06%, 9, 0, 10, 259.79
1735556953, 33, 54, 76, 0, 0, 0.06%, 9, 0, 10, 294.99
1735556958, 33, 58, 76, 0, 0, 0.06%, 9, 0, 10, 302.45
1735556969, 33, 66, 76, 0, 0, 0.06%, 9, 0, 10, 339.17
1735556984, 34, 11, 76, 0, 0, 0.06%, 9, 0, 10, 241.29
1735556989, 34, 12, 76, 0, 0, 0.06%, 9, 0, 10, 262.55
1735556994, 34, 13, 76, 0, 0, 0.06%, 9, 0, 10, 261.70
1735556999, 34, 14, 76, 0, 0, 0.06%, 9, 0, 10, 258.47
1735557004, 34, 17, 76, 0, 0, 0.06%, 9, 0, 10, 245.47
1735557009, 34, 19, 76, 0, 0, 0.06%, 9, 0, 10, 255.25
1735557019, 34, 22, 76, 0, 0, 0.06%, 9, 0, 10, 256.56
1735557024, 34, 27, 76, 0, 0, 0.06%, 9, 0, 10, 260.43
1735557030, 34, 29, 76, 0, 0, 0.06%, 9, 0, 10, 267.55
1735557045, 34, 30, 76, 0, 0, 0.06%, 9, 0, 10, 285.76
1735557050, 34, 63, 76, 0, 0, 0.06%, 9, 0, 10, 303.00
1735557065, 35, 12, 76, 0, 0, 0.06%, 9, 0, 10, 252.29
1735557070, 35, 13, 76, 0, 0, 0.06%, 9, 0, 10, 264.25
1735557075, 35, 14, 76, 0, 0, 0.06%, 9, 0, 10, 252.64
1735557080, 35, 17, 76, 0, 0, 0.06%, 9, 0, 10, 253.77
1735557085, 35, 22, 76, 0, 0, 0.06%, 9, 0, 10, 259.78
1735557090, 35, 27, 76, 0, 0, 0.06%, 9, 0, 10, 260.03
1735557095, 35, 30, 76, 0, 0, 0.06%, 9, 0, 10, 261.13
1735557106, 35, 44, 76, 0, 0, 0.06%, 9, 0, 10, 278.43
1735557116, 36, 10, 76, 0, 0, 0.06%, 9, 0, 10, 276.10
1735557121, 36, 11, 76, 0, 0, 0.06%, 9, 0, 10, 271.12
1735557126, 36, 12, 76, 0, 0, 0.06%, 9, 0, 10, 272.91
1735557131, 36, 13, 76, 0, 0, 0.06%, 9, 0, 10, 265.25
1735557136, 36, 14, 76, 0, 0, 0.06%, 9, 0, 10, 271.37
1735557141, 36, 17, 76, 0, 0, 0.06%, 9, 0, 10, 280.18
1735557146, 36, 22, 76, 0, 0, 0.06%, 9, 0, 10, 286.95
1735557151, 36, 27, 76, 0, 0, 0.06%, 9, 0, 10, 260.68
1735557156, 36, 30, 76, 0, 0, 0.06%, 9, 0, 10, 280.08
1735557161, 36, 34, 76, 0, 0, 0.06%, 9, 0, 10, 314.30
1735557172, 36, 39, 76, 0, 0, 0.06%, 9, 0, 10, 268.84
1735557177, 36, 55, 76, 0, 0, 0.06%, 9, 0, 10, 281.76
1735557182, 37, 12, 76, 0, 0, 0.06%, 9, 0, 10, 266.26
1735557187, 37, 13, 76, 0, 0, 0.06%, 9, 0, 10, 271.34
1735557197, 37, 17, 76, 0, 0, 0.06%, 9, 0, 10, 253.97
1735557207, 37, 22, 76, 0, 0, 0.06%, 9, 0, 10, 256.56
1735557212, 37, 27, 76, 0, 0, 0.06%, 9, 0, 10, 269.60
1735557217, 37, 30, 76, 0, 0, 0.06%, 9, 0, 10, 259.15
1735557222, 37, 48, 76, 0, 0, 0.06%, 9, 0, 10, 278.81
1735557227, 37, 65, 76, 0, 0, 0.06%, 9, 0, 10, 272.86
1735557237, 37, 70, 76, 0, 0, 0.06%, 9, 0, 10, 340.90
1735557247, 38, 11, 76, 0, 0, 0.06%, 9, 0, 10, 277.33
1735557252, 38, 12, 76, 0, 0, 0.06%, 9, 0, 10, 259.45
1735557257, 38, 13, 76, 0, 0, 0.06%, 9, 0, 10, 254.15
1735557262, 38, 14, 76, 0, 0, 0.06%, 9, 0, 10, 252.82
1735557267, 38, 16, 76, 0, 0, 0.06%, 9, 0, 10, 269.08
1735557273, 38, 17, 76, 0, 0, 0.06%, 9, 0, 10, 253.80
1735557278, 38, 22, 76, 0, 0, 0.06%, 9, 0, 10, 263.52
1735557283, 38, 27, 76, 0, 0, 0.06%, 9, 0, 10, 266.97
1735557288, 38, 30, 76, 0, 0, 0.06%, 9, 0, 10, 262.14
1735557298, 38, 49, 76, 0, 0, 0.06%, 9, 0, 10, 266.27
1735557303, 38, 55, 76, 0, 0, 0.06%, 9, 0, 10, 287.54
1735557308, 38, 63, 76, 0, 0, 0.06%, 9, 0, 10, 305.80
1735557313, 38, 69, 76, 0, 0, 0.06%, 9, 0, 10, 307.07
1735557323, 39, 12, 76, 0, 0, 0.06%, 9, 0, 10, 257.20
1735557328, 39, 13, 76, 0, 0, 0.06%, 9, 0, 10, 257.53
1735557333, 39, 14, 76, 0, 0, 0.06%, 9, 0, 10, 251.61
1735557339, 39, 17, 76, 0, 0, 0.06%, 9, 0, 10, 248.83
1735557349, 39, 22, 76, 0, 0, 0.06%, 9, 0, 10, 267.68
1735557354, 39, 27, 76, 0, 0, 0.06%, 9, 0, 10, 271.96
1735557359, 39, 30, 76, 0, 0, 0.06%, 9, 0, 10, 262.48
1735557364, 39, 38, 76, 0, 0, 0.06%, 9, 0, 10, 274.34
1735557374, 39, 51, 76, 0, 0, 0.06%, 9, 0, 10, 272.24
1735557379, 39, 58, 76, 0, 0, 0.06%, 9, 0, 10, 271.69
1735557384, 39, 61, 76, 0, 0, 0.06%, 9, 0, 10, 279.08
1735557394, 39, 68, 76, 0, 0, 0.06%, 9, 0, 10, 298.68
1735557404, 40, 11, 76, 0, 0, 0.06%, 9, 0, 10, 276.53
1735557409, 40, 12, 76, 0, 0, 0.06%, 9, 0, 10, 257.64
1735557414, 40, 13, 76, 0, 0, 0.06%, 9, 0, 10, 250.83
1735557419, 40, 14, 76, 0, 0, 0.06%, 9, 0, 10, 246.77
1735557424, 40, 17, 76, 0, 0, 0.06%, 9, 0, 10, 240.56
1735557429, 40, 22, 76, 0, 0, 0.06%, 9, 0, 10, 265.95
1735557434, 40, 27, 76, 0, 0, 0.06%, 9, 0, 10, 259.58
1735557440, 40, 28, 76, 0, 0, 0.06%, 9, 0, 10, 290.30
1735557450, 40, 30, 76, 0, 0, 0.06%, 9, 0, 10, 259.68
1735557455, 40, 40, 76, 0, 0, 0.06%, 9, 0, 10, 283.23
1735557465, 40, 42, 76, 0, 0, 0.06%, 9, 0, 10, 287.59
1735557470, 40, 45, 76, 0, 0, 0.06%, 9, 0, 10, 288.50
1735557475, 40, 49, 76, 0, 0, 0.06%, 9, 0, 10, 286.52
1735557480, 41, 11, 76, 0, 0, 0.06%, 9, 0, 10, 267.58
1735557485, 41, 12, 76, 0, 0, 0.06%, 9, 0, 10, 263.35
1735557490, 41, 13, 76, 0, 0, 0.06%, 9, 0, 10, 260.54
1735557495, 41, 14, 76, 0, 0, 0.06%, 9, 0, 10, 265.65
1735557501, 41, 17, 76, 0, 0, 0.06%, 9, 0, 10, 260.29
1735557506, 41, 22, 76, 0, 0, 0.06%, 9, 0, 10, 262.76
1735557511, 41, 27, 76, 0, 0, 0.06%, 9, 0, 10, 264.00
1735557516, 41, 30, 76, 0, 0, 0.06%, 9, 0, 10, 262.02
1735557521, 41, 58, 76, 0, 0, 0.06%, 9, 0, 10, 286.48
1735557526, 41, 72, 76, 0, 0, 0.06%, 9, 0, 10, 291.82
1735557536, 42, 12, 76, 0, 0, 0.06%, 9, 0, 10, 267.97
1735557541, 42, 13, 76, 0, 0, 0.06%, 9, 0, 10, 264.62
1735557552, 42, 14, 76, 0, 0, 0.06%, 9, 0, 10, 254.90
1735557557, 42, 17, 76, 0, 0, 0.06%, 9, 0, 10, 263.98
1735557562, 42, 22, 76, 0, 0, 0.06%, 9, 0, 10, 278.98
1735557567, 42, 27, 76, 0, 0, 0.06%, 9, 0, 10, 267.01
1735557572, 42, 30, 76, 0, 0, 0.06%, 9, 0, 10, 258.88
1735557577, 42, 37, 76, 0, 0, 0.06%, 9, 0, 10, 275.40
1735557587, 42, 40, 76, 0, 0, 0.06%, 9, 0, 10, 287.45
1735557592, 42, 44, 76, 0, 0, 0.06%, 9, 0, 10, 275.88
1735557598, 42, 52, 76, 0, 0, 0.06%, 9, 0, 10, 276.42
1735557603, 42, 53, 76, 0, 0, 0.06%, 9, 0, 10, 277.94
1735557608, 42, 72, 76, 0, 0, 0.06%, 9, 0, 10, 290.88
1735557618, 43, 11, 76, 0, 0, 0.06%, 9, 0, 10, 254.17
1735557623, 43, 12, 76, 0, 0, 0.06%, 9, 0, 10, 258.24
1735557628, 43, 13, 76, 0, 0, 0.06%, 9, 0, 10, 247.21
1735557633, 43, 14, 76, 0, 0, 0.06%, 9, 0, 10, 246.84
1735557638, 43, 17, 76, 0, 0, 0.06%, 9, 0, 10, 242.62
1735557643, 43, 22, 76, 0, 0, 0.06%, 9, 0, 10, 268.24
1735557648, 43, 27, 76, 0, 0, 0.06%, 9, 0, 10, 258.92
1735557653, 43, 30, 76, 0, 0, 0.06%, 9, 0, 10, 258.89
1735557664, 43, 33, 76, 0, 0, 0.06%, 9, 0, 10, 295.93
1735557669, 43, 36, 76, 0, 0, 0.06%, 9, 0, 10, 299.23
1735557679, 43, 73, 76, 0, 0, 0.06%, 9, 0, 10, 267.58
1735557704, 44, 12, 76, 0, 0, 0.06%, 9, 0, 10, 268.92
1735557709, 44, 13, 76, 0, 0, 0.06%, 9, 0, 10, 264.86
1735557715, 44, 14, 76, 0, 0, 0.06%, 9, 0, 10, 266.47
1735557720, 44, 17, 76, 0, 0, 0.06%, 9, 0, 10, 279.37
1735557725, 44, 22, 76, 0, 0, 0.06%, 9, 0, 10, 268.51
1735557730, 44, 25, 76, 0, 0, 0.06%, 9, 0, 10, 271.97
1735557740, 44, 27, 76, 0, 0, 0.06%, 9, 0, 10, 272.12
1735557745, 44, 30, 76, 0, 0, 0.06%, 9, 0, 10, 267.52
1735557750, 44, 35, 76, 0, 0, 0.06%, 9, 0, 10, 283.02
1735557761, 44, 50, 76, 0, 0, 0.06%, 9, 0, 10, 283.39
1735557766, 44, 67, 76, 0, 0, 0.06%, 9, 0, 10, 273.04
1735557776, 45, 11, 76, 0, 0, 0.06%, 9, 0, 10, 274.90
1735557781, 45, 12, 76, 0, 0, 0.06%, 9, 0, 10, 248.02
1735557786, 45, 13, 76, 0, 0, 0.06%, 9, 0, 10, 254.54
1735557791, 45, 14, 76, 0, 0, 0.06%, 9, 0, 10, 264.04
1735557796, 45, 17, 76, 0, 0, 0.06%, 9, 0, 10, 250.87
1735557801, 45, 21, 76, 0, 0, 0.06%, 9, 0, 10, 260.10
1735557811, 45, 22, 76, 0, 0, 0.06%, 9, 0, 10, 265.68
1735557816, 45, 25, 76, 0, 0, 0.06%, 9, 0, 10, 257.33
1735557831, 45, 27, 76, 0, 0, 0.06%, 9, 0, 10, 278.12
1735557836, 45, 30, 76, 0, 0, 0.06%, 9, 0, 10, 275.81
1735557842, 45, 40, 76, 0, 0, 0.06%, 9, 0, 10, 263.30
1735557847, 45, 54, 76, 0, 0, 0.06%, 9, 0, 10, 271.62
1735557852, 45, 57, 76, 0, 0, 0.06%, 9, 0, 10, 270.46
1735557857, 46, 11, 76, 0, 0, 0.06%, 9, 0, 10, 271.59
1735557862, 46, 12, 76, 0, 0, 0.06%, 9, 0, 10, 255.84
1735557867, 46, 13, 76, 0, 0, 0.06%, 9, 0, 10, 253.91
1735557872, 46, 14, 76, 0, 0, 0.06%, 9, 0, 10, 262.06
1735557877, 46, 17, 76, 0, 0, 0.06%, 9, 0, 10, 255.63
1735557882, 46, 22, 76, 0, 0, 0.06%, 9, 0, 10, 262.72
1735557888, 46, 25, 76, 0, 0, 0.06%, 9, 0, 10, 268.47
1735557893, 46, 27, 76, 0, 0, 0.06%, 9, 0, 10, 249.79
1735557898, 46, 30, 76, 0, 0, 0.06%, 9, 0, 10, 265.52
1735557903, 46, 39, 76, 0, 0, 0.06%, 9, 0, 10, 258.27
1735557913, 46, 42, 76, 0, 0, 0.06%, 9, 0, 10, 257.52
1735557918, 46, 44, 76, 0, 0, 0.06%, 9, 0, 10, 272.88
1735557923, 46, 66, 76, 0, 0, 0.06%, 9, 0, 10, 306.78
1735557928, 47, 11, 76, 0, 0, 0.06%, 9, 0, 10, 271.65
1735557933, 47, 12, 76, 0, 0, 0.06%, 9, 0, 10, 269.41
1735557938, 47, 13, 76, 0, 0, 0.06%, 9, 0, 10, 264.58
1735557943, 47, 14, 76, 0, 0, 0.06%, 9, 0, 10, 257.90
1735557948, 47, 17, 76, 0, 0, 0.06%, 9, 0, 10, 247.82
1735557953, 47, 22, 76, 0, 0, 0.06%, 9, 0, 10, 256.33
1735557958, 47, 23, 76, 0, 0, 0.06%, 9, 0, 10, 264.15
1735557973, 47, 27, 76, 0, 0, 0.06%, 9, 0, 10, 273.46
1735557979, 47, 30, 76, 0, 0, 0.06%, 9, 0, 10, 263.69
1735557984, 47, 45, 76, 0, 0, 0.06%, 9, 0, 10, 279.37
1735557989, 47, 67, 76, 0, 0, 0.06%, 9, 0, 10, 279.00
1735557994, 48, 11, 76, 0, 0, 0.06%, 9, 0, 10, 254.29
1735557999, 48, 12, 76, 0, 0, 0.06%, 9, 0, 10, 252.07
1735558004, 48, 13, 76, 0, 0, 0.06%, 9, 0, 10, 263.86
1735558009, 48, 14, 76, 0, 0, 0.06%, 9, 0, 10, 255.07
1735558014, 48, 17, 76, 0, 0, 0.06%, 9, 0, 10, 263.68
1735558019, 48, 22, 76, 0, 0, 0.06%, 9, 0, 10, 264.35
1735558024, 48, 27, 76, 0, 0, 0.06%, 9, 0, 10, 246.12
1735558029, 48, 30, 76, 0, 0, 0.06%, 9, 0, 10, 266.44
1735558034, 48, 55, 76, 0, 0, 0.06%, 9, 0, 10, 266.31
1735558039, 48, 63, 76, 0, 0, 0.06%, 9, 0, 10, 298.84
1735558049, 49, 12, 76, 0, 0, 0.06%, 9, 0, 10, 253.52
1735558055, 49, 13, 76, 0, 0, 0.06%, 9, 0, 10, 258.55
1735558060, 49, 14, 76, 0, 0, 0.06%, 9, 0, 10, 250.55
1735558065, 49, 17, 76, 0, 0, 0.06%, 9, 0, 10, 255.83
1735558070, 49, 20, 76, 0, 0, 0.06%, 9, 0, 10, 257.22
1735558080, 49, 22, 76, 0, 0, 0.06%, 9, 0, 10, 275.07
1735558085, 49, 27, 76, 0, 0, 0.06%, 9, 0, 10, 276.62
1735558095, 49, 30, 76, 0, 0, 0.06%, 9, 0, 10, 253.84
1735558100, 49, 55, 76, 0, 0, 0.06%, 9, 0, 10, 287.79
1735558105, 49, 61, 76, 0, 0, 0.06%, 9, 0, 10, 279.03
1735558110, 49, 62, 76, 0, 0, 0.06%, 9, 0, 10, 279.36
1735558115, 50, 12, 76, 0, 0, 0.06%, 9, 0, 10, 263.68
1735558120, 50, 13, 76, 0, 0, 0.06%, 9, 0, 10, 248.73
1735558126, 50, 14, 76, 0, 0, 0.06%, 9, 0, 10, 260.33
1735558136, 50, 17, 76, 0, 0, 0.06%, 9, 0, 10, 257.79
1735558141, 50, 18, 76, 0, 0, 0.06%, 9, 0, 10, 264.72
1735558151, 50, 22, 76, 0, 0, 0.06%, 9, 0, 10, 264.04
1735558156, 50, 24, 76, 0, 0, 0.06%, 9, 0, 10, 263.62
1735558161, 50, 25, 76, 0, 0, 0.06%, 9, 0, 10, 258.42
1735558166, 50, 27, 76, 0, 0, 0.06%, 9, 0, 10, 282.29
1735558171, 50, 30, 76, 0, 0, 0.06%, 9, 0, 10, 272.30
1735558176, 50, 46, 76, 0, 0, 0.06%, 9, 0, 10, 262.48
1735558181, 51, 12, 76, 0, 0, 0.06%, 9, 0, 10, 251.20
1735558186, 51, 13, 76, 0, 0, 0.06%, 9, 0, 10, 264.45
1735558196, 51, 17, 76, 0, 0, 0.06%, 9, 0, 10, 271.25
1735558207, 51, 22, 76, 0, 0, 0.06%, 9, 0, 10, 265.46
1735558212, 51, 27, 76, 0, 0, 0.06%, 9, 0, 10, 268.27
1735558217, 51, 29, 76, 0, 0, 0.06%, 9, 0, 10, 277.54
1735558222, 51, 30, 76, 0, 0, 0.06%, 9, 0, 10, 258.52
1735558227, 51, 40, 76, 0, 0, 0.06%, 9, 0, 10, 277.17
1735558232, 51, 44, 76, 0, 0, 0.06%, 9, 0, 10, 289.97
1735558237, 51, 49, 76, 0, 0, 0.06%, 9, 0, 10, 276.02
1735558242, 51, 55, 76, 0, 0, 0.06%, 9, 0, 10, 287.45
1735558247, 51, 61, 76, 0, 0, 0.06%, 9, 0, 10, 285.93
1735558252, 52, 11, 76, 0, 0, 0.06%, 9, 0, 10, 262.42
1735558257, 52, 12, 76, 0, 0, 0.06%, 9, 0, 10, 261.64
1735558262, 52, 13, 76, 0, 0, 0.06%, 9, 0, 10, 260.87
1735558267, 52, 14, 76, 0, 0, 0.06%, 9, 0, 10, 262.69
1735558272, 52, 17, 76, 0, 0, 0.06%, 9, 0, 10, 275.75
1735558277, 52, 22, 76, 0, 0, 0.06%, 9, 0, 10, 268.65
1735558282, 52, 27, 76, 0, 0, 0.06%, 9, 0, 10, 270.59
1735558288, 52, 30, 76, 0, 0, 0.06%, 9, 0, 10, 256.55
1735558293, 52, 58, 76, 0, 0, 0.06%, 9, 0, 10, 283.34
