# unix_time, cycles_done, cur_path, paths_total, pending_total, pending_favs, map_size, unique_crashes, unique_hangs, max_depth, execs_per_sec
1735179678, 0, 0, 10, 10, 1, 0.00%, 0, 0, 1, 154.44
1735179683, 0, 4, 10, 10, 1, 0.00%, 0, 0, 1, 188.58
1735179688, 0, 5, 10, 9, 0, 0.00%, 0, 0, 1, 195.29
1735179699, 0, 6, 10, 8, 0, 0.00%, 0, 0, 1, 191.96
1735179704, 0, 7, 10, 7, 0, 0.00%, 0, 0, 1, 178.87
1735179714, 0, 8, 10, 6, 0, 0.00%, 0, 0, 1, 191.75
1735179719, 0, 9, 10, 5, 0, 0.00%, 0, 0, 1, 177.99
1735179730, 1, 0, 10, 4, 0, 0.00%, 0, 0, 1, 192.65
1735179740, 1, 1, 10, 3, 0, 0.00%, 0, 0, 1, 192.47
1735179750, 1, 2, 10, 2, 0, 0.00%, 0, 0, 1, 190.48
1735179760, 1, 3, 10, 1, 0, 0.00%, 0, 0, 1, 192.84
1735179771, 1, 4, 10, 0, 0, 0.00%, 0, 0, 1, 194.80
1735179776, 1, 6, 10, 0, 0, 0.00%, 0, 0, 1, 188.49
1735179781, 1, 7, 10, 0, 0, 0.00%, 0, 0, 1, 190.29
1735179786, 1, 8, 10, 0, 0, 0.00%, 0, 0, 1, 192.47
1735179792, 2, 0, 10, 0, 0, 0.00%, 0, 0, 1, 191.19
1735179797, 2, 1, 10, 0, 0, 0.00%, 0, 0, 1, 194.61
1735179802, 2, 2, 10, 0, 0, 0.00%, 0, 0, 1, 189.97
1735179807, 2, 4, 10, 0, 0, 0.00%, 0, 0, 1, 189.32
1735179812, 2, 5, 10, 0, 0, 0.00%, 0, 0, 1, 190.26
1735179817, 2, 6, 10, 0, 0, 0.00%, 0, 0, 1, 190.28
1735179822, 2, 8, 10, 0, 0, 0.00%, 0, 0, 1, 189.22
1735179828, 2, 9, 10, 0, 0, 0.00%, 0, 0, 1, 187.91
1735179833, 3, 0, 10, 0, 0, 0.00%, 0, 0, 1, 191.86
1735179838, 3, 2, 10, 0, 0, 0.00%, 0, 0, 1, 188.68
1735179843, 3, 3, 10, 0, 0, 0.00%, 0, 0, 1, 188.69
1735179848, 3, 4, 10, 0, 0, 0.00%, 0, 0, 1, 191.16
1735179853, 3, 6, 10, 0, 0, 0.00%, 0, 0, 1, 190.33
1735179858, 3, 7, 10, 0, 0, 0.00%, 0, 0, 1, 191.09
1735179863, 3, 8, 10, 0, 0, 0.00%, 0, 0, 1, 189.07
1735179868, 4, 0, 10, 0, 0, 0.00%, 0, 0, 1, 187.45
1735179873, 4, 1, 10, 0, 0, 0.00%, 0, 0, 1, 188.15
1735179879, 4, 2, 10, 0, 0, 0.00%, 0, 0, 1, 191.51
1735179884, 4, 4, 10, 0, 0, 0.00%, 0, 0, 1, 190.31
1735179889, 4, 5, 10, 0, 0, 0.00%, 0, 0, 1, 189.90
1735179894, 4, 6, 10, 0, 0, 0.00%, 0, 0, 1, 189.02
1735179899, 4, 8, 10, 0, 0, 0.00%, 0, 0, 1, 190.29
1735179905, 4, 9, 10, 0, 0, 0.00%, 0, 0, 1, 192.44
1735179910, 5, 0, 11, 1, 0, 0.05%, 1, 0, 2, 189.76
1735179915, 5, 10, 12, 2, 1, 0.05%, 2, 0, 3, 210.71
1735179920, 5, 10, 13, 3, 1, 0.05%, 3, 0, 3, 197.17
1735179925, 5, 10, 14, 4, 1, 0.05%, 3, 0, 3, 205.90
1735179950, 5, 10, 15, 5, 1, 0.05%, 3, 0, 3, 206.94
1735179961, 5, 10, 16, 6, 1, 0.05%, 3, 0, 3, 204.96
1735180001, 5, 10, 17, 7, 1, 0.05%, 4, 0, 3, 201.88
1735180026, 5, 10, 18, 8, 1, 0.06%, 5, 0, 3, 201.81
1735180057, 5, 11, 18, 7, 4, 0.06%, 5, 0, 3, 196.69
1735180062, 5, 11, 20, 9, 4, 0.06%, 7, 0, 4, 217.87
1735180067, 5, 11, 21, 10, 4, 0.06%, 7, 0, 4, 209.09
1735180077, 5, 11, 22, 11, 4, 0.06%, 8, 0, 4, 208.35
1735180092, 5, 11, 24, 13, 4, 0.06%, 8, 0, 4, 205.15
1735180103, 5, 11, 25, 14, 4, 0.06%, 8, 0, 4, 208.73
1735180189, 5, 11, 26, 15, 4, 0.06%, 8, 0, 4, 204.22
1735180199, 5, 11, 27, 16, 4, 0.06%, 8, 0, 4, 206.39
1735180224, 5, 11, 30, 19, 4, 0.06%, 8, 0, 4, 231.72
1735180234, 5, 15, 30, 18, 6, 0.06%, 8, 0, 4, 196.91
1735180275, 5, 15, 31, 19, 6, 0.06%, 9, 0, 4, 195.60
1735180280, 5, 16, 31, 18, 6, 0.06%, 9, 0, 4, 222.52
1735180285, 5, 16, 32, 19, 6, 0.06%, 9, 0, 4, 220.92
1735180295, 5, 16, 33, 20, 6, 0.06%, 9, 0, 4, 217.22
1735180300, 5, 16, 34, 21, 6, 0.06%, 9, 0, 4, 215.30
1735180386, 5, 16, 35, 22, 6, 0.06%, 9, 0, 4, 214.68
1735180397, 5, 16, 39, 26, 6, 0.06%, 9, 0, 4, 242.76
1735180407, 5, 17, 39, 25, 5, 0.06%, 9, 0, 4, 256.04
1735180448, 5, 17, 41, 27, 5, 0.06%, 9, 0, 4, 240.79
1735180453, 5, 18, 41, 26, 4, 0.06%, 9, 0, 4, 249.59
1735180478, 5, 18, 42, 27, 4, 0.06%, 9, 0, 5, 215.25
1735180493, 5, 18, 43, 28, 4, 0.06%, 9, 0, 5, 210.45
1735180498, 5, 18, 44, 29, 4, 0.06%, 9, 0, 5, 212.26
1735180605, 5, 18, 45, 30, 4, 0.06%, 9, 0, 5, 253.30
1735180615, 5, 18, 46, 31, 4, 0.06%, 9, 0, 5, 231.25
1735180620, 5, 19, 47, 31, 3, 0.06%, 9, 0, 5, 256.28
1735180676, 5, 21, 47, 30, 2, 0.06%, 9, 0, 5, 257.04
1735180712, 5, 21, 48, 31, 2, 0.06%, 9, 0, 5, 230.45
1735180762, 5, 21, 49, 32, 2, 0.06%, 9, 0, 5, 241.30
1735180767, 5, 30, 49, 31, 1, 0.06%, 9, 0, 5, 258.30
1735180818, 5, 32, 50, 31, 0, 0.06%, 9, 0, 5, 270.97
1735180864, 5, 32, 51, 32, 0, 0.06%, 9, 0, 5, 285.00
1735180889, 5, 32, 52, 33, 0, 0.06%, 9, 0, 5, 283.75
1735180930, 5, 32, 53, 34, 0, 0.06%, 9, 0, 5, 288.36
1735180981, 5, 35, 53, 33, 0, 0.06%, 9, 0, 5, 314.03
1735181032, 5, 44, 53, 32, 0, 0.06%, 9, 0, 5, 257.39
1735181108, 5, 44, 54, 33, 0, 0.06%, 9, 0, 6, 278.63
1735181153, 5, 48, 54, 32, 0, 0.06%, 9, 0, 6, 336.88
1735181164, 5, 48, 55, 33, 0, 0.06%, 9, 0, 6, 258.86
1735181225, 5, 48, 57, 35, 0, 0.06%, 9, 0, 6, 259.29
1735181236, 5, 50, 57, 34, 0, 0.06%, 9, 0, 6, 329.86
1735181317, 5, 53, 58, 34, 0, 0.06%, 9, 0, 7, 338.73
1735181342, 5, 53, 60, 36, 0, 0.06%, 9, 0, 7, 455.37
1735181393, 5, 53, 61, 37, 0, 0.06%, 9, 0, 7, 263.47
1735181464, 5, 55, 61, 36, 0, 0.06%, 9, 0, 7, 281.97
1735181520, 5, 56, 62, 36, 0, 0.06%, 9, 0, 7, 368.38
1735181637, 5, 56, 64, 38, 0, 0.06%, 9, 0, 7, 269.64
1735181642, 6, 11, 64, 37, 0, 0.06%, 9, 0, 7, 247.27
1735181647, 6, 15, 64, 37, 0, 0.06%, 9, 0, 7, 233.26
1735181652, 6, 16, 64, 37, 0, 0.06%, 9, 0, 7, 228.39
1735181657, 6, 17, 64, 37, 0, 0.06%, 9, 0, 7, 241.69
1735181662, 6, 18, 64, 37, 0, 0.06%, 9, 0, 7, 252.19
1735181672, 6, 19, 64, 37, 0, 0.06%, 9, 0, 7, 235.65
1735181687, 6, 21, 64, 37, 0, 0.06%, 9, 0, 7, 252.79
1735181698, 6, 24, 64, 37, 0, 0.06%, 9, 0, 7, 397.05
1735181754, 6, 26, 64, 36, 0, 0.06%, 9, 0, 7, 295.01
1735181815, 6, 29, 64, 35, 0, 0.06%, 9, 0, 7, 270.91
1735181860, 6, 30, 64, 34, 0, 0.06%, 9, 0, 7, 242.94
1735181875, 6, 31, 64, 34, 0, 0.06%, 9, 0, 7, 259.17
1735181926, 6, 32, 64, 33, 0, 0.06%, 9, 0, 7, 278.88
1735181936, 6, 36, 64, 33, 0, 0.06%, 9, 0, 7, 385.24
1735181992, 6, 38, 64, 32, 0, 0.06%, 9, 0, 7, 285.12
1735182042, 6, 40, 64, 31, 0, 0.06%, 9, 0, 7, 419.16
1735182093, 6, 45, 64, 30, 0, 0.06%, 9, 0, 7, 391.92
1735182149, 6, 50, 64, 29, 0, 0.06%, 9, 0, 7, 295.75
1735182159, 7, 11, 64, 29, 0, 0.06%, 9, 0, 7, 261.60
1735182164, 7, 14, 64, 29, 0, 0.06%, 9, 0, 7, 338.80
1735182174, 7, 14, 65, 30, 0, 0.06%, 9, 0, 7, 271.49
1735182205, 7, 15, 65, 29, 0, 0.06%, 9, 0, 7, 259.58
1735182210, 7, 17, 65, 29, 0, 0.06%, 9, 0, 7, 261.04
1735182215, 7, 18, 65, 29, 0, 0.06%, 9, 0, 7, 256.41
1735182220, 7, 19, 65, 29, 0, 0.06%, 9, 0, 7, 243.25
1735182225, 7, 21, 65, 29, 0, 0.06%, 9, 0, 7, 261.74
1735182230, 7, 28, 65, 29, 0, 0.06%, 9, 0, 7, 354.80
1735182281, 7, 30, 65, 28, 0, 0.06%, 9, 0, 7, 263.31
1735182286, 7, 41, 65, 28, 0, 0.06%, 9, 0, 7, 386.99
1735182337, 7, 45, 65, 27, 0, 0.06%, 9, 0, 7, 264.42
1735182352, 7, 51, 65, 27, 0, 0.06%, 9, 0, 7, 352.52
1735182418, 7, 51, 66, 28, 0, 0.06%, 9, 0, 7, 300.67
1735182479, 7, 58, 66, 27, 0, 0.06%, 9, 0, 7, 276.07
1735182596, 7, 59, 66, 26, 0, 0.06%, 9, 0, 7, 272.02
1735182718, 7, 62, 66, 25, 0, 0.06%, 9, 0, 7, 336.46
1735182789, 8, 11, 66, 24, 0, 0.06%, 9, 0, 7, 257.84
1735182794, 8, 16, 66, 24, 0, 0.06%, 9, 0, 7, 259.22
1735182799, 8, 18, 66, 24, 0, 0.06%, 9, 0, 7, 248.31
1735182805, 8, 19, 66, 24, 0, 0.06%, 9, 0, 7, 257.21
1735182815, 8, 21, 66, 24, 0, 0.06%, 9, 0, 7, 263.93
1735182820, 8, 23, 66, 24, 0, 0.06%, 9, 0, 7, 288.72
1735182866, 8, 30, 66, 23, 0, 0.06%, 9, 0, 7, 251.64
1735182871, 8, 42, 66, 23, 0, 0.06%, 9, 0, 7, 286.82
1735182927, 8, 43, 66, 22, 0, 0.06%, 9, 0, 7, 266.57
1735182977, 8, 46, 66, 21, 0, 0.06%, 9, 0, 7, 285.12
1735183028, 8, 47, 66, 20, 0, 0.06%, 9, 0, 7, 317.69
1735183033, 8, 47, 68, 22, 0, 0.06%, 9, 0, 7, 370.13
1735183232, 8, 54, 68, 21, 0, 0.06%, 9, 0, 7, 272.62
1735183323, 8, 62, 68, 20, 0, 0.06%, 9, 0, 7, 294.03
1735183333, 8, 63, 68, 20, 0, 0.06%, 9, 0, 7, 406.10
1735183403, 8, 67, 68, 19, 0, 0.06%, 9, 0, 7, 325.98
1735183515, 9, 11, 68, 18, 0, 0.06%, 9, 0, 7, 255.71
1735183520, 9, 16, 68, 18, 0, 0.06%, 9, 0, 7, 248.92
1735183525, 9, 18, 68, 18, 0, 0.06%, 9, 0, 7, 251.32
1735183535, 9, 19, 68, 18, 0, 0.06%, 9, 0, 7, 255.12
1735183540, 9, 21, 68, 18, 0, 0.06%, 9, 0, 7, 254.92
1735183545, 9, 25, 68, 18, 0, 0.06%, 9, 0, 7, 275.47
1735183591, 9, 30, 68, 17, 0, 0.06%, 9, 0, 7, 250.56
1735183596, 9, 35, 68, 17, 0, 0.06%, 9, 0, 7, 266.00
1735183612, 9, 60, 68, 17, 0, 0.06%, 9, 0, 7, 345.80
1735183810, 9, 61, 68, 16, 0, 0.06%, 9, 0, 7, 371.33
1735183932, 9, 63, 68, 15, 0, 0.06%, 9, 0, 7, 279.31
1735183942, 10, 11, 68, 15, 0, 0.06%, 9, 0, 7, 275.98
1735183947, 10, 16, 68, 15, 0, 0.06%, 9, 0, 7, 256.55
1735183952, 10, 17, 68, 15, 0, 0.06%, 9, 0, 7, 250.15
1735183957, 10, 18, 68, 15, 0, 0.06%, 9, 0, 7, 240.45
1735183962, 10, 19, 68, 15, 0, 0.06%, 9, 0, 7, 249.00
1735183967, 10, 21, 68, 15, 0, 0.06%, 9, 0, 7, 261.68
1735183972, 10, 30, 68, 15, 0, 0.06%, 9, 0, 7, 263.67
1735183977, 10, 36, 68, 15, 0, 0.06%, 9, 0, 7, 273.55
1735183988, 10, 49, 68, 15, 0, 0.06%, 9, 0, 7, 349.56
1735184038, 10, 58, 68, 14, 0, 0.06%, 9, 0, 7, 286.16
1735184043, 10, 58, 69, 15, 0, 0.06%, 9, 0, 8, 251.83
1735184049, 10, 64, 69, 15, 0, 0.06%, 9, 0, 8, 361.18
1735184084, 10, 64, 70, 16, 0, 0.06%, 9, 0, 8, 432.38
1735184287, 10, 66, 70, 15, 0, 0.06%, 9, 0, 8, 266.26
1735184399, 11, 13, 70, 14, 0, 0.06%, 9, 0, 8, 258.71
1735184430, 11, 16, 70, 13, 0, 0.06%, 9, 0, 8, 256.46
1735184435, 11, 18, 70, 13, 0, 0.06%, 9, 0, 8, 260.90
1735184440, 11, 19, 70, 13, 0, 0.06%, 9, 0, 8, 258.70
1735184445, 11, 21, 70, 13, 0, 0.06%, 9, 0, 8, 260.69
1735184450, 11, 27, 70, 13, 0, 0.06%, 9, 0, 8, 275.24
1735184506, 11, 30, 70, 12, 0, 0.06%, 9, 0, 8, 268.14
1735184511, 11, 50, 70, 12, 0, 0.06%, 9, 0, 8, 268.24
1735184521, 11, 69, 70, 12, 0, 0.06%, 9, 0, 8, 373.69
1735184643, 12, 11, 70, 11, 0, 0.06%, 9, 0, 8, 257.96
1735184648, 12, 14, 70, 11, 0, 0.06%, 9, 0, 8, 264.36
1735184653, 12, 16, 70, 11, 0, 0.06%, 9, 0, 8, 251.75
1735184658, 12, 17, 70, 11, 0, 0.06%, 9, 0, 8, 257.36
1735184663, 12, 18, 70, 11, 0, 0.06%, 9, 0, 8, 274.06
1735184668, 12, 19, 70, 11, 0, 0.06%, 9, 0, 8, 260.57
1735184673, 12, 21, 70, 11, 0, 0.06%, 9, 0, 8, 259.07
1735184678, 12, 22, 70, 11, 0, 0.06%, 9, 0, 8, 377.70
1735184734, 12, 24, 70, 10, 0, 0.06%, 9, 0, 8, 276.08
1735184744, 12, 30, 70, 10, 0, 0.06%, 9, 0, 8, 256.56
1735184749, 12, 45, 70, 10, 0, 0.06%, 9, 0, 8, 260.41
1735184754, 12, 52, 70, 10, 0, 0.06%, 9, 0, 8, 289.96
1735184918, 12, 58, 70, 9, 0, 0.06%, 9, 0, 8, 279.03
1735184923, 12, 65, 70, 9, 0, 0.06%, 9, 0, 8, 312.21
1735184928, 12, 65, 71, 10, 0, 0.06%, 9, 0, 8, 397.42
1735185029, 12, 66, 71, 9, 0, 0.06%, 9, 0, 8, 293.96
1735185050, 12, 68, 71, 9, 0, 0.06%, 9, 0, 8, 366.37
1735185197, 13, 11, 71, 8, 0, 0.06%, 9, 0, 8, 259.17
1735185202, 13, 16, 71, 8, 0, 0.06%, 9, 0, 8, 254.65
1735185207, 13, 18, 71, 8, 0, 0.06%, 9, 0, 8, 242.23
1735185212, 13, 19, 71, 8, 0, 0.06%, 9, 0, 8, 249.73
1735185217, 13, 20, 71, 8, 0, 0.06%, 9, 0, 8, 260.63
1735185273, 13, 21, 71, 7, 0, 0.06%, 9, 0, 8, 257.11
1735185278, 13, 30, 71, 7, 0, 0.06%, 9, 0, 8, 251.28
1735185283, 13, 32, 71, 7, 0, 0.06%, 9, 0, 8, 292.54
1735185288, 13, 54, 71, 7, 0, 0.06%, 9, 0, 8, 290.43
1735185299, 14, 12, 71, 7, 0, 0.06%, 9, 0, 8, 280.75
1735185334, 14, 16, 71, 6, 0, 0.06%, 9, 0, 8, 256.14
1735185339, 14, 18, 71, 6, 0, 0.06%, 9, 0, 8, 261.07
1735185349, 14, 19, 71, 6, 0, 0.06%, 9, 0, 8, 256.11
1735185354, 14, 21, 71, 6, 0, 0.06%, 9, 0, 8, 269.30
1735185360, 14, 30, 71, 6, 0, 0.06%, 9, 0, 8, 280.91
1735185365, 15, 14, 71, 6, 0, 0.06%, 9, 0, 8, 266.84
1735185370, 15, 16, 71, 6, 0, 0.06%, 9, 0, 8, 242.12
1735185375, 15, 18, 71, 6, 0, 0.06%, 9, 0, 8, 249.57
1735185380, 15, 19, 71, 6, 0, 0.06%, 9, 0, 8, 249.56
1735185390, 15, 21, 72, 7, 0, 0.06%, 9, 0, 8, 271.08
1735185395, 15, 30, 72, 7, 0, 0.06%, 9, 0, 8, 276.16
1735185400, 15, 36, 72, 7, 0, 0.06%, 9, 0, 8, 279.13
1735185406, 15, 64, 72, 7, 0, 0.06%, 9, 0, 8, 290.75
1735185416, 15, 70, 72, 7, 0, 0.06%, 9, 0, 8, 333.14
1735185522, 15, 71, 72, 6, 0, 0.06%, 9, 0, 8, 339.22
1735185527, 15, 71, 73, 7, 0, 0.06%, 9, 0, 8, 384.19
1735185736, 15, 72, 73, 6, 0, 0.06%, 9, 0, 8, 326.98
1735185949, 16, 11, 73, 5, 0, 0.06%, 9, 0, 8, 271.00
1735185954, 16, 16, 73, 5, 0, 0.06%, 9, 0, 8, 255.67
1735185959, 16, 18, 73, 5, 0, 0.06%, 9, 0, 8, 249.34
1735185964, 16, 19, 73, 5, 0, 0.06%, 9, 0, 8, 251.93
1735185969, 16, 21, 73, 5, 0, 0.06%, 9, 0, 8, 256.81
1735185979, 16, 22, 73, 5, 0, 0.06%, 9, 0, 8, 254.09
1735185989, 16, 30, 73, 5, 0, 0.06%, 9, 0, 8, 259.98
1735185994, 16, 41, 73, 5, 0, 0.06%, 9, 0, 8, 270.71
1735186005, 16, 42, 73, 5, 0, 0.06%, 9, 0, 8, 261.29
1735186015, 17, 11, 73, 5, 0, 0.06%, 9, 0, 8, 252.73
1735186020, 17, 15, 73, 5, 0, 0.06%, 9, 0, 8, 255.71
1735186025, 17, 17, 73, 5, 0, 0.06%, 9, 0, 8, 247.78
1735186030, 17, 18, 73, 5, 0, 0.06%, 9, 0, 8, 241.22
1735186035, 17, 19, 73, 5, 0, 0.06%, 9, 0, 8, 243.73
1735186040, 17, 21, 73, 5, 0, 0.06%, 9, 0, 8, 248.89
1735186045, 17, 29, 73, 5, 0, 0.06%, 9, 0, 8, 251.38
1735186055, 17, 30, 73, 5, 0, 0.06%, 9, 0, 8, 255.31
1735186060, 17, 39, 73, 5, 0, 0.06%, 9, 0, 8, 339.88
1735186116, 17, 40, 73, 4, 0, 0.06%, 9, 0, 8, 274.49
1735186126, 17, 41, 73, 4, 0, 0.06%, 9, 0, 8, 284.32
1735186132, 17, 69, 73, 4, 0, 0.06%, 9, 0, 8, 278.65
1735186152, 18, 11, 73, 4, 0, 0.06%, 9, 0, 8, 254.45
1735186157, 18, 16, 73, 4, 0, 0.06%, 9, 0, 8, 254.12
1735186162, 18, 18, 73, 4, 0, 0.06%, 9, 0, 8, 263.38
1735186172, 18, 19, 73, 4, 0, 0.06%, 9, 0, 8, 263.17
1735186177, 18, 21, 73, 4, 0, 0.06%, 9, 0, 8, 261.10
1735186183, 18, 30, 73, 4, 0, 0.06%, 9, 0, 8, 252.82
1735186188, 18, 33, 73, 4, 0, 0.06%, 9, 0, 8, 365.41
1735186238, 18, 44, 73, 3, 0, 0.06%, 9, 0, 8, 249.71
1735186248, 19, 7, 73, 3, 0, 0.06%, 9, 0, 8, 258.73
1735186253, 19, 10, 73, 3, 0, 0.06%, 9, 0, 8, 245.26
1735186259, 19, 15, 73, 3, 0, 0.06%, 9, 0, 8, 239.41
1735186264, 19, 17, 73, 3, 0, 0.06%, 9, 0, 8, 255.02
1735186269, 19, 18, 73, 3, 0, 0.06%, 9, 0, 8, 249.69
1735186274, 19, 19, 73, 3, 0, 0.06%, 9, 0, 8, 245.17
1735186279, 19, 21, 73, 3, 0, 0.06%, 9, 0, 8, 250.90
1735186284, 19, 30, 73, 3, 0, 0.06%, 9, 0, 8, 255.57
1735186289, 19, 34, 73, 3, 0, 0.06%, 9, 0, 8, 292.20
1735186340, 19, 37, 73, 2, 0, 0.06%, 9, 0, 8, 321.85
1735186452, 19, 43, 73, 1, 0, 0.06%, 9, 0, 8, 251.08
1735186462, 19, 58, 73, 1, 0, 0.06%, 9, 0, 8, 285.52
1735186467, 19, 64, 73, 1, 0, 0.06%, 9, 0, 8, 295.24
1735186477, 19, 69, 73, 1, 0, 0.06%, 9, 0, 8, 274.62
1735186487, 20, 11, 73, 1, 0, 0.06%, 9, 0, 8, 241.90
1735186492, 20, 16, 73, 1, 0, 0.06%, 9, 0, 8, 246.87
1735186497, 20, 18, 73, 1, 0, 0.06%, 9, 0, 8, 245.23
1735186507, 20, 19, 73, 1, 0, 0.06%, 9, 0, 8, 257.21
1735186512, 20, 21, 73, 1, 0, 0.06%, 9, 0, 8, 257.35
1735186517, 20, 30, 73, 1, 0, 0.06%, 9, 0, 8, 249.90
1735186522, 20, 32, 73, 1, 0, 0.06%, 9, 0, 8, 264.39
1735186527, 20, 49, 73, 1, 0, 0.06%, 9, 0, 8, 270.84
1735186537, 20, 53, 73, 1, 0, 0.06%, 9, 0, 8, 302.23
1735186547, 20, 59, 73, 1, 0, 0.06%, 9, 0, 8, 271.93
1735186558, 20, 60, 73, 1, 0, 0.06%, 9, 0, 8, 298.08
1735186568, 20, 69, 73, 1, 0, 0.06%, 9, 0, 8, 267.60
1735186578, 21, 10, 73, 1, 0, 0.06%, 9, 0, 8, 257.95
1735186583, 21, 15, 73, 1, 0, 0.06%, 9, 0, 8, 250.32
1735186588, 21, 17, 73, 1, 0, 0.06%, 9, 0, 8, 247.57
1735186593, 21, 18, 73, 1, 0, 0.06%, 9, 0, 8, 254.71
1735186598, 21, 19, 73, 1, 0, 0.06%, 9, 0, 8, 257.80
1735186603, 21, 21, 73, 1, 0, 0.06%, 9, 0, 8, 254.27
1735186608, 21, 29, 73, 1, 0, 0.06%, 9, 0, 8, 258.20
1735186613, 21, 30, 73, 1, 0, 0.06%, 9, 0, 8, 255.47
1735186618, 21, 31, 73, 1, 0, 0.06%, 9, 0, 8, 270.93
1735186629, 21, 32, 73, 1, 0, 0.06%, 9, 0, 8, 265.00
1735186634, 21, 41, 73, 1, 0, 0.06%, 9, 0, 8, 269.08
1735186639, 21, 46, 73, 1, 0, 0.06%, 9, 0, 8, 277.60
1735186654, 21, 63, 73, 1, 0, 0.06%, 9, 0, 8, 278.69
1735186659, 21, 72, 73, 1, 0, 0.06%, 9, 0, 8, 335.73
1735186674, 22, 7, 73, 1, 0, 0.06%, 9, 0, 8, 276.59
1735186679, 22, 13, 73, 1, 0, 0.06%, 9, 0, 8, 256.30
1735186684, 22, 15, 73, 1, 0, 0.06%, 9, 0, 8, 245.41
1735186689, 22, 17, 73, 1, 0, 0.06%, 9, 0, 8, 266.00
1735186694, 22, 18, 73, 1, 0, 0.06%, 9, 0, 8, 246.72
1735186700, 22, 19, 73, 1, 0, 0.06%, 9, 0, 8, 246.12
1735186705, 22, 21, 73, 1, 0, 0.06%, 9, 0, 8, 263.23
1735186710, 22, 30, 73, 1, 0, 0.06%, 9, 0, 8, 257.37
1735186715, 22, 32, 73, 1, 0, 0.06%, 9, 0, 8, 278.34
1735186720, 22, 45, 73, 1, 0, 0.06%, 9, 0, 8, 279.46
1735186725, 22, 53, 73, 1, 0, 0.06%, 9, 0, 8, 259.90
1735186730, 22, 61, 73, 1, 0, 0.06%, 9, 0, 8, 257.86
1735186745, 22, 68, 73, 1, 0, 0.06%, 9, 0, 8, 271.67
1735186776, 22, 70, 73, 1, 0, 0.06%, 9, 0, 8, 286.07
1735186796, 22, 72, 73, 1, 0, 0.06%, 9, 0, 8, 328.25
1735186816, 23, 11, 73, 1, 0, 0.06%, 9, 0, 8, 253.33
1735186821, 23, 16, 73, 1, 0, 0.06%, 9, 0, 8, 247.61
1735186826, 23, 18, 73, 1, 0, 0.06%, 9, 0, 8, 256.09
1735186831, 23, 19, 73, 1, 0, 0.06%, 9, 0, 8, 256.80
1735186836, 23, 21, 73, 1, 0, 0.06%, 9, 0, 8, 252.04
1735186847, 23, 30, 73, 1, 0, 0.06%, 9, 0, 8, 264.28
1735186852, 23, 35, 73, 1, 0, 0.06%, 9, 0, 8, 258.91
1735186857, 23, 39, 73, 1, 0, 0.06%, 9, 0, 8, 261.72
1735186867, 24, 11, 73, 1, 0, 0.06%, 9, 0, 8, 267.37
1735186872, 24, 16, 73, 1, 0, 0.06%, 9, 0, 8, 248.86
1735186877, 24, 18, 73, 1, 0, 0.06%, 9, 0, 8, 252.89
1735186882, 24, 19, 73, 1, 0, 0.06%, 9, 0, 8, 250.53
1735186887, 24, 21, 73, 1, 0, 0.06%, 9, 0, 8, 260.98
1735186892, 24, 29, 73, 1, 0, 0.06%, 9, 0, 8, 269.21
1735186897, 24, 30, 73, 1, 0, 0.06%, 9, 0, 8, 260.72
1735186908, 24, 34, 73, 1, 0, 0.06%, 9, 0, 8, 250.26
1735186918, 24, 41, 73, 1, 0, 0.06%, 9, 0, 8, 272.08
1735186923, 24, 53, 73, 1, 0, 0.06%, 9, 0, 8, 265.89
1735186928, 24, 57, 73, 1, 0, 0.06%, 9, 0, 8, 321.91
1735187054, 24, 66, 73, 0, 0, 0.06%, 9, 0, 8, 252.71
1735187060, 24, 68, 73, 0, 0, 0.06%, 9, 0, 8, 270.13
1735187075, 25, 15, 73, 0, 0, 0.06%, 9, 0, 8, 251.43
1735187080, 25, 17, 73, 0, 0, 0.06%, 9, 0, 8, 260.69
1735187085, 25, 18, 73, 0, 0, 0.06%, 9, 0, 8, 249.97
1735187090, 25, 19, 73, 0, 0, 0.06%, 9, 0, 8, 254.24
1735187095, 25, 21, 73, 0, 0, 0.06%, 9, 0, 8, 256.67
1735187100, 25, 30, 73, 0, 0, 0.06%, 9, 0, 8, 255.56
1735187105, 25, 53, 73, 0, 0, 0.06%, 9, 0, 8, 279.86
1735187110, 25, 54, 73, 0, 0, 0.06%, 9, 0, 8, 279.36
1735187115, 25, 61, 73, 0, 0, 0.06%, 9, 0, 8, 280.21
1735187120, 26, 11, 73, 0, 0, 0.06%, 9, 0, 8, 253.44
1735187125, 26, 16, 73, 0, 0, 0.06%, 9, 0, 8, 249.96
1735187130, 26, 17, 73, 0, 0, 0.06%, 9, 0, 8, 247.09
1735187136, 26, 18, 73, 0, 0, 0.06%, 9, 0, 8, 264.17
1735187141, 26, 21, 73, 0, 0, 0.06%, 9, 0, 8, 268.22
1735187151, 26, 25, 73, 0, 0, 0.06%, 9, 0, 8, 258.42
1735187161, 26, 30, 73, 0, 0, 0.06%, 9, 0, 8, 261.16
1735187166, 26, 39, 73, 0, 0, 0.06%, 9, 0, 8, 271.63
1735187171, 26, 66, 73, 0, 0, 0.06%, 9, 0, 8, 275.74
1735187176, 27, 12, 73, 0, 0, 0.06%, 9, 0, 8, 265.33
1735187181, 27, 15, 73, 0, 0, 0.06%, 9, 0, 8, 255.87
1735187186, 27, 16, 73, 0, 0, 0.06%, 9, 0, 8, 255.92
1735187191, 27, 18, 73, 0, 0, 0.06%, 9, 0, 8, 248.67
1735187196, 27, 19, 73, 0, 0, 0.06%, 9, 0, 8, 240.23
1735187201, 27, 21, 73, 0, 0, 0.06%, 9, 0, 8, 256.46
1735187207, 27, 30, 73, 0, 0, 0.06%, 9, 0, 8, 261.04
1735187217, 27, 57, 73, 0, 0, 0.06%, 9, 0, 8, 271.90
1735187227, 27, 66, 73, 0, 0, 0.06%, 9, 0, 8, 268.53
1735187232, 28, 15, 73, 0, 0, 0.06%, 9, 0, 8, 250.71
1735187237, 28, 17, 73, 0, 0, 0.06%, 9, 0, 8, 247.66
1735187242, 28, 18, 73, 0, 0, 0.06%, 9, 0, 8, 245.20
1735187247, 28, 19, 73, 0, 0, 0.06%, 9, 0, 8, 249.80
1735187252, 28, 21, 73, 0, 0, 0.06%, 9, 0, 8, 253.30
1735187257, 28, 30, 73, 0, 0, 0.06%, 9, 0, 8, 258.20
1735187262, 28, 48, 73, 0, 0, 0.06%, 9, 0, 8, 252.82
1735187277, 29, 15, 73, 0, 0, 0.06%, 9, 0, 8, 251.87
1735187282, 29, 17, 73, 0, 0, 0.06%, 9, 0, 8, 260.40
1735187288, 29, 18, 73, 0, 0, 0.06%, 9, 0, 8, 240.81
1735187293, 29, 19, 73, 0, 0, 0.06%, 9, 0, 8, 245.55
1735187298, 29, 21, 73, 0, 0, 0.06%, 9, 0, 8, 244.83
1735187303, 29, 29, 73, 0, 0, 0.06%, 9, 0, 8, 252.40
1735187308, 29, 30, 73, 0, 0, 0.06%, 9, 0, 8, 248.76
1735187318, 29, 39, 73, 0, 0, 0.06%, 9, 0, 8, 273.43
1735187323, 29, 42, 73, 0, 0, 0.06%, 9, 0, 8, 255.71
1735187328, 29, 49, 73, 0, 0, 0.06%, 9, 0, 8, 273.51
1735187333, 29, 65, 73, 0, 0, 0.06%, 9, 0, 8, 281.55
1735187343, 30, 15, 73, 0, 0, 0.06%, 9, 0, 8, 257.12
1735187348, 30, 17, 73, 0, 0, 0.06%, 9, 0, 8, 253.75
1735187354, 30, 18, 73, 0, 0, 0.06%, 9, 0, 8, 259.37
1735187359, 30, 19, 73, 0, 0, 0.06%, 9, 0, 8, 251.16
1735187364, 30, 21, 73, 0, 0, 0.06%, 9, 0, 8, 250.93
1735187369, 30, 30, 73, 0, 0, 0.06%, 9, 0, 8, 255.57
1735187374, 30, 37, 73, 0, 0, 0.06%, 9, 0, 8, 280.11
1735187384, 30, 39, 73, 0, 0, 0.06%, 9, 0, 8, 260.67
1735187389, 30, 63, 73, 0, 0, 0.06%, 9, 0, 8, 279.42
1735187394, 30, 66, 73, 0, 0, 0.06%, 9, 0, 8, 273.57
1735187399, 31, 0, 73, 0, 0, 0.06%, 9, 0, 8, 273.23
1735187404, 31, 15, 73, 0, 0, 0.06%, 9, 0, 8, 255.56
1735187409, 31, 17, 73, 0, 0, 0.06%, 9, 0, 8, 247.51
1735187414, 31, 18, 73, 0, 0, 0.06%, 9, 0, 8, 257.35
1735187419, 31, 19, 73, 0, 0, 0.06%, 9, 0, 8, 258.03
1735187424, 31, 20, 73, 0, 0, 0.06%, 9, 0, 8, 261.58
1735187435, 31, 21, 73, 0, 0, 0.06%, 9, 0, 8, 258.12
1735187440, 31, 24, 73, 0, 0, 0.06%, 9, 0, 8, 270.59
1735187445, 31, 30, 73, 0, 0, 0.06%, 9, 0, 8, 259.73
1735187450, 31, 49, 73, 0, 0, 0.06%, 9, 0, 8, 281.49
1735187455, 31, 56, 73, 0, 0, 0.06%, 9, 0, 8, 265.73
1735187470, 32, 11, 73, 0, 0, 0.06%, 9, 0, 8, 259.80
1735187475, 32, 16, 73, 0, 0, 0.06%, 9, 0, 8, 253.32
1735187480, 32, 18, 73, 0, 0, 0.06%, 9, 0, 8, 253.80
1735187486, 32, 19, 73, 0, 0, 0.06%, 9, 0, 8, 259.47
1735187491, 32, 21, 73, 0, 0, 0.06%, 9, 0, 8, 252.04
1735187501, 32, 29, 73, 0, 0, 0.06%, 9, 0, 8, 269.37
1735187506, 32, 30, 73, 0, 0, 0.06%, 9, 0, 8, 278.23
1735187511, 32, 49, 73, 0, 0, 0.06%, 9, 0, 8, 264.45
1735187516, 33, 15, 73, 0, 0, 0.06%, 9, 0, 8, 246.13
1735187521, 33, 17, 73, 0, 0, 0.06%, 9, 0, 8, 261.11
1735187526, 33, 18, 73, 0, 0, 0.06%, 9, 0, 8, 254.57
1735187531, 33, 19, 73, 0, 0, 0.06%, 9, 0, 8, 253.99
1735187536, 33, 21, 73, 0, 0, 0.06%, 9, 0, 8, 257.46
1735187541, 33, 30, 73, 0, 0, 0.06%, 9, 0, 8, 244.57
1735187546, 33, 35, 73, 0, 0, 0.06%, 9, 0, 8, 267.35
1735187551, 33, 37, 73, 0, 0, 0.06%, 9, 0, 8, 261.51
1735187556, 33, 54, 73, 0, 0, 0.06%, 9, 0, 8, 271.28
1735187566, 34, 8, 73, 0, 0, 0.06%, 9, 0, 8, 268.27
1735187571, 34, 15, 73, 0, 0, 0.06%, 9, 0, 8, 251.46
1735187576, 34, 17, 73, 0, 0, 0.06%, 9, 0, 8, 246.57
1735187581, 34, 18, 73, 0, 0, 0.06%, 9, 0, 8, 239.76
1735187586, 34, 19, 73, 0, 0, 0.06%, 9, 0, 8, 255.37
1735187591, 34, 21, 73, 0, 0, 0.06%, 9, 0, 8, 246.70
1735187596, 34, 30, 73, 0, 0, 0.06%, 9, 0, 8, 247.35
1735187602, 35, 3, 73, 0, 0, 0.06%, 9, 0, 8, 265.03
1735187607, 35, 11, 73, 0, 0, 0.06%, 9, 0, 8, 255.64
1735187612, 35, 16, 73, 0, 0, 0.06%, 9, 0, 8, 254.16
1735187617, 35, 18, 73, 0, 0, 0.06%, 9, 0, 8, 251.80
1735187622, 35, 19, 73, 0, 0, 0.06%, 9, 0, 8, 242.61
1735187627, 35, 21, 73, 0, 0, 0.06%, 9, 0, 8, 247.13
1735187632, 35, 30, 73, 0, 0, 0.06%, 9, 0, 8, 251.31
1735187637, 35, 39, 73, 0, 0, 0.06%, 9, 0, 8, 268.26
1735187642, 35, 68, 73, 0, 0, 0.06%, 9, 0, 8, 258.94
1735187662, 36, 15, 73, 0, 0, 0.06%, 9, 0, 8, 262.18
1735187667, 36, 17, 73, 0, 0, 0.06%, 9, 0, 8, 252.91
1735187673, 36, 18, 73, 0, 0, 0.06%, 9, 0, 8, 250.89
1735187678, 36, 19, 73, 0, 0, 0.06%, 9, 0, 8, 245.64
1735187683, 36, 20, 73, 0, 0, 0.06%, 9, 0, 8, 256.88
1735187688, 36, 21, 73, 0, 0, 0.06%, 9, 0, 8, 260.79
1735187693, 36, 28, 73, 0, 0, 0.06%, 9, 0, 8, 254.29
1735187703, 36, 30, 73, 0, 0, 0.06%, 9, 0, 8, 254.83
1735187708, 36, 36, 73, 0, 0, 0.06%, 9, 0, 8, 259.06
1735187713, 36, 38, 73, 0, 0, 0.06%, 9, 0, 8, 258.94
1735187728, 36, 45, 73, 0, 0, 0.06%, 9, 0, 8, 268.42
1735187733, 36, 49, 73, 0, 0, 0.06%, 9, 0, 8, 265.22
1735187738, 36, 64, 73, 0, 0, 0.06%, 9, 0, 8, 296.99
1735187749, 37, 11, 73, 0, 0, 0.06%, 9, 0, 8, 247.46
1735187754, 37, 15, 73, 0, 0, 0.06%, 9, 0, 8, 242.43
1735187759, 37, 17, 73, 0, 0, 0.06%, 9, 0, 8, 250.44
1735187764, 37, 18, 73, 0, 0, 0.06%, 9, 0, 8, 246.07
1735187769, 37, 19, 73, 0, 0, 0.06%, 9, 0, 8, 247.65
1735187774, 37, 21, 73, 0, 0, 0.06%, 9, 0, 8, 261.10
1735187779, 37, 30, 73, 0, 0, 0.06%, 9, 0, 8, 263.98
1735187784, 37, 44, 73, 0, 0, 0.06%, 9, 0, 8, 279.28
1735187790, 37, 65, 73, 0, 0, 0.06%, 9, 0, 8, 285.57
1735187800, 38, 11, 73, 0, 0, 0.06%, 9, 0, 8, 261.23
1735187805, 38, 15, 73, 0, 0, 0.06%, 9, 0, 8, 254.41
1735187810, 38, 17, 73, 0, 0, 0.06%, 9, 0, 8, 256.03
1735187815, 38, 18, 73, 0, 0, 0.06%, 9, 0, 8, 253.16
1735187820, 38, 19, 73, 0, 0, 0.06%, 9, 0, 8, 255.35
1735187825, 38, 21, 73, 0, 0, 0.06%, 9, 0, 8, 251.39
1735187830, 38, 30, 73, 0, 0, 0.06%, 9, 0, 8, 252.72
1735187835, 38, 48, 73, 0, 0, 0.06%, 9, 0, 8, 267.17
1735187840, 38, 69, 73, 0, 0, 0.06%, 9, 0, 8, 274.72
1735187845, 39, 11, 73, 0, 0, 0.06%, 9, 0, 8, 258.91
1735187850, 39, 16, 73, 0, 0, 0.06%, 9, 0, 8, 240.33
1735187855, 39, 18, 73, 0, 0, 0.06%, 9, 0, 8, 244.70
1735187861, 39, 19, 73, 0, 0, 0.06%, 9, 0, 8, 250.18
1735187866, 39, 21, 73, 0, 0, 0.06%, 9, 0, 8, 245.99
1735187871, 39, 23, 73, 0, 0, 0.06%, 9, 0, 8, 256.96
1735187886, 39, 30, 73, 0, 0, 0.06%, 9, 0, 8, 277.41
1735187891, 39, 34, 73, 0, 0, 0.06%, 9, 0, 8, 255.38
1735187896, 39, 38, 73, 0, 0, 0.06%, 9, 0, 8, 247.66
1735187901, 39, 61, 73, 0, 0, 0.06%, 9, 0, 8, 273.85
1735187906, 40, 15, 73, 0, 0, 0.06%, 9, 0, 8, 260.97
1735187911, 40, 16, 73, 0, 0, 0.06%, 9, 0, 8, 254.31
1735187916, 40, 18, 73, 0, 0, 0.06%, 9, 0, 8, 245.38
1735187921, 40, 19, 73, 0, 0, 0.06%, 9, 0, 8, 245.03
1735187926, 40, 21, 73, 0, 0, 0.06%, 9, 0, 8, 250.20
1735187937, 40, 23, 73, 0, 0, 0.06%, 9, 0, 8, 260.13
1735187942, 40, 30, 73, 0, 0, 0.06%, 9, 0, 8, 258.45
1735187947, 40, 33, 73, 0, 0, 0.06%, 9, 0, 8, 270.23
1735187957, 40, 55, 73, 0, 0, 0.06%, 9, 0, 8, 273.72
1735187967, 41, 11, 73, 0, 0, 0.06%, 9, 0, 8, 262.21
1735187972, 41, 16, 73, 0, 0, 0.06%, 9, 0, 8, 250.62
1735187977, 41, 18, 73, 0, 0, 0.06%, 9, 0, 8, 262.90
1735187982, 41, 19, 73, 0, 0, 0.06%, 9, 0, 8, 255.98
1735187987, 41, 21, 73, 0, 0, 0.06%, 9, 0, 8, 259.43
1735187992, 41, 30, 73, 0, 0, 0.06%, 9, 0, 8, 253.64
1735187998, 41, 49, 73, 0, 0, 0.06%, 9, 0, 8, 258.43
1735188008, 41, 50, 73, 0, 0, 0.06%, 9, 0, 8, 282.11
1735188013, 42, 9, 73, 0, 0, 0.06%, 9, 0, 8, 283.57
1735188018, 42, 15, 73, 0, 0, 0.06%, 9, 0, 8, 256.74
1735188023, 42, 17, 73, 0, 0, 0.06%, 9, 0, 8, 254.47
1735188028, 42, 18, 73, 0, 0, 0.06%, 9, 0, 8, 242.08
1735188033, 42, 19, 73, 0, 0, 0.06%, 9, 0, 8, 246.16
1735188038, 42, 21, 73, 0, 0, 0.06%, 9, 0, 8, 256.43
1735188043, 42, 30, 73, 0, 0, 0.06%, 9, 0, 8, 254.89
1735188048, 43, 3, 73, 0, 0, 0.06%, 9, 0, 8, 264.20
1735188053, 43, 15, 73, 0, 0, 0.06%, 9, 0, 8, 250.99
1735188058, 43, 17, 73, 0, 0, 0.06%, 9, 0, 8, 251.03
1735188063, 43, 18, 73, 0, 0, 0.06%, 9, 0, 8, 263.71
1735188069, 43, 19, 73, 0, 0, 0.06%, 9, 0, 8, 255.32
1735188074, 43, 21, 73, 0, 0, 0.06%, 9, 0, 8, 255.75
1735188079, 43, 30, 73, 0, 0, 0.06%, 9, 0, 8, 246.58
1735188084, 43, 56, 73, 0, 0, 0.06%, 9, 0, 8, 287.12
1735188089, 44, 11, 73, 0, 0, 0.06%, 9, 0, 8, 265.39
1735188094, 44, 16, 73, 0, 0, 0.06%, 9, 0, 8, 252.02
1735188099, 44, 18, 73, 0, 0, 0.06%, 9, 0, 8, 250.43
1735188104, 44, 19, 73, 0, 0, 0.06%, 9, 0, 8, 253.32
1735188109, 44, 21, 73, 0, 0, 0.06%, 9, 0, 8, 261.90
1735188119, 44, 30, 73, 0, 0, 0.06%, 9, 0, 8, 267.28
1735188124, 44, 35, 73, 0, 0, 0.06%, 9, 0, 8, 268.32
1735188129, 45, 15, 73, 0, 0, 0.06%, 9, 0, 8, 267.19
1735188134, 45, 17, 73, 0, 0, 0.06%, 9, 0, 8, 252.04
1735188139, 45, 18, 73, 0, 0, 0.06%, 9, 0, 8, 252.44
1735188144, 45, 19, 73, 0, 0, 0.06%, 9, 0, 8, 247.03
1735188150, 45, 21, 73, 0, 0, 0.06%, 9, 0, 8, 259.76
1735188155, 45, 24, 73, 0, 0, 0.06%, 9, 0, 8, 276.74
1735188160, 45, 30, 73, 0, 0, 0.06%, 9, 0, 8, 248.18
1735188165, 45, 64, 73, 0, 0, 0.06%, 9, 0, 8, 283.22
1735188170, 45, 69, 73, 0, 0, 0.06%, 9, 0, 8, 281.00
1735188175, 46, 1, 73, 0, 0, 0.06%, 9, 0, 8, 263.49
1735188180, 46, 15, 73, 0, 0, 0.06%, 9, 0, 8, 247.57
1735188185, 46, 17, 73, 0, 0, 0.06%, 9, 0, 8, 254.31
1735188190, 46, 18, 73, 0, 0, 0.06%, 9, 0, 8, 252.89
1735188196, 46, 19, 73, 0, 0, 0.06%, 9, 0, 8, 262.52
1735188201, 46, 20, 73, 0, 0, 0.06%, 9, 0, 8, 264.22
1735188206, 46, 21, 73, 0, 0, 0.06%, 9, 0, 8, 258.89
1735188211, 46, 28, 73, 0, 0, 0.06%, 9, 0, 8, 258.27
1735188216, 46, 30, 73, 0, 0, 0.06%, 9, 0, 8, 256.05
1735188221, 46, 55, 73, 0, 0, 0.06%, 9, 0, 8, 274.39
1735188226, 46, 67, 73, 0, 0, 0.06%, 9, 0, 8, 269.40
1735188247, 47, 11, 73, 0, 0, 0.06%, 9, 0, 8, 259.75
1735188252, 47, 16, 73, 0, 0, 0.06%, 9, 0, 8, 254.24
1735188257, 47, 17, 73, 0, 0, 0.06%, 9, 0, 8, 251.51
1735188262, 47, 18, 73, 0, 0, 0.06%, 9, 0, 8, 245.31
1735188267, 47, 19, 73, 0, 0, 0.06%, 9, 0, 8, 263.08
1735188272, 47, 21, 73, 0, 0, 0.06%, 9, 0, 8, 258.96
1735188277, 47, 27, 73, 0, 0, 0.06%, 9, 0, 8, 254.38
1735188287, 47, 30, 73, 0, 0, 0.06%, 9, 0, 8, 250.39
1735188292, 47, 59, 73, 0, 0, 0.06%, 9, 0, 8, 277.62
1735188297, 47, 65, 73, 0, 0, 0.06%, 9, 0, 8, 270.37
1735188307, 48, 11, 73, 0, 0, 0.06%, 9, 0, 8, 287.24
1735188312, 48, 16, 73, 0, 0, 0.06%, 9, 0, 8, 260.88
1735188317, 48, 18, 73, 0, 0, 0.06%, 9, 0, 8, 254.77
1735188327, 48, 19, 73, 0, 0, 0.06%, 9, 0, 8, 251.53
1735188333, 48, 21, 73, 0, 0, 0.06%, 9, 0, 8, 267.96
1735188338, 48, 30, 73, 0, 0, 0.06%, 9, 0, 8, 255.80
1735188343, 49, 15, 73, 0, 0, 0.06%, 9, 0, 8, 265.00
1735188348, 49, 17, 73, 0, 0, 0.06%, 9, 0, 8, 257.04
1735188353, 49, 18, 73, 0, 0, 0.06%, 9, 0, 8, 255.67
1735188358, 49, 19, 73, 0, 0, 0.06%, 9, 0, 8, 242.37
1735188363, 49, 21, 73, 0, 0, 0.06%, 9, 0, 8, 259.50
1735188368, 49, 29, 73, 0, 0, 0.06%, 9, 0, 8, 249.54
1735188373, 49, 30, 73, 0, 0, 0.06%, 9, 0, 8, 254.18
1735188378, 49, 33, 73, 0, 0, 0.06%, 9, 0, 8, 257.03
1735188388, 50, 15, 73, 0, 0, 0.06%, 9, 0, 8, 255.10
1735188393, 50, 17, 73, 0, 0, 0.06%, 9, 0, 8, 248.80
1735188398, 50, 18, 73, 0, 0, 0.06%, 9, 0, 8, 243.86
1735188403, 50, 19, 73, 0, 0, 0.06%, 9, 0, 8, 244.62
1735188408, 50, 21, 73, 0, 0, 0.06%, 9, 0, 8, 271.68
1735188413, 50, 23, 73, 0, 0, 0.06%, 9, 0, 8, 257.98
1735188418, 50, 26, 73, 0, 0, 0.06%, 9, 0, 8, 255.83
1735188428, 50, 30, 73, 0, 0, 0.06%, 9, 0, 8, 249.74
1735188434, 51, 8, 73, 0, 0, 0.06%, 9, 0, 8, 260.10
1735188439, 51, 15, 73, 0, 0, 0.06%, 9, 0, 8, 255.71
1735188444, 51, 17, 73, 0, 0, 0.06%, 9, 0, 8, 245.92
1735188449, 51, 18, 73, 0, 0, 0.06%, 9, 0, 8, 245.62
1735188454, 51, 19, 73, 0, 0, 0.06%, 9, 0, 8, 246.86
1735188459, 51, 21, 73, 0, 0, 0.06%, 9, 0, 8, 251.36
1735188464, 51, 30, 73, 0, 0, 0.06%, 9, 0, 8, 248.43
1735188469, 52, 3, 73, 0, 0, 0.06%, 9, 0, 8, 276.10
1735188475, 52, 11, 73, 0, 0, 0.06%, 9, 0, 8, 265.52
1735188480, 52, 16, 73, 0, 0, 0.06%, 9, 0, 8, 247.66
1735188485, 52, 18, 73, 0, 0, 0.06%, 9, 0, 8, 246.08
1735188490, 52, 19, 73, 0, 0, 0.06%, 9, 0, 8, 249.88
1735188495, 52, 21, 73, 0, 0, 0.06%, 9, 0, 8, 251.21
1735188505, 52, 30, 73, 0, 0, 0.06%, 9, 0, 8, 273.70
1735188515, 52, 42, 73, 0, 0, 0.06%, 9, 0, 8, 269.58
1735188520, 52, 56, 73, 0, 0, 0.06%, 9, 0, 8, 277.72
1735188525, 52, 59, 73, 0, 0, 0.06%, 9, 0, 8, 272.41
1735188531, 53, 14, 73, 0, 0, 0.06%, 9, 0, 8, 269.83
1735188536, 53, 16, 73, 0, 0, 0.06%, 9, 0, 8, 250.37
1735188541, 53, 18, 73, 0, 0, 0.06%, 9, 0, 8, 246.36
1735188551, 53, 21, 73, 0, 0, 0.06%, 9, 0, 8, 261.80
1735188561, 53, 30, 73, 0, 0, 0.06%, 9, 0, 8, 252.88
1735188566, 53, 39, 73, 0, 0, 0.06%, 9, 0, 8, 253.64
1735188571, 53, 54, 73, 0, 0, 0.06%, 9, 0, 8, 266.75
1735188576, 53, 65, 73, 0, 0, 0.06%, 9, 0, 8, 281.54
1735188581, 53, 69, 73, 0, 0, 0.06%, 9, 0, 8, 268.29
1735188586, 53, 71, 73, 0, 0, 0.06%, 9, 0, 8, 323.49
1735188607, 54, 11, 73, 0, 0, 0.06%, 9, 0, 8, 253.49
1735188612, 54, 16, 73, 0, 0, 0.06%, 9, 0, 8, 246.68
1735188617, 54, 18, 73, 0, 0, 0.06%, 9, 0, 8, 241.00
1735188622, 54, 19, 73, 0, 0, 0.06%, 9, 0, 8, 245.28
1735188627, 54, 21, 73, 0, 0, 0.06%, 9, 0, 8, 252.50
1735188632, 54, 30, 73, 0, 0, 0.06%, 9, 0, 8, 258.96
1735188642, 54, 46, 73, 0, 0, 0.06%, 9, 0, 8, 284.00
1735188647, 54, 54, 73, 0, 0, 0.06%, 9, 0, 8, 266.24
1735188652, 54, 67, 73, 0, 0, 0.06%, 9, 0, 8, 261.22
1735188657, 54, 68, 73, 0, 0, 0.06%, 9, 0, 8, 259.04
1735188662, 55, 11, 73, 0, 0, 0.06%, 9, 0, 8, 251.67
1735188668, 55, 14, 73, 0, 0, 0.06%, 9, 0, 8, 265.95
1735188673, 55, 16, 73, 0, 0, 0.06%, 9, 0, 8, 261.91
1735188678, 55, 17, 73, 0, 0, 0.06%, 9, 0, 8, 253.08
1735188683, 55, 18, 73, 0, 0, 0.06%, 9, 0, 8, 266.00
1735188688, 55, 19, 73, 0, 0, 0.06%, 9, 0, 8, 269.33
1735188693, 55, 21, 73, 0, 0, 0.06%, 9, 0, 8, 256.17
1735188698, 55, 30, 73, 0, 0, 0.06%, 9, 0, 8, 257.93
1735188703, 55, 52, 73, 0, 0, 0.06%, 9, 0, 8, 296.78
1735188713, 55, 63, 73, 0, 0, 0.06%, 9, 0, 8, 271.66
1735188718, 55, 68, 73, 0, 0, 0.06%, 9, 0, 8, 282.92
1735188729, 56, 15, 73, 0, 0, 0.06%, 9, 0, 8, 250.86
1735188734, 56, 17, 73, 0, 0, 0.06%, 9, 0, 8, 251.90
1735188739, 56, 18, 73, 0, 0, 0.06%, 9, 0, 8, 242.24
1735188744, 56, 19, 73, 0, 0, 0.06%, 9, 0, 8, 243.93
1735188749, 56, 20, 73, 0, 0, 0.06%, 9, 0, 8, 260.60
1735188754, 56, 21, 73, 0, 0, 0.06%, 9, 0, 8, 250.08
1735188759, 56, 30, 73, 0, 0, 0.06%, 9, 0, 8, 239.77
1735188764, 56, 48, 73, 0, 0, 0.06%, 9, 0, 8, 255.99
1735188774, 56, 56, 73, 0, 0, 0.06%, 9, 0, 8, 271.36
1735188779, 56, 58, 73, 0, 0, 0.06%, 9, 0, 8, 275.13
1735188784, 57, 15, 73, 0, 0, 0.06%, 9, 0, 8, 247.73
1735188789, 57, 17, 73, 0, 0, 0.06%, 9, 0, 8, 256.72
1735188794, 57, 18, 73, 0, 0, 0.06%, 9, 0, 8, 250.22
1735188799, 57, 19, 73, 0, 0, 0.06%, 9, 0, 8, 253.83
1735188805, 57, 21, 73, 0, 0, 0.06%, 9, 0, 8, 258.02
1735188810, 57, 30, 73, 0, 0, 0.06%, 9, 0, 8, 258.52
1735188815, 57, 34, 73, 0, 0, 0.06%, 9, 0, 8, 266.65
1735188820, 57, 56, 73, 0, 0, 0.06%, 9, 0, 8, 272.00
1735188825, 57, 65, 73, 0, 0, 0.06%, 9, 0, 8, 265.43
1735188835, 58, 15, 73, 0, 0, 0.06%, 9, 0, 8, 247.40
1735188840, 58, 17, 73, 0, 0, 0.06%, 9, 0, 8, 257.88
1735188845, 58, 18, 73, 0, 0, 0.06%, 9, 0, 8, 253.54
1735188850, 58, 19, 73, 0, 0, 0.06%, 9, 0, 8, 247.36
1735188855, 58, 21, 73, 0, 0, 0.06%, 9, 0, 8, 258.42
1735188861, 58, 25, 73, 0, 0, 0.06%, 9, 0, 8, 253.83
1735188866, 58, 30, 73, 0, 0, 0.06%, 9, 0, 8, 248.71
1735188871, 58, 40, 73, 0, 0, 0.06%, 9, 0, 8, 274.36
1735188876, 58, 70, 73, 0, 0, 0.06%, 9, 0, 8, 279.77
1735188901, 59, 15, 73, 0, 0, 0.06%, 9, 0, 8, 248.17
1735188906, 59, 17, 73, 0, 0, 0.06%, 9, 0, 8, 260.49
1735188911, 59, 18, 73, 0, 0, 0.06%, 9, 0, 8, 247.12
1735188916, 59, 19, 73, 0, 0, 0.06%, 9, 0, 8, 242.98
1735188921, 59, 21, 73, 0, 0, 0.06%, 9, 0, 8, 255.15
1735188926, 59, 30, 73, 0, 0, 0.06%, 9, 0, 8, 251.88
1735188931, 59, 39, 73, 0, 0, 0.06%, 9, 0, 8, 258.42
1735188936, 60, 11, 73, 0, 0, 0.06%, 9, 0, 8, 255.52
1735188941, 60, 15, 73, 0, 0, 0.06%, 9, 0, 8, 245.01
1735188946, 60, 17, 73, 0, 0, 0.06%, 9, 0, 8, 240.89
1735188952, 60, 18, 73, 0, 0, 0.06%, 9, 0, 8, 258.20
1735188957, 60, 19, 73, 0, 0, 0.06%, 9, 0, 8, 255.07
1735188962, 60, 21, 73, 0, 0, 0.06%, 9, 0, 8, 251.74
1735188967, 60, 30, 73, 0, 0, 0.06%, 9, 0, 8, 249.96
1735188972, 60, 33, 73, 0, 0, 0.06%, 9, 0, 8, 267.80
1735188977, 61, 11, 73, 0, 0, 0.06%, 9, 0, 8, 256.06
1735188982, 61, 16, 73, 0, 0, 0.06%, 9, 0, 8, 241.02
1735188987, 61, 18, 73, 0, 0, 0.06%, 9, 0, 8, 247.86
1735188997, 61, 19, 73, 0, 0, 0.06%, 9, 0, 8, 253.74
1735189002, 61, 21, 73, 0, 0, 0.06%, 9, 0, 8, 249.49
1735189007, 61, 29, 73, 0, 0, 0.06%, 9, 0, 8, 253.36
1735189012, 61, 30, 73, 0, 0, 0.06%, 9, 0, 8, 255.24
1735189018, 62, 10, 73, 0, 0, 0.06%, 9, 0, 8, 260.77
1735189023, 62, 15, 73, 0, 0, 0.06%, 9, 0, 8, 248.98
1735189028, 62, 16, 73, 0, 0, 0.06%, 9, 0, 8, 246.54
1735189033, 62, 18, 73, 0, 0, 0.06%, 9, 0, 8, 238.47
1735189038, 62, 19, 73, 0, 0, 0.06%, 9, 0, 8, 247.40
1735189043, 62, 21, 73, 0, 0, 0.06%, 9, 0, 8, 256.12
1735189048, 62, 30, 73, 0, 0, 0.06%, 9, 0, 8, 260.33
1735189053, 62, 42, 73, 0, 0, 0.06%, 9, 0, 8, 242.54
1735189063, 62, 47, 73, 0, 0, 0.06%, 9, 0, 8, 284.96
1735189068, 62, 54, 73, 0, 0, 0.06%, 9, 0, 8, 279.61
1735189073, 62, 64, 73, 0, 0, 0.06%, 9, 0, 8, 265.11
1735189078, 62, 69, 73, 0, 0, 0.06%, 9, 0, 8, 266.26
1735189088, 63, 15, 73, 0, 0, 0.06%, 9, 0, 8, 254.91
1735189093, 63, 17, 73, 0, 0, 0.06%, 9, 0, 8, 250.71
1735189099, 63, 18, 73, 0, 0, 0.06%, 9, 0, 8, 252.02
1735189104, 63, 19, 73, 0, 0, 0.06%, 9, 0, 8, 253.21
1735189109, 63, 21, 73, 0, 0, 0.06%, 9, 0, 8, 252.67
1735189114, 63, 26, 73, 0, 0, 0.06%, 9, 0, 8, 251.35
1735189119, 63, 28, 73, 0, 0, 0.06%, 9, 0, 8, 273.60
1735189124, 63, 30, 73, 0, 0, 0.06%, 9, 0, 8, 250.62
1735189129, 63, 33, 73, 0, 0, 0.06%, 9, 0, 8, 248.41
1735189134, 63, 72, 73, 0, 0, 0.06%, 9, 0, 8, 279.08
1735189144, 64, 5, 73, 0, 0, 0.06%, 9, 0, 8, 260.69
1735189149, 64, 15, 73, 0, 0, 0.06%, 9, 0, 8, 247.66
1735189154, 64, 17, 73, 0, 0, 0.06%, 9, 0, 8, 256.29
1735189160, 64, 18, 73, 0, 0, 0.06%, 9, 0, 8, 257.08
1735189165, 64, 19, 73, 0, 0, 0.06%, 9, 0, 8, 252.56
1735189170, 64, 21, 73, 0, 0, 0.06%, 9, 0, 8, 264.53
1735189175, 64, 28, 73, 0, 0, 0.06%, 9, 0, 8, 272.68
1735189180, 64, 30, 73, 0, 0, 0.06%, 9, 0, 8, 256.34
1735189185, 65, 11, 73, 0, 0, 0.06%, 9, 0, 8, 253.31
1735189190, 65, 15, 73, 0, 0, 0.06%, 9, 0, 8, 250.46
1735189195, 65, 17, 73, 0, 0, 0.06%, 9, 0, 8, 251.64
1735189200, 65, 18, 73, 0, 0, 0.06%, 9, 0, 8, 248.23
1735189205, 65, 19, 73, 0, 0, 0.06%, 9, 0, 8, 252.44
1735189210, 65, 21, 73, 0, 0, 0.06%, 9, 0, 8, 251.21
1735189215, 65, 30, 73, 0, 0, 0.06%, 9, 0, 8, 252.25
1735189220, 65, 46, 73, 0, 0, 0.06%, 9, 0, 8, 267.01
1735189225, 65, 62, 73, 0, 0, 0.06%, 9, 0, 8, 280.11
1735189231, 66, 11, 73, 0, 0, 0.06%, 9, 0, 8, 280.43
1735189236, 66, 13, 73, 0, 0, 0.06%, 9, 0, 8, 269.57
1735189241, 66, 16, 73, 0, 0, 0.06%, 9, 0, 8, 257.25
1735189246, 66, 18, 73, 0, 0, 0.06%, 9, 0, 8, 250.33
1735189251, 66, 19, 73, 0, 0, 0.06%, 9, 0, 8, 253.21
1735189256, 66, 21, 73, 0, 0, 0.06%, 9, 0, 8, 259.27
1735189261, 66, 30, 73, 0, 0, 0.06%, 9, 0, 8, 248.96
1735189271, 66, 32, 73, 0, 0, 0.06%, 9, 0, 8, 274.39
1735189276, 66, 65, 73, 0, 0, 0.06%, 9, 0, 8, 281.48
1735189281, 66, 68, 73, 0, 0, 0.06%, 9, 0, 8, 262.77
1735189286, 67, 11, 73, 0, 0, 0.06%, 9, 0, 8, 248.77
1735189291, 67, 16, 73, 0, 0, 0.06%, 9, 0, 8, 254.30
1735189296, 67, 18, 73, 0, 0, 0.06%, 9, 0, 8, 251.84
1735189307, 67, 19, 73, 0, 0, 0.06%, 9, 0, 8, 255.12
1735189312, 67, 21, 73, 0, 0, 0.06%, 9, 0, 8, 260.84
1735189317, 67, 30, 73, 0, 0, 0.06%, 9, 0, 8, 252.21
1735189322, 67, 45, 73, 0, 0, 0.06%, 9, 0, 8, 265.73
1735189327, 67, 53, 73, 0, 0, 0.06%, 9, 0, 8, 260.65
1735189332, 67, 69, 73, 0, 0, 0.06%, 9, 0, 8, 263.90
1735189337, 68, 10, 73, 0, 0, 0.06%, 9, 0, 8, 256.54
1735189342, 68, 15, 73, 0, 0, 0.06%, 9, 0, 8, 249.56
1735189347, 68, 17, 73, 0, 0, 0.06%, 9, 0, 8, 244.36
1735189352, 68, 18, 73, 0, 0, 0.06%, 9, 0, 8, 267.38
1735189357, 68, 19, 73, 0, 0, 0.06%, 9, 0, 8, 261.39
1735189362, 68, 21, 73, 0, 0, 0.06%, 9, 0, 8, 269.20
1735189367, 68, 26, 73, 0, 0, 0.06%, 9, 0, 8, 255.93
1735189372, 68, 30, 73, 0, 0, 0.06%, 9, 0, 8, 252.08
1735189377, 68, 58, 73, 0, 0, 0.06%, 9, 0, 8, 273.72
1735189382, 69, 11, 73, 0, 0, 0.06%, 9, 0, 8, 257.19
1735189388, 69, 12, 73, 0, 0, 0.06%, 9, 0, 8, 254.82
1735189393, 69, 16, 73, 0, 0, 0.06%, 9, 0, 8, 247.32
1735189398, 69, 18, 73, 0, 0, 0.06%, 9, 0, 8, 245.57
1735189403, 69, 19, 73, 0, 0, 0.06%, 9, 0, 8, 246.69
1735189408, 69, 21, 73, 0, 0, 0.06%, 9, 0, 8, 255.92
1735189413, 69, 30, 73, 0, 0, 0.06%, 9, 0, 8, 241.35
1735189419, 69, 31, 73, 0, 0, 0.06%, 9, 0, 8, 254.45
1735189424, 70, 4, 73, 0, 0, 0.06%, 9, 0, 8, 262.39
1735189429, 70, 15, 73, 0, 0, 0.06%, 9, 0, 8, 253.28
1735189434, 70, 17, 73, 0, 0, 0.06%, 9, 0, 8, 251.45
1735189439, 70, 18, 73, 0, 0, 0.06%, 9, 0, 8, 255.11
1735189444, 70, 19, 73, 0, 0, 0.06%, 9, 0, 8, 244.23
1735189449, 70, 21, 73, 0, 0, 0.06%, 9, 0, 8, 258.56
1735189454, 70, 30, 73, 0, 0, 0.06%, 9, 0, 8, 253.04
1735189459, 70, 45, 73, 0, 0, 0.06%, 9, 0, 8, 265.87
1735189465, 70, 46, 73, 0, 0, 0.06%, 9, 0, 8, 263.76
1735189475, 70, 72, 73, 0, 0, 0.06%, 9, 0, 8, 302.43
1735189480, 71, 11, 73, 0, 0, 0.06%, 9, 0, 8, 277.62
1735189485, 71, 15, 73, 0, 0, 0.06%, 9, 0, 8, 256.27
1735189490, 71, 17, 73, 0, 0, 0.06%, 9, 0, 8, 249.97
1735189495, 71, 18, 73, 0, 0, 0.06%, 9, 0, 8, 264.91
1735189500, 71, 19, 73, 0, 0, 0.06%, 9, 0, 8, 244.90
1735189505, 71, 21, 73, 0, 0, 0.06%, 9, 0, 8, 251.50
1735189510, 71, 30, 73, 0, 0, 0.06%, 9, 0, 8, 251.98
1735189515, 71, 33, 73, 0, 0, 0.06%, 9, 0, 8, 265.26
1735189520, 71, 40, 73, 0, 0, 0.06%, 9, 0, 8, 273.32
1735189526, 71, 64, 73, 0, 0, 0.06%, 9, 0, 8, 290.14
1735189531, 71, 65, 73, 0, 0, 0.06%, 9, 0, 8, 297.17
1735189536, 71, 68, 73, 0, 0, 0.06%, 9, 0, 8, 277.26
1735189546, 71, 69, 73, 0, 0, 0.06%, 9, 0, 8, 270.08
1735189551, 72, 11, 73, 0, 0, 0.06%, 9, 0, 8, 248.44
1735189556, 72, 15, 73, 0, 0, 0.06%, 9, 0, 8, 259.01
1735189561, 72, 17, 73, 0, 0, 0.06%, 9, 0, 8, 263.05
1735189566, 72, 18, 73, 0, 0, 0.06%, 9, 0, 8, 250.35
1735189571, 72, 19, 73, 0, 0, 0.06%, 9, 0, 8, 249.63
1735189577, 72, 21, 73, 0, 0, 0.06%, 9, 0, 8, 252.27
1735189582, 72, 30, 73, 0, 0, 0.06%, 9, 0, 8, 252.01
1735189587, 72, 38, 73, 0, 0, 0.06%, 9, 0, 8, 265.36
1735189597, 72, 53, 73, 0, 0, 0.06%, 9, 0, 8, 260.17
1735189602, 72, 57, 73, 0, 0, 0.06%, 9, 0, 8, 266.16
1735189607, 72, 64, 73, 0, 0, 0.06%, 9, 0, 8, 263.63
1735189612, 73, 15, 73, 0, 0, 0.06%, 9, 0, 8, 258.25
1735189617, 73, 16, 73, 0, 0, 0.06%, 9, 0, 8, 255.11
1735189622, 73, 18, 73, 0, 0, 0.06%, 9, 0, 8, 246.54
1735189627, 73, 19, 73, 0, 0, 0.06%, 9, 0, 8, 242.84
1735189632, 73, 21, 73, 0, 0, 0.06%, 9, 0, 8, 253.76
1735189637, 73, 27, 73, 0, 0, 0.06%, 9, 0, 8, 252.93
1735189647, 73, 30, 73, 0, 0, 0.06%, 9, 0, 8, 251.71
1735189652, 73, 39, 73, 0, 0, 0.06%, 9, 0, 8, 268.55
1735189657, 73, 50, 73, 0, 0, 0.06%, 9, 0, 8, 287.81
1735189663, 73, 68, 73, 0, 0, 0.06%, 9, 0, 8, 281.82
1735189668, 74, 0, 73, 0, 0, 0.06%, 9, 0, 8, 269.06
1735189673, 74, 15, 73, 0, 0, 0.06%, 9, 0, 8, 251.18
1735189678, 74, 17, 73, 0, 0, 0.06%, 9, 0, 8, 266.90
1735189683, 74, 18, 73, 0, 0, 0.06%, 9, 0, 8, 254.42
1735189688, 74, 19, 73, 0, 0, 0.06%, 9, 0, 8, 258.11
1735189693, 74, 21, 73, 0, 0, 0.06%, 9, 0, 8, 271.82
1735189698, 74, 30, 73, 0, 0, 0.06%, 9, 0, 8, 272.43
1735189703, 74, 33, 73, 0, 0, 0.06%, 9, 0, 8, 263.11
1735189708, 74, 34, 73, 0, 0, 0.06%, 9, 0, 8, 266.52
1735189713, 74, 42, 73, 0, 0, 0.06%, 9, 0, 8, 279.00
1735189718, 75, 11, 73, 0, 0, 0.06%, 9, 0, 8, 252.68
1735189723, 75, 16, 73, 0, 0, 0.06%, 9, 0, 8, 253.21
1735189728, 75, 18, 73, 0, 0, 0.06%, 9, 0, 8, 263.67
1735189733, 75, 19, 73, 0, 0, 0.06%, 9, 0, 8, 272.46
1735189738, 75, 20, 73, 0, 0, 0.06%, 9, 0, 8, 247.87
1735189749, 75, 21, 73, 0, 0, 0.06%, 9, 0, 8, 268.54
1735189754, 75, 29, 73, 0, 0, 0.06%, 9, 0, 8, 260.65
1735189759, 75, 30, 73, 0, 0, 0.06%, 9, 0, 8, 252.41
1735189764, 75, 35, 73, 0, 0, 0.06%, 9, 0, 8, 271.27
1735189769, 75, 62, 73, 0, 0, 0.06%, 9, 0, 8, 276.43
1735189774, 75, 63, 73, 0, 0, 0.06%, 9, 0, 8, 273.54
1735189779, 76, 11, 73, 0, 0, 0.06%, 9, 0, 8, 256.12
1735189784, 76, 16, 73, 0, 0, 0.06%, 9, 0, 8, 254.24
1735189790, 76, 18, 73, 0, 0, 0.06%, 9, 0, 8, 251.85
1735189795, 76, 19, 73, 0, 0, 0.06%, 9, 0, 8, 255.40
1735189800, 76, 21, 73, 0, 0, 0.06%, 9, 0, 8, 260.21
1735189805, 76, 30, 73, 0, 0, 0.06%, 9, 0, 8, 257.04
1735189810, 76, 35, 73, 0, 0, 0.06%, 9, 0, 8, 270.82
1735189820, 76, 51, 73, 0, 0, 0.06%, 9, 0, 8, 266.94
1735189830, 76, 61, 73, 0, 0, 0.06%, 9, 0, 8, 282.41
1735189835, 77, 15, 73, 0, 0, 0.06%, 9, 0, 8, 264.57
1735189840, 77, 16, 73, 0, 0, 0.06%, 9, 0, 8, 252.59
1735189845, 77, 18, 73, 0, 0, 0.06%, 9, 0, 8, 245.96
1735189850, 77, 19, 73, 0, 0, 0.06%, 9, 0, 8, 248.81
1735189856, 77, 21, 73, 0, 0, 0.06%, 9, 0, 8, 257.14
1735189861, 77, 25, 73, 0, 0, 0.06%, 9, 0, 8, 272.12
1735189866, 77, 30, 73, 0, 0, 0.06%, 9, 0, 8, 273.12
1735189876, 77, 39, 73, 0, 0, 0.06%, 9, 0, 8, 267.95
1735189881, 77, 51, 73, 0, 0, 0.06%, 9, 0, 8, 279.86
1735189886, 78, 14, 73, 0, 0, 0.06%, 9, 0, 8, 262.92
1735189891, 78, 16, 73, 0, 0, 0.06%, 9, 0, 8, 251.94
1735189896, 78, 18, 73, 0, 0, 0.06%, 9, 0, 8, 257.71
1735189901, 78, 19, 73, 0, 0, 0.06%, 9, 0, 8, 257.28
1735189912, 78, 21, 73, 0, 0, 0.06%, 9, 0, 8, 249.29
1735189917, 78, 28, 73, 0, 0, 0.06%, 9, 0, 8, 262.69
1735189922, 78, 30, 73, 0, 0, 0.06%, 9, 0, 8, 248.99
1735189927, 78, 43, 73, 0, 0, 0.06%, 9, 0, 8, 261.76
1735189932, 78, 53, 73, 0, 0, 0.06%, 9, 0, 8, 268.65
1735189937, 79, 11, 73, 0, 0, 0.06%, 9, 0, 8, 252.72
1735189942, 79, 16, 73, 0, 0, 0.06%, 9, 0, 8, 249.22
1735189947, 79, 18, 73, 0, 0, 0.06%, 9, 0, 8, 255.08
1735189952, 79, 19, 73, 0, 0, 0.06%, 9, 0, 8, 251.73
1735189962, 79, 21, 73, 0, 0, 0.06%, 9, 0, 8, 276.63
1735189967, 79, 30, 73, 0, 0, 0.06%, 9, 0, 8, 265.86
1735189973, 79, 39, 73, 0, 0, 0.06%, 9, 0, 8, 263.79
1735189978, 79, 40, 73, 0, 0, 0.06%, 9, 0, 8, 254.39
1735189983, 79, 47, 73, 0, 0, 0.06%, 9, 0, 8, 276.21
1735189988, 79, 68, 73, 0, 0, 0.06%, 9, 0, 8, 275.33
1735189993, 80, 3, 73, 0, 0, 0.06%, 9, 0, 8, 260.29
1735189998, 80, 15, 73, 0, 0, 0.06%, 9, 0, 8, 250.50
1735190003, 80, 17, 73, 0, 0, 0.06%, 9, 0, 8, 245.88
1735190008, 80, 18, 73, 0, 0, 0.06%, 9, 0, 8, 242.29
1735190013, 80, 19, 73, 0, 0, 0.06%, 9, 0, 8, 245.33
1735190018, 80, 21, 73, 0, 0, 0.06%, 9, 0, 8, 248.88
1735190023, 80, 30, 73, 0, 0, 0.06%, 9, 0, 8, 252.40
1735190028, 81, 3, 73, 0, 0, 0.06%, 9, 0, 8, 257.50
1735190033, 81, 15, 73, 0, 0, 0.06%, 9, 0, 8, 246.39
1735190038, 81, 17, 73, 0, 0, 0.06%, 9, 0, 8, 255.02
1735190043, 81, 18, 73, 0, 0, 0.06%, 9, 0, 8, 249.58
1735190048, 81, 19, 73, 0, 0, 0.06%, 9, 0, 8, 243.18
1735190053, 81, 21, 73, 0, 0, 0.06%, 9, 0, 8, 257.92
1735190059, 81, 23, 73, 0, 0, 0.06%, 9, 0, 8, 267.57
1735190064, 81, 30, 73, 0, 0, 0.06%, 9, 0, 8, 251.42
1735190069, 82, 11, 73, 0, 0, 0.06%, 9, 0, 8, 261.49
1735190074, 82, 16, 73, 0, 0, 0.06%, 9, 0, 8, 259.09
1735190079, 82, 17, 73, 0, 0, 0.06%, 9, 0, 8, 253.29
1735190084, 82, 18, 73, 0, 0, 0.06%, 9, 0, 8, 255.25
1735190089, 82, 19, 73, 0, 0, 0.06%, 9, 0, 8, 261.46
1735190094, 82, 21, 73, 0, 0, 0.06%, 9, 0, 8, 258.39
1735190099, 82, 22, 73, 0, 0, 0.06%, 9, 0, 8, 266.60
1735190104, 82, 25, 73, 0, 0, 0.06%, 9, 0, 8, 256.24
1735190109, 82, 30, 73, 0, 0, 0.06%, 9, 0, 8, 264.87
1735190114, 82, 32, 73, 0, 0, 0.06%, 9, 0, 8, 270.10
1735190120, 82, 33, 73, 0, 0, 0.06%, 9, 0, 8, 276.72
1735190125, 82, 42, 73, 0, 0, 0.06%, 9, 0, 8, 262.68
1735190130, 82, 55, 73, 0, 0, 0.06%, 9, 0, 8, 265.27
1735190135, 83, 11, 73, 0, 0, 0.06%, 9, 0, 8, 268.78
1735190140, 83, 16, 73, 0, 0, 0.06%, 9, 0, 8, 253.58
1735190145, 83, 17, 73, 0, 0, 0.06%, 9, 0, 8, 258.45
1735190150, 83, 18, 73, 0, 0, 0.06%, 9, 0, 8, 257.77
1735190155, 83, 19, 73, 0, 0, 0.06%, 9, 0, 8, 261.70
1735190160, 83, 21, 73, 0, 0, 0.06%, 9, 0, 8, 241.85
1735190165, 83, 30, 73, 0, 0, 0.06%, 9, 0, 8, 258.34
1735190170, 83, 61, 73, 0, 0, 0.06%, 9, 0, 8, 264.08
1735190175, 84, 15, 73, 0, 0, 0.06%, 9, 0, 8, 265.05
1735190180, 84, 17, 73, 0, 0, 0.06%, 9, 0, 8, 263.94
1735190185, 84, 18, 73, 0, 0, 0.06%, 9, 0, 8, 251.17
1735190190, 84, 19, 73, 0, 0, 0.06%, 9, 0, 8, 240.88
1735190196, 84, 21, 73, 0, 0, 0.06%, 9, 0, 8, 244.23
1735190201, 84, 30, 73, 0, 0, 0.06%, 9, 0, 8, 254.84
1735190206, 84, 35, 73, 0, 0, 0.06%, 9, 0, 8, 269.52
1735190216, 84, 51, 73, 0, 0, 0.06%, 9, 0, 8, 290.16
1735190221, 85, 15, 73, 0, 0, 0.06%, 9, 0, 8, 259.10
1735190226, 85, 17, 73, 0, 0, 0.06%, 9, 0, 8, 253.94
1735190231, 85, 18, 73, 0, 0, 0.06%, 9, 0, 8, 254.13
1735190236, 85, 19, 73, 0, 0, 0.06%, 9, 0, 8, 258.04
1735190241, 85, 21, 73, 0, 0, 0.06%, 9, 0, 8, 268.11
1735190246, 85, 30, 73, 0, 0, 0.06%, 9, 0, 8, 251.54
1735190251, 85, 33, 73, 0, 0, 0.06%, 9, 0, 8, 267.33
1735190256, 85, 38, 73, 0, 0, 0.06%, 9, 0, 8, 262.01
1735190261, 85, 67, 73, 0, 0, 0.06%, 9, 0, 8, 267.00
1735190266, 86, 11, 73, 0, 0, 0.06%, 9, 0, 8, 259.05
1735190271, 86, 16, 73, 0, 0, 0.06%, 9, 0, 8, 253.27
1735190276, 86, 18, 73, 0, 0, 0.06%, 9, 0, 8, 261.97
1735190281, 86, 19, 73, 0, 0, 0.06%, 9, 0, 8, 253.11
1735190291, 86, 21, 73, 0, 0, 0.06%, 9, 0, 8, 264.71
1735190296, 86, 30, 73, 0, 0, 0.06%, 9, 0, 8, 269.93
1735190301, 86, 45, 73, 0, 0, 0.06%, 9, 0, 8, 272.90
1735190306, 87, 13, 73, 0, 0, 0.06%, 9, 0, 8, 257.62
1735190312, 87, 16, 73, 0, 0, 0.06%, 9, 0, 8, 235.13
1735190317, 87, 18, 73, 0, 0, 0.06%, 9, 0, 8, 251.61
1735190322, 87, 19, 73, 0, 0, 0.06%, 9, 0, 8, 266.25
1735190332, 87, 21, 73, 0, 0, 0.06%, 9, 0, 8, 263.40
1735190337, 87, 30, 73, 0, 0, 0.06%, 9, 0, 8, 261.16
1735190342, 87, 53, 73, 0, 0, 0.06%, 9, 0, 8, 265.03
1735190347, 87, 67, 73, 0, 0, 0.06%, 9, 0, 8, 272.97
1735190352, 88, 15, 73, 0, 0, 0.06%, 9, 0, 8, 252.77
1735190357, 88, 16, 73, 0, 0, 0.06%, 9, 0, 8, 253.12
1735190362, 88, 18, 73, 0, 0, 0.06%, 9, 0, 8, 240.49
1735190367, 88, 19, 73, 0, 0, 0.06%, 9, 0, 8, 241.79
1735190372, 88, 21, 73, 0, 0, 0.06%, 9, 0, 8, 257.73
1735190377, 88, 30, 73, 0, 0, 0.06%, 9, 0, 8, 255.07
1735190383, 88, 44, 73, 0, 0, 0.06%, 9, 0, 8, 262.11
1735190388, 88, 51, 73, 0, 0, 0.06%, 9, 0, 8, 272.68
1735190393, 88, 66, 73, 0, 0, 0.06%, 9, 0, 8, 273.59
1735190403, 89, 12, 73, 0, 0, 0.06%, 9, 0, 8, 265.63
1735190408, 89, 15, 73, 0, 0, 0.06%, 9, 0, 8, 253.42
1735190413, 89, 17, 73, 0, 0, 0.06%, 9, 0, 8, 252.55
1735190418, 89, 18, 73, 0, 0, 0.06%, 9, 0, 8, 255.20
1735190423, 89, 19, 73, 0, 0, 0.06%, 9, 0, 8, 244.17
1735190428, 89, 21, 73, 0, 0, 0.06%, 9, 0, 8, 267.88
1735190433, 89, 30, 73, 0, 0, 0.06%, 9, 0, 8, 242.08
1735190438, 89, 32, 73, 0, 0, 0.06%, 9, 0, 8, 276.43
1735190444, 90, 11, 73, 0, 0, 0.06%, 9, 0, 8, 261.92
1735190449, 90, 15, 73, 0, 0, 0.06%, 9, 0, 8, 251.58
1735190454, 90, 17, 73, 0, 0, 0.06%, 9, 0, 8, 248.28
1735190459, 90, 18, 73, 0, 0, 0.06%, 9, 0, 8, 252.24
1735190464, 90, 19, 73, 0, 0, 0.06%, 9, 0, 8, 250.00
1735190469, 90, 21, 73, 0, 0, 0.06%, 9, 0, 8, 266.06
