# unix_time, cycles_done, cur_path, paths_total, pending_total, pending_favs, map_size, unique_crashes, unique_hangs, max_depth, execs_per_sec
1735515102, 0, 0, 10, 10, 1, 0.00%, 0, 0, 1, 167.01
1735515112, 0, 1, 10, 9, 0, 0.00%, 0, 0, 1, 207.19
1735515117, 0, 2, 10, 8, 0, 0.00%, 0, 0, 1, 195.84
1735515128, 0, 3, 10, 7, 0, 0.00%, 0, 0, 1, 198.35
1735515138, 0, 4, 10, 6, 0, 0.00%, 0, 0, 1, 198.34
1735515143, 0, 5, 10, 5, 0, 0.00%, 0, 0, 1, 182.86
1735515153, 0, 6, 10, 4, 0, 0.00%, 0, 0, 1, 198.55
1735515158, 0, 7, 10, 3, 0, 0.00%, 0, 0, 1, 182.61
1735515168, 0, 8, 10, 2, 0, 0.00%, 0, 0, 1, 201.57
1735515173, 0, 9, 10, 1, 0, 0.00%, 0, 0, 1, 186.01
1735515183, 1, 1, 10, 0, 0, 0.00%, 0, 0, 1, 196.39
1735515188, 1, 2, 10, 0, 0, 0.00%, 0, 0, 1, 198.28
1735515193, 1, 3, 10, 0, 0, 0.00%, 0, 0, 1, 197.60
1735515199, 1, 10, 15, 5, 1, 0.06%, 5, 0, 3, 229.18
1735515219, 1, 10, 16, 6, 1, 0.06%, 6, 0, 3, 218.76
1735515265, 1, 11, 16, 5, 5, 0.06%, 6, 0, 3, 229.30
1735515295, 1, 12, 16, 4, 4, 0.06%, 6, 0, 3, 227.30
1735515326, 1, 13, 16, 3, 3, 0.06%, 6, 0, 3, 224.48
1735515331, 1, 13, 17, 4, 3, 0.06%, 7, 0, 4, 216.91
1735515346, 1, 13, 18, 5, 3, 0.06%, 7, 0, 4, 218.20
1735515412, 1, 14, 18, 4, 3, 0.06%, 7, 0, 4, 230.19
1735515417, 1, 14, 19, 5, 3, 0.06%, 7, 0, 4, 219.78
1735515422, 1, 14, 20, 6, 3, 0.06%, 8, 0, 4, 212.08
1735515432, 1, 14, 21, 7, 3, 0.06%, 8, 0, 4, 211.10
1735515477, 1, 14, 22, 8, 3, 0.06%, 8, 0, 4, 211.85
1735515523, 1, 14, 23, 9, 3, 0.06%, 8, 0, 4, 219.75
1735515569, 1, 14, 27, 13, 3, 0.06%, 8, 0, 4, 253.14
1735515574, 1, 15, 28, 13, 4, 0.06%, 9, 0, 4, 270.35
1735515599, 1, 16, 30, 14, 3, 0.06%, 9, 0, 5, 260.70
1735515630, 1, 16, 31, 15, 3, 0.06%, 9, 0, 5, 229.31
1735515640, 1, 19, 31, 14, 3, 0.06%, 9, 0, 5, 272.03
1735515681, 1, 27, 32, 14, 2, 0.06%, 9, 0, 5, 274.99
1735515727, 1, 29, 33, 14, 1, 0.06%, 9, 0, 5, 270.40
1735515732, 1, 29, 34, 15, 1, 0.06%, 9, 0, 6, 235.47
1735515778, 1, 29, 35, 16, 1, 0.06%, 9, 0, 6, 232.31
1735515788, 1, 29, 36, 17, 1, 0.06%, 9, 0, 6, 233.07
1735515798, 1, 29, 38, 19, 1, 0.06%, 9, 0, 6, 226.36
1735515839, 1, 29, 39, 20, 1, 0.06%, 9, 0, 6, 234.04
1735515849, 1, 37, 39, 19, 0, 0.06%, 9, 0, 6, 359.34
1735515880, 1, 37, 42, 22, 0, 0.06%, 9, 0, 7, 376.36
1735515885, 1, 37, 43, 23, 0, 0.06%, 9, 0, 7, 303.41
1735515890, 1, 37, 44, 24, 0, 0.06%, 9, 0, 7, 290.34
1735515920, 1, 37, 45, 25, 0, 0.06%, 9, 0, 7, 281.38
1735515940, 1, 37, 46, 26, 0, 0.06%, 9, 0, 7, 297.03
1735515975, 2, 11, 46, 25, 0, 0.06%, 9, 0, 7, 241.23
1735515980, 2, 12, 46, 25, 0, 0.06%, 9, 0, 7, 232.39
1735515986, 2, 14, 47, 26, 0, 0.06%, 9, 0, 7, 230.08
1735515991, 2, 18, 48, 27, 0, 0.06%, 9, 0, 7, 248.80
1735516006, 2, 18, 49, 28, 0, 0.06%, 9, 0, 7, 263.83
1735516031, 2, 18, 50, 29, 0, 0.06%, 9, 0, 7, 250.01
1735516036, 2, 18, 51, 30, 0, 0.06%, 9, 0, 7, 263.32
1735516041, 2, 19, 51, 29, 0, 0.06%, 9, 0, 7, 257.00
1735516046, 2, 24, 51, 29, 0, 0.06%, 9, 0, 7, 309.31
1735516072, 2, 24, 53, 31, 0, 0.06%, 9, 0, 7, 258.56
1735516077, 2, 27, 54, 31, 0, 0.06%, 9, 0, 7, 246.74
1735516087, 2, 29, 54, 31, 0, 0.06%, 9, 0, 7, 249.59
1735516092, 2, 30, 54, 31, 0, 0.06%, 9, 0, 7, 301.84
1735516118, 2, 39, 54, 30, 0, 0.06%, 9, 0, 7, 284.11
1735516153, 3, 11, 54, 29, 0, 0.06%, 9, 0, 7, 235.85
1735516158, 3, 13, 54, 29, 0, 0.06%, 9, 0, 7, 236.72
1735516163, 3, 15, 54, 29, 0, 0.06%, 9, 0, 7, 233.60
1735516169, 3, 17, 54, 29, 0, 0.06%, 9, 0, 7, 282.88
1735516194, 3, 19, 54, 28, 0, 0.06%, 9, 0, 7, 239.55
1735516204, 3, 20, 54, 28, 0, 0.06%, 9, 0, 7, 272.94
1735516229, 3, 22, 54, 27, 0, 0.06%, 9, 0, 7, 358.86
1735516260, 3, 26, 54, 26, 0, 0.06%, 9, 0, 7, 301.04
1735516290, 3, 27, 54, 25, 0, 0.06%, 9, 0, 7, 275.38
1735516296, 3, 29, 54, 25, 0, 0.06%, 9, 0, 7, 268.86
1735516301, 3, 33, 54, 25, 0, 0.06%, 9, 0, 7, 323.86
1735516346, 3, 36, 54, 24, 0, 0.06%, 9, 0, 7, 349.53
1735516372, 3, 45, 54, 23, 0, 0.06%, 9, 0, 7, 295.28
1735516408, 4, 11, 54, 22, 0, 0.06%, 9, 0, 7, 263.20
1735516413, 4, 13, 54, 22, 0, 0.06%, 9, 0, 7, 255.41
1735516418, 4, 15, 54, 22, 0, 0.06%, 9, 0, 7, 246.35
1735516423, 4, 17, 54, 22, 0, 0.06%, 9, 0, 7, 249.93
1735516428, 4, 19, 54, 22, 0, 0.06%, 9, 0, 7, 253.08
1735516433, 4, 23, 54, 22, 0, 0.06%, 9, 0, 7, 315.14
1735516463, 4, 23, 55, 23, 0, 0.06%, 9, 0, 7, 259.71
1735516469, 4, 27, 55, 22, 0, 0.06%, 9, 0, 7, 276.64
1735516474, 4, 29, 55, 22, 0, 0.06%, 9, 0, 7, 269.15
1735516479, 4, 48, 55, 22, 0, 0.06%, 9, 0, 7, 325.26
1735516504, 4, 51, 55, 21, 0, 0.06%, 9, 0, 7, 325.07
1735516509, 4, 51, 58, 24, 0, 0.06%, 9, 0, 7, 443.09
1735516621, 4, 52, 58, 23, 0, 0.06%, 9, 0, 7, 386.23
1735516641, 4, 52, 59, 24, 0, 0.06%, 9, 0, 7, 289.96
1735516666, 4, 58, 59, 23, 0, 0.06%, 9, 0, 7, 218.05
1735516677, 4, 58, 60, 24, 0, 0.06%, 9, 0, 7, 384.08
1735517318, 5, 5, 60, 23, 0, 0.06%, 9, 0, 7, 257.46
1735517323, 5, 12, 60, 23, 0, 0.06%, 9, 0, 7, 259.71
1735517328, 5, 14, 60, 23, 0, 0.06%, 9, 0, 7, 266.91
1735517333, 5, 19, 60, 23, 0, 0.06%, 9, 0, 7, 265.55
1735517338, 5, 25, 60, 23, 0, 0.06%, 9, 0, 7, 313.16
1735517369, 5, 27, 60, 22, 0, 0.06%, 9, 0, 7, 294.42
1735517374, 5, 28, 60, 22, 0, 0.06%, 9, 0, 7, 314.48
1735517399, 5, 29, 60, 21, 0, 0.06%, 9, 0, 7, 284.47
1735517404, 5, 32, 60, 21, 0, 0.06%, 9, 0, 7, 402.12
1735517435, 5, 33, 60, 20, 0, 0.06%, 9, 0, 7, 288.80
1735517440, 5, 37, 60, 20, 0, 0.06%, 9, 0, 7, 301.78
1735517445, 5, 41, 60, 20, 0, 0.06%, 9, 0, 7, 368.37
1735517501, 5, 44, 61, 20, 0, 0.06%, 9, 0, 8, 381.24
1735517577, 5, 49, 61, 19, 0, 0.06%, 9, 0, 8, 344.34
1735517638, 5, 49, 62, 20, 0, 0.06%, 9, 0, 8, 286.21
1735517643, 5, 51, 62, 19, 0, 0.06%, 9, 0, 8, 314.76
1735517653, 5, 55, 62, 19, 0, 0.06%, 9, 0, 8, 309.28
1735517755, 5, 57, 62, 18, 0, 0.06%, 9, 0, 8, 324.33
1735517867, 5, 59, 62, 17, 0, 0.06%, 9, 0, 8, 354.81
1735518030, 5, 60, 62, 16, 0, 0.06%, 9, 0, 8, 288.38
1735518127, 5, 60, 63, 17, 0, 0.06%, 9, 0, 9, 269.35
1735518132, 5, 60, 64, 18, 0, 0.06%, 9, 0, 9, 290.06
1735518137, 5, 62, 65, 18, 0, 0.06%, 9, 0, 10, 333.22
1735518152, 5, 62, 66, 19, 0, 0.06%, 9, 0, 10, 464.72
1735518168, 5, 62, 68, 21, 0, 0.06%, 9, 0, 10, 457.47
1735518305, 5, 62, 69, 22, 0, 0.06%, 9, 0, 10, 292.39
1735518310, 5, 64, 69, 21, 0, 0.06%, 9, 0, 10, 246.59
1735518488, 5, 68, 69, 20, 0, 0.06%, 9, 0, 10, 369.10
1735518503, 5, 68, 70, 21, 0, 0.06%, 9, 0, 11, 292.53
1735518508, 5, 68, 71, 22, 0, 0.06%, 9, 0, 11, 287.64
1735518605, 6, 12, 71, 21, 0, 0.06%, 9, 0, 11, 263.84
1735518610, 6, 14, 71, 21, 0, 0.06%, 9, 0, 11, 262.42
1735518615, 6, 19, 71, 21, 0, 0.06%, 9, 0, 11, 264.50
1735518620, 6, 27, 71, 21, 0, 0.06%, 9, 0, 11, 284.75
1735518625, 6, 29, 71, 21, 0, 0.06%, 9, 0, 11, 280.53
1735518630, 6, 45, 71, 21, 0, 0.06%, 9, 0, 11, 293.87
1735518636, 6, 49, 71, 21, 0, 0.06%, 9, 0, 11, 295.01
1735518646, 6, 53, 71, 21, 0, 0.06%, 9, 0, 11, 246.94
1735518702, 6, 53, 72, 22, 0, 0.06%, 9, 0, 11, 451.80
1735519017, 6, 54, 72, 21, 0, 0.06%, 9, 0, 11, 338.55
1735519139, 6, 55, 72, 20, 0, 0.06%, 9, 0, 11, 299.60
1735519144, 6, 56, 72, 20, 0, 0.06%, 9, 0, 11, 344.11
1735519256, 6, 57, 72, 19, 0, 0.06%, 9, 0, 11, 266.82
1735519261, 6, 70, 72, 19, 0, 0.06%, 9, 0, 11, 239.60
1735519530, 6, 70, 73, 20, 0, 0.06%, 9, 0, 12, 375.86
1735519601, 6, 71, 73, 19, 0, 0.06%, 9, 0, 12, 277.09
1735519733, 6, 72, 74, 19, 0, 0.06%, 9, 0, 13, 339.44
1735519855, 7, 11, 74, 18, 0, 0.06%, 9, 0, 13, 315.54
1735519860, 7, 13, 74, 18, 0, 0.06%, 9, 0, 13, 281.70
1735519865, 7, 15, 74, 18, 0, 0.06%, 9, 0, 13, 270.40
1735519870, 7, 19, 74, 18, 0, 0.06%, 9, 0, 13, 267.89
1735519875, 7, 21, 74, 18, 0, 0.06%, 9, 0, 13, 362.21
1735519906, 7, 27, 74, 17, 0, 0.06%, 9, 0, 13, 281.41
1735519911, 7, 29, 74, 17, 0, 0.06%, 9, 0, 13, 263.98
1735519916, 7, 31, 74, 17, 0, 0.06%, 9, 0, 13, 359.88
1735519941, 7, 33, 74, 16, 0, 0.06%, 9, 0, 13, 292.03
1735519946, 7, 34, 74, 16, 0, 0.06%, 9, 0, 13, 401.10
1735519972, 7, 40, 74, 15, 0, 0.06%, 9, 0, 13, 347.33
1735519997, 7, 47, 74, 14, 0, 0.06%, 9, 0, 13, 312.95
1735520028, 7, 70, 74, 13, 0, 0.06%, 9, 0, 13, 337.27
1735520038, 8, 11, 74, 13, 0, 0.06%, 9, 0, 13, 292.36
1735520043, 8, 13, 74, 13, 0, 0.06%, 9, 0, 13, 274.18
1735520048, 8, 15, 74, 13, 0, 0.06%, 9, 0, 13, 254.28
1735520053, 8, 19, 74, 13, 0, 0.06%, 9, 0, 13, 270.31
1735520058, 8, 27, 74, 13, 0, 0.06%, 9, 0, 13, 286.18
1735520063, 8, 29, 74, 13, 0, 0.06%, 9, 0, 13, 280.23
1735520068, 8, 53, 74, 13, 0, 0.06%, 9, 0, 13, 298.78
1735520079, 8, 63, 74, 13, 0, 0.06%, 9, 0, 13, 415.78
1735520150, 8, 65, 74, 12, 0, 0.06%, 9, 0, 13, 343.79
1735520221, 9, 5, 74, 11, 0, 0.06%, 9, 0, 13, 277.84
1735520226, 9, 13, 74, 11, 0, 0.06%, 9, 0, 13, 268.65
1735520231, 9, 15, 74, 11, 0, 0.06%, 9, 0, 13, 261.10
1735520236, 9, 19, 74, 11, 0, 0.06%, 9, 0, 13, 265.48
1735520242, 9, 27, 74, 11, 0, 0.06%, 9, 0, 13, 283.56
1735520247, 9, 29, 74, 11, 0, 0.06%, 9, 0, 13, 273.71
1735520252, 9, 31, 74, 11, 0, 0.06%, 9, 0, 13, 291.77
1735520257, 9, 42, 74, 11, 0, 0.06%, 9, 0, 13, 378.23
1735520282, 9, 43, 74, 10, 0, 0.06%, 9, 0, 13, 331.39
1735520364, 9, 49, 74, 9, 0, 0.06%, 9, 0, 13, 293.88
1735520369, 9, 67, 74, 9, 0, 0.06%, 9, 0, 13, 298.75
1735520516, 10, 12, 74, 8, 0, 0.06%, 9, 0, 13, 269.90
1735520521, 10, 13, 74, 8, 0, 0.06%, 9, 0, 13, 265.31
1735520526, 10, 15, 74, 8, 0, 0.06%, 9, 0, 13, 263.65
1735520532, 10, 19, 74, 8, 0, 0.06%, 9, 0, 13, 289.25
1735520537, 10, 23, 74, 8, 0, 0.06%, 9, 0, 13, 290.01
1735520542, 10, 27, 74, 8, 0, 0.06%, 9, 0, 13, 283.70
1735520547, 10, 29, 74, 8, 0, 0.06%, 9, 0, 13, 265.40
1735520552, 10, 43, 74, 8, 0, 0.06%, 9, 0, 13, 284.66
1735520557, 11, 12, 74, 8, 0, 0.06%, 9, 0, 13, 274.51
1735520562, 11, 14, 74, 8, 0, 0.06%, 9, 0, 13, 258.67
1735520567, 11, 19, 74, 8, 0, 0.06%, 9, 0, 13, 273.69
1735520572, 11, 27, 74, 8, 0, 0.06%, 9, 0, 13, 265.45
1735520577, 11, 29, 74, 8, 0, 0.06%, 9, 0, 13, 275.42
1735520582, 11, 45, 74, 8, 0, 0.06%, 9, 0, 13, 289.52
1735520587, 11, 61, 74, 8, 0, 0.06%, 9, 0, 13, 277.55
1735520720, 11, 61, 75, 9, 0, 0.06%, 9, 0, 13, 309.05
1735520735, 11, 61, 76, 10, 0, 0.06%, 9, 0, 13, 319.30
1735520826, 11, 69, 76, 9, 0, 0.06%, 9, 0, 13, 276.52
1735520922, 11, 71, 76, 8, 0, 0.06%, 9, 0, 13, 290.26
1735520933, 11, 75, 76, 8, 0, 0.06%, 9, 0, 13, 346.41
1735521177, 12, 12, 76, 7, 0, 0.06%, 9, 0, 13, 275.71
1735521182, 12, 14, 76, 7, 0, 0.06%, 9, 0, 13, 271.18
1735521187, 12, 19, 76, 7, 0, 0.06%, 9, 0, 13, 262.12
1735521192, 12, 22, 76, 7, 0, 0.06%, 9, 0, 13, 274.22
1735521197, 12, 27, 76, 7, 0, 0.06%, 9, 0, 13, 284.00
1735521202, 12, 29, 76, 7, 0, 0.06%, 9, 0, 13, 291.66
1735521207, 12, 35, 76, 7, 0, 0.06%, 9, 0, 13, 303.16
1735521238, 12, 38, 76, 6, 0, 0.06%, 9, 0, 13, 297.22
1735521294, 12, 66, 76, 5, 0, 0.06%, 9, 0, 13, 323.07
1735521442, 13, 11, 76, 4, 0, 0.06%, 9, 0, 13, 269.87
1735521447, 13, 13, 76, 4, 0, 0.06%, 9, 0, 13, 265.86
1735521452, 13, 15, 76, 4, 0, 0.06%, 9, 0, 13, 256.83
1735521457, 13, 19, 76, 4, 0, 0.06%, 9, 0, 13, 265.65
1735521462, 13, 23, 76, 4, 0, 0.06%, 9, 0, 13, 282.59
1735521467, 13, 27, 76, 4, 0, 0.06%, 9, 0, 13, 286.38
1735521473, 13, 29, 76, 4, 0, 0.06%, 9, 0, 13, 262.61
1735521478, 13, 68, 76, 4, 0, 0.06%, 9, 0, 13, 277.35
1735521493, 13, 73, 76, 4, 0, 0.06%, 9, 0, 13, 348.19
1735521579, 13, 73, 77, 5, 0, 0.06%, 9, 0, 14, 329.35
1735521661, 14, 11, 77, 4, 0, 0.06%, 9, 0, 14, 281.03
1735521666, 14, 13, 77, 4, 0, 0.06%, 9, 0, 14, 264.68
1735521671, 14, 15, 77, 4, 0, 0.06%, 9, 0, 14, 272.49
1735521676, 14, 19, 77, 4, 0, 0.06%, 9, 0, 14, 262.61
1735521681, 14, 27, 77, 4, 0, 0.06%, 9, 0, 14, 273.68
1735521686, 14, 29, 77, 4, 0, 0.06%, 9, 0, 14, 279.82
1735521691, 14, 62, 77, 4, 0, 0.06%, 9, 0, 14, 313.15
1735521706, 14, 74, 77, 4, 0, 0.06%, 9, 0, 14, 389.66
1735521951, 15, 12, 77, 3, 0, 0.06%, 9, 0, 14, 265.43
1735521956, 15, 13, 77, 3, 0, 0.06%, 9, 0, 14, 282.71
1735521961, 15, 16, 77, 3, 0, 0.06%, 9, 0, 14, 275.20
1735521966, 15, 19, 77, 3, 0, 0.06%, 9, 0, 14, 272.13
1735521971, 15, 27, 77, 3, 0, 0.06%, 9, 0, 14, 291.14
1735521976, 15, 29, 77, 3, 0, 0.06%, 9, 0, 14, 294.41
1735521981, 15, 46, 77, 3, 0, 0.06%, 9, 0, 14, 272.76
1735522012, 15, 50, 77, 2, 0, 0.06%, 9, 0, 14, 297.18
1735522037, 16, 12, 77, 1, 0, 0.06%, 9, 0, 14, 267.47
1735522042, 16, 14, 77, 1, 0, 0.06%, 9, 0, 14, 257.23
1735522047, 16, 16, 77, 1, 0, 0.06%, 9, 0, 14, 261.44
1735522052, 16, 17, 77, 1, 0, 0.06%, 9, 0, 14, 268.23
1735522063, 16, 19, 77, 1, 0, 0.06%, 9, 0, 14, 271.49
1735522068, 16, 20, 77, 1, 0, 0.06%, 9, 0, 14, 278.39
1735522073, 16, 25, 77, 1, 0, 0.06%, 9, 0, 14, 287.60
1735522078, 16, 27, 77, 1, 0, 0.06%, 9, 0, 14, 300.15
1735522083, 16, 29, 77, 1, 0, 0.06%, 9, 0, 14, 272.74
1735522088, 16, 35, 77, 1, 0, 0.06%, 9, 0, 14, 276.88
1735522093, 16, 42, 77, 1, 0, 0.06%, 9, 0, 14, 279.07
1735522098, 16, 48, 77, 1, 0, 0.06%, 9, 0, 14, 274.13
1735522108, 16, 57, 77, 1, 0, 0.06%, 9, 0, 14, 286.06
1735522113, 17, 12, 77, 1, 0, 0.06%, 9, 0, 14, 267.75
1735522119, 17, 14, 77, 1, 0, 0.06%, 9, 0, 14, 264.45
1735522124, 17, 19, 77, 1, 0, 0.06%, 9, 0, 14, 274.00
1735522129, 17, 27, 77, 1, 0, 0.06%, 9, 0, 14, 280.70
1735522134, 17, 29, 77, 1, 0, 0.06%, 9, 0, 14, 288.03
1735522139, 17, 31, 77, 1, 0, 0.06%, 9, 0, 14, 283.04
1735522144, 17, 67, 77, 1, 0, 0.06%, 9, 0, 14, 297.57
1735522159, 17, 76, 78, 2, 0, 0.06%, 9, 0, 15, 265.31
1735522306, 17, 77, 78, 1, 0, 0.06%, 9, 0, 15, 370.94
1735522449, 18, 11, 78, 0, 0, 0.06%, 9, 0, 15, 240.88
1735522454, 18, 13, 78, 0, 0, 0.06%, 9, 0, 15, 265.00
1735522459, 18, 15, 78, 0, 0, 0.06%, 9, 0, 15, 254.05
1735522464, 18, 19, 78, 0, 0, 0.06%, 9, 0, 15, 259.09
1735522470, 18, 27, 78, 0, 0, 0.06%, 9, 0, 15, 280.10
1735522475, 18, 29, 78, 0, 0, 0.06%, 9, 0, 15, 277.92
1735522480, 18, 73, 78, 0, 0, 0.06%, 9, 0, 15, 306.35
1735522495, 19, 12, 78, 0, 0, 0.06%, 9, 0, 15, 274.85
1735522500, 19, 14, 78, 0, 0, 0.06%, 9, 0, 15, 262.38
1735522505, 19, 19, 78, 0, 0, 0.06%, 9, 0, 15, 270.77
1735522510, 19, 20, 78, 0, 0, 0.06%, 9, 0, 15, 276.65
1735522515, 19, 27, 78, 0, 0, 0.06%, 9, 0, 15, 282.20
1735522521, 19, 29, 78, 0, 0, 0.06%, 9, 0, 15, 283.10
1735522526, 20, 11, 78, 0, 0, 0.06%, 9, 0, 15, 274.55
1735522531, 20, 13, 78, 0, 0, 0.06%, 9, 0, 15, 264.54
1735522536, 20, 15, 78, 0, 0, 0.06%, 9, 0, 15, 255.14
1735522541, 20, 19, 78, 0, 0, 0.06%, 9, 0, 15, 278.72
1735522546, 20, 21, 78, 0, 0, 0.06%, 9, 0, 15, 291.20
1735522551, 20, 27, 78, 0, 0, 0.06%, 9, 0, 15, 306.26
1735522556, 20, 29, 78, 0, 0, 0.06%, 9, 0, 15, 293.03
1735522562, 20, 64, 78, 0, 0, 0.06%, 9, 0, 15, 294.87
1735522577, 20, 69, 78, 0, 0, 0.06%, 9, 0, 15, 249.16
1735522592, 21, 11, 78, 0, 0, 0.06%, 9, 0, 15, 278.92
1735522597, 21, 13, 78, 0, 0, 0.06%, 9, 0, 15, 273.23
1735522602, 21, 18, 78, 0, 0, 0.06%, 9, 0, 15, 275.24
1735522612, 21, 19, 78, 0, 0, 0.06%, 9, 0, 15, 277.71
1735522617, 21, 23, 78, 0, 0, 0.06%, 9, 0, 15, 275.16
1735522623, 21, 27, 78, 0, 0, 0.06%, 9, 0, 15, 285.84
1735522628, 21, 29, 78, 0, 0, 0.06%, 9, 0, 15, 271.31
1735522633, 21, 56, 78, 0, 0, 0.06%, 9, 0, 15, 274.22
1735522638, 22, 12, 78, 0, 0, 0.06%, 9, 0, 15, 271.25
1735522643, 22, 14, 78, 0, 0, 0.06%, 9, 0, 15, 274.16
1735522648, 22, 19, 78, 0, 0, 0.06%, 9, 0, 15, 260.48
1735522653, 22, 25, 78, 0, 0, 0.06%, 9, 0, 15, 263.77
1735522658, 22, 27, 78, 0, 0, 0.06%, 9, 0, 15, 270.66
1735522663, 22, 29, 78, 0, 0, 0.06%, 9, 0, 15, 281.62
1735522668, 22, 38, 78, 0, 0, 0.06%, 9, 0, 15, 290.15
1735522673, 22, 39, 78, 0, 0, 0.06%, 9, 0, 15, 295.06
1735522678, 22, 43, 78, 0, 0, 0.06%, 9, 0, 15, 306.20
1735522683, 22, 73, 78, 0, 0, 0.06%, 9, 0, 15, 308.81
1735522699, 23, 11, 78, 0, 0, 0.06%, 9, 0, 15, 264.28
1735522704, 23, 12, 78, 0, 0, 0.06%, 9, 0, 15, 264.58
1735522709, 23, 14, 78, 0, 0, 0.06%, 9, 0, 15, 263.56
1735522714, 23, 19, 78, 0, 0, 0.06%, 9, 0, 15, 260.67
1735522719, 23, 27, 78, 0, 0, 0.06%, 9, 0, 15, 282.10
1735522724, 23, 29, 78, 0, 0, 0.06%, 9, 0, 15, 279.68
1735522729, 23, 71, 78, 0, 0, 0.06%, 9, 0, 15, 303.55
1735522739, 24, 11, 78, 0, 0, 0.06%, 9, 0, 15, 279.61
1735522744, 24, 13, 78, 0, 0, 0.06%, 9, 0, 15, 266.96
1735522749, 24, 15, 78, 0, 0, 0.06%, 9, 0, 15, 263.32
1735522754, 24, 19, 78, 0, 0, 0.06%, 9, 0, 15, 270.34
1735522759, 24, 27, 78, 0, 0, 0.06%, 9, 0, 15, 274.98
1735522764, 24, 29, 78, 0, 0, 0.06%, 9, 0, 15, 271.00
1735522769, 24, 34, 78, 0, 0, 0.06%, 9, 0, 15, 294.24
1735522774, 24, 64, 78, 0, 0, 0.06%, 9, 0, 15, 302.74
1735522779, 24, 66, 78, 0, 0, 0.06%, 9, 0, 15, 290.94
1735522795, 24, 75, 78, 0, 0, 0.06%, 9, 0, 15, 286.30
1735522815, 25, 11, 78, 0, 0, 0.06%, 9, 0, 15, 256.65
1735522820, 25, 13, 78, 0, 0, 0.06%, 9, 0, 15, 257.45
1735522825, 25, 15, 78, 0, 0, 0.06%, 9, 0, 15, 270.01
1735522830, 25, 19, 78, 0, 0, 0.06%, 9, 0, 15, 277.69
1735522835, 25, 27, 78, 0, 0, 0.06%, 9, 0, 15, 283.02
1735522841, 25, 29, 78, 0, 0, 0.06%, 9, 0, 15, 277.71
1735522846, 25, 33, 78, 0, 0, 0.06%, 9, 0, 15, 278.07
1735522851, 25, 47, 78, 0, 0, 0.06%, 9, 0, 15, 289.95
1735522861, 25, 52, 78, 0, 0, 0.06%, 9, 0, 15, 286.53
1735522871, 25, 66, 78, 0, 0, 0.06%, 9, 0, 15, 283.81
1735522876, 26, 1, 78, 0, 0, 0.06%, 9, 0, 15, 268.26
1735522881, 26, 12, 78, 0, 0, 0.06%, 9, 0, 15, 277.37
1735522886, 26, 14, 78, 0, 0, 0.06%, 9, 0, 15, 266.22
1735522891, 26, 19, 78, 0, 0, 0.06%, 9, 0, 15, 257.30
1735522896, 26, 22, 78, 0, 0, 0.06%, 9, 0, 15, 277.60
1735522902, 26, 27, 78, 0, 0, 0.06%, 9, 0, 15, 290.14
1735522907, 26, 29, 78, 0, 0, 0.06%, 9, 0, 15, 282.86
1735522912, 26, 43, 78, 0, 0, 0.06%, 9, 0, 15, 301.62
1735522917, 26, 71, 78, 0, 0, 0.06%, 9, 0, 15, 299.02
1735522922, 27, 4, 78, 0, 0, 0.06%, 9, 0, 15, 268.20
1735522927, 27, 12, 78, 0, 0, 0.06%, 9, 0, 15, 270.10
1735522932, 27, 14, 78, 0, 0, 0.06%, 9, 0, 15, 270.65
1735522937, 27, 19, 78, 0, 0, 0.06%, 9, 0, 15, 262.95
1735522942, 27, 27, 78, 0, 0, 0.06%, 9, 0, 15, 273.00
1735522947, 27, 29, 78, 0, 0, 0.06%, 9, 0, 15, 275.56
1735522953, 27, 63, 78, 0, 0, 0.06%, 9, 0, 15, 283.96
1735522968, 27, 75, 78, 0, 0, 0.06%, 9, 0, 15, 294.84
1735522978, 28, 10, 78, 0, 0, 0.06%, 9, 0, 15, 277.92
1735522983, 28, 12, 78, 0, 0, 0.06%, 9, 0, 15, 273.77
1735522988, 28, 14, 78, 0, 0, 0.06%, 9, 0, 15, 266.51
1735522993, 28, 19, 78, 0, 0, 0.06%, 9, 0, 15, 260.86
1735522998, 28, 27, 78, 0, 0, 0.06%, 9, 0, 15, 271.32
1735523003, 28, 29, 78, 0, 0, 0.06%, 9, 0, 15, 276.28
1735523008, 28, 45, 78, 0, 0, 0.06%, 9, 0, 15, 290.77
1735523013, 29, 11, 78, 0, 0, 0.06%, 9, 0, 15, 274.83
1735523018, 29, 13, 78, 0, 0, 0.06%, 9, 0, 15, 269.01
1735523023, 29, 15, 78, 0, 0, 0.06%, 9, 0, 15, 260.32
1735523028, 29, 19, 78, 0, 0, 0.06%, 9, 0, 15, 277.36
1735523033, 29, 27, 78, 0, 0, 0.06%, 9, 0, 15, 297.02
1735523038, 29, 29, 78, 0, 0, 0.06%, 9, 0, 15, 291.60
1735523043, 29, 43, 78, 0, 0, 0.06%, 9, 0, 15, 310.60
1735523048, 29, 49, 78, 0, 0, 0.06%, 9, 0, 15, 298.08
1735523053, 29, 53, 78, 0, 0, 0.06%, 9, 0, 15, 299.04
1735523058, 29, 61, 78, 0, 0, 0.06%, 9, 0, 15, 306.03
1735523069, 29, 70, 78, 0, 0, 0.06%, 9, 0, 15, 318.07
1735523074, 30, 11, 78, 0, 0, 0.06%, 9, 0, 15, 285.26
1735523079, 30, 13, 78, 0, 0, 0.06%, 9, 0, 15, 268.35
1735523084, 30, 15, 78, 0, 0, 0.06%, 9, 0, 15, 272.04
1735523089, 30, 19, 78, 0, 0, 0.06%, 9, 0, 15, 278.76
1735523094, 30, 25, 78, 0, 0, 0.06%, 9, 0, 15, 276.09
1735523099, 30, 27, 78, 0, 0, 0.06%, 9, 0, 15, 286.37
1735523104, 30, 28, 78, 0, 0, 0.06%, 9, 0, 15, 296.57
1735523109, 30, 29, 78, 0, 0, 0.06%, 9, 0, 15, 283.02
1735523114, 30, 30, 78, 0, 0, 0.06%, 9, 0, 15, 274.64
1735523119, 30, 76, 78, 0, 0, 0.06%, 9, 0, 15, 307.77
1735523155, 31, 1, 78, 0, 0, 0.06%, 9, 0, 15, 273.47
1735523160, 31, 12, 78, 0, 0, 0.06%, 9, 0, 15, 265.13
1735523165, 31, 13, 78, 0, 0, 0.06%, 9, 0, 15, 274.33
1735523170, 31, 19, 78, 0, 0, 0.06%, 9, 0, 15, 279.69
1735523180, 31, 27, 78, 0, 0, 0.06%, 9, 0, 15, 274.84
1735523185, 31, 29, 78, 0, 0, 0.06%, 9, 0, 15, 278.99
1735523190, 31, 31, 78, 0, 0, 0.06%, 9, 0, 15, 283.62
1735523196, 31, 35, 78, 0, 0, 0.06%, 9, 0, 15, 285.01
1735523201, 31, 45, 78, 0, 0, 0.06%, 9, 0, 15, 292.05
1735523206, 32, 12, 78, 0, 0, 0.06%, 9, 0, 15, 273.04
1735523211, 32, 14, 78, 0, 0, 0.06%, 9, 0, 15, 263.42
1735523216, 32, 19, 78, 0, 0, 0.06%, 9, 0, 15, 257.02
1735523221, 32, 27, 78, 0, 0, 0.06%, 9, 0, 15, 279.09
1735523226, 32, 29, 78, 0, 0, 0.06%, 9, 0, 15, 270.40
1735523231, 32, 54, 78, 0, 0, 0.06%, 9, 0, 15, 267.69
1735523236, 32, 71, 78, 0, 0, 0.06%, 9, 0, 15, 274.38
1735523241, 33, 11, 78, 0, 0, 0.06%, 9, 0, 15, 270.83
1735523246, 33, 13, 78, 0, 0, 0.06%, 9, 0, 15, 267.72
1735523251, 33, 15, 78, 0, 0, 0.06%, 9, 0, 15, 258.76
1735523256, 33, 19, 78, 0, 0, 0.06%, 9, 0, 15, 278.52
1735523262, 33, 27, 78, 0, 0, 0.06%, 9, 0, 15, 281.82
1735523267, 33, 29, 78, 0, 0, 0.06%, 9, 0, 15, 273.23
1735523272, 33, 31, 78, 0, 0, 0.06%, 9, 0, 15, 303.95
1735523277, 33, 52, 78, 0, 0, 0.06%, 9, 0, 15, 290.50
1735523282, 33, 64, 78, 0, 0, 0.06%, 9, 0, 15, 298.32
1735523287, 33, 74, 78, 0, 0, 0.06%, 9, 0, 15, 293.02
1735523308, 34, 11, 78, 0, 0, 0.06%, 9, 0, 15, 263.97
1735523313, 34, 13, 78, 0, 0, 0.06%, 9, 0, 15, 261.18
1735523318, 34, 15, 78, 0, 0, 0.06%, 9, 0, 15, 258.98
1735523323, 34, 19, 78, 0, 0, 0.06%, 9, 0, 15, 271.84
1735523328, 34, 27, 78, 0, 0, 0.06%, 9, 0, 15, 277.78
1735523333, 34, 29, 78, 0, 0, 0.06%, 9, 0, 15, 281.89
1735523338, 34, 34, 78, 0, 0, 0.06%, 9, 0, 15, 293.22
1735523343, 34, 55, 78, 0, 0, 0.06%, 9, 0, 15, 307.13
1735523348, 34, 76, 78, 0, 0, 0.06%, 9, 0, 15, 316.76
1735523389, 35, 11, 78, 0, 0, 0.06%, 9, 0, 15, 274.07
1735523394, 35, 13, 78, 0, 0, 0.06%, 9, 0, 15, 265.74
1735523399, 35, 15, 78, 0, 0, 0.06%, 9, 0, 15, 261.47
1735523404, 35, 19, 78, 0, 0, 0.06%, 9, 0, 15, 273.86
1735523409, 35, 27, 78, 0, 0, 0.06%, 9, 0, 15, 287.83
1735523414, 35, 29, 78, 0, 0, 0.06%, 9, 0, 15, 295.78
1735523419, 35, 40, 78, 0, 0, 0.06%, 9, 0, 15, 298.52
1735523424, 35, 49, 78, 0, 0, 0.06%, 9, 0, 15, 293.92
1735523429, 35, 53, 78, 0, 0, 0.06%, 9, 0, 15, 290.25
1735523434, 36, 12, 78, 0, 0, 0.06%, 9, 0, 15, 275.27
1735523439, 36, 14, 78, 0, 0, 0.06%, 9, 0, 15, 261.78
1735523444, 36, 19, 78, 0, 0, 0.06%, 9, 0, 15, 269.24
1735523449, 36, 27, 78, 0, 0, 0.06%, 9, 0, 15, 279.99
1735523454, 36, 29, 78, 0, 0, 0.06%, 9, 0, 15, 280.04
1735523459, 36, 40, 78, 0, 0, 0.06%, 9, 0, 15, 281.10
1735523465, 37, 11, 78, 0, 0, 0.06%, 9, 0, 15, 280.00
1735523470, 37, 12, 78, 0, 0, 0.06%, 9, 0, 15, 266.43
1735523475, 37, 15, 78, 0, 0, 0.06%, 9, 0, 15, 270.10
1735523480, 37, 19, 78, 0, 0, 0.06%, 9, 0, 15, 269.24
1735523485, 37, 27, 78, 0, 0, 0.06%, 9, 0, 15, 278.21
1735523490, 37, 29, 78, 0, 0, 0.06%, 9, 0, 15, 268.64
1735523495, 37, 44, 78, 0, 0, 0.06%, 9, 0, 15, 304.10
1735523500, 37, 53, 78, 0, 0, 0.06%, 9, 0, 15, 304.02
1735523505, 37, 71, 78, 0, 0, 0.06%, 9, 0, 15, 292.46
1735523510, 37, 74, 78, 0, 0, 0.06%, 9, 0, 15, 314.15
1735523520, 38, 12, 78, 0, 0, 0.06%, 9, 0, 15, 278.26
1735523525, 38, 14, 78, 0, 0, 0.06%, 9, 0, 15, 272.52
1735523530, 38, 19, 78, 0, 0, 0.06%, 9, 0, 15, 276.78
1735523535, 38, 27, 78, 0, 0, 0.06%, 9, 0, 15, 267.25
1735523540, 38, 29, 78, 0, 0, 0.06%, 9, 0, 15, 280.70
1735523546, 38, 37, 78, 0, 0, 0.06%, 9, 0, 15, 289.42
1735523551, 39, 11, 78, 0, 0, 0.06%, 9, 0, 15, 291.27
1735523556, 39, 13, 78, 0, 0, 0.06%, 9, 0, 15, 266.72
1735523561, 39, 14, 78, 0, 0, 0.06%, 9, 0, 15, 271.14
1735523566, 39, 16, 78, 0, 0, 0.06%, 9, 0, 15, 266.03
1735523571, 39, 19, 78, 0, 0, 0.06%, 9, 0, 15, 272.88
1735523576, 39, 27, 78, 0, 0, 0.06%, 9, 0, 15, 281.06
1735523581, 39, 29, 78, 0, 0, 0.06%, 9, 0, 15, 285.09
1735523586, 39, 30, 78, 0, 0, 0.06%, 9, 0, 15, 277.28
1735523591, 39, 71, 78, 0, 0, 0.06%, 9, 0, 15, 279.43
1735523596, 40, 11, 78, 0, 0, 0.06%, 9, 0, 15, 266.17
1735523601, 40, 13, 78, 0, 0, 0.06%, 9, 0, 15, 267.16
1735523606, 40, 15, 78, 0, 0, 0.06%, 9, 0, 15, 262.36
1735523611, 40, 19, 78, 0, 0, 0.06%, 9, 0, 15, 268.97
1735523617, 40, 27, 78, 0, 0, 0.06%, 9, 0, 15, 293.91
1735523622, 40, 29, 78, 0, 0, 0.06%, 9, 0, 15, 272.64
1735523627, 40, 50, 78, 0, 0, 0.06%, 9, 0, 15, 275.61
1735523637, 41, 12, 78, 0, 0, 0.06%, 9, 0, 15, 276.64
1735523642, 41, 14, 78, 0, 0, 0.06%, 9, 0, 15, 271.96
1735523647, 41, 19, 78, 0, 0, 0.06%, 9, 0, 15, 267.26
1735523652, 41, 27, 78, 0, 0, 0.06%, 9, 0, 15, 279.00
1735523657, 41, 29, 78, 0, 0, 0.06%, 9, 0, 15, 277.93
1735523663, 41, 59, 78, 0, 0, 0.06%, 9, 0, 15, 276.39
1735523668, 41, 64, 78, 0, 0, 0.06%, 9, 0, 15, 291.99
1735523678, 42, 12, 78, 0, 0, 0.06%, 9, 0, 15, 270.61
1735523683, 42, 14, 78, 0, 0, 0.06%, 9, 0, 15, 276.79
1735523688, 42, 19, 78, 0, 0, 0.06%, 9, 0, 15, 271.47
1735523693, 42, 27, 78, 0, 0, 0.06%, 9, 0, 15, 281.68
1735523698, 42, 28, 78, 0, 0, 0.06%, 9, 0, 15, 277.89
1735523703, 42, 78, 79, 1, 1, 0.07%, 10, 0, 15, 283.36
1735523754, 43, 11, 79, 0, 0, 0.07%, 10, 0, 15, 276.61
1735523760, 43, 13, 79, 0, 0, 0.07%, 10, 0, 15, 261.72
1735523765, 43, 15, 79, 0, 0, 0.07%, 10, 0, 15, 259.74
1735523770, 43, 19, 79, 0, 0, 0.07%, 10, 0, 15, 267.19
1735523775, 43, 26, 79, 0, 0, 0.07%, 10, 0, 15, 277.57
1735523780, 43, 27, 79, 0, 0, 0.07%, 10, 0, 15, 282.35
1735523785, 43, 29, 79, 0, 0, 0.07%, 10, 0, 15, 283.74
1735523790, 43, 42, 79, 0, 0, 0.07%, 10, 0, 15, 295.48
1735523795, 43, 48, 79, 0, 0, 0.07%, 10, 0, 15, 272.42
1735523800, 43, 78, 79, 0, 0, 0.07%, 10, 0, 15, 256.60
1735523821, 44, 11, 79, 0, 0, 0.07%, 10, 0, 15, 272.83
1735523826, 44, 13, 79, 0, 0, 0.07%, 10, 0, 15, 265.65
1735523831, 44, 15, 79, 0, 0, 0.07%, 10, 0, 15, 265.64
1735523836, 44, 19, 79, 0, 0, 0.07%, 10, 0, 15, 262.65
1735523841, 44, 27, 79, 0, 0, 0.07%, 10, 0, 15, 278.94
1735523846, 44, 29, 79, 0, 0, 0.07%, 10, 0, 15, 270.39
1735523851, 44, 64, 79, 0, 0, 0.07%, 10, 0, 15, 297.12
1735523861, 44, 65, 79, 0, 0, 0.07%, 10, 0, 15, 271.77
1735523876, 44, 66, 79, 0, 0, 0.07%, 10, 0, 15, 279.63
1735523882, 44, 78, 79, 0, 0, 0.07%, 10, 0, 15, 262.89
1735523887, 44, 78, 80, 1, 0, 0.08%, 11, 0, 15, 230.61
1735523917, 44, 79, 80, 1, 1, 0.08%, 11, 0, 15, 227.79
1735523933, 44, 79, 81, 2, 1, 0.08%, 11, 0, 15, 242.68
1735524004, 45, 12, 81, 1, 0, 0.08%, 11, 0, 15, 248.71
1735524009, 45, 14, 81, 1, 0, 0.08%, 11, 0, 15, 252.95
1735524014, 45, 19, 81, 1, 0, 0.08%, 11, 0, 15, 263.55
1735524019, 45, 27, 81, 1, 0, 0.08%, 11, 0, 15, 278.42
1735524024, 45, 29, 81, 1, 0, 0.08%, 11, 0, 15, 278.52
1735524029, 45, 43, 81, 1, 0, 0.08%, 11, 0, 15, 300.90
1735524034, 45, 63, 81, 1, 0, 0.08%, 11, 0, 15, 292.75
1735524044, 45, 67, 81, 1, 0, 0.08%, 11, 0, 15, 286.26
1735524049, 45, 78, 81, 1, 0, 0.08%, 11, 0, 15, 266.42
1735524075, 45, 79, 81, 1, 0, 0.08%, 11, 0, 15, 256.08
1735524095, 46, 11, 81, 1, 0, 0.08%, 11, 0, 15, 273.78
1735524100, 46, 13, 81, 1, 0, 0.08%, 11, 0, 15, 256.22
1735524105, 46, 15, 81, 1, 0, 0.08%, 11, 0, 15, 261.69
1735524110, 46, 19, 81, 1, 0, 0.08%, 11, 0, 15, 267.71
1735524115, 46, 23, 81, 1, 0, 0.08%, 11, 0, 15, 286.16
1735524120, 46, 27, 81, 1, 0, 0.08%, 11, 0, 15, 278.23
1735524125, 46, 28, 81, 1, 0, 0.08%, 11, 0, 15, 275.80
1735524130, 46, 29, 81, 1, 0, 0.08%, 11, 0, 15, 264.35
1735524135, 46, 54, 81, 1, 0, 0.08%, 11, 0, 15, 294.41
1735524140, 46, 55, 81, 1, 0, 0.08%, 11, 0, 15, 287.00
1735524146, 46, 73, 81, 1, 0, 0.08%, 11, 0, 15, 305.34
1735524156, 46, 78, 81, 1, 0, 0.08%, 11, 0, 15, 255.12
1735524176, 46, 79, 81, 1, 0, 0.08%, 11, 0, 15, 264.14
1735524196, 47, 11, 81, 1, 0, 0.08%, 11, 0, 15, 261.37
1735524201, 47, 13, 81, 1, 0, 0.08%, 11, 0, 15, 265.47
1735524206, 47, 15, 81, 1, 0, 0.08%, 11, 0, 15, 262.82
1735524211, 47, 19, 81, 1, 0, 0.08%, 11, 0, 15, 266.70
1735524216, 47, 27, 81, 1, 0, 0.08%, 11, 0, 15, 283.53
1735524222, 47, 29, 81, 1, 0, 0.08%, 11, 0, 15, 280.54
1735524227, 47, 68, 81, 1, 0, 0.08%, 11, 0, 15, 287.92
1735524232, 47, 78, 81, 1, 0, 0.08%, 11, 0, 15, 263.92
1735524257, 47, 79, 81, 1, 0, 0.08%, 11, 0, 15, 252.14
1735524277, 48, 11, 81, 1, 0, 0.08%, 11, 0, 15, 273.50
1735524282, 48, 13, 81, 1, 0, 0.08%, 11, 0, 15, 261.05
1735524287, 48, 15, 81, 1, 0, 0.08%, 11, 0, 15, 266.12
1735524292, 48, 19, 81, 1, 0, 0.08%, 11, 0, 15, 282.49
1735524298, 48, 27, 81, 1, 0, 0.08%, 11, 0, 15, 293.11
1735524303, 48, 29, 81, 1, 0, 0.08%, 11, 0, 15, 276.88
1735524308, 48, 68, 81, 1, 0, 0.08%, 11, 0, 15, 278.48
1735524313, 48, 69, 81, 1, 0, 0.08%, 11, 0, 15, 305.53
1735524323, 48, 78, 81, 1, 0, 0.08%, 11, 0, 15, 255.58
1735524343, 48, 79, 81, 1, 0, 0.08%, 11, 0, 15, 258.98
1735524369, 49, 12, 81, 1, 0, 0.08%, 11, 0, 15, 262.89
1735524374, 49, 14, 81, 1, 0, 0.08%, 11, 0, 15, 258.59
1735524379, 49, 19, 81, 1, 0, 0.08%, 11, 0, 15, 271.69
1735524384, 49, 27, 81, 1, 0, 0.08%, 11, 0, 15, 285.49
1735524389, 49, 29, 81, 1, 0, 0.08%, 11, 0, 15, 272.00
1735524394, 49, 36, 81, 1, 0, 0.08%, 11, 0, 15, 267.48
1735524404, 49, 60, 81, 1, 0, 0.08%, 11, 0, 15, 299.19
1735524414, 49, 70, 81, 1, 0, 0.08%, 11, 0, 15, 305.78
1735524419, 49, 78, 81, 1, 0, 0.08%, 11, 0, 15, 274.29
1735524440, 49, 79, 81, 1, 0, 0.08%, 11, 0, 15, 263.01
1735524465, 50, 12, 81, 1, 0, 0.08%, 11, 0, 15, 261.11
1735524470, 50, 14, 81, 1, 0, 0.08%, 11, 0, 15, 269.84
1735524475, 50, 15, 81, 1, 0, 0.08%, 11, 0, 15, 263.54
1735524480, 50, 17, 81, 1, 0, 0.08%, 11, 0, 15, 264.51
1735524485, 50, 19, 81, 1, 0, 0.08%, 11, 0, 15, 272.77
1735524490, 50, 27, 81, 1, 0, 0.08%, 11, 0, 15, 272.78
1735524495, 50, 29, 81, 1, 0, 0.08%, 11, 0, 15, 268.42
1735524500, 50, 46, 81, 1, 0, 0.08%, 11, 0, 15, 271.73
1735524510, 50, 78, 81, 1, 0, 0.08%, 11, 0, 15, 245.73
1735524531, 50, 79, 81, 1, 0, 0.08%, 11, 0, 15, 279.48
1735524556, 50, 80, 82, 2, 0, 0.08%, 12, 0, 15, 329.11
1735524566, 50, 80, 83, 3, 0, 0.08%, 12, 0, 15, 277.55
1735524602, 50, 80, 84, 4, 0, 0.10%, 13, 0, 15, 266.95
1735524612, 50, 80, 85, 5, 0, 0.10%, 13, 0, 15, 272.05
1735524673, 50, 83, 89, 8, 1, 0.11%, 16, 0, 15, 321.48
1735524709, 50, 83, 90, 9, 1, 0.11%, 16, 0, 15, 274.54
1735524734, 50, 83, 91, 10, 1, 0.11%, 16, 0, 15, 270.18
1735524826, 50, 85, 91, 9, 3, 0.11%, 16, 0, 15, 314.48
1735524841, 50, 85, 92, 10, 3, 0.11%, 16, 0, 15, 271.21
1735524978, 50, 86, 92, 9, 2, 0.11%, 16, 0, 15, 333.11
1735524988, 50, 86, 93, 10, 2, 0.11%, 16, 0, 15, 286.67
1735525003, 50, 86, 95, 12, 2, 0.11%, 16, 0, 15, 269.70
1735525054, 50, 86, 96, 13, 2, 0.11%, 16, 0, 15, 264.99
1735525125, 50, 86, 98, 15, 2, 0.11%, 16, 0, 15, 296.88
1735525130, 50, 86, 100, 17, 2, 0.11%, 16, 0, 15, 324.47
1735525135, 50, 88, 100, 16, 1, 0.11%, 16, 0, 15, 324.79
1735525211, 50, 90, 100, 15, 0, 0.11%, 16, 0, 15, 292.19
1735525302, 50, 90, 101, 16, 0, 0.11%, 16, 0, 15, 294.66
1735525307, 50, 91, 101, 15, 0, 0.11%, 16, 0, 15, 293.81
1735525328, 50, 91, 102, 16, 0, 0.11%, 16, 0, 15, 294.32
1735525455, 50, 93, 103, 16, 0, 0.12%, 17, 0, 15, 289.57
1735525460, 50, 93, 104, 17, 0, 0.13%, 18, 0, 15, 347.59
1735525496, 50, 93, 105, 18, 0, 0.13%, 18, 0, 15, 282.28
1735525511, 50, 93, 106, 19, 0, 0.13%, 18, 0, 15, 282.06
1735525537, 50, 93, 107, 20, 0, 0.13%, 18, 0, 15, 277.77
1735525608, 50, 102, 107, 19, 2, 0.13%, 18, 0, 15, 349.76
1735525700, 50, 103, 109, 20, 1, 0.13%, 20, 0, 15, 387.49
1735525736, 50, 103, 110, 21, 1, 0.13%, 20, 0, 15, 277.18
1735525756, 50, 103, 111, 22, 1, 0.13%, 20, 0, 15, 276.13
1735525822, 50, 103, 113, 24, 1, 0.13%, 20, 0, 15, 315.95
1735525827, 50, 103, 115, 26, 1, 0.14%, 21, 0, 15, 283.18
1735525848, 50, 107, 115, 25, 3, 0.14%, 21, 0, 15, 285.71
1735525853, 50, 107, 116, 26, 3, 0.14%, 21, 0, 15, 343.82
