# unix_time, cycles_done, cur_path, paths_total, pending_total, pending_favs, map_size, unique_crashes, unique_hangs, max_depth, execs_per_sec
1735687296, 0, 0, 10, 10, 1, 0.00%, 0, 0, 1, 165.63
1735687301, 0, 4, 10, 10, 1, 0.00%, 0, 0, 1, 197.01
1735687306, 0, 5, 10, 9, 0, 0.00%, 0, 0, 1, 199.17
1735687311, 0, 6, 10, 8, 0, 0.00%, 0, 0, 1, 195.60
1735687322, 0, 7, 10, 7, 0, 0.00%, 0, 0, 1, 201.33
1735687327, 0, 8, 10, 6, 0, 0.00%, 0, 0, 1, 192.11
1735687337, 0, 9, 10, 5, 0, 0.00%, 0, 0, 1, 201.70
1735687342, 1, 0, 10, 4, 0, 0.00%, 0, 0, 1, 197.06
1735687352, 1, 1, 10, 3, 0, 0.00%, 0, 0, 1, 197.36
1735687362, 1, 2, 10, 2, 0, 0.00%, 0, 0, 1, 193.63
1735687373, 1, 3, 10, 1, 0, 0.00%, 0, 0, 1, 193.94
1735687383, 1, 4, 10, 0, 0, 0.00%, 0, 0, 1, 201.07
1735687388, 1, 5, 10, 0, 0, 0.00%, 0, 0, 1, 198.54
1735687393, 1, 6, 10, 0, 0, 0.00%, 0, 0, 1, 199.22
1735687398, 1, 8, 10, 0, 0, 0.00%, 0, 0, 1, 197.22
1735687403, 1, 9, 10, 0, 0, 0.00%, 0, 0, 1, 199.22
1735687408, 2, 0, 11, 1, 0, 0.05%, 1, 0, 2, 198.24
1735687414, 2, 10, 13, 3, 1, 0.05%, 3, 0, 3, 215.62
1735687439, 2, 10, 14, 4, 1, 0.05%, 4, 0, 3, 217.34
1735687495, 2, 10, 15, 5, 1, 0.06%, 5, 0, 3, 207.53
1735687530, 2, 10, 16, 6, 1, 0.06%, 6, 0, 3, 202.35
1735687540, 2, 10, 23, 13, 1, 0.06%, 7, 0, 3, 225.79
1735687545, 2, 11, 23, 12, 6, 0.06%, 7, 0, 3, 208.28
1735687565, 2, 12, 23, 11, 5, 0.06%, 7, 0, 3, 233.48
1735687586, 2, 12, 25, 13, 5, 0.06%, 7, 0, 4, 215.14
1735687591, 2, 14, 28, 15, 4, 0.06%, 8, 0, 4, 233.15
1735687616, 2, 15, 30, 16, 3, 0.06%, 9, 0, 4, 235.32
1735687652, 2, 21, 31, 16, 3, 0.06%, 9, 0, 4, 291.01
1735687677, 2, 27, 31, 15, 2, 0.06%, 9, 0, 4, 254.41
1735687682, 2, 27, 32, 16, 2, 0.06%, 9, 0, 5, 322.50
1735687718, 2, 28, 32, 15, 1, 0.06%, 9, 0, 5, 244.35
1735687748, 2, 28, 33, 16, 1, 0.06%, 9, 0, 5, 221.94
1735687789, 2, 30, 33, 15, 0, 0.06%, 9, 0, 5, 270.66
1735687794, 2, 30, 34, 16, 0, 0.06%, 9, 0, 5, 242.19
1735687804, 2, 30, 35, 17, 0, 0.06%, 9, 0, 5, 236.82
1735687830, 2, 30, 36, 18, 0, 0.06%, 9, 0, 5, 234.77
1735687845, 2, 30, 37, 19, 0, 0.06%, 9, 0, 5, 240.05
1735687850, 2, 30, 38, 20, 0, 0.06%, 9, 0, 5, 236.23
1735687906, 2, 30, 39, 21, 0, 0.06%, 9, 0, 5, 259.80
1735687911, 2, 34, 39, 20, 1, 0.06%, 9, 0, 5, 287.82
1735687921, 2, 34, 40, 21, 1, 0.06%, 9, 0, 6, 245.15
1735687937, 2, 34, 41, 22, 1, 0.06%, 9, 0, 6, 247.68
1735687952, 2, 34, 42, 23, 1, 0.06%, 9, 0, 6, 251.07
1735687967, 2, 34, 43, 24, 1, 0.06%, 9, 0, 6, 241.70
1735687988, 2, 34, 44, 25, 1, 0.06%, 9, 0, 6, 244.06
1735688033, 2, 38, 44, 24, 0, 0.06%, 9, 0, 6, 362.48
1735688069, 3, 11, 44, 23, 0, 0.06%, 9, 0, 6, 249.81
1735688074, 3, 12, 44, 23, 0, 0.06%, 9, 0, 6, 232.02
1735688079, 3, 14, 44, 23, 0, 0.06%, 9, 0, 6, 239.68
1735688085, 3, 14, 45, 24, 0, 0.06%, 9, 0, 6, 241.30
1735688090, 3, 15, 45, 24, 0, 0.06%, 9, 0, 6, 250.97
1735688095, 3, 16, 45, 24, 0, 0.06%, 9, 0, 6, 260.98
1735688110, 3, 18, 45, 23, 0, 0.06%, 9, 0, 6, 244.54
1735688130, 3, 22, 45, 22, 0, 0.06%, 9, 0, 6, 278.45
1735688135, 3, 22, 46, 23, 0, 0.06%, 9, 0, 6, 245.28
1735688151, 3, 22, 47, 24, 0, 0.06%, 9, 0, 6, 244.19
1735688156, 3, 24, 47, 23, 0, 0.06%, 9, 0, 6, 280.05
1735688181, 3, 27, 47, 22, 0, 0.06%, 9, 0, 6, 258.71
1735688191, 3, 28, 47, 22, 0, 0.06%, 9, 0, 6, 238.23
1735688207, 3, 34, 47, 22, 0, 0.06%, 9, 0, 6, 243.87
1735688217, 3, 37, 47, 22, 0, 0.06%, 9, 0, 6, 317.16
1735688263, 3, 39, 47, 21, 0, 0.06%, 9, 0, 6, 194.94
1735692598, 3, 39, 48, 22, 0, 0.06%, 9, 0, 7, 387.20
1735692613, 3, 39, 49, 23, 0, 0.06%, 9, 0, 7, 449.44
1735692623, 3, 39, 50, 24, 0, 0.06%, 9, 0, 7, 452.07
1735692628, 3, 39, 51, 25, 0, 0.06%, 9, 0, 7, 458.28
1735692658, 3, 39, 52, 26, 0, 0.06%, 9, 0, 7, 448.97
1735692674, 3, 43, 52, 25, 0, 0.06%, 9, 0, 7, 262.74
1735692821, 3, 43, 53, 26, 0, 0.06%, 9, 0, 7, 337.10
1735692841, 3, 43, 54, 27, 0, 0.06%, 9, 0, 7, 352.57
1735692851, 3, 43, 55, 28, 0, 0.06%, 9, 0, 7, 352.07
1735692907, 3, 43, 56, 29, 0, 0.06%, 9, 0, 7, 342.70
1735692922, 3, 44, 56, 28, 0, 0.06%, 9, 0, 7, 411.63
1735692932, 3, 44, 57, 29, 0, 0.06%, 9, 0, 7, 278.16
1735692947, 3, 44, 58, 30, 0, 0.06%, 9, 0, 7, 275.55
1735692978, 3, 44, 59, 31, 0, 0.06%, 9, 0, 7, 272.76
1735692993, 3, 44, 60, 32, 0, 0.06%, 9, 0, 7, 275.36
1735693059, 3, 45, 60, 31, 0, 0.06%, 9, 0, 7, 287.01
1735693069, 3, 45, 62, 33, 0, 0.06%, 9, 0, 7, 241.99
1735693074, 3, 45, 63, 34, 0, 0.06%, 9, 0, 7, 248.46
1735693100, 3, 45, 64, 35, 0, 0.06%, 9, 0, 7, 244.62
1735693125, 3, 45, 65, 36, 0, 0.06%, 9, 0, 7, 243.61
1735693201, 3, 52, 65, 35, 0, 0.06%, 9, 0, 7, 255.58
1735693446, 3, 59, 65, 34, 0, 0.06%, 9, 0, 7, 367.44
1735693487, 3, 59, 66, 35, 0, 0.06%, 9, 0, 7, 300.56
1735693517, 3, 60, 66, 34, 0, 0.06%, 9, 0, 7, 298.26
1735693584, 4, 12, 66, 33, 0, 0.06%, 9, 0, 7, 260.33
1735693589, 4, 13, 66, 33, 0, 0.06%, 9, 0, 7, 385.39
1735693604, 4, 14, 66, 32, 0, 0.06%, 9, 0, 7, 270.03
1735693609, 4, 25, 66, 32, 0, 0.06%, 9, 0, 7, 286.03
1735693640, 4, 27, 66, 31, 0, 0.06%, 9, 0, 7, 276.90
1735693645, 4, 28, 67, 32, 0, 0.06%, 9, 0, 7, 260.58
1735693650, 4, 30, 67, 32, 0, 0.06%, 9, 0, 7, 249.91
1735693660, 4, 32, 67, 32, 0, 0.06%, 9, 0, 7, 336.46
1735693691, 4, 33, 67, 31, 0, 0.06%, 9, 0, 7, 378.04
1735693726, 4, 34, 67, 30, 0, 0.06%, 9, 0, 7, 248.44
1735693731, 4, 44, 67, 30, 0, 0.06%, 9, 0, 7, 264.65
1735693742, 4, 51, 67, 30, 0, 0.06%, 9, 0, 7, 238.72
1735694361, 4, 51, 68, 31, 0, 0.06%, 9, 0, 8, 461.54
1735697916, 4, 53, 68, 30, 0, 0.06%, 9, 0, 8, 413.80
1735697997, 4, 55, 68, 29, 0, 0.06%, 9, 0, 8, 342.51
1735698073, 4, 65, 68, 28, 0, 0.06%, 9, 0, 8, 333.30
