# unix_time, cycles_done, cur_path, paths_total, pending_total, pending_favs, map_size, unique_crashes, unique_hangs, max_depth, execs_per_sec
1733803400, 0, 0, 10, 10, 1, 0.00%, 0, 0, 1, 150.66
1733803411, 0, 1, 10, 9, 0, 0.00%, 0, 0, 1, 165.75
1733803421, 0, 2, 10, 8, 0, 0.00%, 0, 0, 1, 181.16
1733803426, 0, 3, 10, 7, 0, 0.00%, 0, 0, 1, 175.60
1733803436, 0, 4, 10, 6, 0, 0.00%, 0, 0, 1, 166.62
1733803447, 0, 5, 10, 5, 0, 0.00%, 0, 0, 1, 178.33
1733803457, 0, 6, 10, 4, 0, 0.00%, 0, 0, 1, 178.46
1733803462, 0, 7, 10, 3, 0, 0.00%, 0, 0, 1, 168.02
1733803472, 0, 8, 10, 2, 0, 0.00%, 0, 0, 1, 182.58
1733803482, 0, 9, 10, 1, 0, 0.00%, 0, 0, 1, 180.14
1733803487, 1, 0, 10, 0, 0, 0.00%, 0, 0, 1, 177.72
1733803492, 1, 1, 10, 0, 0, 0.00%, 0, 0, 1, 177.86
1733803497, 1, 2, 10, 0, 0, 0.00%, 0, 0, 1, 178.32
1733803502, 1, 3, 10, 0, 0, 0.00%, 0, 0, 1, 177.12
1733803508, 1, 5, 10, 0, 0, 0.00%, 0, 0, 1, 176.63
1733803513, 1, 6, 10, 0, 0, 0.00%, 0, 0, 1, 176.15
1733803518, 1, 7, 10, 0, 0, 0.00%, 0, 0, 1, 177.18
1733803523, 1, 8, 10, 0, 0, 0.00%, 0, 0, 1, 179.48
1733803528, 2, 0, 10, 0, 0, 0.00%, 0, 0, 1, 181.08
1733803533, 2, 1, 10, 0, 0, 0.00%, 0, 0, 1, 178.27
1733803538, 2, 2, 10, 0, 0, 0.00%, 0, 0, 1, 177.19
1733803544, 2, 3, 10, 0, 0, 0.00%, 0, 0, 1, 175.45
1733803549, 2, 5, 10, 0, 0, 0.00%, 0, 0, 1, 177.49
1733803554, 2, 6, 10, 0, 0, 0.00%, 0, 0, 1, 176.11
1733803559, 2, 7, 10, 0, 0, 0.00%, 0, 0, 1, 178.83
1733803564, 2, 8, 10, 0, 0, 0.00%, 0, 0, 1, 177.27
1733803569, 3, 0, 10, 0, 0, 0.00%, 0, 0, 1, 181.84
1733803574, 3, 1, 10, 0, 0, 0.00%, 0, 0, 1, 177.30
1733803579, 3, 2, 10, 0, 0, 0.00%, 0, 0, 1, 174.62
1733803585, 3, 3, 10, 0, 0, 0.00%, 0, 0, 1, 175.57
1733803590, 3, 5, 10, 0, 0, 0.00%, 0, 0, 1, 175.01
1733803595, 3, 6, 10, 0, 0, 0.00%, 0, 0, 1, 174.99
1733803600, 3, 7, 10, 0, 0, 0.00%, 0, 0, 1, 176.68
1733803605, 3, 8, 10, 0, 0, 0.00%, 0, 0, 1, 175.46
1733803610, 3, 9, 10, 0, 0, 0.00%, 0, 0, 1, 175.06
1733803615, 4, 1, 10, 0, 0, 0.00%, 0, 0, 1, 176.46
1733803620, 4, 2, 10, 0, 0, 0.00%, 0, 0, 1, 174.44
1733803626, 4, 3, 10, 0, 0, 0.00%, 0, 0, 1, 177.65
1733803631, 4, 4, 10, 0, 0, 0.00%, 0, 0, 1, 181.87
1733803636, 4, 6, 10, 0, 0, 0.00%, 0, 0, 1, 177.32
1733803641, 4, 7, 10, 0, 0, 0.00%, 0, 0, 1, 177.86
1733803646, 4, 8, 10, 0, 0, 0.00%, 0, 0, 1, 180.07
1733803651, 4, 9, 10, 0, 0, 0.00%, 0, 0, 1, 177.81
1733803656, 5, 0, 10, 0, 0, 0.00%, 0, 0, 1, 177.59
1733803661, 5, 2, 10, 0, 0, 0.00%, 0, 0, 1, 179.04
1733803666, 5, 3, 10, 0, 0, 0.00%, 0, 0, 1, 175.80
1733803671, 5, 4, 10, 0, 0, 0.00%, 0, 0, 1, 180.76
1733803676, 5, 5, 10, 0, 0, 0.00%, 0, 0, 1, 179.50
1733803681, 5, 7, 10, 0, 0, 0.00%, 0, 0, 1, 178.42
1733803686, 5, 8, 10, 0, 0, 0.00%, 0, 0, 1, 177.04
1733803691, 5, 9, 10, 0, 0, 0.00%, 0, 0, 1, 177.07
1733803697, 6, 0, 10, 0, 0, 0.00%, 0, 0, 1, 175.84
1733803702, 6, 2, 10, 0, 0, 0.00%, 0, 0, 1, 180.96
1733803707, 6, 3, 10, 0, 0, 0.00%, 0, 0, 1, 176.32
1733803712, 6, 4, 10, 0, 0, 0.00%, 0, 0, 1, 177.98
1733803717, 6, 5, 10, 0, 0, 0.00%, 0, 0, 1, 180.15
1733803722, 6, 7, 10, 0, 0, 0.00%, 0, 0, 1, 178.65
1733803727, 6, 8, 10, 0, 0, 0.00%, 0, 0, 1, 178.80
1733803732, 6, 9, 10, 0, 0, 0.00%, 0, 0, 1, 177.42
1733803737, 7, 0, 10, 0, 0, 0.00%, 0, 0, 1, 175.25
1733803743, 7, 2, 10, 0, 0, 0.00%, 0, 0, 1, 179.43
1733803748, 7, 3, 10, 0, 0, 0.00%, 0, 0, 1, 177.59
1733803753, 7, 4, 10, 0, 0, 0.00%, 0, 0, 1, 178.02
1733803758, 7, 5, 10, 0, 0, 0.00%, 0, 0, 1, 177.61
1733803763, 7, 7, 10, 0, 0, 0.00%, 0, 0, 1, 176.31
1733803769, 7, 8, 10, 0, 0, 0.00%, 0, 0, 1, 181.23
1733803774, 7, 9, 10, 0, 0, 0.00%, 0, 0, 1, 178.57
1733803779, 8, 0, 10, 0, 0, 0.00%, 0, 0, 1, 177.31
1733803784, 8, 1, 10, 0, 0, 0.00%, 0, 0, 1, 175.72
1733803789, 8, 3, 10, 0, 0, 0.00%, 0, 0, 1, 180.20
1733803794, 8, 4, 10, 0, 0, 0.00%, 0, 0, 1, 175.73
1733803799, 8, 5, 10, 0, 0, 0.00%, 0, 0, 1, 177.51
1733803804, 8, 6, 10, 0, 0, 0.00%, 0, 0, 1, 177.37
1733803809, 8, 8, 10, 0, 0, 0.00%, 0, 0, 1, 177.62
1733803814, 8, 9, 10, 0, 0, 0.00%, 0, 0, 1, 175.77
1733803819, 9, 0, 10, 0, 0, 0.00%, 0, 0, 1, 176.62
1733803825, 9, 1, 10, 0, 0, 0.00%, 0, 0, 1, 177.28
1733803830, 9, 3, 10, 0, 0, 0.00%, 0, 0, 1, 179.09
1733803835, 9, 4, 10, 0, 0, 0.00%, 0, 0, 1, 178.95
1733803840, 9, 5, 10, 0, 0, 0.00%, 0, 0, 1, 177.66
1733803845, 9, 6, 10, 0, 0, 0.00%, 0, 0, 1, 178.55
1733803850, 9, 7, 10, 0, 0, 0.00%, 0, 0, 1, 176.10
1733803855, 9, 9, 10, 0, 0, 0.00%, 0, 0, 1, 174.90
1733803860, 10, 0, 10, 0, 0, 0.00%, 0, 0, 1, 176.02
1733803865, 10, 1, 10, 0, 0, 0.00%, 0, 0, 1, 177.77
1733803871, 10, 2, 10, 0, 0, 0.00%, 0, 0, 1, 180.18
1733803876, 10, 4, 10, 0, 0, 0.00%, 0, 0, 1, 180.77
1733803881, 10, 5, 10, 0, 0, 0.00%, 0, 0, 1, 178.24
1733803886, 10, 6, 10, 0, 0, 0.00%, 0, 0, 1, 178.36
1733803891, 10, 7, 10, 0, 0, 0.00%, 0, 0, 1, 178.30
1733803896, 10, 9, 10, 0, 0, 0.00%, 0, 0, 1, 177.48
1733803901, 11, 0, 10, 0, 0, 0.00%, 0, 0, 1, 179.92
1733803906, 11, 1, 10, 0, 0, 0.00%, 0, 0, 1, 177.36
1733803912, 11, 2, 10, 0, 0, 0.00%, 0, 0, 1, 180.30
1733803917, 11, 4, 10, 0, 0, 0.00%, 0, 0, 1, 178.88
1733803922, 11, 5, 10, 0, 0, 0.00%, 0, 0, 1, 176.28
1733803927, 11, 6, 10, 0, 0, 0.00%, 0, 0, 1, 176.78
1733803932, 11, 7, 10, 0, 0, 0.00%, 0, 0, 1, 177.60
1733803937, 11, 8, 10, 0, 0, 0.00%, 0, 0, 1, 177.28
1733803942, 12, 0, 10, 0, 0, 0.00%, 0, 0, 1, 182.55
1733803947, 12, 1, 10, 0, 0, 0.00%, 0, 0, 1, 181.58
1733803952, 12, 2, 10, 0, 0, 0.00%, 0, 0, 1, 181.06
1733803957, 12, 3, 10, 0, 0, 0.00%, 0, 0, 1, 180.75
1733803962, 12, 5, 10, 0, 0, 0.00%, 0, 0, 1, 181.47
1733803967, 12, 6, 10, 0, 0, 0.00%, 0, 0, 1, 179.22
1733803973, 12, 7, 10, 0, 0, 0.00%, 0, 0, 1, 178.38
1733803978, 12, 8, 10, 0, 0, 0.00%, 0, 0, 1, 180.60
1733803983, 13, 0, 10, 0, 0, 0.00%, 0, 0, 1, 181.57
1733803988, 13, 1, 10, 0, 0, 0.00%, 0, 0, 1, 178.48
1733803993, 13, 2, 10, 0, 0, 0.00%, 0, 0, 1, 179.45
1733803998, 13, 3, 10, 0, 0, 0.00%, 0, 0, 1, 178.59
1733804003, 13, 5, 10, 0, 0, 0.00%, 0, 0, 1, 184.03
1733804008, 13, 6, 10, 0, 0, 0.00%, 0, 0, 1, 189.30
1733804013, 13, 7, 10, 0, 0, 0.00%, 0, 0, 1, 187.49
1733804018, 13, 9, 10, 0, 0, 0.00%, 0, 0, 1, 186.29
1733804023, 14, 0, 10, 0, 0, 0.00%, 0, 0, 1, 189.99
1733804029, 14, 1, 10, 0, 0, 0.00%, 0, 0, 1, 186.56
1733804034, 14, 3, 10, 0, 0, 0.00%, 0, 0, 1, 187.30
1733804039, 14, 4, 10, 0, 0, 0.00%, 0, 0, 1, 184.77
1733804044, 14, 5, 10, 0, 0, 0.00%, 0, 0, 1, 186.74
1733804049, 14, 6, 10, 0, 0, 0.00%, 0, 0, 1, 186.09
1733804054, 14, 8, 10, 0, 0, 0.00%, 0, 0, 1, 183.32
1733804059, 14, 9, 10, 0, 0, 0.00%, 0, 0, 1, 185.67
1733804064, 15, 0, 10, 0, 0, 0.00%, 0, 0, 1, 185.08
1733804070, 15, 2, 10, 0, 0, 0.00%, 0, 0, 1, 184.45
1733804075, 15, 3, 10, 0, 0, 0.00%, 0, 0, 1, 184.37
1733804080, 15, 4, 10, 0, 0, 0.00%, 0, 0, 1, 185.68
1733804085, 15, 5, 10, 0, 0, 0.00%, 0, 0, 1, 182.53
1733804090, 15, 7, 10, 0, 0, 0.00%, 0, 0, 1, 186.74
1733804095, 15, 8, 10, 0, 0, 0.00%, 0, 0, 1, 185.82
1733804100, 15, 9, 10, 0, 0, 0.00%, 0, 0, 1, 185.30
1733804105, 16, 1, 10, 0, 0, 0.00%, 0, 0, 1, 182.52
1733804110, 16, 2, 10, 0, 0, 0.00%, 0, 0, 1, 182.71
1733804115, 16, 10, 11, 1, 1, 0.05%, 1, 0, 2, 193.58
1733804120, 16, 10, 12, 2, 1, 0.05%, 2, 0, 3, 202.93
1733804131, 16, 10, 13, 3, 1, 0.05%, 3, 0, 3, 200.99
1733804136, 16, 10, 14, 4, 1, 0.05%, 3, 0, 3, 199.62
1733804141, 16, 10, 15, 5, 1, 0.05%, 3, 0, 3, 206.44
1733804166, 16, 10, 16, 6, 1, 0.05%, 4, 0, 3, 193.36
1733804172, 16, 10, 17, 7, 1, 0.06%, 5, 0, 3, 193.53
1733804197, 16, 10, 18, 8, 1, 0.06%, 6, 0, 3, 198.26
1733804243, 16, 10, 23, 13, 1, 0.06%, 8, 0, 3, 210.76
1733804248, 16, 10, 24, 14, 1, 0.06%, 8, 0, 3, 209.22
1733804274, 16, 12, 27, 16, 6, 0.06%, 9, 0, 4, 232.95
1733804279, 16, 12, 28, 17, 6, 0.06%, 9, 0, 4, 208.81
1733804299, 16, 12, 29, 18, 6, 0.06%, 9, 0, 4, 206.51
1733804314, 16, 12, 30, 19, 6, 0.06%, 9, 0, 4, 198.63
1733804410, 16, 15, 30, 18, 6, 0.06%, 9, 0, 4, 220.04
1733804416, 16, 15, 31, 19, 6, 0.06%, 9, 0, 4, 203.54
1733804486, 16, 16, 31, 18, 5, 0.06%, 9, 0, 4, 221.68
1733804496, 16, 16, 32, 19, 5, 0.06%, 9, 0, 4, 204.51
1733804558, 16, 21, 32, 18, 4, 0.06%, 9, 0, 4, 211.57
1733804563, 16, 21, 33, 19, 4, 0.06%, 9, 0, 4, 284.69
1733804593, 16, 21, 34, 20, 4, 0.06%, 9, 0, 4, 214.32
1733804608, 16, 24, 34, 19, 3, 0.06%, 9, 0, 4, 252.20
1733804618, 16, 24, 35, 20, 3, 0.06%, 9, 0, 4, 212.74
1733804628, 16, 24, 36, 21, 3, 0.06%, 9, 0, 4, 203.90
1733804669, 16, 24, 38, 23, 3, 0.06%, 9, 0, 4, 205.68
1733804679, 16, 24, 39, 24, 3, 0.06%, 9, 0, 4, 210.55
1733804735, 16, 24, 40, 25, 3, 0.06%, 9, 0, 4, 231.79
1733804740, 16, 25, 40, 24, 2, 0.06%, 9, 0, 4, 217.98
1733804755, 16, 25, 41, 25, 2, 0.06%, 9, 0, 5, 197.19
1733804806, 16, 25, 42, 26, 2, 0.06%, 9, 0, 5, 198.88
1733804923, 16, 26, 42, 25, 1, 0.06%, 9, 0, 5, 232.51
1733804938, 16, 26, 43, 26, 1, 0.06%, 9, 0, 5, 200.52
1733804963, 16, 26, 44, 27, 1, 0.06%, 9, 0, 5, 201.20
1733805004, 16, 26, 45, 28, 1, 0.06%, 9, 0, 5, 196.71
1733805039, 16, 26, 46, 29, 1, 0.06%, 9, 0, 5, 200.71
1733805100, 16, 26, 47, 30, 1, 0.06%, 9, 0, 5, 227.23
1733805105, 16, 27, 47, 29, 0, 0.06%, 9, 0, 5, 325.33
1733805182, 16, 27, 49, 31, 0, 0.06%, 9, 0, 5, 312.80
1733805187, 16, 27, 50, 32, 0, 0.06%, 9, 0, 5, 299.23
1733805203, 16, 27, 51, 33, 0, 0.06%, 9, 0, 5, 290.52
1733805208, 16, 27, 52, 34, 0, 0.06%, 9, 0, 5, 291.15
1733805279, 16, 27, 53, 35, 0, 0.06%, 9, 0, 5, 289.69
1733805310, 16, 28, 53, 34, 0, 0.06%, 9, 0, 5, 271.13
1733805315, 16, 28, 57, 38, 0, 0.06%, 9, 0, 5, 333.56
1733805656, 16, 30, 57, 37, 0, 0.06%, 9, 0, 5, 245.65
1733805662, 16, 30, 58, 38, 0, 0.06%, 9, 0, 5, 212.90
1733805748, 16, 31, 58, 37, 0, 0.06%, 9, 0, 5, 261.43
1733805758, 16, 31, 59, 38, 0, 0.06%, 9, 0, 5, 209.20
1733805788, 16, 31, 60, 39, 0, 0.06%, 9, 0, 5, 204.97
1733805804, 16, 31, 61, 40, 0, 0.06%, 9, 0, 5, 202.49
1733805859, 16, 31, 62, 41, 0, 0.06%, 9, 0, 5, 204.62
1733805925, 16, 31, 63, 42, 0, 0.06%, 9, 0, 5, 226.09
1733805930, 16, 37, 63, 41, 0, 0.06%, 9, 0, 5, 239.83
1733805981, 16, 37, 65, 43, 0, 0.06%, 9, 0, 5, 251.91
1733805996, 16, 39, 65, 42, 0, 0.06%, 9, 0, 5, 232.35
1733806133, 16, 46, 65, 41, 0, 0.06%, 9, 0, 5, 205.46
1733806577, 16, 46, 66, 42, 0, 0.06%, 9, 0, 6, 284.29
1733806643, 16, 47, 66, 41, 0, 0.06%, 9, 0, 6, 283.31
1733806826, 16, 47, 67, 42, 0, 0.06%, 9, 0, 6, 244.62
1733806831, 16, 49, 69, 43, 0, 0.06%, 9, 0, 6, 313.36
1733806907, 16, 49, 70, 44, 0, 0.06%, 9, 0, 6, 282.08
1733806958, 16, 55, 70, 43, 0, 0.06%, 9, 0, 6, 309.44
1733807135, 16, 56, 70, 42, 0, 0.06%, 9, 0, 6, 236.24
1733807319, 16, 63, 70, 41, 0, 0.06%, 9, 0, 6, 378.38
1733807375, 16, 66, 70, 40, 0, 0.06%, 9, 0, 6, 254.41
1733808003, 17, 12, 70, 39, 0, 0.06%, 9, 0, 6, 264.54
1733808008, 17, 12, 71, 40, 0, 0.06%, 9, 0, 6, 261.31
1733808018, 17, 15, 71, 40, 0, 0.06%, 9, 0, 6, 236.87
1733808028, 17, 16, 71, 40, 0, 0.06%, 9, 0, 6, 242.55
1733808039, 17, 17, 71, 40, 0, 0.06%, 9, 0, 6, 261.97
1733808064, 17, 19, 71, 39, 0, 0.06%, 9, 0, 6, 279.79
1733808099, 17, 21, 71, 38, 0, 0.06%, 9, 0, 6, 258.07
1733808109, 17, 24, 71, 38, 0, 0.06%, 9, 0, 6, 246.84
1733808120, 17, 25, 71, 38, 0, 0.06%, 9, 0, 6, 244.06
1733808125, 17, 25, 72, 39, 0, 0.06%, 9, 0, 6, 232.97
1733808150, 17, 26, 72, 39, 0, 0.06%, 9, 0, 6, 254.76
1733808170, 17, 40, 72, 39, 0, 0.06%, 9, 0, 6, 274.42
1733808226, 17, 47, 72, 38, 0, 0.06%, 9, 0, 6, 260.75
1733808246, 17, 48, 72, 38, 0, 0.06%, 9, 0, 6, 290.94
1733808267, 17, 48, 73, 39, 0, 0.06%, 9, 0, 6, 263.20
1733808328, 17, 51, 73, 38, 0, 0.06%, 9, 0, 6, 333.08
1733808419, 17, 52, 73, 37, 0, 0.06%, 9, 0, 6, 318.89
1733808511, 17, 55, 73, 36, 0, 0.06%, 9, 0, 6, 293.21
1733808532, 18, 12, 73, 36, 0, 0.06%, 9, 0, 6, 247.04
1733808542, 18, 15, 73, 36, 0, 0.06%, 9, 0, 6, 277.14
1733808557, 18, 16, 73, 36, 0, 0.06%, 9, 0, 6, 245.37
1733808567, 18, 20, 73, 36, 0, 0.06%, 9, 0, 6, 251.67
1733808598, 18, 21, 73, 35, 0, 0.06%, 9, 0, 6, 252.61
1733808603, 18, 21, 74, 36, 0, 0.06%, 9, 0, 6, 267.07
1733808608, 18, 24, 74, 36, 0, 0.06%, 9, 0, 6, 258.29
1733808618, 18, 25, 74, 36, 0, 0.06%, 9, 0, 6, 252.77
1733808638, 18, 26, 74, 36, 0, 0.06%, 9, 0, 6, 265.19
1733808664, 18, 33, 74, 36, 0, 0.06%, 9, 0, 6, 277.61
1733808715, 18, 44, 74, 35, 0, 0.06%, 9, 0, 6, 314.08
1733808801, 18, 60, 74, 34, 0, 0.06%, 9, 0, 6, 343.61
1733808857, 18, 67, 74, 33, 0, 0.06%, 9, 0, 6, 301.65
1733809025, 18, 69, 74, 32, 0, 0.06%, 9, 0, 6, 350.04
1733809132, 18, 69, 75, 33, 0, 0.06%, 9, 0, 7, 335.37
1733809173, 19, 12, 75, 32, 0, 0.06%, 9, 0, 7, 279.51
1733809188, 19, 13, 75, 32, 0, 0.06%, 9, 0, 7, 251.16
1733809213, 19, 15, 75, 31, 0, 0.06%, 9, 0, 7, 243.77
1733809223, 19, 16, 75, 31, 0, 0.06%, 9, 0, 7, 268.13
1733809238, 19, 21, 75, 31, 0, 0.06%, 9, 0, 7, 255.88
1733809248, 19, 24, 75, 31, 0, 0.06%, 9, 0, 7, 244.86
1733809259, 19, 25, 75, 31, 0, 0.06%, 9, 0, 7, 241.44
1733809284, 19, 26, 75, 31, 0, 0.06%, 9, 0, 7, 233.80
1733809305, 19, 45, 75, 31, 0, 0.06%, 9, 0, 7, 294.98
1733809422, 19, 53, 75, 30, 0, 0.06%, 9, 0, 7, 344.79
1733809534, 19, 54, 75, 29, 0, 0.06%, 9, 0, 7, 274.28
1733809657, 19, 56, 77, 30, 0, 0.06%, 9, 0, 7, 282.62
1733809677, 19, 64, 77, 30, 0, 0.06%, 9, 0, 7, 252.49
1733809738, 19, 68, 77, 29, 0, 0.06%, 9, 0, 7, 394.97
1733809962, 19, 70, 77, 28, 0, 0.06%, 9, 0, 7, 306.64
1733810344, 19, 73, 77, 27, 0, 0.06%, 9, 0, 7, 381.91
1733810400, 20, 11, 77, 26, 0, 0.06%, 9, 0, 7, 253.94
1733810426, 20, 12, 77, 25, 0, 0.06%, 9, 0, 7, 245.17
1733810431, 20, 14, 77, 25, 0, 0.06%, 9, 0, 7, 300.81
1733810457, 20, 15, 77, 24, 0, 0.06%, 9, 0, 7, 236.59
1733810462, 20, 16, 77, 24, 0, 0.06%, 9, 0, 7, 246.32
1733810467, 20, 18, 77, 24, 0, 0.06%, 9, 0, 7, 248.35
1733810497, 20, 24, 77, 23, 0, 0.06%, 9, 0, 7, 251.03
1733810503, 20, 25, 77, 23, 0, 0.06%, 9, 0, 7, 234.23
1733810508, 20, 26, 78, 24, 0, 0.06%, 9, 0, 7, 252.82
1733810513, 20, 29, 78, 24, 0, 0.06%, 9, 0, 7, 244.04
1733810691, 20, 42, 78, 23, 0, 0.06%, 9, 0, 7, 373.79
1733810747, 20, 43, 78, 22, 0, 0.06%, 9, 0, 7, 305.60
1733810823, 20, 65, 78, 21, 0, 0.06%, 9, 0, 7, 222.30
1733811364, 20, 66, 78, 20, 0, 0.06%, 9, 0, 7, 345.69
1733811380, 20, 74, 78, 20, 0, 0.06%, 9, 0, 7, 299.99
1733811390, 20, 74, 79, 21, 0, 0.06%, 9, 0, 8, 418.32
1733811496, 20, 75, 79, 20, 0, 0.06%, 9, 0, 8, 236.31
1733811644, 20, 77, 79, 19, 0, 0.06%, 9, 0, 8, 265.56
1733812027, 21, 12, 79, 18, 0, 0.06%, 9, 0, 8, 266.90
1733812032, 21, 16, 79, 18, 0, 0.06%, 9, 0, 8, 257.16
1733812037, 21, 23, 79, 18, 0, 0.06%, 9, 0, 8, 287.27
1733812072, 21, 24, 79, 17, 0, 0.06%, 9, 0, 8, 253.12
1733812077, 21, 25, 79, 17, 0, 0.06%, 9, 0, 8, 244.10
1733812082, 21, 26, 79, 17, 0, 0.06%, 9, 0, 8, 238.29
1733812087, 21, 35, 79, 17, 0, 0.06%, 9, 0, 8, 343.23
1733812148, 21, 38, 79, 16, 0, 0.06%, 9, 0, 8, 352.08
1733812419, 21, 50, 79, 15, 0, 0.06%, 9, 0, 8, 401.64
1733812515, 21, 71, 79, 14, 0, 0.06%, 9, 0, 8, 293.72
1733812571, 21, 72, 79, 13, 0, 0.06%, 9, 0, 8, 315.90
1733812954, 22, 12, 79, 12, 0, 0.06%, 9, 0, 8, 241.18
1733812959, 22, 16, 79, 12, 0, 0.06%, 9, 0, 8, 247.84
1733812964, 22, 20, 79, 12, 0, 0.06%, 9, 0, 8, 233.87
1733812974, 22, 21, 79, 12, 0, 0.06%, 9, 0, 8, 270.23
1733812979, 22, 22, 79, 12, 0, 0.06%, 9, 0, 8, 255.02
1733813005, 22, 25, 79, 11, 0, 0.06%, 9, 0, 8, 239.42
1733813015, 22, 26, 79, 11, 0, 0.06%, 9, 0, 8, 245.17
1733813020, 22, 32, 79, 11, 0, 0.06%, 9, 0, 8, 301.08
1733813071, 22, 37, 79, 10, 0, 0.06%, 9, 0, 8, 269.83
1733813096, 22, 41, 79, 10, 0, 0.06%, 9, 0, 8, 364.96
1733813152, 22, 51, 79, 9, 0, 0.06%, 9, 0, 8, 250.85
1733813177, 22, 57, 79, 9, 0, 0.06%, 9, 0, 8, 285.56
1733813228, 22, 59, 79, 8, 0, 0.06%, 9, 0, 8, 326.51
1733813289, 22, 78, 79, 7, 0, 0.06%, 9, 0, 8, 367.05
1733813426, 23, 15, 79, 6, 0, 0.06%, 9, 0, 8, 240.55
1733813431, 23, 16, 79, 6, 0, 0.06%, 9, 0, 8, 245.14
1733813436, 23, 22, 79, 6, 0, 0.06%, 9, 0, 8, 246.93
1733813446, 23, 25, 79, 6, 0, 0.06%, 9, 0, 8, 250.83
1733813456, 23, 26, 79, 6, 0, 0.06%, 9, 0, 8, 259.34
1733813461, 23, 28, 79, 6, 0, 0.06%, 9, 0, 8, 295.92
1733813482, 23, 36, 79, 6, 0, 0.06%, 9, 0, 8, 335.15
1733813548, 23, 63, 79, 5, 0, 0.06%, 9, 0, 8, 270.83
1733813573, 24, 12, 79, 5, 0, 0.06%, 9, 0, 8, 241.66
1733813579, 24, 16, 79, 5, 0, 0.06%, 9, 0, 8, 235.34
1733813584, 24, 21, 79, 5, 0, 0.06%, 9, 0, 8, 240.78
1733813589, 24, 22, 79, 5, 0, 0.06%, 9, 0, 8, 232.09
1733813599, 24, 25, 79, 5, 0, 0.06%, 9, 0, 8, 240.92
1733813604, 24, 26, 79, 5, 0, 0.06%, 9, 0, 8, 243.46
1733813609, 24, 27, 79, 5, 0, 0.06%, 9, 0, 8, 285.80
1733813629, 24, 52, 79, 5, 0, 0.06%, 9, 0, 8, 243.18
1733813650, 24, 54, 79, 5, 0, 0.06%, 9, 0, 8, 277.03
1733813675, 24, 55, 79, 5, 0, 0.06%, 9, 0, 8, 274.29
1733813695, 24, 62, 79, 5, 0, 0.06%, 9, 0, 8, 356.55
1733813837, 24, 67, 79, 4, 0, 0.06%, 9, 0, 8, 313.77
1733813853, 25, 12, 79, 4, 0, 0.06%, 9, 0, 8, 291.95
1733813858, 25, 15, 79, 4, 0, 0.06%, 9, 0, 8, 254.74
1733813863, 25, 21, 79, 4, 0, 0.06%, 9, 0, 8, 248.24
1733813868, 25, 22, 79, 4, 0, 0.06%, 9, 0, 8, 237.65
1733813878, 25, 25, 79, 4, 0, 0.06%, 9, 0, 8, 246.13
1733813883, 25, 26, 79, 4, 0, 0.06%, 9, 0, 8, 248.49
1733813888, 25, 30, 79, 4, 0, 0.06%, 9, 0, 8, 243.81
1733813914, 25, 36, 79, 4, 0, 0.06%, 9, 0, 8, 269.84
1733813934, 25, 41, 79, 4, 0, 0.06%, 9, 0, 8, 251.06
1733813960, 25, 53, 79, 4, 0, 0.06%, 9, 0, 8, 273.54
1733813980, 25, 78, 79, 4, 0, 0.06%, 9, 0, 8, 287.73
1733814010, 26, 12, 79, 4, 0, 0.06%, 9, 0, 8, 276.76
1733814015, 26, 16, 79, 4, 0, 0.06%, 9, 0, 8, 262.16
1733814020, 26, 22, 79, 4, 0, 0.06%, 9, 0, 8, 261.01
1733814025, 26, 25, 79, 4, 0, 0.06%, 9, 0, 8, 239.93
1733814030, 26, 26, 79, 4, 0, 0.06%, 9, 0, 8, 234.47
1733814036, 26, 32, 79, 4, 0, 0.06%, 9, 0, 8, 248.24
1733814061, 26, 46, 79, 4, 0, 0.06%, 9, 0, 8, 338.49
1733814081, 26, 50, 79, 4, 0, 0.06%, 9, 0, 8, 300.14
1733814102, 26, 54, 79, 4, 0, 0.06%, 9, 0, 8, 265.54
1733814122, 26, 57, 79, 4, 0, 0.06%, 9, 0, 8, 248.03
1733814147, 26, 60, 79, 4, 0, 0.06%, 9, 0, 8, 252.54
1733814168, 26, 70, 79, 4, 0, 0.06%, 9, 0, 8, 285.29
1733814188, 27, 12, 79, 4, 0, 0.06%, 9, 0, 8, 262.09
1733814193, 27, 15, 79, 4, 0, 0.06%, 9, 0, 8, 248.33
1733814198, 27, 18, 79, 4, 0, 0.06%, 9, 0, 8, 241.84
1733814213, 27, 22, 79, 4, 0, 0.06%, 9, 0, 8, 244.66
1733814218, 27, 25, 79, 4, 0, 0.06%, 9, 0, 8, 232.30
1733814224, 27, 26, 79, 4, 0, 0.06%, 9, 0, 8, 224.60
1733814229, 27, 31, 79, 4, 0, 0.06%, 9, 0, 8, 248.54
1733814254, 27, 38, 79, 4, 0, 0.06%, 9, 0, 8, 285.13
1733814274, 27, 58, 79, 4, 0, 0.06%, 9, 0, 8, 295.16
1733814330, 27, 66, 79, 3, 0, 0.06%, 9, 0, 8, 301.13
1733814351, 28, 10, 79, 3, 0, 0.06%, 9, 0, 8, 263.84
1733814366, 28, 15, 79, 3, 0, 0.06%, 9, 0, 8, 232.15
1733814371, 28, 21, 79, 3, 0, 0.06%, 9, 0, 8, 242.93
1733814376, 28, 22, 79, 3, 0, 0.06%, 9, 0, 8, 237.04
1733814381, 28, 25, 79, 3, 0, 0.06%, 9, 0, 8, 230.35
1733814386, 28, 26, 79, 3, 0, 0.06%, 9, 0, 8, 238.76
1733814392, 28, 31, 79, 3, 0, 0.06%, 9, 0, 8, 226.27
1733814417, 28, 65, 79, 3, 0, 0.06%, 9, 0, 8, 334.17
1733814432, 29, 12, 79, 3, 0, 0.06%, 9, 0, 8, 267.13
1733814437, 29, 15, 79, 3, 0, 0.06%, 9, 0, 8, 250.33
1733814442, 29, 21, 79, 3, 0, 0.06%, 9, 0, 8, 248.41
1733814447, 29, 25, 79, 3, 0, 0.06%, 9, 0, 8, 250.23
1733814452, 29, 26, 79, 3, 0, 0.06%, 9, 0, 8, 250.51
1733814462, 29, 55, 79, 3, 0, 0.06%, 9, 0, 8, 284.23
1733814483, 29, 76, 79, 3, 0, 0.06%, 9, 0, 8, 239.94
1733815350, 30, 12, 79, 2, 0, 0.06%, 9, 0, 8, 243.32
1733815355, 30, 16, 79, 2, 0, 0.06%, 9, 0, 8, 247.75
1733815360, 30, 21, 79, 2, 0, 0.06%, 9, 0, 8, 238.58
1733815365, 30, 25, 79, 2, 0, 0.06%, 9, 0, 8, 228.94
1733815370, 30, 26, 79, 2, 0, 0.06%, 9, 0, 8, 244.91
1733815375, 30, 31, 79, 2, 0, 0.06%, 9, 0, 8, 250.81
1733815401, 30, 34, 79, 2, 0, 0.06%, 9, 0, 8, 327.04
1733815457, 30, 53, 79, 1, 0, 0.06%, 9, 0, 8, 273.20
1733815482, 31, 12, 79, 1, 0, 0.06%, 9, 0, 8, 247.60
1733815487, 31, 16, 79, 1, 0, 0.06%, 9, 0, 8, 244.21
1733815492, 31, 22, 79, 1, 0, 0.06%, 9, 0, 8, 248.20
1733815497, 31, 25, 79, 1, 0, 0.06%, 9, 0, 8, 257.16
1733815502, 31, 26, 79, 1, 0, 0.06%, 9, 0, 8, 238.34
1733815507, 31, 42, 79, 1, 0, 0.06%, 9, 0, 8, 256.33
1733815528, 32, 10, 79, 1, 0, 0.06%, 9, 0, 8, 245.89
1733815543, 32, 15, 79, 1, 0, 0.06%, 9, 0, 8, 248.47
1733815548, 32, 20, 79, 1, 0, 0.06%, 9, 0, 8, 250.32
1733815563, 32, 22, 79, 1, 0, 0.06%, 9, 0, 8, 257.85
1733815569, 32, 25, 79, 1, 0, 0.06%, 9, 0, 8, 231.98
1733815574, 32, 26, 79, 1, 0, 0.06%, 9, 0, 8, 246.64
1733815579, 33, 12, 79, 1, 0, 0.06%, 9, 0, 8, 232.46
1733815584, 33, 16, 79, 1, 0, 0.06%, 9, 0, 8, 232.42
1733815589, 33, 21, 79, 1, 0, 0.06%, 9, 0, 8, 240.50
1733815594, 33, 24, 79, 1, 0, 0.06%, 9, 0, 8, 237.93
1733815599, 33, 25, 79, 1, 0, 0.06%, 9, 0, 8, 254.96
1733815604, 33, 26, 79, 1, 0, 0.06%, 9, 0, 8, 244.53
1733815609, 33, 61, 79, 1, 0, 0.06%, 9, 0, 8, 287.14
1733815787, 33, 64, 79, 0, 0, 0.06%, 9, 0, 8, 221.11
1733815813, 34, 9, 79, 0, 0, 0.06%, 9, 0, 8, 249.57
1733815818, 34, 15, 79, 0, 0, 0.06%, 9, 0, 8, 241.81
1733815823, 34, 21, 79, 0, 0, 0.06%, 9, 0, 8, 257.95
1733815828, 34, 22, 79, 0, 0, 0.06%, 9, 0, 8, 243.67
1733815833, 34, 25, 79, 0, 0, 0.06%, 9, 0, 8, 238.83
1733815838, 34, 26, 79, 0, 0, 0.06%, 9, 0, 8, 239.26
1733815843, 34, 32, 79, 0, 0, 0.06%, 9, 0, 8, 248.61
1733815869, 35, 15, 79, 0, 0, 0.06%, 9, 0, 8, 247.66
1733815874, 35, 18, 79, 0, 0, 0.06%, 9, 0, 8, 243.04
1733815889, 35, 19, 79, 0, 0, 0.06%, 9, 0, 8, 251.06
1733815900, 35, 21, 79, 0, 0, 0.06%, 9, 0, 8, 250.00
1733815905, 35, 25, 79, 0, 0, 0.06%, 9, 0, 8, 234.85
1733815910, 35, 26, 79, 0, 0, 0.06%, 9, 0, 8, 234.06
1733815915, 35, 28, 79, 0, 0, 0.06%, 9, 0, 8, 263.78
1733815935, 35, 35, 79, 0, 0, 0.06%, 9, 0, 8, 261.79
1733815960, 35, 54, 79, 0, 0, 0.06%, 9, 0, 8, 258.06
1733815981, 35, 58, 79, 0, 0, 0.06%, 9, 0, 8, 238.53
1733816006, 36, 12, 79, 0, 0, 0.06%, 9, 0, 8, 249.00
1733816011, 36, 16, 79, 0, 0, 0.06%, 9, 0, 8, 240.88
1733816017, 36, 22, 79, 0, 0, 0.06%, 9, 0, 8, 243.20
1733816022, 36, 25, 79, 0, 0, 0.06%, 9, 0, 8, 232.76
1733816027, 36, 26, 79, 0, 0, 0.06%, 9, 0, 8, 244.57
1733816032, 36, 41, 79, 0, 0, 0.06%, 9, 0, 8, 252.47
1733816057, 36, 63, 79, 0, 0, 0.06%, 9, 0, 8, 265.40
1733816077, 37, 12, 79, 0, 0, 0.06%, 9, 0, 8, 249.95
1733816082, 37, 15, 79, 0, 0, 0.06%, 9, 0, 8, 246.15
1733816087, 37, 21, 79, 0, 0, 0.06%, 9, 0, 8, 250.35
1733816093, 37, 25, 79, 0, 0, 0.06%, 9, 0, 8, 233.37
1733816098, 37, 26, 79, 0, 0, 0.06%, 9, 0, 8, 252.76
1733816108, 37, 34, 79, 0, 0, 0.06%, 9, 0, 8, 236.15
1733816133, 37, 48, 79, 0, 0, 0.06%, 9, 0, 8, 252.47
1733816153, 37, 68, 79, 0, 0, 0.06%, 9, 0, 8, 296.65
1733816173, 38, 12, 79, 0, 0, 0.06%, 9, 0, 8, 250.51
1733816178, 38, 16, 79, 0, 0, 0.06%, 9, 0, 8, 253.32
1733816183, 38, 21, 79, 0, 0, 0.06%, 9, 0, 8, 250.82
1733816188, 38, 25, 79, 0, 0, 0.06%, 9, 0, 8, 234.67
1733816194, 38, 26, 79, 0, 0, 0.06%, 9, 0, 8, 241.53
1733816204, 38, 51, 79, 0, 0, 0.06%, 9, 0, 8, 272.49
1733816224, 38, 59, 79, 0, 0, 0.06%, 9, 0, 8, 251.84
1733816244, 38, 60, 79, 0, 0, 0.06%, 9, 0, 8, 256.79
1733816270, 38, 61, 79, 0, 0, 0.06%, 9, 0, 8, 272.71
1733816290, 38, 63, 79, 0, 0, 0.06%, 9, 0, 8, 261.80
1733816310, 38, 68, 79, 0, 0, 0.06%, 9, 0, 8, 277.29
1733816330, 38, 72, 79, 0, 0, 0.06%, 9, 0, 8, 290.13
1733816351, 39, 12, 79, 0, 0, 0.06%, 9, 0, 8, 251.69
1733816356, 39, 15, 79, 0, 0, 0.06%, 9, 0, 8, 243.76
1733816361, 39, 19, 79, 0, 0, 0.06%, 9, 0, 8, 256.07
1733816371, 39, 20, 79, 0, 0, 0.06%, 9, 0, 8, 251.53
1733816386, 39, 22, 79, 0, 0, 0.06%, 9, 0, 8, 245.55
1733816391, 39, 25, 79, 0, 0, 0.06%, 9, 0, 8, 240.50
1733816396, 39, 26, 79, 0, 0, 0.06%, 9, 0, 8, 243.52
1733816401, 39, 28, 79, 0, 0, 0.06%, 9, 0, 8, 284.19
1733816421, 39, 39, 79, 0, 0, 0.06%, 9, 0, 8, 264.71
1733816447, 39, 48, 79, 0, 0, 0.06%, 9, 0, 8, 246.85
1733816467, 39, 51, 79, 0, 0, 0.06%, 9, 0, 8, 286.18
1733816493, 39, 57, 79, 0, 0, 0.06%, 9, 0, 8, 247.32
1733816513, 40, 12, 79, 0, 0, 0.06%, 9, 0, 8, 244.74
1733816518, 40, 15, 79, 0, 0, 0.06%, 9, 0, 8, 248.14
1733816523, 40, 18, 79, 0, 0, 0.06%, 9, 0, 8, 240.55
1733816533, 40, 21, 79, 0, 0, 0.06%, 9, 0, 8, 260.72
1733816538, 40, 22, 79, 0, 0, 0.06%, 9, 0, 8, 240.42
1733816543, 40, 25, 79, 0, 0, 0.06%, 9, 0, 8, 250.60
1733816548, 40, 26, 79, 0, 0, 0.06%, 9, 0, 8, 243.43
1733816553, 40, 57, 79, 0, 0, 0.06%, 9, 0, 8, 237.58
1733816579, 40, 58, 79, 0, 0, 0.06%, 9, 0, 8, 238.14
1733816599, 41, 2, 79, 0, 0, 0.06%, 9, 0, 8, 248.80
1733816604, 41, 15, 79, 0, 0, 0.06%, 9, 0, 8, 249.78
1733816610, 41, 21, 79, 0, 0, 0.06%, 9, 0, 8, 250.16
1733816615, 41, 25, 79, 0, 0, 0.06%, 9, 0, 8, 243.10
1733816625, 41, 26, 79, 0, 0, 0.06%, 9, 0, 8, 248.89
1733816630, 41, 62, 79, 0, 0, 0.06%, 9, 0, 8, 271.33
1733816650, 42, 12, 79, 0, 0, 0.06%, 9, 0, 8, 252.68
1733816655, 42, 16, 79, 0, 0, 0.06%, 9, 0, 8, 248.89
1733816661, 42, 22, 79, 0, 0, 0.06%, 9, 0, 8, 251.14
1733816666, 42, 25, 79, 0, 0, 0.06%, 9, 0, 8, 241.43
1733816671, 42, 26, 79, 0, 0, 0.06%, 9, 0, 8, 231.93
1733816676, 43, 11, 79, 0, 0, 0.06%, 9, 0, 8, 247.64
1733816686, 43, 12, 79, 0, 0, 0.06%, 9, 0, 8, 261.37
1733816691, 43, 15, 79, 0, 0, 0.06%, 9, 0, 8, 255.68
1733816696, 43, 20, 79, 0, 0, 0.06%, 9, 0, 8, 245.02
1733816701, 43, 22, 79, 0, 0, 0.06%, 9, 0, 8, 241.06
1733816706, 43, 25, 79, 0, 0, 0.06%, 9, 0, 8, 244.23
1733816711, 43, 26, 79, 0, 0, 0.06%, 9, 0, 8, 241.10
1733816717, 43, 70, 79, 0, 0, 0.06%, 9, 0, 8, 313.72
1733816737, 44, 12, 79, 0, 0, 0.06%, 9, 0, 8, 253.55
1733816742, 44, 13, 79, 0, 0, 0.06%, 9, 0, 8, 227.74
1733816752, 44, 15, 79, 0, 0, 0.06%, 9, 0, 8, 262.36
1733816757, 44, 21, 79, 0, 0, 0.06%, 9, 0, 8, 253.41
1733816762, 44, 25, 79, 0, 0, 0.06%, 9, 0, 8, 249.30
1733816767, 44, 26, 79, 0, 0, 0.06%, 9, 0, 8, 252.98
1733816772, 44, 68, 79, 0, 0, 0.06%, 9, 0, 8, 260.11
1733816798, 45, 15, 79, 0, 0, 0.06%, 9, 0, 8, 249.81
1733816803, 45, 21, 79, 0, 0, 0.06%, 9, 0, 8, 243.63
1733816808, 45, 22, 79, 0, 0, 0.06%, 9, 0, 8, 240.95
1733816813, 45, 25, 79, 0, 0, 0.06%, 9, 0, 8, 243.69
1733816818, 45, 26, 79, 0, 0, 0.06%, 9, 0, 8, 243.30
1733816823, 45, 53, 79, 0, 0, 0.06%, 9, 0, 8, 265.55
1733816844, 45, 58, 79, 0, 0, 0.06%, 9, 0, 8, 227.08
1733816869, 45, 66, 79, 0, 0, 0.06%, 9, 0, 8, 347.96
1733816885, 46, 12, 79, 0, 0, 0.06%, 9, 0, 8, 285.54
1733816890, 46, 15, 79, 0, 0, 0.06%, 9, 0, 8, 258.14
1733816895, 46, 20, 79, 0, 0, 0.06%, 9, 0, 8, 248.16
1733816900, 46, 22, 79, 0, 0, 0.06%, 9, 0, 8, 238.86
1733816905, 46, 25, 79, 0, 0, 0.06%, 9, 0, 8, 244.73
1733816915, 46, 26, 79, 0, 0, 0.06%, 9, 0, 8, 247.03
1733816920, 46, 43, 79, 0, 0, 0.06%, 9, 0, 8, 284.49
1733816941, 46, 52, 79, 0, 0, 0.06%, 9, 0, 8, 278.82
1733816961, 46, 58, 79, 0, 0, 0.06%, 9, 0, 8, 261.68
1733816966, 47, 12, 79, 0, 0, 0.06%, 9, 0, 8, 240.23
1733816971, 47, 14, 79, 0, 0, 0.06%, 9, 0, 8, 256.61
1733816981, 47, 15, 79, 0, 0, 0.06%, 9, 0, 8, 250.28
1733816986, 47, 21, 79, 0, 0, 0.06%, 9, 0, 8, 260.62
1733816991, 47, 25, 79, 0, 0, 0.06%, 9, 0, 8, 237.81
1733816996, 47, 26, 79, 0, 0, 0.06%, 9, 0, 8, 240.45
1733817006, 47, 27, 79, 0, 0, 0.06%, 9, 0, 8, 294.62
1733817027, 47, 40, 79, 0, 0, 0.06%, 9, 0, 8, 239.15
1733817052, 47, 59, 79, 0, 0, 0.06%, 9, 0, 8, 235.56
1733817072, 47, 66, 79, 0, 0, 0.06%, 9, 0, 8, 280.36
1733817077, 48, 12, 79, 0, 0, 0.06%, 9, 0, 8, 268.37
1733817082, 48, 15, 79, 0, 0, 0.06%, 9, 0, 8, 259.14
1733817087, 48, 21, 79, 0, 0, 0.06%, 9, 0, 8, 257.47
1733817092, 48, 25, 79, 0, 0, 0.06%, 9, 0, 8, 237.02
1733817097, 48, 26, 79, 0, 0, 0.06%, 9, 0, 8, 250.40
1733817102, 48, 33, 79, 0, 0, 0.06%, 9, 0, 8, 244.68
1733817128, 48, 34, 79, 0, 0, 0.06%, 9, 0, 8, 250.25
1733817153, 48, 50, 79, 0, 0, 0.06%, 9, 0, 8, 284.78
1733817173, 48, 66, 79, 0, 0, 0.06%, 9, 0, 8, 281.59
1733817178, 49, 15, 79, 0, 0, 0.06%, 9, 0, 8, 244.21
1733817183, 49, 16, 79, 0, 0, 0.06%, 9, 0, 8, 246.64
1733817188, 49, 22, 79, 0, 0, 0.06%, 9, 0, 8, 251.50
1733817194, 49, 25, 79, 0, 0, 0.06%, 9, 0, 8, 260.02
1733817199, 49, 26, 79, 0, 0, 0.06%, 9, 0, 8, 254.63
1733817204, 49, 37, 79, 0, 0, 0.06%, 9, 0, 8, 249.60
1733817224, 49, 38, 79, 0, 0, 0.06%, 9, 0, 8, 259.65
1733817249, 49, 51, 79, 0, 0, 0.06%, 9, 0, 8, 299.65
1733817254, 50, 12, 79, 0, 0, 0.06%, 9, 0, 8, 264.16
1733817259, 50, 16, 79, 0, 0, 0.06%, 9, 0, 8, 257.59
1733817264, 50, 22, 79, 0, 0, 0.06%, 9, 0, 8, 247.99
1733817269, 50, 25, 79, 0, 0, 0.06%, 9, 0, 8, 236.12
1733817274, 50, 26, 79, 0, 0, 0.06%, 9, 0, 8, 240.87
1733817279, 51, 12, 79, 0, 0, 0.06%, 9, 0, 8, 251.07
1733817284, 51, 16, 79, 0, 0, 0.06%, 9, 0, 8, 243.54
1733817289, 51, 22, 79, 0, 0, 0.06%, 9, 0, 8, 248.44
1733817294, 51, 25, 79, 0, 0, 0.06%, 9, 0, 8, 231.29
1733817300, 51, 26, 79, 0, 0, 0.06%, 9, 0, 8, 242.38
1733817305, 51, 45, 79, 0, 0, 0.06%, 9, 0, 8, 286.79
1733817330, 52, 1, 79, 0, 0, 0.06%, 9, 0, 8, 291.98
1733817335, 52, 15, 79, 0, 0, 0.06%, 9, 0, 8, 259.25
1733817340, 52, 21, 79, 0, 0, 0.06%, 9, 0, 8, 254.28
1733817345, 52, 25, 79, 0, 0, 0.06%, 9, 0, 8, 248.74
1733817355, 52, 26, 79, 0, 0, 0.06%, 9, 0, 8, 240.98
1733817360, 52, 43, 79, 0, 0, 0.06%, 9, 0, 8, 286.88
1733817381, 53, 15, 79, 0, 0, 0.06%, 9, 0, 8, 270.22
1733817386, 53, 16, 79, 0, 0, 0.06%, 9, 0, 8, 256.04
1733817391, 53, 22, 79, 0, 0, 0.06%, 9, 0, 8, 250.40
1733817396, 53, 25, 79, 0, 0, 0.06%, 9, 0, 8, 246.53
1733817401, 53, 26, 79, 0, 0, 0.06%, 9, 0, 8, 235.33
1733817406, 53, 45, 79, 0, 0, 0.06%, 9, 0, 8, 282.20
1733817426, 54, 10, 79, 0, 0, 0.06%, 9, 0, 8, 228.65
1733817442, 54, 15, 79, 0, 0, 0.06%, 9, 0, 8, 248.05
1733817447, 54, 21, 79, 0, 0, 0.06%, 9, 0, 8, 246.07
1733817452, 54, 25, 79, 0, 0, 0.06%, 9, 0, 8, 240.81
1733817457, 54, 26, 79, 0, 0, 0.06%, 9, 0, 8, 250.88
1733817467, 54, 33, 79, 0, 0, 0.06%, 9, 0, 8, 232.71
1733817487, 54, 37, 79, 0, 0, 0.06%, 9, 0, 8, 262.49
1733817513, 54, 61, 79, 0, 0, 0.06%, 9, 0, 8, 269.38
1733817533, 54, 67, 79, 0, 0, 0.06%, 9, 0, 8, 273.08
1733817553, 54, 71, 79, 0, 0, 0.06%, 9, 0, 8, 291.44
1733817578, 54, 74, 79, 0, 0, 0.06%, 9, 0, 8, 305.33
1733817599, 55, 15, 79, 0, 0, 0.06%, 9, 0, 8, 238.01
1733817604, 55, 21, 79, 0, 0, 0.06%, 9, 0, 8, 238.78
1733817609, 55, 22, 79, 0, 0, 0.06%, 9, 0, 8, 234.82
1733817614, 55, 25, 79, 0, 0, 0.06%, 9, 0, 8, 252.68
1733817619, 55, 26, 79, 0, 0, 0.06%, 9, 0, 8, 232.52
1733817624, 55, 40, 79, 0, 0, 0.06%, 9, 0, 8, 236.63
1733817649, 55, 42, 79, 0, 0, 0.06%, 9, 0, 8, 262.03
1733817675, 55, 68, 79, 0, 0, 0.06%, 9, 0, 8, 284.81
1733817680, 55, 70, 79, 0, 0, 0.06%, 9, 0, 8, 343.02
1733817700, 56, 15, 79, 0, 0, 0.06%, 9, 0, 8, 245.44
1733817705, 56, 21, 79, 0, 0, 0.06%, 9, 0, 8, 251.39
1733817710, 56, 22, 79, 0, 0, 0.06%, 9, 0, 8, 249.46
1733817715, 56, 23, 79, 0, 0, 0.06%, 9, 0, 8, 245.67
1733817725, 56, 25, 79, 0, 0, 0.06%, 9, 0, 8, 220.59
1733817731, 56, 26, 79, 0, 0, 0.06%, 9, 0, 8, 236.85
1733817736, 56, 50, 79, 0, 0, 0.06%, 9, 0, 8, 262.88
1733817756, 57, 12, 79, 0, 0, 0.06%, 9, 0, 8, 256.46
1733817761, 57, 16, 79, 0, 0, 0.06%, 9, 0, 8, 249.34
1733817766, 57, 19, 79, 0, 0, 0.06%, 9, 0, 8, 247.39
1733817776, 57, 21, 79, 0, 0, 0.06%, 9, 0, 8, 264.01
1733817781, 57, 25, 79, 0, 0, 0.06%, 9, 0, 8, 244.66
1733817787, 57, 26, 79, 0, 0, 0.06%, 9, 0, 8, 245.82
1733817792, 57, 50, 79, 0, 0, 0.06%, 9, 0, 8, 243.90
1733817802, 57, 51, 79, 0, 0, 0.06%, 9, 0, 8, 255.50
1733817807, 57, 66, 79, 0, 0, 0.06%, 9, 0, 8, 280.77
1733817812, 58, 15, 79, 0, 0, 0.06%, 9, 0, 8, 242.61
1733817817, 58, 17, 79, 0, 0, 0.06%, 9, 0, 8, 236.78
1733817833, 58, 22, 79, 0, 0, 0.06%, 9, 0, 8, 245.55
1733817838, 58, 25, 79, 0, 0, 0.06%, 9, 0, 8, 235.41
1733817843, 58, 26, 79, 0, 0, 0.06%, 9, 0, 8, 236.80
1733817848, 58, 32, 79, 0, 0, 0.06%, 9, 0, 8, 257.66
1733817873, 58, 51, 79, 0, 0, 0.06%, 9, 0, 8, 269.19
1733817879, 58, 54, 79, 0, 0, 0.06%, 9, 0, 8, 253.08
1733817884, 59, 15, 79, 0, 0, 0.06%, 9, 0, 8, 246.99
1733817889, 59, 16, 79, 0, 0, 0.06%, 9, 0, 8, 236.55
1733817894, 59, 22, 79, 0, 0, 0.06%, 9, 0, 8, 236.51
1733817899, 59, 25, 79, 0, 0, 0.06%, 9, 0, 8, 241.02
1733817904, 59, 26, 79, 0, 0, 0.06%, 9, 0, 8, 245.16
1733817909, 59, 42, 79, 0, 0, 0.06%, 9, 0, 8, 266.99
1733817934, 59, 47, 79, 0, 0, 0.06%, 9, 0, 8, 313.26
1733817955, 59, 51, 79, 0, 0, 0.06%, 9, 0, 8, 264.64
1733817960, 59, 61, 79, 0, 0, 0.06%, 9, 0, 8, 286.88
1733817980, 59, 72, 79, 0, 0, 0.06%, 9, 0, 8, 256.03
1733818000, 60, 12, 79, 0, 0, 0.06%, 9, 0, 8, 269.81
1733818005, 60, 16, 79, 0, 0, 0.06%, 9, 0, 8, 251.29
1733818010, 60, 21, 79, 0, 0, 0.06%, 9, 0, 8, 250.40
1733818015, 60, 25, 79, 0, 0, 0.06%, 9, 0, 8, 233.73
1733818020, 60, 26, 79, 0, 0, 0.06%, 9, 0, 8, 246.48
1733818025, 60, 30, 79, 0, 0, 0.06%, 9, 0, 8, 256.14
1733818051, 60, 46, 79, 0, 0, 0.06%, 9, 0, 8, 316.06
1733818072, 61, 12, 79, 0, 0, 0.06%, 9, 0, 8, 249.31
1733818077, 61, 16, 79, 0, 0, 0.06%, 9, 0, 8, 249.05
1733818082, 61, 21, 79, 0, 0, 0.06%, 9, 0, 8, 249.20
1733818087, 61, 24, 79, 0, 0, 0.06%, 9, 0, 8, 242.70
1733818092, 61, 25, 79, 0, 0, 0.06%, 9, 0, 8, 243.08
1733818097, 61, 26, 79, 0, 0, 0.06%, 9, 0, 8, 236.98
1733818102, 61, 45, 79, 0, 0, 0.06%, 9, 0, 8, 253.26
1733818122, 61, 50, 79, 0, 0, 0.06%, 9, 0, 8, 253.43
1733818132, 61, 61, 79, 0, 0, 0.06%, 9, 0, 8, 250.64
1733818138, 61, 66, 79, 0, 0, 0.06%, 9, 0, 8, 259.03
1733818143, 61, 70, 79, 0, 0, 0.06%, 9, 0, 8, 290.24
1733818153, 62, 15, 79, 0, 0, 0.06%, 9, 0, 8, 262.61
1733818158, 62, 21, 79, 0, 0, 0.06%, 9, 0, 8, 245.59
1733818163, 62, 22, 79, 0, 0, 0.06%, 9, 0, 8, 246.21
1733818168, 62, 25, 79, 0, 0, 0.06%, 9, 0, 8, 239.02
1733818173, 62, 26, 79, 0, 0, 0.06%, 9, 0, 8, 241.30
1733818178, 62, 42, 79, 0, 0, 0.06%, 9, 0, 8, 257.93
1733818183, 62, 45, 79, 0, 0, 0.06%, 9, 0, 8, 275.90
1733818188, 62, 67, 79, 0, 0, 0.06%, 9, 0, 8, 304.27
1733818209, 63, 11, 79, 0, 0, 0.06%, 9, 0, 8, 258.23
1733818219, 63, 12, 79, 0, 0, 0.06%, 9, 0, 8, 250.37
1733818224, 63, 16, 79, 0, 0, 0.06%, 9, 0, 8, 242.63
1733818229, 63, 20, 79, 0, 0, 0.06%, 9, 0, 8, 246.28
1733818234, 63, 22, 79, 0, 0, 0.06%, 9, 0, 8, 245.19
1733818239, 63, 25, 79, 0, 0, 0.06%, 9, 0, 8, 248.93
1733818244, 63, 26, 79, 0, 0, 0.06%, 9, 0, 8, 244.83
1733818249, 63, 47, 79, 0, 0, 0.06%, 9, 0, 8, 305.87
1733818270, 64, 12, 79, 0, 0, 0.06%, 9, 0, 8, 224.24
1733818275, 64, 16, 79, 0, 0, 0.06%, 9, 0, 8, 238.32
1733818280, 64, 21, 79, 0, 0, 0.06%, 9, 0, 8, 240.71
1733818285, 64, 25, 79, 0, 0, 0.06%, 9, 0, 8, 234.10
1733818290, 64, 26, 79, 0, 0, 0.06%, 9, 0, 8, 239.69
1733818295, 64, 41, 79, 0, 0, 0.06%, 9, 0, 8, 261.62
1733818320, 64, 51, 79, 0, 0, 0.06%, 9, 0, 8, 284.79
1733818325, 64, 69, 79, 0, 0, 0.06%, 9, 0, 8, 297.79
1733818346, 65, 9, 79, 0, 0, 0.06%, 9, 0, 8, 254.74
1733818351, 65, 15, 79, 0, 0, 0.06%, 9, 0, 8, 243.02
1733818356, 65, 21, 79, 0, 0, 0.06%, 9, 0, 8, 249.46
1733818361, 65, 25, 79, 0, 0, 0.06%, 9, 0, 8, 250.47
1733818366, 65, 26, 79, 0, 0, 0.06%, 9, 0, 8, 254.28
1733818376, 66, 15, 79, 0, 0, 0.06%, 9, 0, 8, 244.52
1733818381, 66, 21, 79, 0, 0, 0.06%, 9, 0, 8, 252.28
1733818386, 66, 25, 79, 0, 0, 0.06%, 9, 0, 8, 247.26
1733818397, 66, 26, 79, 0, 0, 0.06%, 9, 0, 8, 254.21
1733818402, 66, 39, 79, 0, 0, 0.06%, 9, 0, 8, 269.28
1733818422, 66, 42, 79, 0, 0, 0.06%, 9, 0, 8, 261.20
1733818427, 66, 68, 79, 0, 0, 0.06%, 9, 0, 8, 281.48
1733818432, 67, 12, 79, 0, 0, 0.06%, 9, 0, 8, 255.07
1733818437, 67, 16, 79, 0, 0, 0.06%, 9, 0, 8, 248.01
1733818442, 67, 21, 79, 0, 0, 0.06%, 9, 0, 8, 254.60
1733818448, 67, 25, 79, 0, 0, 0.06%, 9, 0, 8, 238.52
1733818458, 67, 26, 79, 0, 0, 0.06%, 9, 0, 8, 240.66
1733818463, 67, 34, 79, 0, 0, 0.06%, 9, 0, 8, 244.09
1733818488, 67, 50, 79, 0, 0, 0.06%, 9, 0, 8, 277.73
1733818493, 67, 72, 79, 0, 0, 0.06%, 9, 0, 8, 333.02
1733818509, 67, 73, 79, 0, 0, 0.06%, 9, 0, 8, 281.12
1733818534, 68, 15, 79, 0, 0, 0.06%, 9, 0, 8, 251.07
1733818539, 68, 21, 79, 0, 0, 0.06%, 9, 0, 8, 256.72
1733818544, 68, 25, 79, 0, 0, 0.06%, 9, 0, 8, 256.68
1733818554, 68, 26, 79, 0, 0, 0.06%, 9, 0, 8, 253.22
1733818559, 68, 39, 79, 0, 0, 0.06%, 9, 0, 8, 268.49
1733818580, 69, 12, 79, 0, 0, 0.06%, 9, 0, 8, 245.33
1733818585, 69, 16, 79, 0, 0, 0.06%, 9, 0, 8, 251.32
1733818590, 69, 18, 79, 0, 0, 0.06%, 9, 0, 8, 244.29
1733818595, 69, 22, 79, 0, 0, 0.06%, 9, 0, 8, 249.33
1733818600, 69, 25, 79, 0, 0, 0.06%, 9, 0, 8, 236.33
1733818605, 69, 26, 79, 0, 0, 0.06%, 9, 0, 8, 236.67
1733818610, 69, 69, 79, 0, 0, 0.06%, 9, 0, 8, 272.49
1733818630, 69, 72, 79, 0, 0, 0.06%, 9, 0, 8, 265.51
1733818640, 69, 75, 79, 0, 0, 0.06%, 9, 0, 8, 293.13
1733818660, 70, 12, 79, 0, 0, 0.06%, 9, 0, 8, 293.57
1733818665, 70, 16, 79, 0, 0, 0.06%, 9, 0, 8, 269.95
1733818671, 70, 21, 79, 0, 0, 0.06%, 9, 0, 8, 263.52
1733818676, 70, 25, 79, 0, 0, 0.06%, 9, 0, 8, 248.61
1733818681, 70, 26, 79, 0, 0, 0.06%, 9, 0, 8, 244.97
1733818686, 70, 49, 79, 0, 0, 0.06%, 9, 0, 8, 272.84
1733818706, 70, 59, 79, 0, 0, 0.06%, 9, 0, 8, 281.65
1733818727, 70, 60, 79, 0, 0, 0.06%, 9, 0, 8, 281.19
1733818752, 71, 15, 79, 0, 0, 0.06%, 9, 0, 8, 255.05
1733818757, 71, 21, 79, 0, 0, 0.06%, 9, 0, 8, 261.80
1733818762, 71, 25, 79, 0, 0, 0.06%, 9, 0, 8, 252.56
1733818772, 71, 26, 79, 0, 0, 0.06%, 9, 0, 8, 243.49
1733818777, 71, 36, 79, 0, 0, 0.06%, 9, 0, 8, 272.56
1733818797, 71, 58, 79, 0, 0, 0.06%, 9, 0, 8, 257.29
1733818802, 71, 75, 79, 0, 0, 0.06%, 9, 0, 8, 279.19
1733818823, 72, 12, 79, 0, 0, 0.06%, 9, 0, 8, 249.20
1733818828, 72, 16, 79, 0, 0, 0.06%, 9, 0, 8, 256.10
1733818833, 72, 22, 79, 0, 0, 0.06%, 9, 0, 8, 257.80
1733818838, 72, 25, 79, 0, 0, 0.06%, 9, 0, 8, 242.21
1733818843, 72, 26, 79, 0, 0, 0.06%, 9, 0, 8, 254.95
1733818848, 72, 63, 79, 0, 0, 0.06%, 9, 0, 8, 262.67
1733818854, 72, 69, 79, 0, 0, 0.06%, 9, 0, 8, 286.41
1733818874, 72, 73, 79, 0, 0, 0.06%, 9, 0, 8, 278.76
1733818894, 72, 76, 79, 0, 0, 0.06%, 9, 0, 8, 292.03
1733818920, 73, 15, 79, 0, 0, 0.06%, 9, 0, 8, 260.34
1733818925, 73, 17, 79, 0, 0, 0.06%, 9, 0, 8, 249.32
1733818935, 73, 21, 79, 0, 0, 0.06%, 9, 0, 8, 261.57
1733818940, 73, 22, 79, 0, 0, 0.06%, 9, 0, 8, 253.11
1733818945, 73, 25, 79, 0, 0, 0.06%, 9, 0, 8, 262.25
1733818950, 73, 26, 79, 0, 0, 0.06%, 9, 0, 8, 256.72
1733818955, 73, 36, 79, 0, 0, 0.06%, 9, 0, 8, 272.41
1733818976, 73, 41, 79, 0, 0, 0.06%, 9, 0, 8, 268.18
1733818981, 73, 62, 79, 0, 0, 0.06%, 9, 0, 8, 288.31
1733819001, 74, 12, 79, 0, 0, 0.06%, 9, 0, 8, 255.48
1733819006, 74, 16, 79, 0, 0, 0.06%, 9, 0, 8, 249.91
1733819012, 74, 22, 79, 0, 0, 0.06%, 9, 0, 8, 257.25
1733819017, 74, 24, 79, 0, 0, 0.06%, 9, 0, 8, 248.21
1733819022, 74, 25, 79, 0, 0, 0.06%, 9, 0, 8, 249.08
1733819027, 74, 26, 79, 0, 0, 0.06%, 9, 0, 8, 247.52
1733819032, 74, 72, 79, 0, 0, 0.06%, 9, 0, 8, 275.54
1733819037, 74, 76, 79, 0, 0, 0.06%, 9, 0, 8, 303.99
1733819057, 75, 15, 79, 0, 0, 0.06%, 9, 0, 8, 244.98
1733819062, 75, 21, 79, 0, 0, 0.06%, 9, 0, 8, 251.79
1733819068, 75, 22, 79, 0, 0, 0.06%, 9, 0, 8, 244.40
1733819073, 75, 25, 79, 0, 0, 0.06%, 9, 0, 8, 259.85
1733819078, 75, 26, 79, 0, 0, 0.06%, 9, 0, 8, 250.46
1733819083, 75, 54, 79, 0, 0, 0.06%, 9, 0, 8, 263.40
1733819088, 75, 55, 79, 0, 0, 0.06%, 9, 0, 8, 270.43
1733819093, 75, 61, 79, 0, 0, 0.06%, 9, 0, 8, 265.41
1733819098, 75, 75, 79, 0, 0, 0.06%, 9, 0, 8, 285.05
1733819118, 76, 12, 79, 0, 0, 0.06%, 9, 0, 8, 251.38
1733819123, 76, 14, 79, 0, 0, 0.06%, 9, 0, 8, 255.30
1733819134, 76, 15, 79, 0, 0, 0.06%, 9, 0, 8, 242.31
1733819139, 76, 21, 79, 0, 0, 0.06%, 9, 0, 8, 254.81
1733819144, 76, 25, 79, 0, 0, 0.06%, 9, 0, 8, 248.32
1733819149, 76, 26, 79, 0, 0, 0.06%, 9, 0, 8, 250.00
1733819154, 77, 12, 79, 0, 0, 0.06%, 9, 0, 8, 251.79
1733819159, 77, 16, 79, 0, 0, 0.06%, 9, 0, 8, 248.75
1733819164, 77, 22, 79, 0, 0, 0.06%, 9, 0, 8, 264.98
1733819169, 77, 25, 79, 0, 0, 0.06%, 9, 0, 8, 239.44
1733819174, 77, 26, 79, 0, 0, 0.06%, 9, 0, 8, 243.73
1733819179, 77, 66, 79, 0, 0, 0.06%, 9, 0, 8, 297.56
1733819184, 78, 12, 79, 0, 0, 0.06%, 9, 0, 8, 266.65
1733819190, 78, 16, 79, 0, 0, 0.06%, 9, 0, 8, 251.85
1733819195, 78, 22, 79, 0, 0, 0.06%, 9, 0, 8, 252.75
1733819200, 78, 25, 79, 0, 0, 0.06%, 9, 0, 8, 235.33
1733819205, 78, 26, 79, 0, 0, 0.06%, 9, 0, 8, 238.50
1733819210, 78, 34, 79, 0, 0, 0.06%, 9, 0, 8, 254.27
1733819215, 79, 12, 79, 0, 0, 0.06%, 9, 0, 8, 248.55
1733819220, 79, 16, 79, 0, 0, 0.06%, 9, 0, 8, 248.00
1733819225, 79, 22, 79, 0, 0, 0.06%, 9, 0, 8, 258.23
1733819230, 79, 25, 79, 0, 0, 0.06%, 9, 0, 8, 236.42
1733819235, 79, 26, 79, 0, 0, 0.06%, 9, 0, 8, 244.50
1733819240, 79, 58, 79, 0, 0, 0.06%, 9, 0, 8, 252.77
1733819246, 79, 67, 79, 0, 0, 0.06%, 9, 0, 8, 295.69
1733819251, 79, 72, 79, 0, 0, 0.06%, 9, 0, 8, 294.17
1733819256, 80, 12, 79, 0, 0, 0.06%, 9, 0, 8, 274.92
1733819261, 80, 16, 79, 0, 0, 0.06%, 9, 0, 8, 248.52
1733819266, 80, 22, 79, 0, 0, 0.06%, 9, 0, 8, 245.23
1733819271, 80, 25, 79, 0, 0, 0.06%, 9, 0, 8, 237.86
1733819276, 80, 26, 79, 0, 0, 0.06%, 9, 0, 8, 239.15
1733819281, 80, 40, 79, 0, 0, 0.06%, 9, 0, 8, 253.79
1733819307, 81, 2, 79, 0, 0, 0.06%, 9, 0, 8, 255.09
1733819312, 81, 15, 79, 0, 0, 0.06%, 9, 0, 8, 243.77
1733819317, 81, 19, 79, 0, 0, 0.06%, 9, 0, 8, 249.25
1733819322, 81, 21, 79, 0, 0, 0.06%, 9, 0, 8, 264.86
1733819327, 81, 22, 79, 0, 0, 0.06%, 9, 0, 8, 250.82
1733819332, 81, 25, 79, 0, 0, 0.06%, 9, 0, 8, 261.65
1733819337, 81, 26, 79, 0, 0, 0.06%, 9, 0, 8, 248.66
1733819342, 81, 40, 79, 0, 0, 0.06%, 9, 0, 8, 239.89
1733819347, 81, 62, 79, 0, 0, 0.06%, 9, 0, 8, 270.46
1733819372, 81, 65, 79, 0, 0, 0.06%, 9, 0, 8, 338.76
1733819387, 82, 12, 79, 0, 0, 0.06%, 9, 0, 8, 284.86
1733819392, 82, 14, 79, 0, 0, 0.06%, 9, 0, 8, 270.57
1733819402, 82, 15, 79, 0, 0, 0.06%, 9, 0, 8, 260.39
1733819408, 82, 21, 79, 0, 0, 0.06%, 9, 0, 8, 254.82
1733819413, 82, 25, 79, 0, 0, 0.06%, 9, 0, 8, 245.61
1733819418, 82, 26, 79, 0, 0, 0.06%, 9, 0, 8, 258.14
1733819423, 82, 65, 79, 0, 0, 0.06%, 9, 0, 8, 268.02
1733819443, 82, 67, 79, 0, 0, 0.06%, 9, 0, 8, 291.94
1733819448, 83, 12, 79, 0, 0, 0.06%, 9, 0, 8, 281.74
1733819453, 83, 16, 79, 0, 0, 0.06%, 9, 0, 8, 260.40
1733819458, 83, 21, 79, 0, 0, 0.06%, 9, 0, 8, 257.18
1733819463, 83, 25, 79, 0, 0, 0.06%, 9, 0, 8, 247.33
1733819468, 83, 26, 79, 0, 0, 0.06%, 9, 0, 8, 249.85
1733819473, 83, 36, 79, 0, 0, 0.06%, 9, 0, 8, 263.12
1733819478, 83, 77, 79, 0, 0, 0.06%, 9, 0, 8, 292.33
1733819499, 84, 12, 79, 0, 0, 0.06%, 9, 0, 8, 275.77
1733819504, 84, 16, 79, 0, 0, 0.06%, 9, 0, 8, 266.73
1733819509, 84, 21, 79, 0, 0, 0.06%, 9, 0, 8, 259.30
1733819514, 84, 23, 79, 0, 0, 0.06%, 9, 0, 8, 263.71
1733819524, 84, 25, 79, 0, 0, 0.06%, 9, 0, 8, 246.76
1733819529, 84, 26, 79, 0, 0, 0.06%, 9, 0, 8, 244.02
1733819534, 84, 41, 79, 0, 0, 0.06%, 9, 0, 8, 272.34
1733819540, 84, 59, 79, 0, 0, 0.06%, 9, 0, 8, 271.97
1733819545, 84, 62, 79, 0, 0, 0.06%, 9, 0, 8, 256.26
1733819555, 84, 71, 79, 0, 0, 0.06%, 9, 0, 8, 258.14
1733819575, 85, 15, 79, 0, 0, 0.06%, 9, 0, 8, 262.80
1733819580, 85, 16, 79, 0, 0, 0.06%, 9, 0, 8, 242.69
1733819585, 85, 22, 79, 0, 0, 0.06%, 9, 0, 8, 250.44
1733819590, 85, 25, 79, 0, 0, 0.06%, 9, 0, 8, 253.23
1733819595, 85, 26, 79, 0, 0, 0.06%, 9, 0, 8, 244.94
1733819600, 85, 54, 79, 0, 0, 0.06%, 9, 0, 8, 266.20
1733819605, 86, 15, 79, 0, 0, 0.06%, 9, 0, 8, 253.57
1733819610, 86, 16, 79, 0, 0, 0.06%, 9, 0, 8, 251.26
1733819615, 86, 22, 79, 0, 0, 0.06%, 9, 0, 8, 245.57
1733819621, 86, 25, 79, 0, 0, 0.06%, 9, 0, 8, 248.92
1733819626, 86, 26, 79, 0, 0, 0.06%, 9, 0, 8, 260.00
1733819631, 86, 56, 79, 0, 0, 0.06%, 9, 0, 8, 282.52
1733819651, 86, 59, 79, 0, 0, 0.06%, 9, 0, 8, 263.71
1733819656, 86, 76, 79, 0, 0, 0.06%, 9, 0, 8, 290.08
1733819677, 86, 78, 79, 0, 0, 0.06%, 9, 0, 8, 275.69
1733819708, 87, 5, 79, 0, 0, 0.06%, 9, 0, 8, 249.30
1733819713, 87, 15, 79, 0, 0, 0.06%, 9, 0, 8, 248.41
1733819718, 87, 16, 79, 0, 0, 0.06%, 9, 0, 8, 253.45
1733819723, 87, 22, 79, 0, 0, 0.06%, 9, 0, 8, 255.36
1733819728, 87, 25, 79, 0, 0, 0.06%, 9, 0, 8, 268.84
1733819733, 87, 26, 79, 0, 0, 0.06%, 9, 0, 8, 240.55
1733819738, 87, 52, 79, 0, 0, 0.06%, 9, 0, 8, 286.61
1733819759, 87, 63, 79, 0, 0, 0.06%, 9, 0, 8, 283.30
1733819764, 88, 15, 79, 0, 0, 0.06%, 9, 0, 8, 259.21
1733819769, 88, 21, 79, 0, 0, 0.06%, 9, 0, 8, 265.08
1733819774, 88, 22, 79, 0, 0, 0.06%, 9, 0, 8, 248.29
1733819779, 88, 23, 79, 0, 0, 0.06%, 9, 0, 8, 258.40
1733819789, 88, 25, 79, 0, 0, 0.06%, 9, 0, 8, 248.62
1733819794, 88, 26, 79, 0, 0, 0.06%, 9, 0, 8, 240.63
1733819799, 88, 49, 79, 0, 0, 0.06%, 9, 0, 8, 277.85
1733819819, 88, 50, 79, 0, 0, 0.06%, 9, 0, 8, 286.90
1733819824, 88, 64, 79, 0, 0, 0.06%, 9, 0, 8, 275.32
1733819845, 88, 74, 79, 0, 0, 0.06%, 9, 0, 8, 271.96
1733819870, 89, 15, 79, 0, 0, 0.06%, 9, 0, 8, 250.24
1733819875, 89, 16, 79, 0, 0, 0.06%, 9, 0, 8, 250.46
1733819880, 89, 22, 79, 0, 0, 0.06%, 9, 0, 8, 258.60
1733819885, 89, 25, 79, 0, 0, 0.06%, 9, 0, 8, 257.21
1733819890, 89, 26, 79, 0, 0, 0.06%, 9, 0, 8, 252.44
1733819895, 89, 72, 79, 0, 0, 0.06%, 9, 0, 8, 269.46
1733819900, 90, 15, 79, 0, 0, 0.06%, 9, 0, 8, 260.36
1733819905, 90, 21, 79, 0, 0, 0.06%, 9, 0, 8, 264.48
1733819910, 90, 22, 79, 0, 0, 0.06%, 9, 0, 8, 249.99
1733819915, 90, 25, 79, 0, 0, 0.06%, 9, 0, 8, 257.91
1733819921, 90, 26, 79, 0, 0, 0.06%, 9, 0, 8, 258.07
1733819926, 90, 30, 79, 0, 0, 0.06%, 9, 0, 8, 242.78
1733819946, 90, 35, 79, 0, 0, 0.06%, 9, 0, 8, 257.67
1733819971, 90, 48, 79, 0, 0, 0.06%, 9, 0, 8, 254.21
1733819992, 90, 69, 79, 0, 0, 0.06%, 9, 0, 8, 294.09
1733819997, 91, 12, 79, 0, 0, 0.06%, 9, 0, 8, 261.15
1733820002, 91, 16, 79, 0, 0, 0.06%, 9, 0, 8, 254.55
1733820007, 91, 21, 79, 0, 0, 0.06%, 9, 0, 8, 255.90
1733820012, 91, 22, 79, 0, 0, 0.06%, 9, 0, 8, 247.59
1733820017, 91, 25, 79, 0, 0, 0.06%, 9, 0, 8, 235.71
1733820022, 91, 26, 79, 0, 0, 0.06%, 9, 0, 8, 238.56
1733820027, 92, 12, 79, 0, 0, 0.06%, 9, 0, 8, 271.96
1733820032, 92, 16, 79, 0, 0, 0.06%, 9, 0, 8, 260.13
1733820038, 92, 21, 79, 0, 0, 0.06%, 9, 0, 8, 263.27
1733820043, 92, 25, 79, 0, 0, 0.06%, 9, 0, 8, 249.76
1733820053, 92, 26, 79, 0, 0, 0.06%, 9, 0, 8, 269.97
1733820058, 92, 44, 79, 0, 0, 0.06%, 9, 0, 8, 279.88
1733820078, 92, 52, 79, 0, 0, 0.06%, 9, 0, 8, 280.35
1733820083, 92, 56, 79, 0, 0, 0.06%, 9, 0, 8, 285.96
1733820104, 92, 75, 79, 0, 0, 0.06%, 9, 0, 8, 274.28
1733820114, 93, 11, 79, 0, 0, 0.06%, 9, 0, 8, 251.54
1733820124, 93, 12, 79, 0, 0, 0.06%, 9, 0, 8, 258.00
1733820129, 93, 16, 79, 0, 0, 0.06%, 9, 0, 8, 255.93
1733820134, 93, 21, 79, 0, 0, 0.06%, 9, 0, 8, 256.85
1733820139, 93, 25, 79, 0, 0, 0.06%, 9, 0, 8, 248.49
1733820144, 93, 26, 79, 0, 0, 0.06%, 9, 0, 8, 249.25
1733820149, 93, 34, 79, 0, 0, 0.06%, 9, 0, 8, 263.45
1733820159, 93, 60, 79, 0, 0, 0.06%, 9, 0, 8, 255.80
1733820164, 93, 61, 79, 0, 0, 0.06%, 9, 0, 8, 264.84
1733820169, 93, 65, 79, 0, 0, 0.06%, 9, 0, 8, 289.85
1733820174, 93, 74, 79, 0, 0, 0.06%, 9, 0, 8, 292.18
1733820195, 94, 15, 79, 0, 0, 0.06%, 9, 0, 8, 277.55
1733820200, 94, 21, 79, 0, 0, 0.06%, 9, 0, 8, 260.89
1733820205, 94, 25, 79, 0, 0, 0.06%, 9, 0, 8, 251.70
1733820215, 94, 26, 79, 0, 0, 0.06%, 9, 0, 8, 238.36
1733820220, 94, 37, 79, 0, 0, 0.06%, 9, 0, 8, 257.41
1733820225, 94, 54, 79, 0, 0, 0.06%, 9, 0, 8, 267.37
1733820230, 95, 12, 79, 0, 0, 0.06%, 9, 0, 8, 254.60
1733820235, 95, 16, 79, 0, 0, 0.06%, 9, 0, 8, 253.75
1733820240, 95, 20, 79, 0, 0, 0.06%, 9, 0, 8, 259.73
1733820245, 95, 21, 79, 0, 0, 0.06%, 9, 0, 8, 260.36
1733820250, 95, 25, 79, 0, 0, 0.06%, 9, 0, 8, 238.79
1733820256, 95, 26, 79, 0, 0, 0.06%, 9, 0, 8, 238.91
1733820261, 95, 50, 79, 0, 0, 0.06%, 9, 0, 8, 254.19
1733820271, 96, 15, 79, 0, 0, 0.06%, 9, 0, 8, 253.80
1733820276, 96, 21, 79, 0, 0, 0.06%, 9, 0, 8, 257.87
1733820281, 96, 25, 79, 0, 0, 0.06%, 9, 0, 8, 255.29
1733820286, 96, 26, 79, 0, 0, 0.06%, 9, 0, 8, 260.39
1733820291, 96, 36, 79, 0, 0, 0.06%, 9, 0, 8, 264.39
1733820297, 96, 59, 79, 0, 0, 0.06%, 9, 0, 8, 268.39
1733820307, 97, 15, 79, 0, 0, 0.06%, 9, 0, 8, 255.34
1733820312, 97, 21, 79, 0, 0, 0.06%, 9, 0, 8, 263.09
1733820317, 97, 25, 79, 0, 0, 0.06%, 9, 0, 8, 240.86
1733820322, 97, 26, 79, 0, 0, 0.06%, 9, 0, 8, 249.90
1733820327, 97, 30, 79, 0, 0, 0.06%, 9, 0, 8, 258.63
1733820337, 97, 40, 79, 0, 0, 0.06%, 9, 0, 8, 245.40
1733820342, 97, 63, 79, 0, 0, 0.06%, 9, 0, 8, 259.97
1733820347, 98, 15, 79, 0, 0, 0.06%, 9, 0, 8, 241.45
1733820352, 98, 21, 79, 0, 0, 0.06%, 9, 0, 8, 252.19
1733820358, 98, 22, 79, 0, 0, 0.06%, 9, 0, 8, 250.04
1733820363, 98, 25, 79, 0, 0, 0.06%, 9, 0, 8, 268.91
1733820368, 98, 26, 79, 0, 0, 0.06%, 9, 0, 8, 259.94
1733820373, 98, 46, 79, 0, 0, 0.06%, 9, 0, 8, 329.43
1733820393, 99, 15, 79, 0, 0, 0.06%, 9, 0, 8, 231.84
1733820398, 99, 16, 79, 0, 0, 0.06%, 9, 0, 8, 244.41
1733820403, 99, 22, 79, 0, 0, 0.06%, 9, 0, 8, 251.32
1733820408, 99, 25, 79, 0, 0, 0.06%, 9, 0, 8, 266.83
1733820414, 99, 26, 79, 0, 0, 0.06%, 9, 0, 8, 235.69
1733820419, 99, 35, 79, 0, 0, 0.06%, 9, 0, 8, 264.64
1733820439, 99, 65, 79, 0, 0, 0.06%, 9, 0, 8, 310.68
1733820444, 99, 70, 79, 0, 0, 0.06%, 9, 0, 8, 304.64
1733820449, 100, 12, 79, 0, 0, 0.06%, 9, 0, 8, 278.44
1733820454, 100, 16, 79, 0, 0, 0.06%, 9, 0, 8, 263.17
1733820459, 100, 22, 79, 0, 0, 0.06%, 9, 0, 8, 255.18
1733820464, 100, 25, 79, 0, 0, 0.06%, 9, 0, 8, 259.80
1733820469, 100, 26, 79, 0, 0, 0.06%, 9, 0, 8, 255.83
1733820474, 100, 27, 79, 0, 0, 0.06%, 9, 0, 8, 298.49
1733820494, 100, 37, 79, 0, 0, 0.06%, 9, 0, 8, 249.78
1733820499, 101, 12, 79, 0, 0, 0.06%, 9, 0, 8, 251.74
1733820504, 101, 16, 79, 0, 0, 0.06%, 9, 0, 8, 256.55
1733820509, 101, 22, 79, 0, 0, 0.06%, 9, 0, 8, 253.44
1733820514, 101, 25, 79, 0, 0, 0.06%, 9, 0, 8, 232.89
1733820519, 101, 26, 79, 0, 0, 0.06%, 9, 0, 8, 253.64
1733820525, 101, 31, 79, 0, 0, 0.06%, 9, 0, 8, 251.17
1733820530, 101, 58, 79, 0, 0, 0.06%, 9, 0, 8, 254.72
1733820535, 101, 69, 79, 0, 0, 0.06%, 9, 0, 8, 280.82
1733820540, 101, 76, 79, 0, 0, 0.06%, 9, 0, 8, 289.31
1733820550, 102, 2, 79, 0, 0, 0.06%, 9, 0, 8, 269.87
1733820555, 102, 15, 79, 0, 0, 0.06%, 9, 0, 8, 252.04
1733820560, 102, 21, 79, 0, 0, 0.06%, 9, 0, 8, 260.52
1733820565, 102, 25, 79, 0, 0, 0.06%, 9, 0, 8, 260.44
1733820575, 102, 26, 79, 0, 0, 0.06%, 9, 0, 8, 263.17
1733820580, 102, 37, 79, 0, 0, 0.06%, 9, 0, 8, 240.99
1733820585, 103, 15, 79, 0, 0, 0.06%, 9, 0, 8, 245.32
1733820591, 103, 21, 79, 0, 0, 0.06%, 9, 0, 8, 259.02
1733820596, 103, 22, 79, 0, 0, 0.06%, 9, 0, 8, 249.71
1733820601, 103, 25, 79, 0, 0, 0.06%, 9, 0, 8, 260.79
1733820606, 103, 26, 79, 0, 0, 0.06%, 9, 0, 8, 257.02
1733820611, 103, 57, 79, 0, 0, 0.06%, 9, 0, 8, 244.14
1733820616, 103, 65, 79, 0, 0, 0.06%, 9, 0, 8, 274.48
1733820621, 103, 69, 79, 0, 0, 0.06%, 9, 0, 8, 302.37
1733820626, 104, 15, 79, 0, 0, 0.06%, 9, 0, 8, 262.19
1733820631, 104, 21, 79, 0, 0, 0.06%, 9, 0, 8, 262.42
1733820636, 104, 22, 79, 0, 0, 0.06%, 9, 0, 8, 250.15
1733820641, 104, 25, 79, 0, 0, 0.06%, 9, 0, 8, 244.67
1733820646, 104, 26, 79, 0, 0, 0.06%, 9, 0, 8, 231.92
1733820651, 104, 31, 79, 0, 0, 0.06%, 9, 0, 8, 255.46
1733820656, 104, 48, 79, 0, 0, 0.06%, 9, 0, 8, 259.23
1733820661, 104, 57, 79, 0, 0, 0.06%, 9, 0, 8, 248.04
1733820666, 104, 67, 79, 0, 0, 0.06%, 9, 0, 8, 270.65
1733820671, 105, 12, 79, 0, 0, 0.06%, 9, 0, 8, 275.97
1733820677, 105, 13, 79, 0, 0, 0.06%, 9, 0, 8, 245.97
1733820687, 105, 15, 79, 0, 0, 0.06%, 9, 0, 8, 247.92
1733820692, 105, 21, 79, 0, 0, 0.06%, 9, 0, 8, 253.55
1733820697, 105, 25, 79, 0, 0, 0.06%, 9, 0, 8, 256.24
1733820707, 105, 26, 79, 0, 0, 0.06%, 9, 0, 8, 273.16
1733820712, 106, 15, 79, 0, 0, 0.06%, 9, 0, 8, 253.43
1733820717, 106, 21, 79, 0, 0, 0.06%, 9, 0, 8, 264.02
1733820722, 106, 25, 79, 0, 0, 0.06%, 9, 0, 8, 252.90
1733820727, 106, 26, 79, 0, 0, 0.06%, 9, 0, 8, 270.48
1733820732, 106, 36, 79, 0, 0, 0.06%, 9, 0, 8, 252.20
1733820742, 106, 54, 79, 0, 0, 0.06%, 9, 0, 8, 285.02
1733820747, 106, 72, 79, 0, 0, 0.06%, 9, 0, 8, 302.21
1733820753, 107, 12, 79, 0, 0, 0.06%, 9, 0, 8, 291.03
1733820758, 107, 16, 79, 0, 0, 0.06%, 9, 0, 8, 264.94
1733820763, 107, 21, 79, 0, 0, 0.06%, 9, 0, 8, 259.81
1733820768, 107, 25, 79, 0, 0, 0.06%, 9, 0, 8, 244.51
1733820773, 107, 26, 79, 0, 0, 0.06%, 9, 0, 8, 244.99
1733820778, 108, 12, 79, 0, 0, 0.06%, 9, 0, 8, 257.15
1733820783, 108, 13, 79, 0, 0, 0.06%, 9, 0, 8, 245.67
1733820793, 108, 15, 79, 0, 0, 0.06%, 9, 0, 8, 241.42
1733820798, 108, 21, 79, 0, 0, 0.06%, 9, 0, 8, 258.46
1733820803, 108, 22, 79, 0, 0, 0.06%, 9, 0, 8, 250.79
1733820808, 108, 25, 79, 0, 0, 0.06%, 9, 0, 8, 239.38
1733820813, 108, 26, 79, 0, 0, 0.06%, 9, 0, 8, 257.13
1733820818, 108, 32, 79, 0, 0, 0.06%, 9, 0, 8, 272.90
1733820828, 108, 54, 79, 0, 0, 0.06%, 9, 0, 8, 261.14
1733820833, 108, 63, 79, 0, 0, 0.06%, 9, 0, 8, 262.54
1733820839, 109, 15, 79, 0, 0, 0.06%, 9, 0, 8, 260.52
1733820844, 109, 21, 79, 0, 0, 0.06%, 9, 0, 8, 257.61
1733820849, 109, 25, 79, 0, 0, 0.06%, 9, 0, 8, 250.50
1733820854, 109, 26, 79, 0, 0, 0.06%, 9, 0, 8, 253.56
1733820864, 109, 53, 79, 0, 0, 0.06%, 9, 0, 8, 258.84
1733820869, 110, 15, 79, 0, 0, 0.06%, 9, 0, 8, 246.44
1733820874, 110, 21, 79, 0, 0, 0.06%, 9, 0, 8, 251.86
1733820879, 110, 22, 79, 0, 0, 0.06%, 9, 0, 8, 262.39
1733820884, 110, 25, 79, 0, 0, 0.06%, 9, 0, 8, 249.77
1733820889, 110, 26, 79, 0, 0, 0.06%, 9, 0, 8, 246.89
1733820894, 110, 53, 79, 0, 0, 0.06%, 9, 0, 8, 256.63
1733820899, 111, 12, 79, 0, 0, 0.06%, 9, 0, 8, 254.11
1733820904, 111, 15, 79, 0, 0, 0.06%, 9, 0, 8, 255.35
1733820909, 111, 21, 79, 0, 0, 0.06%, 9, 0, 8, 256.58
1733820914, 111, 25, 79, 0, 0, 0.06%, 9, 0, 8, 248.53
1733820920, 111, 26, 79, 0, 0, 0.06%, 9, 0, 8, 272.51
1733820930, 111, 35, 79, 0, 0, 0.06%, 9, 0, 8, 271.04
1733820935, 111, 73, 79, 0, 0, 0.06%, 9, 0, 8, 285.25
1733820955, 112, 15, 79, 0, 0, 0.06%, 9, 0, 8, 273.30
1733820960, 112, 16, 79, 0, 0, 0.06%, 9, 0, 8, 247.93
1733820965, 112, 22, 79, 0, 0, 0.06%, 9, 0, 8, 262.75
1733820970, 112, 25, 79, 0, 0, 0.06%, 9, 0, 8, 255.46
1733820975, 112, 26, 79, 0, 0, 0.06%, 9, 0, 8, 255.22
1733820981, 112, 28, 79, 0, 0, 0.06%, 9, 0, 8, 271.74
1733820986, 112, 45, 79, 0, 0, 0.06%, 9, 0, 8, 281.77
1733820991, 112, 53, 80, 1, 0, 0.06%, 9, 0, 8, 279.13
1733820996, 113, 12, 80, 1, 0, 0.06%, 9, 0, 8, 251.49
1733821001, 113, 16, 80, 1, 0, 0.06%, 9, 0, 8, 260.14
1733821006, 113, 22, 80, 1, 0, 0.06%, 9, 0, 8, 246.51
1733821011, 113, 25, 80, 1, 0, 0.06%, 9, 0, 8, 235.68
1733821016, 113, 26, 80, 1, 0, 0.06%, 9, 0, 8, 229.51
1733821021, 113, 61, 80, 1, 0, 0.06%, 9, 0, 8, 270.33
1733821026, 114, 12, 80, 1, 0, 0.06%, 9, 0, 8, 252.74
1733821031, 114, 16, 80, 1, 0, 0.06%, 9, 0, 8, 248.18
1733821037, 114, 21, 80, 1, 0, 0.06%, 9, 0, 8, 264.43
1733821042, 114, 25, 80, 1, 0, 0.06%, 9, 0, 8, 248.63
1733821047, 114, 26, 80, 1, 0, 0.06%, 9, 0, 8, 255.01
1733821052, 114, 29, 80, 1, 0, 0.06%, 9, 0, 8, 277.79
1733821072, 114, 37, 80, 1, 0, 0.06%, 9, 0, 8, 288.73
1733821077, 114, 40, 80, 1, 0, 0.06%, 9, 0, 8, 264.67
1733821082, 114, 43, 80, 1, 0, 0.06%, 9, 0, 8, 280.21
1733821102, 115, 12, 80, 1, 0, 0.06%, 9, 0, 8, 280.76
1733821108, 115, 13, 80, 1, 0, 0.06%, 9, 0, 8, 259.28
1733821113, 115, 16, 80, 1, 0, 0.06%, 9, 0, 8, 255.35
1733821118, 115, 22, 80, 1, 0, 0.06%, 9, 0, 8, 260.05
1733821123, 115, 25, 80, 1, 0, 0.06%, 9, 0, 8, 254.66
1733821133, 115, 26, 80, 1, 0, 0.06%, 9, 0, 8, 266.53
1733821138, 115, 35, 80, 1, 0, 0.06%, 9, 0, 8, 262.07
1733821143, 115, 44, 80, 1, 0, 0.06%, 9, 0, 8, 285.68
1733821163, 115, 78, 80, 1, 0, 0.06%, 9, 0, 8, 294.72
1733821194, 115, 79, 80, 1, 0, 0.06%, 9, 0, 8, 303.49
1733821296, 115, 79, 81, 2, 0, 0.06%, 9, 0, 8, 276.46
1733821357, 116, 12, 81, 1, 0, 0.06%, 9, 0, 8, 264.13
1733821362, 116, 16, 81, 1, 0, 0.06%, 9, 0, 8, 254.40
1733821367, 116, 22, 81, 1, 0, 0.06%, 9, 0, 8, 250.70
1733821372, 116, 25, 81, 1, 0, 0.06%, 9, 0, 8, 249.93
1733821377, 116, 26, 81, 1, 0, 0.06%, 9, 0, 8, 256.37
1733821382, 116, 31, 81, 1, 0, 0.06%, 9, 0, 8, 252.91
1733821387, 116, 67, 81, 1, 0, 0.06%, 9, 0, 8, 280.88
1733821393, 116, 76, 81, 1, 0, 0.06%, 9, 0, 8, 310.97
