# unix_time, cycles_done, cur_path, paths_total, pending_total, pending_favs, map_size, unique_crashes, unique_hangs, max_depth, execs_per_sec
1733731400, 0, 0, 10, 10, 1, 0.00%, 0, 0, 1, 151.52
1733731406, 0, 4, 10, 10, 1, 0.00%, 0, 0, 1, 180.42
1733731411, 0, 5, 10, 9, 0, 0.00%, 0, 0, 1, 169.65
1733731421, 0, 6, 10, 8, 0, 0.00%, 0, 0, 1, 184.31
1733731426, 0, 7, 10, 7, 0, 0.00%, 0, 0, 1, 174.49
1733731436, 0, 8, 10, 6, 0, 0.00%, 0, 0, 1, 168.28
1733731446, 0, 9, 10, 5, 0, 0.00%, 0, 0, 1, 185.40
1733731451, 1, 0, 10, 4, 0, 0.00%, 0, 0, 1, 175.76
1733731461, 1, 1, 10, 3, 0, 0.00%, 0, 0, 1, 181.15
1733731477, 1, 2, 10, 2, 0, 0.00%, 0, 0, 1, 183.01
1733731487, 1, 3, 10, 1, 0, 0.00%, 0, 0, 1, 183.92
1733731497, 1, 4, 10, 0, 0, 0.00%, 0, 0, 1, 182.86
1733731502, 1, 5, 10, 0, 0, 0.00%, 0, 0, 1, 179.42
1733731507, 1, 7, 10, 0, 0, 0.00%, 0, 0, 1, 179.68
1733731512, 1, 8, 10, 0, 0, 0.00%, 0, 0, 1, 181.84
1733731518, 1, 9, 10, 0, 0, 0.00%, 0, 0, 1, 180.13
1733731523, 2, 0, 10, 0, 0, 0.00%, 0, 0, 1, 181.36
1733731528, 2, 2, 10, 0, 0, 0.00%, 0, 0, 1, 181.77
1733731533, 2, 3, 10, 0, 0, 0.00%, 0, 0, 1, 180.48
1733731538, 2, 4, 10, 0, 0, 0.00%, 0, 0, 1, 183.97
1733731543, 2, 6, 10, 0, 0, 0.00%, 0, 0, 1, 183.74
1733731549, 2, 7, 10, 0, 0, 0.00%, 0, 0, 1, 181.68
1733731554, 2, 8, 10, 0, 0, 0.00%, 0, 0, 1, 180.11
1733731559, 2, 9, 10, 0, 0, 0.00%, 0, 0, 1, 182.43
1733731564, 3, 1, 10, 0, 0, 0.00%, 0, 0, 1, 181.59
1733731569, 3, 2, 10, 0, 0, 0.00%, 0, 0, 1, 181.44
1733731574, 3, 3, 10, 0, 0, 0.00%, 0, 0, 1, 181.00
1733731579, 3, 4, 10, 0, 0, 0.00%, 0, 0, 1, 182.00
1733731585, 3, 6, 10, 0, 0, 0.00%, 0, 0, 1, 183.76
1733731590, 3, 7, 10, 0, 0, 0.00%, 0, 0, 1, 181.22
1733731595, 3, 8, 10, 0, 0, 0.00%, 0, 0, 1, 180.33
1733731600, 4, 0, 10, 0, 0, 0.00%, 0, 0, 1, 180.99
1733731605, 4, 1, 10, 0, 0, 0.00%, 0, 0, 1, 184.69
1733731611, 4, 2, 10, 0, 0, 0.00%, 0, 0, 1, 183.22
1733731616, 4, 3, 10, 0, 0, 0.00%, 0, 0, 1, 185.04
1733731621, 4, 5, 10, 0, 0, 0.00%, 0, 0, 1, 180.87
1733731626, 4, 6, 10, 0, 0, 0.00%, 0, 0, 1, 181.83
1733731631, 4, 7, 10, 0, 0, 0.00%, 0, 0, 1, 180.70
1733731637, 4, 9, 10, 0, 0, 0.00%, 0, 0, 1, 182.94
1733731642, 5, 0, 10, 0, 0, 0.00%, 0, 0, 1, 179.62
1733731647, 5, 1, 10, 0, 0, 0.00%, 0, 0, 1, 188.84
1733731652, 5, 2, 10, 0, 0, 0.00%, 0, 0, 1, 183.13
1733731657, 5, 4, 10, 0, 0, 0.00%, 0, 0, 1, 182.08
1733731663, 5, 5, 10, 0, 0, 0.00%, 0, 0, 1, 180.78
1733731668, 5, 6, 10, 0, 0, 0.00%, 0, 0, 1, 174.81
1733731673, 5, 7, 10, 0, 0, 0.00%, 0, 0, 1, 181.82
1733731678, 5, 9, 10, 0, 0, 0.00%, 0, 0, 1, 181.74
1733731683, 6, 0, 10, 0, 0, 0.00%, 0, 0, 1, 181.94
1733731688, 6, 1, 10, 0, 0, 0.00%, 0, 0, 1, 182.77
1733731693, 6, 3, 10, 0, 0, 0.00%, 0, 0, 1, 181.70
1733731699, 6, 4, 10, 0, 0, 0.00%, 0, 0, 1, 182.45
1733731704, 6, 5, 10, 0, 0, 0.00%, 0, 0, 1, 181.32
1733731709, 6, 6, 10, 0, 0, 0.00%, 0, 0, 1, 182.22
1733731714, 6, 8, 10, 0, 0, 0.00%, 0, 0, 1, 182.58
1733731719, 6, 9, 10, 0, 0, 0.00%, 0, 0, 1, 180.90
1733731724, 7, 0, 10, 0, 0, 0.00%, 0, 0, 1, 178.54
1733731729, 7, 1, 10, 0, 0, 0.00%, 0, 0, 1, 180.52
1733731734, 7, 3, 10, 0, 0, 0.00%, 0, 0, 1, 182.16
1733731739, 7, 4, 10, 0, 0, 0.00%, 0, 0, 1, 182.36
1733731745, 7, 5, 10, 0, 0, 0.00%, 0, 0, 1, 180.18
1733731750, 7, 6, 11, 1, 0, 0.05%, 1, 0, 2, 179.30
1733731755, 7, 10, 12, 2, 1, 0.05%, 2, 0, 3, 200.89
1733731853, 7, 11, 15, 4, 1, 0.06%, 5, 0, 4, 204.47
1733731858, 7, 11, 17, 6, 1, 0.06%, 6, 0, 4, 198.42
1733731863, 7, 11, 19, 8, 1, 0.06%, 6, 0, 4, 198.41
1733731893, 7, 11, 20, 9, 1, 0.06%, 6, 0, 4, 195.96
1733731975, 7, 11, 21, 10, 1, 0.06%, 6, 0, 4, 196.66
1733731980, 7, 11, 24, 13, 1, 0.06%, 7, 0, 4, 213.57
1733731995, 7, 11, 25, 14, 1, 0.06%, 7, 0, 4, 242.72
1733732000, 7, 12, 25, 13, 4, 0.06%, 7, 0, 4, 219.84
1733732005, 7, 12, 26, 14, 4, 0.06%, 7, 0, 5, 210.93
1733732020, 7, 12, 27, 15, 4, 0.06%, 7, 0, 5, 207.19
1733732040, 7, 12, 28, 16, 4, 0.06%, 7, 0, 5, 205.26
1733732065, 7, 12, 29, 17, 4, 0.06%, 7, 0, 5, 206.71
1733732076, 7, 12, 30, 18, 4, 0.06%, 7, 0, 5, 204.09
1733732116, 7, 12, 31, 19, 4, 0.06%, 7, 0, 5, 206.10
1733732142, 7, 13, 31, 18, 4, 0.06%, 7, 0, 5, 227.55
1733732203, 7, 13, 32, 19, 4, 0.06%, 8, 0, 5, 203.32
1733732238, 7, 13, 33, 20, 4, 0.06%, 8, 0, 5, 209.19
1733732264, 7, 13, 35, 22, 4, 0.06%, 8, 0, 5, 209.85
1733732279, 7, 13, 36, 23, 4, 0.06%, 8, 0, 5, 228.65
1733732284, 7, 13, 38, 25, 4, 0.06%, 8, 0, 5, 222.82
1733732294, 7, 14, 41, 27, 4, 0.06%, 8, 0, 5, 238.29
1733732299, 7, 14, 42, 28, 4, 0.06%, 9, 0, 5, 219.96
1733732350, 7, 14, 43, 29, 4, 0.06%, 9, 0, 5, 204.79
1733732381, 7, 14, 44, 30, 4, 0.06%, 9, 0, 5, 201.94
1733732406, 7, 14, 45, 31, 4, 0.06%, 9, 0, 5, 205.22
1733732472, 7, 18, 45, 30, 4, 0.06%, 9, 0, 5, 235.03
1733732477, 7, 18, 46, 31, 4, 0.06%, 9, 0, 5, 214.59
1733732483, 7, 18, 47, 32, 4, 0.06%, 9, 0, 5, 203.44
1733732650, 7, 26, 47, 31, 3, 0.06%, 9, 0, 5, 362.63
1733732661, 7, 26, 50, 34, 3, 0.06%, 9, 0, 6, 314.93
1733732671, 7, 26, 51, 35, 3, 0.06%, 9, 0, 6, 251.92
1733732696, 7, 26, 52, 36, 3, 0.06%, 9, 0, 6, 250.94
1733732721, 7, 26, 53, 37, 3, 0.06%, 9, 0, 6, 244.96
1733732757, 7, 26, 54, 38, 3, 0.06%, 9, 0, 6, 255.14
1733732808, 7, 31, 55, 38, 3, 0.06%, 9, 0, 6, 242.44
1733732818, 7, 31, 56, 39, 3, 0.06%, 9, 0, 6, 208.86
1733732853, 7, 31, 57, 40, 3, 0.06%, 9, 0, 6, 208.22
1733732955, 7, 31, 58, 41, 3, 0.06%, 9, 0, 6, 205.95
1733732965, 7, 31, 59, 42, 3, 0.06%, 9, 0, 6, 221.67
1733732975, 7, 31, 60, 43, 3, 0.06%, 9, 0, 6, 219.43
1733732980, 7, 40, 60, 42, 2, 0.06%, 9, 0, 6, 211.93
1733733042, 7, 40, 61, 43, 2, 0.06%, 9, 0, 6, 410.27
1733733266, 7, 40, 63, 45, 2, 0.06%, 9, 0, 6, 263.79
1733733271, 7, 42, 63, 44, 2, 0.06%, 9, 0, 6, 281.44
1733733332, 7, 48, 63, 43, 1, 0.06%, 9, 0, 6, 278.28
1733733382, 7, 48, 66, 46, 1, 0.06%, 9, 0, 7, 297.69
1733733387, 7, 52, 66, 45, 0, 0.06%, 9, 0, 7, 315.60
1733733443, 7, 53, 66, 44, 0, 0.06%, 9, 0, 7, 276.07
1733733499, 7, 56, 66, 43, 0, 0.06%, 9, 0, 7, 296.73
1733733555, 7, 59, 66, 42, 0, 0.06%, 9, 0, 7, 380.12
1733733800, 7, 59, 67, 43, 0, 0.06%, 9, 0, 7, 309.01
1733733866, 8, 11, 67, 42, 0, 0.06%, 9, 0, 7, 225.98
1733733871, 8, 12, 67, 42, 0, 0.06%, 9, 0, 7, 237.75
1733733886, 8, 13, 67, 42, 0, 0.06%, 9, 0, 7, 212.81
1733733896, 8, 14, 67, 42, 0, 0.06%, 9, 0, 7, 226.87
1733733906, 8, 18, 67, 42, 0, 0.06%, 9, 0, 7, 254.79
1733733922, 8, 30, 67, 42, 0, 0.06%, 9, 0, 7, 311.14
1733734285, 8, 31, 67, 41, 0, 0.06%, 9, 0, 7, 227.90
1733734296, 8, 36, 67, 41, 0, 0.06%, 9, 0, 7, 244.10
1733734663, 8, 37, 67, 40, 0, 0.06%, 9, 0, 7, 204.23
1733735267, 8, 41, 67, 39, 0, 0.06%, 9, 0, 7, 222.82
1733735786, 8, 41, 68, 40, 0, 0.06%, 9, 0, 7, 376.00
1733735796, 8, 41, 69, 41, 0, 0.06%, 9, 0, 7, 374.52
1733735882, 8, 42, 69, 40, 0, 0.06%, 9, 0, 7, 239.15
1733735892, 8, 44, 69, 40, 0, 0.06%, 9, 0, 7, 277.31
1733735943, 8, 45, 69, 39, 0, 0.06%, 9, 0, 7, 311.03
1733736030, 8, 48, 69, 38, 0, 0.06%, 9, 0, 7, 258.87
1733736040, 8, 54, 69, 38, 0, 0.06%, 9, 0, 7, 306.63
1733736091, 8, 58, 69, 37, 0, 0.06%, 9, 0, 7, 342.44
1733736147, 8, 59, 69, 36, 0, 0.06%, 9, 0, 7, 284.05
1733736157, 8, 64, 69, 36, 0, 0.06%, 9, 0, 7, 215.64
1733736568, 9, 11, 69, 35, 0, 0.06%, 9, 0, 7, 266.76
1733736573, 9, 12, 69, 35, 0, 0.06%, 9, 0, 7, 243.61
1733736583, 9, 13, 69, 35, 0, 0.06%, 9, 0, 7, 229.92
1733736593, 9, 14, 69, 35, 0, 0.06%, 9, 0, 7, 222.38
1733736608, 9, 16, 69, 35, 0, 0.06%, 9, 0, 7, 253.03
1733736659, 9, 17, 69, 34, 0, 0.06%, 9, 0, 7, 357.64
1733736715, 9, 18, 69, 33, 0, 0.06%, 9, 0, 7, 254.25
1733736725, 9, 23, 69, 33, 0, 0.06%, 9, 0, 7, 268.80
1733736776, 9, 28, 69, 32, 0, 0.06%, 9, 0, 7, 319.40
1733736837, 9, 31, 69, 31, 0, 0.06%, 9, 0, 7, 243.45
1733736847, 9, 35, 69, 31, 0, 0.06%, 9, 0, 7, 207.44
1733736852, 9, 35, 71, 33, 0, 0.06%, 9, 0, 7, 313.01
1733737397, 9, 42, 71, 32, 0, 0.06%, 9, 0, 7, 236.84
1733737407, 9, 43, 71, 32, 0, 0.06%, 9, 0, 7, 298.98
1733737458, 9, 48, 71, 31, 0, 0.06%, 9, 0, 7, 263.71
1733737473, 9, 63, 71, 31, 0, 0.06%, 9, 0, 7, 288.01
1733737843, 10, 11, 71, 30, 0, 0.06%, 9, 0, 7, 270.84
1733737848, 10, 12, 71, 30, 0, 0.06%, 9, 0, 7, 243.83
1733737854, 10, 12, 72, 31, 0, 0.06%, 9, 0, 7, 290.10
1733737859, 10, 13, 72, 31, 0, 0.06%, 9, 0, 7, 237.89
1733737869, 10, 14, 72, 31, 0, 0.06%, 9, 0, 7, 244.56
1733737879, 10, 15, 72, 31, 0, 0.06%, 9, 0, 7, 304.02
1733737930, 10, 18, 72, 30, 0, 0.06%, 9, 0, 7, 290.52
1733737945, 10, 20, 72, 30, 0, 0.06%, 9, 0, 7, 251.18
1733738001, 10, 21, 72, 29, 0, 0.06%, 9, 0, 7, 338.10
1733738052, 10, 24, 72, 28, 0, 0.06%, 9, 0, 7, 322.85
1733738108, 10, 31, 72, 27, 0, 0.06%, 9, 0, 7, 244.56
1733738118, 10, 42, 72, 27, 0, 0.06%, 9, 0, 7, 244.78
1733738128, 10, 48, 72, 27, 0, 0.06%, 9, 0, 7, 246.13
1733738138, 10, 65, 72, 27, 0, 0.06%, 9, 0, 7, 253.20
1733738853, 10, 66, 72, 26, 0, 0.06%, 9, 0, 7, 285.60
1733739057, 10, 67, 72, 25, 0, 0.06%, 9, 0, 7, 246.97
1733739204, 10, 67, 73, 26, 0, 0.06%, 9, 0, 7, 342.83
1733739250, 10, 72, 73, 25, 0, 0.06%, 9, 0, 7, 310.85
1733739275, 10, 72, 74, 26, 0, 0.06%, 9, 0, 8, 487.41
1733739484, 11, 12, 74, 25, 0, 0.06%, 9, 0, 8, 260.89
1733739489, 11, 13, 75, 26, 0, 0.06%, 9, 0, 8, 249.36
1733739494, 11, 14, 75, 26, 0, 0.06%, 9, 0, 8, 263.50
1733739504, 11, 18, 75, 26, 0, 0.06%, 9, 0, 8, 246.11
1733739509, 11, 22, 75, 26, 0, 0.06%, 9, 0, 8, 345.88
1733739560, 11, 31, 75, 25, 0, 0.06%, 9, 0, 8, 277.02
1733739565, 11, 32, 75, 25, 0, 0.06%, 9, 0, 8, 343.44
1733739621, 11, 38, 75, 24, 0, 0.06%, 9, 0, 8, 348.23
1733740080, 11, 42, 75, 23, 0, 0.06%, 9, 0, 8, 259.08
1733740090, 11, 48, 75, 23, 0, 0.06%, 9, 0, 8, 273.88
1733740095, 11, 51, 75, 23, 0, 0.06%, 9, 0, 8, 360.06
1733740146, 11, 67, 75, 22, 0, 0.06%, 9, 0, 8, 323.40
1733740166, 11, 69, 75, 22, 0, 0.06%, 9, 0, 8, 322.28
1733740278, 11, 74, 75, 21, 0, 0.06%, 9, 0, 8, 243.11
1733740406, 11, 74, 77, 23, 0, 0.06%, 9, 0, 8, 285.23
1733740411, 11, 75, 77, 22, 0, 0.06%, 9, 0, 8, 298.31
1733740706, 12, 12, 77, 21, 0, 0.06%, 9, 0, 8, 248.06
1733740711, 12, 13, 77, 21, 0, 0.06%, 9, 0, 8, 263.34
1733740716, 12, 14, 77, 21, 0, 0.06%, 9, 0, 8, 258.83
1733740726, 12, 18, 77, 21, 0, 0.06%, 9, 0, 8, 278.34
1733740731, 12, 29, 77, 21, 0, 0.06%, 9, 0, 8, 388.95
1733740783, 12, 31, 77, 20, 0, 0.06%, 9, 0, 8, 257.21
1733740788, 12, 42, 77, 20, 0, 0.06%, 9, 0, 8, 247.54
1733740793, 12, 48, 77, 20, 0, 0.06%, 9, 0, 8, 274.16
1733740803, 12, 50, 77, 20, 0, 0.06%, 9, 0, 8, 395.13
1733740839, 12, 50, 78, 21, 0, 0.06%, 9, 0, 8, 313.30
1733740904, 12, 63, 78, 20, 0, 0.06%, 9, 0, 8, 297.43
1733740914, 12, 72, 78, 20, 0, 0.06%, 9, 0, 8, 348.35
1733740935, 13, 12, 78, 20, 0, 0.06%, 9, 0, 8, 242.96
1733740940, 13, 13, 78, 20, 0, 0.06%, 9, 0, 8, 252.08
1733740945, 13, 14, 78, 20, 0, 0.06%, 9, 0, 8, 247.29
1733740950, 13, 18, 78, 20, 0, 0.06%, 9, 0, 8, 254.03
1733740955, 13, 31, 78, 20, 0, 0.06%, 9, 0, 8, 265.84
1733740960, 13, 42, 78, 20, 0, 0.06%, 9, 0, 8, 263.84
1733740970, 13, 48, 78, 20, 0, 0.06%, 9, 0, 8, 270.74
1733740975, 13, 71, 78, 20, 0, 0.06%, 9, 0, 8, 341.59
1733741103, 13, 73, 78, 19, 0, 0.06%, 9, 0, 8, 296.66
1733741368, 13, 76, 78, 18, 0, 0.06%, 9, 0, 8, 272.87
1733741669, 14, 12, 78, 17, 0, 0.06%, 9, 0, 8, 237.33
1733741674, 14, 13, 78, 17, 0, 0.06%, 9, 0, 8, 243.25
1733741679, 14, 14, 78, 17, 0, 0.06%, 9, 0, 8, 255.44
1733741684, 14, 17, 78, 17, 0, 0.06%, 9, 0, 8, 267.34
1733741699, 14, 18, 78, 17, 0, 0.06%, 9, 0, 8, 251.38
1733741704, 14, 25, 78, 17, 0, 0.06%, 9, 0, 8, 280.25
1733741755, 14, 31, 78, 16, 0, 0.06%, 9, 0, 8, 286.09
1733741760, 14, 37, 78, 16, 0, 0.06%, 9, 0, 8, 297.53
1733741770, 14, 41, 78, 16, 0, 0.06%, 9, 0, 8, 301.72
1733741775, 14, 42, 78, 16, 0, 0.06%, 9, 0, 8, 274.35
1733741785, 14, 55, 78, 16, 0, 0.06%, 9, 0, 8, 296.48
1733741841, 14, 68, 78, 15, 0, 0.06%, 9, 0, 8, 341.00
1733741947, 15, 10, 78, 14, 0, 0.06%, 9, 0, 8, 259.58
1733741952, 15, 11, 78, 14, 0, 0.06%, 9, 0, 8, 249.69
1733741957, 15, 12, 78, 14, 0, 0.06%, 9, 0, 8, 239.78
1733741962, 15, 13, 78, 14, 0, 0.06%, 9, 0, 8, 249.99
1733741967, 15, 14, 78, 14, 0, 0.06%, 9, 0, 8, 248.20
1733741973, 15, 15, 78, 14, 0, 0.06%, 9, 0, 8, 274.11
1733741983, 15, 18, 78, 14, 0, 0.06%, 9, 0, 8, 263.27
1733741988, 15, 31, 78, 14, 0, 0.06%, 9, 0, 8, 250.91
1733741993, 15, 42, 78, 14, 0, 0.06%, 9, 0, 8, 275.27
1733741998, 15, 48, 78, 14, 0, 0.06%, 9, 0, 8, 255.56
1733742003, 15, 49, 78, 14, 0, 0.06%, 9, 0, 8, 279.91
1733742053, 15, 60, 78, 13, 0, 0.06%, 9, 0, 8, 303.35
1733742277, 15, 70, 78, 12, 0, 0.06%, 9, 0, 8, 204.90
1733742832, 15, 73, 78, 11, 0, 0.06%, 9, 0, 8, 334.45
1733742858, 15, 77, 78, 11, 0, 0.06%, 9, 0, 8, 261.08
1733742868, 15, 77, 79, 12, 0, 0.06%, 9, 0, 8, 435.37
1733742965, 16, 11, 79, 11, 0, 0.06%, 9, 0, 8, 256.79
1733742970, 16, 12, 79, 11, 0, 0.06%, 9, 0, 8, 246.98
1733742975, 16, 13, 79, 11, 0, 0.06%, 9, 0, 8, 258.60
1733742980, 16, 14, 79, 11, 0, 0.06%, 9, 0, 8, 250.72
1733742985, 16, 18, 79, 11, 0, 0.06%, 9, 0, 8, 234.37
1733742990, 16, 31, 79, 11, 0, 0.06%, 9, 0, 8, 245.73
1733742995, 16, 33, 79, 11, 0, 0.06%, 9, 0, 8, 250.54
1733743174, 16, 38, 79, 10, 0, 0.06%, 9, 0, 8, 290.09
1733743185, 16, 39, 79, 10, 0, 0.06%, 9, 0, 8, 356.50
1733743312, 16, 42, 79, 9, 0, 0.06%, 9, 0, 8, 256.46
1733743317, 16, 44, 79, 9, 0, 0.06%, 9, 0, 8, 254.00
1733743327, 16, 48, 79, 9, 0, 0.06%, 9, 0, 8, 279.96
1733743332, 16, 65, 79, 9, 0, 0.06%, 9, 0, 8, 336.81
1733743342, 17, 12, 79, 9, 0, 0.06%, 9, 0, 8, 271.55
1733743352, 17, 13, 79, 9, 0, 0.06%, 9, 0, 8, 257.82
1733743357, 17, 14, 79, 9, 0, 0.06%, 9, 0, 8, 275.70
1733743362, 17, 18, 79, 9, 0, 0.06%, 9, 0, 8, 264.57
1733743367, 17, 31, 79, 9, 0, 0.06%, 9, 0, 8, 277.46
1733743373, 17, 34, 79, 9, 0, 0.06%, 9, 0, 8, 261.51
1733743934, 17, 42, 79, 8, 0, 0.06%, 9, 0, 8, 286.42
1733743939, 17, 48, 79, 8, 0, 0.06%, 9, 0, 8, 283.44
1733743944, 17, 59, 79, 8, 0, 0.06%, 9, 0, 8, 300.88
1733743954, 17, 62, 79, 8, 0, 0.06%, 9, 0, 8, 325.24
1733744025, 18, 11, 79, 7, 0, 0.06%, 9, 0, 8, 254.61
1733744031, 18, 12, 79, 7, 0, 0.06%, 9, 0, 8, 254.24
1733744036, 18, 13, 79, 7, 0, 0.06%, 9, 0, 8, 243.89
1733744041, 18, 14, 79, 7, 0, 0.06%, 9, 0, 8, 249.60
1733744046, 18, 18, 79, 7, 0, 0.06%, 9, 0, 8, 252.36
1733744051, 18, 19, 79, 7, 0, 0.06%, 9, 0, 8, 283.97
1733744102, 18, 26, 79, 6, 0, 0.06%, 9, 0, 8, 269.57
1733744112, 18, 31, 79, 6, 0, 0.06%, 9, 0, 8, 263.29
1733744117, 18, 34, 79, 6, 0, 0.06%, 9, 0, 8, 280.61
1733744127, 18, 42, 79, 6, 0, 0.06%, 9, 0, 8, 284.27
1733744132, 18, 48, 79, 6, 0, 0.06%, 9, 0, 8, 280.70
1733744137, 18, 74, 79, 6, 0, 0.06%, 9, 0, 8, 291.77
1733744158, 19, 12, 79, 6, 0, 0.06%, 9, 0, 8, 255.53
1733744163, 19, 13, 79, 6, 0, 0.06%, 9, 0, 8, 246.73
1733744168, 19, 14, 79, 6, 0, 0.06%, 9, 0, 8, 246.18
1733744173, 19, 16, 79, 6, 0, 0.06%, 9, 0, 8, 265.27
1733744188, 19, 18, 79, 6, 0, 0.06%, 9, 0, 8, 268.47
1733744193, 19, 31, 79, 6, 0, 0.06%, 9, 0, 8, 266.38
1733744198, 19, 42, 79, 6, 0, 0.06%, 9, 0, 8, 259.09
1733744203, 19, 48, 79, 6, 0, 0.06%, 9, 0, 8, 264.05
1733744208, 19, 74, 79, 6, 0, 0.06%, 9, 0, 8, 273.70
1733744219, 20, 11, 79, 6, 0, 0.06%, 9, 0, 8, 244.95
1733744224, 20, 12, 79, 6, 0, 0.06%, 9, 0, 8, 246.82
1733744229, 20, 13, 79, 6, 0, 0.06%, 9, 0, 8, 260.05
1733744234, 20, 14, 79, 6, 0, 0.06%, 9, 0, 8, 252.39
1733744239, 20, 18, 79, 6, 0, 0.06%, 9, 0, 8, 267.42
1733744244, 20, 22, 79, 6, 0, 0.06%, 9, 0, 8, 271.43
1733744254, 20, 29, 79, 6, 0, 0.06%, 9, 0, 8, 265.87
1733744264, 20, 30, 79, 6, 0, 0.06%, 9, 0, 8, 302.73
1733744275, 20, 31, 79, 6, 0, 0.06%, 9, 0, 8, 256.02
1733744280, 20, 37, 79, 6, 0, 0.06%, 9, 0, 8, 297.33
1733744290, 20, 41, 79, 6, 0, 0.06%, 9, 0, 8, 336.51
1733744300, 20, 42, 79, 6, 0, 0.06%, 9, 0, 8, 282.99
1733744305, 20, 48, 79, 6, 0, 0.06%, 9, 0, 8, 269.80
1733744310, 20, 57, 79, 6, 0, 0.06%, 9, 0, 8, 306.30
1733744716, 20, 61, 79, 5, 0, 0.06%, 9, 0, 8, 362.41
1733744782, 20, 72, 79, 4, 0, 0.06%, 9, 0, 8, 294.70
1733744792, 20, 75, 79, 4, 0, 0.06%, 9, 0, 8, 318.74
1733744813, 21, 11, 79, 4, 0, 0.06%, 9, 0, 8, 249.32
1733744818, 21, 12, 79, 4, 0, 0.06%, 9, 0, 8, 252.15
1733744823, 21, 13, 79, 4, 0, 0.06%, 9, 0, 8, 249.61
1733744828, 21, 14, 79, 4, 0, 0.06%, 9, 0, 8, 237.74
1733744833, 21, 18, 79, 4, 0, 0.06%, 9, 0, 8, 247.43
1733744838, 21, 31, 79, 4, 0, 0.06%, 9, 0, 8, 251.08
1733744843, 21, 42, 79, 4, 0, 0.06%, 9, 0, 8, 247.53
1733744848, 21, 43, 79, 4, 0, 0.06%, 9, 0, 8, 267.35
1733744858, 21, 47, 79, 4, 0, 0.06%, 9, 0, 8, 279.24
1733744909, 21, 48, 79, 3, 0, 0.06%, 9, 0, 8, 273.89
1733744914, 21, 50, 79, 3, 0, 0.06%, 9, 0, 8, 270.11
1733744929, 21, 74, 79, 3, 0, 0.06%, 9, 0, 8, 290.90
1733744939, 21, 78, 79, 3, 0, 0.06%, 9, 0, 8, 398.22
1733745067, 22, 11, 79, 2, 0, 0.06%, 9, 0, 8, 261.45
1733745072, 22, 13, 79, 2, 0, 0.06%, 9, 0, 8, 270.76
1733745082, 22, 14, 79, 2, 0, 0.06%, 9, 0, 8, 266.12
1733745087, 22, 18, 79, 2, 0, 0.06%, 9, 0, 8, 271.58
1733745092, 22, 27, 79, 2, 0, 0.06%, 9, 0, 8, 335.17
1733745265, 22, 31, 79, 1, 0, 0.06%, 9, 0, 8, 245.26
1733745270, 22, 39, 79, 1, 0, 0.06%, 9, 0, 8, 284.10
1733745280, 22, 42, 79, 1, 0, 0.06%, 9, 0, 8, 258.76
1733745285, 22, 48, 79, 1, 0, 0.06%, 9, 0, 8, 266.72
1733745290, 22, 71, 79, 1, 0, 0.06%, 9, 0, 8, 266.88
1733745311, 23, 11, 79, 1, 0, 0.06%, 9, 0, 8, 266.10
1733745316, 23, 12, 79, 1, 0, 0.06%, 9, 0, 8, 257.08
1733745321, 23, 13, 79, 1, 0, 0.06%, 9, 0, 8, 250.56
1733745326, 23, 14, 79, 1, 0, 0.06%, 9, 0, 8, 240.67
1733745331, 23, 18, 79, 1, 0, 0.06%, 9, 0, 8, 251.36
1733745336, 23, 31, 79, 1, 0, 0.06%, 9, 0, 8, 250.61
1733745341, 23, 36, 79, 1, 0, 0.06%, 9, 0, 8, 280.92
1733745351, 23, 42, 79, 1, 0, 0.06%, 9, 0, 8, 260.08
1733745357, 23, 45, 79, 1, 0, 0.06%, 9, 0, 8, 279.77
1733745367, 23, 48, 79, 1, 0, 0.06%, 9, 0, 8, 276.61
1733745372, 24, 11, 79, 1, 0, 0.06%, 9, 0, 8, 281.55
1733745377, 24, 12, 79, 1, 0, 0.06%, 9, 0, 8, 256.73
1733745382, 24, 13, 79, 1, 0, 0.06%, 9, 0, 8, 244.38
1733745387, 24, 14, 79, 1, 0, 0.06%, 9, 0, 8, 250.39
1733745392, 24, 16, 79, 1, 0, 0.06%, 9, 0, 8, 250.71
1733745402, 24, 18, 79, 1, 0, 0.06%, 9, 0, 8, 252.99
1733745408, 24, 30, 79, 1, 0, 0.06%, 9, 0, 8, 283.94
1733745418, 24, 31, 79, 1, 0, 0.06%, 9, 0, 8, 255.01
1733745423, 24, 42, 79, 1, 0, 0.06%, 9, 0, 8, 250.36
1733745428, 24, 48, 79, 1, 0, 0.06%, 9, 0, 8, 265.04
1733745438, 24, 51, 79, 1, 0, 0.06%, 9, 0, 8, 277.38
1733745448, 24, 69, 79, 1, 0, 0.06%, 9, 0, 8, 270.97
1733745469, 24, 76, 79, 1, 0, 0.06%, 9, 0, 8, 293.39
1733745489, 25, 11, 79, 1, 0, 0.06%, 9, 0, 8, 238.40
1733745494, 25, 12, 79, 1, 0, 0.06%, 9, 0, 8, 239.66
1733745499, 25, 13, 79, 1, 0, 0.06%, 9, 0, 8, 259.61
1733745504, 25, 14, 79, 1, 0, 0.06%, 9, 0, 8, 255.50
1733745509, 25, 18, 79, 1, 0, 0.06%, 9, 0, 8, 279.01
1733745514, 25, 31, 79, 1, 0, 0.06%, 9, 0, 8, 254.32
1733745519, 25, 36, 79, 1, 0, 0.06%, 9, 0, 8, 304.17
1733745529, 25, 42, 79, 1, 0, 0.06%, 9, 0, 8, 257.74
1733745535, 25, 48, 79, 1, 0, 0.06%, 9, 0, 8, 266.29
1733745540, 25, 60, 79, 1, 0, 0.06%, 9, 0, 8, 286.91
1733745550, 25, 64, 79, 1, 0, 0.06%, 9, 0, 8, 319.29
1733745560, 25, 78, 79, 1, 0, 0.06%, 9, 0, 8, 288.57
1733745590, 26, 1, 79, 1, 0, 0.06%, 9, 0, 8, 238.64
1733745596, 26, 12, 79, 1, 0, 0.06%, 9, 0, 8, 255.94
1733745601, 26, 13, 79, 1, 0, 0.06%, 9, 0, 8, 243.07
1733745606, 26, 14, 79, 1, 0, 0.06%, 9, 0, 8, 244.08
1733745611, 26, 18, 79, 1, 0, 0.06%, 9, 0, 8, 250.16
1733745616, 26, 30, 79, 1, 0, 0.06%, 9, 0, 8, 284.73
1733745626, 26, 31, 79, 1, 0, 0.06%, 9, 0, 8, 257.54
1733745631, 26, 42, 79, 1, 0, 0.06%, 9, 0, 8, 246.32
1733745636, 26, 48, 79, 1, 0, 0.06%, 9, 0, 8, 259.02
1733745641, 27, 11, 79, 1, 0, 0.06%, 9, 0, 8, 274.65
1733745646, 27, 12, 79, 1, 0, 0.06%, 9, 0, 8, 261.56
1733745651, 27, 13, 79, 1, 0, 0.06%, 9, 0, 8, 250.49
1733745656, 27, 14, 79, 1, 0, 0.06%, 9, 0, 8, 248.88
1733745661, 27, 18, 79, 1, 0, 0.06%, 9, 0, 8, 248.63
1733745666, 27, 24, 79, 1, 0, 0.06%, 9, 0, 8, 269.26
1733745676, 27, 31, 79, 1, 0, 0.06%, 9, 0, 8, 271.03
1733745681, 27, 42, 79, 1, 0, 0.06%, 9, 0, 8, 265.30
1733745686, 27, 48, 79, 1, 0, 0.06%, 9, 0, 8, 274.64
1733745692, 28, 11, 79, 1, 0, 0.06%, 9, 0, 8, 283.64
1733745697, 28, 12, 79, 1, 0, 0.06%, 9, 0, 8, 252.52
1733745702, 28, 13, 79, 1, 0, 0.06%, 9, 0, 8, 240.47
1733745707, 28, 14, 79, 1, 0, 0.06%, 9, 0, 8, 252.56
1733745712, 28, 18, 79, 1, 0, 0.06%, 9, 0, 8, 252.67
1733745717, 28, 23, 79, 1, 0, 0.06%, 9, 0, 8, 273.63
1733745727, 28, 31, 79, 1, 0, 0.06%, 9, 0, 8, 269.20
1733745737, 28, 36, 79, 1, 0, 0.06%, 9, 0, 8, 299.63
1733745742, 28, 42, 79, 1, 0, 0.06%, 9, 0, 8, 261.57
1733745747, 28, 48, 79, 1, 0, 0.06%, 9, 0, 8, 249.83
1733745752, 28, 53, 79, 1, 0, 0.06%, 9, 0, 8, 264.61
1733745768, 28, 62, 79, 1, 0, 0.06%, 9, 0, 8, 273.25
1733745778, 29, 12, 79, 1, 0, 0.06%, 9, 0, 8, 253.89
1733745783, 29, 13, 79, 1, 0, 0.06%, 9, 0, 8, 237.50
1733745788, 29, 14, 79, 1, 0, 0.06%, 9, 0, 8, 247.18
1733745793, 29, 18, 79, 1, 0, 0.06%, 9, 0, 8, 247.32
1733745798, 29, 31, 79, 1, 0, 0.06%, 9, 0, 8, 270.98
1733745808, 29, 42, 79, 1, 0, 0.06%, 9, 0, 8, 261.41
1733745813, 29, 48, 79, 1, 0, 0.06%, 9, 0, 8, 268.28
1733745818, 29, 53, 79, 1, 0, 0.06%, 9, 0, 8, 271.96
1733745828, 29, 72, 79, 1, 0, 0.06%, 9, 0, 8, 339.08
1733745839, 29, 76, 79, 1, 0, 0.06%, 9, 0, 8, 297.84
1733745849, 30, 12, 79, 1, 0, 0.06%, 9, 0, 8, 261.15
1733745859, 30, 13, 79, 1, 0, 0.06%, 9, 0, 8, 255.42
1733745864, 30, 14, 79, 1, 0, 0.06%, 9, 0, 8, 264.08
1733745869, 30, 18, 79, 1, 0, 0.06%, 9, 0, 8, 271.17
1733745874, 30, 31, 79, 1, 0, 0.06%, 9, 0, 8, 259.51
1733745879, 30, 42, 79, 1, 0, 0.06%, 9, 0, 8, 275.61
1733745884, 30, 45, 79, 1, 0, 0.06%, 9, 0, 8, 278.15
1733745894, 30, 48, 79, 1, 0, 0.06%, 9, 0, 8, 262.28
1733745899, 31, 11, 79, 1, 0, 0.06%, 9, 0, 8, 248.61
1733745904, 31, 12, 79, 1, 0, 0.06%, 9, 0, 8, 246.85
1733745909, 31, 13, 79, 1, 0, 0.06%, 9, 0, 8, 250.25
1733745914, 31, 14, 79, 1, 0, 0.06%, 9, 0, 8, 256.17
1733745920, 31, 18, 79, 1, 0, 0.06%, 9, 0, 8, 258.75
1733745925, 31, 31, 79, 1, 0, 0.06%, 9, 0, 8, 257.74
1733745930, 31, 38, 79, 1, 0, 0.06%, 9, 0, 8, 307.03
1733745940, 31, 42, 79, 1, 0, 0.06%, 9, 0, 8, 235.41
1733745945, 31, 47, 79, 1, 0, 0.06%, 9, 0, 8, 256.23
1733745956, 31, 48, 79, 1, 0, 0.06%, 9, 0, 8, 262.43
1733745961, 31, 49, 79, 1, 0, 0.06%, 9, 0, 8, 269.61
1733745971, 32, 11, 79, 1, 0, 0.06%, 9, 0, 8, 288.70
1733745976, 32, 12, 79, 1, 0, 0.06%, 9, 0, 8, 256.68
1733745981, 32, 13, 79, 1, 0, 0.06%, 9, 0, 8, 255.44
1733745986, 32, 14, 79, 1, 0, 0.06%, 9, 0, 8, 255.76
1733745991, 32, 18, 79, 1, 0, 0.06%, 9, 0, 8, 250.19
1733745996, 32, 31, 79, 1, 0, 0.06%, 9, 0, 8, 264.14
1733746002, 32, 34, 79, 1, 0, 0.06%, 9, 0, 8, 305.70
1733746012, 32, 42, 79, 1, 0, 0.06%, 9, 0, 8, 252.31
1733746017, 32, 48, 79, 1, 0, 0.06%, 9, 0, 8, 266.98
1733746022, 32, 54, 79, 1, 0, 0.06%, 9, 0, 8, 278.92
1733746037, 33, 12, 79, 1, 0, 0.06%, 9, 0, 8, 248.87
1733746042, 33, 13, 79, 1, 0, 0.06%, 9, 0, 8, 243.11
1733746047, 33, 14, 79, 1, 0, 0.06%, 9, 0, 8, 249.41
1733746052, 33, 18, 79, 1, 0, 0.06%, 9, 0, 8, 270.47
1733746057, 33, 24, 79, 1, 0, 0.06%, 9, 0, 8, 283.40
1733746073, 33, 31, 79, 1, 0, 0.06%, 9, 0, 8, 272.74
1733746078, 33, 39, 79, 1, 0, 0.06%, 9, 0, 8, 288.98
1733746088, 33, 42, 79, 1, 0, 0.06%, 9, 0, 8, 251.94
1733746093, 33, 46, 79, 1, 0, 0.06%, 9, 0, 8, 279.61
1733746144, 33, 48, 79, 0, 0, 0.06%, 9, 0, 8, 260.99
1733746149, 33, 56, 79, 0, 0, 0.06%, 9, 0, 8, 258.76
1733746159, 33, 71, 79, 0, 0, 0.06%, 9, 0, 8, 292.40
1733746169, 34, 11, 79, 0, 0, 0.06%, 9, 0, 8, 266.35
1733746174, 34, 13, 79, 0, 0, 0.06%, 9, 0, 8, 255.41
1733746184, 34, 14, 79, 0, 0, 0.06%, 9, 0, 8, 252.26
1733746189, 34, 18, 79, 0, 0, 0.06%, 9, 0, 8, 254.05
1733746195, 34, 31, 79, 0, 0, 0.06%, 9, 0, 8, 252.38
1733746200, 34, 36, 79, 0, 0, 0.06%, 9, 0, 8, 276.62
1733746205, 34, 38, 79, 0, 0, 0.06%, 9, 0, 8, 305.18
1733746215, 34, 42, 79, 0, 0, 0.06%, 9, 0, 8, 270.45
1733746220, 34, 48, 79, 0, 0, 0.06%, 9, 0, 8, 258.33
1733746225, 34, 49, 79, 0, 0, 0.06%, 9, 0, 8, 259.75
1733746235, 34, 67, 79, 0, 0, 0.06%, 9, 0, 8, 306.24
1733746240, 35, 11, 79, 0, 0, 0.06%, 9, 0, 8, 268.63
1733746245, 35, 12, 79, 0, 0, 0.06%, 9, 0, 8, 256.31
1733746250, 35, 13, 79, 0, 0, 0.06%, 9, 0, 8, 264.69
1733746255, 35, 14, 79, 0, 0, 0.06%, 9, 0, 8, 255.61
1733746260, 35, 18, 79, 0, 0, 0.06%, 9, 0, 8, 270.13
1733746265, 35, 31, 79, 0, 0, 0.06%, 9, 0, 8, 254.01
1733746270, 35, 32, 79, 0, 0, 0.06%, 9, 0, 8, 263.70
1733746281, 35, 33, 79, 0, 0, 0.06%, 9, 0, 8, 278.94
1733746291, 35, 42, 79, 0, 0, 0.06%, 9, 0, 8, 256.24
1733746296, 35, 48, 79, 0, 0, 0.06%, 9, 0, 8, 251.46
1733746301, 35, 51, 79, 0, 0, 0.06%, 9, 0, 8, 266.32
1733746316, 35, 73, 79, 0, 0, 0.06%, 9, 0, 8, 333.65
1733746326, 36, 4, 79, 0, 0, 0.06%, 9, 0, 8, 301.32
1733746331, 36, 12, 79, 0, 0, 0.06%, 9, 0, 8, 265.61
1733746336, 36, 13, 79, 0, 0, 0.06%, 9, 0, 8, 246.21
1733746341, 36, 14, 79, 0, 0, 0.06%, 9, 0, 8, 252.55
1733746346, 36, 18, 79, 0, 0, 0.06%, 9, 0, 8, 257.43
1733746351, 36, 26, 79, 0, 0, 0.06%, 9, 0, 8, 276.64
1733746362, 36, 31, 79, 0, 0, 0.06%, 9, 0, 8, 274.19
1733746372, 36, 33, 79, 0, 0, 0.06%, 9, 0, 8, 288.84
1733746377, 36, 42, 79, 0, 0, 0.06%, 9, 0, 8, 274.34
1733746387, 36, 48, 79, 0, 0, 0.06%, 9, 0, 8, 268.91
1733746392, 36, 78, 79, 0, 0, 0.06%, 9, 0, 8, 297.37
1733746418, 37, 2, 79, 0, 0, 0.06%, 9, 0, 8, 294.20
1733746423, 37, 12, 79, 0, 0, 0.06%, 9, 0, 8, 252.61
1733746428, 37, 13, 79, 0, 0, 0.06%, 9, 0, 8, 248.09
1733746433, 37, 14, 79, 0, 0, 0.06%, 9, 0, 8, 265.72
1733746438, 37, 18, 79, 0, 0, 0.06%, 9, 0, 8, 263.13
1733746444, 37, 21, 79, 0, 0, 0.06%, 9, 0, 8, 285.45
1733746454, 37, 31, 79, 0, 0, 0.06%, 9, 0, 8, 272.16
1733746464, 37, 33, 79, 0, 0, 0.06%, 9, 0, 8, 276.30
1733746474, 37, 36, 79, 0, 0, 0.06%, 9, 0, 8, 275.53
1733746479, 37, 42, 79, 0, 0, 0.06%, 9, 0, 8, 267.29
1733746484, 37, 48, 79, 0, 0, 0.06%, 9, 0, 8, 275.92
1733746489, 37, 74, 79, 0, 0, 0.06%, 9, 0, 8, 283.14
1733746499, 38, 12, 79, 0, 0, 0.06%, 9, 0, 8, 253.43
1733746505, 38, 13, 79, 0, 0, 0.06%, 9, 0, 8, 241.26
1733746510, 38, 14, 79, 0, 0, 0.06%, 9, 0, 8, 245.40
1733746515, 38, 18, 79, 0, 0, 0.06%, 9, 0, 8, 253.26
1733746520, 38, 31, 79, 0, 0, 0.06%, 9, 0, 8, 259.63
1733746525, 38, 37, 79, 0, 0, 0.06%, 9, 0, 8, 292.04
1733746535, 38, 38, 79, 0, 0, 0.06%, 9, 0, 8, 283.64
1733746540, 38, 40, 79, 0, 0, 0.06%, 9, 0, 8, 299.76
1733746550, 38, 42, 79, 0, 0, 0.06%, 9, 0, 8, 268.96
1733746555, 38, 48, 79, 0, 0, 0.06%, 9, 0, 8, 274.62
1733746560, 39, 11, 79, 0, 0, 0.06%, 9, 0, 8, 260.24
1733746566, 39, 13, 79, 0, 0, 0.06%, 9, 0, 8, 256.23
1733746576, 39, 14, 79, 0, 0, 0.06%, 9, 0, 8, 276.19
1733746581, 39, 15, 79, 0, 0, 0.06%, 9, 0, 8, 289.28
1733746591, 39, 18, 79, 0, 0, 0.06%, 9, 0, 8, 251.39
1733746596, 39, 30, 79, 0, 0, 0.06%, 9, 0, 8, 267.34
1733746601, 39, 31, 79, 0, 0, 0.06%, 9, 0, 8, 260.57
1733746606, 39, 42, 79, 0, 0, 0.06%, 9, 0, 8, 256.48
1733746611, 39, 48, 79, 0, 0, 0.06%, 9, 0, 8, 261.11
1733746616, 39, 52, 79, 0, 0, 0.06%, 9, 0, 8, 275.89
1733746626, 39, 53, 79, 0, 0, 0.06%, 9, 0, 8, 280.66
1733746637, 39, 73, 79, 0, 0, 0.06%, 9, 0, 8, 345.59
1733746652, 39, 75, 79, 0, 0, 0.06%, 9, 0, 8, 301.50
1733746662, 40, 12, 79, 0, 0, 0.06%, 9, 0, 8, 258.52
1733746667, 40, 13, 79, 0, 0, 0.06%, 9, 0, 8, 258.94
1733746672, 40, 14, 79, 0, 0, 0.06%, 9, 0, 8, 256.49
1733746677, 40, 18, 79, 0, 0, 0.06%, 9, 0, 8, 266.07
1733746682, 40, 31, 79, 0, 0, 0.06%, 9, 0, 8, 265.63
1733746692, 40, 42, 79, 0, 0, 0.06%, 9, 0, 8, 287.09
1733746698, 40, 48, 79, 0, 0, 0.06%, 9, 0, 8, 282.65
1733746703, 40, 56, 79, 0, 0, 0.06%, 9, 0, 8, 263.47
1733746713, 40, 64, 79, 0, 0, 0.06%, 9, 0, 8, 317.67
1733746723, 41, 12, 79, 0, 0, 0.06%, 9, 0, 8, 259.02
1733746728, 41, 13, 79, 0, 0, 0.06%, 9, 0, 8, 241.70
1733746733, 41, 14, 79, 0, 0, 0.06%, 9, 0, 8, 246.87
1733746738, 41, 18, 79, 0, 0, 0.06%, 9, 0, 8, 251.10
1733746743, 41, 31, 79, 0, 0, 0.06%, 9, 0, 8, 263.14
1733746753, 41, 34, 79, 0, 0, 0.06%, 9, 0, 8, 286.07
1733746758, 41, 36, 79, 0, 0, 0.06%, 9, 0, 8, 277.33
1733746764, 41, 42, 79, 0, 0, 0.06%, 9, 0, 8, 278.35
1733746769, 41, 48, 79, 0, 0, 0.06%, 9, 0, 8, 268.51
1733746774, 41, 51, 79, 0, 0, 0.06%, 9, 0, 8, 283.09
1733746789, 41, 75, 79, 0, 0, 0.06%, 9, 0, 8, 300.02
1733746794, 42, 11, 79, 0, 0, 0.06%, 9, 0, 8, 270.72
1733746799, 42, 12, 79, 0, 0, 0.06%, 9, 0, 8, 254.99
1733746804, 42, 13, 79, 0, 0, 0.06%, 9, 0, 8, 257.43
1733746809, 42, 14, 79, 0, 0, 0.06%, 9, 0, 8, 251.40
1733746814, 42, 18, 79, 0, 0, 0.06%, 9, 0, 8, 241.50
1733746820, 42, 26, 79, 0, 0, 0.06%, 9, 0, 8, 272.29
1733746830, 42, 31, 79, 0, 0, 0.06%, 9, 0, 8, 266.19
1733746835, 42, 32, 79, 0, 0, 0.06%, 9, 0, 8, 268.10
1733746850, 42, 42, 79, 0, 0, 0.06%, 9, 0, 8, 270.11
1733746855, 42, 48, 79, 0, 0, 0.06%, 9, 0, 8, 265.97
1733746860, 42, 49, 79, 0, 0, 0.06%, 9, 0, 8, 267.40
1733746876, 42, 59, 79, 0, 0, 0.06%, 9, 0, 8, 303.27
1733746886, 42, 60, 79, 0, 0, 0.06%, 9, 0, 8, 284.03
1733746896, 43, 11, 79, 0, 0, 0.06%, 9, 0, 8, 257.12
1733746901, 43, 12, 79, 0, 0, 0.06%, 9, 0, 8, 243.59
1733746906, 43, 13, 79, 0, 0, 0.06%, 9, 0, 8, 267.67
1733746911, 43, 14, 79, 0, 0, 0.06%, 9, 0, 8, 260.10
1733746916, 43, 18, 79, 0, 0, 0.06%, 9, 0, 8, 269.65
1733746921, 43, 31, 79, 0, 0, 0.06%, 9, 0, 8, 262.92
1733746926, 43, 42, 79, 0, 0, 0.06%, 9, 0, 8, 257.88
1733746931, 43, 48, 79, 0, 0, 0.06%, 9, 0, 8, 279.78
1733746936, 43, 59, 79, 0, 0, 0.06%, 9, 0, 8, 295.32
1733746941, 44, 11, 79, 0, 0, 0.06%, 9, 0, 8, 268.37
1733746946, 44, 12, 79, 0, 0, 0.06%, 9, 0, 8, 258.39
1733746951, 44, 13, 79, 0, 0, 0.06%, 9, 0, 8, 237.65
1733746957, 44, 14, 79, 0, 0, 0.06%, 9, 0, 8, 238.67
1733746962, 44, 18, 79, 0, 0, 0.06%, 9, 0, 8, 248.47
1733746967, 44, 30, 79, 0, 0, 0.06%, 9, 0, 8, 287.45
1733746972, 44, 31, 79, 0, 0, 0.06%, 9, 0, 8, 249.79
1733746977, 44, 35, 79, 0, 0, 0.06%, 9, 0, 8, 304.10
1733746987, 44, 42, 79, 0, 0, 0.06%, 9, 0, 8, 263.05
1733746992, 44, 48, 79, 0, 0, 0.06%, 9, 0, 8, 260.09
1733746997, 44, 50, 79, 0, 0, 0.06%, 9, 0, 8, 287.49
1733747007, 44, 63, 79, 0, 0, 0.06%, 9, 0, 8, 287.14
1733747017, 45, 4, 79, 0, 0, 0.06%, 9, 0, 8, 272.88
1733747022, 45, 10, 79, 0, 0, 0.06%, 9, 0, 8, 264.26
1733747027, 45, 12, 79, 0, 0, 0.06%, 9, 0, 8, 257.95
1733747032, 45, 13, 79, 0, 0, 0.06%, 9, 0, 8, 260.99
1733747037, 45, 14, 79, 0, 0, 0.06%, 9, 0, 8, 264.06
1733747042, 45, 18, 79, 0, 0, 0.06%, 9, 0, 8, 267.50
1733747047, 45, 19, 79, 0, 0, 0.06%, 9, 0, 8, 272.52
1733747058, 45, 25, 79, 0, 0, 0.06%, 9, 0, 8, 277.56
1733747073, 45, 27, 79, 0, 0, 0.06%, 9, 0, 8, 304.04
1733747083, 45, 31, 79, 0, 0, 0.06%, 9, 0, 8, 255.36
1733747088, 45, 32, 79, 0, 0, 0.06%, 9, 0, 8, 262.22
1733747098, 45, 39, 79, 0, 0, 0.06%, 9, 0, 8, 286.28
1733747108, 45, 42, 79, 0, 0, 0.06%, 9, 0, 8, 259.59
1733747113, 45, 48, 79, 0, 0, 0.06%, 9, 0, 8, 266.24
1733747118, 45, 65, 79, 0, 0, 0.06%, 9, 0, 8, 338.16
1733747129, 46, 11, 79, 0, 0, 0.06%, 9, 0, 8, 273.71
1733747134, 46, 12, 79, 0, 0, 0.06%, 9, 0, 8, 260.07
1733747139, 46, 13, 79, 0, 0, 0.06%, 9, 0, 8, 251.86
1733747144, 46, 14, 79, 0, 0, 0.06%, 9, 0, 8, 258.38
1733747149, 46, 15, 79, 0, 0, 0.06%, 9, 0, 8, 284.07
1733747159, 46, 18, 79, 0, 0, 0.06%, 9, 0, 8, 258.25
1733747164, 46, 20, 79, 0, 0, 0.06%, 9, 0, 8, 252.07
1733747174, 46, 31, 79, 0, 0, 0.06%, 9, 0, 8, 238.79
1733747179, 46, 35, 79, 0, 0, 0.06%, 9, 0, 8, 285.44
1733747190, 46, 37, 79, 0, 0, 0.06%, 9, 0, 8, 280.39
1733747195, 46, 42, 79, 0, 0, 0.06%, 9, 0, 8, 270.62
1733747200, 46, 48, 79, 0, 0, 0.06%, 9, 0, 8, 278.02
1733747205, 46, 56, 79, 0, 0, 0.06%, 9, 0, 8, 280.63
1733747220, 46, 62, 79, 0, 0, 0.06%, 9, 0, 8, 267.29
1733747230, 46, 72, 79, 0, 0, 0.06%, 9, 0, 8, 294.02
1733747235, 47, 10, 79, 0, 0, 0.06%, 9, 0, 8, 259.45
1733747240, 47, 11, 79, 0, 0, 0.06%, 9, 0, 8, 266.75
1733747245, 47, 12, 79, 0, 0, 0.06%, 9, 0, 8, 250.14
1733747251, 47, 13, 79, 0, 0, 0.06%, 9, 0, 8, 269.18
1733747256, 47, 14, 79, 0, 0, 0.06%, 9, 0, 8, 264.66
1733747261, 47, 18, 79, 0, 0, 0.06%, 9, 0, 8, 278.06
1733747266, 47, 29, 79, 0, 0, 0.06%, 9, 0, 8, 277.23
1733747276, 47, 31, 79, 0, 0, 0.06%, 9, 0, 8, 272.33
1733747281, 47, 42, 79, 0, 0, 0.06%, 9, 0, 8, 252.16
1733747286, 47, 48, 79, 0, 0, 0.06%, 9, 0, 8, 266.08
1733747291, 47, 52, 79, 0, 0, 0.06%, 9, 0, 8, 286.40
1733747301, 47, 72, 79, 0, 0, 0.06%, 9, 0, 8, 301.61
1733747307, 47, 75, 79, 0, 0, 0.06%, 9, 0, 8, 312.94
1733747317, 48, 12, 79, 0, 0, 0.06%, 9, 0, 8, 270.05
1733747322, 48, 13, 79, 0, 0, 0.06%, 9, 0, 8, 268.37
1733747327, 48, 14, 79, 0, 0, 0.06%, 9, 0, 8, 264.16
1733747332, 48, 18, 79, 0, 0, 0.06%, 9, 0, 8, 257.64
1733747342, 48, 29, 79, 0, 0, 0.06%, 9, 0, 8, 273.18
1733747352, 48, 31, 79, 0, 0, 0.06%, 9, 0, 8, 270.35
1733747357, 48, 42, 79, 0, 0, 0.06%, 9, 0, 8, 274.07
1733747362, 48, 48, 79, 0, 0, 0.06%, 9, 0, 8, 282.34
1733747368, 48, 51, 79, 0, 0, 0.06%, 9, 0, 8, 276.22
1733747373, 48, 59, 79, 0, 0, 0.06%, 9, 0, 8, 263.03
1733747378, 49, 11, 79, 0, 0, 0.06%, 9, 0, 8, 259.40
1733747383, 49, 12, 79, 0, 0, 0.06%, 9, 0, 8, 251.36
1733747388, 49, 13, 79, 0, 0, 0.06%, 9, 0, 8, 275.10
1733747393, 49, 14, 79, 0, 0, 0.06%, 9, 0, 8, 261.68
1733747398, 49, 18, 79, 0, 0, 0.06%, 9, 0, 8, 259.19
1733747403, 49, 28, 79, 0, 0, 0.06%, 9, 0, 8, 269.04
1733747413, 49, 31, 79, 0, 0, 0.06%, 9, 0, 8, 252.37
1733747418, 49, 42, 79, 0, 0, 0.06%, 9, 0, 8, 264.60
1733747423, 49, 48, 79, 0, 0, 0.06%, 9, 0, 8, 276.20
1733747428, 49, 56, 79, 0, 0, 0.06%, 9, 0, 8, 281.48
1733747439, 49, 71, 79, 0, 0, 0.06%, 9, 0, 8, 278.51
1733747449, 50, 12, 79, 0, 0, 0.06%, 9, 0, 8, 252.37
1733747454, 50, 13, 79, 0, 0, 0.06%, 9, 0, 8, 239.59
1733747459, 50, 14, 79, 0, 0, 0.06%, 9, 0, 8, 251.15
1733747464, 50, 18, 79, 0, 0, 0.06%, 9, 0, 8, 251.80
1733747469, 50, 27, 79, 0, 0, 0.06%, 9, 0, 8, 285.25
1733747479, 50, 31, 79, 0, 0, 0.06%, 9, 0, 8, 266.82
1733747484, 50, 42, 79, 0, 0, 0.06%, 9, 0, 8, 246.98
1733747494, 50, 48, 79, 0, 0, 0.06%, 9, 0, 8, 280.98
1733747499, 50, 58, 79, 0, 0, 0.06%, 9, 0, 8, 287.59
1733747509, 50, 59, 79, 0, 0, 0.06%, 9, 0, 8, 280.85
1733747515, 50, 61, 79, 0, 0, 0.06%, 9, 0, 8, 274.89
1733747525, 50, 78, 79, 0, 0, 0.06%, 9, 0, 8, 304.70
1733747540, 51, 12, 79, 0, 0, 0.06%, 9, 0, 8, 253.71
1733747545, 51, 13, 79, 0, 0, 0.06%, 9, 0, 8, 248.93
1733747550, 51, 14, 79, 0, 0, 0.06%, 9, 0, 8, 245.11
1733747555, 51, 15, 79, 0, 0, 0.06%, 9, 0, 8, 275.02
1733747560, 51, 18, 79, 0, 0, 0.06%, 9, 0, 8, 277.44
1733747566, 51, 19, 79, 0, 0, 0.06%, 9, 0, 8, 284.34
1733747581, 51, 28, 79, 0, 0, 0.06%, 9, 0, 8, 274.93
1733747591, 51, 31, 79, 0, 0, 0.06%, 9, 0, 8, 267.65
1733747596, 51, 42, 79, 0, 0, 0.06%, 9, 0, 8, 251.26
1733747601, 51, 48, 79, 0, 0, 0.06%, 9, 0, 8, 265.06
1733747606, 51, 73, 79, 0, 0, 0.06%, 9, 0, 8, 313.94
1733747616, 52, 12, 79, 0, 0, 0.06%, 9, 0, 8, 255.47
1733747621, 52, 13, 79, 0, 0, 0.06%, 9, 0, 8, 250.10
1733747626, 52, 14, 79, 0, 0, 0.06%, 9, 0, 8, 251.17
1733747631, 52, 18, 79, 0, 0, 0.06%, 9, 0, 8, 240.93
1733747636, 52, 28, 79, 0, 0, 0.06%, 9, 0, 8, 252.22
1733747651, 52, 31, 79, 0, 0, 0.06%, 9, 0, 8, 290.35
1733747656, 52, 42, 79, 0, 0, 0.06%, 9, 0, 8, 270.15
1733747661, 52, 48, 79, 0, 0, 0.06%, 9, 0, 8, 268.34
1733747667, 52, 56, 79, 0, 0, 0.06%, 9, 0, 8, 255.62
1733747672, 53, 11, 79, 0, 0, 0.06%, 9, 0, 8, 260.45
1733747677, 53, 12, 79, 0, 0, 0.06%, 9, 0, 8, 270.86
1733747682, 53, 13, 79, 0, 0, 0.06%, 9, 0, 8, 271.71
1733747687, 53, 14, 79, 0, 0, 0.06%, 9, 0, 8, 250.69
1733747692, 53, 15, 79, 0, 0, 0.06%, 9, 0, 8, 286.25
1733747697, 53, 17, 79, 0, 0, 0.06%, 9, 0, 8, 273.86
1733747707, 53, 18, 79, 0, 0, 0.06%, 9, 0, 8, 267.40
1733747712, 53, 31, 79, 0, 0, 0.06%, 9, 0, 8, 262.85
1733747718, 53, 38, 79, 0, 0, 0.06%, 9, 0, 8, 288.51
1733747723, 53, 42, 79, 0, 0, 0.06%, 9, 0, 8, 256.93
1733747728, 53, 48, 79, 0, 0, 0.06%, 9, 0, 8, 262.37
1733747733, 53, 61, 79, 0, 0, 0.06%, 9, 0, 8, 267.38
1733747743, 54, 11, 79, 0, 0, 0.06%, 9, 0, 8, 249.68
1733747748, 54, 12, 79, 0, 0, 0.06%, 9, 0, 8, 244.26
1733747753, 54, 13, 79, 0, 0, 0.06%, 9, 0, 8, 255.41
1733747758, 54, 14, 79, 0, 0, 0.06%, 9, 0, 8, 243.22
1733747763, 54, 18, 79, 0, 0, 0.06%, 9, 0, 8, 250.09
1733747768, 54, 31, 79, 0, 0, 0.06%, 9, 0, 8, 259.24
1733747773, 54, 42, 79, 0, 0, 0.06%, 9, 0, 8, 256.35
1733747778, 54, 43, 79, 0, 0, 0.06%, 9, 0, 8, 268.59
1733747794, 54, 48, 79, 0, 0, 0.06%, 9, 0, 8, 276.69
1733747799, 54, 62, 79, 0, 0, 0.06%, 9, 0, 8, 261.01
1733747809, 54, 66, 79, 0, 0, 0.06%, 9, 0, 8, 299.15
1733747819, 54, 68, 79, 0, 0, 0.06%, 9, 0, 8, 294.16
1733747839, 55, 12, 79, 0, 0, 0.06%, 9, 0, 8, 249.20
1733747844, 55, 13, 79, 0, 0, 0.06%, 9, 0, 8, 251.84
1733747854, 55, 14, 79, 0, 0, 0.06%, 9, 0, 8, 256.33
1733747859, 55, 18, 79, 0, 0, 0.06%, 9, 0, 8, 258.92
1733747865, 55, 26, 79, 0, 0, 0.06%, 9, 0, 8, 274.35
1733747870, 55, 31, 79, 0, 0, 0.06%, 9, 0, 8, 272.23
1733747875, 55, 42, 79, 0, 0, 0.06%, 9, 0, 8, 259.91
1733747880, 55, 48, 79, 0, 0, 0.06%, 9, 0, 8, 251.94
1733747885, 55, 59, 79, 0, 0, 0.06%, 9, 0, 8, 273.83
1733747890, 55, 75, 79, 0, 0, 0.06%, 9, 0, 8, 286.34
1733747895, 56, 11, 79, 0, 0, 0.06%, 9, 0, 8, 258.32
1733747900, 56, 12, 79, 0, 0, 0.06%, 9, 0, 8, 256.31
1733747905, 56, 13, 79, 0, 0, 0.06%, 9, 0, 8, 264.47
1733747910, 56, 14, 79, 0, 0, 0.06%, 9, 0, 8, 252.89
1733747915, 56, 18, 79, 0, 0, 0.06%, 9, 0, 8, 252.37
1733747921, 56, 30, 79, 0, 0, 0.06%, 9, 0, 8, 288.96
1733747926, 56, 31, 79, 0, 0, 0.06%, 9, 0, 8, 265.21
1733747931, 56, 42, 79, 0, 0, 0.06%, 9, 0, 8, 266.23
1733747936, 56, 48, 79, 0, 0, 0.06%, 9, 0, 8, 260.05
1733747941, 56, 55, 79, 0, 0, 0.06%, 9, 0, 8, 258.69
1733747951, 57, 11, 79, 0, 0, 0.06%, 9, 0, 8, 258.54
1733747956, 57, 12, 79, 0, 0, 0.06%, 9, 0, 8, 247.23
1733747961, 57, 13, 79, 0, 0, 0.06%, 9, 0, 8, 262.94
1733747966, 57, 14, 79, 0, 0, 0.06%, 9, 0, 8, 245.09
1733747971, 57, 18, 79, 0, 0, 0.06%, 9, 0, 8, 252.47
1733747976, 57, 24, 79, 0, 0, 0.06%, 9, 0, 8, 273.46
1733747986, 57, 31, 79, 0, 0, 0.06%, 9, 0, 8, 260.05
1733747996, 57, 42, 79, 0, 0, 0.06%, 9, 0, 8, 262.84
1733748001, 57, 48, 79, 0, 0, 0.06%, 9, 0, 8, 274.68
1733748007, 57, 52, 79, 0, 0, 0.06%, 9, 0, 8, 274.17
1733748017, 57, 76, 79, 0, 0, 0.06%, 9, 0, 8, 290.90
1733748027, 58, 12, 79, 0, 0, 0.06%, 9, 0, 8, 260.18
1733748032, 58, 13, 79, 0, 0, 0.06%, 9, 0, 8, 259.02
1733748037, 58, 14, 79, 0, 0, 0.06%, 9, 0, 8, 266.06
1733748042, 58, 18, 79, 0, 0, 0.06%, 9, 0, 8, 267.20
1733748052, 58, 31, 79, 0, 0, 0.06%, 9, 0, 8, 248.79
1733748057, 58, 36, 79, 0, 0, 0.06%, 9, 0, 8, 269.25
1733748062, 58, 42, 79, 0, 0, 0.06%, 9, 0, 8, 264.86
1733748067, 58, 47, 79, 0, 0, 0.06%, 9, 0, 8, 271.67
1733748078, 58, 48, 79, 0, 0, 0.06%, 9, 0, 8, 252.70
1733748083, 58, 49, 79, 0, 0, 0.06%, 9, 0, 8, 261.34
1733748088, 59, 11, 79, 0, 0, 0.06%, 9, 0, 8, 261.71
1733748093, 59, 13, 79, 0, 0, 0.06%, 9, 0, 8, 254.87
1733748103, 59, 14, 79, 0, 0, 0.06%, 9, 0, 8, 275.56
1733748108, 59, 18, 79, 0, 0, 0.06%, 9, 0, 8, 258.46
1733748113, 59, 25, 79, 0, 0, 0.06%, 9, 0, 8, 259.64
1733748123, 59, 31, 79, 0, 0, 0.06%, 9, 0, 8, 272.97
1733748128, 59, 32, 79, 0, 0, 0.06%, 9, 0, 8, 250.42
1733748133, 59, 42, 79, 0, 0, 0.06%, 9, 0, 8, 249.63
1733748138, 59, 43, 79, 0, 0, 0.06%, 9, 0, 8, 257.15
1733748148, 59, 48, 79, 0, 0, 0.06%, 9, 0, 8, 263.74
1733748153, 60, 11, 79, 0, 0, 0.06%, 9, 0, 8, 270.40
1733748158, 60, 12, 79, 0, 0, 0.06%, 9, 0, 8, 254.99
1733748164, 60, 13, 79, 0, 0, 0.06%, 9, 0, 8, 259.23
1733748169, 60, 14, 79, 0, 0, 0.06%, 9, 0, 8, 245.63
1733748174, 60, 18, 79, 0, 0, 0.06%, 9, 0, 8, 251.18
1733748179, 60, 31, 79, 0, 0, 0.06%, 9, 0, 8, 251.85
1733748184, 60, 35, 79, 0, 0, 0.06%, 9, 0, 8, 286.38
1733748194, 60, 42, 79, 0, 0, 0.06%, 9, 0, 8, 264.32
1733748199, 60, 48, 79, 0, 0, 0.06%, 9, 0, 8, 261.94
1733748204, 60, 74, 79, 0, 0, 0.06%, 9, 0, 8, 279.61
1733748209, 61, 11, 79, 0, 0, 0.06%, 9, 0, 8, 269.94
1733748215, 61, 12, 79, 0, 0, 0.06%, 9, 0, 8, 271.83
1733748220, 61, 13, 79, 0, 0, 0.06%, 9, 0, 8, 256.15
1733748225, 61, 14, 79, 0, 0, 0.06%, 9, 0, 8, 257.14
1733748230, 61, 18, 79, 0, 0, 0.06%, 9, 0, 8, 262.44
1733748235, 61, 20, 79, 0, 0, 0.06%, 9, 0, 8, 252.33
1733748245, 61, 28, 79, 0, 0, 0.06%, 9, 0, 8, 279.32
1733748250, 61, 29, 79, 0, 0, 0.06%, 9, 0, 8, 269.44
1733748255, 61, 31, 79, 0, 0, 0.06%, 9, 0, 8, 259.42
1733748260, 61, 42, 79, 0, 0, 0.06%, 9, 0, 8, 264.70
1733748270, 61, 46, 79, 0, 0, 0.06%, 9, 0, 8, 261.47
1733748281, 61, 48, 79, 0, 0, 0.06%, 9, 0, 8, 260.25
1733748286, 62, 12, 79, 0, 0, 0.06%, 9, 0, 8, 246.62
1733748291, 62, 13, 79, 0, 0, 0.06%, 9, 0, 8, 258.92
1733748296, 62, 14, 79, 0, 0, 0.06%, 9, 0, 8, 246.82
1733748306, 62, 18, 79, 0, 0, 0.06%, 9, 0, 8, 251.28
1733748311, 62, 20, 79, 0, 0, 0.06%, 9, 0, 8, 242.40
1733748321, 62, 31, 79, 0, 0, 0.06%, 9, 0, 8, 238.31
1733748326, 62, 32, 79, 0, 0, 0.06%, 9, 0, 8, 265.08
1733748331, 62, 42, 79, 0, 0, 0.06%, 9, 0, 8, 257.54
1733748336, 62, 48, 79, 0, 0, 0.06%, 9, 0, 8, 265.06
1733748341, 62, 50, 79, 0, 0, 0.06%, 9, 0, 8, 272.66
1733748352, 62, 52, 79, 0, 0, 0.06%, 9, 0, 8, 301.98
1733748357, 62, 59, 79, 0, 0, 0.06%, 9, 0, 8, 302.50
1733748362, 62, 63, 79, 0, 0, 0.06%, 9, 0, 8, 322.66
1733748372, 62, 66, 79, 0, 0, 0.06%, 9, 0, 8, 308.04
1733748382, 63, 11, 79, 0, 0, 0.06%, 9, 0, 8, 258.05
1733748387, 63, 12, 79, 0, 0, 0.06%, 9, 0, 8, 251.56
1733748392, 63, 13, 79, 0, 0, 0.06%, 9, 0, 8, 252.57
1733748397, 63, 14, 79, 0, 0, 0.06%, 9, 0, 8, 252.82
1733748402, 63, 18, 79, 0, 0, 0.06%, 9, 0, 8, 258.36
1733748407, 63, 19, 79, 0, 0, 0.06%, 9, 0, 8, 248.55
1733748417, 63, 27, 79, 0, 0, 0.06%, 9, 0, 8, 285.45
1733748428, 63, 31, 79, 0, 0, 0.06%, 9, 0, 8, 258.17
1733748433, 63, 35, 79, 0, 0, 0.06%, 9, 0, 8, 289.62
1733748438, 63, 36, 79, 0, 0, 0.06%, 9, 0, 8, 298.97
1733748443, 63, 42, 79, 0, 0, 0.06%, 9, 0, 8, 252.43
1733748448, 63, 48, 79, 0, 0, 0.06%, 9, 0, 8, 256.94
1733748453, 63, 74, 79, 0, 0, 0.06%, 9, 0, 8, 263.73
1733748463, 64, 0, 79, 0, 0, 0.06%, 9, 0, 8, 273.43
1733748468, 64, 12, 79, 0, 0, 0.06%, 9, 0, 8, 257.84
1733748473, 64, 13, 79, 0, 0, 0.06%, 9, 0, 8, 249.27
1733748478, 64, 14, 79, 0, 0, 0.06%, 9, 0, 8, 244.42
1733748484, 64, 18, 79, 0, 0, 0.06%, 9, 0, 8, 252.21
1733748494, 64, 31, 79, 0, 0, 0.06%, 9, 0, 8, 264.60
1733748499, 64, 38, 79, 0, 0, 0.06%, 9, 0, 8, 267.55
1733748504, 64, 42, 79, 0, 0, 0.06%, 9, 0, 8, 259.64
1733748509, 64, 48, 79, 0, 0, 0.06%, 9, 0, 8, 260.24
1733748514, 64, 65, 79, 0, 0, 0.06%, 9, 0, 8, 316.88
1733748524, 64, 66, 79, 0, 0, 0.06%, 9, 0, 8, 299.59
1733748535, 65, 11, 79, 0, 0, 0.06%, 9, 0, 8, 270.35
1733748540, 65, 12, 79, 0, 0, 0.06%, 9, 0, 8, 252.52
1733748545, 65, 13, 79, 0, 0, 0.06%, 9, 0, 8, 250.14
1733748550, 65, 14, 79, 0, 0, 0.06%, 9, 0, 8, 250.34
1733748555, 65, 18, 79, 0, 0, 0.06%, 9, 0, 8, 252.18
1733748560, 65, 31, 79, 0, 0, 0.06%, 9, 0, 8, 254.19
1733748565, 65, 42, 79, 0, 0, 0.06%, 9, 0, 8, 262.34
1733748575, 65, 48, 79, 0, 0, 0.06%, 9, 0, 8, 282.42
1733748580, 65, 61, 79, 0, 0, 0.06%, 9, 0, 8, 284.30
1733748590, 66, 12, 79, 0, 0, 0.06%, 9, 0, 8, 261.28
1733748595, 66, 13, 79, 0, 0, 0.06%, 9, 0, 8, 251.62
1733748600, 66, 14, 79, 0, 0, 0.06%, 9, 0, 8, 251.42
1733748605, 66, 18, 79, 0, 0, 0.06%, 9, 0, 8, 243.89
1733748610, 66, 31, 79, 0, 0, 0.06%, 9, 0, 8, 255.37
1733748616, 66, 37, 79, 0, 0, 0.06%, 9, 0, 8, 295.93
1733748621, 66, 42, 79, 0, 0, 0.06%, 9, 0, 8, 266.68
1733748626, 66, 43, 79, 0, 0, 0.06%, 9, 0, 8, 268.66
1733748631, 66, 48, 79, 0, 0, 0.06%, 9, 0, 8, 264.87
1733748636, 66, 60, 79, 0, 0, 0.06%, 9, 0, 8, 268.56
1733748651, 66, 66, 79, 0, 0, 0.06%, 9, 0, 8, 282.53
1733748656, 67, 12, 79, 0, 0, 0.06%, 9, 0, 8, 262.31
1733748661, 67, 13, 79, 0, 0, 0.06%, 9, 0, 8, 256.92
1733748666, 67, 14, 79, 0, 0, 0.06%, 9, 0, 8, 254.54
1733748676, 67, 18, 79, 0, 0, 0.06%, 9, 0, 8, 256.13
1733748681, 67, 31, 79, 0, 0, 0.06%, 9, 0, 8, 247.57
1733748686, 67, 36, 79, 0, 0, 0.06%, 9, 0, 8, 266.75
1733748691, 67, 42, 79, 0, 0, 0.06%, 9, 0, 8, 267.88
1733748696, 67, 45, 79, 0, 0, 0.06%, 9, 0, 8, 280.06
1733748707, 67, 48, 79, 0, 0, 0.06%, 9, 0, 8, 262.28
1733748712, 67, 49, 79, 0, 0, 0.06%, 9, 0, 8, 256.08
1733748717, 67, 58, 79, 0, 0, 0.06%, 9, 0, 8, 274.51
1733748727, 67, 61, 79, 0, 0, 0.06%, 9, 0, 8, 269.96
1733748732, 67, 62, 79, 0, 0, 0.06%, 9, 0, 8, 272.91
1733748742, 67, 68, 79, 0, 0, 0.06%, 9, 0, 8, 271.41
1733748747, 67, 77, 79, 0, 0, 0.06%, 9, 0, 8, 302.06
1733748763, 68, 11, 79, 0, 0, 0.06%, 9, 0, 8, 277.30
1733748768, 68, 12, 79, 0, 0, 0.06%, 9, 0, 8, 252.41
1733748773, 68, 13, 79, 0, 0, 0.06%, 9, 0, 8, 251.23
1733748778, 68, 14, 79, 0, 0, 0.06%, 9, 0, 8, 244.81
1733748783, 68, 18, 79, 0, 0, 0.06%, 9, 0, 8, 248.89
1733748788, 68, 31, 79, 0, 0, 0.06%, 9, 0, 8, 241.36
1733748793, 68, 42, 79, 0, 0, 0.06%, 9, 0, 8, 260.23
1733748798, 68, 48, 79, 0, 0, 0.06%, 9, 0, 8, 264.01
1733748803, 68, 49, 79, 0, 0, 0.06%, 9, 0, 8, 256.66
1733748808, 69, 11, 79, 0, 0, 0.06%, 9, 0, 8, 272.74
1733748813, 69, 12, 79, 0, 0, 0.06%, 9, 0, 8, 253.11
1733748818, 69, 13, 79, 0, 0, 0.06%, 9, 0, 8, 247.80
1733748823, 69, 14, 79, 0, 0, 0.06%, 9, 0, 8, 241.13
1733748828, 69, 18, 79, 0, 0, 0.06%, 9, 0, 8, 250.50
1733748833, 69, 31, 79, 0, 0, 0.06%, 9, 0, 8, 249.15
1733748838, 69, 42, 79, 0, 0, 0.06%, 9, 0, 8, 275.03
1733748849, 69, 48, 79, 0, 0, 0.06%, 9, 0, 8, 270.81
1733748854, 70, 12, 79, 0, 0, 0.06%, 9, 0, 8, 253.75
1733748859, 70, 13, 79, 0, 0, 0.06%, 9, 0, 8, 257.55
1733748864, 70, 14, 79, 0, 0, 0.06%, 9, 0, 8, 253.22
1733748869, 70, 18, 79, 0, 0, 0.06%, 9, 0, 8, 252.96
1733748874, 70, 31, 79, 0, 0, 0.06%, 9, 0, 8, 258.53
1733748879, 70, 35, 79, 0, 0, 0.06%, 9, 0, 8, 280.60
1733748884, 70, 42, 79, 0, 0, 0.06%, 9, 0, 8, 270.76
1733748889, 70, 48, 79, 0, 0, 0.06%, 9, 0, 8, 279.29
1733748899, 70, 60, 79, 0, 0, 0.06%, 9, 0, 8, 264.85
1733748904, 70, 70, 79, 0, 0, 0.06%, 9, 0, 8, 311.07
1733748925, 71, 11, 79, 0, 0, 0.06%, 9, 0, 8, 254.19
1733748930, 71, 12, 79, 0, 0, 0.06%, 9, 0, 8, 263.90
1733748935, 71, 13, 79, 0, 0, 0.06%, 9, 0, 8, 261.23
1733748940, 71, 14, 79, 0, 0, 0.06%, 9, 0, 8, 259.65
1733748945, 71, 18, 79, 0, 0, 0.06%, 9, 0, 8, 267.06
1733748950, 71, 25, 79, 0, 0, 0.06%, 9, 0, 8, 261.53
1733748960, 71, 31, 79, 0, 0, 0.06%, 9, 0, 8, 256.48
1733748965, 71, 42, 79, 0, 0, 0.06%, 9, 0, 8, 262.36
1733748970, 71, 48, 79, 0, 0, 0.06%, 9, 0, 8, 278.43
1733748975, 71, 54, 79, 0, 0, 0.06%, 9, 0, 8, 279.27
1733748985, 71, 61, 79, 0, 0, 0.06%, 9, 0, 8, 293.43
1733748990, 71, 76, 79, 0, 0, 0.06%, 9, 0, 8, 276.99
1733749006, 72, 12, 79, 0, 0, 0.06%, 9, 0, 8, 249.52
1733749011, 72, 13, 79, 0, 0, 0.06%, 9, 0, 8, 265.10
1733749016, 72, 14, 79, 0, 0, 0.06%, 9, 0, 8, 256.02
1733749021, 72, 18, 79, 0, 0, 0.06%, 9, 0, 8, 255.39
1733749026, 72, 24, 79, 0, 0, 0.06%, 9, 0, 8, 264.85
1733749031, 72, 27, 79, 0, 0, 0.06%, 9, 0, 8, 283.20
1733749036, 72, 29, 79, 0, 0, 0.06%, 9, 0, 8, 278.71
1733749041, 72, 30, 79, 0, 0, 0.06%, 9, 0, 8, 280.28
1733749046, 72, 31, 79, 0, 0, 0.06%, 9, 0, 8, 261.42
1733749051, 72, 42, 79, 0, 0, 0.06%, 9, 0, 8, 258.64
1733749056, 72, 48, 79, 0, 0, 0.06%, 9, 0, 8, 277.25
1733749067, 72, 53, 79, 0, 0, 0.06%, 9, 0, 8, 278.26
1733749072, 72, 65, 79, 0, 0, 0.06%, 9, 0, 8, 301.72
1733749077, 73, 11, 79, 0, 0, 0.06%, 9, 0, 8, 272.51
1733749082, 73, 13, 79, 0, 0, 0.06%, 9, 0, 8, 252.24
1733749087, 73, 14, 79, 0, 0, 0.06%, 9, 0, 8, 263.67
1733749092, 73, 18, 79, 0, 0, 0.06%, 9, 0, 8, 263.11
1733749102, 73, 31, 79, 0, 0, 0.06%, 9, 0, 8, 257.24
1733749107, 73, 32, 79, 0, 0, 0.06%, 9, 0, 8, 253.76
1733749112, 73, 42, 79, 0, 0, 0.06%, 9, 0, 8, 264.12
1733749117, 73, 46, 79, 0, 0, 0.06%, 9, 0, 8, 275.62
1733749127, 73, 48, 79, 0, 0, 0.06%, 9, 0, 8, 250.95
1733749133, 73, 52, 79, 0, 0, 0.06%, 9, 0, 8, 285.78
1733749138, 73, 53, 79, 0, 0, 0.06%, 9, 0, 8, 287.47
1733749143, 73, 73, 79, 0, 0, 0.06%, 9, 0, 8, 296.92
1733749153, 74, 12, 79, 0, 0, 0.06%, 9, 0, 8, 264.87
1733749158, 74, 13, 79, 0, 0, 0.06%, 9, 0, 8, 253.24
1733749163, 74, 14, 79, 0, 0, 0.06%, 9, 0, 8, 262.74
1733749168, 74, 18, 79, 0, 0, 0.06%, 9, 0, 8, 272.61
1733749178, 74, 19, 79, 0, 0, 0.06%, 9, 0, 8, 257.90
1733749183, 74, 22, 79, 0, 0, 0.06%, 9, 0, 8, 268.49
1733749193, 74, 29, 79, 0, 0, 0.06%, 9, 0, 8, 272.54
1733749198, 74, 31, 79, 0, 0, 0.06%, 9, 0, 8, 250.40
1733749203, 74, 41, 79, 0, 0, 0.06%, 9, 0, 8, 332.50
1733749213, 74, 42, 79, 0, 0, 0.06%, 9, 0, 8, 263.55
1733749218, 74, 48, 79, 0, 0, 0.06%, 9, 0, 8, 264.80
1733749224, 75, 11, 79, 0, 0, 0.06%, 9, 0, 8, 260.62
1733749229, 75, 12, 79, 0, 0, 0.06%, 9, 0, 8, 255.23
1733749234, 75, 13, 79, 0, 0, 0.06%, 9, 0, 8, 260.95
1733749239, 75, 14, 79, 0, 0, 0.06%, 9, 0, 8, 265.85
1733749244, 75, 18, 79, 0, 0, 0.06%, 9, 0, 8, 261.85
1733749249, 75, 21, 79, 0, 0, 0.06%, 9, 0, 8, 288.72
1733749259, 75, 28, 79, 0, 0, 0.06%, 9, 0, 8, 279.10
1733749264, 75, 31, 79, 0, 0, 0.06%, 9, 0, 8, 269.65
1733749269, 75, 42, 79, 0, 0, 0.06%, 9, 0, 8, 282.45
1733749275, 75, 48, 79, 0, 0, 0.06%, 9, 0, 8, 272.29
1733749280, 75, 50, 79, 0, 0, 0.06%, 9, 0, 8, 294.19
1733749285, 75, 53, 79, 0, 0, 0.06%, 9, 0, 8, 281.34
1733749290, 75, 61, 79, 0, 0, 0.06%, 9, 0, 8, 282.26
1733749295, 75, 76, 79, 0, 0, 0.06%, 9, 0, 8, 293.63
1733749300, 76, 11, 79, 0, 0, 0.06%, 9, 0, 8, 277.28
1733749305, 76, 13, 79, 0, 0, 0.06%, 9, 0, 8, 266.93
1733749315, 76, 14, 79, 0, 0, 0.06%, 9, 0, 8, 271.15
1733749320, 76, 18, 79, 0, 0, 0.06%, 9, 0, 8, 252.14
1733749325, 76, 31, 79, 0, 0, 0.06%, 9, 0, 8, 257.63
1733749330, 76, 42, 79, 0, 0, 0.06%, 9, 0, 8, 256.78
1733749335, 76, 48, 79, 0, 0, 0.06%, 9, 0, 8, 253.18
1733749340, 76, 55, 79, 0, 0, 0.06%, 9, 0, 8, 264.99
1733749350, 76, 71, 79, 0, 0, 0.06%, 9, 0, 8, 276.93
1733749355, 77, 9, 79, 0, 0, 0.06%, 9, 0, 8, 269.63
1733749360, 77, 12, 79, 0, 0, 0.06%, 9, 0, 8, 243.67
1733749366, 77, 13, 79, 0, 0, 0.06%, 9, 0, 8, 245.24
1733749371, 77, 14, 79, 0, 0, 0.06%, 9, 0, 8, 244.44
1733749376, 77, 18, 79, 0, 0, 0.06%, 9, 0, 8, 252.66
1733749381, 77, 20, 79, 0, 0, 0.06%, 9, 0, 8, 269.46
1733749386, 77, 31, 79, 0, 0, 0.06%, 9, 0, 8, 262.01
1733749391, 77, 42, 79, 0, 0, 0.06%, 9, 0, 8, 262.59
