# unix_time, cycles_done, cur_path, paths_total, pending_total, pending_favs, map_size, unique_crashes, unique_hangs, max_depth, execs_per_sec
1734981862, 0, 0, 10, 10, 1, 0.00%, 0, 0, 1, 143.37
1734981867, 0, 4, 10, 10, 1, 0.00%, 0, 0, 1, 190.49
1734981873, 0, 5, 10, 9, 0, 0.00%, 0, 0, 1, 186.34
1734981883, 0, 6, 10, 8, 0, 0.00%, 0, 0, 1, 191.51
1734981888, 0, 7, 10, 7, 0, 0.00%, 0, 0, 1, 178.66
1734981898, 0, 8, 10, 6, 0, 0.00%, 0, 0, 1, 192.64
1734981904, 0, 9, 10, 5, 0, 0.00%, 0, 0, 1, 181.31
1734981914, 1, 0, 10, 4, 0, 0.00%, 0, 0, 1, 190.83
1734981924, 1, 1, 10, 3, 0, 0.00%, 0, 0, 1, 189.79
1734981934, 1, 2, 10, 2, 0, 0.00%, 0, 0, 1, 192.94
1734981945, 1, 3, 10, 1, 0, 0.00%, 0, 0, 1, 192.20
1734981955, 1, 4, 10, 0, 0, 0.00%, 0, 0, 1, 190.40
1734981960, 1, 6, 10, 0, 0, 0.00%, 0, 0, 1, 192.61
1734981965, 1, 7, 10, 0, 0, 0.00%, 0, 0, 1, 186.79
1734981970, 1, 8, 10, 0, 0, 0.00%, 0, 0, 1, 191.87
1734981975, 1, 9, 10, 0, 0, 0.00%, 0, 0, 1, 189.44
1734981981, 2, 1, 10, 0, 0, 0.00%, 0, 0, 1, 189.67
1734981986, 2, 2, 10, 0, 0, 0.00%, 0, 0, 1, 187.00
1734981991, 2, 3, 10, 0, 0, 0.00%, 0, 0, 1, 190.84
1734981996, 2, 5, 10, 0, 0, 0.00%, 0, 0, 1, 186.50
1734982001, 2, 6, 10, 0, 0, 0.00%, 0, 0, 1, 189.45
1734982006, 2, 7, 10, 0, 0, 0.00%, 0, 0, 1, 191.69
1734982011, 2, 9, 10, 0, 0, 0.00%, 0, 0, 1, 188.98
1734982016, 3, 0, 10, 0, 0, 0.00%, 0, 0, 1, 189.49
1734982022, 3, 1, 10, 0, 0, 0.00%, 0, 0, 1, 188.42
1734982027, 3, 3, 10, 0, 0, 0.00%, 0, 0, 1, 189.46
1734982032, 3, 4, 10, 0, 0, 0.00%, 0, 0, 1, 190.52
1734982037, 3, 5, 10, 0, 0, 0.00%, 0, 0, 1, 189.75
1734982042, 3, 7, 10, 0, 0, 0.00%, 0, 0, 1, 191.55
1734982047, 3, 8, 10, 0, 0, 0.00%, 0, 0, 1, 188.30
1734982052, 3, 9, 10, 0, 0, 0.00%, 0, 0, 1, 188.83
1734982058, 4, 1, 10, 0, 0, 0.00%, 0, 0, 1, 191.54
1734982063, 4, 2, 10, 0, 0, 0.00%, 0, 0, 1, 189.80
1734982068, 4, 3, 10, 0, 0, 0.00%, 0, 0, 1, 193.65
1734982073, 4, 5, 10, 0, 0, 0.00%, 0, 0, 1, 191.75
1734982078, 4, 6, 10, 0, 0, 0.00%, 0, 0, 1, 186.72
1734982083, 4, 7, 10, 0, 0, 0.00%, 0, 0, 1, 191.55
1734982088, 4, 9, 10, 0, 0, 0.00%, 0, 0, 1, 191.86
1734982093, 5, 0, 10, 0, 0, 0.00%, 0, 0, 1, 191.48
1734982099, 5, 1, 10, 0, 0, 0.00%, 0, 0, 1, 188.22
1734982104, 5, 3, 10, 0, 0, 0.00%, 0, 0, 1, 191.35
1734982109, 5, 4, 10, 0, 0, 0.00%, 0, 0, 1, 188.59
1734982114, 5, 5, 10, 0, 0, 0.00%, 0, 0, 1, 188.65
1734982119, 5, 7, 10, 0, 0, 0.00%, 0, 0, 1, 187.18
1734982124, 5, 8, 10, 0, 0, 0.00%, 0, 0, 1, 191.66
1734982129, 5, 9, 10, 0, 0, 0.00%, 0, 0, 1, 189.58
1734982134, 6, 0, 10, 0, 0, 0.00%, 0, 0, 1, 188.81
1734982140, 6, 2, 10, 0, 0, 0.00%, 0, 0, 1, 189.45
1734982145, 6, 3, 10, 0, 0, 0.00%, 0, 0, 1, 190.51
1734982150, 6, 4, 11, 1, 0, 0.05%, 1, 0, 2, 191.83
1734982155, 6, 10, 15, 5, 1, 0.06%, 5, 0, 3, 220.73
1734982180, 6, 10, 16, 6, 1, 0.06%, 6, 0, 3, 213.53
1734982206, 6, 10, 17, 7, 1, 0.06%, 6, 0, 3, 212.80
1734982292, 6, 11, 17, 6, 5, 0.06%, 6, 0, 3, 224.46
1734982353, 6, 12, 18, 6, 4, 0.06%, 7, 0, 4, 218.87
1734982358, 6, 12, 19, 7, 4, 0.06%, 7, 0, 4, 209.74
1734982368, 6, 12, 20, 8, 4, 0.06%, 7, 0, 4, 204.96
1734982384, 6, 12, 21, 9, 4, 0.06%, 8, 0, 4, 202.49
1734982530, 6, 13, 21, 8, 5, 0.06%, 8, 0, 4, 227.61
1734982536, 6, 13, 22, 9, 5, 0.06%, 9, 0, 4, 219.86
1734982556, 6, 13, 23, 10, 5, 0.06%, 9, 0, 4, 213.91
1734982591, 6, 13, 24, 11, 5, 0.06%, 9, 0, 4, 215.81
1734982601, 6, 13, 25, 12, 5, 0.06%, 9, 0, 4, 215.80
1734982657, 6, 14, 25, 11, 5, 0.06%, 9, 0, 4, 234.00
1734982683, 6, 14, 27, 13, 5, 0.06%, 9, 0, 4, 216.99
1734982713, 6, 14, 28, 14, 5, 0.06%, 9, 0, 4, 217.71
1734982748, 6, 14, 29, 15, 5, 0.06%, 9, 0, 4, 218.33
1734982779, 6, 15, 29, 14, 4, 0.06%, 9, 0, 4, 223.52
1734982784, 6, 15, 30, 15, 4, 0.06%, 9, 0, 4, 214.36
1734982840, 6, 15, 31, 16, 4, 0.06%, 9, 0, 4, 230.99
1734982845, 6, 15, 34, 19, 4, 0.06%, 9, 0, 4, 264.10
1734982850, 6, 17, 35, 19, 3, 0.06%, 9, 0, 4, 301.67
1734982865, 6, 17, 36, 20, 3, 0.06%, 9, 0, 5, 227.98
1734982901, 6, 17, 37, 21, 3, 0.06%, 9, 0, 5, 231.24
1734982967, 6, 17, 38, 22, 3, 0.06%, 9, 0, 5, 267.84
1734982977, 6, 17, 40, 24, 3, 0.06%, 9, 0, 5, 232.40
1734982987, 6, 20, 40, 23, 2, 0.06%, 9, 0, 5, 252.34
1734983033, 6, 20, 41, 24, 2, 0.06%, 9, 0, 5, 226.21
1734983058, 6, 20, 42, 25, 2, 0.06%, 9, 0, 5, 225.94
1734983104, 6, 20, 43, 26, 2, 0.06%, 9, 0, 5, 270.97
1734983109, 6, 20, 44, 27, 2, 0.06%, 9, 0, 5, 253.76
1734983125, 6, 27, 45, 27, 1, 0.06%, 9, 0, 5, 265.89
1734983206, 6, 28, 45, 26, 0, 0.06%, 9, 0, 5, 329.89
1734983231, 6, 28, 47, 28, 0, 0.06%, 9, 0, 5, 435.73
1734983327, 6, 28, 48, 29, 0, 0.06%, 9, 0, 5, 291.99
1734983358, 6, 28, 50, 31, 0, 0.06%, 9, 0, 5, 295.69
1734983363, 6, 28, 51, 32, 0, 0.06%, 9, 0, 5, 286.38
1734983383, 6, 28, 52, 33, 0, 0.06%, 9, 0, 5, 288.38
1734983433, 6, 28, 56, 37, 0, 0.06%, 9, 0, 5, 228.52
1734983439, 6, 28, 57, 38, 0, 0.06%, 9, 0, 5, 255.07
1734983444, 6, 31, 57, 37, 0, 0.06%, 9, 0, 5, 252.65
1734984147, 6, 33, 57, 36, 0, 0.06%, 9, 0, 5, 339.55
1734984203, 6, 36, 57, 35, 0, 0.06%, 9, 0, 5, 336.96
1734984239, 6, 36, 59, 37, 0, 0.06%, 9, 0, 6, 456.04
1734984427, 6, 36, 60, 38, 0, 0.06%, 9, 0, 6, 285.03
1734984432, 6, 37, 61, 38, 0, 0.06%, 9, 0, 6, 294.95
1734984483, 6, 37, 62, 39, 0, 0.06%, 9, 0, 6, 426.50
1734984488, 6, 37, 63, 40, 0, 0.06%, 9, 0, 6, 351.43
1734984523, 6, 37, 65, 42, 0, 0.06%, 9, 0, 6, 333.45
1734984599, 6, 42, 65, 41, 0, 0.06%, 9, 0, 6, 326.95
1734984868, 6, 46, 65, 40, 0, 0.06%, 9, 0, 6, 262.20
1734984986, 6, 47, 65, 39, 0, 0.06%, 9, 0, 6, 368.47
1734985001, 6, 47, 66, 40, 0, 0.06%, 9, 0, 6, 281.73
1734985006, 6, 47, 67, 41, 0, 0.06%, 9, 0, 6, 276.80
1734985128, 6, 48, 67, 40, 0, 0.06%, 9, 0, 6, 281.09
1734985331, 6, 49, 67, 39, 0, 0.06%, 9, 0, 6, 388.88
1734985357, 6, 49, 69, 41, 0, 0.06%, 9, 0, 6, 433.64
1734985438, 6, 49, 70, 42, 0, 0.06%, 9, 0, 6, 308.75
1734985443, 6, 49, 71, 43, 0, 0.06%, 9, 0, 6, 316.10
1734985488, 6, 49, 72, 44, 0, 0.06%, 9, 0, 6, 312.32
1734985539, 6, 54, 72, 43, 0, 0.06%, 9, 0, 6, 256.92
1734985544, 6, 54, 73, 44, 0, 0.06%, 9, 0, 6, 400.57
1734985656, 6, 55, 73, 43, 0, 0.06%, 9, 0, 6, 372.88
1734985762, 6, 57, 73, 42, 0, 0.06%, 9, 0, 6, 313.14
1734985884, 6, 66, 73, 41, 0, 0.06%, 9, 0, 6, 338.73
1734985940, 6, 67, 73, 40, 0, 0.06%, 9, 0, 6, 393.44
1734986067, 6, 69, 73, 39, 0, 0.06%, 9, 0, 6, 236.41
1734986225, 6, 69, 74, 40, 0, 0.06%, 9, 0, 7, 355.56
1734986255, 6, 69, 75, 41, 0, 0.06%, 9, 0, 7, 358.09
1734986326, 6, 71, 75, 40, 0, 0.06%, 9, 0, 7, 359.88
1734986372, 7, 9, 75, 39, 0, 0.06%, 9, 0, 7, 308.19
1734986377, 7, 10, 75, 39, 0, 0.06%, 9, 0, 7, 274.79
1734986382, 7, 11, 75, 39, 0, 0.06%, 9, 0, 7, 259.11
1734986387, 7, 12, 75, 39, 0, 0.06%, 9, 0, 7, 256.10
1734986392, 7, 13, 75, 39, 0, 0.06%, 9, 0, 7, 253.04
1734986397, 7, 14, 75, 39, 0, 0.06%, 9, 0, 7, 263.37
1734986402, 7, 15, 75, 39, 0, 0.06%, 9, 0, 7, 259.75
1734986407, 7, 16, 75, 39, 0, 0.06%, 9, 0, 7, 287.03
1734986433, 7, 17, 75, 38, 0, 0.06%, 9, 0, 7, 265.65
1734986443, 7, 20, 75, 38, 0, 0.06%, 9, 0, 7, 260.59
1734986453, 7, 23, 75, 38, 0, 0.06%, 9, 0, 7, 294.79
1734986509, 7, 24, 75, 37, 0, 0.06%, 9, 0, 7, 308.30
1734986748, 7, 27, 75, 36, 0, 0.06%, 9, 0, 7, 265.98
1734986753, 7, 27, 76, 37, 0, 0.06%, 9, 0, 7, 277.36
1734986758, 7, 29, 76, 37, 0, 0.06%, 9, 0, 7, 262.18
1734986799, 7, 41, 76, 36, 0, 0.06%, 9, 0, 7, 245.91
1734986870, 7, 43, 76, 35, 0, 0.06%, 9, 0, 7, 260.07
1734986997, 7, 50, 76, 34, 0, 0.06%, 9, 0, 7, 335.10
1734987186, 7, 60, 76, 33, 0, 0.06%, 9, 0, 7, 300.15
1734987267, 7, 61, 76, 32, 0, 0.06%, 9, 0, 7, 419.37
1734987359, 7, 62, 76, 31, 0, 0.06%, 9, 0, 7, 274.30
1734987470, 7, 65, 76, 30, 0, 0.06%, 9, 0, 7, 323.84
1734987541, 7, 68, 76, 29, 0, 0.06%, 9, 0, 7, 369.30
1734987673, 7, 73, 76, 28, 0, 0.06%, 9, 0, 7, 413.66
1734987866, 8, 10, 76, 27, 0, 0.06%, 9, 0, 7, 260.72
1734987871, 8, 11, 76, 27, 0, 0.06%, 9, 0, 7, 248.10
1734987876, 8, 12, 76, 27, 0, 0.06%, 9, 0, 7, 263.91
1734987882, 8, 13, 76, 27, 0, 0.06%, 9, 0, 7, 253.93
1734987887, 8, 14, 76, 27, 0, 0.06%, 9, 0, 7, 264.59
1734987892, 8, 15, 76, 27, 0, 0.06%, 9, 0, 7, 256.63
1734987897, 8, 17, 76, 27, 0, 0.06%, 9, 0, 7, 256.21
1734987907, 8, 20, 76, 27, 0, 0.06%, 9, 0, 7, 273.28
1734987917, 8, 22, 76, 27, 0, 0.06%, 9, 0, 7, 250.38
1734988452, 8, 25, 76, 26, 0, 0.06%, 9, 0, 7, 310.69
1734988493, 8, 25, 77, 27, 0, 0.06%, 9, 0, 7, 278.59
1734988498, 8, 26, 77, 26, 0, 0.06%, 9, 0, 7, 304.89
1734988630, 8, 27, 77, 25, 0, 0.06%, 9, 0, 7, 272.39
1734988640, 8, 42, 77, 25, 0, 0.06%, 9, 0, 7, 305.58
1734988650, 8, 61, 77, 25, 0, 0.06%, 9, 0, 7, 299.07
1734988660, 8, 64, 77, 25, 0, 0.06%, 9, 0, 7, 430.00
1734988747, 8, 74, 77, 24, 0, 0.06%, 9, 0, 7, 282.88
1734988945, 8, 76, 77, 23, 0, 0.06%, 9, 0, 7, 357.96
1734989057, 9, 11, 77, 22, 0, 0.06%, 9, 0, 7, 276.58
1734989062, 9, 13, 77, 22, 0, 0.06%, 9, 0, 7, 273.14
1734989067, 9, 15, 77, 22, 0, 0.06%, 9, 0, 7, 269.59
1734989072, 9, 17, 77, 22, 0, 0.06%, 9, 0, 7, 268.83
1734989077, 9, 20, 77, 22, 0, 0.06%, 9, 0, 7, 277.14
1734989083, 9, 27, 77, 22, 0, 0.06%, 9, 0, 7, 270.61
1734989088, 9, 29, 77, 22, 0, 0.06%, 9, 0, 7, 264.69
1734989098, 9, 30, 77, 22, 0, 0.06%, 9, 0, 7, 310.12
1734989148, 9, 53, 77, 21, 0, 0.06%, 9, 0, 7, 413.48
1734989204, 9, 56, 77, 20, 0, 0.06%, 9, 0, 7, 371.19
1734989291, 9, 70, 77, 19, 0, 0.06%, 9, 0, 7, 336.22
1734989347, 10, 11, 77, 18, 0, 0.06%, 9, 0, 7, 272.21
1734989352, 10, 13, 77, 18, 0, 0.06%, 9, 0, 7, 255.26
1734989357, 10, 15, 77, 18, 0, 0.06%, 9, 0, 7, 262.79
1734989362, 10, 17, 77, 18, 0, 0.06%, 9, 0, 7, 268.36
1734989368, 10, 20, 77, 18, 0, 0.06%, 9, 0, 7, 291.00
1734989373, 10, 27, 77, 18, 0, 0.06%, 9, 0, 7, 272.12
1734989378, 10, 42, 77, 18, 0, 0.06%, 9, 0, 7, 294.14
1734989388, 10, 44, 77, 18, 0, 0.06%, 9, 0, 7, 385.72
1734989438, 10, 58, 77, 17, 0, 0.06%, 9, 0, 7, 334.95
1734989571, 10, 63, 77, 16, 0, 0.06%, 9, 0, 7, 395.53
1734989677, 11, 10, 77, 15, 0, 0.06%, 9, 0, 7, 287.94
1734989682, 11, 12, 77, 15, 0, 0.06%, 9, 0, 7, 264.01
1734989687, 11, 14, 77, 15, 0, 0.06%, 9, 0, 7, 271.32
1734989692, 11, 17, 77, 15, 0, 0.06%, 9, 0, 7, 263.71
1734989697, 11, 20, 77, 15, 0, 0.06%, 9, 0, 7, 274.70
1734989707, 11, 26, 77, 15, 0, 0.06%, 9, 0, 7, 297.95
1734989717, 11, 27, 77, 15, 0, 0.06%, 9, 0, 7, 272.63
1734989722, 11, 40, 77, 15, 0, 0.06%, 9, 0, 7, 386.07
1734989773, 11, 45, 77, 14, 0, 0.06%, 9, 0, 7, 262.93
1734989906, 11, 55, 77, 13, 0, 0.06%, 9, 0, 7, 278.68
1734989916, 11, 56, 77, 13, 0, 0.06%, 9, 0, 7, 275.03
1734989927, 11, 59, 77, 13, 0, 0.06%, 9, 0, 7, 293.73
1734989977, 11, 75, 77, 12, 0, 0.06%, 9, 0, 7, 311.64
1734990094, 12, 11, 77, 11, 0, 0.06%, 9, 0, 7, 259.03
1734990099, 12, 13, 77, 11, 0, 0.06%, 9, 0, 7, 260.82
1734990104, 12, 15, 77, 11, 0, 0.06%, 9, 0, 7, 259.60
1734990109, 12, 17, 77, 11, 0, 0.06%, 9, 0, 7, 265.42
1734990114, 12, 19, 77, 11, 0, 0.06%, 9, 0, 7, 390.36
1734990165, 12, 20, 77, 10, 0, 0.06%, 9, 0, 7, 259.80
1734990170, 12, 24, 77, 10, 0, 0.06%, 9, 0, 7, 292.41
1734990180, 12, 27, 77, 10, 0, 0.06%, 9, 0, 7, 271.43
1734990185, 12, 32, 77, 10, 0, 0.06%, 9, 0, 7, 257.02
1734990241, 12, 38, 77, 9, 0, 0.06%, 9, 0, 7, 397.57
1734990287, 12, 45, 77, 8, 0, 0.06%, 9, 0, 7, 296.47
1734990297, 12, 51, 77, 8, 0, 0.06%, 9, 0, 7, 281.19
1734990506, 12, 52, 77, 7, 0, 0.06%, 9, 0, 7, 339.51
1734990633, 12, 56, 77, 6, 0, 0.06%, 9, 0, 7, 280.71
1734990644, 12, 66, 77, 6, 0, 0.06%, 9, 0, 7, 284.36
1734990654, 13, 10, 77, 6, 0, 0.06%, 9, 0, 7, 270.08
1734990659, 13, 12, 77, 6, 0, 0.06%, 9, 0, 7, 253.38
1734990664, 13, 14, 77, 6, 0, 0.06%, 9, 0, 7, 258.75
1734990669, 13, 17, 77, 6, 0, 0.06%, 9, 0, 7, 259.09
1734990679, 13, 18, 77, 6, 0, 0.06%, 9, 0, 7, 325.74
1734990730, 13, 20, 77, 5, 0, 0.06%, 9, 0, 7, 279.07
1734990735, 13, 27, 77, 5, 0, 0.06%, 9, 0, 7, 271.44
1734990740, 13, 45, 77, 5, 0, 0.06%, 9, 0, 7, 274.56
1734990750, 13, 62, 77, 5, 0, 0.06%, 9, 0, 7, 299.01
1734990760, 14, 11, 77, 5, 0, 0.06%, 9, 0, 7, 261.70
1734990766, 14, 13, 77, 5, 0, 0.06%, 9, 0, 7, 257.21
1734990771, 14, 15, 77, 5, 0, 0.06%, 9, 0, 7, 266.47
1734990776, 14, 17, 77, 5, 0, 0.06%, 9, 0, 7, 273.31
1734990781, 14, 20, 77, 5, 0, 0.06%, 9, 0, 7, 276.07
1734990786, 14, 21, 77, 5, 0, 0.06%, 9, 0, 7, 278.54
1734990837, 14, 27, 77, 4, 0, 0.06%, 9, 0, 7, 273.08
1734990842, 14, 29, 77, 4, 0, 0.06%, 9, 0, 7, 260.63
1734990852, 14, 34, 77, 4, 0, 0.06%, 9, 0, 7, 414.88
1734990903, 14, 51, 77, 3, 0, 0.06%, 9, 0, 7, 278.65
1734990913, 14, 60, 77, 3, 0, 0.06%, 9, 0, 7, 292.61
1734990923, 15, 10, 77, 3, 0, 0.06%, 9, 0, 7, 279.82
1734990928, 15, 12, 77, 3, 0, 0.06%, 9, 0, 7, 270.46
1734990933, 15, 14, 77, 3, 0, 0.06%, 9, 0, 7, 266.55
1734990938, 15, 15, 77, 3, 0, 0.06%, 9, 0, 7, 262.83
1734990943, 15, 17, 77, 3, 0, 0.06%, 9, 0, 7, 268.05
1734990948, 15, 20, 77, 3, 0, 0.06%, 9, 0, 7, 278.60
1734990954, 15, 27, 77, 3, 0, 0.06%, 9, 0, 7, 263.26
1734990959, 15, 35, 77, 3, 0, 0.06%, 9, 0, 7, 311.85
1734991009, 15, 39, 77, 2, 0, 0.06%, 9, 0, 7, 367.59
1734991126, 16, 11, 77, 1, 0, 0.06%, 9, 0, 7, 275.10
1734991131, 16, 13, 77, 1, 0, 0.06%, 9, 0, 7, 255.94
1734991136, 16, 15, 77, 1, 0, 0.06%, 9, 0, 7, 261.60
1734991141, 16, 17, 77, 1, 0, 0.06%, 9, 0, 7, 274.85
1734991146, 16, 18, 77, 1, 0, 0.06%, 9, 0, 7, 277.84
1734991156, 16, 20, 77, 1, 0, 0.06%, 9, 0, 7, 270.18
1734991162, 16, 25, 77, 1, 0, 0.06%, 9, 0, 7, 267.39
1734991172, 16, 27, 77, 1, 0, 0.06%, 9, 0, 7, 266.44
1734991177, 16, 63, 77, 1, 0, 0.06%, 9, 0, 7, 302.98
1734991187, 17, 10, 77, 1, 0, 0.06%, 9, 0, 7, 273.66
1734991192, 17, 12, 77, 1, 0, 0.06%, 9, 0, 7, 266.67
1734991197, 17, 14, 77, 1, 0, 0.06%, 9, 0, 7, 267.58
1734991202, 17, 17, 77, 1, 0, 0.06%, 9, 0, 7, 266.17
1734991207, 17, 18, 77, 1, 0, 0.06%, 9, 0, 7, 274.86
1734991217, 17, 20, 77, 1, 0, 0.06%, 9, 0, 7, 266.49
1734991222, 17, 27, 77, 1, 0, 0.06%, 9, 0, 7, 270.53
1734991227, 17, 48, 77, 1, 0, 0.06%, 9, 0, 7, 271.47
1734991237, 18, 6, 77, 1, 0, 0.06%, 9, 0, 7, 268.94
1734991242, 18, 11, 77, 1, 0, 0.06%, 9, 0, 7, 261.42
1734991247, 18, 13, 77, 1, 0, 0.06%, 9, 0, 7, 268.92
1734991252, 18, 15, 77, 1, 0, 0.06%, 9, 0, 7, 272.99
1734991257, 18, 17, 77, 1, 0, 0.06%, 9, 0, 7, 268.12
1734991263, 18, 20, 77, 1, 0, 0.06%, 9, 0, 7, 273.24
1734991268, 18, 27, 77, 1, 0, 0.06%, 9, 0, 7, 288.20
1734991273, 18, 39, 77, 1, 0, 0.06%, 9, 0, 7, 297.59
1734991283, 18, 41, 77, 1, 0, 0.06%, 9, 0, 7, 319.09
1734991293, 18, 60, 77, 1, 0, 0.06%, 9, 0, 7, 290.09
1734991303, 18, 63, 77, 1, 0, 0.06%, 9, 0, 7, 301.99
1734991313, 18, 72, 77, 1, 0, 0.06%, 9, 0, 7, 380.02
1734991435, 18, 73, 77, 0, 0, 0.06%, 9, 0, 7, 321.45
1734991446, 19, 10, 77, 0, 0, 0.06%, 9, 0, 7, 274.32
1734991451, 19, 12, 77, 0, 0, 0.06%, 9, 0, 7, 264.64
1734991456, 19, 14, 77, 0, 0, 0.06%, 9, 0, 7, 266.84
1734991461, 19, 17, 77, 0, 0, 0.06%, 9, 0, 7, 276.70
1734991466, 19, 20, 77, 0, 0, 0.06%, 9, 0, 7, 267.91
1734991471, 19, 27, 77, 0, 0, 0.06%, 9, 0, 7, 267.94
1734991476, 19, 29, 77, 0, 0, 0.06%, 9, 0, 7, 265.26
1734991481, 19, 49, 77, 0, 0, 0.06%, 9, 0, 7, 276.93
1734991491, 19, 56, 77, 0, 0, 0.06%, 9, 0, 7, 274.21
1734991497, 19, 76, 77, 0, 0, 0.06%, 9, 0, 7, 292.55
1734991517, 20, 11, 77, 0, 0, 0.06%, 9, 0, 7, 262.95
1734991522, 20, 13, 77, 0, 0, 0.06%, 9, 0, 7, 255.38
1734991527, 20, 14, 77, 0, 0, 0.06%, 9, 0, 7, 251.15
1734991532, 20, 17, 77, 0, 0, 0.06%, 9, 0, 7, 258.04
1734991537, 20, 20, 77, 0, 0, 0.06%, 9, 0, 7, 262.97
1734991542, 20, 27, 77, 0, 0, 0.06%, 9, 0, 7, 262.89
1734991547, 20, 45, 77, 0, 0, 0.06%, 9, 0, 7, 253.20
1734991552, 20, 52, 77, 0, 0, 0.06%, 9, 0, 7, 286.17
1734991562, 20, 54, 77, 0, 0, 0.06%, 9, 0, 7, 265.43
1734991573, 21, 10, 77, 0, 0, 0.06%, 9, 0, 7, 262.78
1734991578, 21, 11, 77, 0, 0, 0.06%, 9, 0, 7, 275.34
1734991583, 21, 13, 77, 0, 0, 0.06%, 9, 0, 7, 257.63
1734991588, 21, 15, 77, 0, 0, 0.06%, 9, 0, 7, 265.10
1734991593, 21, 17, 77, 0, 0, 0.06%, 9, 0, 7, 265.74
1734991598, 21, 20, 77, 0, 0, 0.06%, 9, 0, 7, 265.90
1734991603, 21, 27, 77, 0, 0, 0.06%, 9, 0, 7, 281.91
1734991608, 21, 53, 77, 0, 0, 0.06%, 9, 0, 7, 280.63
1734991618, 22, 11, 77, 0, 0, 0.06%, 9, 0, 7, 277.40
1734991623, 22, 13, 77, 0, 0, 0.06%, 9, 0, 7, 267.12
1734991628, 22, 15, 77, 0, 0, 0.06%, 9, 0, 7, 249.70
1734991633, 22, 17, 77, 0, 0, 0.06%, 9, 0, 7, 257.98
1734991638, 22, 20, 77, 0, 0, 0.06%, 9, 0, 7, 259.94
1734991643, 22, 27, 77, 0, 0, 0.06%, 9, 0, 7, 278.38
1734991648, 22, 41, 77, 0, 0, 0.06%, 9, 0, 7, 292.77
1734991659, 22, 49, 77, 0, 0, 0.06%, 9, 0, 7, 283.33
1734991669, 22, 60, 77, 0, 0, 0.06%, 9, 0, 7, 288.84
1734991674, 22, 61, 77, 0, 0, 0.06%, 9, 0, 7, 303.65
1734991684, 22, 70, 77, 0, 0, 0.06%, 9, 0, 7, 272.07
1734991694, 23, 10, 77, 0, 0, 0.06%, 9, 0, 7, 267.45
1734991699, 23, 12, 77, 0, 0, 0.06%, 9, 0, 7, 261.23
1734991705, 23, 14, 77, 0, 0, 0.06%, 9, 0, 7, 270.53
1734991710, 23, 17, 77, 0, 0, 0.06%, 9, 0, 7, 264.87
1734991715, 23, 19, 77, 0, 0, 0.06%, 9, 0, 7, 275.44
1734991725, 23, 20, 77, 0, 0, 0.06%, 9, 0, 7, 269.31
1734991730, 23, 27, 77, 0, 0, 0.06%, 9, 0, 7, 267.10
1734991735, 23, 76, 77, 0, 0, 0.06%, 9, 0, 7, 284.33
1734991740, 24, 10, 77, 0, 0, 0.06%, 9, 0, 7, 283.78
1734991745, 24, 12, 77, 0, 0, 0.06%, 9, 0, 7, 275.69
1734991750, 24, 14, 77, 0, 0, 0.06%, 9, 0, 7, 252.48
1734991755, 24, 17, 77, 0, 0, 0.06%, 9, 0, 7, 269.89
1734991760, 24, 20, 77, 0, 0, 0.06%, 9, 0, 7, 270.03
1734991765, 24, 27, 77, 0, 0, 0.06%, 9, 0, 7, 264.19
1734991775, 24, 43, 77, 0, 0, 0.06%, 9, 0, 7, 291.46
1734991785, 24, 66, 77, 0, 0, 0.06%, 9, 0, 7, 304.94
1734991790, 25, 10, 77, 0, 0, 0.06%, 9, 0, 7, 293.40
1734991795, 25, 11, 77, 0, 0, 0.06%, 9, 0, 7, 261.94
1734991800, 25, 13, 77, 0, 0, 0.06%, 9, 0, 7, 258.82
1734991805, 25, 15, 77, 0, 0, 0.06%, 9, 0, 7, 277.31
1734991810, 25, 17, 77, 0, 0, 0.06%, 9, 0, 7, 267.45
1734991815, 25, 20, 77, 0, 0, 0.06%, 9, 0, 7, 267.13
1734991821, 25, 23, 77, 0, 0, 0.06%, 9, 0, 7, 250.48
1734991831, 25, 27, 77, 0, 0, 0.06%, 9, 0, 7, 283.24
1734991836, 25, 41, 77, 0, 0, 0.06%, 9, 0, 7, 288.57
1734991841, 25, 55, 77, 0, 0, 0.06%, 9, 0, 7, 295.47
1734991851, 25, 72, 77, 0, 0, 0.06%, 9, 0, 7, 275.06
1734991861, 26, 11, 77, 0, 0, 0.06%, 9, 0, 7, 276.05
1734991866, 26, 13, 77, 0, 0, 0.06%, 9, 0, 7, 274.75
1734991872, 26, 15, 77, 0, 0, 0.06%, 9, 0, 7, 262.41
1734991877, 26, 17, 77, 0, 0, 0.06%, 9, 0, 7, 262.99
1734991882, 26, 19, 77, 0, 0, 0.06%, 9, 0, 7, 274.60
1734991892, 26, 20, 77, 0, 0, 0.06%, 9, 0, 7, 273.29
1734991897, 26, 22, 77, 0, 0, 0.06%, 9, 0, 7, 306.87
1734991907, 26, 27, 77, 0, 0, 0.06%, 9, 0, 7, 266.56
1734991912, 27, 10, 77, 0, 0, 0.06%, 9, 0, 7, 278.98
1734991917, 27, 12, 77, 0, 0, 0.06%, 9, 0, 7, 268.78
1734991922, 27, 15, 77, 0, 0, 0.06%, 9, 0, 7, 261.30
1734991927, 27, 17, 77, 0, 0, 0.06%, 9, 0, 7, 260.39
1734991933, 27, 20, 77, 0, 0, 0.06%, 9, 0, 7, 265.17
1734991938, 27, 27, 77, 0, 0, 0.06%, 9, 0, 7, 259.79
1734991943, 27, 44, 77, 0, 0, 0.06%, 9, 0, 7, 273.89
1734991953, 28, 10, 77, 0, 0, 0.06%, 9, 0, 7, 282.86
1734991958, 28, 12, 77, 0, 0, 0.06%, 9, 0, 7, 276.15
1734991963, 28, 14, 77, 0, 0, 0.06%, 9, 0, 7, 263.88
1734991968, 28, 17, 77, 0, 0, 0.06%, 9, 0, 7, 266.25
1734991973, 28, 20, 77, 0, 0, 0.06%, 9, 0, 7, 276.97
1734991978, 28, 26, 77, 0, 0, 0.06%, 9, 0, 7, 287.07
1734991989, 28, 27, 77, 0, 0, 0.06%, 9, 0, 7, 259.20
1734991994, 29, 0, 77, 0, 0, 0.06%, 9, 0, 7, 263.59
1734991999, 29, 11, 77, 0, 0, 0.06%, 9, 0, 7, 271.36
1734992004, 29, 13, 77, 0, 0, 0.06%, 9, 0, 7, 270.36
1734992009, 29, 15, 77, 0, 0, 0.06%, 9, 0, 7, 254.52
1734992014, 29, 17, 77, 0, 0, 0.06%, 9, 0, 7, 276.24
1734992019, 29, 20, 77, 0, 0, 0.06%, 9, 0, 7, 280.60
1734992024, 29, 27, 77, 0, 0, 0.06%, 9, 0, 7, 271.79
1734992029, 29, 39, 77, 0, 0, 0.06%, 9, 0, 7, 311.33
1734992039, 29, 42, 77, 0, 0, 0.06%, 9, 0, 7, 289.03
1734992044, 30, 11, 77, 0, 0, 0.06%, 9, 0, 7, 275.78
1734992049, 30, 13, 77, 0, 0, 0.06%, 9, 0, 7, 267.39
1734992054, 30, 15, 77, 0, 0, 0.06%, 9, 0, 7, 263.00
1734992060, 30, 17, 77, 0, 0, 0.06%, 9, 0, 7, 262.05
1734992065, 30, 20, 77, 0, 0, 0.06%, 9, 0, 7, 270.22
1734992070, 30, 27, 77, 0, 0, 0.06%, 9, 0, 7, 265.73
1734992075, 30, 47, 77, 0, 0, 0.06%, 9, 0, 7, 287.79
1734992085, 30, 53, 77, 0, 0, 0.06%, 9, 0, 7, 275.86
1734992095, 30, 71, 77, 0, 0, 0.06%, 9, 0, 7, 280.85
1734992105, 31, 9, 77, 0, 0, 0.06%, 9, 0, 7, 266.62
1734992110, 31, 11, 77, 0, 0, 0.06%, 9, 0, 7, 262.86
1734992115, 31, 13, 77, 0, 0, 0.06%, 9, 0, 7, 264.19
1734992120, 31, 15, 77, 0, 0, 0.06%, 9, 0, 7, 271.88
1734992125, 31, 17, 77, 0, 0, 0.06%, 9, 0, 7, 289.18
1734992131, 31, 20, 77, 0, 0, 0.06%, 9, 0, 7, 290.77
1734992136, 31, 27, 77, 0, 0, 0.06%, 9, 0, 7, 277.93
1734992141, 31, 35, 77, 0, 0, 0.06%, 9, 0, 7, 261.32
1734992151, 31, 55, 77, 0, 0, 0.06%, 9, 0, 7, 273.30
1734992156, 31, 56, 77, 0, 0, 0.06%, 9, 0, 7, 285.63
1734992161, 31, 68, 77, 0, 0, 0.06%, 9, 0, 7, 296.97
1734992171, 32, 11, 77, 0, 0, 0.06%, 9, 0, 7, 271.64
1734992176, 32, 13, 77, 0, 0, 0.06%, 9, 0, 7, 271.71
1734992181, 32, 15, 77, 0, 0, 0.06%, 9, 0, 7, 259.33
1734992186, 32, 17, 77, 0, 0, 0.06%, 9, 0, 7, 255.01
1734992191, 32, 20, 77, 0, 0, 0.06%, 9, 0, 7, 272.51
1734992196, 32, 23, 77, 0, 0, 0.06%, 9, 0, 7, 252.55
1734992207, 32, 27, 77, 0, 0, 0.06%, 9, 0, 7, 259.89
1734992212, 33, 10, 77, 0, 0, 0.06%, 9, 0, 7, 271.72
1734992217, 33, 12, 77, 0, 0, 0.06%, 9, 0, 7, 272.02
1734992222, 33, 14, 77, 0, 0, 0.06%, 9, 0, 7, 265.93
1734992227, 33, 17, 77, 0, 0, 0.06%, 9, 0, 7, 268.51
1734992232, 33, 20, 77, 0, 0, 0.06%, 9, 0, 7, 257.43
1734992237, 33, 27, 77, 0, 0, 0.06%, 9, 0, 7, 277.58
1734992242, 33, 43, 77, 0, 0, 0.06%, 9, 0, 7, 270.18
1734992257, 34, 11, 77, 0, 0, 0.06%, 9, 0, 7, 264.90
1734992262, 34, 13, 77, 0, 0, 0.06%, 9, 0, 7, 271.04
1734992267, 34, 15, 77, 0, 0, 0.06%, 9, 0, 7, 272.13
1734992272, 34, 17, 77, 0, 0, 0.06%, 9, 0, 7, 269.66
1734992277, 34, 20, 77, 0, 0, 0.06%, 9, 0, 7, 271.79
1734992282, 34, 27, 77, 0, 0, 0.06%, 9, 0, 7, 280.00
1734992287, 34, 49, 77, 0, 0, 0.06%, 9, 0, 7, 272.75
1734992293, 34, 73, 77, 0, 0, 0.06%, 9, 0, 7, 318.24
1734992303, 35, 11, 77, 0, 0, 0.06%, 9, 0, 7, 269.60
1734992308, 35, 13, 77, 0, 0, 0.06%, 9, 0, 7, 269.51
1734992313, 35, 15, 77, 0, 0, 0.06%, 9, 0, 7, 258.80
1734992318, 35, 16, 77, 0, 0, 0.06%, 9, 0, 7, 266.74
1734992323, 35, 17, 77, 0, 0, 0.06%, 9, 0, 7, 271.08
1734992328, 35, 18, 77, 0, 0, 0.06%, 9, 0, 7, 278.33
1734992333, 35, 20, 77, 0, 0, 0.06%, 9, 0, 7, 260.56
1734992338, 35, 27, 77, 0, 0, 0.06%, 9, 0, 7, 257.10
1734992343, 35, 37, 77, 0, 0, 0.06%, 9, 0, 7, 298.61
1734992353, 36, 10, 77, 0, 0, 0.06%, 9, 0, 7, 257.13
1734992359, 36, 12, 77, 0, 0, 0.06%, 9, 0, 7, 266.08
1734992364, 36, 13, 77, 0, 0, 0.06%, 9, 0, 7, 277.66
1734992369, 36, 17, 77, 0, 0, 0.06%, 9, 0, 7, 272.04
1734992379, 36, 20, 77, 0, 0, 0.06%, 9, 0, 7, 268.41
1734992384, 36, 27, 77, 0, 0, 0.06%, 9, 0, 7, 274.65
1734992389, 36, 40, 77, 0, 0, 0.06%, 9, 0, 7, 289.90
1734992399, 36, 58, 77, 0, 0, 0.06%, 9, 0, 7, 272.04
1734992409, 36, 59, 77, 0, 0, 0.06%, 9, 0, 7, 262.35
1734992420, 36, 66, 77, 0, 0, 0.06%, 9, 0, 7, 286.75
1734992425, 37, 10, 77, 0, 0, 0.06%, 9, 0, 7, 262.84
1734992430, 37, 12, 77, 0, 0, 0.06%, 9, 0, 7, 271.34
1734992435, 37, 14, 77, 0, 0, 0.06%, 9, 0, 7, 269.67
1734992440, 37, 17, 77, 0, 0, 0.06%, 9, 0, 7, 268.84
1734992445, 37, 20, 77, 0, 0, 0.06%, 9, 0, 7, 274.52
1734992450, 37, 27, 77, 0, 0, 0.06%, 9, 0, 7, 269.14
1734992455, 37, 46, 77, 0, 0, 0.06%, 9, 0, 7, 293.29
1734992465, 38, 10, 77, 0, 0, 0.06%, 9, 0, 7, 263.17
1734992471, 38, 12, 77, 0, 0, 0.06%, 9, 0, 7, 270.26
1734992476, 38, 14, 77, 0, 0, 0.06%, 9, 0, 7, 275.58
1734992481, 38, 17, 77, 0, 0, 0.06%, 9, 0, 7, 275.85
1734992486, 38, 20, 77, 0, 0, 0.06%, 9, 0, 7, 276.56
1734992491, 38, 27, 77, 0, 0, 0.06%, 9, 0, 7, 274.34
1734992496, 38, 30, 77, 0, 0, 0.06%, 9, 0, 7, 289.00
1734992506, 38, 33, 77, 0, 0, 0.06%, 9, 0, 7, 284.26
1734992516, 38, 49, 77, 0, 0, 0.06%, 9, 0, 7, 277.29
1734992521, 38, 51, 77, 0, 0, 0.06%, 9, 0, 7, 284.78
1734992531, 38, 52, 77, 0, 0, 0.06%, 9, 0, 7, 281.00
1734992542, 38, 64, 77, 0, 0, 0.06%, 9, 0, 7, 291.35
1734992552, 38, 75, 77, 0, 0, 0.06%, 9, 0, 7, 317.99
1734992562, 39, 11, 77, 0, 0, 0.06%, 9, 0, 7, 282.05
1734992567, 39, 12, 77, 0, 0, 0.06%, 9, 0, 7, 268.81
1734992572, 39, 14, 77, 0, 0, 0.06%, 9, 0, 7, 259.21
1734992577, 39, 17, 77, 0, 0, 0.06%, 9, 0, 7, 266.89
1734992582, 39, 20, 77, 0, 0, 0.06%, 9, 0, 7, 257.23
1734992588, 39, 24, 77, 0, 0, 0.06%, 9, 0, 7, 314.85
1734992598, 39, 25, 77, 0, 0, 0.06%, 9, 0, 7, 265.87
1734992608, 39, 27, 77, 0, 0, 0.06%, 9, 0, 7, 266.85
1734992613, 39, 62, 77, 0, 0, 0.06%, 9, 0, 7, 316.08
1734992623, 39, 68, 77, 0, 0, 0.06%, 9, 0, 7, 302.71
1734992633, 40, 10, 77, 0, 0, 0.06%, 9, 0, 7, 271.74
1734992638, 40, 12, 77, 0, 0, 0.06%, 9, 0, 7, 272.33
1734992643, 40, 14, 77, 0, 0, 0.06%, 9, 0, 7, 268.84
1734992648, 40, 17, 77, 0, 0, 0.06%, 9, 0, 7, 263.43
1734992653, 40, 20, 77, 0, 0, 0.06%, 9, 0, 7, 260.35
