# unix_time, cycles_done, cur_path, paths_total, pending_total, pending_favs, map_size, unique_crashes, unique_hangs, max_depth, execs_per_sec
1733713400, 0, 0, 10, 10, 1, 0.00%, 0, 0, 1, 173.54
1733713406, 0, 2, 10, 10, 1, 0.00%, 0, 0, 1, 204.97
1733713411, 0, 3, 10, 9, 0, 0.00%, 0, 0, 1, 210.94
1733713416, 0, 4, 10, 8, 0, 0.00%, 0, 0, 1, 204.68
1733713426, 0, 5, 10, 7, 0, 0.00%, 0, 0, 1, 214.18
1733713431, 0, 6, 10, 6, 0, 0.00%, 0, 0, 1, 196.62
1733713441, 0, 7, 10, 5, 0, 0.00%, 0, 0, 1, 212.73
1733713447, 0, 8, 10, 4, 0, 0.00%, 0, 0, 1, 215.26
1733713452, 0, 9, 10, 3, 0, 0.00%, 0, 0, 1, 202.90
1733713462, 1, 0, 10, 2, 0, 0.00%, 0, 0, 1, 208.29
1733713472, 1, 1, 10, 1, 0, 0.00%, 0, 0, 1, 200.64
1733713482, 1, 3, 10, 0, 0, 0.00%, 0, 0, 1, 194.80
1733713487, 1, 4, 10, 0, 0, 0.00%, 0, 0, 1, 193.50
1733713493, 1, 5, 10, 0, 0, 0.00%, 0, 0, 1, 190.22
1733713498, 1, 7, 10, 0, 0, 0.00%, 0, 0, 1, 192.77
1733713503, 1, 8, 10, 0, 0, 0.00%, 0, 0, 1, 189.65
1733713508, 1, 9, 10, 0, 0, 0.00%, 0, 0, 1, 186.22
1733713513, 2, 1, 10, 0, 0, 0.00%, 0, 0, 1, 189.62
1733713518, 2, 2, 10, 0, 0, 0.00%, 0, 0, 1, 192.29
1733713523, 2, 3, 10, 0, 0, 0.00%, 0, 0, 1, 189.37
1733713529, 2, 5, 10, 0, 0, 0.00%, 0, 0, 1, 188.56
1733713534, 2, 6, 10, 0, 0, 0.00%, 0, 0, 1, 185.51
1733713539, 2, 7, 10, 0, 0, 0.00%, 0, 0, 1, 186.14
1733713544, 2, 8, 10, 0, 0, 0.00%, 0, 0, 1, 185.62
1733713549, 3, 0, 10, 0, 0, 0.00%, 0, 0, 1, 187.22
1733713554, 3, 1, 10, 0, 0, 0.00%, 0, 0, 1, 191.22
1733713559, 3, 2, 10, 0, 0, 0.00%, 0, 0, 1, 192.53
1733713564, 3, 4, 10, 0, 0, 0.00%, 0, 0, 1, 188.67
1733713570, 3, 5, 10, 0, 0, 0.00%, 0, 0, 1, 187.60
1733713575, 3, 6, 10, 0, 0, 0.00%, 0, 0, 1, 184.41
1733713580, 3, 8, 10, 0, 0, 0.00%, 0, 0, 1, 185.56
1733713585, 3, 9, 10, 0, 0, 0.00%, 0, 0, 1, 184.90
1733713590, 4, 0, 10, 0, 0, 0.00%, 0, 0, 1, 188.88
1733713595, 4, 2, 10, 0, 0, 0.00%, 0, 0, 1, 186.04
1733713601, 4, 3, 10, 0, 0, 0.00%, 0, 0, 1, 180.25
1733713606, 4, 10, 11, 1, 1, 0.05%, 1, 0, 2, 190.01
1733713611, 4, 10, 12, 2, 1, 0.05%, 2, 0, 3, 202.93
1733713621, 4, 10, 13, 3, 1, 0.05%, 3, 0, 3, 197.77
1733713626, 4, 10, 14, 4, 1, 0.05%, 4, 0, 3, 190.46
1733713735, 4, 10, 15, 5, 1, 0.06%, 5, 0, 3, 191.20
1733713765, 4, 11, 17, 6, 4, 0.06%, 7, 0, 4, 216.59
1733713786, 4, 11, 19, 8, 4, 0.06%, 7, 0, 4, 200.36
1733713826, 4, 11, 20, 9, 4, 0.06%, 7, 0, 4, 199.42
1733713873, 4, 11, 21, 10, 4, 0.06%, 7, 0, 4, 196.75
1733713898, 4, 11, 22, 11, 4, 0.06%, 8, 0, 4, 199.09
1733713903, 4, 12, 23, 11, 6, 0.06%, 8, 0, 4, 233.02
1733713944, 4, 12, 26, 14, 6, 0.06%, 8, 0, 4, 217.23
1733713954, 4, 14, 27, 14, 5, 0.06%, 9, 0, 4, 218.26
1733713959, 4, 14, 28, 15, 5, 0.06%, 9, 0, 4, 205.71
1733713964, 4, 14, 29, 16, 5, 0.06%, 9, 0, 4, 199.00
1733714091, 4, 15, 29, 15, 5, 0.06%, 9, 0, 4, 221.42
1733714096, 4, 15, 30, 16, 5, 0.06%, 9, 0, 5, 203.94
1733714111, 4, 15, 31, 17, 5, 0.06%, 9, 0, 5, 203.62
1733714212, 4, 15, 32, 18, 5, 0.06%, 9, 0, 5, 211.88
1733714233, 4, 15, 39, 25, 5, 0.06%, 9, 0, 5, 236.02
1733714238, 4, 16, 39, 24, 4, 0.06%, 9, 0, 5, 228.49
1733714309, 4, 16, 40, 25, 4, 0.06%, 9, 0, 5, 229.95
1733714324, 4, 17, 40, 24, 3, 0.06%, 9, 0, 5, 220.52
1733714395, 4, 17, 41, 25, 3, 0.06%, 9, 0, 5, 253.79
1733714405, 4, 17, 43, 27, 3, 0.06%, 9, 0, 5, 222.04
1733714410, 4, 21, 43, 26, 2, 0.06%, 9, 0, 5, 279.27
1733714415, 4, 21, 44, 27, 2, 0.06%, 9, 0, 5, 309.93
1733714446, 4, 21, 45, 28, 2, 0.06%, 9, 0, 5, 232.28
1733714496, 4, 21, 46, 29, 2, 0.06%, 9, 0, 5, 233.00
1733714507, 4, 21, 47, 30, 2, 0.06%, 9, 0, 5, 234.74
1733714547, 4, 26, 47, 29, 1, 0.06%, 9, 0, 5, 237.32
1733714557, 4, 26, 48, 30, 1, 0.06%, 9, 0, 5, 208.64
1733714577, 4, 26, 49, 31, 1, 0.06%, 9, 0, 5, 207.77
1733714724, 4, 29, 50, 31, 0, 0.06%, 9, 0, 6, 234.30
1733714780, 4, 29, 51, 32, 0, 0.06%, 9, 0, 6, 208.34
1733714871, 4, 29, 53, 34, 0, 0.06%, 9, 0, 6, 211.83
1733714882, 4, 29, 55, 36, 0, 0.06%, 9, 0, 6, 245.48
1733714887, 4, 29, 56, 37, 0, 0.06%, 9, 0, 6, 224.02
1733714902, 4, 32, 56, 36, 0, 0.06%, 9, 0, 6, 326.10
1733714928, 4, 32, 57, 37, 0, 0.06%, 9, 0, 6, 417.39
1733714994, 4, 32, 58, 38, 0, 0.06%, 9, 0, 6, 284.89
1733715009, 4, 32, 59, 39, 0, 0.06%, 9, 0, 6, 289.06
1733715111, 4, 34, 59, 38, 0, 0.06%, 9, 0, 6, 269.18
1733715355, 4, 34, 60, 39, 0, 0.06%, 9, 0, 6, 286.24
1733715360, 4, 36, 60, 38, 0, 0.06%, 9, 0, 6, 329.81
1733715645, 4, 39, 60, 37, 0, 0.06%, 9, 0, 6, 272.10
1733715686, 4, 39, 61, 38, 0, 0.06%, 9, 0, 6, 237.56
1733715757, 4, 49, 61, 37, 0, 0.06%, 9, 0, 6, 308.40
1733715808, 4, 50, 61, 36, 0, 0.06%, 9, 0, 6, 336.60
1733715864, 4, 59, 61, 35, 0, 0.06%, 9, 0, 6, 265.23
1733716031, 4, 60, 61, 34, 0, 0.06%, 9, 0, 6, 299.13
1733716066, 4, 60, 63, 36, 0, 0.06%, 9, 0, 7, 412.18
1733716208, 4, 61, 63, 35, 0, 0.06%, 9, 0, 7, 361.50
1733716339, 5, 12, 63, 34, 0, 0.06%, 9, 0, 7, 269.49
1733716345, 5, 15, 63, 34, 0, 0.06%, 9, 0, 7, 254.20
1733716350, 5, 16, 63, 34, 0, 0.06%, 9, 0, 7, 256.63
1733716355, 5, 17, 63, 34, 0, 0.06%, 9, 0, 7, 256.57
1733716360, 5, 18, 63, 34, 0, 0.06%, 9, 0, 7, 306.85
1733716410, 5, 21, 63, 33, 0, 0.06%, 9, 0, 7, 275.97
1733716416, 5, 26, 63, 33, 0, 0.06%, 9, 0, 7, 257.59
1733716421, 5, 30, 63, 33, 0, 0.06%, 9, 0, 7, 325.45
1733716471, 5, 31, 63, 32, 0, 0.06%, 9, 0, 7, 265.05
1733716770, 5, 33, 63, 31, 0, 0.06%, 9, 0, 7, 227.01
1733717070, 5, 35, 63, 30, 0, 0.06%, 9, 0, 7, 279.03
1733717121, 5, 38, 63, 29, 0, 0.06%, 9, 0, 7, 308.34
1733717288, 5, 38, 64, 30, 0, 0.06%, 9, 0, 7, 288.59
1733717349, 5, 47, 64, 29, 0, 0.06%, 9, 0, 7, 278.64
1733717365, 5, 47, 65, 30, 0, 0.07%, 10, 0, 7, 245.05
1733717436, 5, 64, 65, 29, 1, 0.07%, 10, 0, 7, 274.44
1733717441, 5, 64, 66, 30, 1, 0.07%, 10, 0, 7, 240.71
1733717477, 5, 64, 67, 31, 1, 0.07%, 10, 0, 7, 278.00
1733717493, 5, 65, 67, 30, 1, 0.07%, 10, 0, 7, 251.65
1733717528, 5, 65, 68, 31, 1, 0.09%, 11, 0, 8, 266.72
1733717538, 5, 67, 68, 30, 1, 0.09%, 11, 0, 8, 275.30
1733717559, 5, 67, 69, 31, 1, 0.09%, 12, 0, 9, 415.96
1733717661, 5, 67, 70, 32, 1, 0.09%, 12, 0, 9, 322.34
1733717686, 5, 67, 71, 33, 1, 0.09%, 12, 0, 9, 317.01
1733717762, 5, 67, 72, 34, 1, 0.09%, 12, 0, 9, 292.60
1733717788, 5, 68, 72, 33, 2, 0.09%, 12, 0, 9, 308.78
1733717793, 5, 68, 73, 34, 2, 0.12%, 13, 0, 10, 301.05
1733717921, 5, 68, 74, 35, 2, 0.12%, 13, 0, 10, 309.52
1733717931, 5, 68, 76, 37, 2, 0.13%, 15, 0, 10, 316.20
1733717951, 5, 68, 77, 38, 2, 0.13%, 16, 0, 10, 316.12
1733717956, 5, 68, 78, 39, 2, 0.13%, 16, 0, 10, 309.78
1733717987, 5, 68, 80, 41, 2, 0.13%, 17, 0, 10, 303.18
1733718033, 5, 72, 80, 40, 5, 0.13%, 17, 0, 10, 301.50
1733718038, 5, 72, 81, 41, 5, 0.13%, 17, 0, 11, 343.08
1733718048, 5, 72, 82, 42, 5, 0.14%, 18, 0, 11, 412.54
1733718226, 5, 72, 83, 43, 5, 0.14%, 18, 0, 11, 281.11
1733718231, 5, 74, 83, 42, 5, 0.14%, 18, 0, 11, 276.48
1733718358, 5, 74, 84, 43, 5, 0.14%, 18, 0, 11, 295.94
1733718368, 5, 74, 85, 44, 5, 0.14%, 18, 0, 11, 315.28
1733718419, 5, 74, 86, 45, 5, 0.14%, 18, 0, 11, 313.97
1733718470, 5, 74, 88, 47, 5, 0.14%, 18, 0, 11, 293.69
1733718495, 5, 76, 88, 46, 4, 0.14%, 18, 0, 11, 286.01
1733718577, 5, 76, 89, 47, 4, 0.14%, 18, 0, 11, 302.12
1733718612, 5, 76, 90, 48, 4, 0.14%, 18, 0, 11, 307.85
1733718673, 5, 79, 90, 47, 3, 0.14%, 18, 0, 11, 299.87
1733718683, 5, 79, 91, 48, 3, 0.14%, 18, 0, 11, 332.66
1733718882, 5, 79, 93, 50, 3, 0.14%, 19, 0, 11, 360.97
1733718933, 5, 79, 94, 51, 3, 0.14%, 19, 0, 11, 333.21
1733719009, 5, 81, 94, 50, 3, 0.14%, 19, 0, 11, 309.56
1733719177, 5, 81, 95, 51, 3, 0.14%, 19, 0, 12, 307.97
1733719248, 5, 81, 96, 52, 3, 0.14%, 19, 0, 12, 296.42
1733719264, 5, 89, 96, 51, 2, 0.14%, 19, 0, 12, 254.80
1733719269, 5, 89, 103, 58, 2, 0.16%, 21, 0, 12, 349.09
1733719274, 5, 89, 113, 68, 2, 0.16%, 21, 0, 12, 365.02
1733719289, 5, 89, 115, 70, 2, 0.16%, 21, 0, 12, 321.16
1733719309, 5, 89, 116, 71, 2, 0.16%, 21, 0, 12, 291.32
1733719315, 5, 89, 117, 72, 2, 0.16%, 21, 0, 12, 290.98
1733719350, 5, 89, 118, 73, 2, 0.16%, 22, 0, 12, 300.29
1733719381, 5, 89, 119, 74, 2, 0.16%, 22, 0, 12, 290.45
1733719422, 5, 91, 119, 73, 6, 0.16%, 22, 0, 12, 277.76
1733719662, 5, 91, 120, 74, 6, 0.16%, 22, 0, 12, 335.96
1733719764, 5, 109, 120, 73, 5, 0.16%, 22, 0, 12, 353.71
1733719769, 5, 109, 121, 74, 5, 0.16%, 23, 0, 13, 392.79
1733719835, 5, 109, 122, 75, 5, 0.16%, 23, 0, 13, 296.53
1733719860, 5, 109, 123, 76, 5, 0.16%, 23, 0, 13, 288.33
1733719921, 5, 110, 123, 75, 5, 0.16%, 23, 0, 13, 305.48
1733719926, 5, 110, 125, 77, 5, 0.17%, 24, 0, 13, 376.15
1733719931, 5, 110, 127, 79, 5, 0.18%, 26, 0, 13, 395.38
1733719998, 5, 110, 128, 80, 5, 0.18%, 26, 0, 13, 291.36
1733720085, 5, 113, 128, 79, 7, 0.18%, 26, 0, 13, 263.44
1733720120, 5, 113, 129, 80, 7, 0.18%, 26, 0, 13, 299.76
1733720247, 5, 116, 129, 79, 6, 0.18%, 26, 0, 13, 394.21
1733720343, 5, 117, 129, 78, 5, 0.18%, 26, 0, 13, 284.72
1733720389, 5, 117, 130, 79, 5, 0.18%, 26, 0, 13, 294.22
1733720505, 5, 120, 130, 78, 4, 0.18%, 26, 0, 13, 295.30
1733720612, 5, 123, 130, 77, 3, 0.18%, 26, 0, 13, 336.78
1733720719, 5, 125, 130, 76, 2, 0.18%, 26, 0, 13, 355.59
1733720826, 5, 126, 130, 75, 1, 0.18%, 26, 0, 13, 348.47
1733720927, 6, 9, 130, 74, 0, 0.18%, 26, 0, 13, 279.09
1733720932, 6, 14, 130, 74, 0, 0.18%, 26, 0, 13, 264.82
1733720937, 6, 15, 130, 74, 0, 0.18%, 26, 0, 13, 274.84
1733720942, 6, 16, 130, 74, 0, 0.18%, 26, 0, 13, 273.82
1733720947, 6, 17, 130, 74, 0, 0.18%, 26, 0, 13, 272.23
1733720952, 6, 22, 130, 74, 0, 0.18%, 26, 0, 13, 302.51
1733721003, 6, 28, 130, 73, 0, 0.18%, 26, 0, 13, 304.09
1733721054, 6, 29, 130, 72, 0, 0.18%, 26, 0, 13, 275.09
1733721059, 6, 42, 130, 72, 0, 0.18%, 26, 0, 13, 332.31
1733721181, 6, 44, 130, 71, 0, 0.18%, 26, 0, 13, 398.38
1733721247, 6, 45, 130, 70, 0, 0.18%, 26, 0, 13, 346.30
1733721339, 6, 48, 130, 69, 0, 0.18%, 26, 0, 13, 191.66
1733727204, 6, 53, 130, 68, 0, 0.18%, 26, 0, 13, 339.55
1733727255, 6, 63, 130, 67, 0, 0.18%, 26, 0, 13, 257.52
1733727418, 6, 65, 130, 66, 0, 0.18%, 26, 0, 13, 254.62
1733727423, 6, 65, 131, 67, 0, 0.18%, 26, 0, 13, 245.98
1733727428, 6, 74, 131, 67, 0, 0.18%, 26, 0, 13, 292.05
1733727443, 6, 79, 131, 67, 0, 0.18%, 26, 0, 13, 312.23
1733727458, 6, 81, 131, 67, 0, 0.18%, 26, 0, 13, 301.58
1733727478, 6, 83, 131, 67, 0, 0.18%, 26, 0, 13, 283.83
1733727672, 6, 84, 131, 66, 0, 0.18%, 26, 0, 13, 287.19
1733727855, 6, 84, 132, 67, 0, 0.18%, 27, 0, 13, 292.19
1733727881, 6, 84, 133, 68, 0, 0.18%, 27, 0, 13, 321.25
1733727957, 6, 87, 133, 67, 1, 0.18%, 27, 0, 13, 290.91
1733727998, 6, 87, 134, 68, 1, 0.18%, 27, 0, 13, 302.23
1733728018, 6, 87, 135, 69, 1, 0.18%, 27, 0, 13, 299.70
1733728024, 6, 87, 136, 70, 1, 0.18%, 27, 0, 13, 294.19
1733728100, 6, 131, 136, 69, 2, 0.18%, 27, 0, 13, 323.63
1733728268, 6, 131, 138, 71, 2, 0.18%, 27, 0, 13, 292.47
1733728314, 6, 131, 139, 72, 2, 0.18%, 27, 0, 13, 335.96
1733728329, 6, 135, 139, 71, 3, 0.18%, 27, 0, 13, 283.12
1733728430, 6, 137, 139, 70, 2, 0.18%, 27, 0, 13, 277.38
1733728598, 6, 137, 140, 71, 2, 0.18%, 27, 0, 14, 328.88
1733728684, 6, 138, 140, 70, 1, 0.18%, 27, 0, 14, 322.42
1733728694, 6, 138, 141, 71, 1, 0.18%, 27, 0, 14, 358.09
1733728882, 6, 138, 144, 74, 1, 0.18%, 27, 0, 14, 338.55
1733728908, 6, 138, 145, 75, 1, 0.18%, 27, 0, 14, 342.63
1733728968, 6, 138, 146, 76, 1, 0.18%, 27, 0, 14, 347.66
1733729019, 6, 140, 146, 75, 2, 0.18%, 27, 0, 14, 230.40
1733729218, 6, 140, 147, 76, 2, 0.18%, 27, 0, 15, 329.32
1733729259, 6, 140, 148, 77, 2, 0.18%, 27, 0, 15, 351.37
1733729360, 6, 141, 148, 76, 2, 0.18%, 27, 0, 15, 322.45
1733729549, 6, 141, 149, 77, 2, 0.18%, 27, 0, 15, 318.90
1733729650, 6, 147, 149, 76, 1, 0.18%, 27, 0, 15, 269.54
1733729875, 6, 147, 150, 77, 1, 0.18%, 27, 0, 16, 361.79
1733729891, 6, 147, 151, 78, 1, 0.18%, 27, 0, 16, 347.46
1733729952, 6, 148, 151, 77, 0, 0.18%, 27, 0, 16, 323.04
1733730192, 6, 148, 152, 78, 0, 0.18%, 27, 0, 16, 350.75
1733730227, 6, 148, 153, 79, 0, 0.18%, 27, 0, 16, 347.48
1733730232, 6, 148, 154, 80, 0, 0.18%, 27, 0, 16, 350.70
1733730263, 6, 148, 155, 81, 0, 0.18%, 27, 0, 16, 341.76
1733730298, 6, 151, 155, 80, 0, 0.18%, 27, 0, 16, 247.22
1733730614, 6, 152, 156, 80, 0, 0.18%, 27, 0, 17, 307.21
1733730619, 6, 152, 158, 82, 0, 0.18%, 27, 0, 17, 299.26
1733730711, 6, 152, 159, 83, 0, 0.18%, 27, 0, 17, 264.27
1733730772, 6, 152, 160, 84, 0, 0.18%, 27, 0, 17, 320.57
1733730833, 6, 152, 161, 85, 0, 0.18%, 27, 0, 17, 323.74
1733730864, 6, 156, 161, 84, 0, 0.18%, 27, 0, 17, 314.03
1733731057, 6, 157, 161, 83, 0, 0.18%, 27, 0, 17, 290.15
1733731255, 7, 12, 161, 82, 0, 0.18%, 27, 0, 17, 269.05
1733731260, 7, 13, 161, 82, 0, 0.18%, 27, 0, 17, 258.23
1733731285, 7, 14, 161, 81, 0, 0.18%, 27, 0, 17, 279.16
1733731290, 7, 15, 161, 81, 0, 0.18%, 27, 0, 17, 276.82
1733731296, 7, 51, 161, 81, 0, 0.18%, 27, 0, 17, 400.98
1733731372, 7, 54, 161, 80, 0, 0.18%, 27, 0, 17, 278.37
