# unix_time, cycles_done, cur_path, paths_total, pending_total, pending_favs, map_size, unique_crashes, unique_hangs, max_depth, execs_per_sec
1734246032, 0, 0, 10, 10, 1, 0.00%, 0, 0, 1, 149.53
1734246037, 0, 2, 10, 10, 1, 0.00%, 0, 0, 1, 182.25
1734246042, 0, 3, 10, 9, 0, 0.00%, 0, 0, 1, 168.31
1734246052, 0, 4, 10, 8, 0, 0.00%, 0, 0, 1, 187.68
1734246057, 0, 5, 10, 7, 0, 0.00%, 0, 0, 1, 176.64
1734246068, 0, 6, 10, 6, 0, 0.00%, 0, 0, 1, 179.25
1734246078, 0, 7, 10, 5, 0, 0.00%, 0, 0, 1, 187.45
1734246083, 0, 8, 10, 4, 0, 0.00%, 0, 0, 1, 173.46
1734246093, 0, 9, 10, 3, 0, 0.00%, 0, 0, 1, 185.31
1734246098, 1, 0, 10, 2, 0, 0.00%, 0, 0, 1, 183.10
1734246114, 1, 1, 10, 1, 0, 0.00%, 0, 0, 1, 180.88
1734246124, 1, 2, 10, 0, 0, 0.00%, 0, 0, 1, 178.81
1734246129, 1, 4, 10, 0, 0, 0.00%, 0, 0, 1, 184.45
1734246134, 1, 5, 10, 0, 0, 0.00%, 0, 0, 1, 183.50
1734246139, 1, 6, 10, 0, 0, 0.00%, 0, 0, 1, 184.23
1734246144, 1, 7, 10, 0, 0, 0.00%, 0, 0, 1, 182.73
1734246149, 1, 9, 10, 0, 0, 0.00%, 0, 0, 1, 180.33
1734246154, 2, 0, 10, 0, 0, 0.00%, 0, 0, 1, 181.07
1734246160, 2, 1, 10, 0, 0, 0.00%, 0, 0, 1, 181.91
1734246165, 2, 3, 10, 0, 0, 0.00%, 0, 0, 1, 184.86
1734246170, 2, 4, 10, 0, 0, 0.00%, 0, 0, 1, 179.43
1734246175, 2, 5, 10, 0, 0, 0.00%, 0, 0, 1, 186.21
1734246180, 2, 6, 10, 0, 0, 0.00%, 0, 0, 1, 184.29
1734246185, 2, 8, 10, 0, 0, 0.00%, 0, 0, 1, 181.94
1734246190, 2, 9, 10, 0, 0, 0.00%, 0, 0, 1, 183.28
1734246196, 3, 0, 10, 0, 0, 0.00%, 0, 0, 1, 186.69
1734246201, 3, 1, 10, 0, 0, 0.00%, 0, 0, 1, 179.91
1734246206, 3, 3, 10, 0, 0, 0.00%, 0, 0, 1, 184.24
1734246211, 3, 4, 10, 0, 0, 0.00%, 0, 0, 1, 183.58
1734246216, 3, 5, 10, 0, 0, 0.00%, 0, 0, 1, 179.86
1734246222, 3, 7, 10, 0, 0, 0.00%, 0, 0, 1, 183.93
1734246227, 3, 8, 10, 0, 0, 0.00%, 0, 0, 1, 176.46
1734246232, 3, 9, 10, 0, 0, 0.00%, 0, 0, 1, 181.57
1734246237, 4, 0, 10, 0, 0, 0.00%, 0, 0, 1, 184.85
1734246242, 4, 2, 10, 0, 0, 0.00%, 0, 0, 1, 179.93
1734246247, 4, 3, 10, 0, 0, 0.00%, 0, 0, 1, 181.38
1734246252, 4, 4, 10, 0, 0, 0.00%, 0, 0, 1, 181.00
1734246257, 4, 5, 10, 0, 0, 0.00%, 0, 0, 1, 182.47
1734246262, 4, 7, 10, 0, 0, 0.00%, 0, 0, 1, 184.21
1734246268, 4, 8, 10, 0, 0, 0.00%, 0, 0, 1, 184.74
1734246273, 4, 9, 10, 0, 0, 0.00%, 0, 0, 1, 182.85
1734246278, 5, 1, 10, 0, 0, 0.00%, 0, 0, 1, 181.07
1734246283, 5, 2, 10, 0, 0, 0.00%, 0, 0, 1, 182.73
1734246288, 5, 3, 10, 0, 0, 0.00%, 0, 0, 1, 180.32
1734246293, 5, 4, 11, 1, 0, 0.05%, 1, 0, 2, 182.66
1734246298, 5, 10, 12, 2, 1, 0.05%, 2, 0, 3, 201.52
1734246355, 5, 10, 13, 3, 1, 0.05%, 2, 0, 3, 196.05
1734246360, 5, 10, 13, 3, 1, 0.05%, 3, 0, 3, 193.60
1734246381, 5, 10, 14, 4, 1, 0.05%, 4, 0, 3, 194.15
1734246458, 5, 11, 15, 4, 3, 0.06%, 5, 0, 4, 207.54
1734246468, 5, 11, 16, 5, 3, 0.06%, 6, 0, 4, 200.24
1734246473, 5, 11, 17, 6, 3, 0.06%, 6, 0, 4, 198.28
1734246483, 5, 11, 18, 7, 3, 0.06%, 7, 0, 4, 199.48
1734246524, 5, 11, 19, 8, 3, 0.06%, 7, 0, 4, 194.65
1734246601, 5, 12, 19, 7, 5, 0.06%, 7, 0, 4, 214.43
1734246606, 5, 12, 20, 8, 5, 0.06%, 8, 0, 4, 203.62
1734246637, 5, 12, 21, 9, 5, 0.06%, 8, 0, 4, 200.43
1734246652, 5, 12, 22, 10, 5, 0.06%, 8, 0, 4, 203.10
1734246657, 5, 12, 23, 11, 5, 0.06%, 8, 0, 4, 201.95
1734246672, 5, 12, 24, 12, 5, 0.06%, 8, 0, 4, 204.37
1734246687, 5, 12, 25, 13, 5, 0.06%, 8, 0, 4, 205.13
1734246728, 5, 12, 26, 14, 5, 0.06%, 8, 0, 4, 207.62
1734246779, 5, 12, 27, 15, 5, 0.06%, 8, 0, 4, 209.38
1734246784, 5, 12, 30, 18, 5, 0.06%, 8, 0, 4, 218.55
1734246789, 5, 13, 30, 17, 5, 0.06%, 8, 0, 4, 222.71
1734246794, 5, 13, 32, 19, 5, 0.06%, 9, 0, 4, 213.87
1734246804, 5, 13, 33, 20, 5, 0.06%, 9, 0, 4, 206.52
1734246911, 5, 13, 39, 26, 5, 0.06%, 9, 0, 4, 279.72
1734246916, 5, 13, 40, 27, 5, 0.06%, 9, 0, 4, 232.83
1734246921, 5, 13, 42, 29, 5, 0.06%, 9, 0, 4, 236.97
1734246926, 5, 14, 42, 28, 5, 0.06%, 9, 0, 4, 225.93
1734246946, 5, 14, 43, 29, 5, 0.06%, 9, 0, 5, 206.76
1734246956, 5, 14, 44, 30, 5, 0.06%, 9, 0, 5, 203.34
1734246987, 5, 14, 45, 31, 5, 0.06%, 9, 0, 5, 201.24
1734247093, 5, 14, 46, 32, 5, 0.06%, 9, 0, 5, 234.72
1734247098, 5, 15, 47, 32, 4, 0.06%, 9, 0, 5, 269.25
1734247139, 5, 15, 48, 33, 4, 0.06%, 9, 0, 5, 233.29
1734247144, 5, 15, 50, 35, 4, 0.06%, 9, 0, 5, 233.31
1734247149, 5, 15, 51, 36, 4, 0.06%, 9, 0, 5, 224.51
1734247160, 5, 17, 51, 35, 3, 0.06%, 9, 0, 5, 284.20
1734247200, 5, 17, 52, 36, 3, 0.06%, 9, 0, 5, 226.90
1734247215, 5, 23, 52, 35, 2, 0.06%, 9, 0, 5, 251.80
1734247271, 5, 46, 52, 34, 1, 0.06%, 9, 0, 5, 243.17
1734247322, 5, 46, 55, 37, 1, 0.06%, 9, 0, 6, 281.46
1734247327, 5, 46, 56, 38, 1, 0.06%, 9, 0, 6, 271.41
1734247332, 5, 50, 56, 37, 0, 0.06%, 9, 0, 6, 316.62
1734247372, 5, 50, 57, 38, 0, 0.06%, 9, 0, 6, 257.73
1734247378, 5, 50, 58, 39, 0, 0.06%, 9, 0, 6, 269.82
1734247388, 5, 50, 59, 40, 0, 0.06%, 9, 0, 6, 250.19
1734247393, 5, 51, 59, 39, 0, 0.06%, 9, 0, 6, 297.21
1734247408, 5, 51, 60, 40, 0, 0.06%, 9, 0, 6, 245.90
1734247455, 5, 51, 61, 41, 0, 0.06%, 9, 0, 6, 248.52
1734247552, 5, 58, 62, 41, 0, 0.06%, 9, 0, 7, 313.27
1734247577, 5, 58, 63, 42, 0, 0.06%, 9, 0, 7, 417.62
1734247639, 5, 58, 64, 43, 0, 0.06%, 9, 0, 7, 245.85
1734247714, 5, 59, 65, 43, 0, 0.06%, 9, 0, 7, 242.18
1734247775, 5, 61, 65, 42, 0, 0.06%, 9, 0, 7, 373.22
1734247908, 5, 62, 65, 41, 0, 0.06%, 9, 0, 7, 325.41
1734248025, 5, 64, 65, 40, 0, 0.06%, 9, 0, 7, 301.13
1734248151, 5, 64, 66, 41, 0, 0.06%, 9, 0, 8, 322.87
1734248232, 6, 11, 66, 40, 0, 0.06%, 9, 0, 8, 280.55
1734248237, 6, 12, 66, 40, 0, 0.06%, 9, 0, 8, 264.69
1734248242, 6, 13, 66, 40, 0, 0.06%, 9, 0, 8, 266.19
1734248252, 6, 14, 66, 40, 0, 0.06%, 9, 0, 8, 230.43
1734248262, 6, 15, 66, 40, 0, 0.06%, 9, 0, 8, 230.96
1734248273, 6, 17, 66, 40, 0, 0.06%, 9, 0, 8, 250.24
1734248288, 6, 19, 66, 40, 0, 0.06%, 9, 0, 8, 279.61
1734248338, 6, 23, 66, 39, 0, 0.06%, 9, 0, 8, 238.28
1734248348, 6, 34, 66, 39, 0, 0.06%, 9, 0, 8, 291.75
1734248410, 6, 35, 66, 38, 0, 0.06%, 9, 0, 8, 282.24
1734248466, 6, 46, 66, 37, 0, 0.06%, 9, 0, 8, 235.13
1734248476, 6, 48, 66, 37, 0, 0.06%, 9, 0, 8, 323.55
1734248532, 6, 51, 66, 36, 0, 0.06%, 9, 0, 8, 256.69
1734248537, 6, 51, 67, 37, 0, 0.06%, 9, 0, 8, 247.07
1734248542, 6, 54, 67, 37, 0, 0.06%, 9, 0, 8, 286.18
1734248598, 6, 57, 67, 36, 0, 0.06%, 9, 0, 8, 321.07
1734248679, 6, 58, 67, 35, 0, 0.06%, 9, 0, 8, 265.81
1734248690, 7, 2, 67, 35, 0, 0.06%, 9, 0, 8, 266.58
1734248695, 7, 10, 67, 35, 0, 0.06%, 9, 0, 8, 245.11
1734248700, 7, 12, 67, 35, 0, 0.06%, 9, 0, 8, 233.58
1734248705, 7, 14, 67, 35, 0, 0.06%, 9, 0, 8, 249.74
1734248715, 7, 15, 67, 35, 0, 0.06%, 9, 0, 8, 249.91
1734248720, 7, 17, 67, 35, 0, 0.06%, 9, 0, 8, 254.74
1734248725, 7, 23, 67, 35, 0, 0.06%, 9, 0, 8, 234.50
1734248730, 7, 25, 68, 36, 0, 0.06%, 9, 0, 8, 222.98
1734249019, 7, 25, 69, 37, 0, 0.06%, 9, 0, 8, 350.95
1734249044, 7, 25, 70, 38, 0, 0.06%, 9, 0, 8, 350.40
1734249116, 7, 27, 70, 37, 0, 0.06%, 9, 0, 8, 350.38
1734249171, 7, 43, 70, 36, 0, 0.06%, 9, 0, 8, 268.36
1734249222, 7, 44, 70, 35, 0, 0.06%, 9, 0, 8, 240.67
1734249263, 7, 44, 71, 36, 0, 0.06%, 9, 0, 8, 420.93
1734249467, 7, 46, 71, 35, 0, 0.06%, 9, 0, 8, 247.47
1734249477, 7, 52, 71, 35, 0, 0.06%, 9, 0, 8, 286.77
1734249528, 7, 55, 71, 34, 0, 0.06%, 9, 0, 8, 406.73
1734249584, 7, 60, 71, 33, 0, 0.06%, 9, 0, 8, 346.91
1734249640, 7, 61, 71, 32, 0, 0.06%, 9, 0, 8, 286.16
1734249655, 7, 65, 71, 32, 0, 0.06%, 9, 0, 8, 372.37
1734249818, 7, 67, 71, 31, 0, 0.06%, 9, 0, 8, 269.33
1734249960, 7, 68, 71, 30, 0, 0.06%, 9, 0, 8, 241.93
1734250330, 8, 11, 71, 29, 0, 0.06%, 9, 0, 8, 254.71
1734250335, 8, 12, 71, 29, 0, 0.06%, 9, 0, 8, 266.37
1734250340, 8, 14, 71, 29, 0, 0.06%, 9, 0, 8, 242.97
1734250345, 8, 15, 71, 29, 0, 0.06%, 9, 0, 8, 246.96
1734250350, 8, 17, 71, 29, 0, 0.06%, 9, 0, 8, 265.02
1734250356, 8, 23, 71, 29, 0, 0.06%, 9, 0, 8, 262.34
1734250361, 8, 28, 71, 29, 0, 0.06%, 9, 0, 8, 258.92
1734250442, 8, 32, 71, 28, 0, 0.06%, 9, 0, 8, 223.08
1734250948, 8, 46, 71, 27, 0, 0.06%, 9, 0, 8, 223.98
1734250953, 8, 53, 71, 27, 0, 0.06%, 9, 0, 8, 343.53
1734251008, 8, 53, 72, 28, 0, 0.06%, 9, 0, 8, 253.66
1734251013, 8, 66, 72, 27, 0, 0.06%, 9, 0, 8, 256.61
1734251556, 8, 71, 73, 27, 0, 0.06%, 9, 0, 8, 315.73
1734251693, 9, 12, 73, 26, 0, 0.06%, 9, 0, 8, 238.86
1734251698, 9, 14, 73, 26, 0, 0.06%, 9, 0, 8, 243.11
1734251708, 9, 15, 73, 26, 0, 0.06%, 9, 0, 8, 262.00
1734251713, 9, 16, 73, 26, 0, 0.06%, 9, 0, 8, 260.34
1734251764, 9, 17, 73, 25, 0, 0.06%, 9, 0, 8, 261.02
1734251769, 9, 23, 73, 25, 0, 0.06%, 9, 0, 8, 254.97
1734251774, 9, 29, 73, 25, 0, 0.06%, 9, 0, 8, 322.08
1734251830, 9, 31, 73, 24, 0, 0.06%, 9, 0, 8, 330.87
1734252039, 9, 31, 74, 25, 0, 0.06%, 9, 0, 8, 345.65
1734252095, 9, 36, 74, 24, 0, 0.06%, 9, 0, 8, 377.32
1734252146, 9, 43, 74, 23, 0, 0.06%, 9, 0, 8, 239.73
1734252156, 9, 46, 74, 23, 0, 0.06%, 9, 0, 8, 253.34
1734252161, 9, 52, 74, 23, 0, 0.06%, 9, 0, 8, 253.67
1734252171, 9, 60, 74, 23, 0, 0.06%, 9, 0, 8, 276.96
1734252181, 9, 61, 74, 23, 0, 0.06%, 9, 0, 8, 260.83
1734252186, 9, 67, 74, 23, 0, 0.06%, 9, 0, 8, 247.78
1734252202, 9, 69, 74, 23, 0, 0.06%, 9, 0, 8, 344.33
1734252308, 10, 5, 74, 22, 0, 0.06%, 9, 0, 8, 286.10
1734252313, 10, 12, 74, 22, 0, 0.06%, 9, 0, 8, 251.90
1734252318, 10, 14, 75, 23, 0, 0.06%, 9, 0, 8, 255.84
1734252323, 10, 15, 75, 23, 0, 0.06%, 9, 0, 8, 269.57
1734252333, 10, 17, 75, 23, 0, 0.06%, 9, 0, 8, 256.06
1734252338, 10, 20, 75, 23, 0, 0.06%, 9, 0, 8, 270.77
1734252389, 10, 21, 75, 22, 0, 0.06%, 9, 0, 8, 293.64
1734252486, 10, 22, 75, 21, 0, 0.06%, 9, 0, 8, 337.73
1734252541, 10, 23, 75, 20, 0, 0.06%, 9, 0, 8, 255.21
1734252546, 10, 38, 75, 20, 0, 0.06%, 9, 0, 8, 257.69
1734252628, 10, 40, 75, 19, 0, 0.06%, 9, 0, 8, 343.59
1734252683, 10, 46, 75, 18, 0, 0.06%, 9, 0, 8, 260.64
1734252688, 11, 11, 75, 18, 0, 0.06%, 9, 0, 8, 258.67
1734252693, 11, 13, 75, 18, 0, 0.06%, 9, 0, 8, 246.29
1734252698, 11, 14, 75, 18, 0, 0.06%, 9, 0, 8, 250.62
1734252703, 11, 15, 75, 18, 0, 0.06%, 9, 0, 8, 249.56
1734252709, 11, 17, 75, 18, 0, 0.06%, 9, 0, 8, 258.38
1734252714, 11, 23, 75, 18, 0, 0.06%, 9, 0, 8, 263.84
1734252719, 11, 26, 75, 18, 0, 0.06%, 9, 0, 8, 297.95
1734252775, 11, 39, 75, 17, 0, 0.06%, 9, 0, 8, 299.75
1734253013, 11, 46, 75, 16, 0, 0.06%, 9, 0, 8, 253.05
1734253019, 11, 49, 75, 16, 0, 0.06%, 9, 0, 8, 357.16
1734253156, 11, 50, 75, 15, 0, 0.06%, 9, 0, 8, 271.98
1734253166, 11, 61, 75, 15, 0, 0.06%, 9, 0, 8, 265.36
1734253171, 11, 63, 75, 15, 0, 0.06%, 9, 0, 8, 271.75
1734253386, 11, 73, 75, 14, 0, 0.06%, 9, 0, 8, 336.39
1734253624, 12, 11, 75, 13, 0, 0.06%, 9, 0, 8, 265.70
1734253629, 12, 13, 75, 13, 0, 0.06%, 9, 0, 8, 250.31
1734253634, 12, 14, 75, 13, 0, 0.06%, 9, 0, 8, 259.96
1734253639, 12, 15, 75, 13, 0, 0.06%, 9, 0, 8, 256.46
1734253644, 12, 17, 75, 13, 0, 0.06%, 9, 0, 8, 249.97
1734253649, 12, 23, 75, 13, 0, 0.06%, 9, 0, 8, 256.69
1734253654, 12, 46, 75, 13, 0, 0.06%, 9, 0, 8, 255.75
1734253660, 12, 47, 75, 13, 0, 0.06%, 9, 0, 8, 260.84
1734253715, 12, 53, 75, 12, 0, 0.06%, 9, 0, 8, 267.79
1734253731, 12, 55, 75, 12, 0, 0.06%, 9, 0, 8, 288.16
1734253741, 12, 70, 75, 12, 0, 0.06%, 9, 0, 8, 362.81
1734253873, 13, 11, 75, 11, 0, 0.06%, 9, 0, 8, 248.72
1734253879, 13, 13, 75, 11, 0, 0.06%, 9, 0, 8, 250.29
1734253884, 13, 14, 75, 11, 0, 0.06%, 9, 0, 8, 240.33
1734253889, 13, 15, 75, 11, 0, 0.06%, 9, 0, 8, 248.78
1734253894, 13, 17, 75, 11, 0, 0.06%, 9, 0, 8, 261.87
1734253899, 13, 22, 75, 11, 0, 0.06%, 9, 0, 8, 266.00
1734253909, 13, 23, 75, 11, 0, 0.06%, 9, 0, 8, 267.54
1734253919, 13, 26, 75, 11, 0, 0.06%, 9, 0, 8, 264.42
1734253929, 13, 30, 75, 11, 0, 0.06%, 9, 0, 8, 263.41
1734253980, 13, 37, 75, 10, 0, 0.06%, 9, 0, 8, 362.81
1734254087, 13, 40, 75, 9, 0, 0.06%, 9, 0, 8, 275.38
1734254097, 13, 45, 75, 9, 0, 0.06%, 9, 0, 8, 325.80
1734254173, 13, 46, 75, 8, 0, 0.06%, 9, 0, 8, 263.09
1734254178, 13, 56, 75, 8, 0, 0.06%, 9, 0, 8, 357.08
1734254326, 13, 65, 75, 7, 0, 0.06%, 9, 0, 8, 308.77
1734254342, 14, 11, 75, 7, 0, 0.06%, 9, 0, 8, 256.14
1734254347, 14, 13, 75, 7, 0, 0.06%, 9, 0, 8, 255.76
1734254352, 14, 14, 75, 7, 0, 0.06%, 9, 0, 8, 254.46
1734254357, 14, 15, 75, 7, 0, 0.06%, 9, 0, 8, 260.52
1734254362, 14, 17, 75, 7, 0, 0.06%, 9, 0, 8, 257.17
1734254367, 14, 23, 75, 7, 0, 0.06%, 9, 0, 8, 251.57
1734254372, 14, 46, 75, 7, 0, 0.06%, 9, 0, 8, 258.94
1734254377, 15, 3, 75, 7, 0, 0.06%, 9, 0, 8, 272.16
1734254382, 15, 12, 75, 7, 0, 0.06%, 9, 0, 8, 253.69
1734254387, 15, 14, 75, 7, 0, 0.06%, 9, 0, 8, 249.11
1734254392, 15, 15, 75, 7, 0, 0.06%, 9, 0, 8, 259.86
1734254397, 15, 17, 75, 7, 0, 0.06%, 9, 0, 8, 264.07
1734254407, 15, 23, 75, 7, 0, 0.06%, 9, 0, 8, 263.32
1734254412, 15, 32, 75, 7, 0, 0.06%, 9, 0, 8, 291.80
1734254423, 15, 42, 75, 7, 0, 0.06%, 9, 0, 8, 370.10
1734254566, 15, 46, 75, 6, 0, 0.06%, 9, 0, 8, 253.06
1734254571, 15, 47, 75, 6, 0, 0.06%, 9, 0, 8, 264.18
1734254581, 15, 67, 75, 6, 0, 0.06%, 9, 0, 8, 278.81
1734254591, 16, 4, 75, 6, 0, 0.06%, 9, 0, 8, 287.78
1734254596, 16, 12, 75, 6, 0, 0.06%, 9, 0, 8, 262.70
1734254601, 16, 14, 75, 6, 0, 0.06%, 9, 0, 8, 255.32
1734254606, 16, 15, 75, 6, 0, 0.06%, 9, 0, 8, 262.56
1734254611, 16, 17, 75, 6, 0, 0.06%, 9, 0, 8, 264.49
1734254621, 16, 23, 75, 6, 0, 0.06%, 9, 0, 8, 271.51
1734254626, 16, 46, 75, 6, 0, 0.06%, 9, 0, 8, 264.84
1734254632, 16, 74, 75, 6, 0, 0.06%, 9, 0, 8, 333.62
1734254642, 16, 74, 76, 7, 0, 0.06%, 9, 0, 8, 428.83
1734254733, 16, 74, 77, 8, 0, 0.06%, 9, 0, 8, 294.42
1734254789, 17, 11, 77, 7, 0, 0.06%, 9, 0, 8, 257.70
1734254794, 17, 13, 77, 7, 0, 0.06%, 9, 0, 8, 255.76
1734254799, 17, 14, 77, 7, 0, 0.06%, 9, 0, 8, 249.01
1734254804, 17, 15, 77, 7, 0, 0.06%, 9, 0, 8, 251.99
1734254809, 17, 17, 77, 7, 0, 0.06%, 9, 0, 8, 266.75
1734254814, 17, 23, 77, 7, 0, 0.06%, 9, 0, 8, 249.88
1734254820, 17, 46, 77, 7, 0, 0.06%, 9, 0, 8, 260.48
1734254825, 17, 53, 77, 7, 0, 0.06%, 9, 0, 8, 272.92
1734254830, 17, 72, 77, 7, 0, 0.06%, 9, 0, 8, 283.09
1734254993, 17, 75, 77, 6, 0, 0.06%, 9, 0, 8, 345.81
1734255126, 18, 11, 77, 5, 0, 0.06%, 9, 0, 8, 254.91
1734255131, 18, 13, 77, 5, 0, 0.06%, 9, 0, 8, 248.63
1734255137, 18, 14, 77, 5, 0, 0.06%, 9, 0, 8, 251.17
1734255142, 18, 15, 77, 5, 0, 0.06%, 9, 0, 8, 252.43
1734255147, 18, 17, 77, 5, 0, 0.06%, 9, 0, 8, 265.56
1734255152, 18, 23, 77, 5, 0, 0.06%, 9, 0, 8, 263.03
1734255157, 18, 24, 77, 5, 0, 0.06%, 9, 0, 8, 290.79
1734255208, 18, 26, 77, 4, 0, 0.06%, 9, 0, 8, 240.53
1734255218, 18, 30, 77, 4, 0, 0.06%, 9, 0, 8, 233.24
1734255229, 18, 33, 77, 4, 0, 0.06%, 9, 0, 8, 326.99
1734255442, 18, 46, 77, 3, 0, 0.06%, 9, 0, 8, 254.76
1734255447, 18, 61, 77, 3, 0, 0.06%, 9, 0, 8, 276.84
1734255452, 19, 11, 77, 3, 0, 0.06%, 9, 0, 8, 259.74
1734255457, 19, 13, 77, 3, 0, 0.06%, 9, 0, 8, 247.07
1734255462, 19, 14, 77, 3, 0, 0.06%, 9, 0, 8, 247.79
1734255467, 19, 15, 77, 3, 0, 0.06%, 9, 0, 8, 258.35
1734255472, 19, 17, 77, 3, 0, 0.06%, 9, 0, 8, 259.88
1734255477, 19, 22, 77, 3, 0, 0.06%, 9, 0, 8, 270.10
1734255482, 19, 23, 77, 3, 0, 0.06%, 9, 0, 8, 258.21
1734255487, 19, 46, 77, 3, 0, 0.06%, 9, 0, 8, 262.47
1734255492, 19, 50, 77, 3, 0, 0.06%, 9, 0, 8, 270.01
1734255497, 20, 11, 77, 3, 0, 0.06%, 9, 0, 8, 283.26
1734255503, 20, 12, 77, 3, 0, 0.06%, 9, 0, 8, 264.52
1734255508, 20, 14, 77, 3, 0, 0.06%, 9, 0, 8, 248.42
1734255513, 20, 15, 77, 3, 0, 0.06%, 9, 0, 8, 250.58
1734255518, 20, 17, 77, 3, 0, 0.06%, 9, 0, 8, 258.53
1734255523, 20, 23, 77, 3, 0, 0.06%, 9, 0, 8, 268.34
1734255528, 20, 46, 77, 3, 0, 0.06%, 9, 0, 8, 260.09
1734255538, 20, 54, 77, 3, 0, 0.06%, 9, 0, 8, 273.68
1734255548, 21, 12, 77, 3, 0, 0.06%, 9, 0, 8, 261.41
1734255553, 21, 13, 77, 3, 0, 0.06%, 9, 0, 8, 270.83
1734255559, 21, 14, 77, 3, 0, 0.06%, 9, 0, 8, 263.49
1734255564, 21, 15, 77, 3, 0, 0.06%, 9, 0, 8, 267.93
1734255569, 21, 17, 77, 3, 0, 0.06%, 9, 0, 8, 264.81
1734255574, 21, 23, 77, 3, 0, 0.06%, 9, 0, 8, 255.68
1734255579, 21, 41, 77, 3, 0, 0.06%, 9, 0, 8, 345.90
1734255635, 21, 46, 77, 2, 0, 0.06%, 9, 0, 8, 272.02
1734255640, 22, 11, 77, 2, 0, 0.06%, 9, 0, 8, 268.05
1734255645, 22, 13, 77, 2, 0, 0.06%, 9, 0, 8, 264.77
1734255650, 22, 14, 77, 2, 0, 0.06%, 9, 0, 8, 259.38
1734255655, 22, 15, 77, 2, 0, 0.06%, 9, 0, 8, 257.16
1734255660, 22, 17, 77, 2, 0, 0.06%, 9, 0, 8, 251.55
1734255665, 22, 18, 77, 2, 0, 0.06%, 9, 0, 8, 264.28
1734255720, 22, 23, 77, 1, 0, 0.06%, 9, 0, 8, 262.69
1734255726, 22, 25, 77, 1, 0, 0.06%, 9, 0, 8, 294.24
1734255736, 22, 34, 77, 1, 0, 0.06%, 9, 0, 8, 260.38
1734255746, 22, 39, 77, 1, 0, 0.06%, 9, 0, 8, 314.80
1734255756, 22, 46, 77, 1, 0, 0.06%, 9, 0, 8, 275.48
1734255761, 22, 50, 77, 1, 0, 0.06%, 9, 0, 8, 281.12
1734255766, 23, 11, 77, 1, 0, 0.06%, 9, 0, 8, 269.10
1734255771, 23, 12, 77, 1, 0, 0.06%, 9, 0, 8, 264.04
1734255776, 23, 14, 77, 1, 0, 0.06%, 9, 0, 8, 241.21
1734255781, 23, 15, 77, 1, 0, 0.06%, 9, 0, 8, 254.93
1734255787, 23, 17, 77, 1, 0, 0.06%, 9, 0, 8, 261.58
1734255792, 23, 20, 77, 1, 0, 0.06%, 9, 0, 8, 270.66
1734255807, 23, 22, 77, 1, 0, 0.06%, 9, 0, 8, 283.44
1734255812, 23, 23, 77, 1, 0, 0.06%, 9, 0, 8, 280.77
1734255817, 23, 32, 77, 1, 0, 0.06%, 9, 0, 8, 273.04
1734255822, 23, 34, 77, 1, 0, 0.06%, 9, 0, 8, 275.05
1734255827, 23, 35, 77, 1, 0, 0.06%, 9, 0, 8, 259.07
1734255837, 23, 40, 77, 1, 0, 0.06%, 9, 0, 8, 265.67
1734255842, 23, 46, 77, 1, 0, 0.06%, 9, 0, 8, 262.43
1734255847, 23, 51, 77, 1, 0, 0.06%, 9, 0, 8, 272.40
1734255852, 23, 62, 77, 1, 0, 0.06%, 9, 0, 8, 281.13
1734255862, 24, 10, 77, 1, 0, 0.06%, 9, 0, 8, 272.10
1734255867, 24, 12, 77, 1, 0, 0.06%, 9, 0, 8, 256.35
1734255872, 24, 13, 77, 1, 0, 0.06%, 9, 0, 8, 259.42
1734255878, 24, 14, 77, 1, 0, 0.06%, 9, 0, 8, 264.57
1734255883, 24, 15, 77, 1, 0, 0.06%, 9, 0, 8, 259.06
1734255888, 24, 17, 77, 1, 0, 0.06%, 9, 0, 8, 267.66
1734255893, 24, 23, 77, 1, 0, 0.06%, 9, 0, 8, 257.42
1734255898, 24, 27, 77, 1, 0, 0.06%, 9, 0, 8, 271.91
1734255908, 24, 28, 77, 1, 0, 0.06%, 9, 0, 8, 286.75
1734255918, 24, 46, 77, 1, 0, 0.06%, 9, 0, 8, 258.30
1734255923, 24, 72, 77, 1, 0, 0.06%, 9, 0, 8, 283.60
1734255953, 24, 75, 77, 1, 0, 0.06%, 9, 0, 8, 287.92
1734255973, 25, 11, 77, 1, 0, 0.06%, 9, 0, 8, 267.17
1734255979, 25, 13, 77, 1, 0, 0.06%, 9, 0, 8, 263.08
1734255984, 25, 14, 77, 1, 0, 0.06%, 9, 0, 8, 266.43
1734255989, 25, 15, 77, 1, 0, 0.06%, 9, 0, 8, 262.11
1734255994, 25, 17, 77, 1, 0, 0.06%, 9, 0, 8, 271.66
1734255999, 25, 23, 77, 1, 0, 0.06%, 9, 0, 8, 266.94
1734256004, 25, 24, 77, 1, 0, 0.06%, 9, 0, 8, 253.96
1734256014, 25, 46, 77, 1, 0, 0.06%, 9, 0, 8, 259.31
1734256019, 25, 54, 77, 1, 0, 0.06%, 9, 0, 8, 269.17
1734256024, 25, 64, 77, 1, 0, 0.06%, 9, 0, 8, 294.01
1734256034, 25, 67, 77, 1, 0, 0.06%, 9, 0, 8, 284.27
1734256045, 26, 11, 77, 1, 0, 0.06%, 9, 0, 8, 267.27
1734256050, 26, 13, 77, 1, 0, 0.06%, 9, 0, 8, 259.95
1734256055, 26, 14, 77, 1, 0, 0.06%, 9, 0, 8, 252.21
1734256060, 26, 15, 77, 1, 0, 0.06%, 9, 0, 8, 251.66
1734256065, 26, 17, 77, 1, 0, 0.06%, 9, 0, 8, 257.23
1734256070, 26, 18, 77, 1, 0, 0.06%, 9, 0, 8, 265.72
1734256080, 26, 20, 77, 1, 0, 0.06%, 9, 0, 8, 260.77
1734256085, 26, 23, 77, 1, 0, 0.06%, 9, 0, 8, 268.99
1734256095, 26, 30, 77, 1, 0, 0.06%, 9, 0, 8, 268.59
1734256100, 26, 37, 77, 1, 0, 0.06%, 9, 0, 8, 303.89
1734256110, 26, 41, 77, 1, 0, 0.06%, 9, 0, 8, 269.19
1734256121, 26, 46, 77, 1, 0, 0.06%, 9, 0, 8, 256.39
1734256126, 27, 10, 77, 1, 0, 0.06%, 9, 0, 8, 267.75
1734256131, 27, 12, 77, 1, 0, 0.06%, 9, 0, 8, 259.30
1734256136, 27, 14, 77, 1, 0, 0.06%, 9, 0, 8, 256.09
1734256141, 27, 15, 77, 1, 0, 0.06%, 9, 0, 8, 250.02
1734256146, 27, 17, 77, 1, 0, 0.06%, 9, 0, 8, 257.07
1734256151, 27, 23, 77, 1, 0, 0.06%, 9, 0, 8, 272.52
1734256161, 27, 46, 77, 1, 0, 0.06%, 9, 0, 8, 256.57
1734256166, 27, 53, 77, 1, 0, 0.06%, 9, 0, 8, 256.96
1734256171, 27, 64, 77, 1, 0, 0.06%, 9, 0, 8, 288.05
1734256176, 28, 11, 77, 1, 0, 0.06%, 9, 0, 8, 275.30
1734256181, 28, 12, 77, 1, 0, 0.06%, 9, 0, 8, 264.17
1734256186, 28, 14, 77, 1, 0, 0.06%, 9, 0, 8, 252.62
1734256191, 28, 15, 77, 1, 0, 0.06%, 9, 0, 8, 253.53
1734256196, 28, 17, 77, 1, 0, 0.06%, 9, 0, 8, 254.71
1734256202, 28, 23, 77, 1, 0, 0.06%, 9, 0, 8, 265.27
1734256212, 28, 28, 77, 1, 0, 0.06%, 9, 0, 8, 264.12
1734256217, 28, 31, 77, 1, 0, 0.06%, 9, 0, 8, 298.79
1734256227, 28, 36, 77, 1, 0, 0.06%, 9, 0, 8, 272.12
1734256237, 28, 46, 77, 1, 0, 0.06%, 9, 0, 8, 258.63
1734256242, 28, 73, 77, 1, 0, 0.06%, 9, 0, 8, 321.16
1734256263, 28, 76, 77, 1, 0, 0.06%, 9, 0, 8, 379.69
1734256273, 28, 76, 78, 2, 0, 0.06%, 9, 0, 8, 440.05
1734256405, 29, 12, 78, 1, 0, 0.06%, 9, 0, 8, 254.67
1734256410, 29, 14, 78, 1, 0, 0.06%, 9, 0, 8, 254.34
1734256420, 29, 15, 78, 1, 0, 0.06%, 9, 0, 8, 273.17
1734256425, 29, 17, 78, 1, 0, 0.06%, 9, 0, 8, 276.62
1734256430, 29, 23, 78, 1, 0, 0.06%, 9, 0, 8, 263.31
1734256436, 29, 46, 78, 1, 0, 0.06%, 9, 0, 8, 264.16
1734256441, 29, 56, 78, 1, 0, 0.06%, 9, 0, 8, 292.12
1734256451, 29, 71, 78, 1, 0, 0.06%, 9, 0, 8, 279.75
1734256471, 30, 11, 78, 1, 0, 0.06%, 9, 0, 8, 268.87
1734256476, 30, 13, 78, 1, 0, 0.06%, 9, 0, 8, 253.32
1734256482, 30, 14, 78, 1, 0, 0.06%, 9, 0, 8, 247.91
1734256487, 30, 15, 78, 1, 0, 0.06%, 9, 0, 8, 258.18
1734256492, 30, 17, 78, 1, 0, 0.06%, 9, 0, 8, 278.82
1734256497, 30, 19, 78, 1, 0, 0.06%, 9, 0, 8, 272.89
1734256507, 30, 23, 78, 1, 0, 0.06%, 9, 0, 8, 251.62
1734256512, 30, 46, 78, 1, 0, 0.06%, 9, 0, 8, 257.38
1734256517, 30, 70, 78, 1, 0, 0.06%, 9, 0, 8, 275.59
1734256527, 31, 11, 78, 1, 0, 0.06%, 9, 0, 8, 268.64
1734256532, 31, 13, 78, 1, 0, 0.06%, 9, 0, 8, 263.39
1734256537, 31, 14, 78, 1, 0, 0.06%, 9, 0, 8, 252.98
1734256542, 31, 15, 78, 1, 0, 0.06%, 9, 0, 8, 250.64
1734256548, 31, 17, 78, 1, 0, 0.06%, 9, 0, 8, 275.98
1734256553, 31, 23, 78, 1, 0, 0.06%, 9, 0, 8, 249.83
1734256558, 31, 46, 78, 1, 0, 0.06%, 9, 0, 8, 251.12
1734256563, 31, 53, 78, 1, 0, 0.06%, 9, 0, 8, 256.40
1734256573, 31, 63, 78, 1, 0, 0.06%, 9, 0, 8, 282.17
1734256583, 32, 12, 78, 1, 0, 0.06%, 9, 0, 8, 253.93
1734256588, 32, 14, 78, 1, 0, 0.06%, 9, 0, 8, 243.35
1734256593, 32, 15, 78, 1, 0, 0.06%, 9, 0, 8, 262.35
1734256598, 32, 17, 78, 1, 0, 0.06%, 9, 0, 8, 258.61
1734256603, 32, 23, 78, 1, 0, 0.06%, 9, 0, 8, 254.07
1734256613, 32, 44, 78, 1, 0, 0.06%, 9, 0, 8, 282.29
1734256623, 32, 46, 78, 1, 0, 0.06%, 9, 0, 8, 279.85
1734256634, 33, 12, 78, 1, 0, 0.06%, 9, 0, 8, 255.76
1734256639, 33, 14, 78, 1, 0, 0.06%, 9, 0, 8, 250.80
1734256644, 33, 15, 78, 1, 0, 0.06%, 9, 0, 8, 257.34
1734256649, 33, 17, 78, 1, 0, 0.06%, 9, 0, 8, 270.39
1734256654, 33, 23, 78, 1, 0, 0.06%, 9, 0, 8, 252.49
1734256664, 33, 46, 78, 1, 0, 0.06%, 9, 0, 8, 270.27
1734256669, 33, 47, 78, 1, 0, 0.06%, 9, 0, 8, 266.68
1734256674, 33, 56, 78, 1, 0, 0.06%, 9, 0, 8, 277.07
1734256680, 33, 70, 78, 1, 0, 0.06%, 9, 0, 8, 276.12
1734256690, 34, 12, 78, 1, 0, 0.06%, 9, 0, 8, 268.77
1734256695, 34, 13, 78, 1, 0, 0.06%, 9, 0, 8, 265.83
1734256700, 34, 14, 78, 1, 0, 0.06%, 9, 0, 8, 263.56
1734256705, 34, 15, 78, 1, 0, 0.06%, 9, 0, 8, 275.61
1734256710, 34, 17, 78, 1, 0, 0.06%, 9, 0, 8, 259.03
1734256715, 34, 23, 78, 1, 0, 0.06%, 9, 0, 8, 265.63
1734256720, 34, 33, 78, 1, 0, 0.06%, 9, 0, 8, 320.91
1734256730, 34, 35, 78, 1, 0, 0.06%, 9, 0, 8, 264.25
1734256735, 34, 46, 78, 1, 0, 0.06%, 9, 0, 8, 262.89
1734256740, 34, 71, 78, 1, 0, 0.06%, 9, 0, 8, 284.55
1734256745, 34, 73, 78, 1, 0, 0.06%, 9, 0, 8, 312.20
1734256756, 34, 77, 78, 1, 0, 0.06%, 9, 0, 8, 370.21
1734256898, 35, 7, 78, 0, 0, 0.06%, 9, 0, 8, 285.94
1734256903, 35, 12, 78, 0, 0, 0.06%, 9, 0, 8, 255.75
1734256908, 35, 14, 78, 0, 0, 0.06%, 9, 0, 8, 253.21
1734256913, 35, 15, 78, 0, 0, 0.06%, 9, 0, 8, 267.39
1734256923, 35, 17, 78, 0, 0, 0.06%, 9, 0, 8, 278.42
1734256928, 35, 20, 78, 0, 0, 0.06%, 9, 0, 8, 253.69
1734256933, 35, 23, 78, 0, 0, 0.06%, 9, 0, 8, 247.37
1734256938, 35, 26, 78, 0, 0, 0.06%, 9, 0, 8, 268.12
1734256943, 35, 34, 78, 0, 0, 0.06%, 9, 0, 8, 263.59
1734256948, 35, 35, 78, 0, 0, 0.06%, 9, 0, 8, 272.56
1734256953, 35, 39, 78, 0, 0, 0.06%, 9, 0, 8, 292.46
1734256959, 35, 46, 78, 0, 0, 0.06%, 9, 0, 8, 263.74
1734256964, 35, 48, 78, 0, 0, 0.06%, 9, 0, 8, 269.62
1734256974, 35, 65, 78, 0, 0, 0.06%, 9, 0, 8, 294.62
1734256984, 35, 68, 78, 0, 0, 0.06%, 9, 0, 8, 309.22
1734256994, 36, 12, 78, 0, 0, 0.06%, 9, 0, 8, 258.28
1734256999, 36, 14, 78, 0, 0, 0.06%, 9, 0, 8, 254.76
1734257004, 36, 15, 78, 0, 0, 0.06%, 9, 0, 8, 265.34
1734257015, 36, 17, 78, 0, 0, 0.06%, 9, 0, 8, 279.72
1734257020, 36, 23, 78, 0, 0, 0.06%, 9, 0, 8, 268.81
1734257025, 36, 26, 78, 0, 0, 0.06%, 9, 0, 8, 268.51
1734257030, 36, 37, 78, 0, 0, 0.06%, 9, 0, 8, 284.75
1734257035, 36, 46, 78, 0, 0, 0.06%, 9, 0, 8, 267.08
1734257040, 36, 49, 78, 0, 0, 0.06%, 9, 0, 8, 270.70
1734257050, 36, 58, 78, 0, 0, 0.06%, 9, 0, 8, 257.70
1734257055, 36, 64, 78, 0, 0, 0.06%, 9, 0, 8, 287.52
1734257060, 36, 69, 78, 0, 0, 0.06%, 9, 0, 8, 285.18
1734257070, 36, 72, 78, 0, 0, 0.06%, 9, 0, 8, 281.47
1734257080, 37, 12, 78, 0, 0, 0.06%, 9, 0, 8, 261.89
1734257085, 37, 14, 78, 0, 0, 0.06%, 9, 0, 8, 262.21
1734257090, 37, 15, 78, 0, 0, 0.06%, 9, 0, 8, 268.14
1734257100, 37, 17, 78, 0, 0, 0.06%, 9, 0, 8, 262.73
1734257105, 37, 23, 78, 0, 0, 0.06%, 9, 0, 8, 265.14
1734257111, 37, 37, 78, 0, 0, 0.06%, 9, 0, 8, 286.19
1734257116, 37, 46, 78, 0, 0, 0.06%, 9, 0, 8, 253.37
1734257121, 37, 71, 78, 0, 0, 0.06%, 9, 0, 8, 273.70
1734257126, 37, 72, 78, 0, 0, 0.06%, 9, 0, 8, 286.94
1734257136, 38, 12, 78, 0, 0, 0.06%, 9, 0, 8, 253.26
1734257141, 38, 14, 78, 0, 0, 0.06%, 9, 0, 8, 253.47
1734257146, 38, 15, 78, 0, 0, 0.06%, 9, 0, 8, 245.33
1734257151, 38, 17, 78, 0, 0, 0.06%, 9, 0, 8, 258.92
1734257161, 38, 23, 78, 0, 0, 0.06%, 9, 0, 8, 262.01
1734257166, 38, 46, 78, 0, 0, 0.06%, 9, 0, 8, 269.37
1734257171, 39, 12, 78, 0, 0, 0.06%, 9, 0, 8, 281.24
1734257176, 39, 13, 78, 0, 0, 0.06%, 9, 0, 8, 262.92
1734257181, 39, 14, 78, 0, 0, 0.06%, 9, 0, 8, 245.68
1734257186, 39, 15, 78, 0, 0, 0.06%, 9, 0, 8, 266.98
1734257191, 39, 17, 78, 0, 0, 0.06%, 9, 0, 8, 284.00
1734257196, 39, 23, 78, 0, 0, 0.06%, 9, 0, 8, 282.00
1734257201, 39, 27, 78, 0, 0, 0.06%, 9, 0, 8, 273.24
1734257206, 39, 31, 78, 0, 0, 0.06%, 9, 0, 8, 299.77
1734257211, 39, 46, 78, 0, 0, 0.06%, 9, 0, 8, 278.37
1734257217, 40, 11, 78, 0, 0, 0.06%, 9, 0, 8, 261.40
1734257222, 40, 13, 78, 0, 0, 0.06%, 9, 0, 8, 253.73
1734257227, 40, 14, 78, 0, 0, 0.06%, 9, 0, 8, 234.61
1734257232, 40, 15, 78, 0, 0, 0.06%, 9, 0, 8, 250.51
1734257237, 40, 17, 78, 0, 0, 0.06%, 9, 0, 8, 257.38
1734257242, 40, 20, 78, 0, 0, 0.06%, 9, 0, 8, 253.85
1734257247, 40, 22, 78, 0, 0, 0.06%, 9, 0, 8, 262.50
1734257252, 40, 23, 78, 0, 0, 0.06%, 9, 0, 8, 274.67
1734257262, 40, 32, 78, 0, 0, 0.06%, 9, 0, 8, 271.15
1734257267, 40, 41, 78, 0, 0, 0.06%, 9, 0, 8, 267.91
1734257272, 40, 46, 78, 0, 0, 0.06%, 9, 0, 8, 267.81
1734257277, 40, 53, 78, 0, 0, 0.06%, 9, 0, 8, 256.84
1734257282, 40, 67, 78, 0, 0, 0.06%, 9, 0, 8, 283.40
1734257287, 41, 11, 78, 0, 0, 0.06%, 9, 0, 8, 272.88
1734257292, 41, 13, 78, 0, 0, 0.06%, 9, 0, 8, 259.40
1734257298, 41, 14, 78, 0, 0, 0.06%, 9, 0, 8, 263.56
1734257303, 41, 15, 78, 0, 0, 0.06%, 9, 0, 8, 268.66
1734257308, 41, 17, 78, 0, 0, 0.06%, 9, 0, 8, 250.00
1734257313, 41, 23, 78, 0, 0, 0.06%, 9, 0, 8, 270.48
1734257318, 41, 28, 78, 0, 0, 0.06%, 9, 0, 8, 279.49
1734257323, 41, 29, 78, 0, 0, 0.06%, 9, 0, 8, 299.73
1734257333, 41, 46, 78, 0, 0, 0.06%, 9, 0, 8, 249.89
1734257338, 41, 47, 78, 0, 0, 0.06%, 9, 0, 8, 256.97
1734257343, 41, 54, 78, 0, 0, 0.06%, 9, 0, 8, 260.70
1734257348, 42, 11, 78, 0, 0, 0.06%, 9, 0, 8, 254.88
1734257354, 42, 13, 78, 0, 0, 0.06%, 9, 0, 8, 266.10
1734257359, 42, 14, 78, 0, 0, 0.06%, 9, 0, 8, 239.29
1734257364, 42, 15, 78, 0, 0, 0.06%, 9, 0, 8, 250.88
1734257369, 42, 17, 78, 0, 0, 0.06%, 9, 0, 8, 264.87
1734257374, 42, 23, 78, 0, 0, 0.06%, 9, 0, 8, 256.23
1734257379, 42, 32, 78, 0, 0, 0.06%, 9, 0, 8, 278.93
1734257384, 42, 42, 78, 0, 0, 0.06%, 9, 0, 8, 269.80
1734257399, 42, 46, 78, 0, 0, 0.06%, 9, 0, 8, 259.62
1734257404, 42, 66, 78, 0, 0, 0.06%, 9, 0, 8, 300.09
1734257414, 42, 72, 78, 0, 0, 0.06%, 9, 0, 8, 285.03
1734257419, 43, 11, 78, 0, 0, 0.06%, 9, 0, 8, 276.66
1734257424, 43, 13, 78, 0, 0, 0.06%, 9, 0, 8, 264.39
1734257429, 43, 14, 78, 0, 0, 0.06%, 9, 0, 8, 251.62
1734257435, 43, 15, 78, 0, 0, 0.06%, 9, 0, 8, 242.86
1734257440, 43, 17, 78, 0, 0, 0.06%, 9, 0, 8, 250.36
1734257445, 43, 23, 78, 0, 0, 0.06%, 9, 0, 8, 257.52
1734257455, 43, 34, 78, 0, 0, 0.06%, 9, 0, 8, 263.39
1734257460, 43, 40, 78, 0, 0, 0.06%, 9, 0, 8, 275.39
1734257465, 43, 46, 78, 0, 0, 0.06%, 9, 0, 8, 275.54
1734257470, 43, 63, 78, 0, 0, 0.06%, 9, 0, 8, 274.44
1734257475, 44, 12, 78, 0, 0, 0.06%, 9, 0, 8, 257.73
1734257480, 44, 14, 78, 0, 0, 0.06%, 9, 0, 8, 255.15
1734257485, 44, 15, 78, 0, 0, 0.06%, 9, 0, 8, 251.83
1734257490, 44, 17, 78, 0, 0, 0.06%, 9, 0, 8, 271.54
1734257495, 44, 23, 78, 0, 0, 0.06%, 9, 0, 8, 275.05
1734257505, 44, 46, 78, 0, 0, 0.06%, 9, 0, 8, 259.83
1734257511, 44, 63, 78, 0, 0, 0.06%, 9, 0, 8, 276.83
1734257516, 45, 11, 78, 0, 0, 0.06%, 9, 0, 8, 252.06
1734257521, 45, 13, 78, 0, 0, 0.06%, 9, 0, 8, 250.99
1734257526, 45, 14, 78, 0, 0, 0.06%, 9, 0, 8, 262.24
1734257531, 45, 15, 78, 0, 0, 0.06%, 9, 0, 8, 277.12
1734257536, 45, 17, 78, 0, 0, 0.06%, 9, 0, 8, 270.23
1734257541, 45, 23, 78, 0, 0, 0.06%, 9, 0, 8, 257.38
1734257546, 45, 26, 78, 0, 0, 0.06%, 9, 0, 8, 273.89
1734257551, 45, 46, 78, 0, 0, 0.06%, 9, 0, 8, 263.80
1734257556, 45, 75, 78, 0, 0, 0.06%, 9, 0, 8, 283.43
1734257577, 46, 11, 78, 0, 0, 0.06%, 9, 0, 8, 269.37
1734257582, 46, 13, 78, 0, 0, 0.06%, 9, 0, 8, 253.20
1734257587, 46, 14, 78, 0, 0, 0.06%, 9, 0, 8, 256.09
1734257592, 46, 15, 78, 0, 0, 0.06%, 9, 0, 8, 256.18
1734257597, 46, 17, 78, 0, 0, 0.06%, 9, 0, 8, 267.11
1734257602, 46, 23, 78, 0, 0, 0.06%, 9, 0, 8, 258.93
1734257607, 46, 26, 78, 0, 0, 0.06%, 9, 0, 8, 271.68
1734257613, 46, 31, 78, 0, 0, 0.06%, 9, 0, 8, 299.69
1734257618, 46, 38, 78, 0, 0, 0.06%, 9, 0, 8, 296.68
1734257628, 46, 41, 78, 0, 0, 0.06%, 9, 0, 8, 263.76
1734257633, 46, 44, 78, 0, 0, 0.06%, 9, 0, 8, 291.46
1734257638, 46, 46, 78, 0, 0, 0.06%, 9, 0, 8, 266.19
1734257643, 46, 50, 78, 0, 0, 0.06%, 9, 0, 8, 276.38
1734257648, 46, 62, 78, 0, 0, 0.06%, 9, 0, 8, 267.33
1734257653, 47, 7, 78, 0, 0, 0.06%, 9, 0, 8, 267.51
1734257658, 47, 12, 78, 0, 0, 0.06%, 9, 0, 8, 253.10
1734257663, 47, 14, 78, 0, 0, 0.06%, 9, 0, 8, 245.09
1734257668, 47, 15, 78, 0, 0, 0.06%, 9, 0, 8, 265.68
1734257678, 47, 17, 78, 0, 0, 0.06%, 9, 0, 8, 266.67
1734257683, 47, 23, 78, 0, 0, 0.06%, 9, 0, 8, 273.20
1734257688, 47, 25, 78, 0, 0, 0.06%, 9, 0, 8, 289.25
1734257693, 47, 26, 78, 0, 0, 0.06%, 9, 0, 8, 279.65
1734257699, 47, 31, 78, 0, 0, 0.06%, 9, 0, 8, 284.18
1734257704, 47, 46, 78, 0, 0, 0.06%, 9, 0, 8, 273.84
1734257709, 47, 47, 78, 0, 0, 0.06%, 9, 0, 8, 280.34
1734257714, 47, 52, 78, 0, 0, 0.06%, 9, 0, 8, 272.58
1734257719, 47, 54, 78, 0, 0, 0.06%, 9, 0, 8, 262.30
1734257724, 47, 59, 78, 0, 0, 0.06%, 9, 0, 8, 268.62
1734257734, 47, 75, 78, 0, 0, 0.06%, 9, 0, 8, 292.04
1734257754, 48, 11, 78, 0, 0, 0.06%, 9, 0, 8, 258.73
1734257759, 48, 13, 78, 0, 0, 0.06%, 9, 0, 8, 266.04
1734257764, 48, 14, 78, 0, 0, 0.06%, 9, 0, 8, 251.33
1734257770, 48, 15, 78, 0, 0, 0.06%, 9, 0, 8, 246.72
1734257775, 48, 17, 78, 0, 0, 0.06%, 9, 0, 8, 265.89
1734257780, 48, 19, 78, 0, 0, 0.06%, 9, 0, 8, 263.99
1734257785, 48, 23, 78, 0, 0, 0.06%, 9, 0, 8, 263.22
1734257795, 48, 39, 78, 0, 0, 0.06%, 9, 0, 8, 273.79
1734257800, 48, 46, 78, 0, 0, 0.06%, 9, 0, 8, 270.73
1734257805, 48, 61, 78, 0, 0, 0.06%, 9, 0, 8, 275.44
1734257810, 49, 11, 78, 0, 0, 0.06%, 9, 0, 8, 263.65
1734257815, 49, 13, 78, 0, 0, 0.06%, 9, 0, 8, 259.15
1734257820, 49, 14, 78, 0, 0, 0.06%, 9, 0, 8, 264.32
1734257825, 49, 15, 78, 0, 0, 0.06%, 9, 0, 8, 274.21
1734257830, 49, 17, 78, 0, 0, 0.06%, 9, 0, 8, 251.68
1734257836, 49, 23, 78, 0, 0, 0.06%, 9, 0, 8, 252.96
1734257841, 49, 37, 78, 0, 0, 0.06%, 9, 0, 8, 286.32
1734257846, 49, 41, 78, 0, 0, 0.06%, 9, 0, 8, 277.44
1734257851, 49, 46, 78, 0, 0, 0.06%, 9, 0, 8, 250.87
1734257856, 49, 50, 78, 0, 0, 0.06%, 9, 0, 8, 272.06
1734257861, 50, 11, 78, 0, 0, 0.06%, 9, 0, 8, 269.49
1734257866, 50, 13, 78, 0, 0, 0.06%, 9, 0, 8, 266.20
1734257871, 50, 14, 78, 0, 0, 0.06%, 9, 0, 8, 249.77
1734257876, 50, 15, 78, 0, 0, 0.06%, 9, 0, 8, 252.66
1734257881, 50, 17, 78, 0, 0, 0.06%, 9, 0, 8, 257.62
1734257886, 50, 23, 78, 0, 0, 0.06%, 9, 0, 8, 257.85
1734257891, 50, 28, 78, 0, 0, 0.06%, 9, 0, 8, 278.08
1734257901, 50, 36, 78, 0, 0, 0.06%, 9, 0, 8, 254.14
1734257906, 50, 38, 78, 0, 0, 0.06%, 9, 0, 8, 267.58
1734257911, 50, 46, 78, 0, 0, 0.06%, 9, 0, 8, 262.24
1734257916, 50, 58, 78, 0, 0, 0.06%, 9, 0, 8, 278.49
1734257921, 51, 12, 78, 0, 0, 0.06%, 9, 0, 8, 253.36
1734257926, 51, 14, 78, 0, 0, 0.06%, 9, 0, 8, 258.57
1734257937, 51, 15, 78, 0, 0, 0.06%, 9, 0, 8, 265.44
1734257942, 51, 17, 78, 0, 0, 0.06%, 9, 0, 8, 273.33
1734257947, 51, 23, 78, 0, 0, 0.06%, 9, 0, 8, 270.89
1734257952, 51, 36, 78, 0, 0, 0.06%, 9, 0, 8, 276.71
1734257957, 51, 37, 78, 0, 0, 0.06%, 9, 0, 8, 286.70
1734257962, 51, 46, 78, 0, 0, 0.06%, 9, 0, 8, 274.44
1734257967, 51, 50, 78, 0, 0, 0.06%, 9, 0, 8, 268.91
1734257972, 52, 11, 78, 0, 0, 0.06%, 9, 0, 8, 262.35
1734257977, 52, 13, 78, 0, 0, 0.06%, 9, 0, 8, 255.03
1734257982, 52, 14, 78, 0, 0, 0.06%, 9, 0, 8, 238.41
1734257987, 52, 15, 78, 0, 0, 0.06%, 9, 0, 8, 241.07
1734257993, 52, 17, 78, 0, 0, 0.06%, 9, 0, 8, 260.26
1734257998, 52, 23, 78, 0, 0, 0.06%, 9, 0, 8, 271.95
1734258003, 52, 41, 78, 0, 0, 0.06%, 9, 0, 8, 262.72
1734258008, 52, 46, 78, 0, 0, 0.06%, 9, 0, 8, 253.68
1734258013, 53, 11, 78, 0, 0, 0.06%, 9, 0, 8, 267.85
1734258018, 53, 13, 78, 0, 0, 0.06%, 9, 0, 8, 255.48
1734258023, 53, 14, 78, 0, 0, 0.06%, 9, 0, 8, 253.07
1734258028, 53, 15, 78, 0, 0, 0.06%, 9, 0, 8, 269.37
1734258033, 53, 17, 78, 0, 0, 0.06%, 9, 0, 8, 265.30
1734258038, 53, 23, 78, 0, 0, 0.06%, 9, 0, 8, 265.91
1734258043, 53, 46, 78, 0, 0, 0.06%, 9, 0, 8, 262.77
1734258048, 53, 70, 78, 0, 0, 0.06%, 9, 0, 8, 278.37
1734258058, 54, 11, 78, 0, 0, 0.06%, 9, 0, 8, 258.09
1734258064, 54, 13, 78, 0, 0, 0.06%, 9, 0, 8, 252.09
1734258069, 54, 14, 78, 0, 0, 0.06%, 9, 0, 8, 251.64
1734258074, 54, 15, 78, 0, 0, 0.06%, 9, 0, 8, 256.29
1734258079, 54, 17, 78, 0, 0, 0.06%, 9, 0, 8, 259.31
1734258084, 54, 23, 78, 0, 0, 0.06%, 9, 0, 8, 249.51
1734258089, 54, 46, 78, 0, 0, 0.06%, 9, 0, 8, 260.25
1734258094, 55, 7, 78, 0, 0, 0.06%, 9, 0, 8, 261.87
1734258099, 55, 12, 78, 0, 0, 0.06%, 9, 0, 8, 247.53
1734258104, 55, 14, 78, 0, 0, 0.06%, 9, 0, 8, 253.51
1734258109, 55, 15, 78, 0, 0, 0.06%, 9, 0, 8, 271.98
1734258119, 55, 17, 78, 0, 0, 0.06%, 9, 0, 8, 274.59
1734258124, 55, 22, 78, 0, 0, 0.06%, 9, 0, 8, 270.29
1734258129, 55, 23, 78, 0, 0, 0.06%, 9, 0, 8, 246.76
1734258134, 55, 37, 78, 0, 0, 0.06%, 9, 0, 8, 272.52
1734258140, 55, 46, 78, 0, 0, 0.06%, 9, 0, 8, 264.22
1734258145, 55, 57, 78, 0, 0, 0.06%, 9, 0, 8, 291.77
1734258155, 55, 72, 78, 0, 0, 0.06%, 9, 0, 8, 282.44
1734258160, 56, 11, 78, 0, 0, 0.06%, 9, 0, 8, 277.33
1734258165, 56, 12, 78, 0, 0, 0.06%, 9, 0, 8, 260.61
1734258170, 56, 14, 78, 0, 0, 0.06%, 9, 0, 8, 244.34
1734258175, 56, 15, 78, 0, 0, 0.06%, 9, 0, 8, 260.18
1734258180, 56, 17, 78, 0, 0, 0.06%, 9, 0, 8, 261.77
1734258185, 56, 23, 78, 0, 0, 0.06%, 9, 0, 8, 259.62
1734258190, 56, 26, 78, 0, 0, 0.06%, 9, 0, 8, 261.67
1734258200, 56, 39, 78, 0, 0, 0.06%, 9, 0, 8, 279.89
1734258206, 56, 46, 78, 0, 0, 0.06%, 9, 0, 8, 278.79
1734258211, 56, 73, 78, 0, 0, 0.06%, 9, 0, 8, 290.27
1734258216, 57, 12, 78, 0, 0, 0.06%, 9, 0, 8, 266.82
1734258221, 57, 14, 78, 0, 0, 0.06%, 9, 0, 8, 255.45
1734258226, 57, 15, 78, 0, 0, 0.06%, 9, 0, 8, 253.06
1734258236, 57, 17, 78, 0, 0, 0.06%, 9, 0, 8, 255.41
1734258241, 57, 23, 78, 0, 0, 0.06%, 9, 0, 8, 259.43
1734258246, 57, 27, 78, 0, 0, 0.06%, 9, 0, 8, 251.53
1734258251, 57, 30, 78, 0, 0, 0.06%, 9, 0, 8, 258.14
1734258256, 57, 46, 78, 0, 0, 0.06%, 9, 0, 8, 246.40
1734258261, 58, 1, 78, 0, 0, 0.06%, 9, 0, 8, 256.46
1734258267, 58, 12, 78, 0, 0, 0.06%, 9, 0, 8, 252.19
1734258272, 58, 14, 78, 0, 0, 0.06%, 9, 0, 8, 245.78
1734258277, 58, 15, 78, 0, 0, 0.06%, 9, 0, 8, 259.45
1734258282, 58, 17, 78, 0, 0, 0.06%, 9, 0, 8, 273.11
1734258287, 58, 18, 78, 0, 0, 0.06%, 9, 0, 8, 268.65
1734258297, 58, 23, 78, 0, 0, 0.06%, 9, 0, 8, 267.55
1734258302, 58, 27, 78, 0, 0, 0.06%, 9, 0, 8, 265.88
1734258307, 58, 45, 78, 0, 0, 0.06%, 9, 0, 8, 312.38
1734258317, 58, 46, 78, 0, 0, 0.06%, 9, 0, 8, 271.47
1734258322, 58, 50, 78, 0, 0, 0.06%, 9, 0, 8, 262.31
1734258328, 59, 12, 78, 0, 0, 0.06%, 9, 0, 8, 257.40
1734258333, 59, 14, 78, 0, 0, 0.06%, 9, 0, 8, 257.94
1734258343, 59, 15, 78, 0, 0, 0.06%, 9, 0, 8, 284.61
1734258348, 59, 16, 78, 0, 0, 0.06%, 9, 0, 8, 268.39
1734258358, 59, 17, 78, 0, 0, 0.06%, 9, 0, 8, 284.13
1734258363, 59, 20, 78, 0, 0, 0.06%, 9, 0, 8, 262.36
1734258368, 59, 23, 78, 0, 0, 0.06%, 9, 0, 8, 263.44
1734258373, 59, 38, 78, 0, 0, 0.06%, 9, 0, 8, 273.51
1734258378, 59, 40, 78, 0, 0, 0.06%, 9, 0, 8, 263.18
1734258383, 59, 46, 78, 0, 0, 0.06%, 9, 0, 8, 252.24
1734258388, 60, 11, 78, 0, 0, 0.06%, 9, 0, 8, 263.92
1734258393, 60, 13, 78, 0, 0, 0.06%, 9, 0, 8, 260.99
1734258399, 60, 14, 78, 0, 0, 0.06%, 9, 0, 8, 260.21
1734258404, 60, 15, 78, 0, 0, 0.06%, 9, 0, 8, 268.33
1734258409, 60, 17, 78, 0, 0, 0.06%, 9, 0, 8, 277.69
1734258414, 60, 19, 78, 0, 0, 0.06%, 9, 0, 8, 275.05
1734258419, 60, 20, 78, 0, 0, 0.06%, 9, 0, 8, 269.58
1734258424, 60, 23, 78, 0, 0, 0.06%, 9, 0, 8, 259.98
1734258429, 60, 39, 78, 0, 0, 0.06%, 9, 0, 8, 298.53
1734258434, 60, 46, 78, 0, 0, 0.06%, 9, 0, 8, 263.43
1734258439, 60, 54, 78, 0, 0, 0.06%, 9, 0, 8, 252.33
1734258444, 60, 72, 78, 0, 0, 0.06%, 9, 0, 8, 256.53
1734258454, 61, 11, 78, 0, 0, 0.06%, 9, 0, 8, 253.28
1734258459, 61, 13, 78, 0, 0, 0.06%, 9, 0, 8, 251.85
1734258464, 61, 14, 78, 0, 0, 0.06%, 9, 0, 8, 259.92
1734258469, 61, 15, 78, 0, 0, 0.06%, 9, 0, 8, 259.17
1734258474, 61, 17, 78, 0, 0, 0.06%, 9, 0, 8, 268.17
1734258480, 61, 20, 78, 0, 0, 0.06%, 9, 0, 8, 265.04
1734258485, 61, 23, 78, 0, 0, 0.06%, 9, 0, 8, 253.64
1734258490, 61, 28, 78, 0, 0, 0.06%, 9, 0, 8, 276.87
1734258495, 61, 29, 78, 0, 0, 0.06%, 9, 0, 8, 280.86
1734258500, 61, 46, 78, 0, 0, 0.06%, 9, 0, 8, 253.61
1734258510, 61, 55, 78, 0, 0, 0.06%, 9, 0, 8, 267.59
1734258515, 61, 71, 78, 0, 0, 0.06%, 9, 0, 8, 280.40
1734258525, 62, 12, 78, 0, 0, 0.06%, 9, 0, 8, 251.87
1734258530, 62, 14, 78, 0, 0, 0.06%, 9, 0, 8, 248.36
1734258535, 62, 15, 78, 0, 0, 0.06%, 9, 0, 8, 252.19
1734258540, 62, 17, 78, 0, 0, 0.06%, 9, 0, 8, 262.64
1734258551, 62, 23, 78, 0, 0, 0.06%, 9, 0, 8, 275.41
1734258556, 62, 42, 78, 0, 0, 0.06%, 9, 0, 8, 271.80
1734258561, 62, 46, 78, 0, 0, 0.06%, 9, 0, 8, 257.99
1734258566, 62, 50, 78, 0, 0, 0.06%, 9, 0, 8, 262.69
1734258571, 62, 68, 78, 0, 0, 0.06%, 9, 0, 8, 311.01
1734258581, 62, 77, 78, 0, 0, 0.06%, 9, 0, 8, 305.47
1734258602, 63, 12, 78, 0, 0, 0.06%, 9, 0, 8, 264.15
1734258607, 63, 14, 78, 0, 0, 0.06%, 9, 0, 8, 252.16
1734258612, 63, 15, 78, 0, 0, 0.06%, 9, 0, 8, 260.89
1734258617, 63, 17, 78, 0, 0, 0.06%, 9, 0, 8, 280.75
1734258627, 63, 23, 78, 0, 0, 0.06%, 9, 0, 8, 275.17
1734258632, 63, 29, 78, 0, 0, 0.06%, 9, 0, 8, 278.92
1734258637, 63, 35, 78, 0, 0, 0.06%, 9, 0, 8, 265.90
1734258642, 63, 46, 78, 0, 0, 0.06%, 9, 0, 8, 265.49
1734258647, 63, 69, 78, 0, 0, 0.06%, 9, 0, 8, 288.94
1734258657, 64, 12, 78, 0, 0, 0.06%, 9, 0, 8, 245.21
1734258663, 64, 14, 78, 0, 0, 0.06%, 9, 0, 8, 252.87
1734258673, 64, 15, 78, 0, 0, 0.06%, 9, 0, 8, 281.46
1734258678, 64, 17, 78, 0, 0, 0.06%, 9, 0, 8, 269.72
1734258683, 64, 18, 78, 0, 0, 0.06%, 9, 0, 8, 260.95
1734258688, 64, 23, 78, 0, 0, 0.06%, 9, 0, 8, 265.09
1734258693, 64, 35, 78, 0, 0, 0.06%, 9, 0, 8, 257.22
1734258698, 64, 37, 78, 0, 0, 0.06%, 9, 0, 8, 296.01
1734258703, 64, 46, 78, 0, 0, 0.06%, 9, 0, 8, 272.59
1734258708, 65, 12, 78, 0, 0, 0.06%, 9, 0, 8, 273.08
1734258713, 65, 13, 78, 0, 0, 0.06%, 9, 0, 8, 260.26
1734258718, 65, 14, 78, 0, 0, 0.06%, 9, 0, 8, 260.62
1734258723, 65, 15, 78, 0, 0, 0.06%, 9, 0, 8, 260.71
1734258728, 65, 17, 78, 0, 0, 0.06%, 9, 0, 8, 255.59
1734258733, 65, 23, 78, 0, 0, 0.06%, 9, 0, 8, 263.50
1734258739, 65, 46, 78, 0, 0, 0.06%, 9, 0, 8, 271.33
1734258744, 65, 69, 78, 0, 0, 0.06%, 9, 0, 8, 288.83
1734258754, 66, 11, 78, 0, 0, 0.06%, 9, 0, 8, 262.96
1734258759, 66, 13, 78, 0, 0, 0.06%, 9, 0, 8, 261.46
1734258764, 66, 14, 78, 0, 0, 0.06%, 9, 0, 8, 252.65
1734258769, 66, 15, 78, 0, 0, 0.06%, 9, 0, 8, 259.58
1734258774, 66, 17, 78, 0, 0, 0.06%, 9, 0, 8, 268.05
1734258779, 66, 23, 78, 0, 0, 0.06%, 9, 0, 8, 255.34
1734258784, 66, 30, 78, 0, 0, 0.06%, 9, 0, 8, 270.20
1734258789, 66, 41, 78, 0, 0, 0.06%, 9, 0, 8, 257.11
1734258794, 66, 46, 78, 0, 0, 0.06%, 9, 0, 8, 254.22
1734258804, 66, 57, 78, 0, 0, 0.06%, 9, 0, 8, 264.69
1734258809, 67, 12, 78, 0, 0, 0.06%, 9, 0, 8, 246.93
1734258814, 67, 14, 78, 0, 0, 0.06%, 9, 0, 8, 246.69
1734258819, 67, 15, 78, 0, 0, 0.06%, 9, 0, 8, 254.10
1734258824, 67, 17, 78, 0, 0, 0.06%, 9, 0, 8, 262.86
1734258829, 67, 23, 78, 0, 0, 0.06%, 9, 0, 8, 266.00
1734258840, 67, 26, 78, 0, 0, 0.06%, 9, 0, 8, 274.61
1734258845, 67, 28, 78, 0, 0, 0.06%, 9, 0, 8, 279.09
1734258850, 67, 32, 78, 0, 0, 0.06%, 9, 0, 8, 282.61
1734258855, 67, 42, 78, 0, 0, 0.06%, 9, 0, 8, 277.88
1734258860, 67, 43, 78, 0, 0, 0.06%, 9, 0, 8, 248.14
1734258865, 67, 46, 78, 0, 0, 0.06%, 9, 0, 8, 255.53
1734258870, 67, 51, 78, 0, 0, 0.06%, 9, 0, 8, 280.85
1734258875, 68, 11, 78, 0, 0, 0.06%, 9, 0, 8, 263.81
1734258881, 68, 13, 78, 0, 0, 0.06%, 9, 0, 8, 249.35
1734258886, 68, 14, 78, 0, 0, 0.06%, 9, 0, 8, 256.87
1734258891, 68, 15, 78, 0, 0, 0.06%, 9, 0, 8, 247.14
1734258896, 68, 17, 78, 0, 0, 0.06%, 9, 0, 8, 272.22
1734258901, 68, 23, 78, 0, 0, 0.06%, 9, 0, 8, 271.57
1734258906, 68, 46, 78, 0, 0, 0.06%, 9, 0, 8, 258.90
1734258911, 69, 11, 78, 0, 0, 0.06%, 9, 0, 8, 253.74
1734258916, 69, 13, 78, 0, 0, 0.06%, 9, 0, 8, 252.68
1734258921, 69, 14, 78, 0, 0, 0.06%, 9, 0, 8, 251.52
1734258926, 69, 15, 78, 0, 0, 0.06%, 9, 0, 8, 255.34
1734258931, 69, 17, 78, 0, 0, 0.06%, 9, 0, 8, 259.73
1734258936, 69, 23, 78, 0, 0, 0.06%, 9, 0, 8, 258.73
1734258941, 69, 27, 78, 0, 0, 0.06%, 9, 0, 8, 273.81
1734258947, 69, 44, 78, 0, 0, 0.06%, 9, 0, 8, 277.23
1734258952, 69, 46, 78, 0, 0, 0.06%, 9, 0, 8, 257.39
1734258957, 69, 66, 78, 0, 0, 0.06%, 9, 0, 8, 280.85
1734258967, 70, 11, 78, 0, 0, 0.06%, 9, 0, 8, 267.59
1734258972, 70, 13, 78, 0, 0, 0.06%, 9, 0, 8, 255.63
1734258977, 70, 14, 78, 0, 0, 0.06%, 9, 0, 8, 259.03
1734258982, 70, 15, 78, 0, 0, 0.06%, 9, 0, 8, 257.02
1734258987, 70, 17, 78, 0, 0, 0.06%, 9, 0, 8, 255.94
1734258992, 70, 23, 78, 0, 0, 0.06%, 9, 0, 8, 257.71
1734258997, 70, 37, 78, 0, 0, 0.06%, 9, 0, 8, 276.38
1734259002, 70, 46, 78, 0, 0, 0.06%, 9, 0, 8, 264.32
1734259007, 70, 75, 78, 0, 0, 0.06%, 9, 0, 8, 270.39
1734259012, 71, 10, 78, 0, 0, 0.06%, 9, 0, 8, 273.44
1734259017, 71, 11, 78, 0, 0, 0.06%, 9, 0, 8, 257.78
1734259022, 71, 13, 78, 0, 0, 0.06%, 9, 0, 8, 260.21
1734259027, 71, 14, 78, 0, 0, 0.06%, 9, 0, 8, 276.49
1734259032, 71, 15, 78, 0, 0, 0.06%, 9, 0, 8, 274.15
1734259038, 71, 17, 78, 0, 0, 0.06%, 9, 0, 8, 269.27
1734259043, 71, 23, 78, 0, 0, 0.06%, 9, 0, 8, 274.14
1734259048, 71, 30, 78, 0, 0, 0.06%, 9, 0, 8, 258.01
1734259053, 71, 46, 78, 0, 0, 0.06%, 9, 0, 8, 246.20
1734259058, 71, 71, 78, 0, 0, 0.06%, 9, 0, 8, 276.59
1734259063, 72, 11, 78, 0, 0, 0.06%, 9, 0, 8, 252.57
1734259068, 72, 13, 78, 0, 0, 0.06%, 9, 0, 8, 270.99
1734259073, 72, 14, 78, 0, 0, 0.06%, 9, 0, 8, 260.64
1734259079, 72, 15, 78, 0, 0, 0.06%, 9, 0, 8, 250.82
1734259084, 72, 17, 78, 0, 0, 0.06%, 9, 0, 8, 254.69
1734259089, 72, 20, 78, 0, 0, 0.06%, 9, 0, 8, 252.12
1734259094, 72, 23, 78, 0, 0, 0.06%, 9, 0, 8, 251.77
1734259099, 72, 46, 78, 0, 0, 0.06%, 9, 0, 8, 256.97
1734259104, 72, 54, 78, 0, 0, 0.06%, 9, 0, 8, 275.15
1734259109, 72, 64, 78, 0, 0, 0.06%, 9, 0, 8, 273.38
1734259114, 73, 3, 78, 0, 0, 0.06%, 9, 0, 8, 263.37
1734259119, 73, 12, 78, 0, 0, 0.06%, 9, 0, 8, 260.88
1734259124, 73, 14, 78, 0, 0, 0.06%, 9, 0, 8, 249.96
1734259129, 73, 15, 78, 0, 0, 0.06%, 9, 0, 8, 257.80
1734259135, 73, 17, 78, 0, 0, 0.06%, 9, 0, 8, 255.55
1734259140, 73, 23, 78, 0, 0, 0.06%, 9, 0, 8, 269.81
1734259145, 73, 29, 78, 0, 0, 0.06%, 9, 0, 8, 289.01
1734259155, 73, 32, 78, 0, 0, 0.06%, 9, 0, 8, 272.12
1734259160, 73, 46, 78, 0, 0, 0.06%, 9, 0, 8, 270.97
1734259165, 73, 53, 78, 0, 0, 0.06%, 9, 0, 8, 268.54
1734259170, 73, 66, 78, 0, 0, 0.06%, 9, 0, 8, 274.06
1734259175, 74, 12, 78, 0, 0, 0.06%, 9, 0, 8, 255.94
1734259180, 74, 14, 78, 0, 0, 0.06%, 9, 0, 8, 252.81
1734259186, 74, 15, 78, 0, 0, 0.06%, 9, 0, 8, 265.77
1734259191, 74, 17, 78, 0, 0, 0.06%, 9, 0, 8, 258.42
1734259201, 74, 23, 78, 0, 0, 0.06%, 9, 0, 8, 273.45
1734259206, 74, 46, 78, 0, 0, 0.06%, 9, 0, 8, 265.19
1734259211, 74, 51, 78, 0, 0, 0.06%, 9, 0, 8, 266.79
1734259216, 75, 9, 78, 0, 0, 0.06%, 9, 0, 8, 259.74
1734259221, 75, 12, 78, 0, 0, 0.06%, 9, 0, 8, 256.87
1734259226, 75, 14, 78, 0, 0, 0.06%, 9, 0, 8, 255.05
1734259231, 75, 15, 78, 0, 0, 0.06%, 9, 0, 8, 256.93
1734259236, 75, 17, 78, 0, 0, 0.06%, 9, 0, 8, 255.50
1734259241, 75, 23, 78, 0, 0, 0.06%, 9, 0, 8, 272.32
1734259252, 75, 46, 78, 0, 0, 0.06%, 9, 0, 8, 258.07
1734259257, 75, 57, 78, 0, 0, 0.06%, 9, 0, 8, 263.57
1734259262, 75, 68, 78, 0, 0, 0.06%, 9, 0, 8, 318.75
1734259272, 75, 69, 78, 0, 0, 0.06%, 9, 0, 8, 274.56
1734259277, 76, 11, 78, 0, 0, 0.06%, 9, 0, 8, 261.25
1734259282, 76, 13, 78, 0, 0, 0.06%, 9, 0, 8, 264.64
1734259287, 76, 14, 78, 0, 0, 0.06%, 9, 0, 8, 252.44
1734259292, 76, 15, 78, 0, 0, 0.06%, 9, 0, 8, 272.37
1734259297, 76, 17, 78, 0, 0, 0.06%, 9, 0, 8, 272.37
1734259302, 76, 23, 78, 0, 0, 0.06%, 9, 0, 8, 252.84
1734259307, 76, 37, 78, 0, 0, 0.06%, 9, 0, 8, 274.89
1734259312, 76, 46, 78, 0, 0, 0.06%, 9, 0, 8, 256.10
1734259317, 77, 11, 78, 0, 0, 0.06%, 9, 0, 8, 257.49
1734259322, 77, 13, 78, 0, 0, 0.06%, 9, 0, 8, 255.14
1734259327, 77, 14, 78, 0, 0, 0.06%, 9, 0, 8, 248.89
1734259332, 77, 15, 78, 0, 0, 0.06%, 9, 0, 8, 250.44
1734259337, 77, 17, 78, 0, 0, 0.06%, 9, 0, 8, 262.76
1734259343, 77, 23, 78, 0, 0, 0.06%, 9, 0, 8, 260.84
1734259348, 77, 27, 78, 0, 0, 0.06%, 9, 0, 8, 265.87
1734259353, 77, 46, 78, 0, 0, 0.06%, 9, 0, 8, 259.46
1734259358, 78, 11, 78, 0, 0, 0.06%, 9, 0, 8, 274.34
1734259363, 78, 13, 78, 0, 0, 0.06%, 9, 0, 8, 258.66
1734259368, 78, 14, 78, 0, 0, 0.06%, 9, 0, 8, 259.86
1734259373, 78, 15, 78, 0, 0, 0.06%, 9, 0, 8, 251.67
1734259378, 78, 17, 78, 0, 0, 0.06%, 9, 0, 8, 268.09
1734259383, 78, 23, 78, 0, 0, 0.06%, 9, 0, 8, 258.20
1734259388, 78, 46, 78, 0, 0, 0.06%, 9, 0, 8, 251.40
1734259394, 78, 64, 78, 0, 0, 0.06%, 9, 0, 8, 301.24
1734259399, 78, 67, 78, 0, 0, 0.06%, 9, 0, 8, 289.95
1734259404, 79, 11, 78, 0, 0, 0.06%, 9, 0, 8, 266.68
1734259409, 79, 13, 78, 0, 0, 0.06%, 9, 0, 8, 258.06
1734259414, 79, 14, 78, 0, 0, 0.06%, 9, 0, 8, 269.26
1734259419, 79, 15, 78, 0, 0, 0.06%, 9, 0, 8, 262.34
1734259424, 79, 17, 78, 0, 0, 0.06%, 9, 0, 8, 264.21
1734259429, 79, 23, 78, 0, 0, 0.06%, 9, 0, 8, 251.94
1734259434, 79, 39, 78, 0, 0, 0.06%, 9, 0, 8, 299.11
1734259439, 79, 46, 78, 0, 0, 0.06%, 9, 0, 8, 262.93
1734259444, 79, 47, 78, 0, 0, 0.06%, 9, 0, 8, 267.02
1734259449, 79, 53, 78, 0, 0, 0.06%, 9, 0, 8, 259.59
1734259454, 79, 64, 78, 0, 0, 0.06%, 9, 0, 8, 279.71
1734259464, 79, 69, 78, 0, 0, 0.06%, 9, 0, 8, 283.23
1734259469, 79, 71, 78, 0, 0, 0.06%, 9, 0, 8, 266.39
1734259474, 80, 12, 78, 0, 0, 0.06%, 9, 0, 8, 258.01
1734259479, 80, 14, 78, 0, 0, 0.06%, 9, 0, 8, 254.05
1734259485, 80, 15, 78, 0, 0, 0.06%, 9, 0, 8, 259.41
1734259490, 80, 17, 78, 0, 0, 0.06%, 9, 0, 8, 254.86
1734259495, 80, 23, 78, 0, 0, 0.06%, 9, 0, 8, 271.67
1734259500, 80, 40, 78, 0, 0, 0.06%, 9, 0, 8, 271.27
1734259510, 80, 46, 78, 0, 0, 0.06%, 9, 0, 8, 266.12
1734259515, 80, 57, 78, 0, 0, 0.06%, 9, 0, 8, 268.92
1734259520, 80, 65, 78, 0, 0, 0.06%, 9, 0, 8, 308.50
1734259525, 80, 66, 78, 0, 0, 0.06%, 9, 0, 8, 300.41
1734259530, 81, 11, 78, 0, 0, 0.06%, 9, 0, 8, 265.90
1734259535, 81, 13, 78, 0, 0, 0.06%, 9, 0, 8, 257.03
1734259540, 81, 14, 78, 0, 0, 0.06%, 9, 0, 8, 264.43
1734259545, 81, 15, 78, 0, 0, 0.06%, 9, 0, 8, 275.55
1734259551, 81, 17, 78, 0, 0, 0.06%, 9, 0, 8, 264.21
1734259556, 81, 23, 78, 0, 0, 0.06%, 9, 0, 8, 262.36
1734259561, 81, 46, 78, 0, 0, 0.06%, 9, 0, 8, 243.15
1734259566, 81, 48, 78, 0, 0, 0.06%, 9, 0, 8, 247.25
1734259571, 81, 52, 78, 0, 0, 0.06%, 9, 0, 8, 263.14
1734259576, 81, 54, 78, 0, 0, 0.06%, 9, 0, 8, 262.89
1734259586, 82, 12, 78, 0, 0, 0.06%, 9, 0, 8, 251.56
1734259591, 82, 14, 78, 0, 0, 0.06%, 9, 0, 8, 252.35
1734259596, 82, 15, 78, 0, 0, 0.06%, 9, 0, 8, 256.84
1734259601, 82, 17, 78, 0, 0, 0.06%, 9, 0, 8, 267.76
1734259606, 82, 22, 78, 0, 0, 0.06%, 9, 0, 8, 262.97
1734259616, 82, 23, 78, 0, 0, 0.06%, 9, 0, 8, 241.86
1734259621, 82, 33, 78, 0, 0, 0.06%, 9, 0, 8, 263.82
1734259626, 82, 46, 78, 0, 0, 0.06%, 9, 0, 8, 270.35
1734259631, 83, 11, 78, 0, 0, 0.06%, 9, 0, 8, 250.54
1734259636, 83, 13, 78, 0, 0, 0.06%, 9, 0, 8, 250.42
1734259641, 83, 14, 78, 0, 0, 0.06%, 9, 0, 8, 258.46
1734259646, 83, 15, 78, 0, 0, 0.06%, 9, 0, 8, 264.09
1734259651, 83, 17, 78, 0, 0, 0.06%, 9, 0, 8, 271.12
1734259657, 83, 23, 78, 0, 0, 0.06%, 9, 0, 8, 264.25
1734259662, 83, 27, 78, 0, 0, 0.06%, 9, 0, 8, 278.51
1734259667, 83, 32, 78, 0, 0, 0.06%, 9, 0, 8, 282.97
1734259672, 83, 40, 78, 0, 0, 0.06%, 9, 0, 8, 277.51
1734259677, 83, 46, 78, 0, 0, 0.06%, 9, 0, 8, 262.88
1734259682, 83, 47, 78, 0, 0, 0.06%, 9, 0, 8, 264.89
1734259687, 84, 1, 78, 0, 0, 0.06%, 9, 0, 8, 258.00
1734259692, 84, 12, 78, 0, 0, 0.06%, 9, 0, 8, 258.25
1734259697, 84, 14, 78, 0, 0, 0.06%, 9, 0, 8, 245.75
1734259702, 84, 15, 78, 0, 0, 0.06%, 9, 0, 8, 260.94
1734259707, 84, 17, 78, 0, 0, 0.06%, 9, 0, 8, 247.44
1734259717, 84, 23, 78, 0, 0, 0.06%, 9, 0, 8, 264.27
1734259722, 84, 46, 78, 0, 0, 0.06%, 9, 0, 8, 257.51
1734259727, 84, 75, 78, 0, 0, 0.06%, 9, 0, 8, 268.39
1734259732, 85, 11, 78, 0, 0, 0.06%, 9, 0, 8, 256.48
1734259737, 85, 13, 78, 0, 0, 0.06%, 9, 0, 8, 255.01
1734259742, 85, 14, 78, 0, 0, 0.06%, 9, 0, 8, 247.39
1734259747, 85, 15, 78, 0, 0, 0.06%, 9, 0, 8, 266.55
1734259752, 85, 17, 78, 0, 0, 0.06%, 9, 0, 8, 264.45
1734259758, 85, 23, 78, 0, 0, 0.06%, 9, 0, 8, 258.59
1734259763, 85, 46, 78, 0, 0, 0.06%, 9, 0, 8, 274.93
1734259768, 86, 12, 78, 0, 0, 0.06%, 9, 0, 8, 269.80
1734259773, 86, 13, 78, 0, 0, 0.06%, 9, 0, 8, 263.97
1734259778, 86, 14, 78, 0, 0, 0.06%, 9, 0, 8, 271.07
1734259783, 86, 15, 78, 0, 0, 0.06%, 9, 0, 8, 258.32
1734259788, 86, 17, 78, 0, 0, 0.06%, 9, 0, 8, 266.99
1734259793, 86, 23, 78, 0, 0, 0.06%, 9, 0, 8, 275.16
1734259799, 86, 44, 78, 0, 0, 0.06%, 9, 0, 8, 266.15
1734259804, 86, 46, 78, 0, 0, 0.06%, 9, 0, 8, 252.14
1734259809, 86, 52, 78, 0, 0, 0.06%, 9, 0, 8, 254.97
1734259814, 87, 11, 78, 0, 0, 0.06%, 9, 0, 8, 253.02
1734259819, 87, 13, 78, 0, 0, 0.06%, 9, 0, 8, 252.54
1734259824, 87, 14, 78, 0, 0, 0.06%, 9, 0, 8, 254.01
1734259829, 87, 15, 78, 0, 0, 0.06%, 9, 0, 8, 263.76
1734259834, 87, 17, 78, 0, 0, 0.06%, 9, 0, 8, 254.65
1734259839, 87, 23, 78, 0, 0, 0.06%, 9, 0, 8, 262.20
1734259844, 87, 46, 78, 0, 0, 0.06%, 9, 0, 8, 259.72
1734259849, 87, 49, 78, 0, 0, 0.06%, 9, 0, 8, 262.32
1734259854, 87, 58, 78, 0, 0, 0.06%, 9, 0, 8, 267.35
1734259859, 87, 65, 78, 0, 0, 0.06%, 9, 0, 8, 304.84
1734259869, 88, 12, 78, 0, 0, 0.06%, 9, 0, 8, 255.35
1734259874, 88, 14, 78, 0, 0, 0.06%, 9, 0, 8, 249.85
1734259880, 88, 15, 78, 0, 0, 0.06%, 9, 0, 8, 256.94
1734259885, 88, 16, 78, 0, 0, 0.06%, 9, 0, 8, 256.94
1734259890, 88, 17, 78, 0, 0, 0.06%, 9, 0, 8, 260.48
1734259900, 88, 23, 78, 0, 0, 0.06%, 9, 0, 8, 266.15
1734259905, 88, 34, 78, 0, 0, 0.06%, 9, 0, 8, 263.48
1734259910, 88, 44, 78, 0, 0, 0.06%, 9, 0, 8, 276.93
1734259915, 88, 46, 78, 0, 0, 0.06%, 9, 0, 8, 262.58
1734259920, 88, 66, 78, 0, 0, 0.06%, 9, 0, 8, 301.42
1734259925, 89, 12, 78, 0, 0, 0.06%, 9, 0, 8, 259.46
1734259930, 89, 14, 78, 0, 0, 0.06%, 9, 0, 8, 248.33
1734259936, 89, 15, 78, 0, 0, 0.06%, 9, 0, 8, 256.30
1734259941, 89, 17, 78, 0, 0, 0.06%, 9, 0, 8, 267.26
1734259951, 89, 23, 78, 0, 0, 0.06%, 9, 0, 8, 282.08
1734259956, 89, 46, 78, 0, 0, 0.06%, 9, 0, 8, 274.18
1734259961, 89, 53, 78, 0, 0, 0.06%, 9, 0, 8, 262.47
1734259966, 89, 68, 78, 0, 0, 0.06%, 9, 0, 8, 286.33
1734259971, 89, 70, 78, 0, 0, 0.06%, 9, 0, 8, 271.77
1734259976, 89, 75, 78, 0, 0, 0.06%, 9, 0, 8, 278.38
1734259981, 90, 11, 78, 0, 0, 0.06%, 9, 0, 8, 255.90
1734259986, 90, 13, 78, 0, 0, 0.06%, 9, 0, 8, 261.18
1734259991, 90, 14, 78, 0, 0, 0.06%, 9, 0, 8, 243.88
1734259996, 90, 15, 78, 0, 0, 0.06%, 9, 0, 8, 250.37
1734260001, 90, 17, 78, 0, 0, 0.06%, 9, 0, 8, 264.09
1734260006, 90, 23, 78, 0, 0, 0.06%, 9, 0, 8, 258.53
1734260012, 90, 40, 78, 0, 0, 0.06%, 9, 0, 8, 287.98
1734260017, 90, 46, 78, 0, 0, 0.06%, 9, 0, 8, 265.69
1734260027, 91, 12, 78, 0, 0, 0.06%, 9, 0, 8, 267.08
1734260032, 91, 14, 78, 0, 0, 0.06%, 9, 0, 8, 251.46
1734260037, 91, 15, 78, 0, 0, 0.06%, 9, 0, 8, 267.05
1734260042, 91, 17, 78, 0, 0, 0.06%, 9, 0, 8, 263.68
1734260047, 91, 23, 78, 0, 0, 0.06%, 9, 0, 8, 268.54
1734260052, 91, 46, 78, 0, 0, 0.06%, 9, 0, 8, 263.71
1734260062, 91, 57, 78, 0, 0, 0.06%, 9, 0, 8, 276.73
1734260067, 91, 61, 78, 0, 0, 0.06%, 9, 0, 8, 264.17
1734260072, 92, 12, 78, 0, 0, 0.06%, 9, 0, 8, 257.27
1734260077, 92, 14, 78, 0, 0, 0.06%, 9, 0, 8, 263.11
1734260082, 92, 15, 78, 0, 0, 0.06%, 9, 0, 8, 266.55
1734260092, 92, 17, 78, 0, 0, 0.06%, 9, 0, 8, 268.37
1734260098, 92, 20, 78, 0, 0, 0.06%, 9, 0, 8, 259.32
1734260103, 92, 23, 78, 0, 0, 0.06%, 9, 0, 8, 256.71
1734260108, 92, 27, 78, 0, 0, 0.06%, 9, 0, 8, 274.44
1734260113, 92, 46, 78, 0, 0, 0.06%, 9, 0, 8, 268.28
1734260118, 92, 54, 78, 0, 0, 0.06%, 9, 0, 8, 265.72
1734260123, 92, 64, 78, 0, 0, 0.06%, 9, 0, 8, 303.59
1734260128, 93, 12, 78, 0, 0, 0.06%, 9, 0, 8, 263.79
1734260133, 93, 14, 78, 0, 0, 0.06%, 9, 0, 8, 255.21
1734260138, 93, 15, 78, 0, 0, 0.06%, 9, 0, 8, 273.19
1734260148, 93, 17, 78, 0, 0, 0.06%, 9, 0, 8, 256.66
1734260154, 93, 23, 78, 0, 0, 0.06%, 9, 0, 8, 258.73
1734260159, 93, 33, 78, 0, 0, 0.06%, 9, 0, 8, 303.68
1734260164, 93, 46, 78, 0, 0, 0.06%, 9, 0, 8, 270.54
1734260169, 94, 11, 78, 0, 0, 0.06%, 9, 0, 8, 261.88
1734260174, 94, 13, 78, 0, 0, 0.06%, 9, 0, 8, 262.91
1734260179, 94, 14, 78, 0, 0, 0.06%, 9, 0, 8, 244.98
1734260184, 94, 15, 78, 0, 0, 0.06%, 9, 0, 8, 260.87
1734260189, 94, 17, 78, 0, 0, 0.06%, 9, 0, 8, 270.48
1734260194, 94, 20, 78, 0, 0, 0.06%, 9, 0, 8, 254.91
1734260199, 94, 23, 78, 0, 0, 0.06%, 9, 0, 8, 272.09
1734260204, 94, 43, 78, 0, 0, 0.06%, 9, 0, 8, 251.90
1734260210, 94, 46, 78, 0, 0, 0.06%, 9, 0, 8, 261.49
1734260215, 94, 71, 78, 0, 0, 0.06%, 9, 0, 8, 268.35
1734260220, 95, 11, 78, 0, 0, 0.06%, 9, 0, 8, 261.85
1734260225, 95, 13, 78, 0, 0, 0.06%, 9, 0, 8, 250.86
1734260230, 95, 14, 78, 0, 0, 0.06%, 9, 0, 8, 249.88
1734260235, 95, 15, 78, 0, 0, 0.06%, 9, 0, 8, 255.32
1734260240, 95, 17, 78, 0, 0, 0.06%, 9, 0, 8, 257.99
1734260245, 95, 23, 78, 0, 0, 0.06%, 9, 0, 8, 255.97
1734260250, 95, 46, 78, 0, 0, 0.06%, 9, 0, 8, 257.08
1734260255, 95, 65, 78, 0, 0, 0.06%, 9, 0, 8, 273.58
1734260265, 96, 12, 78, 0, 0, 0.06%, 9, 0, 8, 271.05
1734260270, 96, 13, 78, 0, 0, 0.06%, 9, 0, 8, 254.68
1734260275, 96, 14, 78, 0, 0, 0.06%, 9, 0, 8, 246.92
1734260280, 96, 15, 78, 0, 0, 0.06%, 9, 0, 8, 248.00
1734260286, 96, 17, 78, 0, 0, 0.06%, 9, 0, 8, 269.16
1734260291, 96, 23, 78, 0, 0, 0.06%, 9, 0, 8, 273.78
1734260296, 96, 46, 78, 0, 0, 0.06%, 9, 0, 8, 272.41
1734260301, 96, 62, 78, 0, 0, 0.06%, 9, 0, 8, 274.41
1734260306, 97, 11, 78, 0, 0, 0.06%, 9, 0, 8, 261.32
1734260311, 97, 13, 78, 0, 0, 0.06%, 9, 0, 8, 259.72
1734260316, 97, 14, 78, 0, 0, 0.06%, 9, 0, 8, 264.52
1734260321, 97, 15, 78, 0, 0, 0.06%, 9, 0, 8, 268.44
1734260326, 97, 17, 78, 0, 0, 0.06%, 9, 0, 8, 263.70
1734260331, 97, 23, 78, 0, 0, 0.06%, 9, 0, 8, 264.95
1734260336, 97, 40, 78, 0, 0, 0.06%, 9, 0, 8, 270.31
1734260341, 97, 41, 78, 0, 0, 0.06%, 9, 0, 8, 268.76
1734260347, 97, 45, 78, 0, 0, 0.06%, 9, 0, 8, 288.54
1734260352, 97, 46, 78, 0, 0, 0.06%, 9, 0, 8, 268.46
1734260357, 97, 47, 78, 0, 0, 0.06%, 9, 0, 8, 268.28
1734260362, 97, 71, 78, 0, 0, 0.06%, 9, 0, 8, 276.97
1734260367, 98, 11, 78, 0, 0, 0.06%, 9, 0, 8, 267.75
1734260372, 98, 13, 78, 0, 0, 0.06%, 9, 0, 8, 251.64
1734260377, 98, 14, 78, 0, 0, 0.06%, 9, 0, 8, 252.60
1734260382, 98, 15, 78, 0, 0, 0.06%, 9, 0, 8, 267.70
1734260387, 98, 17, 78, 0, 0, 0.06%, 9, 0, 8, 253.69
1734260392, 98, 23, 78, 0, 0, 0.06%, 9, 0, 8, 251.88
1734260397, 98, 28, 78, 0, 0, 0.06%, 9, 0, 8, 271.20
1734260402, 98, 33, 78, 0, 0, 0.06%, 9, 0, 8, 285.15
1734260407, 98, 45, 78, 0, 0, 0.06%, 9, 0, 8, 298.63
1734260412, 98, 46, 78, 0, 0, 0.06%, 9, 0, 8, 268.53
1734260418, 99, 2, 78, 0, 0, 0.06%, 9, 0, 8, 267.16
1734260423, 99, 11, 78, 0, 0, 0.06%, 9, 0, 8, 261.57
1734260428, 99, 13, 78, 0, 0, 0.06%, 9, 0, 8, 260.22
1734260433, 99, 14, 78, 0, 0, 0.06%, 9, 0, 8, 249.99
1734260438, 99, 15, 78, 0, 0, 0.06%, 9, 0, 8, 253.93
1734260443, 99, 17, 78, 0, 0, 0.06%, 9, 0, 8, 252.26
1734260448, 99, 23, 78, 0, 0, 0.06%, 9, 0, 8, 254.76
1734260453, 99, 39, 78, 0, 0, 0.06%, 9, 0, 8, 302.15
1734260458, 99, 44, 78, 0, 0, 0.06%, 9, 0, 8, 304.89
1734260463, 99, 46, 78, 0, 0, 0.06%, 9, 0, 8, 258.88
1734260468, 99, 48, 78, 0, 0, 0.06%, 9, 0, 8, 282.10
1734260473, 100, 11, 78, 0, 0, 0.06%, 9, 0, 8, 271.58
1734260478, 100, 13, 78, 0, 0, 0.06%, 9, 0, 8, 256.93
1734260483, 100, 14, 78, 0, 0, 0.06%, 9, 0, 8, 243.53
1734260488, 100, 15, 78, 0, 0, 0.06%, 9, 0, 8, 260.34
1734260493, 100, 17, 78, 0, 0, 0.06%, 9, 0, 8, 274.96
1734260498, 100, 23, 78, 0, 0, 0.06%, 9, 0, 8, 259.31
1734260504, 100, 46, 78, 0, 0, 0.06%, 9, 0, 8, 268.29
1734260509, 100, 77, 78, 0, 0, 0.06%, 9, 0, 8, 286.22
1734260529, 101, 11, 78, 0, 0, 0.06%, 9, 0, 8, 281.93
1734260534, 101, 13, 78, 0, 0, 0.06%, 9, 0, 8, 256.16
1734260539, 101, 14, 78, 0, 0, 0.06%, 9, 0, 8, 246.31
1734260544, 101, 15, 78, 0, 0, 0.06%, 9, 0, 8, 247.51
1734260549, 101, 16, 78, 0, 0, 0.06%, 9, 0, 8, 254.17
1734260554, 101, 17, 78, 0, 0, 0.06%, 9, 0, 8, 259.12
1734260559, 101, 23, 78, 0, 0, 0.06%, 9, 0, 8, 244.77
1734260569, 101, 39, 78, 0, 0, 0.06%, 9, 0, 8, 265.75
1734260574, 101, 46, 78, 0, 0, 0.06%, 9, 0, 8, 261.10
1734260579, 101, 52, 78, 0, 0, 0.06%, 9, 0, 8, 264.01
1734260584, 101, 66, 78, 0, 0, 0.06%, 9, 0, 8, 273.76
1734260590, 102, 12, 78, 0, 0, 0.06%, 9, 0, 8, 261.39
1734260595, 102, 14, 78, 0, 0, 0.06%, 9, 0, 8, 256.75
1734260600, 102, 15, 78, 0, 0, 0.06%, 9, 0, 8, 263.14
1734260610, 102, 17, 78, 0, 0, 0.06%, 9, 0, 8, 271.96
1734260615, 102, 23, 78, 0, 0, 0.06%, 9, 0, 8, 273.35
1734260620, 102, 25, 78, 0, 0, 0.06%, 9, 0, 8, 297.04
1734260625, 102, 46, 78, 0, 0, 0.06%, 9, 0, 8, 280.48
1734260630, 102, 48, 78, 0, 0, 0.06%, 9, 0, 8, 279.39
1734260635, 103, 11, 78, 0, 0, 0.06%, 9, 0, 8, 268.26
1734260641, 103, 13, 78, 0, 0, 0.06%, 9, 0, 8, 260.44
1734260646, 103, 14, 78, 0, 0, 0.06%, 9, 0, 8, 269.85
1734260651, 103, 15, 78, 0, 0, 0.06%, 9, 0, 8, 277.40
1734260656, 103, 17, 78, 0, 0, 0.06%, 9, 0, 8, 272.18
1734260661, 103, 20, 78, 0, 0, 0.06%, 9, 0, 8, 261.38
1734260666, 103, 23, 78, 0, 0, 0.06%, 9, 0, 8, 263.59
1734260671, 103, 46, 78, 0, 0, 0.06%, 9, 0, 8, 269.47
1734260676, 103, 59, 78, 0, 0, 0.06%, 9, 0, 8, 283.83
1734260681, 104, 11, 78, 0, 0, 0.06%, 9, 0, 8, 264.67
1734260686, 104, 13, 78, 0, 0, 0.06%, 9, 0, 8, 257.73
1734260691, 104, 14, 78, 0, 0, 0.06%, 9, 0, 8, 261.45
1734260696, 104, 15, 78, 0, 0, 0.06%, 9, 0, 8, 260.77
1734260701, 104, 17, 78, 0, 0, 0.06%, 9, 0, 8, 258.96
1734260706, 104, 23, 78, 0, 0, 0.06%, 9, 0, 8, 255.07
1734260711, 104, 28, 78, 0, 0, 0.06%, 9, 0, 8, 276.73
1734260717, 104, 38, 78, 0, 0, 0.06%, 9, 0, 8, 290.12
1734260722, 104, 39, 78, 0, 0, 0.06%, 9, 0, 8, 288.47
1734260727, 104, 46, 78, 0, 0, 0.06%, 9, 0, 8, 269.62
1734260732, 104, 58, 78, 0, 0, 0.06%, 9, 0, 8, 285.41
1734260737, 105, 11, 78, 0, 0, 0.06%, 9, 0, 8, 257.20
1734260742, 105, 13, 78, 0, 0, 0.06%, 9, 0, 8, 256.46
1734260747, 105, 14, 78, 0, 0, 0.06%, 9, 0, 8, 248.46
1734260752, 105, 15, 78, 0, 0, 0.06%, 9, 0, 8, 258.67
1734260757, 105, 17, 78, 0, 0, 0.06%, 9, 0, 8, 263.82
1734260762, 105, 23, 78, 0, 0, 0.06%, 9, 0, 8, 256.60
1734260768, 105, 40, 78, 0, 0, 0.06%, 9, 0, 8, 263.57
1734260773, 105, 46, 78, 0, 0, 0.06%, 9, 0, 8, 259.68
1734260778, 106, 11, 78, 0, 0, 0.06%, 9, 0, 8, 258.19
1734260783, 106, 12, 78, 0, 0, 0.06%, 9, 0, 8, 253.53
1734260788, 106, 14, 78, 0, 0, 0.06%, 9, 0, 8, 253.10
1734260793, 106, 15, 78, 0, 0, 0.06%, 9, 0, 8, 243.67
1734260798, 106, 17, 78, 0, 0, 0.06%, 9, 0, 8, 256.39
1734260803, 106, 23, 78, 0, 0, 0.06%, 9, 0, 8, 256.12
1734260813, 106, 46, 78, 0, 0, 0.06%, 9, 0, 8, 274.18
1734260818, 106, 76, 78, 0, 0, 0.06%, 9, 0, 8, 313.62
1734260834, 107, 4, 78, 0, 0, 0.06%, 9, 0, 8, 280.98
1734260839, 107, 12, 78, 0, 0, 0.06%, 9, 0, 8, 257.14
1734260844, 107, 14, 78, 0, 0, 0.06%, 9, 0, 8, 255.17
1734260849, 107, 15, 78, 0, 0, 0.06%, 9, 0, 8, 250.98
1734260854, 107, 17, 78, 0, 0, 0.06%, 9, 0, 8, 257.79
1734260864, 107, 23, 78, 0, 0, 0.06%, 9, 0, 8, 256.89
1734260869, 107, 33, 78, 0, 0, 0.06%, 9, 0, 8, 286.99
1734260874, 107, 46, 78, 0, 0, 0.06%, 9, 0, 8, 257.48
1734260880, 107, 49, 78, 0, 0, 0.06%, 9, 0, 8, 262.97
1734260885, 107, 62, 78, 0, 0, 0.06%, 9, 0, 8, 263.04
1734260890, 108, 12, 78, 0, 0, 0.06%, 9, 0, 8, 258.91
1734260895, 108, 14, 78, 0, 0, 0.06%, 9, 0, 8, 263.08
1734260905, 108, 15, 78, 0, 0, 0.06%, 9, 0, 8, 267.31
1734260910, 108, 17, 78, 0, 0, 0.06%, 9, 0, 8, 262.59
1734260915, 108, 23, 78, 0, 0, 0.06%, 9, 0, 8, 250.48
1734260920, 108, 46, 78, 0, 0, 0.06%, 9, 0, 8, 256.68
1734260925, 108, 52, 78, 0, 0, 0.06%, 9, 0, 8, 261.17
1734260931, 108, 53, 78, 0, 0, 0.06%, 9, 0, 8, 279.91
1734260936, 109, 11, 78, 0, 0, 0.06%, 9, 0, 8, 263.26
1734260941, 109, 13, 78, 0, 0, 0.06%, 9, 0, 8, 260.30
1734260946, 109, 14, 78, 0, 0, 0.06%, 9, 0, 8, 258.06
1734260951, 109, 15, 78, 0, 0, 0.06%, 9, 0, 8, 262.94
1734260956, 109, 17, 78, 0, 0, 0.06%, 9, 0, 8, 259.83
1734260961, 109, 23, 78, 0, 0, 0.06%, 9, 0, 8, 257.09
1734260966, 109, 46, 78, 0, 0, 0.06%, 9, 0, 8, 252.37
1734260971, 109, 53, 78, 0, 0, 0.06%, 9, 0, 8, 268.12
1734260976, 109, 61, 78, 0, 0, 0.06%, 9, 0, 8, 271.88
1734260981, 109, 70, 78, 0, 0, 0.06%, 9, 0, 8, 279.30
1734260986, 110, 3, 78, 0, 0, 0.06%, 9, 0, 8, 255.27
1734260991, 110, 12, 78, 0, 0, 0.06%, 9, 0, 8, 255.87
1734260996, 110, 14, 78, 0, 0, 0.06%, 9, 0, 8, 247.50
1734261001, 110, 15, 78, 0, 0, 0.06%, 9, 0, 8, 254.06
1734261006, 110, 17, 78, 0, 0, 0.06%, 9, 0, 8, 263.28
1734261017, 110, 23, 78, 0, 0, 0.06%, 9, 0, 8, 257.66
1734261022, 110, 43, 78, 0, 0, 0.06%, 9, 0, 8, 271.62
1734261027, 110, 46, 78, 0, 0, 0.06%, 9, 0, 8, 268.73
1734261032, 110, 47, 78, 0, 0, 0.06%, 9, 0, 8, 264.73
1734261037, 110, 50, 78, 0, 0, 0.06%, 9, 0, 8, 268.92
1734261042, 111, 11, 78, 0, 0, 0.06%, 9, 0, 8, 265.26
1734261047, 111, 13, 78, 0, 0, 0.06%, 9, 0, 8, 265.38
1734261052, 111, 14, 78, 0, 0, 0.06%, 9, 0, 8, 261.13
1734261057, 111, 15, 78, 0, 0, 0.06%, 9, 0, 8, 273.45
1734261062, 111, 17, 78, 0, 0, 0.06%, 9, 0, 8, 275.15
1734261067, 111, 21, 78, 0, 0, 0.06%, 9, 0, 8, 276.24
1734261077, 111, 23, 78, 0, 0, 0.06%, 9, 0, 8, 262.45
1734261082, 111, 46, 78, 0, 0, 0.06%, 9, 0, 8, 271.32
1734261087, 111, 55, 78, 0, 0, 0.06%, 9, 0, 8, 281.53
1734261092, 111, 60, 78, 0, 0, 0.06%, 9, 0, 8, 273.32
1734261097, 111, 63, 78, 0, 0, 0.06%, 9, 0, 8, 285.85
1734261102, 111, 69, 78, 0, 0, 0.06%, 9, 0, 8, 283.54
1734261108, 111, 75, 78, 0, 0, 0.06%, 9, 0, 8, 286.40
1734261113, 111, 76, 78, 0, 0, 0.06%, 9, 0, 8, 282.18
1734261133, 112, 9, 78, 0, 0, 0.06%, 9, 0, 8, 264.42
1734261138, 112, 12, 78, 0, 0, 0.06%, 9, 0, 8, 259.23
1734261143, 112, 14, 78, 0, 0, 0.06%, 9, 0, 8, 243.21
1734261148, 112, 15, 78, 0, 0, 0.06%, 9, 0, 8, 261.66
1734261153, 112, 17, 78, 0, 0, 0.06%, 9, 0, 8, 270.22
1734261158, 112, 23, 78, 0, 0, 0.06%, 9, 0, 8, 266.92
1734261164, 112, 26, 78, 0, 0, 0.06%, 9, 0, 8, 256.19
1734261174, 112, 32, 78, 0, 0, 0.06%, 9, 0, 8, 267.30
1734261179, 112, 40, 78, 0, 0, 0.06%, 9, 0, 8, 261.60
1734261184, 112, 46, 78, 0, 0, 0.06%, 9, 0, 8, 261.07
1734261189, 112, 64, 78, 0, 0, 0.06%, 9, 0, 8, 280.07
1734261194, 113, 12, 78, 0, 0, 0.06%, 9, 0, 8, 269.51
1734261199, 113, 14, 78, 0, 0, 0.06%, 9, 0, 8, 268.84
1734261209, 113, 15, 78, 0, 0, 0.06%, 9, 0, 8, 272.67
1734261214, 113, 17, 78, 0, 0, 0.06%, 9, 0, 8, 277.16
1734261219, 113, 23, 78, 0, 0, 0.06%, 9, 0, 8, 270.12
1734261224, 113, 38, 78, 0, 0, 0.06%, 9, 0, 8, 276.53
1734261230, 113, 46, 78, 0, 0, 0.06%, 9, 0, 8, 266.57
1734261235, 113, 59, 78, 0, 0, 0.06%, 9, 0, 8, 263.38
1734261240, 113, 69, 78, 0, 0, 0.06%, 9, 0, 8, 291.50
1734261245, 113, 70, 78, 0, 0, 0.06%, 9, 0, 8, 275.62
1734261250, 114, 11, 78, 0, 0, 0.06%, 9, 0, 8, 263.80
1734261255, 114, 13, 78, 0, 0, 0.06%, 9, 0, 8, 255.08
1734261260, 114, 14, 78, 0, 0, 0.06%, 9, 0, 8, 248.00
1734261265, 114, 15, 78, 0, 0, 0.06%, 9, 0, 8, 266.30
1734261270, 114, 17, 78, 0, 0, 0.06%, 9, 0, 8, 256.46
1734261275, 114, 23, 78, 0, 0, 0.06%, 9, 0, 8, 267.42
1734261280, 114, 46, 78, 0, 0, 0.06%, 9, 0, 8, 249.37
1734261285, 114, 51, 78, 0, 0, 0.06%, 9, 0, 8, 264.67
1734261291, 115, 1, 78, 0, 0, 0.06%, 9, 0, 8, 260.98
1734261296, 115, 12, 78, 0, 0, 0.06%, 9, 0, 8, 248.95
1734261301, 115, 14, 78, 0, 0, 0.06%, 9, 0, 8, 249.69
1734261306, 115, 15, 78, 0, 0, 0.06%, 9, 0, 8, 262.14
1734261311, 115, 17, 78, 0, 0, 0.06%, 9, 0, 8, 263.67
1734261321, 115, 22, 78, 0, 0, 0.06%, 9, 0, 8, 271.65
1734261326, 115, 23, 78, 0, 0, 0.06%, 9, 0, 8, 264.90
1734261331, 115, 46, 78, 0, 0, 0.06%, 9, 0, 8, 255.43
1734261336, 115, 67, 78, 0, 0, 0.06%, 9, 0, 8, 292.89
1734261341, 115, 76, 78, 0, 0, 0.06%, 9, 0, 8, 302.97
1734261362, 116, 10, 78, 0, 0, 0.06%, 9, 0, 8, 256.50
1734261367, 116, 12, 78, 0, 0, 0.06%, 9, 0, 8, 251.42
1734261372, 116, 14, 78, 0, 0, 0.06%, 9, 0, 8, 245.44
1734261377, 116, 15, 78, 0, 0, 0.06%, 9, 0, 8, 245.50
1734261387, 116, 17, 78, 0, 0, 0.06%, 9, 0, 8, 258.12
1734261392, 116, 23, 78, 0, 0, 0.06%, 9, 0, 8, 268.52
1734261397, 116, 25, 78, 0, 0, 0.06%, 9, 0, 8, 274.94
1734261402, 116, 46, 78, 0, 0, 0.06%, 9, 0, 8, 266.56
1734261407, 116, 56, 78, 0, 0, 0.06%, 9, 0, 8, 285.56
1734261412, 117, 12, 78, 0, 0, 0.06%, 9, 0, 8, 261.23
1734261417, 117, 14, 78, 0, 0, 0.06%, 9, 0, 8, 259.58
1734261427, 117, 15, 78, 0, 0, 0.06%, 9, 0, 8, 260.80
1734261432, 117, 17, 78, 0, 0, 0.06%, 9, 0, 8, 270.25
1734261437, 117, 23, 78, 0, 0, 0.06%, 9, 0, 8, 251.17
1734261442, 117, 46, 78, 0, 0, 0.06%, 9, 0, 8, 259.97
1734261447, 118, 11, 78, 0, 0, 0.06%, 9, 0, 8, 266.22
1734261453, 118, 13, 78, 0, 0, 0.06%, 9, 0, 8, 263.92
1734261458, 118, 14, 78, 0, 0, 0.06%, 9, 0, 8, 257.73
1734261463, 118, 15, 78, 0, 0, 0.06%, 9, 0, 8, 259.12
1734261468, 118, 17, 78, 0, 0, 0.06%, 9, 0, 8, 272.15
1734261473, 118, 23, 78, 0, 0, 0.06%, 9, 0, 8, 262.41
1734261478, 118, 43, 78, 0, 0, 0.06%, 9, 0, 8, 259.21
1734261483, 118, 46, 78, 0, 0, 0.06%, 9, 0, 8, 264.08
1734261488, 118, 52, 78, 0, 0, 0.06%, 9, 0, 8, 275.79
1734261493, 118, 68, 78, 0, 0, 0.06%, 9, 0, 8, 276.94
1734261498, 119, 4, 78, 0, 0, 0.06%, 9, 0, 8, 276.18
1734261503, 119, 12, 78, 0, 0, 0.06%, 9, 0, 8, 269.84
1734261508, 119, 14, 78, 0, 0, 0.06%, 9, 0, 8, 254.22
1734261514, 119, 15, 78, 0, 0, 0.06%, 9, 0, 8, 258.77
1734261519, 119, 17, 78, 0, 0, 0.06%, 9, 0, 8, 265.55
1734261524, 119, 23, 78, 0, 0, 0.06%, 9, 0, 8, 263.34
1734261529, 119, 31, 78, 0, 0, 0.06%, 9, 0, 8, 288.81
1734261534, 119, 34, 78, 0, 0, 0.06%, 9, 0, 8, 276.93
1734261539, 119, 46, 78, 0, 0, 0.06%, 9, 0, 8, 272.67
1734261549, 120, 12, 78, 0, 0, 0.06%, 9, 0, 8, 250.57
1734261554, 120, 14, 78, 0, 0, 0.06%, 9, 0, 8, 252.71
1734261559, 120, 15, 78, 0, 0, 0.06%, 9, 0, 8, 254.75
1734261564, 120, 17, 78, 0, 0, 0.06%, 9, 0, 8, 269.43
1734261569, 120, 23, 78, 0, 0, 0.06%, 9, 0, 8, 261.35
1734261579, 120, 37, 78, 0, 0, 0.06%, 9, 0, 8, 280.62
1734261584, 120, 40, 78, 0, 0, 0.06%, 9, 0, 8, 273.20
1734261589, 120, 46, 78, 0, 0, 0.06%, 9, 0, 8, 257.47
1734261595, 120, 47, 78, 0, 0, 0.06%, 9, 0, 8, 263.32
1734261600, 120, 48, 78, 0, 0, 0.06%, 9, 0, 8, 263.52
1734261605, 121, 11, 78, 0, 0, 0.06%, 9, 0, 8, 261.21
1734261610, 121, 13, 78, 0, 0, 0.06%, 9, 0, 8, 252.88
1734261615, 121, 14, 78, 0, 0, 0.06%, 9, 0, 8, 263.47
1734261620, 121, 15, 78, 0, 0, 0.06%, 9, 0, 8, 249.42
1734261625, 121, 16, 78, 0, 0, 0.06%, 9, 0, 8, 250.27
1734261630, 121, 17, 78, 0, 0, 0.06%, 9, 0, 8, 257.15
1734261635, 121, 23, 78, 0, 0, 0.06%, 9, 0, 8, 266.27
1734261640, 121, 46, 78, 0, 0, 0.06%, 9, 0, 8, 259.35
1734261645, 121, 77, 78, 0, 0, 0.06%, 9, 0, 8, 281.87
1734261665, 122, 11, 78, 0, 0, 0.06%, 9, 0, 8, 253.83
1734261670, 122, 13, 78, 0, 0, 0.06%, 9, 0, 8, 248.40
1734261675, 122, 14, 78, 0, 0, 0.06%, 9, 0, 8, 267.67
1734261680, 122, 15, 78, 0, 0, 0.06%, 9, 0, 8, 259.00
1734261685, 122, 17, 78, 0, 0, 0.06%, 9, 0, 8, 260.54
1734261691, 122, 20, 78, 0, 0, 0.06%, 9, 0, 8, 255.68
1734261696, 122, 23, 78, 0, 0, 0.06%, 9, 0, 8, 254.84
1734261701, 122, 46, 78, 0, 0, 0.06%, 9, 0, 8, 254.19
1734261706, 122, 75, 78, 0, 0, 0.06%, 9, 0, 8, 258.06
1734261711, 123, 11, 78, 0, 0, 0.06%, 9, 0, 8, 273.86
1734261716, 123, 12, 78, 0, 0, 0.06%, 9, 0, 8, 267.14
1734261721, 123, 14, 78, 0, 0, 0.06%, 9, 0, 8, 245.32
1734261726, 123, 15, 78, 0, 0, 0.06%, 9, 0, 8, 258.51
1734261731, 123, 17, 78, 0, 0, 0.06%, 9, 0, 8, 260.36
1734261736, 123, 22, 78, 0, 0, 0.06%, 9, 0, 8, 271.06
1734261741, 123, 23, 78, 0, 0, 0.06%, 9, 0, 8, 271.15
1734261746, 123, 42, 78, 0, 0, 0.06%, 9, 0, 8, 276.65
1734261751, 123, 46, 78, 0, 0, 0.06%, 9, 0, 8, 267.25
1734261757, 123, 52, 78, 0, 0, 0.06%, 9, 0, 8, 276.25
1734261762, 124, 11, 78, 0, 0, 0.06%, 9, 0, 8, 286.28
1734261767, 124, 12, 78, 0, 0, 0.06%, 9, 0, 8, 256.74
1734261772, 124, 14, 78, 0, 0, 0.06%, 9, 0, 8, 246.20
1734261777, 124, 15, 78, 0, 0, 0.06%, 9, 0, 8, 253.60
1734261782, 124, 17, 78, 0, 0, 0.06%, 9, 0, 8, 273.07
1734261787, 124, 23, 78, 0, 0, 0.06%, 9, 0, 8, 256.48
1734261792, 124, 31, 78, 0, 0, 0.06%, 9, 0, 8, 280.62
1734261797, 124, 46, 78, 0, 0, 0.06%, 9, 0, 8, 268.66
1734261802, 124, 76, 78, 0, 0, 0.06%, 9, 0, 8, 294.99
1734261807, 125, 11, 78, 0, 0, 0.06%, 9, 0, 8, 276.23
1734261812, 125, 12, 78, 0, 0, 0.06%, 9, 0, 8, 262.00
1734261817, 125, 14, 78, 0, 0, 0.06%, 9, 0, 8, 245.36
1734261822, 125, 15, 78, 0, 0, 0.06%, 9, 0, 8, 255.02
1734261827, 125, 17, 78, 0, 0, 0.06%, 9, 0, 8, 259.67
1734261832, 125, 23, 78, 0, 0, 0.06%, 9, 0, 8, 262.95
1734261837, 125, 46, 78, 0, 0, 0.06%, 9, 0, 8, 251.73
1734261848, 126, 12, 78, 0, 0, 0.06%, 9, 0, 8, 264.47
1734261853, 126, 14, 78, 0, 0, 0.06%, 9, 0, 8, 246.97
1734261858, 126, 15, 78, 0, 0, 0.06%, 9, 0, 8, 259.19
1734261863, 126, 17, 78, 0, 0, 0.06%, 9, 0, 8, 267.05
1734261868, 126, 23, 78, 0, 0, 0.06%, 9, 0, 8, 257.01
1734261873, 126, 46, 78, 0, 0, 0.06%, 9, 0, 8, 265.34
1734261878, 127, 11, 78, 0, 0, 0.06%, 9, 0, 8, 273.51
1734261883, 127, 12, 78, 0, 0, 0.06%, 9, 0, 8, 254.12
1734261888, 127, 14, 78, 0, 0, 0.06%, 9, 0, 8, 243.16
1734261893, 127, 15, 78, 0, 0, 0.06%, 9, 0, 8, 249.93
1734261898, 127, 17, 78, 0, 0, 0.06%, 9, 0, 8, 259.80
1734261903, 127, 23, 78, 0, 0, 0.06%, 9, 0, 8, 266.38
1734261908, 127, 30, 78, 0, 0, 0.06%, 9, 0, 8, 280.97
1734261919, 127, 46, 78, 0, 0, 0.06%, 9, 0, 8, 263.34
1734261924, 127, 54, 78, 0, 0, 0.06%, 9, 0, 8, 268.73
1734261929, 128, 12, 78, 0, 0, 0.06%, 9, 0, 8, 258.82
1734261934, 128, 14, 78, 0, 0, 0.06%, 9, 0, 8, 257.40
1734261939, 128, 15, 78, 0, 0, 0.06%, 9, 0, 8, 267.75
1734261949, 128, 17, 78, 0, 0, 0.06%, 9, 0, 8, 272.52
1734261954, 128, 23, 78, 0, 0, 0.06%, 9, 0, 8, 254.50
1734261959, 128, 46, 78, 0, 0, 0.06%, 9, 0, 8, 257.18
1734261964, 129, 11, 78, 0, 0, 0.06%, 9, 0, 8, 264.03
1734261969, 129, 13, 78, 0, 0, 0.06%, 9, 0, 8, 260.60
1734261974, 129, 14, 78, 0, 0, 0.06%, 9, 0, 8, 240.56
1734261979, 129, 15, 78, 0, 0, 0.06%, 9, 0, 8, 260.54
1734261984, 129, 17, 78, 0, 0, 0.06%, 9, 0, 8, 257.64
1734261990, 129, 23, 78, 0, 0, 0.06%, 9, 0, 8, 255.47
1734261995, 129, 26, 78, 0, 0, 0.06%, 9, 0, 8, 272.44
1734262000, 129, 36, 78, 0, 0, 0.06%, 9, 0, 8, 269.44
1734262005, 129, 46, 78, 0, 0, 0.06%, 9, 0, 8, 284.75
1734262015, 130, 12, 78, 0, 0, 0.06%, 9, 0, 8, 252.42
1734262020, 130, 14, 78, 0, 0, 0.06%, 9, 0, 8, 256.54
1734262025, 130, 15, 78, 0, 0, 0.06%, 9, 0, 8, 260.44
1734262035, 130, 17, 78, 0, 0, 0.06%, 9, 0, 8, 272.70
1734262040, 130, 23, 78, 0, 0, 0.06%, 9, 0, 8, 266.63
1734262045, 130, 46, 78, 0, 0, 0.06%, 9, 0, 8, 257.60
1734262050, 130, 68, 78, 0, 0, 0.06%, 9, 0, 8, 294.28
1734262055, 130, 73, 78, 0, 0, 0.06%, 9, 0, 8, 298.14
1734262060, 131, 11, 78, 0, 0, 0.06%, 9, 0, 8, 273.26
1734262065, 131, 13, 78, 0, 0, 0.06%, 9, 0, 8, 263.37
1734262071, 131, 14, 78, 0, 0, 0.06%, 9, 0, 8, 260.33
1734262076, 131, 15, 78, 0, 0, 0.06%, 9, 0, 8, 245.56
1734262081, 131, 17, 78, 0, 0, 0.06%, 9, 0, 8, 280.69
1734262086, 131, 23, 78, 0, 0, 0.06%, 9, 0, 8, 267.90
1734262091, 131, 26, 78, 0, 0, 0.06%, 9, 0, 8, 263.71
1734262096, 131, 46, 78, 0, 0, 0.06%, 9, 0, 8, 246.85
1734262101, 131, 53, 78, 0, 0, 0.06%, 9, 0, 8, 274.41
1734262106, 131, 60, 78, 0, 0, 0.06%, 9, 0, 8, 274.00
1734262111, 132, 7, 78, 0, 0, 0.06%, 9, 0, 8, 266.93
1734262116, 132, 12, 78, 0, 0, 0.06%, 9, 0, 8, 267.34
1734262121, 132, 14, 78, 0, 0, 0.06%, 9, 0, 8, 249.74
1734262126, 132, 15, 78, 0, 0, 0.06%, 9, 0, 8, 260.53
1734262132, 132, 17, 78, 0, 0, 0.06%, 9, 0, 8, 275.17
1734262137, 132, 23, 78, 0, 0, 0.06%, 9, 0, 8, 261.72
1734262142, 132, 41, 78, 0, 0, 0.06%, 9, 0, 8, 264.17
1734262152, 132, 46, 78, 0, 0, 0.06%, 9, 0, 8, 255.64
1734262157, 132, 48, 78, 0, 0, 0.06%, 9, 0, 8, 269.71
1734262162, 132, 72, 78, 0, 0, 0.06%, 9, 0, 8, 276.67
1734262167, 133, 11, 78, 0, 0, 0.06%, 9, 0, 8, 260.54
1734262172, 133, 13, 78, 0, 0, 0.06%, 9, 0, 8, 261.80
1734262177, 133, 14, 78, 0, 0, 0.06%, 9, 0, 8, 255.11
1734262182, 133, 15, 78, 0, 0, 0.06%, 9, 0, 8, 250.69
1734262187, 133, 17, 78, 0, 0, 0.06%, 9, 0, 8, 257.94
1734262192, 133, 23, 78, 0, 0, 0.06%, 9, 0, 8, 259.01
1734262197, 133, 41, 78, 0, 0, 0.06%, 9, 0, 8, 257.25
1734262207, 133, 46, 78, 0, 0, 0.06%, 9, 0, 8, 261.33
1734262212, 134, 12, 78, 0, 0, 0.06%, 9, 0, 8, 262.06
1734262217, 134, 14, 78, 0, 0, 0.06%, 9, 0, 8, 255.84
1734262223, 134, 15, 78, 0, 0, 0.06%, 9, 0, 8, 264.18
1734262233, 134, 17, 78, 0, 0, 0.06%, 9, 0, 8, 271.46
1734262238, 134, 23, 78, 0, 0, 0.06%, 9, 0, 8, 266.70
1734262243, 134, 36, 78, 0, 0, 0.06%, 9, 0, 8, 273.17
1734262248, 134, 46, 78, 0, 0, 0.06%, 9, 0, 8, 267.89
1734262253, 134, 49, 78, 0, 0, 0.06%, 9, 0, 8, 264.95
1734262258, 134, 64, 78, 0, 0, 0.06%, 9, 0, 8, 292.59
1734262263, 135, 11, 78, 0, 0, 0.06%, 9, 0, 8, 266.51
1734262269, 135, 13, 78, 0, 0, 0.06%, 9, 0, 8, 247.26
1734262274, 135, 14, 78, 0, 0, 0.06%, 9, 0, 8, 250.87
1734262279, 135, 15, 78, 0, 0, 0.06%, 9, 0, 8, 257.40
1734262284, 135, 17, 78, 0, 0, 0.06%, 9, 0, 8, 261.76
1734262289, 135, 23, 78, 0, 0, 0.06%, 9, 0, 8, 270.66
1734262294, 135, 34, 78, 0, 0, 0.06%, 9, 0, 8, 275.11
1734262299, 135, 46, 78, 0, 0, 0.06%, 9, 0, 8, 248.99
1734262304, 135, 62, 78, 0, 0, 0.06%, 9, 0, 8, 273.32
1734262309, 136, 1, 78, 0, 0, 0.06%, 9, 0, 8, 266.08
1734262314, 136, 12, 78, 0, 0, 0.06%, 9, 0, 8, 260.47
1734262319, 136, 14, 78, 0, 0, 0.06%, 9, 0, 8, 251.64
1734262324, 136, 15, 78, 0, 0, 0.06%, 9, 0, 8, 260.42
1734262329, 136, 17, 78, 0, 0, 0.06%, 9, 0, 8, 276.27
1734262334, 136, 21, 78, 0, 0, 0.06%, 9, 0, 8, 274.57
1734262344, 136, 23, 78, 0, 0, 0.06%, 9, 0, 8, 257.60
1734262349, 136, 31, 78, 0, 0, 0.06%, 9, 0, 8, 277.98
1734262354, 136, 46, 78, 0, 0, 0.06%, 9, 0, 8, 262.08
1734262359, 136, 67, 78, 0, 0, 0.06%, 9, 0, 8, 277.50
1734262364, 137, 12, 78, 0, 0, 0.06%, 9, 0, 8, 257.83
1734262369, 137, 13, 78, 0, 0, 0.06%, 9, 0, 8, 259.91
1734262374, 137, 14, 78, 0, 0, 0.06%, 9, 0, 8, 249.65
1734262379, 137, 15, 78, 0, 0, 0.06%, 9, 0, 8, 250.77
1734262385, 137, 17, 78, 0, 0, 0.06%, 9, 0, 8, 257.32
1734262390, 137, 23, 78, 0, 0, 0.06%, 9, 0, 8, 247.81
1734262395, 137, 32, 78, 0, 0, 0.06%, 9, 0, 8, 281.97
1734262400, 137, 44, 78, 0, 0, 0.06%, 9, 0, 8, 282.52
1734262405, 137, 46, 78, 0, 0, 0.06%, 9, 0, 8, 258.74
1734262410, 137, 51, 78, 0, 0, 0.06%, 9, 0, 8, 260.11
1734262415, 137, 56, 78, 0, 0, 0.06%, 9, 0, 8, 286.75
1734262420, 137, 63, 78, 0, 0, 0.06%, 9, 0, 8, 295.93
1734262426, 137, 67, 78, 0, 0, 0.06%, 9, 0, 8, 287.30
1734262431, 137, 68, 78, 0, 0, 0.06%, 9, 0, 8, 322.25
1734262436, 137, 71, 78, 0, 0, 0.06%, 9, 0, 8, 288.92
1734262441, 138, 11, 78, 0, 0, 0.06%, 9, 0, 8, 271.49
1734262446, 138, 13, 78, 0, 0, 0.06%, 9, 0, 8, 247.02
1734262451, 138, 14, 78, 0, 0, 0.06%, 9, 0, 8, 257.62
1734262456, 138, 15, 78, 0, 0, 0.06%, 9, 0, 8, 263.25
1734262461, 138, 17, 78, 0, 0, 0.06%, 9, 0, 8, 264.16
1734262466, 138, 20, 78, 0, 0, 0.06%, 9, 0, 8, 258.64
1734262471, 138, 23, 78, 0, 0, 0.06%, 9, 0, 8, 260.97
1734262476, 138, 26, 78, 0, 0, 0.06%, 9, 0, 8, 275.65
1734262481, 138, 36, 78, 0, 0, 0.06%, 9, 0, 8, 269.46
1734262487, 138, 46, 78, 0, 0, 0.06%, 9, 0, 8, 277.41
1734262497, 138, 53, 78, 0, 0, 0.06%, 9, 0, 8, 272.94
1734262502, 138, 70, 78, 0, 0, 0.06%, 9, 0, 8, 277.87
1734262507, 139, 12, 78, 0, 0, 0.06%, 9, 0, 8, 253.46
1734262512, 139, 14, 78, 0, 0, 0.06%, 9, 0, 8, 255.77
1734262517, 139, 15, 78, 0, 0, 0.06%, 9, 0, 8, 259.59
1734262522, 139, 17, 78, 0, 0, 0.06%, 9, 0, 8, 267.20
1734262527, 139, 23, 78, 0, 0, 0.06%, 9, 0, 8, 268.63
1734262538, 139, 28, 78, 0, 0, 0.06%, 9, 0, 8, 279.91
1734262543, 139, 46, 78, 0, 0, 0.06%, 9, 0, 8, 271.63
1734262548, 139, 67, 78, 0, 0, 0.06%, 9, 0, 8, 274.61
1734262553, 140, 12, 78, 0, 0, 0.06%, 9, 0, 8, 263.92
1734262558, 140, 14, 78, 0, 0, 0.06%, 9, 0, 8, 251.75
1734262563, 140, 15, 78, 0, 0, 0.06%, 9, 0, 8, 254.30
1734262568, 140, 16, 78, 0, 0, 0.06%, 9, 0, 8, 261.73
1734262578, 140, 17, 78, 0, 0, 0.06%, 9, 0, 8, 281.55
1734262583, 140, 23, 78, 0, 0, 0.06%, 9, 0, 8, 261.42
1734262588, 140, 27, 78, 0, 0, 0.06%, 9, 0, 8, 270.88
1734262594, 140, 46, 78, 0, 0, 0.06%, 9, 0, 8, 268.39
1734262599, 141, 12, 78, 0, 0, 0.06%, 9, 0, 8, 270.71
1734262604, 141, 13, 78, 0, 0, 0.06%, 9, 0, 8, 268.69
1734262609, 141, 14, 78, 0, 0, 0.06%, 9, 0, 8, 267.30
1734262614, 141, 15, 78, 0, 0, 0.06%, 9, 0, 8, 257.51
1734262619, 141, 17, 78, 0, 0, 0.06%, 9, 0, 8, 268.39
1734262624, 141, 19, 78, 0, 0, 0.06%, 9, 0, 8, 256.76
1734262629, 141, 22, 78, 0, 0, 0.06%, 9, 0, 8, 271.15
1734262634, 141, 23, 78, 0, 0, 0.06%, 9, 0, 8, 254.77
1734262639, 141, 46, 78, 0, 0, 0.06%, 9, 0, 8, 251.66
1734262644, 142, 6, 78, 0, 0, 0.06%, 9, 0, 8, 273.45
1734262649, 142, 12, 78, 0, 0, 0.06%, 9, 0, 8, 257.86
1734262654, 142, 13, 78, 0, 0, 0.06%, 9, 0, 8, 264.60
1734262659, 142, 14, 78, 0, 0, 0.06%, 9, 0, 8, 255.00
1734262664, 142, 15, 78, 0, 0, 0.06%, 9, 0, 8, 258.18
1734262669, 142, 17, 78, 0, 0, 0.06%, 9, 0, 8, 256.75
1734262674, 142, 23, 78, 0, 0, 0.06%, 9, 0, 8, 246.02
1734262680, 142, 27, 78, 0, 0, 0.06%, 9, 0, 8, 275.31
1734262685, 142, 42, 78, 0, 0, 0.06%, 9, 0, 8, 291.10
1734262690, 142, 46, 78, 0, 0, 0.06%, 9, 0, 8, 277.65
1734262695, 142, 53, 78, 0, 0, 0.06%, 9, 0, 8, 273.88
1734262700, 142, 74, 78, 0, 0, 0.06%, 9, 0, 8, 286.98
1734262720, 143, 12, 78, 0, 0, 0.06%, 9, 0, 8, 271.61
1734262725, 143, 13, 78, 0, 0, 0.06%, 9, 0, 8, 259.95
1734262730, 143, 14, 78, 0, 0, 0.06%, 9, 0, 8, 264.18
1734262736, 143, 15, 78, 0, 0, 0.06%, 9, 0, 8, 267.38
1734262741, 143, 17, 78, 0, 0, 0.06%, 9, 0, 8, 268.00
1734262746, 143, 23, 78, 0, 0, 0.06%, 9, 0, 8, 268.68
1734262751, 143, 39, 78, 0, 0, 0.06%, 9, 0, 8, 289.41
1734262756, 143, 46, 78, 0, 0, 0.06%, 9, 0, 8, 270.74
1734262761, 143, 61, 78, 0, 0, 0.06%, 9, 0, 8, 283.18
1734262766, 143, 65, 78, 0, 0, 0.06%, 9, 0, 8, 298.33
1734262771, 144, 11, 78, 0, 0, 0.06%, 9, 0, 8, 269.12
1734262776, 144, 12, 78, 0, 0, 0.06%, 9, 0, 8, 274.83
1734262781, 144, 14, 78, 0, 0, 0.06%, 9, 0, 8, 247.23
1734262786, 144, 15, 78, 0, 0, 0.06%, 9, 0, 8, 254.44
1734262791, 144, 17, 78, 0, 0, 0.06%, 9, 0, 8, 257.51
1734262796, 144, 23, 78, 0, 0, 0.06%, 9, 0, 8, 254.16
1734262802, 144, 24, 78, 0, 0, 0.06%, 9, 0, 8, 247.85
1734262807, 144, 26, 78, 0, 0, 0.06%, 9, 0, 8, 264.99
1734262817, 144, 30, 78, 0, 0, 0.06%, 9, 0, 8, 267.17
1734262822, 144, 46, 78, 0, 0, 0.06%, 9, 0, 8, 249.58
1734262827, 144, 51, 78, 0, 0, 0.06%, 9, 0, 8, 267.92
1734262832, 144, 64, 78, 0, 0, 0.06%, 9, 0, 8, 282.97
1734262837, 145, 12, 78, 0, 0, 0.06%, 9, 0, 8, 256.30
1734262842, 145, 14, 78, 0, 0, 0.06%, 9, 0, 8, 252.43
1734262847, 145, 15, 78, 0, 0, 0.06%, 9, 0, 8, 254.88
1734262858, 145, 17, 78, 0, 0, 0.06%, 9, 0, 8, 273.22
1734262863, 145, 23, 78, 0, 0, 0.06%, 9, 0, 8, 276.58
1734262868, 145, 26, 78, 0, 0, 0.06%, 9, 0, 8, 274.28
1734262873, 145, 36, 78, 0, 0, 0.06%, 9, 0, 8, 283.73
1734262878, 145, 46, 78, 0, 0, 0.06%, 9, 0, 8, 278.76
1734262883, 145, 68, 78, 0, 0, 0.06%, 9, 0, 8, 303.65
1734262888, 146, 12, 78, 0, 0, 0.06%, 9, 0, 8, 267.52
1734262893, 146, 14, 78, 0, 0, 0.06%, 9, 0, 8, 255.26
1734262898, 146, 15, 78, 0, 0, 0.06%, 9, 0, 8, 255.91
1734262903, 146, 17, 78, 0, 0, 0.06%, 9, 0, 8, 269.81
1734262913, 146, 22, 78, 0, 0, 0.06%, 9, 0, 8, 270.05
1734262918, 146, 23, 78, 0, 0, 0.06%, 9, 0, 8, 256.01
1734262924, 146, 25, 78, 0, 0, 0.06%, 9, 0, 8, 289.83
1734262929, 146, 46, 78, 0, 0, 0.06%, 9, 0, 8, 258.64
1734262934, 146, 54, 78, 0, 0, 0.06%, 9, 0, 8, 276.54
1734262939, 146, 57, 78, 0, 0, 0.06%, 9, 0, 8, 275.79
1734262944, 146, 59, 78, 0, 0, 0.06%, 9, 0, 8, 270.91
1734262949, 146, 64, 78, 0, 0, 0.06%, 9, 0, 8, 288.62
1734262954, 147, 11, 78, 0, 0, 0.06%, 9, 0, 8, 269.71
1734262959, 147, 13, 78, 0, 0, 0.06%, 9, 0, 8, 262.65
1734262964, 147, 14, 78, 0, 0, 0.06%, 9, 0, 8, 252.60
1734262969, 147, 15, 78, 0, 0, 0.06%, 9, 0, 8, 250.99
1734262974, 147, 17, 78, 0, 0, 0.06%, 9, 0, 8, 256.84
1734262979, 147, 23, 78, 0, 0, 0.06%, 9, 0, 8, 262.62
1734262985, 147, 25, 78, 0, 0, 0.06%, 9, 0, 8, 304.63
1734262990, 147, 29, 78, 0, 0, 0.06%, 9, 0, 8, 281.38
1734262995, 147, 37, 78, 0, 0, 0.06%, 9, 0, 8, 281.23
1734263000, 147, 46, 78, 0, 0, 0.06%, 9, 0, 8, 263.56
1734263005, 147, 51, 78, 0, 0, 0.06%, 9, 0, 8, 267.76
1734263010, 148, 11, 78, 0, 0, 0.06%, 9, 0, 8, 253.93
1734263015, 148, 13, 78, 0, 0, 0.06%, 9, 0, 8, 259.39
1734263020, 148, 14, 78, 0, 0, 0.06%, 9, 0, 8, 242.68
1734263025, 148, 15, 78, 0, 0, 0.06%, 9, 0, 8, 268.72
1734263030, 148, 17, 78, 0, 0, 0.06%, 9, 0, 8, 268.37
1734263035, 148, 21, 78, 0, 0, 0.06%, 9, 0, 8, 277.12
1734263040, 148, 23, 78, 0, 0, 0.06%, 9, 0, 8, 261.19
1734263045, 148, 46, 78, 0, 0, 0.06%, 9, 0, 8, 252.67
1734263051, 148, 54, 78, 0, 0, 0.06%, 9, 0, 8, 257.33
1734263061, 148, 73, 78, 0, 0, 0.06%, 9, 0, 8, 280.85
1734263066, 149, 12, 78, 0, 0, 0.06%, 9, 0, 8, 260.47
1734263071, 149, 14, 78, 0, 0, 0.06%, 9, 0, 8, 257.55
1734263081, 149, 15, 78, 0, 0, 0.06%, 9, 0, 8, 268.72
1734263086, 149, 17, 78, 0, 0, 0.06%, 9, 0, 8, 274.74
1734263091, 149, 23, 78, 0, 0, 0.06%, 9, 0, 8, 272.28
1734263096, 149, 27, 78, 0, 0, 0.06%, 9, 0, 8, 260.14
1734263101, 149, 46, 78, 0, 0, 0.06%, 9, 0, 8, 266.19
1734263106, 149, 54, 78, 0, 0, 0.06%, 9, 0, 8, 270.88
1734263111, 149, 57, 78, 0, 0, 0.06%, 9, 0, 8, 275.92
1734263116, 149, 73, 78, 0, 0, 0.06%, 9, 0, 8, 301.01
1734263121, 150, 12, 78, 0, 0, 0.06%, 9, 0, 8, 264.71
1734263127, 150, 14, 78, 0, 0, 0.06%, 9, 0, 8, 249.79
1734263132, 150, 15, 78, 0, 0, 0.06%, 9, 0, 8, 267.60
1734263142, 150, 17, 78, 0, 0, 0.06%, 9, 0, 8, 276.85
1734263147, 150, 20, 78, 0, 0, 0.06%, 9, 0, 8, 249.92
1734263152, 150, 23, 78, 0, 0, 0.06%, 9, 0, 8, 265.67
1734263157, 150, 46, 78, 0, 0, 0.06%, 9, 0, 8, 256.54
1734263162, 150, 76, 78, 0, 0, 0.06%, 9, 0, 8, 291.84
1734263167, 151, 12, 78, 0, 0, 0.06%, 9, 0, 8, 265.14
1734263173, 151, 14, 78, 0, 0, 0.06%, 9, 0, 8, 258.50
1734263178, 151, 15, 78, 0, 0, 0.06%, 9, 0, 8, 258.13
1734263188, 151, 17, 78, 0, 0, 0.06%, 9, 0, 8, 273.12
1734263193, 151, 18, 78, 0, 0, 0.06%, 9, 0, 8, 259.74
1734263198, 151, 23, 78, 0, 0, 0.06%, 9, 0, 8, 251.64
1734263203, 151, 37, 78, 0, 0, 0.06%, 9, 0, 8, 275.52
1734263208, 151, 46, 78, 0, 0, 0.06%, 9, 0, 8, 264.87
1734263213, 151, 47, 78, 0, 0, 0.06%, 9, 0, 8, 263.64
1734263219, 151, 59, 78, 0, 0, 0.06%, 9, 0, 8, 280.81
1734263224, 152, 12, 78, 0, 0, 0.06%, 9, 0, 8, 264.64
1734263229, 152, 13, 78, 0, 0, 0.06%, 9, 0, 8, 258.92
1734263234, 152, 14, 78, 0, 0, 0.06%, 9, 0, 8, 256.10
1734263239, 152, 15, 78, 0, 0, 0.06%, 9, 0, 8, 272.64
1734263244, 152, 17, 78, 0, 0, 0.06%, 9, 0, 8, 267.62
1734263249, 152, 23, 78, 0, 0, 0.06%, 9, 0, 8, 268.92
1734263254, 152, 36, 78, 0, 0, 0.06%, 9, 0, 8, 266.18
1734263259, 152, 41, 78, 0, 0, 0.06%, 9, 0, 8, 271.36
1734263264, 152, 46, 78, 0, 0, 0.06%, 9, 0, 8, 243.65
1734263269, 152, 54, 78, 0, 0, 0.06%, 9, 0, 8, 266.11
1734263274, 153, 11, 78, 0, 0, 0.06%, 9, 0, 8, 264.28
1734263279, 153, 13, 78, 0, 0, 0.06%, 9, 0, 8, 249.11
1734263284, 153, 14, 78, 0, 0, 0.06%, 9, 0, 8, 254.93
1734263289, 153, 15, 78, 0, 0, 0.06%, 9, 0, 8, 261.56
1734263295, 153, 17, 78, 0, 0, 0.06%, 9, 0, 8, 253.52
1734263300, 153, 23, 78, 0, 0, 0.06%, 9, 0, 8, 252.67
1734263305, 153, 31, 78, 0, 0, 0.06%, 9, 0, 8, 295.76
1734263310, 153, 42, 78, 0, 0, 0.06%, 9, 0, 8, 290.72
1734263315, 153, 46, 78, 0, 0, 0.06%, 9, 0, 8, 264.16
1734263320, 153, 61, 78, 0, 0, 0.06%, 9, 0, 8, 278.69
1734263325, 154, 11, 78, 0, 0, 0.06%, 9, 0, 8, 272.29
1734263330, 154, 13, 78, 0, 0, 0.06%, 9, 0, 8, 245.91
1734263335, 154, 14, 78, 0, 0, 0.06%, 9, 0, 8, 247.30
1734263340, 154, 15, 78, 0, 0, 0.06%, 9, 0, 8, 260.82
1734263345, 154, 17, 78, 0, 0, 0.06%, 9, 0, 8, 268.29
1734263350, 154, 19, 78, 0, 0, 0.06%, 9, 0, 8, 264.21
1734263355, 154, 23, 78, 0, 0, 0.06%, 9, 0, 8, 258.88
1734263360, 154, 46, 78, 0, 0, 0.06%, 9, 0, 8, 263.31
1734263366, 154, 55, 78, 0, 0, 0.06%, 9, 0, 8, 258.32
1734263371, 154, 67, 78, 0, 0, 0.06%, 9, 0, 8, 265.11
1734263376, 155, 11, 78, 0, 0, 0.06%, 9, 0, 8, 272.60
1734263381, 155, 12, 78, 0, 0, 0.06%, 9, 0, 8, 263.45
1734263386, 155, 14, 78, 0, 0, 0.06%, 9, 0, 8, 241.05
1734263391, 155, 15, 78, 0, 0, 0.06%, 9, 0, 8, 259.74
1734263396, 155, 16, 78, 0, 0, 0.06%, 9, 0, 8, 251.80
1734263401, 155, 17, 78, 0, 0, 0.06%, 9, 0, 8, 263.53
1734263406, 155, 23, 78, 0, 0, 0.06%, 9, 0, 8, 268.66
1734263416, 155, 46, 78, 0, 0, 0.06%, 9, 0, 8, 291.12
1734263427, 155, 49, 78, 0, 0, 0.06%, 9, 0, 8, 275.21
1734263432, 155, 61, 78, 0, 0, 0.06%, 9, 0, 8, 286.12
1734263437, 156, 11, 78, 0, 0, 0.06%, 9, 0, 8, 255.53
1734263442, 156, 13, 78, 0, 0, 0.06%, 9, 0, 8, 253.93
1734263447, 156, 14, 78, 0, 0, 0.06%, 9, 0, 8, 261.83
1734263452, 156, 15, 78, 0, 0, 0.06%, 9, 0, 8, 268.10
1734263457, 156, 17, 78, 0, 0, 0.06%, 9, 0, 8, 263.69
1734263462, 156, 23, 78, 0, 0, 0.06%, 9, 0, 8, 276.18
1734263467, 156, 27, 78, 0, 0, 0.06%, 9, 0, 8, 268.54
1734263472, 156, 39, 78, 0, 0, 0.06%, 9, 0, 8, 297.13
1734263477, 156, 46, 78, 0, 0, 0.06%, 9, 0, 8, 270.15
1734263482, 157, 11, 78, 0, 0, 0.06%, 9, 0, 8, 258.25
1734263488, 157, 13, 78, 0, 0, 0.06%, 9, 0, 8, 250.13
1734263493, 157, 14, 78, 0, 0, 0.06%, 9, 0, 8, 254.53
1734263498, 157, 15, 78, 0, 0, 0.06%, 9, 0, 8, 256.49
1734263503, 157, 17, 78, 0, 0, 0.06%, 9, 0, 8, 258.74
1734263508, 157, 23, 78, 0, 0, 0.06%, 9, 0, 8, 253.04
1734263513, 157, 44, 78, 0, 0, 0.06%, 9, 0, 8, 275.48
1734263518, 157, 46, 78, 0, 0, 0.06%, 9, 0, 8, 263.86
1734263523, 157, 47, 78, 0, 0, 0.06%, 9, 0, 8, 264.60
1734263528, 158, 11, 78, 0, 0, 0.06%, 9, 0, 8, 253.44
1734263533, 158, 12, 78, 0, 0, 0.06%, 9, 0, 8, 266.45
1734263538, 158, 14, 78, 0, 0, 0.06%, 9, 0, 8, 249.82
1734263543, 158, 15, 78, 0, 0, 0.06%, 9, 0, 8, 258.67
1734263548, 158, 17, 78, 0, 0, 0.06%, 9, 0, 8, 267.32
1734263553, 158, 22, 78, 0, 0, 0.06%, 9, 0, 8, 280.17
1734263558, 158, 23, 78, 0, 0, 0.06%, 9, 0, 8, 264.55
1734263568, 158, 46, 78, 0, 0, 0.06%, 9, 0, 8, 275.72
1734263573, 159, 12, 78, 0, 0, 0.06%, 9, 0, 8, 260.60
1734263578, 159, 14, 78, 0, 0, 0.06%, 9, 0, 8, 244.49
1734263583, 159, 15, 78, 0, 0, 0.06%, 9, 0, 8, 254.67
1734263588, 159, 17, 78, 0, 0, 0.06%, 9, 0, 8, 270.59
1734263594, 159, 21, 78, 0, 0, 0.06%, 9, 0, 8, 274.66
1734263599, 159, 23, 78, 0, 0, 0.06%, 9, 0, 8, 264.89
1734263609, 159, 46, 78, 0, 0, 0.06%, 9, 0, 8, 251.14
1734263614, 159, 71, 78, 0, 0, 0.06%, 9, 0, 8, 280.12
1734263619, 160, 12, 78, 0, 0, 0.06%, 9, 0, 8, 268.38
1734263624, 160, 14, 78, 0, 0, 0.06%, 9, 0, 8, 247.65
1734263629, 160, 15, 78, 0, 0, 0.06%, 9, 0, 8, 258.32
1734263634, 160, 17, 78, 0, 0, 0.06%, 9, 0, 8, 264.06
1734263639, 160, 23, 78, 0, 0, 0.06%, 9, 0, 8, 255.30
1734263644, 160, 35, 78, 0, 0, 0.06%, 9, 0, 8, 271.13
1734263654, 160, 46, 78, 0, 0, 0.06%, 9, 0, 8, 250.03
1734263660, 161, 10, 78, 0, 0, 0.06%, 9, 0, 8, 248.81
1734263665, 161, 12, 78, 0, 0, 0.06%, 9, 0, 8, 250.30
1734263670, 161, 14, 78, 0, 0, 0.06%, 9, 0, 8, 252.68
1734263675, 161, 15, 78, 0, 0, 0.06%, 9, 0, 8, 267.15
1734263685, 161, 17, 78, 0, 0, 0.06%, 9, 0, 8, 267.48
1734263690, 161, 23, 78, 0, 0, 0.06%, 9, 0, 8, 286.10
1734263696, 161, 26, 78, 0, 0, 0.06%, 9, 0, 8, 285.83
1734263701, 161, 38, 78, 0, 0, 0.06%, 9, 0, 8, 276.91
1734263706, 161, 44, 78, 0, 0, 0.06%, 9, 0, 8, 288.90
1734263711, 161, 46, 78, 0, 0, 0.06%, 9, 0, 8, 265.17
1734263716, 161, 50, 78, 0, 0, 0.06%, 9, 0, 8, 264.19
1734263721, 161, 53, 78, 0, 0, 0.06%, 9, 0, 8, 277.04
1734263726, 161, 61, 78, 0, 0, 0.06%, 9, 0, 8, 276.53
1734263731, 161, 72, 78, 0, 0, 0.06%, 9, 0, 8, 287.72
1734263741, 162, 12, 78, 0, 0, 0.06%, 9, 0, 8, 272.89
1734263746, 162, 14, 78, 0, 0, 0.06%, 9, 0, 8, 250.26
1734263751, 162, 15, 78, 0, 0, 0.06%, 9, 0, 8, 249.21
1734263757, 162, 17, 78, 0, 0, 0.06%, 9, 0, 8, 263.86
1734263762, 162, 23, 78, 0, 0, 0.06%, 9, 0, 8, 267.71
1734263767, 162, 24, 78, 0, 0, 0.06%, 9, 0, 8, 260.79
1734263777, 162, 39, 78, 0, 0, 0.06%, 9, 0, 8, 304.27
1734263782, 162, 46, 78, 0, 0, 0.06%, 9, 0, 8, 280.01
1734263792, 162, 75, 78, 0, 0, 0.06%, 9, 0, 8, 277.41
1734263797, 163, 12, 78, 0, 0, 0.06%, 9, 0, 8, 264.59
1734263802, 163, 14, 78, 0, 0, 0.06%, 9, 0, 8, 259.22
1734263807, 163, 15, 78, 0, 0, 0.06%, 9, 0, 8, 262.88
1734263817, 163, 17, 78, 0, 0, 0.06%, 9, 0, 8, 270.58
1734263822, 163, 21, 78, 0, 0, 0.06%, 9, 0, 8, 273.81
1734263827, 163, 23, 78, 0, 0, 0.06%, 9, 0, 8, 277.26
1734263833, 163, 46, 78, 0, 0, 0.06%, 9, 0, 8, 275.04
1734263838, 163, 53, 78, 0, 0, 0.06%, 9, 0, 8, 280.62
1734263843, 163, 77, 78, 0, 0, 0.06%, 9, 0, 8, 318.43
1734263863, 164, 12, 78, 0, 0, 0.06%, 9, 0, 8, 268.31
1734263868, 164, 14, 78, 0, 0, 0.06%, 9, 0, 8, 251.59
1734263873, 164, 15, 78, 0, 0, 0.06%, 9, 0, 8, 268.41
1734263883, 164, 17, 78, 0, 0, 0.06%, 9, 0, 8, 270.96
1734263888, 164, 23, 78, 0, 0, 0.06%, 9, 0, 8, 265.39
1734263893, 164, 28, 78, 0, 0, 0.06%, 9, 0, 8, 281.69
1734263898, 164, 39, 78, 0, 0, 0.06%, 9, 0, 8, 288.94
1734263904, 164, 46, 78, 0, 0, 0.06%, 9, 0, 8, 277.23
1734263909, 164, 58, 78, 0, 0, 0.06%, 9, 0, 8, 280.34
1734263914, 165, 11, 78, 0, 0, 0.06%, 9, 0, 8, 254.29
1734263919, 165, 13, 78, 0, 0, 0.06%, 9, 0, 8, 257.26
1734263924, 165, 14, 78, 0, 0, 0.06%, 9, 0, 8, 248.53
1734263929, 165, 15, 78, 0, 0, 0.06%, 9, 0, 8, 262.99
1734263934, 165, 17, 78, 0, 0, 0.06%, 9, 0, 8, 267.74
1734263939, 165, 23, 78, 0, 0, 0.06%, 9, 0, 8, 258.78
1734263944, 165, 36, 78, 0, 0, 0.06%, 9, 0, 8, 272.98
1734263949, 165, 46, 78, 0, 0, 0.06%, 9, 0, 8, 262.01
1734263954, 165, 73, 78, 0, 0, 0.06%, 9, 0, 8, 262.63
1734263959, 166, 11, 78, 0, 0, 0.06%, 9, 0, 8, 276.10
1734263964, 166, 12, 78, 0, 0, 0.06%, 9, 0, 8, 262.32
1734263969, 166, 14, 78, 0, 0, 0.06%, 9, 0, 8, 246.83
1734263974, 166, 15, 78, 0, 0, 0.06%, 9, 0, 8, 260.26
1734263980, 166, 17, 78, 0, 0, 0.06%, 9, 0, 8, 266.62
1734263985, 166, 19, 78, 0, 0, 0.06%, 9, 0, 8, 265.69
1734263990, 166, 23, 78, 0, 0, 0.06%, 9, 0, 8, 257.30
1734263995, 166, 30, 78, 0, 0, 0.06%, 9, 0, 8, 265.22
1734264005, 166, 33, 78, 0, 0, 0.06%, 9, 0, 8, 276.05
1734264010, 166, 46, 78, 0, 0, 0.06%, 9, 0, 8, 259.45
1734264015, 166, 50, 78, 0, 0, 0.06%, 9, 0, 8, 251.23
1734264020, 166, 51, 78, 0, 0, 0.06%, 9, 0, 8, 271.37
1734264025, 166, 69, 78, 0, 0, 0.06%, 9, 0, 8, 285.19
