# unix_time, cycles_done, cur_path, paths_total, pending_total, pending_favs, map_size, unique_crashes, unique_hangs, max_depth, execs_per_sec
1734717533, 0, 0, 10, 10, 1, 0.00%, 0, 0, 1, 159.68
1734717538, 0, 4, 10, 10, 1, 0.00%, 0, 0, 1, 187.91
1734717543, 0, 5, 10, 9, 0, 0.00%, 0, 0, 1, 187.27
1734717554, 0, 6, 10, 8, 0, 0.00%, 0, 0, 1, 193.89
1734717559, 0, 7, 10, 7, 0, 0.00%, 0, 0, 1, 176.66
1734717569, 0, 8, 10, 6, 0, 0.00%, 0, 0, 1, 191.98
1734717574, 0, 9, 10, 5, 0, 0.00%, 0, 0, 1, 178.44
1734717585, 1, 0, 10, 4, 0, 0.00%, 0, 0, 1, 194.62
1734717595, 1, 1, 10, 3, 0, 0.00%, 0, 0, 1, 189.68
1734717605, 1, 2, 10, 2, 0, 0.00%, 0, 0, 1, 190.43
1734717616, 1, 3, 10, 1, 0, 0.00%, 0, 0, 1, 193.92
1734717626, 1, 4, 10, 0, 0, 0.00%, 0, 0, 1, 189.70
1734717631, 1, 5, 10, 0, 0, 0.00%, 0, 0, 1, 186.72
1734717636, 1, 10, 11, 1, 1, 0.05%, 1, 0, 2, 207.66
1734717641, 1, 10, 13, 3, 1, 0.05%, 3, 0, 3, 205.39
1734717651, 1, 10, 14, 4, 1, 0.06%, 4, 0, 3, 201.13
1734717702, 1, 10, 16, 6, 1, 0.06%, 4, 0, 3, 207.09
1734717773, 1, 11, 18, 7, 3, 0.06%, 6, 0, 4, 229.40
1734717803, 1, 11, 21, 10, 3, 0.06%, 6, 0, 4, 225.23
1734717808, 1, 12, 24, 12, 4, 0.06%, 8, 0, 4, 221.97
1734717844, 1, 13, 24, 11, 5, 0.06%, 8, 0, 4, 233.98
1734717849, 1, 13, 25, 12, 5, 0.06%, 8, 0, 4, 224.06
1734717884, 1, 16, 25, 11, 4, 0.06%, 8, 0, 4, 232.56
1734717899, 1, 16, 26, 12, 4, 0.06%, 8, 0, 5, 201.60
1734717909, 1, 16, 27, 13, 4, 0.06%, 8, 0, 5, 209.99
1734717945, 1, 16, 28, 14, 4, 0.06%, 8, 0, 5, 207.60
1734717991, 1, 16, 29, 15, 4, 0.06%, 8, 0, 5, 202.76
1734718016, 1, 17, 29, 14, 3, 0.06%, 8, 0, 5, 224.26
1734718062, 1, 21, 29, 13, 2, 0.06%, 8, 0, 5, 229.26
1734718082, 1, 21, 30, 14, 2, 0.06%, 8, 0, 5, 203.96
1734718097, 1, 21, 31, 15, 2, 0.06%, 8, 0, 5, 207.13
1734718158, 1, 21, 32, 16, 2, 0.06%, 8, 0, 5, 211.12
1734718173, 1, 21, 33, 17, 2, 0.06%, 8, 0, 5, 210.36
1734718178, 1, 21, 34, 18, 2, 0.06%, 8, 0, 5, 208.54
1734718188, 1, 21, 35, 19, 2, 0.06%, 8, 0, 5, 227.78
1734718193, 1, 22, 35, 18, 1, 0.06%, 8, 0, 5, 235.72
1734718198, 1, 22, 36, 19, 1, 0.06%, 8, 0, 5, 217.47
1734718203, 1, 22, 37, 20, 1, 0.06%, 8, 0, 5, 212.14
1734718274, 1, 22, 38, 21, 1, 0.06%, 8, 0, 5, 209.24
1734718314, 1, 22, 40, 23, 1, 0.06%, 8, 0, 5, 241.14
1734718324, 1, 36, 40, 22, 1, 0.06%, 8, 0, 5, 263.86
1734718345, 1, 36, 41, 23, 1, 0.06%, 8, 0, 6, 218.70
1734718395, 1, 37, 41, 22, 0, 0.06%, 8, 0, 6, 272.04
1734718421, 1, 37, 43, 24, 0, 0.06%, 8, 0, 6, 230.59
1734718426, 1, 37, 44, 25, 0, 0.06%, 8, 0, 6, 224.67
1734718436, 1, 37, 45, 26, 0, 0.06%, 8, 0, 6, 226.29
1734718441, 1, 37, 46, 27, 0, 0.06%, 8, 0, 6, 222.67
1734718523, 1, 38, 46, 26, 0, 0.06%, 8, 0, 6, 382.62
1734718554, 1, 40, 46, 25, 0, 0.06%, 8, 0, 6, 256.56
1734718574, 1, 40, 48, 27, 0, 0.06%, 8, 0, 7, 251.86
1734718584, 1, 42, 48, 26, 0, 0.06%, 8, 0, 7, 300.01
1734718594, 1, 42, 49, 27, 0, 0.06%, 8, 0, 7, 245.93
1734718630, 1, 46, 49, 26, 0, 0.06%, 8, 0, 7, 382.08
1734718640, 1, 46, 50, 27, 0, 0.06%, 8, 0, 8, 270.11
1734718676, 2, 11, 50, 26, 0, 0.06%, 8, 0, 8, 225.28
1734718681, 2, 12, 50, 26, 0, 0.06%, 8, 0, 8, 240.15
1734718686, 2, 16, 50, 26, 0, 0.06%, 8, 0, 8, 236.11
1734718691, 2, 17, 50, 26, 0, 0.06%, 8, 0, 8, 239.78
1734718696, 2, 17, 51, 27, 0, 0.06%, 8, 0, 8, 231.28
1734718701, 2, 17, 56, 32, 0, 0.06%, 8, 0, 8, 249.68
1734718706, 2, 21, 56, 32, 0, 0.06%, 8, 0, 8, 238.44
1734718712, 2, 24, 56, 32, 0, 0.06%, 8, 0, 8, 281.77
1734718732, 2, 24, 58, 34, 0, 0.06%, 8, 0, 8, 271.83
1734718742, 2, 27, 58, 33, 0, 0.06%, 8, 0, 8, 424.80
1734718762, 2, 27, 59, 34, 0, 0.06%, 8, 0, 8, 289.02
1734718788, 2, 30, 59, 33, 0, 0.06%, 8, 0, 8, 261.39
1734718813, 2, 36, 59, 32, 0, 0.06%, 8, 0, 8, 256.26
1734718818, 2, 44, 59, 32, 0, 0.06%, 8, 0, 8, 280.66
1734718874, 2, 45, 59, 31, 0, 0.06%, 8, 0, 8, 361.28
1734718905, 2, 48, 59, 30, 0, 0.06%, 8, 0, 8, 340.92
1734718935, 2, 49, 59, 29, 0, 0.06%, 8, 0, 8, 353.57
1734718986, 2, 49, 60, 30, 0, 0.06%, 8, 0, 9, 271.88
1734719032, 2, 53, 60, 29, 0, 0.06%, 8, 0, 9, 302.84
1734719063, 3, 10, 60, 28, 0, 0.06%, 8, 0, 9, 252.32
1734719068, 3, 12, 60, 28, 0, 0.06%, 8, 0, 9, 247.03
1734719073, 3, 16, 60, 28, 0, 0.06%, 8, 0, 9, 237.98
1734719083, 3, 17, 60, 28, 0, 0.06%, 8, 0, 9, 246.69
1734719088, 3, 18, 60, 28, 0, 0.06%, 8, 0, 9, 289.09
1734719114, 3, 21, 60, 27, 0, 0.06%, 8, 0, 9, 235.10
1734719119, 3, 23, 60, 27, 0, 0.06%, 8, 0, 9, 278.68
1734719150, 3, 34, 60, 26, 0, 0.06%, 8, 0, 9, 373.45
1734719175, 3, 35, 60, 25, 0, 0.06%, 8, 0, 9, 281.89
1734719221, 3, 36, 60, 24, 0, 0.06%, 8, 0, 9, 260.19
1734719226, 3, 43, 60, 24, 0, 0.06%, 8, 0, 9, 258.30
1734719261, 3, 45, 60, 23, 0, 0.06%, 8, 0, 9, 267.21
1734719266, 3, 49, 60, 23, 0, 0.06%, 8, 0, 9, 276.98
1734719271, 3, 58, 60, 23, 0, 0.06%, 8, 0, 9, 276.64
1734719322, 4, 10, 60, 22, 0, 0.06%, 8, 0, 9, 253.53
1734719327, 4, 11, 60, 22, 0, 0.06%, 8, 0, 9, 240.57
1734719332, 4, 13, 60, 22, 0, 0.06%, 8, 0, 9, 244.40
1734719337, 4, 14, 60, 22, 0, 0.06%, 8, 0, 9, 354.99
1734719347, 4, 14, 61, 23, 0, 0.06%, 8, 0, 9, 277.74
1734719368, 4, 16, 61, 22, 0, 0.06%, 8, 0, 9, 245.84
1734719373, 4, 17, 61, 22, 0, 0.06%, 8, 0, 9, 245.66
1734719378, 4, 19, 61, 22, 0, 0.06%, 8, 0, 9, 329.16
1734719409, 4, 21, 61, 21, 0, 0.06%, 8, 0, 9, 254.44
1734719414, 4, 29, 61, 21, 0, 0.06%, 8, 0, 9, 290.07
1734719444, 4, 33, 61, 20, 0, 0.06%, 8, 0, 9, 354.99
1734719495, 4, 36, 61, 19, 0, 0.06%, 8, 0, 9, 251.85
1734719500, 4, 41, 61, 19, 0, 0.06%, 8, 0, 9, 320.73
1734719531, 4, 52, 61, 18, 0, 0.06%, 8, 0, 9, 318.58
1734719556, 4, 54, 61, 17, 0, 0.06%, 8, 0, 9, 324.02
1734719577, 4, 54, 62, 18, 0, 0.06%, 8, 0, 9, 262.78
1734719607, 4, 55, 62, 17, 0, 0.06%, 8, 0, 9, 270.41
1734719637, 4, 55, 63, 18, 0, 0.06%, 8, 0, 9, 270.21
1734719642, 5, 11, 63, 17, 0, 0.06%, 8, 0, 9, 250.63
1734719647, 5, 13, 63, 17, 0, 0.06%, 8, 0, 9, 241.50
1734719653, 5, 16, 63, 17, 0, 0.06%, 8, 0, 9, 243.20
1734719658, 5, 17, 63, 17, 0, 0.06%, 8, 0, 9, 242.91
1734719663, 5, 21, 63, 17, 0, 0.06%, 8, 0, 9, 245.05
1734719668, 5, 29, 63, 17, 0, 0.06%, 8, 0, 9, 255.88
1734719673, 5, 36, 63, 17, 0, 0.06%, 8, 0, 9, 235.33
1734719683, 5, 39, 63, 17, 0, 0.06%, 8, 0, 9, 378.47
1734719708, 5, 40, 63, 16, 0, 0.06%, 8, 0, 9, 245.37
1734719713, 5, 50, 63, 16, 0, 0.06%, 8, 0, 9, 318.50
1734719748, 5, 59, 63, 15, 0, 0.06%, 8, 0, 9, 348.66
1734719850, 5, 59, 64, 16, 0, 0.06%, 8, 0, 10, 285.37
1734719881, 5, 63, 64, 15, 0, 0.06%, 8, 0, 10, 247.89
1734719886, 5, 63, 65, 16, 0, 0.06%, 8, 0, 11, 302.11
1734719993, 5, 63, 67, 18, 0, 0.06%, 8, 0, 11, 444.66
1734720626, 5, 63, 68, 19, 0, 0.06%, 8, 0, 11, 340.53
1734720687, 6, 11, 68, 18, 0, 0.06%, 8, 0, 11, 241.39
1734720692, 6, 13, 68, 18, 0, 0.06%, 8, 0, 11, 247.78
1734720697, 6, 16, 68, 18, 0, 0.06%, 8, 0, 11, 236.32
1734720702, 6, 17, 68, 18, 0, 0.06%, 8, 0, 11, 236.93
1734720707, 6, 18, 68, 18, 0, 0.06%, 8, 0, 11, 257.92
1734720712, 6, 21, 68, 18, 0, 0.06%, 8, 0, 11, 242.33
1734720717, 6, 32, 68, 18, 0, 0.06%, 8, 0, 11, 265.35
1734720748, 6, 36, 68, 17, 0, 0.06%, 8, 0, 11, 256.10
1734720753, 6, 51, 68, 17, 0, 0.06%, 8, 0, 11, 329.78
1734720804, 6, 57, 68, 16, 0, 0.06%, 8, 0, 11, 341.30
1734720834, 6, 65, 68, 15, 0, 0.06%, 8, 0, 11, 314.91
1734721052, 6, 66, 68, 14, 0, 0.06%, 8, 0, 11, 334.75
1734721271, 6, 67, 68, 13, 0, 0.06%, 8, 0, 11, 236.60
1734721276, 6, 67, 69, 14, 0, 0.06%, 8, 0, 12, 289.63
1734722020, 7, 12, 69, 13, 0, 0.06%, 8, 0, 12, 255.94
1734722025, 7, 16, 69, 13, 0, 0.06%, 8, 0, 12, 256.09
1734722035, 7, 17, 69, 13, 0, 0.06%, 8, 0, 12, 253.17
1734722040, 7, 20, 69, 13, 0, 0.06%, 8, 0, 12, 294.36
1734722066, 7, 21, 69, 12, 0, 0.06%, 8, 0, 12, 242.28
1734722071, 7, 25, 69, 12, 0, 0.06%, 8, 0, 12, 259.99
1734722101, 7, 36, 69, 11, 0, 0.06%, 8, 0, 12, 251.58
1734722106, 7, 43, 69, 11, 0, 0.06%, 8, 0, 12, 270.02
1734722111, 7, 47, 69, 11, 0, 0.06%, 8, 0, 12, 334.54
1734722213, 8, 11, 69, 10, 0, 0.06%, 8, 0, 12, 249.42
1734722218, 8, 13, 69, 10, 0, 0.06%, 8, 0, 12, 245.15
1734722223, 8, 16, 70, 11, 0, 0.06%, 8, 0, 12, 257.71
1734722228, 8, 17, 70, 11, 0, 0.06%, 8, 0, 12, 248.56
1734722233, 8, 21, 70, 11, 0, 0.06%, 8, 0, 12, 244.81
1734722238, 8, 26, 70, 11, 0, 0.06%, 8, 0, 12, 325.44
1734722269, 8, 36, 70, 10, 0, 0.06%, 8, 0, 12, 249.19
1734722274, 8, 68, 70, 10, 0, 0.06%, 8, 0, 12, 213.62
1734723044, 9, 7, 70, 9, 0, 0.06%, 8, 0, 12, 247.99
1734723049, 9, 12, 70, 9, 0, 0.06%, 8, 0, 12, 243.24
1734723054, 9, 14, 70, 9, 0, 0.06%, 8, 0, 12, 260.17
1734723059, 9, 16, 70, 9, 0, 0.06%, 8, 0, 12, 254.87
1734723064, 9, 17, 70, 9, 0, 0.06%, 8, 0, 12, 242.79
1734723069, 9, 21, 70, 9, 0, 0.06%, 8, 0, 12, 241.56
1734723075, 9, 28, 70, 9, 0, 0.06%, 8, 0, 12, 300.82
1734723100, 9, 31, 70, 8, 0, 0.06%, 8, 0, 12, 257.71
1734723161, 9, 31, 71, 9, 0, 0.06%, 8, 0, 12, 267.16
1734723166, 9, 34, 71, 8, 0, 0.06%, 8, 0, 12, 273.56
1734723172, 9, 36, 71, 8, 0, 0.06%, 8, 0, 12, 255.21
1734723177, 9, 54, 71, 8, 0, 0.06%, 8, 0, 12, 265.05
1734723187, 9, 56, 71, 8, 0, 0.06%, 8, 0, 12, 255.70
1734723217, 9, 61, 71, 7, 0, 0.06%, 8, 0, 12, 340.95
1734723339, 9, 64, 71, 6, 0, 0.06%, 8, 0, 12, 243.51
1734724124, 10, 10, 71, 5, 0, 0.06%, 8, 0, 12, 235.77
1734724129, 10, 12, 71, 5, 0, 0.06%, 8, 0, 12, 252.12
1734724134, 10, 13, 71, 5, 0, 0.06%, 8, 0, 12, 244.47
1734724140, 10, 15, 71, 5, 0, 0.06%, 8, 0, 12, 340.33
1734724160, 10, 16, 71, 4, 0, 0.06%, 8, 0, 12, 246.32
1734724165, 10, 17, 71, 4, 0, 0.06%, 8, 0, 12, 255.31
1734724170, 10, 21, 71, 4, 0, 0.06%, 8, 0, 12, 252.90
1734724175, 10, 36, 71, 4, 0, 0.06%, 8, 0, 12, 261.57
1734724180, 10, 49, 71, 4, 0, 0.06%, 8, 0, 12, 270.63
1734724190, 10, 65, 71, 4, 0, 0.06%, 8, 0, 12, 290.76
1734724205, 11, 11, 71, 4, 0, 0.06%, 8, 0, 12, 250.33
1734724211, 11, 13, 71, 4, 0, 0.06%, 8, 0, 12, 245.37
1734724216, 11, 16, 71, 4, 0, 0.06%, 8, 0, 12, 240.32
1734724221, 11, 17, 71, 4, 0, 0.06%, 8, 0, 12, 240.08
1734724226, 11, 21, 71, 4, 0, 0.06%, 8, 0, 12, 236.70
1734724231, 11, 22, 71, 4, 0, 0.06%, 8, 0, 12, 240.97
1734724236, 11, 29, 71, 4, 0, 0.06%, 8, 0, 12, 248.28
1734724241, 11, 31, 71, 4, 0, 0.06%, 8, 0, 12, 265.73
1734724247, 11, 36, 71, 4, 0, 0.06%, 8, 0, 12, 264.09
1734724252, 11, 59, 71, 4, 0, 0.06%, 8, 0, 12, 276.18
1734724272, 11, 70, 72, 5, 0, 0.06%, 8, 0, 12, 324.47
1734724404, 12, 11, 72, 4, 0, 0.06%, 8, 0, 12, 233.82
1734724409, 12, 13, 72, 4, 0, 0.06%, 8, 0, 12, 247.00
1734724415, 12, 16, 72, 4, 0, 0.06%, 8, 0, 12, 251.92
1734724420, 12, 17, 72, 4, 0, 0.06%, 8, 0, 12, 266.25
1734724425, 12, 21, 72, 4, 0, 0.06%, 8, 0, 12, 239.27
1734724430, 12, 36, 72, 4, 0, 0.06%, 8, 0, 12, 259.20
1734724435, 12, 46, 72, 4, 0, 0.06%, 8, 0, 12, 274.64
1734724440, 12, 60, 72, 4, 0, 0.06%, 8, 0, 12, 251.74
1734724603, 12, 62, 72, 3, 0, 0.06%, 8, 0, 12, 285.10
1734724873, 12, 70, 72, 2, 0, 0.06%, 8, 0, 12, 269.57
1734724898, 13, 12, 72, 2, 0, 0.06%, 8, 0, 12, 254.04
1734724903, 13, 16, 72, 2, 0, 0.06%, 8, 0, 12, 249.83
1734724908, 13, 17, 72, 2, 0, 0.06%, 8, 0, 12, 257.56
1734724918, 13, 21, 72, 2, 0, 0.06%, 8, 0, 12, 245.34
1734724923, 13, 36, 72, 2, 0, 0.06%, 8, 0, 12, 254.91
1734724928, 14, 11, 72, 2, 0, 0.06%, 8, 0, 12, 239.47
1734724933, 14, 13, 72, 2, 0, 0.06%, 8, 0, 12, 242.41
1734724938, 14, 16, 72, 2, 0, 0.06%, 8, 0, 12, 248.30
1734724944, 14, 17, 72, 2, 0, 0.06%, 8, 0, 12, 259.61
1734724949, 14, 20, 72, 2, 0, 0.06%, 8, 0, 12, 263.70
1734724954, 14, 21, 72, 2, 0, 0.06%, 8, 0, 12, 250.30
1734724959, 14, 36, 72, 2, 0, 0.06%, 8, 0, 12, 251.63
1734724964, 14, 57, 72, 2, 0, 0.06%, 8, 0, 12, 266.53
1734724974, 15, 11, 72, 2, 0, 0.06%, 8, 0, 12, 243.81
1734724979, 15, 12, 72, 2, 0, 0.06%, 8, 0, 12, 245.73
1734724985, 15, 16, 72, 2, 0, 0.06%, 8, 0, 12, 239.45
1734724990, 15, 17, 72, 2, 0, 0.06%, 8, 0, 12, 238.82
1734724995, 15, 21, 72, 2, 0, 0.06%, 8, 0, 12, 244.67
1734725005, 15, 31, 72, 2, 0, 0.06%, 8, 0, 12, 263.13
1734725010, 15, 36, 72, 2, 0, 0.06%, 8, 0, 12, 255.66
1734725015, 15, 47, 72, 2, 0, 0.06%, 8, 0, 12, 277.30
1734725020, 15, 50, 72, 2, 0, 0.06%, 8, 0, 12, 270.66
1734725030, 15, 61, 72, 2, 0, 0.06%, 8, 0, 12, 275.04
1734725036, 16, 12, 72, 2, 0, 0.06%, 8, 0, 12, 270.19
1734725041, 16, 13, 72, 2, 0, 0.06%, 8, 0, 12, 263.00
1734725046, 16, 16, 72, 2, 0, 0.06%, 8, 0, 12, 267.83
1734725051, 16, 17, 72, 2, 0, 0.06%, 8, 0, 12, 253.41
1734725056, 16, 21, 72, 2, 0, 0.06%, 8, 0, 12, 241.34
1734725061, 16, 36, 72, 2, 0, 0.06%, 8, 0, 12, 259.82
1734725066, 16, 55, 72, 2, 0, 0.06%, 8, 0, 12, 271.30
1734725076, 16, 56, 72, 2, 0, 0.06%, 8, 0, 12, 251.25
1734725086, 16, 69, 72, 2, 0, 0.06%, 8, 0, 12, 281.68
1734725214, 17, 11, 72, 1, 0, 0.06%, 8, 0, 12, 245.11
1734725219, 17, 13, 72, 1, 0, 0.06%, 8, 0, 12, 249.86
1734725224, 17, 16, 72, 1, 0, 0.06%, 8, 0, 12, 241.65
1734725229, 17, 17, 72, 1, 0, 0.06%, 8, 0, 12, 247.63
1734725234, 17, 21, 72, 1, 0, 0.06%, 8, 0, 12, 253.71
1734725239, 17, 30, 72, 1, 0, 0.06%, 8, 0, 12, 243.69
1734725244, 17, 36, 72, 1, 0, 0.06%, 8, 0, 12, 255.79
1734725249, 17, 37, 72, 1, 0, 0.06%, 8, 0, 12, 253.53
1734725259, 17, 66, 72, 1, 0, 0.06%, 8, 0, 12, 288.76
1734725275, 18, 11, 72, 1, 0, 0.06%, 8, 0, 12, 252.55
1734725280, 18, 13, 72, 1, 0, 0.06%, 8, 0, 12, 253.09
1734725285, 18, 16, 72, 1, 0, 0.06%, 8, 0, 12, 253.12
1734725290, 18, 17, 72, 1, 0, 0.06%, 8, 0, 12, 256.02
1734725295, 18, 18, 72, 1, 0, 0.06%, 8, 0, 12, 259.00
1734725300, 18, 21, 72, 1, 0, 0.06%, 8, 0, 12, 242.80
1734725305, 18, 27, 72, 1, 0, 0.06%, 8, 0, 12, 262.80
1734725310, 18, 36, 72, 1, 0, 0.06%, 8, 0, 12, 248.67
1734725316, 18, 47, 72, 1, 0, 0.06%, 8, 0, 12, 280.72
1734725321, 18, 49, 72, 1, 0, 0.06%, 8, 0, 12, 270.47
1734725331, 18, 56, 72, 1, 0, 0.06%, 8, 0, 12, 271.63
1734725336, 18, 71, 72, 1, 0, 0.06%, 8, 0, 12, 363.61
1734725483, 19, 11, 72, 0, 0, 0.06%, 8, 0, 12, 258.15
1734725488, 19, 13, 72, 0, 0, 0.06%, 8, 0, 12, 249.50
1734725493, 19, 16, 72, 0, 0, 0.06%, 8, 0, 12, 241.79
1734725498, 19, 17, 72, 0, 0, 0.06%, 8, 0, 12, 234.00
1734725503, 19, 21, 72, 0, 0, 0.06%, 8, 0, 12, 243.30
1734725509, 19, 36, 72, 0, 0, 0.06%, 8, 0, 12, 244.64
1734725514, 19, 38, 72, 0, 0, 0.06%, 8, 0, 12, 268.86
1734725519, 19, 50, 72, 0, 0, 0.06%, 8, 0, 12, 275.44
1734725529, 19, 64, 72, 0, 0, 0.06%, 8, 0, 12, 316.83
1734725544, 19, 65, 72, 0, 0, 0.06%, 8, 0, 12, 270.32
1734725549, 20, 11, 72, 0, 0, 0.06%, 8, 0, 12, 252.45
1734725555, 20, 13, 72, 0, 0, 0.06%, 8, 0, 12, 251.59
1734725560, 20, 16, 72, 0, 0, 0.06%, 8, 0, 12, 240.93
1734725565, 20, 17, 72, 0, 0, 0.06%, 8, 0, 12, 242.60
1734725570, 20, 21, 72, 0, 0, 0.06%, 8, 0, 12, 241.62
1734725580, 20, 36, 72, 0, 0, 0.06%, 8, 0, 12, 262.29
1734725585, 20, 60, 73, 1, 0, 0.06%, 8, 0, 12, 276.76
1734725590, 20, 61, 73, 1, 0, 0.06%, 8, 0, 12, 279.40
1734725595, 21, 12, 73, 1, 0, 0.06%, 8, 0, 12, 251.93
1734725601, 21, 16, 73, 1, 0, 0.06%, 8, 0, 12, 256.19
1734725611, 21, 17, 73, 1, 0, 0.06%, 8, 0, 12, 246.51
1734725616, 21, 21, 73, 1, 0, 0.06%, 8, 0, 12, 259.49
1734725621, 21, 36, 73, 1, 0, 0.06%, 8, 0, 12, 256.52
1734725626, 21, 60, 73, 1, 0, 0.06%, 8, 0, 12, 284.38
1734725631, 21, 66, 73, 1, 0, 0.06%, 8, 0, 12, 293.22
1734725641, 21, 70, 73, 1, 0, 0.06%, 8, 0, 12, 284.33
1734725651, 21, 72, 73, 1, 0, 0.06%, 8, 0, 12, 396.93
1734725656, 21, 72, 74, 2, 0, 0.06%, 8, 0, 12, 446.68
1734725743, 22, 12, 74, 1, 0, 0.06%, 8, 0, 12, 249.26
1734725748, 22, 16, 74, 1, 0, 0.06%, 8, 0, 12, 253.92
1734725758, 22, 17, 74, 1, 0, 0.06%, 8, 0, 12, 245.54
1734725763, 22, 21, 74, 1, 0, 0.06%, 8, 0, 12, 239.24
1734725768, 22, 22, 74, 1, 0, 0.06%, 8, 0, 12, 248.09
1734725773, 22, 36, 74, 1, 0, 0.06%, 8, 0, 12, 249.42
1734725778, 22, 73, 74, 1, 0, 0.06%, 8, 0, 12, 364.23
1734725869, 23, 9, 74, 0, 0, 0.06%, 8, 0, 12, 252.71
1734725874, 23, 12, 74, 0, 0, 0.06%, 8, 0, 12, 249.33
1734725879, 23, 16, 74, 0, 0, 0.06%, 8, 0, 12, 251.15
1734725885, 23, 17, 74, 0, 0, 0.06%, 8, 0, 12, 261.17
1734725895, 23, 21, 74, 0, 0, 0.06%, 8, 0, 12, 264.49
1734725900, 23, 36, 74, 0, 0, 0.06%, 8, 0, 12, 269.49
1734725905, 23, 70, 74, 0, 0, 0.06%, 8, 0, 12, 275.09
1734725910, 24, 12, 74, 0, 0, 0.06%, 8, 0, 12, 252.13
1734725915, 24, 13, 74, 0, 0, 0.06%, 8, 0, 12, 259.88
1734725920, 24, 16, 74, 0, 0, 0.06%, 8, 0, 12, 254.55
1734725925, 24, 17, 74, 0, 0, 0.06%, 8, 0, 12, 251.74
1734725930, 24, 21, 74, 0, 0, 0.06%, 8, 0, 12, 245.78
1734725936, 24, 31, 74, 0, 0, 0.06%, 8, 0, 12, 263.56
1734725941, 24, 32, 74, 0, 0, 0.06%, 8, 0, 12, 250.14
1734725946, 24, 36, 74, 0, 0, 0.06%, 8, 0, 12, 257.88
1734725951, 24, 38, 74, 0, 0, 0.06%, 8, 0, 12, 269.93
1734725956, 24, 52, 74, 0, 0, 0.06%, 8, 0, 12, 268.47
1734725966, 25, 2, 74, 0, 0, 0.06%, 8, 0, 12, 241.42
1734725971, 25, 12, 74, 0, 0, 0.06%, 8, 0, 12, 245.43
1734725976, 25, 16, 74, 0, 0, 0.06%, 8, 0, 12, 251.45
1734725982, 25, 17, 74, 0, 0, 0.06%, 8, 0, 12, 255.78
1734725992, 25, 21, 74, 0, 0, 0.06%, 8, 0, 12, 257.58
1734725997, 25, 36, 74, 0, 0, 0.06%, 8, 0, 12, 261.71
1734726002, 25, 51, 74, 0, 0, 0.06%, 8, 0, 12, 290.19
1734726012, 25, 68, 74, 0, 0, 0.06%, 8, 0, 12, 346.68
1734726027, 25, 69, 74, 0, 0, 0.06%, 8, 0, 12, 292.12
1734726047, 26, 11, 74, 0, 0, 0.06%, 8, 0, 12, 236.19
1734726052, 26, 13, 74, 0, 0, 0.06%, 8, 0, 12, 243.49
1734726057, 26, 16, 74, 0, 0, 0.06%, 8, 0, 12, 258.06
1734726062, 26, 17, 74, 0, 0, 0.06%, 8, 0, 12, 253.57
1734726067, 26, 21, 74, 0, 0, 0.06%, 8, 0, 12, 242.66
1734726072, 26, 36, 74, 0, 0, 0.06%, 8, 0, 12, 252.80
1734726077, 26, 40, 74, 0, 0, 0.06%, 8, 0, 12, 252.53
1734726082, 26, 44, 74, 0, 0, 0.06%, 8, 0, 12, 248.25
1734726088, 26, 49, 74, 0, 0, 0.06%, 8, 0, 12, 264.12
1734726098, 26, 55, 74, 0, 0, 0.06%, 8, 0, 12, 265.43
1734726103, 27, 11, 74, 0, 0, 0.06%, 8, 0, 12, 238.15
1734726108, 27, 12, 74, 0, 0, 0.06%, 8, 0, 12, 239.30
1734726113, 27, 16, 74, 0, 0, 0.06%, 8, 0, 12, 243.68
1734726118, 27, 17, 74, 0, 0, 0.06%, 8, 0, 12, 250.06
1734726123, 27, 21, 74, 0, 0, 0.06%, 8, 0, 12, 256.13
1734726128, 27, 36, 74, 0, 0, 0.06%, 8, 0, 12, 253.76
1734726138, 27, 40, 74, 0, 0, 0.06%, 8, 0, 12, 267.22
1734726143, 27, 50, 74, 0, 0, 0.06%, 8, 0, 12, 279.50
1734726148, 28, 11, 74, 0, 0, 0.06%, 8, 0, 12, 254.59
1734726153, 28, 13, 74, 0, 0, 0.06%, 8, 0, 12, 251.38
1734726158, 28, 14, 74, 0, 0, 0.06%, 8, 0, 12, 255.74
1734726163, 28, 16, 74, 0, 0, 0.06%, 8, 0, 12, 266.66
1734726168, 28, 17, 74, 0, 0, 0.06%, 8, 0, 12, 254.46
1734726174, 28, 18, 74, 0, 0, 0.06%, 8, 0, 12, 266.51
1734726179, 28, 21, 74, 0, 0, 0.06%, 8, 0, 12, 249.60
1734726184, 28, 36, 74, 0, 0, 0.06%, 8, 0, 12, 232.30
1734726189, 28, 71, 74, 0, 0, 0.06%, 8, 0, 12, 286.44
1734726220, 29, 4, 74, 0, 0, 0.06%, 8, 0, 12, 272.75
1734726225, 29, 12, 74, 0, 0, 0.06%, 8, 0, 12, 252.09
1734726230, 29, 16, 74, 0, 0, 0.06%, 8, 0, 12, 252.61
1734726235, 29, 17, 74, 0, 0, 0.06%, 8, 0, 12, 239.25
1734726245, 29, 21, 74, 0, 0, 0.06%, 8, 0, 12, 263.33
1734726250, 29, 36, 74, 0, 0, 0.06%, 8, 0, 12, 247.12
1734726255, 29, 64, 74, 0, 0, 0.06%, 8, 0, 12, 278.20
1734726260, 30, 11, 74, 0, 0, 0.06%, 8, 0, 12, 254.83
1734726266, 30, 13, 74, 0, 0, 0.06%, 8, 0, 12, 251.19
1734726271, 30, 16, 74, 0, 0, 0.06%, 8, 0, 12, 251.00
1734726276, 30, 17, 74, 0, 0, 0.06%, 8, 0, 12, 250.91
1734726281, 30, 21, 74, 0, 0, 0.06%, 8, 0, 12, 246.14
1734726286, 30, 22, 74, 0, 0, 0.06%, 8, 0, 12, 241.41
1734726291, 30, 28, 74, 0, 0, 0.06%, 8, 0, 12, 247.51
1734726296, 30, 36, 74, 0, 0, 0.06%, 8, 0, 12, 245.56
1734726301, 30, 67, 74, 0, 0, 0.06%, 8, 0, 12, 327.33
1734726316, 31, 11, 74, 0, 0, 0.06%, 8, 0, 12, 249.99
1734726321, 31, 13, 74, 0, 0, 0.06%, 8, 0, 12, 249.89
1734726327, 31, 16, 74, 0, 0, 0.06%, 8, 0, 12, 246.45
1734726332, 31, 17, 74, 0, 0, 0.06%, 8, 0, 12, 248.90
1734726337, 31, 18, 74, 0, 0, 0.06%, 8, 0, 12, 257.00
1734726342, 31, 21, 74, 0, 0, 0.06%, 8, 0, 12, 262.50
1734726347, 31, 36, 74, 0, 0, 0.06%, 8, 0, 12, 261.46
1734726357, 31, 69, 74, 0, 0, 0.06%, 8, 0, 12, 262.03
1734726362, 32, 12, 74, 0, 0, 0.06%, 8, 0, 12, 256.38
1734726367, 32, 16, 74, 0, 0, 0.06%, 8, 0, 12, 238.65
1734726372, 32, 17, 74, 0, 0, 0.06%, 8, 0, 12, 259.55
1734726382, 32, 21, 74, 0, 0, 0.06%, 8, 0, 12, 253.69
1734726387, 32, 24, 74, 0, 0, 0.06%, 8, 0, 12, 254.75
1734726392, 32, 36, 74, 0, 0, 0.06%, 8, 0, 12, 255.92
1734726397, 32, 61, 74, 0, 0, 0.06%, 8, 0, 12, 261.52
1734726402, 32, 67, 74, 0, 0, 0.06%, 8, 0, 12, 322.88
1734726413, 32, 70, 74, 0, 0, 0.06%, 8, 0, 12, 278.73
1734726418, 33, 12, 74, 0, 0, 0.06%, 8, 0, 12, 254.49
1734726423, 33, 16, 74, 0, 0, 0.06%, 8, 0, 12, 249.21
1734726428, 33, 17, 74, 0, 0, 0.06%, 8, 0, 12, 248.92
1734726433, 33, 21, 74, 0, 0, 0.06%, 8, 0, 12, 247.38
1734726438, 33, 27, 74, 0, 0, 0.06%, 8, 0, 12, 237.29
1734726443, 33, 36, 74, 0, 0, 0.06%, 8, 0, 12, 266.74
1734726453, 33, 53, 74, 0, 0, 0.06%, 8, 0, 12, 255.76
1734726463, 34, 11, 74, 0, 0, 0.06%, 8, 0, 12, 253.77
1734726468, 34, 13, 74, 0, 0, 0.06%, 8, 0, 12, 252.16
1734726473, 34, 16, 74, 0, 0, 0.06%, 8, 0, 12, 251.45
1734726478, 34, 17, 74, 0, 0, 0.06%, 8, 0, 12, 236.46
1734726483, 34, 21, 74, 0, 0, 0.06%, 8, 0, 12, 244.75
1734726489, 34, 29, 74, 0, 0, 0.06%, 8, 0, 12, 268.74
1734726494, 34, 36, 74, 0, 0, 0.06%, 8, 0, 12, 265.05
1734726499, 34, 44, 74, 0, 0, 0.06%, 8, 0, 12, 271.58
1734726504, 34, 60, 74, 0, 0, 0.06%, 8, 0, 12, 279.11
1734726514, 34, 69, 74, 0, 0, 0.06%, 8, 0, 12, 276.55
1734726519, 35, 12, 74, 0, 0, 0.06%, 8, 0, 12, 256.61
1734726524, 35, 16, 74, 0, 0, 0.06%, 8, 0, 12, 258.59
1734726534, 35, 17, 74, 0, 0, 0.06%, 8, 0, 12, 263.44
1734726539, 35, 21, 74, 0, 0, 0.06%, 8, 0, 12, 248.63
1734726544, 35, 34, 74, 0, 0, 0.06%, 8, 0, 12, 274.54
1734726549, 35, 36, 74, 0, 0, 0.06%, 8, 0, 12, 251.98
1734726554, 35, 55, 74, 0, 0, 0.06%, 8, 0, 12, 253.59
1734726559, 36, 11, 74, 0, 0, 0.06%, 8, 0, 12, 257.15
1734726564, 36, 13, 74, 0, 0, 0.06%, 8, 0, 12, 249.40
1734726569, 36, 16, 74, 0, 0, 0.06%, 8, 0, 12, 247.93
1734726575, 36, 17, 74, 0, 0, 0.06%, 8, 0, 12, 252.79
1734726580, 36, 21, 74, 0, 0, 0.06%, 8, 0, 12, 232.76
1734726585, 36, 36, 74, 0, 0, 0.06%, 8, 0, 12, 264.22
1734726590, 36, 46, 74, 0, 0, 0.06%, 8, 0, 12, 250.74
1734726600, 36, 51, 74, 0, 0, 0.06%, 8, 0, 12, 262.65
1734726605, 36, 58, 74, 0, 0, 0.06%, 8, 0, 12, 294.92
1734726615, 37, 12, 74, 0, 0, 0.06%, 8, 0, 12, 259.95
1734726620, 37, 13, 74, 0, 0, 0.06%, 8, 0, 12, 264.06
1734726625, 37, 16, 74, 0, 0, 0.06%, 8, 0, 12, 249.50
1734726630, 37, 17, 74, 0, 0, 0.06%, 8, 0, 12, 258.15
1734726635, 37, 21, 74, 0, 0, 0.06%, 8, 0, 12, 257.09
1734726640, 37, 36, 74, 0, 0, 0.06%, 8, 0, 12, 261.09
1734726645, 37, 57, 74, 0, 0, 0.06%, 8, 0, 12, 266.74
1734726650, 37, 61, 74, 0, 0, 0.06%, 8, 0, 12, 280.11
1734726656, 37, 71, 74, 0, 0, 0.06%, 8, 0, 12, 292.93
1734726671, 38, 11, 74, 0, 0, 0.06%, 8, 0, 12, 264.19
1734726676, 38, 12, 74, 0, 0, 0.06%, 8, 0, 12, 255.39
1734726681, 38, 14, 74, 0, 0, 0.06%, 8, 0, 12, 264.70
1734726686, 38, 16, 74, 0, 0, 0.06%, 8, 0, 12, 253.19
1734726691, 38, 17, 74, 0, 0, 0.06%, 8, 0, 12, 253.01
1734726696, 38, 21, 74, 0, 0, 0.06%, 8, 0, 12, 263.52
1734726701, 38, 30, 74, 0, 0, 0.06%, 8, 0, 12, 260.96
1734726706, 38, 36, 74, 0, 0, 0.06%, 8, 0, 12, 252.55
1734726711, 38, 58, 74, 0, 0, 0.06%, 8, 0, 12, 278.77
1734726716, 38, 65, 74, 0, 0, 0.06%, 8, 0, 12, 276.69
1734726726, 39, 11, 74, 0, 0, 0.06%, 8, 0, 12, 254.49
1734726731, 39, 13, 74, 0, 0, 0.06%, 8, 0, 12, 263.65
1734726737, 39, 16, 74, 0, 0, 0.06%, 8, 0, 12, 251.32
1734726742, 39, 17, 74, 0, 0, 0.06%, 8, 0, 12, 243.64
1734726747, 39, 21, 74, 0, 0, 0.06%, 8, 0, 12, 254.23
1734726752, 39, 36, 74, 0, 0, 0.06%, 8, 0, 12, 240.36
1734726757, 39, 47, 74, 0, 0, 0.06%, 8, 0, 12, 270.09
1734726762, 40, 11, 74, 0, 0, 0.06%, 8, 0, 12, 258.99
1734726767, 40, 13, 74, 0, 0, 0.06%, 8, 0, 12, 257.49
1734726772, 40, 16, 74, 0, 0, 0.06%, 8, 0, 12, 253.77
1734726777, 40, 17, 74, 0, 0, 0.06%, 8, 0, 12, 251.62
1734726782, 40, 21, 74, 0, 0, 0.06%, 8, 0, 12, 248.56
1734726787, 40, 24, 74, 0, 0, 0.06%, 8, 0, 12, 248.09
1734726797, 40, 25, 74, 0, 0, 0.06%, 8, 0, 12, 257.26
1734726802, 40, 29, 74, 0, 0, 0.06%, 8, 0, 12, 271.60
1734726808, 40, 36, 74, 0, 0, 0.06%, 8, 0, 12, 265.93
1734726813, 40, 54, 74, 0, 0, 0.06%, 8, 0, 12, 277.86
1734726818, 40, 59, 74, 0, 0, 0.06%, 8, 0, 12, 275.30
1734726828, 40, 65, 74, 0, 0, 0.06%, 8, 0, 12, 291.90
1734726833, 41, 11, 74, 0, 0, 0.06%, 8, 0, 12, 261.07
1734726838, 41, 13, 74, 0, 0, 0.06%, 8, 0, 12, 259.32
1734726843, 41, 16, 74, 0, 0, 0.06%, 8, 0, 12, 250.95
1734726848, 41, 17, 74, 0, 0, 0.06%, 8, 0, 12, 249.42
1734726853, 41, 21, 74, 0, 0, 0.06%, 8, 0, 12, 247.05
1734726858, 41, 36, 74, 0, 0, 0.06%, 8, 0, 12, 251.36
1734726863, 41, 45, 74, 0, 0, 0.06%, 8, 0, 12, 256.60
1734726868, 41, 48, 74, 0, 0, 0.06%, 8, 0, 12, 265.67
1734726879, 41, 52, 74, 0, 0, 0.06%, 8, 0, 12, 256.54
1734726884, 41, 61, 74, 0, 0, 0.06%, 8, 0, 12, 270.29
1734726889, 42, 12, 74, 0, 0, 0.06%, 8, 0, 12, 253.90
1734726894, 42, 16, 74, 0, 0, 0.06%, 8, 0, 12, 246.11
1734726899, 42, 17, 74, 0, 0, 0.06%, 8, 0, 12, 245.27
1734726904, 42, 21, 74, 0, 0, 0.06%, 8, 0, 12, 264.01
1734726914, 42, 29, 74, 0, 0, 0.06%, 8, 0, 12, 256.13
1734726919, 42, 36, 74, 0, 0, 0.06%, 8, 0, 12, 247.06
1734726924, 42, 51, 74, 0, 0, 0.06%, 8, 0, 12, 278.16
1734726929, 42, 73, 74, 0, 0, 0.06%, 8, 0, 12, 288.86
1734726949, 43, 11, 74, 0, 0, 0.06%, 8, 0, 12, 248.87
1734726954, 43, 13, 74, 0, 0, 0.06%, 8, 0, 12, 256.58
1734726960, 43, 16, 74, 0, 0, 0.06%, 8, 0, 12, 240.73
1734726965, 43, 17, 74, 0, 0, 0.06%, 8, 0, 12, 247.56
1734726970, 43, 19, 74, 0, 0, 0.06%, 8, 0, 12, 268.95
1734726975, 43, 21, 74, 0, 0, 0.06%, 8, 0, 12, 250.59
1734726980, 43, 33, 74, 0, 0, 0.06%, 8, 0, 12, 273.57
1734726985, 43, 36, 74, 0, 0, 0.06%, 8, 0, 12, 253.63
1734726990, 43, 67, 74, 0, 0, 0.06%, 8, 0, 12, 285.13
1734727000, 44, 12, 74, 0, 0, 0.06%, 8, 0, 12, 256.02
1734727005, 44, 16, 74, 0, 0, 0.06%, 8, 0, 12, 256.61
1734727015, 44, 17, 74, 0, 0, 0.06%, 8, 0, 12, 258.93
1734727020, 44, 19, 74, 0, 0, 0.06%, 8, 0, 12, 251.59
1734727026, 44, 21, 74, 0, 0, 0.06%, 8, 0, 12, 252.48
1734727031, 44, 22, 74, 0, 0, 0.06%, 8, 0, 12, 241.14
1734727036, 44, 24, 74, 0, 0, 0.06%, 8, 0, 12, 253.73
1734727041, 44, 30, 74, 0, 0, 0.06%, 8, 0, 12, 257.21
1734727046, 44, 36, 74, 0, 0, 0.06%, 8, 0, 12, 245.84
1734727051, 44, 67, 74, 0, 0, 0.06%, 8, 0, 12, 271.11
1734727061, 45, 11, 74, 0, 0, 0.06%, 8, 0, 12, 254.45
1734727066, 45, 13, 74, 0, 0, 0.06%, 8, 0, 12, 260.56
1734727072, 45, 16, 74, 0, 0, 0.06%, 8, 0, 12, 250.76
1734727077, 45, 17, 74, 0, 0, 0.06%, 8, 0, 12, 256.69
1734727082, 45, 21, 74, 0, 0, 0.06%, 8, 0, 12, 271.63
1734727087, 45, 22, 74, 0, 0, 0.06%, 8, 0, 12, 259.39
1734727092, 45, 25, 74, 0, 0, 0.06%, 8, 0, 12, 259.14
1734727097, 45, 36, 74, 0, 0, 0.06%, 8, 0, 12, 254.57
1734727102, 45, 61, 75, 1, 0, 0.06%, 8, 0, 12, 275.68
1734727107, 45, 74, 75, 1, 0, 0.06%, 8, 0, 12, 309.55
1734727112, 45, 74, 76, 2, 0, 0.06%, 8, 0, 12, 414.61
1734727229, 46, 11, 76, 1, 0, 0.06%, 8, 0, 12, 248.68
1734727234, 46, 13, 76, 1, 0, 0.06%, 8, 0, 12, 248.60
1734727239, 46, 16, 76, 1, 0, 0.06%, 8, 0, 12, 241.70
1734727244, 46, 17, 76, 1, 0, 0.06%, 8, 0, 12, 247.67
1734727249, 46, 21, 76, 1, 0, 0.06%, 8, 0, 12, 253.83
1734727254, 46, 30, 76, 1, 0, 0.06%, 8, 0, 12, 252.41
1734727264, 46, 36, 76, 1, 0, 0.06%, 8, 0, 12, 257.10
1734727269, 46, 44, 76, 1, 0, 0.06%, 8, 0, 12, 265.73
1734727275, 46, 60, 76, 1, 0, 0.06%, 8, 0, 12, 270.56
1734727280, 47, 12, 76, 1, 0, 0.06%, 8, 0, 12, 257.51
1734727285, 47, 16, 76, 1, 0, 0.06%, 8, 0, 12, 256.58
1734727290, 47, 17, 76, 1, 0, 0.06%, 8, 0, 12, 242.24
1734727300, 47, 18, 76, 1, 0, 0.06%, 8, 0, 12, 268.64
1734727305, 47, 21, 76, 1, 0, 0.06%, 8, 0, 12, 248.57
1734727310, 47, 22, 76, 1, 0, 0.06%, 8, 0, 12, 259.17
1734727315, 47, 36, 76, 1, 0, 0.06%, 8, 0, 12, 270.66
1734727320, 48, 12, 76, 1, 0, 0.06%, 8, 0, 12, 264.14
1734727325, 48, 13, 76, 1, 0, 0.06%, 8, 0, 12, 254.15
1734727330, 48, 16, 76, 1, 0, 0.06%, 8, 0, 12, 255.92
1734727335, 48, 17, 76, 1, 0, 0.06%, 8, 0, 12, 244.40
1734727341, 48, 19, 76, 1, 0, 0.06%, 8, 0, 12, 265.83
1734727346, 48, 21, 76, 1, 0, 0.06%, 8, 0, 12, 250.87
1734727351, 48, 29, 76, 1, 0, 0.06%, 8, 0, 12, 253.83
1734727356, 48, 36, 76, 1, 0, 0.06%, 8, 0, 12, 253.68
1734727361, 48, 45, 76, 1, 0, 0.06%, 8, 0, 12, 259.75
1734727366, 48, 46, 76, 1, 0, 0.06%, 8, 0, 12, 270.90
1734727371, 48, 58, 76, 1, 0, 0.06%, 8, 0, 12, 269.59
1734727376, 48, 62, 76, 1, 0, 0.06%, 8, 0, 12, 284.13
1734727381, 48, 69, 76, 1, 0, 0.06%, 8, 0, 12, 277.07
1734727391, 48, 73, 76, 1, 0, 0.06%, 8, 0, 12, 296.19
1734727412, 48, 75, 76, 1, 0, 0.06%, 8, 0, 12, 319.40
1734727524, 49, 8, 76, 0, 0, 0.06%, 8, 0, 12, 238.07
1734727529, 49, 12, 76, 0, 0, 0.06%, 8, 0, 12, 252.67
1734727534, 49, 16, 76, 0, 0, 0.06%, 8, 0, 12, 240.37
1734727539, 49, 17, 76, 0, 0, 0.06%, 8, 0, 12, 248.68
1734727544, 49, 21, 76, 0, 0, 0.06%, 8, 0, 12, 260.49
1734727549, 49, 31, 76, 0, 0, 0.06%, 8, 0, 12, 251.81
1734727559, 49, 36, 76, 0, 0, 0.06%, 8, 0, 12, 260.66
1734727565, 49, 37, 76, 0, 0, 0.06%, 8, 0, 12, 264.25
1734727570, 49, 50, 76, 0, 0, 0.06%, 8, 0, 12, 255.44
1734727575, 49, 64, 76, 0, 0, 0.06%, 8, 0, 12, 292.53
1734727580, 50, 11, 76, 0, 0, 0.06%, 8, 0, 12, 265.39
1734727585, 50, 13, 76, 0, 0, 0.06%, 8, 0, 12, 257.80
1734727590, 50, 16, 76, 0, 0, 0.06%, 8, 0, 12, 256.10
1734727595, 50, 17, 76, 0, 0, 0.06%, 8, 0, 12, 248.24
1734727600, 50, 18, 76, 0, 0, 0.06%, 8, 0, 12, 254.77
1734727605, 50, 21, 76, 0, 0, 0.06%, 8, 0, 12, 259.10
1734727611, 50, 28, 76, 0, 0, 0.06%, 8, 0, 12, 251.14
1734727616, 50, 36, 76, 0, 0, 0.06%, 8, 0, 12, 254.47
1734727621, 51, 4, 76, 0, 0, 0.06%, 8, 0, 12, 256.18
1734727626, 51, 12, 76, 0, 0, 0.06%, 8, 0, 12, 251.16
1734727631, 51, 16, 76, 0, 0, 0.06%, 8, 0, 12, 245.92
1734727641, 51, 17, 76, 0, 0, 0.06%, 8, 0, 12, 257.57
1734727646, 51, 21, 76, 0, 0, 0.06%, 8, 0, 12, 252.47
1734727651, 51, 36, 76, 0, 0, 0.06%, 8, 0, 12, 258.60
1734727656, 52, 11, 76, 0, 0, 0.06%, 8, 0, 12, 260.47
1734727661, 52, 13, 76, 0, 0, 0.06%, 8, 0, 12, 261.70
1734727666, 52, 16, 76, 0, 0, 0.06%, 8, 0, 12, 251.83
1734727671, 52, 17, 76, 0, 0, 0.06%, 8, 0, 12, 256.54
1734727676, 52, 21, 76, 0, 0, 0.06%, 8, 0, 12, 243.19
1734727681, 52, 24, 76, 0, 0, 0.06%, 8, 0, 12, 257.68
1734727686, 52, 36, 76, 0, 0, 0.06%, 8, 0, 12, 254.55
1734727691, 52, 52, 76, 0, 0, 0.06%, 8, 0, 12, 261.80
1734727696, 52, 60, 76, 0, 0, 0.06%, 8, 0, 12, 275.29
1734727701, 52, 68, 76, 0, 0, 0.06%, 8, 0, 12, 304.78
1734727717, 53, 11, 76, 0, 0, 0.06%, 8, 0, 12, 260.85
1734727722, 53, 12, 76, 0, 0, 0.06%, 8, 0, 12, 253.18
1734727727, 53, 15, 76, 0, 0, 0.06%, 8, 0, 12, 252.58
1734727732, 53, 16, 76, 0, 0, 0.06%, 8, 0, 12, 255.87
1734727737, 53, 17, 76, 0, 0, 0.06%, 8, 0, 12, 241.42
1734727742, 53, 21, 76, 0, 0, 0.06%, 8, 0, 12, 244.08
1734727747, 53, 27, 76, 0, 0, 0.06%, 8, 0, 12, 266.37
1734727752, 53, 36, 76, 0, 0, 0.06%, 8, 0, 12, 266.21
1734727757, 53, 46, 76, 0, 0, 0.06%, 8, 0, 12, 265.83
1734727762, 54, 8, 76, 0, 0, 0.06%, 8, 0, 12, 258.47
1734727767, 54, 12, 76, 0, 0, 0.06%, 8, 0, 12, 252.37
1734727772, 54, 16, 76, 0, 0, 0.06%, 8, 0, 12, 249.22
1734727782, 54, 17, 76, 0, 0, 0.06%, 8, 0, 12, 243.89
1734727788, 54, 21, 76, 0, 0, 0.06%, 8, 0, 12, 257.93
1734727793, 54, 33, 76, 0, 0, 0.06%, 8, 0, 12, 270.32
1734727798, 54, 36, 76, 0, 0, 0.06%, 8, 0, 12, 253.37
1734727803, 54, 55, 76, 0, 0, 0.06%, 8, 0, 12, 276.92
1734727808, 54, 69, 76, 0, 0, 0.06%, 8, 0, 12, 285.92
1734727813, 54, 70, 76, 0, 0, 0.06%, 8, 0, 12, 279.22
1734727818, 55, 11, 76, 0, 0, 0.06%, 8, 0, 12, 248.28
1734727823, 55, 13, 76, 0, 0, 0.06%, 8, 0, 12, 260.51
1734727828, 55, 16, 76, 0, 0, 0.06%, 8, 0, 12, 245.00
1734727833, 55, 17, 76, 0, 0, 0.06%, 8, 0, 12, 247.75
1734727838, 55, 21, 76, 0, 0, 0.06%, 8, 0, 12, 249.48
1734727843, 55, 25, 76, 0, 0, 0.06%, 8, 0, 12, 246.88
1734727854, 55, 36, 76, 0, 0, 0.06%, 8, 0, 12, 263.83
1734727859, 55, 43, 76, 0, 0, 0.06%, 8, 0, 12, 275.39
1734727864, 55, 48, 76, 0, 0, 0.06%, 8, 0, 12, 275.32
1734727869, 55, 61, 76, 0, 0, 0.06%, 8, 0, 12, 274.87
1734727874, 56, 12, 76, 0, 0, 0.06%, 8, 0, 12, 255.71
1734727879, 56, 16, 76, 0, 0, 0.06%, 8, 0, 12, 255.42
1734727889, 56, 17, 76, 0, 0, 0.06%, 8, 0, 12, 250.53
1734727894, 56, 21, 76, 0, 0, 0.06%, 8, 0, 12, 258.07
1734727899, 56, 36, 76, 0, 0, 0.06%, 8, 0, 12, 248.02
1734727904, 56, 52, 76, 0, 0, 0.06%, 8, 0, 12, 258.35
1734727909, 57, 11, 76, 0, 0, 0.06%, 8, 0, 12, 250.44
1734727915, 57, 13, 76, 0, 0, 0.06%, 8, 0, 12, 250.55
1734727920, 57, 16, 76, 0, 0, 0.06%, 8, 0, 12, 250.46
1734727925, 57, 17, 76, 0, 0, 0.06%, 8, 0, 12, 250.96
1734727930, 57, 21, 76, 0, 0, 0.06%, 8, 0, 12, 243.89
1734727935, 57, 36, 76, 0, 0, 0.06%, 8, 0, 12, 252.90
1734727940, 57, 39, 76, 0, 0, 0.06%, 8, 0, 12, 276.24
1734727945, 57, 60, 76, 0, 0, 0.06%, 8, 0, 12, 293.37
1734727950, 58, 11, 76, 0, 0, 0.06%, 8, 0, 12, 272.25
1734727955, 58, 12, 76, 0, 0, 0.06%, 8, 0, 12, 259.91
1734727960, 58, 16, 76, 0, 0, 0.06%, 8, 0, 12, 242.85
1734727965, 58, 17, 76, 0, 0, 0.06%, 8, 0, 12, 248.17
1734727970, 58, 21, 76, 0, 0, 0.06%, 8, 0, 12, 259.37
1734727975, 58, 36, 76, 0, 0, 0.06%, 8, 0, 12, 265.25
1734727980, 58, 59, 76, 0, 0, 0.06%, 8, 0, 12, 253.33
1734727990, 58, 74, 76, 0, 0, 0.06%, 8, 0, 12, 287.32
1734728011, 59, 11, 76, 0, 0, 0.06%, 8, 0, 12, 260.98
1734728016, 59, 13, 76, 0, 0, 0.06%, 8, 0, 12, 264.00
1734728021, 59, 14, 76, 0, 0, 0.06%, 8, 0, 12, 257.67
1734728026, 59, 16, 76, 0, 0, 0.06%, 8, 0, 12, 253.23
1734728031, 59, 17, 76, 0, 0, 0.06%, 8, 0, 12, 243.79
1734728036, 59, 21, 76, 0, 0, 0.06%, 8, 0, 12, 266.73
1734728041, 59, 23, 76, 0, 0, 0.06%, 8, 0, 12, 252.19
1734728046, 59, 32, 76, 0, 0, 0.06%, 8, 0, 12, 248.14
1734728051, 59, 36, 76, 0, 0, 0.06%, 8, 0, 12, 249.49
1734728056, 60, 11, 76, 0, 0, 0.06%, 8, 0, 12, 253.76
1734728061, 60, 13, 76, 0, 0, 0.06%, 8, 0, 12, 256.78
1734728066, 60, 16, 76, 0, 0, 0.06%, 8, 0, 12, 255.63
1734728071, 60, 17, 76, 0, 0, 0.06%, 8, 0, 12, 248.03
1734728076, 60, 21, 76, 0, 0, 0.06%, 8, 0, 12, 250.81
1734728081, 60, 36, 76, 0, 0, 0.06%, 8, 0, 12, 252.94
1734728086, 60, 57, 76, 0, 0, 0.06%, 8, 0, 12, 256.49
1734728096, 61, 12, 76, 0, 0, 0.06%, 8, 0, 12, 246.41
1734728101, 61, 16, 76, 0, 0, 0.06%, 8, 0, 12, 253.12
1734728107, 61, 17, 76, 0, 0, 0.06%, 8, 0, 12, 264.99
1734728112, 61, 21, 76, 0, 0, 0.06%, 8, 0, 12, 264.82
1734728122, 61, 38, 76, 0, 0, 0.06%, 8, 0, 12, 277.49
1734728132, 61, 62, 76, 0, 0, 0.06%, 8, 0, 12, 271.26
1734728137, 61, 68, 76, 0, 0, 0.06%, 8, 0, 12, 294.82
1734728142, 62, 11, 76, 0, 0, 0.06%, 8, 0, 12, 254.37
1734728147, 62, 13, 76, 0, 0, 0.06%, 8, 0, 12, 251.26
1734728153, 62, 16, 76, 0, 0, 0.06%, 8, 0, 12, 260.68
1734728163, 62, 17, 76, 0, 0, 0.06%, 8, 0, 12, 245.97
1734728168, 62, 21, 76, 0, 0, 0.06%, 8, 0, 12, 255.48
1734728173, 62, 30, 76, 0, 0, 0.06%, 8, 0, 12, 259.07
1734728178, 62, 36, 76, 0, 0, 0.06%, 8, 0, 12, 278.47
1734728183, 63, 11, 76, 0, 0, 0.06%, 8, 0, 12, 264.91
1734728188, 63, 13, 76, 0, 0, 0.06%, 8, 0, 12, 263.43
1734728193, 63, 16, 76, 0, 0, 0.06%, 8, 0, 12, 261.19
1734728198, 63, 17, 76, 0, 0, 0.06%, 8, 0, 12, 244.18
1734728203, 63, 21, 76, 0, 0, 0.06%, 8, 0, 12, 241.12
1734728208, 63, 36, 76, 0, 0, 0.06%, 8, 0, 12, 250.52
1734728214, 63, 63, 76, 0, 0, 0.06%, 8, 0, 12, 302.62
1734728229, 63, 71, 76, 0, 0, 0.06%, 8, 0, 12, 262.84
1734728244, 64, 11, 76, 0, 0, 0.06%, 8, 0, 12, 259.56
1734728249, 64, 13, 76, 0, 0, 0.06%, 8, 0, 12, 248.71
1734728254, 64, 16, 76, 0, 0, 0.06%, 8, 0, 12, 246.36
1734728259, 64, 17, 76, 0, 0, 0.06%, 8, 0, 12, 241.82
1734728264, 64, 21, 76, 0, 0, 0.06%, 8, 0, 12, 256.46
1734728269, 64, 22, 76, 0, 0, 0.06%, 8, 0, 12, 246.96
1734728275, 64, 35, 76, 0, 0, 0.06%, 8, 0, 12, 268.78
1734728280, 64, 36, 76, 0, 0, 0.06%, 8, 0, 12, 255.99
1734728285, 64, 70, 76, 0, 0, 0.06%, 8, 0, 12, 266.01
1734728290, 64, 71, 76, 0, 0, 0.06%, 8, 0, 12, 281.74
1734728310, 64, 73, 76, 0, 0, 0.06%, 8, 0, 12, 302.68
1734728330, 65, 12, 76, 0, 0, 0.06%, 8, 0, 12, 258.00
1734728335, 65, 16, 76, 0, 0, 0.06%, 8, 0, 12, 252.13
1734728346, 65, 17, 76, 0, 0, 0.06%, 8, 0, 12, 247.41
1734728351, 65, 20, 76, 0, 0, 0.06%, 8, 0, 12, 256.16
1734728356, 65, 21, 76, 0, 0, 0.06%, 8, 0, 12, 257.23
1734728361, 65, 24, 76, 0, 0, 0.06%, 8, 0, 12, 253.70
1734728366, 65, 36, 76, 0, 0, 0.06%, 8, 0, 12, 254.65
1734728371, 66, 2, 76, 0, 0, 0.06%, 8, 0, 12, 267.82
1734728376, 66, 12, 76, 0, 0, 0.06%, 8, 0, 12, 259.01
1734728381, 66, 14, 76, 0, 0, 0.06%, 8, 0, 12, 263.68
1734728386, 66, 16, 76, 0, 0, 0.06%, 8, 0, 12, 266.42
1734728391, 66, 17, 76, 0, 0, 0.06%, 8, 0, 12, 254.79
1734728396, 66, 21, 76, 0, 0, 0.06%, 8, 0, 12, 254.33
1734728401, 66, 25, 76, 0, 0, 0.06%, 8, 0, 12, 247.88
1734728406, 66, 29, 76, 0, 0, 0.06%, 8, 0, 12, 251.19
1734728411, 66, 36, 76, 0, 0, 0.06%, 8, 0, 12, 255.29
1734728416, 66, 40, 76, 0, 0, 0.06%, 8, 0, 12, 262.03
1734728427, 66, 47, 76, 0, 0, 0.06%, 8, 0, 12, 274.50
1734728432, 67, 11, 76, 0, 0, 0.06%, 8, 0, 12, 260.87
1734728437, 67, 13, 76, 0, 0, 0.06%, 8, 0, 12, 253.33
1734728442, 67, 16, 76, 0, 0, 0.06%, 8, 0, 12, 248.69
1734728447, 67, 17, 76, 0, 0, 0.06%, 8, 0, 12, 258.44
1734728452, 67, 21, 76, 0, 0, 0.06%, 8, 0, 12, 251.83
1734728457, 67, 28, 76, 0, 0, 0.06%, 8, 0, 12, 250.32
1734728462, 67, 36, 76, 0, 0, 0.06%, 8, 0, 12, 262.40
1734728467, 67, 40, 76, 0, 0, 0.06%, 8, 0, 12, 259.44
1734728472, 67, 46, 76, 0, 0, 0.06%, 8, 0, 12, 256.32
1734728478, 67, 70, 76, 0, 0, 0.06%, 8, 0, 12, 272.75
1734728483, 68, 0, 76, 0, 0, 0.06%, 8, 0, 12, 260.16
1734728488, 68, 12, 76, 0, 0, 0.06%, 8, 0, 12, 252.24
1734728493, 68, 16, 76, 0, 0, 0.06%, 8, 0, 12, 250.76
1734728498, 68, 17, 76, 0, 0, 0.06%, 8, 0, 12, 260.36
1734728508, 68, 19, 76, 0, 0, 0.06%, 8, 0, 12, 244.04
1734728513, 68, 20, 76, 0, 0, 0.06%, 8, 0, 12, 260.36
1734728518, 68, 21, 76, 0, 0, 0.06%, 8, 0, 12, 250.78
1734728523, 68, 36, 76, 0, 0, 0.06%, 8, 0, 12, 259.71
1734728528, 68, 37, 76, 0, 0, 0.06%, 8, 0, 12, 258.18
1734728533, 68, 38, 76, 0, 0, 0.06%, 8, 0, 12, 275.45
1734728538, 68, 58, 76, 0, 0, 0.06%, 8, 0, 12, 300.32
1734728543, 68, 60, 76, 0, 0, 0.06%, 8, 0, 12, 291.86
1734728549, 69, 11, 76, 0, 0, 0.06%, 8, 0, 12, 261.63
1734728554, 69, 13, 76, 0, 0, 0.06%, 8, 0, 12, 252.83
1734728559, 69, 16, 76, 0, 0, 0.06%, 8, 0, 12, 247.77
1734728564, 69, 17, 76, 0, 0, 0.06%, 8, 0, 12, 243.07
1734728569, 69, 21, 76, 0, 0, 0.06%, 8, 0, 12, 247.81
1734728574, 69, 30, 76, 0, 0, 0.06%, 8, 0, 12, 254.83
1734728579, 69, 36, 76, 0, 0, 0.06%, 8, 0, 12, 262.16
1734728589, 69, 47, 76, 0, 0, 0.06%, 8, 0, 12, 285.26
1734728594, 69, 50, 76, 0, 0, 0.06%, 8, 0, 12, 271.16
1734728600, 69, 68, 76, 0, 0, 0.06%, 8, 0, 12, 291.10
1734728605, 70, 11, 76, 0, 0, 0.06%, 8, 0, 12, 266.01
1734728610, 70, 13, 76, 0, 0, 0.06%, 8, 0, 12, 258.31
1734728615, 70, 16, 76, 0, 0, 0.06%, 8, 0, 12, 260.66
1734728620, 70, 17, 76, 0, 0, 0.06%, 8, 0, 12, 248.28
1734728625, 70, 21, 76, 0, 0, 0.06%, 8, 0, 12, 254.45
1734728630, 70, 22, 76, 0, 0, 0.06%, 8, 0, 12, 256.30
1734728635, 70, 36, 76, 0, 0, 0.06%, 8, 0, 12, 257.10
1734728640, 70, 54, 76, 0, 0, 0.06%, 8, 0, 12, 274.31
1734728645, 71, 11, 76, 0, 0, 0.06%, 8, 0, 12, 256.50
1734728650, 71, 13, 76, 0, 0, 0.06%, 8, 0, 12, 251.64
1734728655, 71, 16, 76, 0, 0, 0.06%, 8, 0, 12, 248.41
1734728660, 71, 17, 76, 0, 0, 0.06%, 8, 0, 12, 245.20
1734728666, 71, 21, 76, 0, 0, 0.06%, 8, 0, 12, 240.88
1734728671, 71, 24, 76, 0, 0, 0.06%, 8, 0, 12, 252.15
1734728676, 71, 36, 76, 0, 0, 0.06%, 8, 0, 12, 261.05
1734728681, 71, 38, 76, 0, 0, 0.06%, 8, 0, 12, 269.82
1734728686, 71, 61, 76, 0, 0, 0.06%, 8, 0, 12, 290.10
1734728691, 71, 70, 76, 0, 0, 0.06%, 8, 0, 12, 284.95
1734728696, 72, 11, 76, 0, 0, 0.06%, 8, 0, 12, 273.46
1734728701, 72, 12, 76, 0, 0, 0.06%, 8, 0, 12, 267.82
1734728706, 72, 16, 76, 0, 0, 0.06%, 8, 0, 12, 238.26
1734728711, 72, 17, 76, 0, 0, 0.06%, 8, 0, 12, 246.18
1734728716, 72, 18, 76, 0, 0, 0.06%, 8, 0, 12, 258.04
1734728727, 72, 21, 76, 0, 0, 0.06%, 8, 0, 12, 240.68
1734728732, 72, 33, 76, 0, 0, 0.06%, 8, 0, 12, 279.11
1734728737, 72, 36, 76, 0, 0, 0.06%, 8, 0, 12, 268.74
1734728742, 72, 47, 76, 0, 0, 0.06%, 8, 0, 12, 268.99
1734728747, 73, 11, 76, 0, 0, 0.06%, 8, 0, 12, 256.95
1734728752, 73, 13, 76, 0, 0, 0.06%, 8, 0, 12, 250.93
1734728757, 73, 16, 76, 0, 0, 0.06%, 8, 0, 12, 239.39
1734728762, 73, 17, 76, 0, 0, 0.06%, 8, 0, 12, 250.93
1734728767, 73, 21, 76, 0, 0, 0.06%, 8, 0, 12, 238.16
1734728772, 73, 36, 76, 0, 0, 0.06%, 8, 0, 12, 243.12
1734728777, 73, 63, 76, 0, 0, 0.06%, 8, 0, 12, 300.90
1734728788, 73, 75, 76, 0, 0, 0.06%, 8, 0, 12, 293.89
1734728808, 74, 12, 76, 0, 0, 0.06%, 8, 0, 12, 253.18
1734728813, 74, 16, 76, 0, 0, 0.06%, 8, 0, 12, 252.00
1734728818, 74, 17, 76, 0, 0, 0.06%, 8, 0, 12, 258.73
1734728828, 74, 21, 76, 0, 0, 0.06%, 8, 0, 12, 252.46
1734728833, 74, 27, 76, 0, 0, 0.06%, 8, 0, 12, 274.81
1734728838, 74, 36, 76, 0, 0, 0.06%, 8, 0, 12, 253.84
1734728843, 74, 42, 76, 0, 0, 0.06%, 8, 0, 12, 255.35
1734728848, 74, 52, 76, 0, 0, 0.06%, 8, 0, 12, 251.41
1734728853, 74, 54, 76, 0, 0, 0.06%, 8, 0, 12, 269.44
1734728858, 75, 11, 76, 0, 0, 0.06%, 8, 0, 12, 257.14
1734728863, 75, 13, 76, 0, 0, 0.06%, 8, 0, 12, 247.42
1734728869, 75, 16, 76, 0, 0, 0.06%, 8, 0, 12, 245.54
1734728874, 75, 17, 76, 0, 0, 0.06%, 8, 0, 12, 253.63
1734728879, 75, 21, 76, 0, 0, 0.06%, 8, 0, 12, 248.67
1734728884, 75, 31, 76, 0, 0, 0.06%, 8, 0, 12, 256.70
1734728889, 75, 36, 76, 0, 0, 0.06%, 8, 0, 12, 268.02
1734728899, 75, 60, 76, 0, 0, 0.06%, 8, 0, 12, 272.55
1734728909, 76, 12, 76, 0, 0, 0.06%, 8, 0, 12, 247.15
1734728914, 76, 16, 76, 0, 0, 0.06%, 8, 0, 12, 247.29
1734728924, 76, 17, 76, 0, 0, 0.06%, 8, 0, 12, 242.92
1734728929, 76, 19, 76, 0, 0, 0.06%, 8, 0, 12, 255.19
1734728934, 76, 21, 76, 0, 0, 0.06%, 8, 0, 12, 253.67
1734728939, 76, 36, 76, 0, 0, 0.06%, 8, 0, 12, 253.72
1734728944, 76, 39, 76, 0, 0, 0.06%, 8, 0, 12, 267.63
1734728949, 76, 48, 76, 0, 0, 0.06%, 8, 0, 12, 271.08
1734728955, 76, 54, 76, 0, 0, 0.06%, 8, 0, 12, 271.84
1734728960, 76, 57, 76, 0, 0, 0.06%, 8, 0, 12, 273.21
1734728965, 76, 59, 76, 0, 0, 0.06%, 8, 0, 12, 269.39
1734728975, 77, 12, 76, 0, 0, 0.06%, 8, 0, 12, 255.24
1734728980, 77, 13, 76, 0, 0, 0.06%, 8, 0, 12, 256.41
1734728985, 77, 16, 76, 0, 0, 0.06%, 8, 0, 12, 257.58
1734728990, 77, 17, 76, 0, 0, 0.06%, 8, 0, 12, 266.11
1734728995, 77, 21, 76, 0, 0, 0.06%, 8, 0, 12, 258.55
1734729000, 77, 36, 76, 0, 0, 0.06%, 8, 0, 12, 259.69
1734729005, 77, 38, 76, 0, 0, 0.06%, 8, 0, 12, 281.88
1734729010, 77, 59, 76, 0, 0, 0.06%, 8, 0, 12, 272.61
1734729021, 77, 66, 76, 0, 0, 0.06%, 8, 0, 12, 296.02
1734729031, 78, 12, 76, 0, 0, 0.06%, 8, 0, 12, 262.20
1734729036, 78, 16, 76, 0, 0, 0.06%, 8, 0, 12, 261.06
1734729041, 78, 17, 76, 0, 0, 0.06%, 8, 0, 12, 261.51
1734729051, 78, 21, 76, 0, 0, 0.06%, 8, 0, 12, 261.00
1734729056, 78, 36, 76, 0, 0, 0.06%, 8, 0, 12, 258.47
1734729061, 78, 55, 76, 0, 0, 0.06%, 8, 0, 12, 256.07
1734729066, 78, 67, 76, 0, 0, 0.06%, 8, 0, 12, 325.41
1734729071, 78, 71, 76, 0, 0, 0.06%, 8, 0, 12, 292.25
1734729082, 78, 73, 76, 0, 0, 0.06%, 8, 0, 12, 294.07
1734729102, 78, 75, 76, 0, 0, 0.06%, 8, 0, 12, 257.65
1734729122, 79, 9, 76, 0, 0, 0.06%, 8, 0, 12, 235.28
1734729127, 79, 12, 76, 0, 0, 0.06%, 8, 0, 12, 234.40
1734729132, 79, 16, 76, 0, 0, 0.06%, 8, 0, 12, 254.28
1734729142, 79, 17, 76, 0, 0, 0.06%, 8, 0, 12, 270.04
1734729148, 79, 21, 76, 0, 0, 0.06%, 8, 0, 12, 252.35
1734729153, 79, 36, 76, 0, 0, 0.06%, 8, 0, 12, 262.15
1734729158, 79, 59, 76, 0, 0, 0.06%, 8, 0, 12, 271.09
1734729163, 79, 69, 76, 0, 0, 0.06%, 8, 0, 12, 284.43
1734729168, 79, 75, 76, 0, 0, 0.06%, 8, 0, 12, 287.60
1734729188, 80, 11, 76, 0, 0, 0.06%, 8, 0, 12, 257.78
1734729193, 80, 13, 76, 0, 0, 0.06%, 8, 0, 12, 264.72
1734729198, 80, 16, 76, 0, 0, 0.06%, 8, 0, 12, 251.66
1734729203, 80, 17, 76, 0, 0, 0.06%, 8, 0, 12, 256.17
1734729209, 80, 21, 76, 0, 0, 0.06%, 8, 0, 12, 248.59
1734729214, 80, 34, 76, 0, 0, 0.06%, 8, 0, 12, 259.16
1734729219, 80, 36, 76, 0, 0, 0.06%, 8, 0, 12, 262.34
1734729224, 80, 42, 76, 0, 0, 0.06%, 8, 0, 12, 263.94
1734729234, 80, 67, 76, 0, 0, 0.06%, 8, 0, 12, 271.07
1734729239, 80, 74, 76, 0, 0, 0.06%, 8, 0, 12, 271.97
1734729259, 81, 11, 76, 0, 0, 0.06%, 8, 0, 12, 240.64
1734729264, 81, 12, 76, 0, 0, 0.06%, 8, 0, 12, 245.48
1734729269, 81, 14, 76, 0, 0, 0.06%, 8, 0, 12, 259.82
1734729275, 81, 16, 76, 0, 0, 0.06%, 8, 0, 12, 256.79
1734729280, 81, 17, 76, 0, 0, 0.06%, 8, 0, 12, 245.41
1734729285, 81, 21, 76, 0, 0, 0.06%, 8, 0, 12, 239.71
1734729290, 81, 36, 76, 0, 0, 0.06%, 8, 0, 12, 237.94
1734729295, 81, 39, 76, 0, 0, 0.06%, 8, 0, 12, 261.29
1734729300, 81, 74, 76, 0, 0, 0.06%, 8, 0, 12, 279.81
1734729325, 82, 12, 76, 0, 0, 0.06%, 8, 0, 12, 259.62
1734729330, 82, 15, 76, 0, 0, 0.06%, 8, 0, 12, 260.45
1734729336, 82, 16, 76, 0, 0, 0.06%, 8, 0, 12, 268.82
1734729341, 82, 17, 76, 0, 0, 0.06%, 8, 0, 12, 256.24
1734729346, 82, 21, 76, 0, 0, 0.06%, 8, 0, 12, 256.59
1734729351, 82, 36, 76, 0, 0, 0.06%, 8, 0, 12, 253.45
1734729356, 82, 41, 76, 0, 0, 0.06%, 8, 0, 12, 275.10
1734729361, 82, 54, 76, 0, 0, 0.06%, 8, 0, 12, 272.68
1734729366, 83, 11, 76, 0, 0, 0.06%, 8, 0, 12, 259.84
1734729371, 83, 13, 76, 0, 0, 0.06%, 8, 0, 12, 266.46
1734729376, 83, 16, 76, 0, 0, 0.06%, 8, 0, 12, 253.60
1734729381, 83, 17, 76, 0, 0, 0.06%, 8, 0, 12, 247.23
1734729386, 83, 21, 76, 0, 0, 0.06%, 8, 0, 12, 241.69
1734729391, 83, 36, 76, 0, 0, 0.06%, 8, 0, 12, 260.54
1734729401, 83, 39, 76, 0, 0, 0.06%, 8, 0, 12, 264.93
1734729406, 83, 69, 76, 0, 0, 0.06%, 8, 0, 12, 265.68
1734729411, 84, 11, 76, 0, 0, 0.06%, 8, 0, 12, 248.71
1734729417, 84, 12, 76, 0, 0, 0.06%, 8, 0, 12, 255.00
1734729422, 84, 16, 76, 0, 0, 0.06%, 8, 0, 12, 247.36
1734729427, 84, 17, 76, 0, 0, 0.06%, 8, 0, 12, 253.08
1734729432, 84, 21, 76, 0, 0, 0.06%, 8, 0, 12, 255.04
1734729442, 84, 30, 76, 0, 0, 0.06%, 8, 0, 12, 255.44
1734729447, 84, 36, 76, 0, 0, 0.06%, 8, 0, 12, 256.90
1734729452, 84, 67, 76, 0, 0, 0.06%, 8, 0, 12, 278.41
1734729457, 85, 10, 76, 0, 0, 0.06%, 8, 0, 12, 263.49
1734729462, 85, 12, 76, 0, 0, 0.06%, 8, 0, 12, 251.22
1734729467, 85, 16, 76, 0, 0, 0.06%, 8, 0, 12, 255.51
1734729477, 85, 17, 76, 0, 0, 0.06%, 8, 0, 12, 262.64
1734729482, 85, 21, 76, 0, 0, 0.06%, 8, 0, 12, 253.31
1734729488, 85, 27, 76, 0, 0, 0.06%, 8, 0, 12, 280.20
1734729493, 85, 36, 76, 0, 0, 0.06%, 8, 0, 12, 246.62
1734729498, 85, 46, 76, 0, 0, 0.06%, 8, 0, 12, 252.07
1734729503, 85, 60, 76, 0, 0, 0.06%, 8, 0, 12, 275.82
1734729508, 85, 69, 76, 0, 0, 0.06%, 8, 0, 12, 275.15
1734729513, 86, 11, 76, 0, 0, 0.06%, 8, 0, 12, 252.83
1734729518, 86, 13, 76, 0, 0, 0.06%, 8, 0, 12, 243.52
1734729523, 86, 16, 76, 0, 0, 0.06%, 8, 0, 12, 254.00
1734729528, 86, 17, 76, 0, 0, 0.06%, 8, 0, 12, 226.27
1734729533, 86, 21, 76, 0, 0, 0.06%, 8, 0, 12, 227.94
1734729538, 86, 36, 76, 0, 0, 0.06%, 8, 0, 12, 247.92
1734729543, 87, 5, 76, 0, 0, 0.06%, 8, 0, 12, 253.82
1734729548, 87, 12, 76, 0, 0, 0.06%, 8, 0, 12, 263.87
1734729554, 87, 16, 76, 0, 0, 0.06%, 8, 0, 12, 240.71
1734729559, 87, 17, 76, 0, 0, 0.06%, 8, 0, 12, 248.59
1734729564, 87, 21, 76, 0, 0, 0.06%, 8, 0, 12, 250.95
1734729574, 87, 36, 76, 0, 0, 0.06%, 8, 0, 12, 255.53
1734729579, 87, 44, 76, 0, 0, 0.06%, 8, 0, 12, 262.02
1734729584, 87, 51, 76, 0, 0, 0.06%, 8, 0, 12, 283.10
1734729589, 87, 53, 76, 0, 0, 0.06%, 8, 0, 12, 264.58
1734729594, 87, 69, 76, 0, 0, 0.06%, 8, 0, 12, 259.17
1734729599, 87, 71, 76, 0, 0, 0.06%, 8, 0, 12, 285.91
1734729610, 88, 12, 76, 0, 0, 0.06%, 8, 0, 12, 254.56
1734729615, 88, 16, 76, 0, 0, 0.06%, 8, 0, 12, 250.55
1734729620, 88, 17, 76, 0, 0, 0.06%, 8, 0, 12, 254.65
1734729625, 88, 21, 76, 0, 0, 0.06%, 8, 0, 12, 254.24
1734729635, 88, 36, 76, 0, 0, 0.06%, 8, 0, 12, 260.48
1734729640, 88, 50, 76, 0, 0, 0.06%, 8, 0, 12, 268.53
1734729645, 88, 55, 76, 0, 0, 0.06%, 8, 0, 12, 256.51
1734729650, 88, 57, 76, 0, 0, 0.06%, 8, 0, 12, 266.13
1734729655, 88, 68, 76, 0, 0, 0.06%, 8, 0, 12, 311.64
1734729661, 88, 73, 76, 0, 0, 0.06%, 8, 0, 12, 288.56
1734729671, 89, 6, 76, 0, 0, 0.06%, 8, 0, 12, 280.05
1734729676, 89, 12, 76, 0, 0, 0.06%, 8, 0, 12, 255.54
1734729681, 89, 16, 76, 0, 0, 0.06%, 8, 0, 12, 252.53
1734729686, 89, 17, 76, 0, 0, 0.06%, 8, 0, 12, 255.04
1734729696, 89, 21, 76, 0, 0, 0.06%, 8, 0, 12, 244.91
1734729701, 89, 36, 76, 0, 0, 0.06%, 8, 0, 12, 255.82
1734729706, 89, 37, 76, 0, 0, 0.06%, 8, 0, 12, 249.28
1734729711, 89, 69, 76, 0, 0, 0.06%, 8, 0, 12, 267.87
1734729716, 90, 11, 76, 0, 0, 0.06%, 8, 0, 12, 261.17
1734729721, 90, 13, 76, 0, 0, 0.06%, 8, 0, 12, 254.56
1734729726, 90, 16, 76, 0, 0, 0.06%, 8, 0, 12, 256.74
1734729736, 90, 17, 76, 0, 0, 0.06%, 8, 0, 12, 254.07
1734729741, 90, 21, 76, 0, 0, 0.06%, 8, 0, 12, 256.40
1734729747, 90, 36, 76, 0, 0, 0.06%, 8, 0, 12, 250.98
1734729752, 90, 38, 76, 0, 0, 0.06%, 8, 0, 12, 259.87
1734729757, 90, 50, 76, 0, 0, 0.06%, 8, 0, 12, 272.44
1734729762, 90, 68, 76, 0, 0, 0.06%, 8, 0, 12, 307.63
1734729767, 91, 7, 76, 0, 0, 0.06%, 8, 0, 12, 266.85
1734729772, 91, 12, 76, 0, 0, 0.06%, 8, 0, 12, 255.05
1734729777, 91, 13, 76, 0, 0, 0.06%, 8, 0, 12, 253.32
1734729782, 91, 16, 76, 0, 0, 0.06%, 8, 0, 12, 255.81
1734729787, 91, 17, 76, 0, 0, 0.06%, 8, 0, 12, 259.24
1734729792, 91, 21, 76, 0, 0, 0.06%, 8, 0, 12, 245.09
1734729798, 91, 36, 76, 0, 0, 0.06%, 8, 0, 12, 245.98
1734729803, 91, 40, 76, 0, 0, 0.06%, 8, 0, 12, 252.01
1734729808, 91, 53, 76, 0, 0, 0.06%, 8, 0, 12, 251.79
1734729813, 92, 11, 76, 0, 0, 0.06%, 8, 0, 12, 262.62
1734729818, 92, 13, 76, 0, 0, 0.06%, 8, 0, 12, 247.34
1734729823, 92, 16, 76, 0, 0, 0.06%, 8, 0, 12, 245.73
1734729828, 92, 17, 76, 0, 0, 0.06%, 8, 0, 12, 250.54
1734729833, 92, 21, 76, 0, 0, 0.06%, 8, 0, 12, 248.23
1734729838, 92, 33, 76, 0, 0, 0.06%, 8, 0, 12, 269.02
1734729843, 92, 36, 76, 0, 0, 0.06%, 8, 0, 12, 258.32
1734729848, 92, 53, 76, 0, 0, 0.06%, 8, 0, 12, 264.62
1734729853, 93, 11, 76, 0, 0, 0.06%, 8, 0, 12, 258.75
1734729858, 93, 12, 76, 0, 0, 0.06%, 8, 0, 12, 240.83
1734729864, 93, 16, 76, 0, 0, 0.06%, 8, 0, 12, 242.58
1734729869, 93, 17, 76, 0, 0, 0.06%, 8, 0, 12, 250.29
1734729874, 93, 21, 76, 0, 0, 0.06%, 8, 0, 12, 253.30
1734729884, 93, 36, 76, 0, 0, 0.06%, 8, 0, 12, 267.88
1734729889, 93, 51, 76, 0, 0, 0.06%, 8, 0, 12, 276.62
1734729894, 93, 75, 76, 0, 0, 0.06%, 8, 0, 12, 295.17
1734729915, 94, 11, 76, 0, 0, 0.06%, 8, 0, 12, 240.68
1734729920, 94, 13, 76, 0, 0, 0.06%, 8, 0, 12, 241.41
1734729925, 94, 16, 76, 0, 0, 0.06%, 8, 0, 12, 254.35
1734729930, 94, 17, 76, 0, 0, 0.06%, 8, 0, 12, 250.01
1734729935, 94, 21, 76, 0, 0, 0.06%, 8, 0, 12, 249.93
1734729940, 94, 36, 76, 0, 0, 0.06%, 8, 0, 12, 256.20
1734729945, 94, 44, 76, 0, 0, 0.06%, 8, 0, 12, 272.41
1734729951, 94, 58, 76, 0, 0, 0.06%, 8, 0, 12, 272.97
1734729956, 94, 73, 76, 0, 0, 0.06%, 8, 0, 12, 275.69
1734729961, 95, 11, 76, 0, 0, 0.06%, 8, 0, 12, 278.04
1734729966, 95, 12, 76, 0, 0, 0.06%, 8, 0, 12, 267.55
1734729971, 95, 16, 76, 0, 0, 0.06%, 8, 0, 12, 244.60
1734729976, 95, 17, 76, 0, 0, 0.06%, 8, 0, 12, 249.93
1734729981, 95, 21, 76, 0, 0, 0.06%, 8, 0, 12, 262.81
1734729986, 95, 36, 76, 0, 0, 0.06%, 8, 0, 12, 254.12
1734729996, 95, 61, 76, 0, 0, 0.06%, 8, 0, 12, 273.51
1734730001, 95, 66, 76, 0, 0, 0.06%, 8, 0, 12, 281.33
1734730007, 96, 11, 76, 0, 0, 0.06%, 8, 0, 12, 265.40
1734730012, 96, 13, 76, 0, 0, 0.06%, 8, 0, 12, 256.92
1734730017, 96, 16, 76, 0, 0, 0.06%, 8, 0, 12, 255.15
1734730022, 96, 17, 76, 0, 0, 0.06%, 8, 0, 12, 263.58
1734730027, 96, 21, 76, 0, 0, 0.06%, 8, 0, 12, 261.35
1734730032, 96, 36, 76, 0, 0, 0.06%, 8, 0, 12, 254.16
1734730037, 97, 11, 76, 0, 0, 0.06%, 8, 0, 12, 259.76
1734730042, 97, 13, 76, 0, 0, 0.06%, 8, 0, 12, 259.05
1734730047, 97, 16, 76, 0, 0, 0.06%, 8, 0, 12, 264.25
1734730052, 97, 17, 76, 0, 0, 0.06%, 8, 0, 12, 249.87
1734730057, 97, 21, 76, 0, 0, 0.06%, 8, 0, 12, 248.34
1734730062, 97, 25, 76, 0, 0, 0.06%, 8, 0, 12, 243.11
1734730067, 97, 31, 76, 0, 0, 0.06%, 8, 0, 12, 258.94
1734730072, 97, 36, 76, 0, 0, 0.06%, 8, 0, 12, 249.87
1734730077, 97, 50, 76, 0, 0, 0.06%, 8, 0, 12, 274.61
1734730082, 97, 53, 76, 0, 0, 0.06%, 8, 0, 12, 279.57
1734730087, 98, 11, 76, 0, 0, 0.06%, 8, 0, 12, 267.40
1734730093, 98, 13, 76, 0, 0, 0.06%, 8, 0, 12, 262.08
1734730098, 98, 16, 76, 0, 0, 0.06%, 8, 0, 12, 261.71
1734730103, 98, 17, 76, 0, 0, 0.06%, 8, 0, 12, 248.31
1734730108, 98, 21, 76, 0, 0, 0.06%, 8, 0, 12, 244.70
1734730113, 98, 29, 76, 0, 0, 0.06%, 8, 0, 12, 258.84
1734730118, 98, 34, 76, 0, 0, 0.06%, 8, 0, 12, 272.90
1734730123, 98, 36, 76, 0, 0, 0.06%, 8, 0, 12, 262.79
1734730133, 98, 71, 76, 0, 0, 0.06%, 8, 0, 12, 260.73
1734730138, 99, 11, 76, 0, 0, 0.06%, 8, 0, 12, 250.83
1734730144, 99, 13, 76, 0, 0, 0.06%, 8, 0, 12, 249.86
1734730149, 99, 16, 76, 0, 0, 0.06%, 8, 0, 12, 256.35
1734730154, 99, 17, 76, 0, 0, 0.06%, 8, 0, 12, 240.94
1734730159, 99, 21, 76, 0, 0, 0.06%, 8, 0, 12, 236.52
1734730164, 99, 35, 76, 0, 0, 0.06%, 8, 0, 12, 265.34
1734730169, 99, 36, 76, 0, 0, 0.06%, 8, 0, 12, 270.66
1734730174, 99, 42, 76, 0, 0, 0.06%, 8, 0, 12, 262.67
1734730184, 99, 54, 76, 0, 0, 0.06%, 8, 0, 12, 262.76
1734730189, 100, 12, 76, 0, 0, 0.06%, 8, 0, 12, 256.86
1734730195, 100, 13, 76, 0, 0, 0.06%, 8, 0, 12, 258.44
1734730200, 100, 16, 76, 0, 0, 0.06%, 8, 0, 12, 242.60
1734730205, 100, 17, 76, 0, 0, 0.06%, 8, 0, 12, 253.65
1734730210, 100, 21, 76, 0, 0, 0.06%, 8, 0, 12, 252.04
1734730215, 100, 35, 76, 0, 0, 0.06%, 8, 0, 12, 276.75
1734730220, 100, 36, 76, 0, 0, 0.06%, 8, 0, 12, 247.07
1734730225, 100, 47, 76, 0, 0, 0.06%, 8, 0, 12, 281.19
1734730230, 100, 56, 76, 0, 0, 0.06%, 8, 0, 12, 266.68
1734730235, 101, 11, 76, 0, 0, 0.06%, 8, 0, 12, 253.18
1734730240, 101, 13, 76, 0, 0, 0.06%, 8, 0, 12, 255.57
1734730245, 101, 16, 76, 0, 0, 0.06%, 8, 0, 12, 249.79
1734730250, 101, 17, 76, 0, 0, 0.06%, 8, 0, 12, 247.89
1734730256, 101, 21, 76, 0, 0, 0.06%, 8, 0, 12, 237.20
1734730261, 101, 36, 76, 0, 0, 0.06%, 8, 0, 12, 248.01
1734730266, 101, 39, 76, 0, 0, 0.06%, 8, 0, 12, 263.68
1734730271, 101, 44, 76, 0, 0, 0.06%, 8, 0, 12, 265.04
1734730276, 101, 45, 76, 0, 0, 0.06%, 8, 0, 12, 275.67
1734730286, 102, 12, 76, 0, 0, 0.06%, 8, 0, 12, 253.61
1734730291, 102, 16, 76, 0, 0, 0.06%, 8, 0, 12, 250.40
1734730296, 102, 17, 76, 0, 0, 0.06%, 8, 0, 12, 256.23
1734730306, 102, 21, 76, 0, 0, 0.06%, 8, 0, 12, 266.71
1734730311, 102, 26, 76, 0, 0, 0.06%, 8, 0, 12, 256.70
1734730316, 102, 36, 76, 0, 0, 0.06%, 8, 0, 12, 248.24
1734730322, 102, 64, 76, 0, 0, 0.06%, 8, 0, 12, 287.37
1734730332, 102, 65, 76, 0, 0, 0.06%, 8, 0, 12, 271.01
1734730337, 102, 66, 76, 0, 0, 0.06%, 8, 0, 12, 293.46
1734730347, 103, 12, 76, 0, 0, 0.06%, 8, 0, 12, 249.43
1734730352, 103, 16, 76, 0, 0, 0.06%, 8, 0, 12, 244.85
1734730357, 103, 17, 76, 0, 0, 0.06%, 8, 0, 12, 256.74
1734730362, 103, 21, 76, 0, 0, 0.06%, 8, 0, 12, 259.42
1734730372, 103, 32, 76, 0, 0, 0.06%, 8, 0, 12, 271.75
1734730377, 103, 33, 76, 0, 0, 0.06%, 8, 0, 12, 271.52
1734730382, 103, 36, 76, 0, 0, 0.06%, 8, 0, 12, 268.26
1734730388, 103, 58, 76, 0, 0, 0.06%, 8, 0, 12, 279.07
1734730393, 103, 63, 76, 0, 0, 0.06%, 8, 0, 12, 280.81
1734730398, 104, 11, 76, 0, 0, 0.06%, 8, 0, 12, 253.56
1734730403, 104, 13, 76, 0, 0, 0.06%, 8, 0, 12, 250.06
1734730408, 104, 16, 76, 0, 0, 0.06%, 8, 0, 12, 249.08
1734730413, 104, 17, 76, 0, 0, 0.06%, 8, 0, 12, 241.77
1734730418, 104, 21, 76, 0, 0, 0.06%, 8, 0, 12, 262.52
1734730423, 104, 36, 76, 0, 0, 0.06%, 8, 0, 12, 266.52
1734730433, 104, 49, 76, 0, 0, 0.06%, 8, 0, 12, 252.76
1734730438, 105, 11, 76, 0, 0, 0.06%, 8, 0, 12, 250.71
1734730443, 105, 13, 76, 0, 0, 0.06%, 8, 0, 12, 251.86
1734730449, 105, 16, 76, 0, 0, 0.06%, 8, 0, 12, 245.90
1734730454, 105, 17, 76, 0, 0, 0.06%, 8, 0, 12, 245.43
1734730459, 105, 21, 76, 0, 0, 0.06%, 8, 0, 12, 255.43
1734730464, 105, 32, 76, 0, 0, 0.06%, 8, 0, 12, 260.22
1734730469, 105, 36, 76, 0, 0, 0.06%, 8, 0, 12, 259.12
1734730479, 105, 42, 76, 0, 0, 0.06%, 8, 0, 12, 262.88
1734730484, 105, 58, 76, 0, 0, 0.06%, 8, 0, 12, 288.24
1734730489, 106, 12, 76, 0, 0, 0.06%, 8, 0, 12, 263.68
1734730494, 106, 16, 76, 0, 0, 0.06%, 8, 0, 12, 243.22
1734730499, 106, 17, 76, 0, 0, 0.06%, 8, 0, 12, 268.31
1734730504, 106, 21, 76, 0, 0, 0.06%, 8, 0, 12, 282.09
1734730514, 106, 36, 76, 0, 0, 0.06%, 8, 0, 12, 264.49
1734730519, 106, 40, 76, 0, 0, 0.06%, 8, 0, 12, 281.44
1734730524, 107, 12, 76, 0, 0, 0.06%, 8, 0, 12, 268.08
1734730529, 107, 13, 76, 0, 0, 0.06%, 8, 0, 12, 247.53
1734730534, 107, 16, 76, 0, 0, 0.06%, 8, 0, 12, 243.74
1734730540, 107, 17, 76, 0, 0, 0.06%, 8, 0, 12, 241.13
1734730545, 107, 21, 76, 0, 0, 0.06%, 8, 0, 12, 251.12
1734730550, 107, 24, 76, 0, 0, 0.06%, 8, 0, 12, 252.47
1734730555, 107, 33, 76, 0, 0, 0.06%, 8, 0, 12, 282.44
1734730560, 107, 36, 76, 0, 0, 0.06%, 8, 0, 12, 263.76
1734730565, 107, 50, 76, 0, 0, 0.06%, 8, 0, 12, 282.46
1734730570, 107, 62, 76, 0, 0, 0.06%, 8, 0, 12, 280.05
1734730575, 108, 0, 76, 0, 0, 0.06%, 8, 0, 12, 282.00
1734730580, 108, 12, 76, 0, 0, 0.06%, 8, 0, 12, 255.15
1734730585, 108, 16, 76, 0, 0, 0.06%, 8, 0, 12, 254.07
1734730590, 108, 17, 76, 0, 0, 0.06%, 8, 0, 12, 253.70
1734730595, 108, 21, 76, 0, 0, 0.06%, 8, 0, 12, 256.50
1734730600, 108, 36, 76, 0, 0, 0.06%, 8, 0, 12, 254.23
1734730610, 109, 12, 76, 0, 0, 0.06%, 8, 0, 12, 244.49
1734730615, 109, 16, 76, 0, 0, 0.06%, 8, 0, 12, 246.39
1734730621, 109, 17, 76, 0, 0, 0.06%, 8, 0, 12, 251.13
1734730626, 109, 21, 76, 0, 0, 0.06%, 8, 0, 12, 273.69
1734730636, 109, 36, 76, 0, 0, 0.06%, 8, 0, 12, 254.52
1734730641, 109, 50, 76, 0, 0, 0.06%, 8, 0, 12, 264.20
1734730646, 110, 11, 76, 0, 0, 0.06%, 8, 0, 12, 260.71
1734730651, 110, 13, 76, 0, 0, 0.06%, 8, 0, 12, 257.65
1734730656, 110, 16, 76, 0, 0, 0.06%, 8, 0, 12, 245.56
1734730661, 110, 17, 76, 0, 0, 0.06%, 8, 0, 12, 244.43
1734730666, 110, 21, 76, 0, 0, 0.06%, 8, 0, 12, 243.68
1734730672, 110, 36, 76, 0, 0, 0.06%, 8, 0, 12, 242.65
1734730677, 110, 48, 76, 0, 0, 0.06%, 8, 0, 12, 257.76
1734730682, 110, 74, 76, 0, 0, 0.06%, 8, 0, 12, 260.69
1734730707, 111, 11, 76, 0, 0, 0.06%, 8, 0, 12, 251.17
1734730712, 111, 13, 76, 0, 0, 0.06%, 8, 0, 12, 252.54
1734730717, 111, 16, 76, 0, 0, 0.06%, 8, 0, 12, 257.67
1734730722, 111, 17, 76, 0, 0, 0.06%, 8, 0, 12, 258.48
1734730727, 111, 21, 76, 0, 0, 0.06%, 8, 0, 12, 243.52
1734730732, 111, 36, 76, 0, 0, 0.06%, 8, 0, 12, 245.36
1734730737, 111, 38, 76, 0, 0, 0.06%, 8, 0, 12, 263.09
1734730742, 111, 55, 76, 0, 0, 0.06%, 8, 0, 12, 274.67
1734730747, 111, 64, 76, 0, 0, 0.06%, 8, 0, 12, 294.82
1734730758, 111, 72, 76, 0, 0, 0.06%, 8, 0, 12, 302.22
1734730778, 112, 12, 76, 0, 0, 0.06%, 8, 0, 12, 258.88
1734730783, 112, 13, 76, 0, 0, 0.06%, 8, 0, 12, 256.78
1734730788, 112, 16, 76, 0, 0, 0.06%, 8, 0, 12, 248.24
1734730793, 112, 17, 76, 0, 0, 0.06%, 8, 0, 12, 247.31
1734730798, 112, 19, 76, 0, 0, 0.06%, 8, 0, 12, 271.53
1734730808, 112, 21, 76, 0, 0, 0.06%, 8, 0, 12, 259.37
1734730814, 112, 22, 76, 0, 0, 0.06%, 8, 0, 12, 249.55
1734730819, 112, 27, 76, 0, 0, 0.06%, 8, 0, 12, 256.98
1734730824, 112, 36, 76, 0, 0, 0.06%, 8, 0, 12, 258.54
1734730829, 113, 12, 76, 0, 0, 0.06%, 8, 0, 12, 250.77
1734730834, 113, 13, 76, 0, 0, 0.06%, 8, 0, 12, 253.92
1734730839, 113, 16, 76, 0, 0, 0.06%, 8, 0, 12, 263.94
1734730844, 113, 17, 76, 0, 0, 0.06%, 8, 0, 12, 251.07
1734730849, 113, 21, 76, 0, 0, 0.06%, 8, 0, 12, 255.79
1734730854, 113, 36, 76, 0, 0, 0.06%, 8, 0, 12, 259.92
1734730859, 113, 63, 76, 0, 0, 0.06%, 8, 0, 12, 301.78
1734730864, 113, 74, 76, 0, 0, 0.06%, 8, 0, 12, 256.42
1734730890, 114, 11, 76, 0, 0, 0.06%, 8, 0, 12, 252.21
1734730895, 114, 13, 76, 0, 0, 0.06%, 8, 0, 12, 252.85
1734730900, 114, 16, 76, 0, 0, 0.06%, 8, 0, 12, 249.00
1734730905, 114, 17, 76, 0, 0, 0.06%, 8, 0, 12, 239.59
1734730910, 114, 21, 76, 0, 0, 0.06%, 8, 0, 12, 248.61
1734730915, 114, 22, 76, 0, 0, 0.06%, 8, 0, 12, 248.09
1734730920, 114, 28, 76, 0, 0, 0.06%, 8, 0, 12, 247.58
1734730925, 114, 31, 76, 0, 0, 0.06%, 8, 0, 12, 260.69
1734730930, 114, 36, 76, 0, 0, 0.06%, 8, 0, 12, 249.87
1734730936, 115, 5, 76, 0, 0, 0.06%, 8, 0, 12, 253.82
1734730941, 115, 12, 76, 0, 0, 0.06%, 8, 0, 12, 253.29
1734730946, 115, 16, 76, 0, 0, 0.06%, 8, 0, 12, 251.38
1734730951, 115, 17, 76, 0, 0, 0.06%, 8, 0, 12, 259.88
1734730961, 115, 19, 76, 0, 0, 0.06%, 8, 0, 12, 270.94
1734730966, 115, 21, 76, 0, 0, 0.06%, 8, 0, 12, 255.79
1734730971, 115, 29, 76, 0, 0, 0.06%, 8, 0, 12, 262.12
1734730976, 115, 31, 76, 0, 0, 0.06%, 8, 0, 12, 283.26
1734730981, 115, 33, 76, 0, 0, 0.06%, 8, 0, 12, 280.18
1734730986, 115, 36, 76, 0, 0, 0.06%, 8, 0, 12, 244.06
1734730991, 115, 41, 76, 0, 0, 0.06%, 8, 0, 12, 265.43
1734730996, 115, 42, 76, 0, 0, 0.06%, 8, 0, 12, 264.18
1734731002, 115, 50, 76, 0, 0, 0.06%, 8, 0, 12, 280.03
1734731007, 115, 56, 76, 0, 0, 0.06%, 8, 0, 12, 274.43
1734731012, 115, 68, 76, 0, 0, 0.06%, 8, 0, 12, 330.55
1734731022, 115, 75, 76, 0, 0, 0.06%, 8, 0, 12, 299.87
1734731042, 116, 12, 76, 0, 0, 0.06%, 8, 0, 12, 252.04
1734731047, 116, 16, 76, 0, 0, 0.06%, 8, 0, 12, 250.97
1734731057, 116, 17, 76, 0, 0, 0.06%, 8, 0, 12, 266.55
1734731063, 116, 21, 76, 0, 0, 0.06%, 8, 0, 12, 250.33
1734731068, 116, 36, 76, 0, 0, 0.06%, 8, 0, 12, 247.91
1734731073, 116, 56, 76, 0, 0, 0.06%, 8, 0, 12, 261.23
1734731078, 116, 58, 76, 0, 0, 0.06%, 8, 0, 12, 277.58
1734731083, 117, 11, 76, 0, 0, 0.06%, 8, 0, 12, 264.20
1734731088, 117, 13, 76, 0, 0, 0.06%, 8, 0, 12, 249.34
1734731093, 117, 16, 76, 0, 0, 0.06%, 8, 0, 12, 257.54
1734731098, 117, 17, 76, 0, 0, 0.06%, 8, 0, 12, 267.70
1734731108, 117, 21, 76, 0, 0, 0.06%, 8, 0, 12, 246.65
1734731113, 117, 36, 76, 0, 0, 0.06%, 8, 0, 12, 251.08
1734731118, 118, 12, 76, 0, 0, 0.06%, 8, 0, 12, 259.33
1734731123, 118, 13, 76, 0, 0, 0.06%, 8, 0, 12, 256.17
1734731128, 118, 16, 76, 0, 0, 0.06%, 8, 0, 12, 256.58
1734731133, 118, 17, 76, 0, 0, 0.06%, 8, 0, 12, 261.55
1734731139, 118, 21, 76, 0, 0, 0.06%, 8, 0, 12, 254.73
1734731144, 118, 36, 76, 0, 0, 0.06%, 8, 0, 12, 254.76
1734731149, 118, 51, 76, 0, 0, 0.06%, 8, 0, 12, 282.75
1734731154, 118, 54, 76, 0, 0, 0.06%, 8, 0, 12, 269.93
1734731159, 118, 62, 76, 0, 0, 0.06%, 8, 0, 12, 275.81
1734731164, 119, 10, 76, 0, 0, 0.06%, 8, 0, 12, 260.27
1734731169, 119, 12, 76, 0, 0, 0.06%, 8, 0, 12, 251.88
1734731174, 119, 16, 76, 0, 0, 0.06%, 8, 0, 12, 259.84
1734731184, 119, 17, 76, 0, 0, 0.06%, 8, 0, 12, 258.98
1734731189, 119, 21, 76, 0, 0, 0.06%, 8, 0, 12, 257.16
1734731194, 119, 36, 76, 0, 0, 0.06%, 8, 0, 12, 268.27
1734731199, 119, 40, 76, 0, 0, 0.06%, 8, 0, 12, 267.68
1734731204, 119, 58, 76, 0, 0, 0.06%, 8, 0, 12, 291.59
1734731209, 120, 11, 76, 0, 0, 0.06%, 8, 0, 12, 266.70
1734731214, 120, 13, 76, 0, 0, 0.06%, 8, 0, 12, 250.55
1734731220, 120, 16, 76, 0, 0, 0.06%, 8, 0, 12, 266.39
1734731225, 120, 17, 76, 0, 0, 0.06%, 8, 0, 12, 261.67
1734731230, 120, 21, 76, 0, 0, 0.06%, 8, 0, 12, 260.70
1734731235, 120, 34, 76, 0, 0, 0.06%, 8, 0, 12, 272.23
1734731240, 120, 36, 76, 0, 0, 0.06%, 8, 0, 12, 249.62
1734731245, 120, 42, 76, 0, 0, 0.06%, 8, 0, 12, 251.70
1734731250, 121, 11, 76, 0, 0, 0.06%, 8, 0, 12, 252.86
1734731255, 121, 13, 76, 0, 0, 0.06%, 8, 0, 12, 258.42
1734731260, 121, 16, 76, 0, 0, 0.06%, 8, 0, 12, 250.99
1734731265, 121, 17, 76, 0, 0, 0.06%, 8, 0, 12, 245.94
1734731270, 121, 18, 76, 0, 0, 0.06%, 8, 0, 12, 262.24
1734731275, 121, 21, 76, 0, 0, 0.06%, 8, 0, 12, 246.08
1734731280, 121, 36, 76, 0, 0, 0.06%, 8, 0, 12, 254.54
1734731290, 121, 40, 76, 0, 0, 0.06%, 8, 0, 12, 270.22
1734731295, 122, 12, 76, 0, 0, 0.06%, 8, 0, 12, 251.10
1734731300, 122, 16, 76, 0, 0, 0.06%, 8, 0, 12, 250.55
1734731305, 122, 17, 76, 0, 0, 0.06%, 8, 0, 12, 252.49
1734731316, 122, 21, 76, 0, 0, 0.06%, 8, 0, 12, 250.11
1734731321, 122, 31, 76, 0, 0, 0.06%, 8, 0, 12, 261.66
1734731326, 122, 36, 76, 0, 0, 0.06%, 8, 0, 12, 246.74
1734731331, 122, 52, 76, 0, 0, 0.06%, 8, 0, 12, 252.96
1734731336, 123, 11, 76, 0, 0, 0.06%, 8, 0, 12, 258.04
1734731341, 123, 13, 76, 0, 0, 0.06%, 8, 0, 12, 247.87
1734731346, 123, 16, 76, 0, 0, 0.06%, 8, 0, 12, 244.18
1734731352, 123, 17, 76, 0, 0, 0.06%, 8, 0, 12, 239.37
1734731357, 123, 21, 76, 0, 0, 0.06%, 8, 0, 12, 246.19
1734731362, 123, 36, 76, 0, 0, 0.06%, 8, 0, 12, 257.44
1734731367, 123, 44, 76, 0, 0, 0.06%, 8, 0, 12, 265.58
1734731372, 124, 4, 76, 0, 0, 0.06%, 8, 0, 12, 254.23
1734731377, 124, 12, 76, 0, 0, 0.06%, 8, 0, 12, 251.35
1734731382, 124, 16, 76, 0, 0, 0.06%, 8, 0, 12, 253.12
1734731387, 124, 17, 76, 0, 0, 0.06%, 8, 0, 12, 264.93
1734731398, 124, 21, 76, 0, 0, 0.06%, 8, 0, 12, 257.41
1734731403, 124, 36, 76, 0, 0, 0.06%, 8, 0, 12, 251.46
1734731408, 124, 37, 76, 0, 0, 0.06%, 8, 0, 12, 258.56
1734731413, 124, 58, 76, 0, 0, 0.06%, 8, 0, 12, 265.93
1734731418, 125, 12, 76, 0, 0, 0.06%, 8, 0, 12, 256.03
1734731423, 125, 13, 76, 0, 0, 0.06%, 8, 0, 12, 248.76
1734731428, 125, 16, 76, 0, 0, 0.06%, 8, 0, 12, 252.33
1734731433, 125, 17, 76, 0, 0, 0.06%, 8, 0, 12, 255.41
1734731438, 125, 21, 76, 0, 0, 0.06%, 8, 0, 12, 253.55
1734731443, 125, 36, 76, 0, 0, 0.06%, 8, 0, 12, 251.90
1734731449, 125, 55, 76, 0, 0, 0.06%, 8, 0, 12, 270.32
1734731454, 126, 11, 76, 0, 0, 0.06%, 8, 0, 12, 260.28
1734731459, 126, 12, 76, 0, 0, 0.06%, 8, 0, 12, 249.25
1734731464, 126, 16, 76, 0, 0, 0.06%, 8, 0, 12, 238.63
1734731469, 126, 17, 76, 0, 0, 0.06%, 8, 0, 12, 252.56
1734731474, 126, 21, 76, 0, 0, 0.06%, 8, 0, 12, 255.73
1734731479, 126, 23, 76, 0, 0, 0.06%, 8, 0, 12, 256.94
1734731489, 126, 28, 76, 0, 0, 0.06%, 8, 0, 12, 251.90
1734731494, 126, 36, 76, 0, 0, 0.06%, 8, 0, 12, 257.19
1734731499, 127, 12, 76, 0, 0, 0.06%, 8, 0, 12, 263.74
1734731504, 127, 13, 76, 0, 0, 0.06%, 8, 0, 12, 258.35
1734731509, 127, 16, 76, 0, 0, 0.06%, 8, 0, 12, 264.56
1734731515, 127, 17, 76, 0, 0, 0.06%, 8, 0, 12, 263.22
1734731520, 127, 21, 76, 0, 0, 0.06%, 8, 0, 12, 253.81
1734731525, 127, 36, 76, 0, 0, 0.06%, 8, 0, 12, 267.79
1734731530, 127, 48, 76, 0, 0, 0.06%, 8, 0, 12, 278.43
1734731535, 127, 59, 76, 0, 0, 0.06%, 8, 0, 12, 276.31
1734731545, 128, 12, 76, 0, 0, 0.06%, 8, 0, 12, 258.06
1734731550, 128, 16, 76, 0, 0, 0.06%, 8, 0, 12, 251.20
1734731555, 128, 17, 76, 0, 0, 0.06%, 8, 0, 12, 258.61
1734731560, 128, 21, 76, 0, 0, 0.06%, 8, 0, 12, 256.50
1734731570, 128, 26, 76, 0, 0, 0.06%, 8, 0, 12, 263.47
1734731575, 128, 36, 76, 0, 0, 0.06%, 8, 0, 12, 255.26
1734731580, 128, 70, 76, 0, 0, 0.06%, 8, 0, 12, 265.00
1734731586, 128, 74, 76, 0, 0, 0.06%, 8, 0, 12, 284.33
1734731606, 129, 10, 76, 0, 0, 0.06%, 8, 0, 12, 273.75
1734731611, 129, 12, 76, 0, 0, 0.06%, 8, 0, 12, 255.72
1734731616, 129, 16, 76, 0, 0, 0.06%, 8, 0, 12, 247.32
1734731621, 129, 17, 76, 0, 0, 0.06%, 8, 0, 12, 261.96
1734731631, 129, 20, 76, 0, 0, 0.06%, 8, 0, 12, 262.72
1734731636, 129, 21, 76, 0, 0, 0.06%, 8, 0, 12, 261.66
1734731641, 129, 25, 76, 0, 0, 0.06%, 8, 0, 12, 253.87
1734731647, 129, 26, 76, 0, 0, 0.06%, 8, 0, 12, 260.23
1734731652, 129, 36, 76, 0, 0, 0.06%, 8, 0, 12, 243.61
1734731657, 129, 60, 76, 0, 0, 0.06%, 8, 0, 12, 269.13
1734731662, 130, 11, 76, 0, 0, 0.06%, 8, 0, 12, 243.58
1734731667, 130, 13, 76, 0, 0, 0.06%, 8, 0, 12, 246.81
1734731672, 130, 16, 76, 0, 0, 0.06%, 8, 0, 12, 238.37
1734731677, 130, 17, 76, 0, 0, 0.06%, 8, 0, 12, 244.11
1734731682, 130, 21, 76, 0, 0, 0.06%, 8, 0, 12, 261.54
1734731687, 130, 36, 76, 0, 0, 0.06%, 8, 0, 12, 261.64
1734731697, 130, 69, 76, 0, 0, 0.06%, 8, 0, 12, 274.56
1734731707, 131, 12, 76, 0, 0, 0.06%, 8, 0, 12, 249.56
1734731712, 131, 16, 76, 0, 0, 0.06%, 8, 0, 12, 253.35
1734731717, 131, 17, 76, 0, 0, 0.06%, 8, 0, 12, 257.54
1734731722, 131, 21, 76, 0, 0, 0.06%, 8, 0, 12, 251.71
1734731733, 131, 36, 76, 0, 0, 0.06%, 8, 0, 12, 248.84
1734731738, 131, 56, 76, 0, 0, 0.06%, 8, 0, 12, 267.62
1734731743, 131, 69, 76, 0, 0, 0.06%, 8, 0, 12, 271.36
1734731748, 132, 12, 76, 0, 0, 0.06%, 8, 0, 12, 260.59
1734731753, 132, 13, 76, 0, 0, 0.06%, 8, 0, 12, 256.11
1734731758, 132, 16, 76, 0, 0, 0.06%, 8, 0, 12, 268.03
1734731763, 132, 17, 76, 0, 0, 0.06%, 8, 0, 12, 261.01
1734731768, 132, 21, 76, 0, 0, 0.06%, 8, 0, 12, 262.28
1734731773, 132, 22, 76, 0, 0, 0.06%, 8, 0, 12, 242.78
1734731778, 132, 36, 76, 0, 0, 0.06%, 8, 0, 12, 247.00
1734731783, 132, 42, 76, 0, 0, 0.06%, 8, 0, 12, 242.06
1734731788, 133, 11, 76, 0, 0, 0.06%, 8, 0, 12, 251.05
1734731793, 133, 13, 76, 0, 0, 0.06%, 8, 0, 12, 251.55
1734731798, 133, 16, 76, 0, 0, 0.06%, 8, 0, 12, 267.49
1734731803, 133, 17, 76, 0, 0, 0.06%, 8, 0, 12, 257.76
1734731809, 133, 21, 76, 0, 0, 0.06%, 8, 0, 12, 253.97
1734731814, 133, 36, 76, 0, 0, 0.06%, 8, 0, 12, 247.11
1734731819, 133, 46, 76, 0, 0, 0.06%, 8, 0, 12, 260.00
1734731824, 133, 58, 76, 0, 0, 0.06%, 8, 0, 12, 270.85
1734731829, 134, 11, 76, 0, 0, 0.06%, 8, 0, 12, 274.09
1734731834, 134, 13, 76, 0, 0, 0.06%, 8, 0, 12, 253.31
1734731839, 134, 16, 76, 0, 0, 0.06%, 8, 0, 12, 243.78
1734731844, 134, 17, 76, 0, 0, 0.06%, 8, 0, 12, 241.81
1734731849, 134, 21, 76, 0, 0, 0.06%, 8, 0, 12, 247.67
1734731854, 134, 36, 76, 0, 0, 0.06%, 8, 0, 12, 241.88
1734731865, 134, 44, 76, 0, 0, 0.06%, 8, 0, 12, 279.39
1734731870, 135, 12, 76, 0, 0, 0.06%, 8, 0, 12, 264.75
1734731875, 135, 16, 76, 0, 0, 0.06%, 8, 0, 12, 246.71
1734731880, 135, 17, 76, 0, 0, 0.06%, 8, 0, 12, 247.75
1734731885, 135, 21, 76, 0, 0, 0.06%, 8, 0, 12, 244.61
1734731895, 135, 30, 76, 0, 0, 0.06%, 8, 0, 12, 252.70
1734731900, 135, 36, 76, 0, 0, 0.06%, 8, 0, 12, 249.66
1734731905, 135, 40, 76, 0, 0, 0.06%, 8, 0, 12, 259.52
1734731910, 135, 71, 76, 0, 0, 0.06%, 8, 0, 12, 286.03
1734731921, 135, 73, 76, 0, 0, 0.06%, 8, 0, 12, 257.90
1734731926, 136, 12, 76, 0, 0, 0.06%, 8, 0, 12, 248.64
1734731931, 136, 16, 76, 0, 0, 0.06%, 8, 0, 12, 254.12
1734731936, 136, 17, 76, 0, 0, 0.06%, 8, 0, 12, 252.11
1734731946, 136, 21, 76, 0, 0, 0.06%, 8, 0, 12, 242.08
1734731951, 136, 30, 76, 0, 0, 0.06%, 8, 0, 12, 252.45
1734731956, 136, 36, 76, 0, 0, 0.06%, 8, 0, 12, 260.50
1734731961, 136, 57, 76, 0, 0, 0.06%, 8, 0, 12, 269.01
1734731966, 136, 66, 76, 0, 0, 0.06%, 8, 0, 12, 284.91
1734731971, 137, 11, 76, 0, 0, 0.06%, 8, 0, 12, 267.27
1734731976, 137, 12, 76, 0, 0, 0.06%, 8, 0, 12, 257.34
1734731982, 137, 16, 76, 0, 0, 0.06%, 8, 0, 12, 236.65
1734731987, 137, 17, 76, 0, 0, 0.06%, 8, 0, 12, 250.94
1734731992, 137, 21, 76, 0, 0, 0.06%, 8, 0, 12, 257.35
1734731997, 137, 32, 76, 0, 0, 0.06%, 8, 0, 12, 259.31
1734732007, 137, 36, 76, 0, 0, 0.06%, 8, 0, 12, 259.03
1734732012, 138, 11, 76, 0, 0, 0.06%, 8, 0, 12, 240.91
1734732017, 138, 13, 76, 0, 0, 0.06%, 8, 0, 12, 247.45
1734732022, 138, 16, 76, 0, 0, 0.06%, 8, 0, 12, 247.16
1734732027, 138, 17, 76, 0, 0, 0.06%, 8, 0, 12, 240.10
1734732032, 138, 18, 76, 0, 0, 0.06%, 8, 0, 12, 261.09
1734732038, 138, 21, 76, 0, 0, 0.06%, 8, 0, 12, 246.44
1734732048, 138, 36, 76, 0, 0, 0.06%, 8, 0, 12, 245.80
1734732053, 139, 12, 76, 0, 0, 0.06%, 8, 0, 12, 253.28
1734732058, 139, 16, 76, 0, 0, 0.06%, 8, 0, 12, 245.90
1734732063, 139, 17, 76, 0, 0, 0.06%, 8, 0, 12, 251.51
1734732073, 139, 21, 76, 0, 0, 0.06%, 8, 0, 12, 255.77
1734732078, 139, 33, 76, 0, 0, 0.06%, 8, 0, 12, 273.33
1734732083, 139, 36, 76, 0, 0, 0.06%, 8, 0, 12, 274.33
1734732088, 139, 68, 76, 0, 0, 0.06%, 8, 0, 12, 296.04
1734732093, 140, 2, 76, 0, 0, 0.06%, 8, 0, 12, 260.26
1734732098, 140, 12, 76, 0, 0, 0.06%, 8, 0, 12, 260.98
1734732103, 140, 16, 76, 0, 0, 0.06%, 8, 0, 12, 246.75
1734732108, 140, 17, 76, 0, 0, 0.06%, 8, 0, 12, 248.72
1734732114, 140, 21, 76, 0, 0, 0.06%, 8, 0, 12, 256.54
1734732124, 140, 36, 76, 0, 0, 0.06%, 8, 0, 12, 250.52
1734732129, 140, 63, 76, 0, 0, 0.06%, 8, 0, 12, 281.18
1734732134, 140, 66, 76, 0, 0, 0.06%, 8, 0, 12, 282.02
1734732144, 140, 69, 76, 0, 0, 0.06%, 8, 0, 12, 271.30
1734732149, 141, 12, 76, 0, 0, 0.06%, 8, 0, 12, 251.20
1734732154, 141, 16, 76, 0, 0, 0.06%, 8, 0, 12, 250.65
1734732164, 141, 17, 76, 0, 0, 0.06%, 8, 0, 12, 269.22
1734732169, 141, 21, 76, 0, 0, 0.06%, 8, 0, 12, 256.75
1734732174, 141, 31, 76, 0, 0, 0.06%, 8, 0, 12, 264.27
1734732179, 141, 33, 76, 0, 0, 0.06%, 8, 0, 12, 281.84
1734732185, 141, 36, 76, 0, 0, 0.06%, 8, 0, 12, 255.48
1734732190, 141, 66, 76, 0, 0, 0.06%, 8, 0, 12, 288.04
1734732200, 141, 69, 76, 0, 0, 0.06%, 8, 0, 12, 264.70
1734732205, 142, 12, 76, 0, 0, 0.06%, 8, 0, 12, 262.99
1734732210, 142, 16, 76, 0, 0, 0.06%, 8, 0, 12, 250.66
1734732220, 142, 17, 76, 0, 0, 0.06%, 8, 0, 12, 239.61
1734732225, 142, 21, 76, 0, 0, 0.06%, 8, 0, 12, 246.81
1734732231, 142, 36, 76, 0, 0, 0.06%, 8, 0, 12, 238.31
1734732236, 142, 51, 76, 0, 0, 0.06%, 8, 0, 12, 276.90
1734732241, 143, 11, 76, 0, 0, 0.06%, 8, 0, 12, 253.56
1734732246, 143, 13, 76, 0, 0, 0.06%, 8, 0, 12, 256.32
1734732251, 143, 16, 76, 0, 0, 0.06%, 8, 0, 12, 237.38
1734732256, 143, 17, 76, 0, 0, 0.06%, 8, 0, 12, 244.35
1734732261, 143, 18, 76, 0, 0, 0.06%, 8, 0, 12, 255.83
1734732266, 143, 21, 76, 0, 0, 0.06%, 8, 0, 12, 251.17
1734732271, 143, 36, 76, 0, 0, 0.06%, 8, 0, 12, 259.73
1734732281, 143, 62, 76, 0, 0, 0.06%, 8, 0, 12, 268.25
1734732286, 143, 72, 76, 0, 0, 0.06%, 8, 0, 12, 299.66
1734732307, 144, 12, 76, 0, 0, 0.06%, 8, 0, 12, 254.38
1734732312, 144, 13, 76, 0, 0, 0.06%, 8, 0, 12, 250.86
1734732317, 144, 16, 76, 0, 0, 0.06%, 8, 0, 12, 249.34
1734732322, 144, 17, 76, 0, 0, 0.06%, 8, 0, 12, 244.91
1734732327, 144, 21, 76, 0, 0, 0.06%, 8, 0, 12, 248.08
1734732332, 144, 29, 76, 0, 0, 0.06%, 8, 0, 12, 251.02
1734732337, 144, 30, 76, 0, 0, 0.06%, 8, 0, 12, 247.73
1734732342, 144, 36, 76, 0, 0, 0.06%, 8, 0, 12, 246.10
1734732348, 144, 57, 76, 0, 0, 0.06%, 8, 0, 12, 262.49
1734732358, 144, 67, 76, 0, 0, 0.06%, 8, 0, 12, 281.79
1734732363, 145, 11, 76, 0, 0, 0.06%, 8, 0, 12, 265.55
1734732368, 145, 13, 76, 0, 0, 0.06%, 8, 0, 12, 251.60
1734732373, 145, 16, 76, 0, 0, 0.06%, 8, 0, 12, 259.22
1734732378, 145, 17, 76, 0, 0, 0.06%, 8, 0, 12, 254.71
1734732383, 145, 21, 76, 0, 0, 0.06%, 8, 0, 12, 247.56
1734732388, 145, 36, 76, 0, 0, 0.06%, 8, 0, 12, 258.06
1734732393, 145, 74, 76, 0, 0, 0.06%, 8, 0, 12, 264.79
1734732414, 146, 10, 76, 0, 0, 0.06%, 8, 0, 12, 249.87
1734732419, 146, 12, 76, 0, 0, 0.06%, 8, 0, 12, 249.65
1734732424, 146, 16, 76, 0, 0, 0.06%, 8, 0, 12, 249.68
1734732434, 146, 17, 76, 0, 0, 0.06%, 8, 0, 12, 268.84
1734732439, 146, 21, 76, 0, 0, 0.06%, 8, 0, 12, 244.76
1734732444, 146, 25, 76, 0, 0, 0.06%, 8, 0, 12, 243.12
1734732450, 146, 26, 76, 0, 0, 0.06%, 8, 0, 12, 263.16
1734732455, 146, 36, 76, 0, 0, 0.06%, 8, 0, 12, 257.01
1734732460, 146, 49, 76, 0, 0, 0.06%, 8, 0, 12, 260.09
1734732470, 146, 59, 76, 0, 0, 0.06%, 8, 0, 12, 266.03
1734732475, 146, 63, 76, 0, 0, 0.06%, 8, 0, 12, 282.66
1734732485, 147, 12, 76, 0, 0, 0.06%, 8, 0, 12, 265.02
1734732490, 147, 13, 76, 0, 0, 0.06%, 8, 0, 12, 256.86
1734732495, 147, 16, 76, 0, 0, 0.06%, 8, 0, 12, 251.41
1734732500, 147, 17, 76, 0, 0, 0.06%, 8, 0, 12, 254.10
1734732505, 147, 21, 76, 0, 0, 0.06%, 8, 0, 12, 240.94
1734732510, 147, 24, 76, 0, 0, 0.06%, 8, 0, 12, 244.41
1734732516, 147, 36, 76, 0, 0, 0.06%, 8, 0, 12, 252.51
1734732521, 147, 40, 76, 0, 0, 0.06%, 8, 0, 12, 249.33
1734732526, 147, 44, 76, 0, 0, 0.06%, 8, 0, 12, 274.69
1734732531, 147, 47, 76, 0, 0, 0.06%, 8, 0, 12, 282.67
1734732536, 147, 48, 76, 0, 0, 0.06%, 8, 0, 12, 272.73
1734732541, 147, 52, 76, 0, 0, 0.06%, 8, 0, 12, 274.86
1734732551, 148, 12, 76, 0, 0, 0.06%, 8, 0, 12, 256.79
1734732556, 148, 16, 76, 0, 0, 0.06%, 8, 0, 12, 246.02
1734732561, 148, 17, 76, 0, 0, 0.06%, 8, 0, 12, 246.89
1734732566, 148, 21, 76, 0, 0, 0.06%, 8, 0, 12, 256.40
1734732576, 148, 36, 76, 0, 0, 0.06%, 8, 0, 12, 266.33
1734732581, 148, 41, 76, 0, 0, 0.06%, 8, 0, 12, 270.10
1734732586, 148, 56, 76, 0, 0, 0.06%, 8, 0, 12, 257.63
1734732591, 148, 62, 76, 0, 0, 0.06%, 8, 0, 12, 283.90
1734732596, 149, 11, 76, 0, 0, 0.06%, 8, 0, 12, 255.33
1734732601, 149, 13, 76, 0, 0, 0.06%, 8, 0, 12, 253.83
1734732606, 149, 16, 76, 0, 0, 0.06%, 8, 0, 12, 256.49
1734732611, 149, 17, 76, 0, 0, 0.06%, 8, 0, 12, 250.75
1734732616, 149, 21, 76, 0, 0, 0.06%, 8, 0, 12, 239.92
1734732621, 149, 36, 76, 0, 0, 0.06%, 8, 0, 12, 250.08
1734732627, 149, 37, 76, 0, 0, 0.06%, 8, 0, 12, 269.03
1734732637, 149, 49, 76, 0, 0, 0.06%, 8, 0, 12, 266.60
1734732642, 149, 61, 76, 0, 0, 0.06%, 8, 0, 12, 270.44
1734732647, 150, 11, 76, 0, 0, 0.06%, 8, 0, 12, 266.95
1734732652, 150, 12, 76, 0, 0, 0.06%, 8, 0, 12, 268.38
1734732657, 150, 16, 76, 0, 0, 0.06%, 8, 0, 12, 249.17
1734732662, 150, 17, 76, 0, 0, 0.06%, 8, 0, 12, 247.94
1734732667, 150, 21, 76, 0, 0, 0.06%, 8, 0, 12, 245.99
1734732677, 150, 24, 76, 0, 0, 0.06%, 8, 0, 12, 266.59
1734732682, 150, 34, 76, 0, 0, 0.06%, 8, 0, 12, 274.36
1734732687, 150, 36, 76, 0, 0, 0.06%, 8, 0, 12, 261.70
1734732692, 151, 12, 76, 0, 0, 0.06%, 8, 0, 12, 260.11
1734732697, 151, 13, 76, 0, 0, 0.06%, 8, 0, 12, 252.07
1734732702, 151, 16, 76, 0, 0, 0.06%, 8, 0, 12, 254.33
1734732708, 151, 17, 76, 0, 0, 0.06%, 8, 0, 12, 257.61
1734732713, 151, 21, 76, 0, 0, 0.06%, 8, 0, 12, 245.63
1734732718, 151, 36, 76, 0, 0, 0.06%, 8, 0, 12, 250.52
1734732723, 151, 43, 76, 0, 0, 0.06%, 8, 0, 12, 257.72
1734732728, 151, 53, 76, 0, 0, 0.06%, 8, 0, 12, 256.39
1734732733, 152, 4, 76, 0, 0, 0.06%, 8, 0, 12, 264.79
1734732738, 152, 12, 76, 0, 0, 0.06%, 8, 0, 12, 249.30
1734732743, 152, 16, 76, 0, 0, 0.06%, 8, 0, 12, 258.18
1734732753, 152, 17, 76, 0, 0, 0.06%, 8, 0, 12, 256.77
1734732758, 152, 21, 76, 0, 0, 0.06%, 8, 0, 12, 247.60
1734732764, 152, 36, 76, 0, 0, 0.06%, 8, 0, 12, 250.48
1734732769, 152, 61, 76, 0, 0, 0.06%, 8, 0, 12, 270.97
1734732774, 153, 11, 76, 0, 0, 0.06%, 8, 0, 12, 254.72
1734732779, 153, 13, 76, 0, 0, 0.06%, 8, 0, 12, 250.95
1734732784, 153, 16, 76, 0, 0, 0.06%, 8, 0, 12, 243.91
1734732789, 153, 17, 76, 0, 0, 0.06%, 8, 0, 12, 239.08
1734732794, 153, 21, 76, 0, 0, 0.06%, 8, 0, 12, 254.64
1734732799, 153, 36, 76, 0, 0, 0.06%, 8, 0, 12, 260.11
1734732809, 153, 64, 76, 0, 0, 0.06%, 8, 0, 12, 294.02
1734732814, 154, 11, 76, 0, 0, 0.06%, 8, 0, 12, 264.68
1734732819, 154, 13, 76, 0, 0, 0.06%, 8, 0, 12, 259.65
1734732824, 154, 16, 76, 0, 0, 0.06%, 8, 0, 12, 249.47
1734732829, 154, 17, 76, 0, 0, 0.06%, 8, 0, 12, 243.25
1734732834, 154, 21, 76, 0, 0, 0.06%, 8, 0, 12, 246.96
1734732840, 154, 24, 76, 0, 0, 0.06%, 8, 0, 12, 257.97
1734732845, 154, 36, 76, 0, 0, 0.06%, 8, 0, 12, 259.71
1734732850, 154, 50, 76, 0, 0, 0.06%, 8, 0, 12, 276.28
1734732855, 154, 51, 76, 0, 0, 0.06%, 8, 0, 12, 285.13
1734732865, 155, 12, 76, 0, 0, 0.06%, 8, 0, 12, 252.55
1734732870, 155, 13, 76, 0, 0, 0.06%, 8, 0, 12, 253.09
1734732875, 155, 16, 76, 0, 0, 0.06%, 8, 0, 12, 258.66
1734732880, 155, 17, 76, 0, 0, 0.06%, 8, 0, 12, 256.29
1734732886, 155, 21, 76, 0, 0, 0.06%, 8, 0, 12, 251.97
1734732891, 155, 34, 76, 0, 0, 0.06%, 8, 0, 12, 256.00
1734732896, 155, 36, 76, 0, 0, 0.06%, 8, 0, 12, 258.64
1734732901, 155, 42, 76, 0, 0, 0.06%, 8, 0, 12, 264.70
1734732906, 156, 11, 76, 0, 0, 0.06%, 8, 0, 12, 257.13
1734732911, 156, 12, 76, 0, 0, 0.06%, 8, 0, 12, 252.87
1734732916, 156, 16, 76, 0, 0, 0.06%, 8, 0, 12, 239.62
1734732921, 156, 17, 76, 0, 0, 0.06%, 8, 0, 12, 254.07
1734732926, 156, 21, 76, 0, 0, 0.06%, 8, 0, 12, 253.55
1734732931, 156, 36, 76, 0, 0, 0.06%, 8, 0, 12, 247.43
1734732941, 156, 64, 76, 0, 0, 0.06%, 8, 0, 12, 285.71
1734732947, 156, 69, 76, 0, 0, 0.06%, 8, 0, 12, 278.71
1734732952, 157, 11, 76, 0, 0, 0.06%, 8, 0, 12, 258.64
1734732957, 157, 13, 76, 0, 0, 0.06%, 8, 0, 12, 262.94
1734732962, 157, 16, 76, 0, 0, 0.06%, 8, 0, 12, 250.90
1734732967, 157, 17, 76, 0, 0, 0.06%, 8, 0, 12, 254.49
1734732972, 157, 21, 76, 0, 0, 0.06%, 8, 0, 12, 253.32
1734732977, 157, 24, 76, 0, 0, 0.06%, 8, 0, 12, 257.19
1734732982, 157, 36, 76, 0, 0, 0.06%, 8, 0, 12, 255.89
1734732992, 157, 65, 76, 0, 0, 0.06%, 8, 0, 12, 258.48
1734732998, 158, 11, 76, 0, 0, 0.06%, 8, 0, 12, 259.94
1734733003, 158, 13, 76, 0, 0, 0.06%, 8, 0, 12, 252.34
1734733008, 158, 16, 76, 0, 0, 0.06%, 8, 0, 12, 249.22
1734733013, 158, 17, 76, 0, 0, 0.06%, 8, 0, 12, 253.63
1734733018, 158, 21, 76, 0, 0, 0.06%, 8, 0, 12, 247.50
1734733023, 158, 36, 76, 0, 0, 0.06%, 8, 0, 12, 243.84
1734733028, 159, 11, 76, 0, 0, 0.06%, 8, 0, 12, 254.23
1734733033, 159, 12, 76, 0, 0, 0.06%, 8, 0, 12, 250.46
1734733038, 159, 16, 76, 0, 0, 0.06%, 8, 0, 12, 246.76
1734733043, 159, 17, 76, 0, 0, 0.06%, 8, 0, 12, 248.86
1734733048, 159, 21, 76, 0, 0, 0.06%, 8, 0, 12, 257.24
1734733053, 159, 32, 76, 0, 0, 0.06%, 8, 0, 12, 260.89
1734733064, 159, 36, 76, 0, 0, 0.06%, 8, 0, 12, 272.26
1734733069, 159, 65, 76, 0, 0, 0.06%, 8, 0, 12, 283.70
1734733074, 159, 66, 76, 0, 0, 0.06%, 8, 0, 12, 292.24
1734733084, 160, 12, 76, 0, 0, 0.06%, 8, 0, 12, 260.37
1734733089, 160, 16, 76, 0, 0, 0.06%, 8, 0, 12, 258.23
1734733099, 160, 17, 76, 0, 0, 0.06%, 8, 0, 12, 250.68
1734733104, 160, 21, 76, 0, 0, 0.06%, 8, 0, 12, 261.61
1734733109, 160, 36, 76, 0, 0, 0.06%, 8, 0, 12, 270.70
1734733114, 160, 51, 76, 0, 0, 0.06%, 8, 0, 12, 269.22
1734733119, 160, 69, 76, 0, 0, 0.06%, 8, 0, 12, 271.27
1734733124, 161, 11, 76, 0, 0, 0.06%, 8, 0, 12, 251.75
1734733129, 161, 13, 76, 0, 0, 0.06%, 8, 0, 12, 254.80
1734733135, 161, 15, 76, 0, 0, 0.06%, 8, 0, 12, 265.43
1734733140, 161, 17, 76, 0, 0, 0.06%, 8, 0, 12, 274.86
1734733150, 161, 21, 76, 0, 0, 0.06%, 8, 0, 12, 251.59
1734733155, 161, 23, 76, 0, 0, 0.06%, 8, 0, 12, 254.08
1734733160, 161, 31, 76, 0, 0, 0.06%, 8, 0, 12, 269.45
1734733165, 161, 36, 76, 0, 0, 0.06%, 8, 0, 12, 252.34
1734733170, 161, 43, 76, 0, 0, 0.06%, 8, 0, 12, 273.59
1734733175, 161, 59, 76, 0, 0, 0.06%, 8, 0, 12, 276.30
1734733185, 162, 12, 76, 0, 0, 0.06%, 8, 0, 12, 256.07
1734733190, 162, 16, 76, 0, 0, 0.06%, 8, 0, 12, 255.69
1734733195, 162, 17, 76, 0, 0, 0.06%, 8, 0, 12, 268.59
1734733205, 162, 21, 76, 0, 0, 0.06%, 8, 0, 12, 259.00
1734733210, 162, 36, 76, 0, 0, 0.06%, 8, 0, 12, 251.32
1734733215, 162, 39, 76, 0, 0, 0.06%, 8, 0, 12, 276.83
1734733220, 162, 45, 76, 0, 0, 0.06%, 8, 0, 12, 277.98
1734733225, 162, 58, 76, 0, 0, 0.06%, 8, 0, 12, 291.48
1734733231, 162, 63, 76, 0, 0, 0.06%, 8, 0, 12, 304.31
1734733236, 162, 70, 76, 0, 0, 0.06%, 8, 0, 12, 284.71
1734733241, 162, 76, 77, 1, 1, 0.07%, 9, 0, 12, 251.22
1734733297, 163, 12, 77, 0, 0, 0.07%, 9, 0, 12, 245.16
1734733302, 163, 13, 77, 0, 0, 0.07%, 9, 0, 12, 249.68
1734733307, 163, 16, 77, 0, 0, 0.07%, 9, 0, 12, 253.25
1734733312, 163, 17, 77, 0, 0, 0.07%, 9, 0, 12, 258.76
1734733317, 163, 21, 77, 0, 0, 0.07%, 9, 0, 12, 254.95
1734733322, 163, 31, 77, 0, 0, 0.07%, 9, 0, 12, 291.57
1734733327, 163, 36, 77, 0, 0, 0.07%, 9, 0, 12, 254.72
1734733332, 163, 43, 77, 0, 0, 0.07%, 9, 0, 12, 269.21
1734733337, 163, 45, 77, 0, 0, 0.07%, 9, 0, 12, 279.80
1734733342, 163, 49, 77, 0, 0, 0.07%, 9, 0, 12, 278.02
1734733352, 163, 54, 77, 0, 0, 0.07%, 9, 0, 12, 260.90
1734733357, 163, 76, 77, 0, 0, 0.07%, 9, 0, 12, 245.16
1734733378, 164, 11, 77, 0, 0, 0.07%, 9, 0, 12, 269.16
1734733383, 164, 13, 77, 0, 0, 0.07%, 9, 0, 12, 260.85
1734733388, 164, 16, 77, 0, 0, 0.07%, 9, 0, 12, 239.96
1734733393, 164, 17, 77, 0, 0, 0.07%, 9, 0, 12, 253.00
1734733398, 164, 21, 77, 0, 0, 0.07%, 9, 0, 12, 254.35
1734733403, 164, 36, 77, 0, 0, 0.07%, 9, 0, 12, 248.90
1734733408, 164, 76, 77, 0, 0, 0.07%, 9, 0, 12, 253.93
1734733413, 164, 76, 78, 1, 0, 0.08%, 10, 0, 12, 232.75
1734733444, 164, 77, 78, 1, 1, 0.08%, 10, 0, 12, 266.51
1734733520, 165, 11, 78, 0, 0, 0.08%, 10, 0, 12, 261.57
1734733525, 165, 13, 78, 0, 0, 0.08%, 10, 0, 12, 247.99
1734733530, 165, 16, 78, 0, 0, 0.08%, 10, 0, 12, 258.30
1734733535, 165, 17, 78, 0, 0, 0.08%, 10, 0, 12, 273.48
1734733545, 165, 21, 78, 0, 0, 0.08%, 10, 0, 12, 260.32
1734733550, 165, 26, 78, 0, 0, 0.08%, 10, 0, 12, 256.63
1734733555, 165, 36, 78, 0, 0, 0.08%, 10, 0, 12, 245.83
1734733560, 165, 56, 78, 0, 0, 0.08%, 10, 0, 12, 255.63
1734733565, 165, 63, 78, 0, 0, 0.08%, 10, 0, 12, 302.89
1734733576, 165, 76, 78, 0, 0, 0.08%, 10, 0, 12, 240.59
1734733596, 165, 77, 78, 0, 0, 0.08%, 10, 0, 12, 259.18
1734733601, 165, 77, 79, 1, 0, 0.09%, 11, 0, 12, 241.07
1734733637, 165, 77, 80, 2, 0, 0.09%, 11, 0, 12, 245.96
1734733647, 165, 78, 80, 2, 1, 0.09%, 11, 0, 12, 332.77
1734733667, 165, 78, 81, 3, 1, 0.09%, 11, 0, 12, 262.22
1734733809, 165, 80, 81, 2, 1, 0.09%, 11, 0, 12, 304.45
1734733910, 166, 13, 81, 1, 0, 0.09%, 11, 0, 12, 244.02
1734733916, 166, 16, 81, 1, 0, 0.09%, 11, 0, 12, 238.25
1734733921, 166, 17, 81, 1, 0, 0.09%, 11, 0, 12, 240.02
1734733926, 166, 21, 81, 1, 0, 0.09%, 11, 0, 12, 252.48
1734733931, 166, 26, 81, 1, 0, 0.09%, 11, 0, 12, 261.30
1734733941, 166, 36, 81, 1, 0, 0.09%, 11, 0, 12, 269.06
1734733946, 166, 39, 81, 1, 0, 0.09%, 11, 0, 12, 256.41
1734733951, 166, 56, 81, 1, 0, 0.09%, 11, 0, 12, 267.25
1734733956, 166, 76, 81, 1, 0, 0.09%, 11, 0, 12, 242.63
1734733976, 166, 78, 81, 1, 0, 0.09%, 11, 0, 12, 273.99
1734734022, 166, 80, 81, 1, 0, 0.09%, 11, 0, 12, 265.62
1734734068, 167, 13, 81, 1, 0, 0.09%, 11, 0, 12, 257.54
1734734073, 167, 16, 81, 1, 0, 0.09%, 11, 0, 12, 257.06
1734734078, 167, 17, 81, 1, 0, 0.09%, 11, 0, 12, 257.94
1734734083, 167, 20, 81, 1, 0, 0.09%, 11, 0, 12, 267.04
1734734088, 167, 21, 81, 1, 0, 0.09%, 11, 0, 12, 245.31
1734734093, 167, 32, 81, 1, 0, 0.09%, 11, 0, 12, 259.23
1734734098, 167, 36, 81, 1, 0, 0.09%, 11, 0, 12, 246.55
1734734103, 167, 76, 81, 1, 0, 0.09%, 11, 0, 12, 256.07
1734734129, 167, 78, 81, 1, 0, 0.09%, 11, 0, 12, 256.96
1734734175, 167, 80, 81, 1, 0, 0.09%, 11, 0, 12, 257.36
1734734215, 168, 11, 81, 1, 0, 0.09%, 11, 0, 12, 258.54
1734734220, 168, 13, 81, 1, 0, 0.09%, 11, 0, 12, 248.25
1734734225, 168, 16, 81, 1, 0, 0.09%, 11, 0, 12, 243.03
1734734230, 168, 17, 81, 1, 0, 0.09%, 11, 0, 12, 266.58
1734734235, 168, 21, 81, 1, 0, 0.09%, 11, 0, 12, 244.43
1734734241, 168, 36, 81, 1, 0, 0.09%, 11, 0, 12, 245.10
1734734246, 168, 47, 81, 1, 0, 0.09%, 11, 0, 12, 276.02
1734734251, 168, 72, 81, 1, 0, 0.09%, 11, 0, 12, 287.79
1734734271, 168, 76, 81, 1, 0, 0.09%, 11, 0, 12, 247.83
1734734296, 168, 78, 81, 1, 0, 0.09%, 11, 0, 12, 258.54
1734734342, 168, 80, 81, 1, 0, 0.09%, 11, 0, 12, 267.94
1734734388, 169, 13, 81, 1, 0, 0.09%, 11, 0, 12, 257.94
1734734393, 169, 16, 81, 1, 0, 0.09%, 11, 0, 12, 253.46
1734734398, 169, 17, 81, 1, 0, 0.09%, 11, 0, 12, 248.56
1734734403, 169, 21, 81, 1, 0, 0.09%, 11, 0, 12, 248.84
1734734408, 169, 36, 81, 1, 0, 0.09%, 11, 0, 12, 242.78
1734734413, 169, 43, 81, 1, 0, 0.09%, 11, 0, 12, 265.71
1734734418, 169, 75, 81, 1, 0, 0.09%, 11, 0, 12, 270.17
1734734443, 169, 76, 81, 1, 0, 0.09%, 11, 0, 12, 227.15
1734734463, 169, 78, 81, 1, 0, 0.09%, 11, 0, 12, 276.51
1734734509, 169, 79, 83, 3, 0, 0.09%, 12, 0, 12, 279.01
1734734514, 169, 79, 84, 4, 0, 0.09%, 12, 0, 12, 257.45
1734734534, 169, 79, 85, 5, 0, 0.09%, 12, 0, 12, 239.51
1734734636, 169, 82, 85, 4, 1, 0.09%, 12, 0, 12, 264.40
1734734687, 169, 82, 86, 5, 1, 0.09%, 13, 0, 12, 233.71
1734734697, 169, 82, 87, 6, 1, 0.09%, 13, 0, 12, 238.75
1734734712, 169, 82, 88, 7, 1, 0.09%, 13, 0, 12, 236.38
1734734763, 169, 85, 88, 6, 1, 0.09%, 13, 0, 12, 276.63
1734734773, 169, 85, 92, 10, 1, 0.09%, 13, 0, 12, 284.71
1734734778, 169, 85, 93, 11, 1, 0.09%, 13, 0, 12, 271.54
1734734788, 169, 85, 94, 12, 1, 0.09%, 13, 0, 12, 272.98
1734734794, 169, 85, 95, 13, 1, 0.09%, 13, 0, 12, 270.20
1734734799, 169, 85, 96, 14, 1, 0.09%, 13, 0, 12, 263.27
1734734809, 169, 85, 97, 15, 1, 0.11%, 14, 0, 12, 261.20
1734734829, 169, 85, 98, 16, 1, 0.12%, 14, 0, 12, 262.96
1734734834, 169, 85, 99, 17, 1, 0.12%, 16, 0, 12, 255.77
1734734839, 169, 85, 100, 18, 1, 0.12%, 16, 0, 12, 265.78
1734734859, 169, 85, 101, 19, 1, 0.13%, 17, 0, 12, 269.60
1734734890, 169, 96, 102, 19, 4, 0.13%, 18, 0, 13, 309.75
1734734910, 169, 96, 103, 20, 4, 0.13%, 18, 0, 13, 263.81
1734734920, 169, 96, 104, 21, 4, 0.13%, 18, 0, 13, 270.78
1734735047, 169, 97, 106, 22, 4, 0.13%, 19, 0, 13, 307.08
1734735149, 169, 98, 106, 21, 4, 0.13%, 19, 0, 13, 308.40
1734735154, 169, 98, 108, 23, 4, 0.13%, 20, 0, 13, 349.88
1734735159, 169, 98, 110, 25, 4, 0.14%, 21, 0, 13, 281.95
1734735164, 169, 98, 111, 26, 4, 0.14%, 21, 0, 13, 270.30
1734735169, 169, 98, 113, 28, 4, 0.14%, 21, 0, 13, 265.30
1734735179, 169, 98, 114, 29, 4, 0.14%, 21, 0, 13, 262.08
1734735260, 169, 98, 115, 30, 4, 0.14%, 22, 0, 13, 268.66
1734735306, 169, 101, 115, 29, 6, 0.14%, 22, 0, 13, 290.89
1734735341, 169, 101, 116, 30, 6, 0.14%, 22, 0, 14, 263.67
1734735468, 169, 104, 117, 30, 5, 0.14%, 22, 0, 14, 269.80
1734735504, 169, 104, 118, 31, 5, 0.14%, 22, 0, 14, 254.50
1734735514, 169, 104, 119, 32, 5, 0.14%, 22, 0, 14, 253.83
