# unix_time, cycles_done, cur_path, paths_total, pending_total, pending_favs, map_size, unique_crashes, unique_hangs, max_depth, execs_per_sec
1735411028, 0, 0, 10, 10, 1, 0.00%, 0, 0, 1, 163.93
1735411033, 0, 4, 10, 10, 1, 0.00%, 0, 0, 1, 196.98
1735411038, 0, 5, 10, 9, 0, 0.00%, 0, 0, 1, 200.85
1735411043, 0, 6, 10, 8, 0, 0.00%, 0, 0, 1, 195.12
1735411054, 0, 7, 10, 7, 0, 0.00%, 0, 0, 1, 198.62
1735411059, 0, 8, 10, 6, 0, 0.00%, 0, 0, 1, 192.77
1735411069, 0, 9, 10, 5, 0, 0.00%, 0, 0, 1, 190.56
1735411079, 1, 0, 10, 4, 0, 0.00%, 0, 0, 1, 196.96
1735411089, 1, 1, 10, 3, 0, 0.00%, 0, 0, 1, 199.99
1735411099, 1, 2, 10, 2, 0, 0.00%, 0, 0, 1, 197.39
1735411109, 1, 3, 10, 1, 0, 0.00%, 0, 0, 1, 199.03
1735411120, 1, 5, 10, 0, 0, 0.00%, 0, 0, 1, 194.84
1735411125, 1, 6, 10, 0, 0, 0.00%, 0, 0, 1, 196.68
1735411130, 1, 7, 10, 0, 0, 0.00%, 0, 0, 1, 198.73
1735411135, 1, 9, 10, 0, 0, 0.00%, 0, 0, 1, 194.88
1735411140, 2, 0, 10, 0, 0, 0.00%, 0, 0, 1, 197.65
1735411145, 2, 2, 10, 0, 0, 0.00%, 0, 0, 1, 193.42
1735411150, 2, 3, 10, 0, 0, 0.00%, 0, 0, 1, 193.81
1735411156, 2, 4, 10, 0, 0, 0.00%, 0, 0, 1, 192.79
1735411161, 2, 6, 10, 0, 0, 0.00%, 0, 0, 1, 195.96
1735411166, 2, 7, 10, 0, 0, 0.00%, 0, 0, 1, 194.47
1735411171, 2, 8, 10, 0, 0, 0.00%, 0, 0, 1, 196.46
1735411176, 3, 0, 10, 0, 0, 0.00%, 0, 0, 1, 194.69
1735411181, 3, 1, 10, 0, 0, 0.00%, 0, 0, 1, 194.01
1735411186, 3, 2, 10, 0, 0, 0.00%, 0, 0, 1, 193.98
1735411192, 3, 4, 10, 0, 0, 0.00%, 0, 0, 1, 189.13
1735411197, 3, 5, 10, 0, 0, 0.00%, 0, 0, 1, 193.08
1735411202, 3, 6, 10, 0, 0, 0.00%, 0, 0, 1, 197.81
1735411207, 3, 8, 10, 0, 0, 0.00%, 0, 0, 1, 194.18
1735411212, 3, 9, 10, 0, 0, 0.00%, 0, 0, 1, 189.41
1735411217, 4, 0, 10, 0, 0, 0.00%, 0, 0, 1, 196.24
1735411222, 4, 2, 10, 0, 0, 0.00%, 0, 0, 1, 194.19
1735411227, 4, 3, 10, 0, 0, 0.00%, 0, 0, 1, 193.55
1735411232, 4, 5, 10, 0, 0, 0.00%, 0, 0, 1, 197.31
1735411238, 4, 6, 10, 0, 0, 0.00%, 0, 0, 1, 195.69
1735411243, 4, 7, 10, 0, 0, 0.00%, 0, 0, 1, 197.46
1735411248, 4, 9, 10, 0, 0, 0.00%, 0, 0, 1, 195.52
1735411253, 5, 0, 10, 0, 0, 0.00%, 0, 0, 1, 193.28
1735411258, 5, 1, 10, 0, 0, 0.00%, 0, 0, 1, 193.39
1735411263, 5, 2, 11, 1, 0, 0.05%, 1, 0, 2, 193.14
1735411269, 5, 10, 12, 2, 1, 0.05%, 2, 0, 3, 215.58
1735411274, 5, 10, 13, 3, 1, 0.05%, 3, 0, 3, 210.95
1735411345, 5, 10, 14, 4, 1, 0.05%, 3, 0, 3, 208.17
1735411411, 5, 10, 15, 5, 1, 0.05%, 4, 0, 3, 207.30
1735411416, 5, 10, 16, 6, 1, 0.06%, 5, 0, 3, 214.82
1735411421, 5, 11, 17, 6, 4, 0.06%, 6, 0, 4, 247.84
1735411431, 5, 11, 18, 7, 4, 0.06%, 6, 0, 4, 211.37
1735411462, 5, 11, 20, 9, 4, 0.06%, 6, 0, 4, 208.30
1735411502, 5, 11, 21, 10, 4, 0.06%, 6, 0, 4, 209.53
1735411517, 5, 11, 22, 11, 4, 0.06%, 6, 0, 4, 212.51
1735411578, 5, 11, 23, 12, 4, 0.06%, 6, 0, 4, 222.88
1735411588, 5, 11, 24, 13, 4, 0.06%, 7, 0, 4, 206.01
1735411593, 5, 12, 26, 14, 5, 0.06%, 9, 0, 4, 220.82
1735411634, 5, 14, 26, 13, 6, 0.06%, 9, 0, 4, 247.22
1735411639, 5, 14, 27, 14, 6, 0.06%, 9, 0, 4, 222.86
1735411654, 5, 14, 28, 15, 6, 0.06%, 9, 0, 4, 215.41
1735411670, 5, 14, 29, 16, 6, 0.06%, 9, 0, 4, 217.37
1735411680, 5, 14, 30, 17, 6, 0.06%, 9, 0, 4, 217.02
1735411751, 5, 14, 31, 18, 6, 0.06%, 9, 0, 4, 236.97
1735411756, 5, 15, 31, 17, 5, 0.06%, 9, 0, 4, 252.01
1735411796, 5, 16, 31, 16, 4, 0.06%, 9, 0, 4, 261.32
1735411802, 5, 16, 32, 17, 4, 0.06%, 9, 0, 5, 226.51
1735411817, 5, 16, 33, 18, 4, 0.06%, 9, 0, 5, 225.23
1735411857, 5, 16, 34, 19, 4, 0.06%, 9, 0, 5, 223.58
1735411924, 5, 16, 35, 20, 4, 0.06%, 9, 0, 5, 233.60
1735411934, 5, 23, 35, 19, 3, 0.06%, 9, 0, 5, 244.08
1735412015, 5, 24, 35, 18, 2, 0.06%, 9, 0, 5, 249.91
1735412026, 5, 24, 36, 19, 2, 0.06%, 9, 0, 5, 224.40
1735412051, 5, 24, 37, 20, 2, 0.06%, 9, 0, 5, 220.74
1735412071, 5, 24, 38, 21, 2, 0.06%, 9, 0, 5, 222.45
1735412117, 5, 24, 39, 22, 2, 0.06%, 9, 0, 5, 217.04
1735412148, 5, 24, 41, 24, 2, 0.06%, 9, 0, 5, 252.53
1735412153, 5, 25, 41, 23, 1, 0.06%, 9, 0, 5, 258.02
1735412163, 5, 25, 42, 24, 1, 0.06%, 9, 0, 5, 224.72
1735412234, 5, 25, 46, 28, 1, 0.06%, 9, 0, 5, 281.65
1735412239, 5, 25, 47, 29, 1, 0.06%, 9, 0, 5, 246.18
1735412244, 5, 33, 47, 28, 0, 0.06%, 9, 0, 5, 199.20
1735412254, 5, 33, 48, 29, 0, 0.06%, 9, 0, 6, 254.64
1735413114, 5, 33, 50, 31, 0, 0.06%, 9, 0, 6, 437.02
1735413129, 5, 33, 54, 35, 0, 0.06%, 9, 0, 6, 427.74
1735413144, 5, 33, 55, 36, 0, 0.06%, 9, 0, 6, 428.06
1735413149, 5, 33, 56, 37, 0, 0.06%, 9, 0, 6, 431.53
1735420445, 5, 34, 56, 36, 0, 0.06%, 9, 0, 6, 277.61
1735420491, 5, 34, 58, 38, 0, 0.06%, 9, 0, 6, 284.91
1735420501, 5, 35, 58, 37, 0, 0.06%, 9, 0, 6, 239.40
1735420557, 5, 38, 58, 36, 0, 0.06%, 9, 0, 6, 329.49
1735420811, 5, 38, 59, 37, 0, 0.06%, 9, 0, 6, 322.91
1735420841, 5, 38, 60, 38, 0, 0.06%, 9, 0, 6, 320.44
1735420857, 5, 38, 61, 39, 0, 0.06%, 9, 0, 6, 320.23
1735420912, 5, 46, 61, 38, 0, 0.06%, 9, 0, 6, 313.48
1735420958, 5, 46, 63, 40, 0, 0.06%, 9, 0, 6, 266.97
1735420963, 5, 53, 63, 39, 0, 0.06%, 9, 0, 6, 330.57
1735421080, 5, 54, 63, 38, 0, 0.06%, 9, 0, 6, 345.04
1735421263, 5, 58, 63, 37, 0, 0.06%, 9, 0, 6, 422.05
1735421278, 5, 58, 64, 38, 0, 0.06%, 9, 0, 7, 291.25
1735421339, 5, 58, 66, 40, 0, 0.06%, 9, 0, 7, 282.75
1735421350, 5, 64, 66, 39, 0, 0.06%, 9, 0, 7, 432.30
1735421365, 5, 64, 67, 40, 0, 0.06%, 9, 0, 8, 333.44
1735421426, 6, 11, 68, 40, 0, 0.06%, 9, 0, 8, 281.48
1735421436, 6, 12, 68, 40, 0, 0.06%, 9, 0, 8, 266.64
1735421441, 6, 14, 68, 40, 0, 0.06%, 9, 0, 8, 257.80
1735421446, 6, 15, 68, 40, 0, 0.06%, 9, 0, 8, 258.17
1735421451, 6, 16, 68, 40, 0, 0.06%, 9, 0, 8, 244.78
1735421461, 6, 22, 68, 40, 0, 0.06%, 9, 0, 8, 302.68
1735421507, 6, 23, 68, 39, 0, 0.06%, 9, 0, 8, 271.86
1735421522, 6, 24, 68, 39, 0, 0.06%, 9, 0, 8, 257.71
1735421532, 6, 25, 68, 39, 0, 0.06%, 9, 0, 8, 252.40
1735421542, 6, 29, 68, 39, 0, 0.06%, 9, 0, 8, 341.31
1735421593, 6, 44, 68, 38, 0, 0.06%, 9, 0, 8, 283.93
1735421649, 6, 45, 68, 37, 0, 0.06%, 9, 0, 8, 351.50
1735421767, 6, 48, 68, 36, 0, 0.06%, 9, 0, 8, 233.67
1735421818, 6, 52, 68, 35, 0, 0.06%, 9, 0, 8, 325.68
