# unix_time, cycles_done, cur_path, paths_total, pending_total, pending_favs, map_size, unique_crashes, unique_hangs, max_depth, execs_per_sec
1733506570, 0, 0, 10, 10, 1, 0.00%, 0, 0, 1, 172.79
1733506575, 0, 2, 10, 10, 1, 0.00%, 0, 0, 1, 204.17
1733506580, 0, 3, 10, 9, 0, 0.00%, 0, 0, 1, 210.85
1733506585, 0, 4, 10, 8, 0, 0.00%, 0, 0, 1, 204.43
1733506595, 0, 5, 10, 7, 0, 0.00%, 0, 0, 1, 211.79
1733506600, 0, 6, 10, 6, 0, 0.00%, 0, 0, 1, 199.09
1733506610, 0, 7, 10, 5, 0, 0.00%, 0, 0, 1, 213.39
1733506615, 0, 8, 10, 4, 0, 0.00%, 0, 0, 1, 213.84
1733506620, 0, 9, 10, 3, 0, 0.00%, 0, 0, 1, 210.38
1733506631, 1, 0, 10, 2, 0, 0.00%, 0, 0, 1, 209.25
1733506641, 1, 1, 10, 1, 0, 0.00%, 0, 0, 1, 208.59
1733506651, 1, 3, 10, 0, 0, 0.00%, 0, 0, 1, 212.47
1733506656, 1, 4, 10, 0, 0, 0.00%, 0, 0, 1, 204.81
1733506661, 1, 6, 10, 0, 0, 0.00%, 0, 0, 1, 204.80
1733506666, 1, 7, 10, 0, 0, 0.00%, 0, 0, 1, 200.49
1733506671, 1, 8, 10, 0, 0, 0.00%, 0, 0, 1, 201.14
1733506677, 2, 0, 10, 0, 0, 0.00%, 0, 0, 1, 190.90
1733506682, 2, 1, 10, 0, 0, 0.00%, 0, 0, 1, 196.85
1733506687, 2, 3, 10, 0, 0, 0.00%, 0, 0, 1, 198.78
1733506692, 2, 4, 10, 0, 0, 0.00%, 0, 0, 1, 193.21
1733506697, 2, 5, 10, 0, 0, 0.00%, 0, 0, 1, 193.78
1733506702, 2, 7, 10, 0, 0, 0.00%, 0, 0, 1, 190.57
1733506707, 2, 10, 12, 2, 1, 0.05%, 2, 0, 3, 218.69
1733506712, 2, 10, 15, 5, 1, 0.06%, 5, 0, 3, 218.51
1733506723, 2, 10, 17, 7, 1, 0.06%, 6, 0, 3, 212.46
1733506748, 2, 10, 18, 8, 1, 0.06%, 7, 0, 3, 211.98
1733506763, 2, 10, 19, 9, 1, 0.06%, 8, 0, 3, 207.41
1733506839, 2, 11, 19, 8, 7, 0.06%, 8, 0, 3, 223.34
1733506869, 2, 12, 19, 7, 6, 0.06%, 8, 0, 3, 221.19
1733506880, 2, 12, 20, 8, 6, 0.06%, 8, 0, 4, 210.53
1733506915, 2, 12, 21, 9, 6, 0.06%, 9, 0, 4, 195.59
1733506920, 2, 13, 22, 9, 6, 0.06%, 9, 0, 4, 223.69
1733506925, 2, 13, 24, 11, 6, 0.06%, 9, 0, 4, 199.74
1733506986, 2, 14, 26, 12, 5, 0.06%, 9, 0, 4, 240.29
1733507006, 2, 14, 27, 13, 5, 0.06%, 9, 0, 4, 200.71
1733507011, 2, 16, 27, 12, 4, 0.06%, 9, 0, 4, 239.53
1733507031, 2, 16, 28, 13, 4, 0.06%, 9, 0, 4, 208.73
1733507036, 2, 17, 28, 12, 3, 0.06%, 9, 0, 4, 221.22
1733507057, 2, 21, 28, 11, 2, 0.06%, 9, 0, 4, 231.28
1733507067, 2, 21, 29, 12, 2, 0.06%, 9, 0, 5, 199.25
1733507077, 2, 21, 30, 13, 2, 0.06%, 9, 0, 5, 201.86
1733507087, 2, 21, 31, 14, 2, 0.06%, 9, 0, 5, 200.17
1733507128, 2, 21, 32, 15, 2, 0.06%, 9, 0, 5, 198.62
1733507189, 2, 21, 33, 16, 2, 0.06%, 9, 0, 5, 228.73
1733507194, 2, 26, 33, 15, 1, 0.06%, 9, 0, 5, 283.22
1733507204, 2, 26, 34, 16, 1, 0.06%, 9, 0, 5, 249.83
1733507209, 2, 26, 36, 18, 1, 0.06%, 9, 0, 5, 246.94
1733507251, 2, 26, 37, 19, 1, 0.06%, 9, 0, 5, 235.46
1733507312, 2, 26, 38, 20, 1, 0.06%, 9, 0, 5, 242.14
1733507317, 2, 33, 38, 19, 1, 0.06%, 9, 0, 5, 258.53
1733507342, 2, 33, 39, 20, 1, 0.06%, 9, 0, 6, 231.93
1733507383, 2, 35, 39, 19, 0, 0.06%, 9, 0, 6, 321.17
1733507444, 2, 38, 39, 18, 0, 0.06%, 9, 0, 6, 319.68
1733507490, 2, 38, 40, 19, 0, 0.06%, 9, 0, 7, 279.50
1733507495, 2, 38, 42, 21, 0, 0.06%, 9, 0, 7, 276.13
1733507500, 2, 38, 43, 22, 0, 0.06%, 9, 0, 7, 272.56
1733507581, 2, 41, 43, 21, 0, 0.06%, 9, 0, 7, 324.20
1733507622, 2, 41, 44, 22, 0, 0.06%, 9, 0, 8, 280.52
1733507683, 2, 42, 44, 21, 0, 0.06%, 9, 0, 8, 311.99
1733507780, 2, 43, 44, 20, 0, 0.06%, 9, 0, 8, 311.75
1733507897, 3, 11, 44, 19, 0, 0.06%, 9, 0, 8, 243.02
1733507902, 3, 12, 44, 19, 0, 0.06%, 9, 0, 8, 224.14
1733507907, 3, 13, 44, 19, 0, 0.06%, 9, 0, 8, 230.30
1733507912, 3, 14, 44, 19, 0, 0.06%, 9, 0, 8, 229.87
1733507917, 3, 15, 44, 19, 0, 0.06%, 9, 0, 8, 280.78
1733507933, 3, 16, 45, 19, 0, 0.06%, 9, 0, 8, 241.01
1733507943, 3, 17, 45, 19, 0, 0.06%, 9, 0, 8, 232.24
1733507948, 3, 18, 45, 19, 0, 0.06%, 9, 0, 8, 241.54
1733507958, 3, 20, 45, 18, 0, 0.06%, 9, 0, 8, 303.81
1733507984, 3, 21, 45, 17, 0, 0.06%, 9, 0, 8, 229.67
1733507999, 3, 32, 45, 17, 0, 0.06%, 9, 0, 8, 350.26
1733508004, 3, 32, 46, 18, 0, 0.06%, 9, 0, 8, 310.86
1733508045, 3, 34, 46, 17, 0, 0.06%, 9, 0, 8, 375.94
1733508075, 3, 37, 46, 16, 0, 0.06%, 9, 0, 8, 299.94
1733508085, 3, 37, 47, 17, 0, 0.06%, 9, 0, 8, 241.99
1733508121, 3, 44, 47, 16, 0, 0.06%, 9, 0, 8, 239.36
1733508151, 3, 46, 47, 15, 0, 0.06%, 9, 0, 8, 378.26
1733508187, 4, 11, 47, 14, 0, 0.06%, 9, 0, 8, 237.19
1733508192, 4, 13, 47, 14, 0, 0.06%, 9, 0, 8, 231.70
1733508197, 4, 14, 47, 14, 0, 0.06%, 9, 0, 8, 228.50
1733508202, 4, 17, 47, 14, 0, 0.06%, 9, 0, 8, 234.21
1733508207, 4, 18, 47, 14, 0, 0.06%, 9, 0, 8, 232.61
1733508212, 4, 20, 47, 14, 0, 0.06%, 9, 0, 8, 242.41
1733508223, 4, 21, 47, 14, 0, 0.06%, 9, 0, 8, 225.85
1733508228, 4, 23, 47, 14, 0, 0.06%, 9, 0, 8, 325.84
1733508258, 4, 24, 47, 13, 0, 0.06%, 9, 0, 8, 365.75
1733508263, 4, 24, 48, 14, 0, 0.06%, 9, 0, 8, 313.41
1733508268, 4, 24, 50, 16, 0, 0.06%, 9, 0, 8, 260.12
1733508278, 4, 24, 52, 18, 0, 0.06%, 9, 0, 8, 264.43
1733508303, 4, 24, 53, 19, 0, 0.06%, 9, 0, 8, 250.70
1733508395, 4, 31, 53, 18, 0, 0.06%, 9, 0, 8, 265.60
1733508430, 4, 36, 53, 17, 0, 0.06%, 9, 0, 8, 374.13
1733508461, 4, 45, 53, 16, 0, 0.06%, 9, 0, 8, 315.84
1733508870, 4, 47, 53, 15, 0, 0.06%, 9, 0, 8, 323.57
1733508895, 4, 47, 54, 16, 0, 0.06%, 9, 0, 8, 256.21
1733508936, 4, 47, 55, 17, 0, 0.06%, 9, 0, 8, 247.35
1733509007, 4, 47, 56, 18, 0, 0.06%, 9, 0, 8, 253.52
1733509017, 4, 52, 56, 17, 0, 0.06%, 9, 0, 8, 229.51
1733509073, 4, 52, 58, 19, 0, 0.06%, 9, 0, 8, 433.95
1733509088, 4, 52, 60, 21, 0, 0.06%, 9, 0, 8, 435.18
1733509359, 4, 52, 61, 22, 0, 0.06%, 9, 0, 8, 330.24
1733509405, 4, 53, 61, 21, 0, 0.06%, 9, 0, 8, 189.59
1733509984, 4, 55, 61, 20, 0, 0.06%, 9, 0, 8, 383.35
1733510014, 4, 55, 63, 22, 0, 0.06%, 9, 0, 8, 420.15
1733510152, 4, 58, 63, 21, 0, 0.06%, 9, 0, 8, 319.11
1733510346, 4, 61, 63, 20, 0, 0.06%, 9, 0, 8, 358.83
1733510469, 5, 11, 63, 19, 0, 0.06%, 9, 0, 8, 263.83
1733510474, 5, 13, 63, 19, 0, 0.06%, 9, 0, 8, 244.22
1733510479, 5, 16, 63, 19, 0, 0.06%, 9, 0, 8, 243.52
1733510484, 5, 17, 63, 19, 0, 0.06%, 9, 0, 8, 262.79
1733510489, 5, 21, 63, 19, 0, 0.06%, 9, 0, 8, 254.23
1733510494, 5, 27, 63, 19, 0, 0.06%, 9, 0, 8, 316.03
1733510520, 5, 40, 65, 20, 0, 0.06%, 9, 0, 8, 289.56
1733510602, 5, 49, 65, 19, 0, 0.06%, 9, 0, 8, 256.92
1733510663, 5, 49, 71, 25, 0, 0.06%, 9, 0, 8, 282.98
1733510668, 5, 54, 71, 24, 0, 0.06%, 9, 0, 8, 318.31
1733510724, 5, 62, 71, 23, 0, 0.06%, 9, 0, 8, 354.26
1733510856, 5, 65, 71, 22, 0, 0.06%, 9, 0, 8, 380.46
1733510922, 5, 65, 72, 23, 0, 0.06%, 9, 0, 8, 293.31
1733510927, 5, 65, 73, 24, 0, 0.06%, 9, 0, 8, 297.34
1733510978, 5, 65, 74, 25, 0, 0.06%, 9, 0, 8, 294.86
1733511029, 5, 66, 74, 24, 0, 0.06%, 9, 0, 8, 346.23
1733511090, 6, 12, 74, 23, 0, 0.06%, 9, 0, 8, 263.98
1733511095, 6, 14, 74, 23, 0, 0.06%, 9, 0, 8, 246.94
1733511100, 6, 17, 74, 23, 0, 0.06%, 9, 0, 8, 248.76
1733511105, 6, 21, 74, 23, 0, 0.06%, 9, 0, 8, 249.38
1733511110, 6, 35, 74, 23, 0, 0.06%, 9, 0, 8, 262.48
1733511120, 6, 39, 74, 23, 0, 0.06%, 9, 0, 8, 294.81
1733511213, 6, 40, 74, 22, 0, 0.06%, 9, 0, 8, 284.30
1733511218, 6, 50, 74, 22, 0, 0.06%, 9, 0, 8, 296.82
1733511325, 6, 57, 74, 21, 0, 0.06%, 9, 0, 8, 322.58
1733511452, 6, 59, 74, 20, 0, 0.06%, 9, 0, 8, 265.02
1733511661, 6, 64, 74, 19, 0, 0.06%, 9, 0, 8, 322.10
1733511767, 6, 73, 74, 18, 0, 0.06%, 9, 0, 8, 371.68
1733511899, 7, 12, 74, 17, 0, 0.06%, 9, 0, 8, 258.22
1733511905, 7, 13, 74, 17, 0, 0.06%, 9, 0, 8, 250.55
1733511910, 7, 16, 74, 17, 0, 0.06%, 9, 0, 8, 249.74
1733511915, 7, 18, 74, 17, 0, 0.06%, 9, 0, 8, 256.18
1733511920, 7, 21, 74, 17, 0, 0.06%, 9, 0, 8, 274.99
1733511925, 7, 22, 74, 17, 0, 0.06%, 9, 0, 8, 262.40
1733511950, 7, 30, 74, 16, 0, 0.06%, 9, 0, 8, 279.09
1733511975, 7, 44, 74, 15, 0, 0.06%, 9, 0, 8, 260.41
1733511991, 7, 51, 74, 15, 0, 0.06%, 9, 0, 8, 305.03
1733512285, 7, 60, 74, 14, 0, 0.06%, 9, 0, 8, 304.70
1733512651, 7, 61, 74, 13, 0, 0.06%, 9, 0, 8, 264.00
1733512656, 7, 63, 74, 13, 0, 0.06%, 9, 0, 8, 320.00
1733512762, 7, 67, 74, 12, 0, 0.06%, 9, 0, 8, 324.04
1733512818, 7, 68, 74, 11, 0, 0.06%, 9, 0, 8, 377.60
1733512900, 7, 72, 74, 10, 0, 0.06%, 9, 0, 8, 314.00
1733513032, 8, 11, 74, 9, 0, 0.06%, 9, 0, 8, 252.72
1733513037, 8, 12, 74, 9, 0, 0.06%, 9, 0, 8, 252.17
1733513043, 8, 14, 74, 9, 0, 0.06%, 9, 0, 8, 260.56
1733513048, 8, 17, 74, 9, 0, 0.06%, 9, 0, 8, 251.07
1733513053, 8, 21, 74, 9, 0, 0.06%, 9, 0, 8, 248.97
1733513058, 8, 25, 74, 9, 0, 0.06%, 9, 0, 8, 287.00
1733513089, 8, 69, 74, 8, 0, 0.06%, 9, 0, 8, 370.40
1733513144, 9, 11, 74, 7, 0, 0.06%, 9, 0, 8, 271.82
1733513149, 9, 13, 74, 7, 0, 0.06%, 9, 0, 8, 265.73
1733513154, 9, 16, 74, 7, 0, 0.06%, 9, 0, 8, 258.03
1733513160, 9, 17, 74, 7, 0, 0.06%, 9, 0, 8, 248.23
1733513165, 9, 19, 74, 7, 0, 0.06%, 9, 0, 8, 313.03
1733513190, 9, 21, 74, 6, 0, 0.06%, 9, 0, 8, 248.79
1733513200, 9, 23, 74, 6, 0, 0.06%, 9, 0, 8, 272.11
1733513210, 9, 28, 74, 6, 0, 0.06%, 9, 0, 8, 357.24
1733513241, 9, 61, 74, 5, 0, 0.06%, 9, 0, 8, 264.61
1733513246, 10, 12, 74, 5, 0, 0.06%, 9, 0, 8, 254.06
1733513251, 10, 14, 74, 5, 0, 0.06%, 9, 0, 8, 256.25
1733513256, 10, 16, 74, 5, 0, 0.06%, 9, 0, 8, 259.64
1733513261, 10, 21, 74, 5, 0, 0.06%, 9, 0, 8, 264.99
1733513266, 10, 26, 74, 5, 0, 0.06%, 9, 0, 8, 257.24
1733513281, 10, 48, 74, 5, 0, 0.06%, 9, 0, 8, 397.50
1733513332, 10, 70, 74, 4, 0, 0.06%, 9, 0, 8, 301.99
1733513388, 11, 12, 74, 3, 0, 0.06%, 9, 0, 8, 255.29
1733513393, 11, 14, 74, 3, 0, 0.06%, 9, 0, 8, 250.99
1733513398, 11, 15, 74, 3, 0, 0.06%, 9, 0, 8, 252.61
1733513403, 11, 16, 74, 3, 0, 0.06%, 9, 0, 8, 266.66
1733513408, 11, 18, 74, 3, 0, 0.06%, 9, 0, 8, 258.22
1733513413, 11, 20, 74, 3, 0, 0.06%, 9, 0, 8, 263.57
1733513418, 11, 21, 74, 3, 0, 0.06%, 9, 0, 8, 242.88
1733513423, 11, 39, 74, 3, 0, 0.06%, 9, 0, 8, 265.35
1733513433, 11, 71, 74, 3, 0, 0.06%, 9, 0, 8, 281.41
1733513647, 11, 71, 76, 5, 0, 0.06%, 9, 0, 8, 364.67
1733513743, 11, 75, 76, 4, 0, 0.06%, 9, 0, 8, 240.40
1733513916, 12, 12, 76, 3, 0, 0.06%, 9, 0, 8, 261.62
1733513921, 12, 14, 76, 3, 0, 0.06%, 9, 0, 8, 262.06
1733513926, 12, 17, 76, 3, 0, 0.06%, 9, 0, 8, 254.91
1733513931, 12, 21, 76, 3, 0, 0.06%, 9, 0, 8, 255.42
1733513936, 12, 29, 76, 3, 0, 0.06%, 9, 0, 8, 283.18
1733513966, 12, 40, 76, 2, 0, 0.06%, 9, 0, 8, 275.45
1733513971, 12, 51, 76, 2, 0, 0.06%, 9, 0, 8, 292.52
1733513976, 12, 73, 76, 2, 0, 0.06%, 9, 0, 8, 282.24
1733513986, 13, 1, 76, 2, 0, 0.06%, 9, 0, 8, 261.73
1733513992, 13, 12, 76, 2, 0, 0.06%, 9, 0, 8, 248.45
1733513997, 13, 14, 76, 2, 0, 0.06%, 9, 0, 8, 256.01
1733514002, 13, 16, 76, 2, 0, 0.06%, 9, 0, 8, 262.81
1733514007, 13, 21, 76, 2, 0, 0.06%, 9, 0, 8, 273.30
1733514012, 13, 36, 76, 2, 0, 0.06%, 9, 0, 8, 272.59
1733514027, 13, 40, 76, 2, 0, 0.06%, 9, 0, 8, 267.76
1733514032, 13, 43, 76, 2, 0, 0.06%, 9, 0, 8, 294.18
1733514047, 13, 69, 76, 2, 0, 0.06%, 9, 0, 8, 277.24
1733514057, 14, 11, 76, 2, 0, 0.06%, 9, 0, 8, 269.29
1733514062, 14, 13, 76, 2, 0, 0.06%, 9, 0, 8, 262.89
1733514067, 14, 16, 76, 2, 0, 0.06%, 9, 0, 8, 255.39
1733514072, 14, 18, 76, 2, 0, 0.06%, 9, 0, 8, 255.47
1733514078, 14, 21, 76, 2, 0, 0.06%, 9, 0, 8, 258.34
1733514083, 14, 29, 76, 2, 0, 0.06%, 9, 0, 8, 265.54
1733514093, 14, 41, 76, 2, 0, 0.06%, 9, 0, 8, 280.75
1733514103, 14, 58, 76, 2, 0, 0.06%, 9, 0, 8, 285.81
1733514108, 14, 70, 76, 2, 0, 0.06%, 9, 0, 8, 290.56
1733514118, 15, 11, 76, 2, 0, 0.06%, 9, 0, 8, 256.49
1733514123, 15, 13, 76, 2, 0, 0.06%, 9, 0, 8, 249.08
1733514129, 15, 15, 76, 2, 0, 0.06%, 9, 0, 8, 268.36
1733514134, 15, 17, 76, 2, 0, 0.06%, 9, 0, 8, 260.42
1733514139, 15, 21, 76, 2, 0, 0.06%, 9, 0, 8, 246.18
1733514144, 15, 69, 76, 2, 0, 0.06%, 9, 0, 8, 284.36
1733514149, 16, 11, 76, 2, 0, 0.06%, 9, 0, 8, 267.24
1733514154, 16, 13, 76, 2, 0, 0.06%, 9, 0, 8, 263.41
1733514159, 16, 16, 76, 2, 0, 0.06%, 9, 0, 8, 252.08
1733514164, 16, 18, 76, 2, 0, 0.06%, 9, 0, 8, 258.40
1733514169, 16, 21, 76, 2, 0, 0.06%, 9, 0, 8, 255.69
1733514174, 16, 45, 76, 2, 0, 0.06%, 9, 0, 8, 323.91
1733514185, 16, 55, 76, 2, 0, 0.06%, 9, 0, 8, 272.53
1733514190, 16, 74, 76, 2, 0, 0.06%, 9, 0, 8, 329.24
1733514357, 17, 12, 76, 1, 0, 0.06%, 9, 0, 8, 259.27
1733514362, 17, 14, 76, 1, 0, 0.06%, 9, 0, 8, 249.84
1733514367, 17, 17, 76, 1, 0, 0.06%, 9, 0, 8, 260.91
1733514373, 17, 21, 76, 1, 0, 0.06%, 9, 0, 8, 259.10
1733514378, 18, 11, 76, 1, 0, 0.06%, 9, 0, 8, 262.14
1733514383, 18, 13, 76, 1, 0, 0.06%, 9, 0, 8, 258.28
1733514388, 18, 16, 76, 1, 0, 0.06%, 9, 0, 8, 264.95
1733514393, 18, 17, 76, 1, 0, 0.06%, 9, 0, 8, 261.78
1733514398, 18, 21, 76, 1, 0, 0.06%, 9, 0, 8, 252.03
1733514403, 18, 43, 76, 1, 0, 0.06%, 9, 0, 8, 272.19
1733514413, 18, 47, 76, 1, 0, 0.06%, 9, 0, 8, 265.01
1733514419, 18, 59, 76, 1, 0, 0.06%, 9, 0, 8, 279.11
1733514424, 18, 64, 76, 1, 0, 0.06%, 9, 0, 8, 305.66
1733514434, 19, 12, 76, 1, 0, 0.06%, 9, 0, 8, 261.63
1733514439, 19, 14, 76, 1, 0, 0.06%, 9, 0, 8, 271.58
1733514444, 19, 17, 76, 1, 0, 0.06%, 9, 0, 8, 261.69
1733514449, 19, 21, 76, 1, 0, 0.06%, 9, 0, 8, 257.98
1733514454, 19, 24, 76, 1, 0, 0.06%, 9, 0, 8, 254.42
1733514464, 19, 37, 76, 1, 0, 0.06%, 9, 0, 8, 263.29
1733514474, 19, 46, 76, 1, 0, 0.06%, 9, 0, 8, 282.67
1733514484, 20, 11, 76, 1, 0, 0.06%, 9, 0, 8, 257.91
1733514490, 20, 13, 76, 1, 0, 0.06%, 9, 0, 8, 257.28
1733514495, 20, 14, 76, 1, 0, 0.06%, 9, 0, 8, 259.76
1733514500, 20, 17, 76, 1, 0, 0.06%, 9, 0, 8, 263.33
1733514505, 20, 21, 76, 1, 0, 0.06%, 9, 0, 8, 265.36
1733514510, 20, 25, 76, 1, 0, 0.06%, 9, 0, 8, 259.97
1733514520, 20, 30, 76, 1, 0, 0.06%, 9, 0, 8, 270.42
1733514535, 20, 31, 76, 1, 0, 0.06%, 9, 0, 8, 283.62
1733514546, 20, 38, 76, 1, 0, 0.06%, 9, 0, 8, 274.70
1733514556, 20, 54, 76, 1, 0, 0.06%, 9, 0, 8, 257.52
1733514561, 20, 70, 76, 1, 0, 0.06%, 9, 0, 8, 282.40
1733514566, 20, 73, 76, 1, 0, 0.06%, 9, 0, 8, 275.89
1733514571, 21, 11, 76, 1, 0, 0.06%, 9, 0, 8, 254.24
1733514576, 21, 13, 76, 1, 0, 0.06%, 9, 0, 8, 254.91
1733514581, 21, 16, 76, 1, 0, 0.06%, 9, 0, 8, 257.75
1733514586, 21, 17, 76, 1, 0, 0.06%, 9, 0, 8, 258.97
1733514591, 21, 21, 76, 1, 0, 0.06%, 9, 0, 8, 251.48
1733514596, 21, 51, 76, 1, 0, 0.06%, 9, 0, 8, 286.93
1733514601, 21, 68, 76, 1, 0, 0.06%, 9, 0, 8, 291.64
1733514612, 22, 11, 76, 1, 0, 0.06%, 9, 0, 8, 264.83
1733514617, 22, 13, 76, 1, 0, 0.06%, 9, 0, 8, 265.13
1733514622, 22, 16, 76, 1, 0, 0.06%, 9, 0, 8, 263.81
1733514627, 22, 18, 76, 1, 0, 0.06%, 9, 0, 8, 256.48
1733514632, 22, 21, 76, 1, 0, 0.06%, 9, 0, 8, 267.21
1733514637, 22, 23, 76, 1, 0, 0.06%, 9, 0, 8, 271.86
1733514642, 22, 28, 76, 1, 0, 0.06%, 9, 0, 8, 277.77
1733514652, 23, 12, 76, 1, 0, 0.06%, 9, 0, 8, 248.30
1733514657, 23, 13, 76, 1, 0, 0.06%, 9, 0, 8, 259.61
1733514662, 23, 15, 76, 1, 0, 0.06%, 9, 0, 8, 269.18
1733514667, 23, 17, 76, 1, 0, 0.06%, 9, 0, 8, 261.00
1733514672, 23, 21, 76, 1, 0, 0.06%, 9, 0, 8, 249.86
1733514677, 23, 56, 76, 1, 0, 0.06%, 9, 0, 8, 289.10
1733514815, 24, 11, 76, 0, 0, 0.06%, 9, 0, 8, 265.70
1733514820, 24, 12, 76, 0, 0, 0.06%, 9, 0, 8, 258.93
1733514825, 24, 14, 76, 0, 0, 0.06%, 9, 0, 8, 254.70
1733514830, 24, 17, 76, 0, 0, 0.06%, 9, 0, 8, 258.01
1733514835, 24, 21, 76, 0, 0, 0.06%, 9, 0, 8, 249.93
1733514840, 24, 22, 76, 0, 0, 0.06%, 9, 0, 8, 255.09
1733514850, 24, 47, 76, 0, 0, 0.06%, 9, 0, 8, 258.72
1733514855, 24, 68, 76, 0, 0, 0.06%, 9, 0, 8, 279.84
1733514865, 25, 12, 76, 0, 0, 0.06%, 9, 0, 8, 264.56
1733514870, 25, 13, 76, 0, 0, 0.06%, 9, 0, 8, 265.59
1733514875, 25, 16, 76, 0, 0, 0.06%, 9, 0, 8, 254.52
1733514880, 25, 18, 76, 0, 0, 0.06%, 9, 0, 8, 251.11
1733514885, 25, 21, 76, 0, 0, 0.06%, 9, 0, 8, 256.72
1733514890, 25, 24, 76, 0, 0, 0.06%, 9, 0, 8, 264.85
1733514895, 25, 47, 76, 0, 0, 0.06%, 9, 0, 8, 267.33
1733514901, 25, 74, 76, 0, 0, 0.06%, 9, 0, 8, 318.18
1733514931, 26, 12, 76, 0, 0, 0.06%, 9, 0, 8, 269.93
1733514936, 26, 14, 76, 0, 0, 0.06%, 9, 0, 8, 259.40
1733514941, 26, 16, 76, 0, 0, 0.06%, 9, 0, 8, 269.47
1733514946, 26, 18, 76, 0, 0, 0.06%, 9, 0, 8, 260.34
1733514951, 26, 21, 76, 0, 0, 0.06%, 9, 0, 8, 252.66
1733514956, 26, 29, 76, 0, 0, 0.06%, 9, 0, 8, 274.16
1733514961, 26, 30, 76, 0, 0, 0.06%, 9, 0, 8, 256.80
1733514966, 26, 32, 76, 0, 0, 0.06%, 9, 0, 8, 271.47
1733514976, 26, 36, 77, 1, 0, 0.06%, 9, 0, 8, 294.32
1733514981, 26, 62, 77, 1, 0, 0.06%, 9, 0, 8, 278.83
1733514986, 26, 72, 77, 1, 0, 0.06%, 9, 0, 8, 286.98
1733514997, 27, 11, 77, 1, 0, 0.06%, 9, 0, 8, 266.79
1733515002, 27, 13, 77, 1, 0, 0.06%, 9, 0, 8, 259.42
1733515007, 27, 16, 77, 1, 0, 0.06%, 9, 0, 8, 267.21
1733515012, 27, 18, 77, 1, 0, 0.06%, 9, 0, 8, 266.89
1733515017, 27, 21, 77, 1, 0, 0.06%, 9, 0, 8, 258.45
1733515022, 27, 61, 77, 1, 0, 0.06%, 9, 0, 8, 265.93
1733515027, 27, 62, 77, 1, 0, 0.06%, 9, 0, 8, 277.65
1733515032, 28, 11, 77, 1, 0, 0.06%, 9, 0, 8, 258.14
1733515037, 28, 13, 77, 1, 0, 0.06%, 9, 0, 8, 266.26
1733515042, 28, 16, 77, 1, 0, 0.06%, 9, 0, 8, 254.30
1733515047, 28, 18, 77, 1, 0, 0.06%, 9, 0, 8, 263.97
1733515053, 28, 21, 77, 1, 0, 0.06%, 9, 0, 8, 261.01
1733515058, 28, 39, 77, 1, 0, 0.06%, 9, 0, 8, 272.64
1733515063, 28, 40, 77, 1, 0, 0.06%, 9, 0, 8, 277.35
1733515068, 28, 48, 77, 1, 0, 0.06%, 9, 0, 8, 268.99
1733515073, 28, 51, 77, 1, 0, 0.06%, 9, 0, 8, 300.38
1733515078, 28, 61, 77, 1, 0, 0.06%, 9, 0, 8, 286.94
1733515083, 28, 66, 77, 1, 0, 0.06%, 9, 0, 8, 283.11
1733515093, 29, 12, 77, 1, 0, 0.06%, 9, 0, 8, 264.64
1733515098, 29, 14, 77, 1, 0, 0.06%, 9, 0, 8, 271.97
1733515103, 29, 15, 77, 1, 0, 0.06%, 9, 0, 8, 260.62
1733515108, 29, 17, 77, 1, 0, 0.06%, 9, 0, 8, 268.72
1733515113, 29, 21, 77, 1, 0, 0.06%, 9, 0, 8, 248.74
1733515118, 29, 38, 77, 1, 0, 0.06%, 9, 0, 8, 265.95
1733515123, 29, 56, 77, 1, 0, 0.06%, 9, 0, 8, 282.07
1733515128, 30, 11, 77, 1, 0, 0.06%, 9, 0, 8, 281.11
1733515133, 30, 13, 77, 1, 0, 0.06%, 9, 0, 8, 262.46
1733515139, 30, 16, 77, 1, 0, 0.06%, 9, 0, 8, 259.79
1733515144, 30, 18, 77, 1, 0, 0.06%, 9, 0, 8, 259.51
1733515149, 30, 19, 77, 1, 0, 0.06%, 9, 0, 8, 272.22
1733515154, 30, 21, 77, 1, 0, 0.06%, 9, 0, 8, 270.26
1733515159, 30, 42, 77, 1, 0, 0.06%, 9, 0, 8, 262.66
1733515169, 30, 47, 77, 1, 0, 0.06%, 9, 0, 8, 265.83
1733515179, 30, 49, 77, 1, 0, 0.06%, 9, 0, 8, 259.78
1733515184, 30, 69, 77, 1, 0, 0.06%, 9, 0, 8, 274.86
1733515189, 30, 74, 77, 1, 0, 0.06%, 9, 0, 8, 324.47
1733515204, 31, 10, 77, 1, 0, 0.06%, 9, 0, 8, 270.27
1733515209, 31, 12, 77, 1, 0, 0.06%, 9, 0, 8, 253.17
1733515215, 31, 14, 77, 1, 0, 0.06%, 9, 0, 8, 259.12
1733515220, 31, 17, 77, 1, 0, 0.06%, 9, 0, 8, 267.59
1733515225, 31, 21, 77, 1, 0, 0.06%, 9, 0, 8, 256.55
1733515230, 32, 11, 77, 1, 0, 0.06%, 9, 0, 8, 274.89
1733515235, 32, 12, 77, 1, 0, 0.06%, 9, 0, 8, 259.06
1733515240, 32, 14, 77, 1, 0, 0.06%, 9, 0, 8, 272.45
1733515245, 32, 17, 77, 1, 0, 0.06%, 9, 0, 8, 270.32
1733515250, 32, 21, 77, 1, 0, 0.06%, 9, 0, 8, 252.61
1733515255, 32, 46, 77, 1, 0, 0.06%, 9, 0, 8, 274.07
1733515265, 32, 53, 77, 1, 0, 0.06%, 9, 0, 8, 312.50
1733515270, 33, 11, 77, 1, 0, 0.06%, 9, 0, 8, 280.68
1733515275, 33, 13, 77, 1, 0, 0.06%, 9, 0, 8, 254.28
1733515280, 33, 16, 77, 1, 0, 0.06%, 9, 0, 8, 254.02
1733515286, 33, 18, 77, 1, 0, 0.06%, 9, 0, 8, 262.87
1733515291, 33, 21, 77, 1, 0, 0.06%, 9, 0, 8, 264.80
1733515296, 33, 24, 77, 1, 0, 0.06%, 9, 0, 8, 259.45
1733515301, 33, 26, 77, 1, 0, 0.06%, 9, 0, 8, 261.80
1733515306, 33, 27, 77, 1, 0, 0.06%, 9, 0, 8, 262.50
1733515316, 33, 76, 77, 1, 0, 0.06%, 9, 0, 8, 206.41
1733515804, 34, 12, 77, 0, 0, 0.06%, 9, 0, 8, 276.01
1733515809, 34, 13, 77, 0, 0, 0.06%, 9, 0, 8, 258.97
1733515814, 34, 16, 77, 0, 0, 0.06%, 9, 0, 8, 267.28
1733515819, 34, 18, 77, 0, 0, 0.06%, 9, 0, 8, 261.82
1733515824, 34, 21, 77, 0, 0, 0.06%, 9, 0, 8, 256.54
1733515829, 34, 40, 77, 0, 0, 0.06%, 9, 0, 8, 261.19
1733515834, 34, 53, 77, 0, 0, 0.06%, 9, 0, 8, 277.82
1733515839, 34, 62, 77, 0, 0, 0.06%, 9, 0, 8, 296.77
1733515844, 34, 65, 77, 0, 0, 0.06%, 9, 0, 8, 297.48
1733515855, 35, 12, 77, 0, 0, 0.06%, 9, 0, 8, 272.80
1733515860, 35, 14, 77, 0, 0, 0.06%, 9, 0, 8, 256.02
1733515865, 35, 17, 77, 0, 0, 0.06%, 9, 0, 8, 257.36
1733515870, 35, 21, 77, 0, 0, 0.06%, 9, 0, 8, 258.72
1733515880, 35, 25, 77, 0, 0, 0.06%, 9, 0, 8, 261.59
1733515885, 35, 26, 77, 0, 0, 0.06%, 9, 0, 8, 268.60
1733515890, 35, 44, 77, 0, 0, 0.06%, 9, 0, 8, 247.45
1733515900, 35, 56, 77, 0, 0, 0.06%, 9, 0, 8, 269.46
1733515905, 35, 59, 77, 0, 0, 0.06%, 9, 0, 8, 277.76
1733515910, 36, 11, 77, 0, 0, 0.06%, 9, 0, 8, 258.22
1733515915, 36, 13, 77, 0, 0, 0.06%, 9, 0, 8, 250.49
1733515920, 36, 16, 77, 0, 0, 0.06%, 9, 0, 8, 261.13
1733515925, 36, 18, 77, 0, 0, 0.06%, 9, 0, 8, 263.66
1733515930, 36, 20, 77, 0, 0, 0.06%, 9, 0, 8, 275.01
1733515935, 36, 21, 77, 0, 0, 0.06%, 9, 0, 8, 277.47
1733515940, 36, 49, 77, 0, 0, 0.06%, 9, 0, 8, 275.62
1733515945, 36, 51, 77, 0, 0, 0.06%, 9, 0, 8, 280.26
1733515951, 37, 12, 78, 1, 0, 0.06%, 9, 0, 8, 258.37
1733515956, 37, 14, 78, 1, 0, 0.06%, 9, 0, 8, 265.22
1733515961, 37, 16, 78, 1, 0, 0.06%, 9, 0, 8, 256.05
1733515966, 37, 18, 78, 1, 0, 0.06%, 9, 0, 8, 267.87
1733515971, 37, 21, 78, 1, 0, 0.06%, 9, 0, 8, 265.62
1733515976, 37, 35, 78, 1, 0, 0.06%, 9, 0, 8, 294.43
1733515981, 37, 62, 78, 1, 0, 0.06%, 9, 0, 8, 287.54
1733515986, 37, 63, 78, 1, 0, 0.06%, 9, 0, 8, 280.08
1733515996, 37, 76, 78, 1, 0, 0.06%, 9, 0, 8, 367.02
1733516011, 38, 5, 78, 1, 0, 0.06%, 9, 0, 8, 256.97
1733516016, 38, 12, 78, 1, 0, 0.06%, 9, 0, 8, 269.84
1733516021, 38, 14, 78, 1, 0, 0.06%, 9, 0, 8, 255.89
1733516026, 38, 17, 78, 1, 0, 0.06%, 9, 0, 8, 266.02
1733516031, 38, 21, 78, 1, 0, 0.06%, 9, 0, 8, 248.73
1733516036, 38, 48, 78, 1, 0, 0.06%, 9, 0, 8, 248.49
1733516047, 39, 12, 78, 1, 0, 0.06%, 9, 0, 8, 252.74
1733516052, 39, 14, 78, 1, 0, 0.06%, 9, 0, 8, 261.80
1733516057, 39, 16, 78, 1, 0, 0.06%, 9, 0, 8, 266.53
1733516062, 39, 18, 78, 1, 0, 0.06%, 9, 0, 8, 261.38
1733516067, 39, 21, 78, 1, 0, 0.06%, 9, 0, 8, 263.95
1733516072, 39, 31, 78, 1, 0, 0.06%, 9, 0, 8, 279.95
1733516077, 39, 34, 78, 1, 0, 0.06%, 9, 0, 8, 280.63
1733516087, 40, 12, 78, 1, 0, 0.06%, 9, 0, 8, 266.50
1733516092, 40, 13, 78, 1, 0, 0.06%, 9, 0, 8, 260.84
1733516098, 40, 16, 78, 1, 0, 0.06%, 9, 0, 8, 261.63
1733516103, 40, 18, 78, 1, 0, 0.06%, 9, 0, 8, 260.74
1733516108, 40, 21, 78, 1, 0, 0.06%, 9, 0, 8, 276.20
1733516113, 40, 26, 78, 1, 0, 0.06%, 9, 0, 8, 271.64
1733516118, 40, 34, 78, 1, 0, 0.06%, 9, 0, 8, 261.87
1733516123, 40, 38, 78, 1, 0, 0.06%, 9, 0, 8, 272.72
1733516128, 40, 40, 78, 1, 0, 0.06%, 9, 0, 8, 280.30
1733516133, 40, 65, 78, 1, 0, 0.06%, 9, 0, 8, 278.43
1733516138, 40, 70, 78, 1, 0, 0.06%, 9, 0, 8, 282.25
1733516143, 41, 12, 78, 1, 0, 0.06%, 9, 0, 8, 259.43
1733516148, 41, 14, 78, 1, 0, 0.06%, 9, 0, 8, 263.72
1733516153, 41, 17, 78, 1, 0, 0.06%, 9, 0, 8, 261.84
1733516158, 41, 21, 78, 1, 0, 0.06%, 9, 0, 8, 260.59
1733516163, 41, 39, 78, 1, 0, 0.06%, 9, 0, 8, 270.73
1733516173, 41, 46, 78, 1, 0, 0.06%, 9, 0, 8, 282.12
1733516178, 41, 53, 78, 1, 0, 0.06%, 9, 0, 8, 296.62
1733516183, 41, 75, 78, 1, 0, 0.06%, 9, 0, 8, 295.57
1733516214, 41, 76, 78, 1, 0, 0.06%, 9, 0, 8, 299.21
1733516234, 42, 11, 78, 1, 0, 0.06%, 9, 0, 8, 270.60
1733516240, 42, 13, 78, 1, 0, 0.06%, 9, 0, 8, 259.54
1733516245, 42, 14, 78, 1, 0, 0.06%, 9, 0, 8, 264.94
1733516250, 42, 17, 78, 1, 0, 0.06%, 9, 0, 8, 261.21
1733516255, 42, 21, 78, 1, 0, 0.06%, 9, 0, 8, 255.14
1733516260, 42, 24, 78, 1, 0, 0.06%, 9, 0, 8, 270.69
1733516265, 42, 32, 78, 1, 0, 0.06%, 9, 0, 8, 271.73
1733516270, 42, 38, 78, 1, 0, 0.06%, 9, 0, 8, 273.92
1733516275, 42, 42, 78, 1, 0, 0.06%, 9, 0, 8, 291.44
1733516280, 42, 65, 78, 1, 0, 0.06%, 9, 0, 8, 276.36
1733516285, 42, 71, 78, 1, 0, 0.06%, 9, 0, 8, 315.68
1733516295, 43, 12, 78, 1, 0, 0.06%, 9, 0, 8, 286.52
1733516301, 43, 14, 78, 1, 0, 0.06%, 9, 0, 8, 271.06
1733516306, 43, 16, 78, 1, 0, 0.06%, 9, 0, 8, 274.23
1733516311, 43, 21, 78, 1, 0, 0.06%, 9, 0, 8, 274.02
1733516316, 43, 68, 78, 1, 0, 0.06%, 9, 0, 8, 265.66
1733516321, 43, 69, 78, 1, 0, 0.06%, 9, 0, 8, 266.63
1733516331, 44, 12, 78, 1, 0, 0.06%, 9, 0, 8, 259.64
1733516336, 44, 14, 78, 1, 0, 0.06%, 9, 0, 8, 263.53
1733516341, 44, 16, 78, 1, 0, 0.06%, 9, 0, 8, 267.30
1733516346, 44, 21, 78, 1, 0, 0.06%, 9, 0, 8, 266.95
1733516351, 44, 30, 78, 1, 0, 0.06%, 9, 0, 8, 267.49
1733516361, 44, 31, 78, 1, 0, 0.06%, 9, 0, 8, 278.32
1733516366, 44, 57, 78, 1, 0, 0.06%, 9, 0, 8, 276.31
1733516371, 44, 74, 78, 1, 0, 0.06%, 9, 0, 8, 330.63
1733516381, 45, 4, 78, 1, 0, 0.06%, 9, 0, 8, 284.51
1733516386, 45, 12, 78, 1, 0, 0.06%, 9, 0, 8, 272.02
1733516392, 45, 14, 78, 1, 0, 0.06%, 9, 0, 8, 257.35
1733516397, 45, 17, 78, 1, 0, 0.06%, 9, 0, 8, 244.21
1733516402, 45, 21, 78, 1, 0, 0.06%, 9, 0, 8, 257.79
1733516407, 45, 33, 78, 1, 0, 0.06%, 9, 0, 8, 270.14
1733516417, 45, 34, 78, 1, 0, 0.06%, 9, 0, 8, 279.18
1733516422, 45, 35, 78, 1, 0, 0.06%, 9, 0, 8, 293.31
1733516427, 45, 43, 78, 1, 0, 0.06%, 9, 0, 8, 291.17
1733516438, 45, 75, 78, 1, 0, 0.06%, 9, 0, 8, 316.14
1733516453, 46, 12, 78, 1, 0, 0.06%, 9, 0, 8, 280.70
1733516458, 46, 13, 78, 1, 0, 0.06%, 9, 0, 8, 264.91
1733516463, 46, 16, 78, 1, 0, 0.06%, 9, 0, 8, 255.05
1733516468, 46, 18, 78, 1, 0, 0.06%, 9, 0, 8, 263.60
1733516473, 46, 21, 78, 1, 0, 0.06%, 9, 0, 8, 257.69
1733516478, 46, 26, 78, 1, 0, 0.06%, 9, 0, 8, 262.56
1733516483, 46, 56, 78, 1, 0, 0.06%, 9, 0, 8, 266.87
1733516488, 46, 67, 78, 1, 0, 0.06%, 9, 0, 8, 278.55
1733516498, 46, 72, 78, 1, 0, 0.06%, 9, 0, 8, 284.02
1733516503, 47, 10, 78, 1, 0, 0.06%, 9, 0, 8, 260.73
1733516508, 47, 12, 78, 1, 0, 0.06%, 9, 0, 8, 265.20
1733516514, 47, 14, 78, 1, 0, 0.06%, 9, 0, 8, 261.35
1733516519, 47, 17, 78, 1, 0, 0.06%, 9, 0, 8, 269.19
1733516524, 47, 21, 78, 1, 0, 0.06%, 9, 0, 8, 262.58
1733516529, 47, 28, 78, 1, 0, 0.06%, 9, 0, 8, 274.80
1733516534, 47, 32, 78, 1, 0, 0.06%, 9, 0, 8, 273.08
1733516539, 47, 77, 78, 1, 0, 0.06%, 9, 0, 8, 266.95
1733516707, 48, 12, 78, 0, 0, 0.06%, 9, 0, 8, 262.45
1733516712, 48, 13, 78, 0, 0, 0.06%, 9, 0, 8, 270.73
1733516717, 48, 16, 78, 0, 0, 0.06%, 9, 0, 8, 261.65
1733516722, 48, 18, 78, 0, 0, 0.06%, 9, 0, 8, 254.26
1733516727, 48, 21, 78, 0, 0, 0.06%, 9, 0, 8, 266.54
1733516732, 48, 34, 78, 0, 0, 0.06%, 9, 0, 8, 258.38
1733516737, 48, 63, 78, 0, 0, 0.06%, 9, 0, 8, 282.98
1733516742, 48, 69, 78, 0, 0, 0.06%, 9, 0, 8, 270.96
1733516747, 49, 12, 78, 0, 0, 0.06%, 9, 0, 8, 268.53
1733516752, 49, 13, 78, 0, 0, 0.06%, 9, 0, 8, 254.03
1733516757, 49, 16, 78, 0, 0, 0.06%, 9, 0, 8, 261.81
1733516763, 49, 18, 78, 0, 0, 0.06%, 9, 0, 8, 275.95
1733516768, 49, 29, 78, 0, 0, 0.06%, 9, 0, 8, 285.19
1733516773, 49, 31, 78, 0, 0, 0.06%, 9, 0, 8, 288.59
1733516778, 49, 57, 78, 0, 0, 0.06%, 9, 0, 8, 289.13
1733516783, 49, 64, 78, 0, 0, 0.06%, 9, 0, 8, 286.72
1733516788, 49, 75, 78, 0, 0, 0.06%, 9, 0, 8, 294.13
1733516803, 50, 11, 78, 0, 0, 0.06%, 9, 0, 8, 284.89
1733516808, 50, 13, 78, 0, 0, 0.06%, 9, 0, 8, 266.24
1733516813, 50, 16, 78, 0, 0, 0.06%, 9, 0, 8, 263.85
1733516818, 50, 17, 78, 0, 0, 0.06%, 9, 0, 8, 265.25
1733516823, 50, 21, 78, 0, 0, 0.06%, 9, 0, 8, 254.37
1733516829, 50, 34, 78, 0, 0, 0.06%, 9, 0, 8, 279.82
1733516834, 50, 53, 78, 0, 0, 0.06%, 9, 0, 8, 300.99
1733516839, 50, 61, 78, 0, 0, 0.06%, 9, 0, 8, 282.26
1733516844, 50, 77, 78, 0, 0, 0.06%, 9, 0, 8, 337.67
1733516859, 51, 11, 78, 0, 0, 0.06%, 9, 0, 8, 298.92
1733516864, 51, 12, 78, 0, 0, 0.06%, 9, 0, 8, 276.90
1733516869, 51, 14, 78, 0, 0, 0.06%, 9, 0, 8, 263.69
1733516874, 51, 17, 78, 0, 0, 0.06%, 9, 0, 8, 259.34
1733516879, 51, 21, 78, 0, 0, 0.06%, 9, 0, 8, 256.08
1733516885, 51, 26, 78, 0, 0, 0.06%, 9, 0, 8, 260.83
1733516890, 51, 30, 78, 0, 0, 0.06%, 9, 0, 8, 259.14
1733516895, 51, 43, 78, 0, 0, 0.06%, 9, 0, 8, 279.59
1733516905, 51, 61, 78, 0, 0, 0.06%, 9, 0, 8, 280.70
1733516910, 52, 12, 78, 0, 0, 0.06%, 9, 0, 8, 262.29
1733516915, 52, 14, 78, 0, 0, 0.06%, 9, 0, 8, 276.55
1733516920, 52, 16, 78, 0, 0, 0.06%, 9, 0, 8, 253.20
1733516925, 52, 18, 78, 0, 0, 0.06%, 9, 0, 8, 261.37
1733516930, 52, 21, 78, 0, 0, 0.06%, 9, 0, 8, 263.97
1733516935, 52, 60, 78, 0, 0, 0.06%, 9, 0, 8, 284.47
1733516940, 53, 12, 78, 0, 0, 0.06%, 9, 0, 8, 263.87
1733516945, 53, 14, 78, 0, 0, 0.06%, 9, 0, 8, 256.90
1733516950, 53, 17, 78, 0, 0, 0.06%, 9, 0, 8, 252.36
1733516956, 53, 21, 78, 0, 0, 0.06%, 9, 0, 8, 262.01
1733516961, 53, 24, 78, 0, 0, 0.06%, 9, 0, 8, 271.68
1733516966, 53, 30, 78, 0, 0, 0.06%, 9, 0, 8, 262.46
1733516971, 53, 58, 78, 0, 0, 0.06%, 9, 0, 8, 293.15
1733516976, 53, 72, 78, 0, 0, 0.06%, 9, 0, 8, 283.39
1733516981, 54, 11, 78, 0, 0, 0.06%, 9, 0, 8, 266.69
1733516986, 54, 13, 78, 0, 0, 0.06%, 9, 0, 8, 250.95
1733516991, 54, 16, 78, 0, 0, 0.06%, 9, 0, 8, 266.17
1733516996, 54, 18, 78, 0, 0, 0.06%, 9, 0, 8, 264.42
1733517001, 54, 20, 78, 0, 0, 0.06%, 9, 0, 8, 277.66
1733517006, 54, 21, 78, 0, 0, 0.06%, 9, 0, 8, 261.48
1733517011, 54, 52, 78, 0, 0, 0.06%, 9, 0, 8, 284.46
1733517016, 55, 12, 78, 0, 0, 0.06%, 9, 0, 8, 253.83
1733517021, 55, 13, 78, 0, 0, 0.06%, 9, 0, 8, 263.63
1733517026, 55, 16, 78, 0, 0, 0.06%, 9, 0, 8, 271.78
1733517031, 55, 18, 78, 0, 0, 0.06%, 9, 0, 8, 269.58
1733517036, 55, 21, 78, 0, 0, 0.06%, 9, 0, 8, 267.37
1733517041, 55, 44, 78, 0, 0, 0.06%, 9, 0, 8, 270.02
1733517047, 55, 56, 78, 0, 0, 0.06%, 9, 0, 8, 265.06
1733517052, 56, 12, 78, 0, 0, 0.06%, 9, 0, 8, 268.73
1733517057, 56, 13, 78, 0, 0, 0.06%, 9, 0, 8, 266.35
1733517062, 56, 16, 78, 0, 0, 0.06%, 9, 0, 8, 266.30
1733517067, 56, 21, 78, 0, 0, 0.06%, 9, 0, 8, 270.91
1733517077, 56, 58, 78, 0, 0, 0.06%, 9, 0, 8, 304.35
1733517082, 56, 61, 78, 0, 0, 0.06%, 9, 0, 8, 286.10
1733517087, 56, 64, 78, 0, 0, 0.06%, 9, 0, 8, 307.33
1733517092, 56, 68, 78, 0, 0, 0.06%, 9, 0, 8, 303.22
1733517097, 57, 5, 78, 0, 0, 0.06%, 9, 0, 8, 271.84
1733517102, 57, 12, 78, 0, 0, 0.06%, 9, 0, 8, 256.82
1733517107, 57, 14, 78, 0, 0, 0.06%, 9, 0, 8, 250.88
1733517113, 57, 17, 78, 0, 0, 0.06%, 9, 0, 8, 257.93
1733517118, 57, 21, 78, 0, 0, 0.06%, 9, 0, 8, 259.03
1733517123, 57, 23, 78, 0, 0, 0.06%, 9, 0, 8, 269.32
1733517128, 57, 51, 78, 0, 0, 0.06%, 9, 0, 8, 288.76
1733517133, 57, 67, 78, 0, 0, 0.06%, 9, 0, 8, 288.02
1733517138, 57, 73, 78, 0, 0, 0.06%, 9, 0, 8, 277.00
1733517143, 58, 11, 78, 0, 0, 0.06%, 9, 0, 8, 270.15
1733517148, 58, 13, 78, 0, 0, 0.06%, 9, 0, 8, 269.83
1733517153, 58, 14, 78, 0, 0, 0.06%, 9, 0, 8, 264.50
1733517158, 58, 17, 78, 0, 0, 0.06%, 9, 0, 8, 258.38
1733517163, 58, 21, 78, 0, 0, 0.06%, 9, 0, 8, 260.14
1733517168, 58, 23, 78, 0, 0, 0.06%, 9, 0, 8, 280.01
1733517173, 58, 30, 78, 0, 0, 0.06%, 9, 0, 8, 260.58
1733517179, 58, 35, 78, 0, 0, 0.06%, 9, 0, 8, 287.84
1733517184, 58, 41, 78, 0, 0, 0.06%, 9, 0, 8, 293.28
1733517189, 58, 72, 78, 0, 0, 0.06%, 9, 0, 8, 279.76
1733517194, 59, 11, 78, 0, 0, 0.06%, 9, 0, 8, 268.97
1733517199, 59, 13, 78, 0, 0, 0.06%, 9, 0, 8, 254.29
1733517204, 59, 15, 78, 0, 0, 0.06%, 9, 0, 8, 264.03
1733517209, 59, 17, 78, 0, 0, 0.06%, 9, 0, 8, 260.01
1733517214, 59, 20, 78, 0, 0, 0.06%, 9, 0, 8, 267.00
1733517219, 59, 21, 78, 0, 0, 0.06%, 9, 0, 8, 272.66
1733517224, 59, 31, 78, 0, 0, 0.06%, 9, 0, 8, 276.76
1733517229, 59, 42, 78, 0, 0, 0.06%, 9, 0, 8, 275.70
1733517234, 60, 1, 78, 0, 0, 0.06%, 9, 0, 8, 274.15
1733517239, 60, 12, 78, 0, 0, 0.06%, 9, 0, 8, 271.62
1733517244, 60, 14, 78, 0, 0, 0.06%, 9, 0, 8, 259.40
1733517249, 60, 17, 78, 0, 0, 0.06%, 9, 0, 8, 262.98
1733517255, 60, 21, 78, 0, 0, 0.06%, 9, 0, 8, 258.52
1733517260, 60, 60, 78, 0, 0, 0.06%, 9, 0, 8, 299.48
1733517265, 61, 11, 78, 0, 0, 0.06%, 9, 0, 8, 267.93
1733517270, 61, 13, 78, 0, 0, 0.06%, 9, 0, 8, 271.96
1733517275, 61, 16, 78, 0, 0, 0.06%, 9, 0, 8, 264.81
1733517280, 61, 18, 78, 0, 0, 0.06%, 9, 0, 8, 261.20
1733517285, 61, 21, 78, 0, 0, 0.06%, 9, 0, 8, 251.25
1733517291, 61, 38, 78, 0, 0, 0.06%, 9, 0, 8, 285.02
1733517296, 62, 12, 78, 0, 0, 0.06%, 9, 0, 8, 260.05
1733517301, 62, 14, 78, 0, 0, 0.06%, 9, 0, 8, 257.69
1733517306, 62, 16, 78, 0, 0, 0.06%, 9, 0, 8, 257.78
1733517311, 62, 21, 78, 0, 0, 0.06%, 9, 0, 8, 263.66
1733517321, 63, 12, 78, 0, 0, 0.06%, 9, 0, 8, 275.17
1733517326, 63, 14, 78, 0, 0, 0.06%, 9, 0, 8, 261.77
1733517331, 63, 17, 78, 0, 0, 0.06%, 9, 0, 8, 258.55
1733517336, 63, 20, 78, 0, 0, 0.06%, 9, 0, 8, 267.26
1733517341, 63, 21, 78, 0, 0, 0.06%, 9, 0, 8, 261.94
1733517346, 63, 32, 78, 0, 0, 0.06%, 9, 0, 8, 278.72
1733517351, 63, 34, 78, 0, 0, 0.06%, 9, 0, 8, 287.74
1733517357, 63, 36, 78, 0, 0, 0.06%, 9, 0, 8, 287.69
1733517362, 64, 9, 78, 0, 0, 0.06%, 9, 0, 8, 271.21
1733517367, 64, 12, 78, 0, 0, 0.06%, 9, 0, 8, 269.88
1733517372, 64, 14, 78, 0, 0, 0.06%, 9, 0, 8, 256.62
1733517377, 64, 17, 78, 0, 0, 0.06%, 9, 0, 8, 266.55
1733517382, 64, 21, 78, 0, 0, 0.06%, 9, 0, 8, 257.29
1733517387, 64, 24, 78, 0, 0, 0.06%, 9, 0, 8, 282.22
1733517392, 65, 11, 78, 0, 0, 0.06%, 9, 0, 8, 265.66
1733517397, 65, 13, 78, 0, 0, 0.06%, 9, 0, 8, 262.15
1733517402, 65, 16, 78, 0, 0, 0.06%, 9, 0, 8, 261.31
1733517407, 65, 18, 78, 0, 0, 0.06%, 9, 0, 8, 257.12
1733517412, 65, 21, 78, 0, 0, 0.06%, 9, 0, 8, 281.23
1733517418, 65, 65, 78, 0, 0, 0.06%, 9, 0, 8, 273.42
1733517423, 65, 75, 78, 0, 0, 0.06%, 9, 0, 8, 280.45
1733517438, 66, 10, 78, 0, 0, 0.06%, 9, 0, 8, 289.08
1733517443, 66, 12, 78, 0, 0, 0.06%, 9, 0, 8, 258.53
1733517448, 66, 14, 78, 0, 0, 0.06%, 9, 0, 8, 253.17
1733517453, 66, 16, 78, 0, 0, 0.06%, 9, 0, 8, 257.05
1733517458, 66, 18, 78, 0, 0, 0.06%, 9, 0, 8, 258.60
1733517463, 66, 21, 78, 0, 0, 0.06%, 9, 0, 8, 275.13
1733517468, 66, 68, 78, 0, 0, 0.06%, 9, 0, 8, 293.34
1733517473, 67, 11, 78, 0, 0, 0.06%, 9, 0, 8, 289.61
1733517478, 67, 12, 78, 0, 0, 0.06%, 9, 0, 8, 269.71
1733517483, 67, 14, 78, 0, 0, 0.06%, 9, 0, 8, 260.30
1733517489, 67, 17, 78, 0, 0, 0.06%, 9, 0, 8, 263.87
1733517494, 67, 21, 78, 0, 0, 0.06%, 9, 0, 8, 264.89
1733517499, 67, 58, 78, 0, 0, 0.06%, 9, 0, 8, 276.56
1733517504, 68, 11, 78, 0, 0, 0.06%, 9, 0, 8, 264.86
1733517509, 68, 13, 78, 0, 0, 0.06%, 9, 0, 8, 251.16
1733517514, 68, 14, 78, 0, 0, 0.06%, 9, 0, 8, 273.32
1733517519, 68, 17, 78, 0, 0, 0.06%, 9, 0, 8, 262.73
1733517524, 68, 21, 78, 0, 0, 0.06%, 9, 0, 8, 262.32
1733517529, 69, 10, 78, 0, 0, 0.06%, 9, 0, 8, 268.33
1733517534, 69, 12, 78, 0, 0, 0.06%, 9, 0, 8, 266.25
1733517539, 69, 14, 78, 0, 0, 0.06%, 9, 0, 8, 254.18
1733517545, 69, 17, 78, 0, 0, 0.06%, 9, 0, 8, 265.49
1733517550, 69, 21, 78, 0, 0, 0.06%, 9, 0, 8, 267.28
1733517555, 69, 30, 78, 0, 0, 0.06%, 9, 0, 8, 273.56
1733517565, 69, 50, 78, 0, 0, 0.06%, 9, 0, 8, 277.17
1733517570, 69, 60, 78, 0, 0, 0.06%, 9, 0, 8, 275.45
1733517575, 69, 68, 78, 0, 0, 0.06%, 9, 0, 8, 274.00
1733517580, 70, 11, 78, 0, 0, 0.06%, 9, 0, 8, 260.36
1733517585, 70, 13, 78, 0, 0, 0.06%, 9, 0, 8, 265.76
1733517590, 70, 16, 78, 0, 0, 0.06%, 9, 0, 8, 268.78
1733517595, 70, 18, 78, 0, 0, 0.06%, 9, 0, 8, 261.37
1733517600, 70, 21, 78, 0, 0, 0.06%, 9, 0, 8, 280.51
1733517605, 71, 11, 78, 0, 0, 0.06%, 9, 0, 8, 290.58
1733517611, 71, 12, 78, 0, 0, 0.06%, 9, 0, 8, 263.83
1733517616, 71, 14, 78, 0, 0, 0.06%, 9, 0, 8, 265.76
1733517621, 71, 17, 78, 0, 0, 0.06%, 9, 0, 8, 256.66
1733517626, 71, 21, 78, 0, 0, 0.06%, 9, 0, 8, 257.15
1733517631, 71, 27, 78, 0, 0, 0.06%, 9, 0, 8, 263.22
1733517636, 71, 28, 78, 0, 0, 0.06%, 9, 0, 8, 269.17
1733517641, 71, 48, 78, 0, 0, 0.06%, 9, 0, 8, 279.98
1733517646, 71, 69, 78, 0, 0, 0.06%, 9, 0, 8, 255.49
1733517656, 72, 12, 78, 0, 0, 0.06%, 9, 0, 8, 261.15
1733517661, 72, 14, 78, 0, 0, 0.06%, 9, 0, 8, 265.01
1733517666, 72, 17, 78, 0, 0, 0.06%, 9, 0, 8, 258.36
1733517671, 72, 21, 78, 0, 0, 0.06%, 9, 0, 8, 256.88
1733517677, 72, 32, 78, 0, 0, 0.06%, 9, 0, 8, 278.33
1733517682, 72, 52, 78, 0, 0, 0.06%, 9, 0, 8, 302.50
1733517687, 72, 64, 78, 0, 0, 0.06%, 9, 0, 8, 293.06
1733517692, 73, 11, 78, 0, 0, 0.06%, 9, 0, 8, 268.31
1733517697, 73, 13, 78, 0, 0, 0.06%, 9, 0, 8, 253.59
1733517702, 73, 16, 78, 0, 0, 0.06%, 9, 0, 8, 257.71
1733517707, 73, 18, 78, 0, 0, 0.06%, 9, 0, 8, 260.89
1733517712, 73, 21, 78, 0, 0, 0.06%, 9, 0, 8, 273.10
1733517717, 73, 38, 78, 0, 0, 0.06%, 9, 0, 8, 271.62
1733517722, 73, 49, 78, 0, 0, 0.06%, 9, 0, 8, 271.09
1733517727, 74, 11, 78, 0, 0, 0.06%, 9, 0, 8, 269.51
1733517732, 74, 13, 78, 0, 0, 0.06%, 9, 0, 8, 269.92
1733517737, 74, 16, 78, 0, 0, 0.06%, 9, 0, 8, 271.53
1733517743, 74, 18, 78, 0, 0, 0.06%, 9, 0, 8, 266.49
1733517748, 74, 21, 78, 0, 0, 0.06%, 9, 0, 8, 261.40
1733517753, 74, 34, 78, 0, 0, 0.06%, 9, 0, 8, 283.87
1733517758, 74, 54, 78, 0, 0, 0.06%, 9, 0, 8, 272.66
1733517763, 75, 12, 78, 0, 0, 0.06%, 9, 0, 8, 266.54
1733517768, 75, 14, 78, 0, 0, 0.06%, 9, 0, 8, 258.63
1733517773, 75, 17, 78, 0, 0, 0.06%, 9, 0, 8, 264.43
1733517778, 75, 20, 78, 0, 0, 0.06%, 9, 0, 8, 259.62
1733517788, 75, 21, 78, 0, 0, 0.06%, 9, 0, 8, 264.79
1733517793, 75, 32, 78, 0, 0, 0.06%, 9, 0, 8, 255.18
1733517798, 75, 64, 78, 0, 0, 0.06%, 9, 0, 8, 277.95
1733517803, 76, 11, 78, 0, 0, 0.06%, 9, 0, 8, 270.83
1733517809, 76, 13, 78, 0, 0, 0.06%, 9, 0, 8, 264.04
1733517814, 76, 16, 78, 0, 0, 0.06%, 9, 0, 8, 263.93
1733517819, 76, 18, 78, 0, 0, 0.06%, 9, 0, 8, 268.96
1733517824, 76, 21, 78, 0, 0, 0.06%, 9, 0, 8, 264.28
1733517829, 76, 45, 78, 0, 0, 0.06%, 9, 0, 8, 328.75
1733517839, 76, 47, 78, 0, 0, 0.06%, 9, 0, 8, 271.08
1733517844, 77, 12, 78, 0, 0, 0.06%, 9, 0, 8, 271.07
1733517849, 77, 13, 78, 0, 0, 0.06%, 9, 0, 8, 269.98
1733517854, 77, 16, 78, 0, 0, 0.06%, 9, 0, 8, 267.62
1733517859, 77, 18, 78, 0, 0, 0.06%, 9, 0, 8, 266.77
1733517864, 77, 21, 78, 0, 0, 0.06%, 9, 0, 8, 259.40
1733517870, 77, 48, 78, 0, 0, 0.06%, 9, 0, 8, 267.19
1733517875, 77, 65, 78, 0, 0, 0.06%, 9, 0, 8, 270.33
1733517880, 78, 12, 78, 0, 0, 0.06%, 9, 0, 8, 264.20
1733517885, 78, 14, 78, 0, 0, 0.06%, 9, 0, 8, 255.84
1733517890, 78, 17, 78, 0, 0, 0.06%, 9, 0, 8, 261.75
1733517895, 78, 21, 78, 0, 0, 0.06%, 9, 0, 8, 261.86
1733517900, 78, 37, 78, 0, 0, 0.06%, 9, 0, 8, 274.26
1733517905, 78, 75, 78, 0, 0, 0.06%, 9, 0, 8, 278.27
1733517915, 79, 12, 78, 0, 0, 0.06%, 9, 0, 8, 267.03
1733517920, 79, 14, 78, 0, 0, 0.06%, 9, 0, 8, 257.45
1733517925, 79, 17, 78, 0, 0, 0.06%, 9, 0, 8, 262.46
1733517930, 79, 21, 78, 0, 0, 0.06%, 9, 0, 8, 260.51
1733517936, 79, 23, 78, 0, 0, 0.06%, 9, 0, 8, 279.64
1733517941, 79, 24, 78, 0, 0, 0.06%, 9, 0, 8, 261.59
1733517946, 79, 33, 78, 0, 0, 0.06%, 9, 0, 8, 270.45
1733517951, 79, 35, 78, 0, 0, 0.06%, 9, 0, 8, 283.04
1733517956, 79, 44, 78, 0, 0, 0.06%, 9, 0, 8, 268.87
1733517961, 80, 1, 78, 0, 0, 0.06%, 9, 0, 8, 268.33
1733517966, 80, 12, 78, 0, 0, 0.06%, 9, 0, 8, 266.49
1733517971, 80, 14, 78, 0, 0, 0.06%, 9, 0, 8, 263.73
1733517976, 80, 17, 78, 0, 0, 0.06%, 9, 0, 8, 268.15
1733517981, 80, 21, 78, 0, 0, 0.06%, 9, 0, 8, 267.49
1733517986, 80, 49, 78, 0, 0, 0.06%, 9, 0, 8, 269.28
1733517996, 80, 50, 78, 0, 0, 0.06%, 9, 0, 8, 278.82
1733518002, 80, 51, 78, 0, 0, 0.06%, 9, 0, 8, 281.34
1733518007, 80, 60, 78, 0, 0, 0.06%, 9, 0, 8, 277.48
1733518012, 81, 12, 78, 0, 0, 0.06%, 9, 0, 8, 270.10
1733518017, 81, 14, 78, 0, 0, 0.06%, 9, 0, 8, 269.76
1733518022, 81, 17, 78, 0, 0, 0.06%, 9, 0, 8, 269.72
1733518027, 81, 21, 78, 0, 0, 0.06%, 9, 0, 8, 260.01
1733518032, 81, 33, 78, 0, 0, 0.06%, 9, 0, 8, 266.55
1733518037, 81, 42, 78, 0, 0, 0.06%, 9, 0, 8, 289.94
1733518042, 81, 53, 78, 0, 0, 0.06%, 9, 0, 8, 301.38
1733518047, 81, 66, 78, 0, 0, 0.06%, 9, 0, 8, 282.79
1733518052, 82, 11, 78, 0, 0, 0.06%, 9, 0, 8, 280.74
1733518057, 82, 13, 78, 0, 0, 0.06%, 9, 0, 8, 272.43
1733518062, 82, 16, 78, 0, 0, 0.06%, 9, 0, 8, 259.12
1733518067, 82, 18, 78, 0, 0, 0.06%, 9, 0, 8, 257.91
1733518072, 82, 20, 78, 0, 0, 0.06%, 9, 0, 8, 277.65
1733518077, 82, 21, 78, 0, 0, 0.06%, 9, 0, 8, 261.38
1733518082, 82, 60, 78, 0, 0, 0.06%, 9, 0, 8, 279.76
1733518087, 83, 11, 78, 0, 0, 0.06%, 9, 0, 8, 260.30
1733518093, 83, 13, 78, 0, 0, 0.06%, 9, 0, 8, 262.66
1733518098, 83, 16, 78, 0, 0, 0.06%, 9, 0, 8, 269.54
1733518103, 83, 18, 78, 0, 0, 0.06%, 9, 0, 8, 263.19
1733518108, 83, 21, 78, 0, 0, 0.06%, 9, 0, 8, 270.95
1733518113, 83, 58, 78, 0, 0, 0.06%, 9, 0, 8, 278.42
1733518118, 84, 12, 78, 0, 0, 0.06%, 9, 0, 8, 263.18
1733518123, 84, 13, 78, 0, 0, 0.06%, 9, 0, 8, 265.99
1733518129, 84, 16, 78, 0, 0, 0.06%, 9, 0, 8, 272.62
1733518134, 84, 20, 78, 0, 0, 0.06%, 9, 0, 8, 270.27
1733518144, 84, 29, 78, 0, 0, 0.06%, 9, 0, 8, 274.67
1733518149, 84, 41, 78, 0, 0, 0.06%, 9, 0, 8, 293.81
1733518159, 85, 12, 78, 0, 0, 0.06%, 9, 0, 8, 259.68
1733518164, 85, 14, 78, 0, 0, 0.06%, 9, 0, 8, 262.31
1733518169, 85, 16, 78, 0, 0, 0.06%, 9, 0, 8, 263.16
1733518174, 85, 18, 78, 0, 0, 0.06%, 9, 0, 8, 262.96
1733518179, 85, 21, 78, 0, 0, 0.06%, 9, 0, 8, 251.24
1733518184, 85, 23, 78, 0, 0, 0.06%, 9, 0, 8, 262.65
1733518189, 85, 36, 78, 0, 0, 0.06%, 9, 0, 8, 284.33
1733518194, 85, 38, 78, 0, 0, 0.06%, 9, 0, 8, 278.24
1733518199, 85, 63, 78, 0, 0, 0.06%, 9, 0, 8, 284.30
1733518204, 86, 12, 78, 0, 0, 0.06%, 9, 0, 8, 256.98
1733518209, 86, 14, 78, 0, 0, 0.06%, 9, 0, 8, 258.27
1733518214, 86, 17, 78, 0, 0, 0.06%, 9, 0, 8, 265.15
1733518220, 86, 21, 78, 0, 0, 0.06%, 9, 0, 8, 259.93
1733518225, 86, 33, 78, 0, 0, 0.06%, 9, 0, 8, 265.40
1733518230, 86, 37, 78, 0, 0, 0.06%, 9, 0, 8, 271.66
1733518235, 86, 64, 78, 0, 0, 0.06%, 9, 0, 8, 292.75
1733518240, 87, 3, 78, 0, 0, 0.06%, 9, 0, 8, 264.68
1733518245, 87, 12, 78, 0, 0, 0.06%, 9, 0, 8, 251.74
1733518250, 87, 14, 78, 0, 0, 0.06%, 9, 0, 8, 268.52
1733518255, 87, 17, 78, 0, 0, 0.06%, 9, 0, 8, 261.20
1733518260, 87, 21, 78, 0, 0, 0.06%, 9, 0, 8, 262.50
1733518265, 87, 30, 78, 0, 0, 0.06%, 9, 0, 8, 271.81
1733518270, 87, 58, 78, 0, 0, 0.06%, 9, 0, 8, 289.57
1733518275, 88, 11, 78, 0, 0, 0.06%, 9, 0, 8, 262.06
1733518280, 88, 13, 78, 0, 0, 0.06%, 9, 0, 8, 259.06
1733518286, 88, 16, 78, 0, 0, 0.06%, 9, 0, 8, 252.52
1733518291, 88, 18, 78, 0, 0, 0.06%, 9, 0, 8, 259.82
1733518296, 88, 21, 78, 0, 0, 0.06%, 9, 0, 8, 271.97
1733518301, 88, 38, 78, 0, 0, 0.06%, 9, 0, 8, 260.12
1733518306, 88, 43, 78, 0, 0, 0.06%, 9, 0, 8, 277.65
1733518311, 88, 59, 78, 0, 0, 0.06%, 9, 0, 8, 273.59
1733518316, 88, 71, 78, 0, 0, 0.06%, 9, 0, 8, 303.04
1733518321, 89, 2, 78, 0, 0, 0.06%, 9, 0, 8, 273.69
1733518326, 89, 12, 78, 0, 0, 0.06%, 9, 0, 8, 264.96
1733518331, 89, 14, 78, 0, 0, 0.06%, 9, 0, 8, 249.34
1733518336, 89, 17, 78, 0, 0, 0.06%, 9, 0, 8, 249.65
1733518342, 89, 21, 78, 0, 0, 0.06%, 9, 0, 8, 258.63
1733518347, 89, 22, 78, 0, 0, 0.06%, 9, 0, 8, 253.56
1733518352, 89, 46, 78, 0, 0, 0.06%, 9, 0, 8, 284.88
1733518357, 89, 53, 78, 0, 0, 0.06%, 9, 0, 8, 312.58
1733518362, 89, 63, 78, 0, 0, 0.06%, 9, 0, 8, 296.84
1733518367, 90, 11, 78, 0, 0, 0.06%, 9, 0, 8, 272.38
1733518372, 90, 13, 78, 0, 0, 0.06%, 9, 0, 8, 253.64
1733518377, 90, 16, 78, 0, 0, 0.06%, 9, 0, 8, 247.24
1733518382, 90, 18, 78, 0, 0, 0.06%, 9, 0, 8, 276.03
1733518387, 90, 21, 78, 0, 0, 0.06%, 9, 0, 8, 262.40
1733518392, 91, 11, 78, 0, 0, 0.06%, 9, 0, 8, 267.17
1733518397, 91, 13, 78, 0, 0, 0.06%, 9, 0, 8, 265.88
1733518402, 91, 16, 78, 0, 0, 0.06%, 9, 0, 8, 267.31
1733518407, 91, 17, 78, 0, 0, 0.06%, 9, 0, 8, 263.46
1733518412, 91, 19, 78, 0, 0, 0.06%, 9, 0, 8, 258.96
1733518417, 91, 21, 78, 0, 0, 0.06%, 9, 0, 8, 256.30
1733518422, 92, 12, 78, 0, 0, 0.06%, 9, 0, 8, 269.62
1733518428, 92, 13, 78, 0, 0, 0.06%, 9, 0, 8, 261.97
1733518433, 92, 16, 78, 0, 0, 0.06%, 9, 0, 8, 258.61
1733518438, 92, 18, 78, 0, 0, 0.06%, 9, 0, 8, 270.94
1733518443, 92, 21, 78, 0, 0, 0.06%, 9, 0, 8, 266.43
1733518448, 92, 75, 78, 0, 0, 0.06%, 9, 0, 8, 287.71
1733518453, 93, 10, 78, 0, 0, 0.06%, 9, 0, 8, 268.05
1733518458, 93, 12, 78, 0, 0, 0.06%, 9, 0, 8, 260.68
1733518463, 93, 14, 78, 0, 0, 0.06%, 9, 0, 8, 258.26
1733518468, 93, 17, 78, 0, 0, 0.06%, 9, 0, 8, 262.58
1733518473, 93, 21, 78, 0, 0, 0.06%, 9, 0, 8, 249.04
1733518478, 93, 54, 78, 0, 0, 0.06%, 9, 0, 8, 264.40
1733518483, 93, 55, 78, 0, 0, 0.06%, 9, 0, 8, 281.72
1733518489, 93, 63, 78, 0, 0, 0.06%, 9, 0, 8, 289.12
1733518494, 93, 73, 78, 0, 0, 0.06%, 9, 0, 8, 294.22
1733518499, 94, 11, 78, 0, 0, 0.06%, 9, 0, 8, 275.93
1733518504, 94, 13, 78, 0, 0, 0.06%, 9, 0, 8, 271.27
1733518509, 94, 16, 78, 0, 0, 0.06%, 9, 0, 8, 269.68
1733518514, 94, 17, 78, 0, 0, 0.06%, 9, 0, 8, 267.55
1733518519, 94, 21, 78, 0, 0, 0.06%, 9, 0, 8, 257.04
1733518524, 94, 35, 78, 0, 0, 0.06%, 9, 0, 8, 282.51
1733518529, 95, 10, 78, 0, 0, 0.06%, 9, 0, 8, 275.01
1733518534, 95, 12, 78, 0, 0, 0.06%, 9, 0, 8, 268.28
1733518539, 95, 14, 78, 0, 0, 0.06%, 9, 0, 8, 259.88
1733518544, 95, 17, 78, 0, 0, 0.06%, 9, 0, 8, 253.23
1733518549, 95, 21, 78, 0, 0, 0.06%, 9, 0, 8, 258.96
1733518554, 95, 39, 78, 0, 0, 0.06%, 9, 0, 8, 263.11
1733518559, 95, 66, 78, 0, 0, 0.06%, 9, 0, 8, 275.21
1733518565, 96, 11, 78, 0, 0, 0.06%, 9, 0, 8, 281.85
1733518570, 96, 13, 78, 0, 0, 0.06%, 9, 0, 8, 273.44
1733518575, 96, 14, 78, 0, 0, 0.06%, 9, 0, 8, 279.47
1733518580, 96, 17, 78, 0, 0, 0.06%, 9, 0, 8, 269.44
1733518585, 96, 19, 78, 0, 0, 0.06%, 9, 0, 8, 276.26
1733518590, 96, 21, 78, 0, 0, 0.06%, 9, 0, 8, 266.67
1733518595, 96, 23, 78, 0, 0, 0.06%, 9, 0, 8, 274.76
1733518600, 96, 39, 78, 0, 0, 0.06%, 9, 0, 8, 272.55
1733518605, 97, 5, 78, 0, 0, 0.06%, 9, 0, 8, 263.91
1733518610, 97, 12, 78, 0, 0, 0.06%, 9, 0, 8, 266.45
1733518615, 97, 14, 78, 0, 0, 0.06%, 9, 0, 8, 261.73
1733518620, 97, 17, 78, 0, 0, 0.06%, 9, 0, 8, 255.71
1733518625, 97, 21, 78, 0, 0, 0.06%, 9, 0, 8, 254.42
1733518631, 97, 45, 78, 0, 0, 0.06%, 9, 0, 8, 313.93
1733518636, 97, 47, 78, 0, 0, 0.06%, 9, 0, 8, 283.66
1733518641, 98, 11, 78, 0, 0, 0.06%, 9, 0, 8, 279.66
1733518646, 98, 13, 78, 0, 0, 0.06%, 9, 0, 8, 267.91
1733518651, 98, 15, 78, 0, 0, 0.06%, 9, 0, 8, 260.53
1733518656, 98, 17, 78, 0, 0, 0.06%, 9, 0, 8, 263.94
1733518661, 98, 21, 78, 0, 0, 0.06%, 9, 0, 8, 254.91
1733518666, 98, 36, 78, 0, 0, 0.06%, 9, 0, 8, 279.06
1733518671, 98, 62, 78, 0, 0, 0.06%, 9, 0, 8, 265.05
1733518676, 98, 69, 78, 0, 0, 0.06%, 9, 0, 8, 282.19
1733518681, 98, 71, 78, 0, 0, 0.06%, 9, 0, 8, 297.91
1733518686, 99, 11, 78, 0, 0, 0.06%, 9, 0, 8, 280.70
1733518691, 99, 13, 78, 0, 0, 0.06%, 9, 0, 8, 267.78
1733518696, 99, 14, 78, 0, 0, 0.06%, 9, 0, 8, 272.19
1733518701, 99, 17, 78, 0, 0, 0.06%, 9, 0, 8, 265.08
1733518707, 99, 21, 78, 0, 0, 0.06%, 9, 0, 8, 257.02
1733518712, 99, 35, 78, 0, 0, 0.06%, 9, 0, 8, 281.72
1733518717, 99, 69, 78, 0, 0, 0.06%, 9, 0, 8, 271.97
1733518722, 100, 11, 78, 0, 0, 0.06%, 9, 0, 8, 269.04
1733518727, 100, 13, 78, 0, 0, 0.06%, 9, 0, 8, 255.45
1733518732, 100, 16, 78, 0, 0, 0.06%, 9, 0, 8, 268.63
1733518737, 100, 18, 78, 0, 0, 0.06%, 9, 0, 8, 270.15
1733518742, 100, 21, 78, 0, 0, 0.06%, 9, 0, 8, 257.29
1733518747, 100, 56, 78, 0, 0, 0.06%, 9, 0, 8, 266.98
1733518752, 100, 60, 78, 0, 0, 0.06%, 9, 0, 8, 287.24
1733518757, 100, 69, 78, 0, 0, 0.06%, 9, 0, 8, 278.31
1733518762, 101, 12, 78, 0, 0, 0.06%, 9, 0, 8, 262.20
1733518767, 101, 14, 78, 0, 0, 0.06%, 9, 0, 8, 255.32
1733518773, 101, 17, 78, 0, 0, 0.06%, 9, 0, 8, 271.08
1733518778, 101, 21, 78, 0, 0, 0.06%, 9, 0, 8, 268.94
1733518783, 101, 45, 78, 0, 0, 0.06%, 9, 0, 8, 284.16
1733518788, 101, 49, 78, 0, 0, 0.06%, 9, 0, 8, 295.22
1733518793, 101, 55, 78, 0, 0, 0.06%, 9, 0, 8, 275.94
1733518798, 101, 68, 78, 0, 0, 0.06%, 9, 0, 8, 286.13
1733518803, 102, 11, 78, 0, 0, 0.06%, 9, 0, 8, 275.95
1733518808, 102, 12, 78, 0, 0, 0.06%, 9, 0, 8, 269.85
1733518813, 102, 14, 78, 0, 0, 0.06%, 9, 0, 8, 273.80
1733518818, 102, 17, 78, 0, 0, 0.06%, 9, 0, 8, 256.77
1733518823, 102, 21, 78, 0, 0, 0.06%, 9, 0, 8, 260.93
1733518828, 102, 35, 78, 0, 0, 0.06%, 9, 0, 8, 275.05
1733518833, 102, 38, 78, 0, 0, 0.06%, 9, 0, 8, 284.98
1733518838, 103, 9, 78, 0, 0, 0.06%, 9, 0, 8, 269.25
1733518844, 103, 12, 78, 0, 0, 0.06%, 9, 0, 8, 268.85
1733518849, 103, 14, 78, 0, 0, 0.06%, 9, 0, 8, 254.13
1733518854, 103, 17, 78, 0, 0, 0.06%, 9, 0, 8, 256.04
1733518859, 103, 19, 78, 0, 0, 0.06%, 9, 0, 8, 262.73
1733518864, 103, 21, 78, 0, 0, 0.06%, 9, 0, 8, 260.58
1733518869, 103, 33, 78, 0, 0, 0.06%, 9, 0, 8, 261.64
1733518874, 103, 38, 78, 0, 0, 0.06%, 9, 0, 8, 273.19
1733518879, 103, 42, 78, 0, 0, 0.06%, 9, 0, 8, 280.81
1733518884, 103, 75, 78, 0, 0, 0.06%, 9, 0, 8, 313.87
1733518894, 103, 76, 78, 0, 0, 0.06%, 9, 0, 8, 372.14
1733518910, 104, 11, 78, 0, 0, 0.06%, 9, 0, 8, 277.28
1733518915, 104, 13, 78, 0, 0, 0.06%, 9, 0, 8, 258.32
1733518920, 104, 16, 78, 0, 0, 0.06%, 9, 0, 8, 260.60
1733518925, 104, 17, 78, 0, 0, 0.06%, 9, 0, 8, 257.54
1733518930, 104, 21, 78, 0, 0, 0.06%, 9, 0, 8, 262.24
1733518935, 104, 30, 78, 0, 0, 0.06%, 9, 0, 8, 264.00
1733518940, 104, 31, 78, 0, 0, 0.06%, 9, 0, 8, 296.23
1733518945, 105, 11, 78, 0, 0, 0.06%, 9, 0, 8, 274.13
1733518950, 105, 13, 78, 0, 0, 0.06%, 9, 0, 8, 256.89
1733518955, 105, 16, 78, 0, 0, 0.06%, 9, 0, 8, 264.24
1733518960, 105, 18, 78, 0, 0, 0.06%, 9, 0, 8, 264.52
1733518965, 105, 21, 78, 0, 0, 0.06%, 9, 0, 8, 264.19
1733518971, 105, 37, 78, 0, 0, 0.06%, 9, 0, 8, 265.18
1733518976, 105, 58, 78, 0, 0, 0.06%, 9, 0, 8, 285.15
1733518981, 105, 59, 78, 0, 0, 0.06%, 9, 0, 8, 283.50
1733518986, 105, 76, 78, 0, 0, 0.06%, 9, 0, 8, 365.89
1733519001, 106, 11, 78, 0, 0, 0.06%, 9, 0, 8, 279.18
1733519006, 106, 13, 78, 0, 0, 0.06%, 9, 0, 8, 267.16
1733519011, 106, 16, 78, 0, 0, 0.06%, 9, 0, 8, 252.62
1733519016, 106, 18, 78, 0, 0, 0.06%, 9, 0, 8, 269.68
1733519021, 106, 19, 78, 0, 0, 0.06%, 9, 0, 8, 274.58
1733519027, 106, 21, 78, 0, 0, 0.06%, 9, 0, 8, 270.26
1733519032, 106, 28, 78, 0, 0, 0.06%, 9, 0, 8, 272.20
1733519037, 106, 30, 78, 0, 0, 0.06%, 9, 0, 8, 277.74
1733519042, 106, 64, 78, 0, 0, 0.06%, 9, 0, 8, 278.17
1733519047, 106, 72, 78, 0, 0, 0.06%, 9, 0, 8, 287.24
1733519052, 107, 12, 78, 0, 0, 0.06%, 9, 0, 8, 267.06
1733519057, 107, 13, 78, 0, 0, 0.06%, 9, 0, 8, 258.12
1733519062, 107, 16, 78, 0, 0, 0.06%, 9, 0, 8, 262.75
1733519067, 107, 18, 78, 0, 0, 0.06%, 9, 0, 8, 266.99
1733519073, 107, 21, 78, 0, 0, 0.06%, 9, 0, 8, 249.74
1733519078, 107, 34, 78, 0, 0, 0.06%, 9, 0, 8, 265.81
1733519083, 107, 36, 78, 0, 0, 0.06%, 9, 0, 8, 288.89
1733519088, 107, 40, 78, 0, 0, 0.06%, 9, 0, 8, 288.87
1733519093, 107, 55, 78, 0, 0, 0.06%, 9, 0, 8, 276.86
1733519098, 107, 63, 78, 0, 0, 0.06%, 9, 0, 8, 282.62
1733519103, 108, 12, 78, 0, 0, 0.06%, 9, 0, 8, 276.35
1733519108, 108, 14, 78, 0, 0, 0.06%, 9, 0, 8, 258.34
1733519113, 108, 16, 78, 0, 0, 0.06%, 9, 0, 8, 263.49
1733519118, 108, 18, 78, 0, 0, 0.06%, 9, 0, 8, 261.42
1733519123, 108, 21, 78, 0, 0, 0.06%, 9, 0, 8, 262.37
1733519128, 108, 26, 78, 0, 0, 0.06%, 9, 0, 8, 271.27
1733519133, 108, 55, 78, 0, 0, 0.06%, 9, 0, 8, 270.11
1733519138, 108, 75, 78, 0, 0, 0.06%, 9, 0, 8, 292.28
1733519143, 109, 11, 78, 0, 0, 0.06%, 9, 0, 8, 266.51
1733519148, 109, 13, 78, 0, 0, 0.06%, 9, 0, 8, 256.45
1733519153, 109, 16, 78, 0, 0, 0.06%, 9, 0, 8, 260.07
1733519158, 109, 18, 78, 0, 0, 0.06%, 9, 0, 8, 263.43
1733519163, 109, 21, 78, 0, 0, 0.06%, 9, 0, 8, 276.91
1733519168, 109, 39, 78, 0, 0, 0.06%, 9, 0, 8, 278.38
1733519174, 109, 40, 78, 0, 0, 0.06%, 9, 0, 8, 284.88
1733519179, 110, 11, 78, 0, 0, 0.06%, 9, 0, 8, 281.39
1733519184, 110, 13, 78, 0, 0, 0.06%, 9, 0, 8, 272.56
1733519189, 110, 16, 78, 0, 0, 0.06%, 9, 0, 8, 258.55
1733519194, 110, 18, 78, 0, 0, 0.06%, 9, 0, 8, 266.20
1733519199, 110, 21, 78, 0, 0, 0.06%, 9, 0, 8, 263.00
1733519204, 110, 37, 78, 0, 0, 0.06%, 9, 0, 8, 257.22
1733519209, 111, 12, 78, 0, 0, 0.06%, 9, 0, 8, 271.88
1733519214, 111, 14, 78, 0, 0, 0.06%, 9, 0, 8, 260.04
1733519219, 111, 17, 78, 0, 0, 0.06%, 9, 0, 8, 232.09
1733519224, 111, 21, 78, 0, 0, 0.06%, 9, 0, 8, 217.64
1733519234, 111, 37, 78, 0, 0, 0.06%, 9, 0, 8, 230.44
1733519239, 112, 12, 78, 0, 0, 0.06%, 9, 0, 8, 250.69
1733519245, 112, 14, 78, 0, 0, 0.06%, 9, 0, 8, 264.28
1733519250, 112, 17, 78, 0, 0, 0.06%, 9, 0, 8, 265.55
1733519255, 112, 21, 78, 0, 0, 0.06%, 9, 0, 8, 249.96
1733519260, 112, 28, 78, 0, 0, 0.06%, 9, 0, 8, 263.73
1733519265, 112, 35, 78, 0, 0, 0.06%, 9, 0, 8, 277.65
1733519270, 113, 6, 78, 0, 0, 0.06%, 9, 0, 8, 279.90
1733519275, 113, 12, 78, 0, 0, 0.06%, 9, 0, 8, 264.76
1733519280, 113, 14, 78, 0, 0, 0.06%, 9, 0, 8, 255.18
1733519285, 113, 17, 78, 0, 0, 0.06%, 9, 0, 8, 261.09
1733519290, 113, 21, 78, 0, 0, 0.06%, 9, 0, 8, 256.71
1733519295, 113, 28, 78, 0, 0, 0.06%, 9, 0, 8, 268.79
1733519301, 113, 35, 78, 0, 0, 0.06%, 9, 0, 8, 289.49
1733519306, 113, 57, 78, 0, 0, 0.06%, 9, 0, 8, 291.85
1733519311, 113, 71, 78, 0, 0, 0.06%, 9, 0, 8, 302.74
1733519316, 114, 11, 78, 0, 0, 0.06%, 9, 0, 8, 266.67
1733519321, 114, 13, 78, 0, 0, 0.06%, 9, 0, 8, 260.01
1733519326, 114, 16, 78, 0, 0, 0.06%, 9, 0, 8, 248.94
1733519331, 114, 18, 78, 0, 0, 0.06%, 9, 0, 8, 253.98
1733519336, 114, 21, 78, 0, 0, 0.06%, 9, 0, 8, 259.82
1733519341, 114, 27, 78, 0, 0, 0.06%, 9, 0, 8, 267.58
1733519346, 114, 42, 78, 0, 0, 0.06%, 9, 0, 8, 286.70
1733519351, 114, 52, 78, 0, 0, 0.06%, 9, 0, 8, 302.23
1733519356, 115, 12, 78, 0, 0, 0.06%, 9, 0, 8, 262.13
1733519362, 115, 14, 78, 0, 0, 0.06%, 9, 0, 8, 262.22
1733519367, 115, 17, 78, 0, 0, 0.06%, 9, 0, 8, 265.18
1733519372, 115, 21, 78, 0, 0, 0.06%, 9, 0, 8, 267.58
1733519377, 115, 33, 78, 0, 0, 0.06%, 9, 0, 8, 269.27
1733519382, 115, 38, 78, 0, 0, 0.06%, 9, 0, 8, 270.94
1733519387, 115, 47, 78, 0, 0, 0.06%, 9, 0, 8, 277.87
1733519397, 115, 65, 78, 0, 0, 0.06%, 9, 0, 8, 283.74
1733519402, 115, 68, 78, 0, 0, 0.06%, 9, 0, 8, 282.86
1733519407, 116, 11, 78, 0, 0, 0.06%, 9, 0, 8, 262.83
1733519412, 116, 13, 78, 0, 0, 0.06%, 9, 0, 8, 265.40
1733519417, 116, 16, 78, 0, 0, 0.06%, 9, 0, 8, 260.80
1733519423, 116, 18, 78, 0, 0, 0.06%, 9, 0, 8, 253.88
1733519428, 116, 21, 78, 0, 0, 0.06%, 9, 0, 8, 269.66
1733519433, 116, 34, 78, 0, 0, 0.06%, 9, 0, 8, 268.39
1733519438, 116, 43, 78, 0, 0, 0.06%, 9, 0, 8, 288.76
1733519443, 116, 49, 78, 0, 0, 0.06%, 9, 0, 8, 272.98
1733519448, 117, 11, 78, 0, 0, 0.06%, 9, 0, 8, 256.30
1733519453, 117, 13, 78, 0, 0, 0.06%, 9, 0, 8, 257.21
1733519458, 117, 16, 78, 0, 0, 0.06%, 9, 0, 8, 270.20
1733519463, 117, 18, 78, 0, 0, 0.06%, 9, 0, 8, 260.20
1733519468, 117, 21, 78, 0, 0, 0.06%, 9, 0, 8, 271.47
1733519473, 117, 28, 78, 0, 0, 0.06%, 9, 0, 8, 270.63
1733519478, 117, 49, 78, 0, 0, 0.06%, 9, 0, 8, 265.20
1733519483, 117, 60, 78, 0, 0, 0.06%, 9, 0, 8, 292.53
1733519488, 117, 71, 78, 0, 0, 0.06%, 9, 0, 8, 304.36
1733519493, 117, 74, 78, 0, 0, 0.06%, 9, 0, 8, 315.63
1733519509, 118, 11, 78, 0, 0, 0.06%, 9, 0, 8, 264.36
1733519514, 118, 13, 78, 0, 0, 0.06%, 9, 0, 8, 272.30
1733519519, 118, 15, 78, 0, 0, 0.06%, 9, 0, 8, 262.80
1733519524, 118, 17, 78, 0, 0, 0.06%, 9, 0, 8, 252.86
1733519529, 118, 19, 78, 0, 0, 0.06%, 9, 0, 8, 269.94
1733519534, 118, 21, 78, 0, 0, 0.06%, 9, 0, 8, 267.17
1733519539, 118, 31, 78, 0, 0, 0.06%, 9, 0, 8, 274.73
1733519544, 118, 32, 78, 0, 0, 0.06%, 9, 0, 8, 267.00
1733519550, 118, 33, 78, 0, 0, 0.06%, 9, 0, 8, 278.72
1733519555, 119, 11, 78, 0, 0, 0.06%, 9, 0, 8, 243.51
1733519560, 119, 13, 78, 0, 0, 0.06%, 9, 0, 8, 263.28
1733519565, 119, 14, 78, 0, 0, 0.06%, 9, 0, 8, 267.27
1733519570, 119, 17, 78, 0, 0, 0.06%, 9, 0, 8, 251.56
1733519575, 119, 21, 78, 0, 0, 0.06%, 9, 0, 8, 256.47
1733519580, 119, 36, 78, 0, 0, 0.06%, 9, 0, 8, 290.78
1733519585, 119, 52, 78, 0, 0, 0.06%, 9, 0, 8, 285.94
1733519590, 120, 11, 78, 0, 0, 0.06%, 9, 0, 8, 263.52
1733519595, 120, 13, 78, 0, 0, 0.06%, 9, 0, 8, 247.76
1733519600, 120, 16, 78, 0, 0, 0.06%, 9, 0, 8, 255.88
1733519606, 120, 18, 78, 0, 0, 0.06%, 9, 0, 8, 258.64
1733519611, 120, 21, 78, 0, 0, 0.06%, 9, 0, 8, 259.11
1733519616, 120, 58, 78, 0, 0, 0.06%, 9, 0, 8, 282.55
1733519621, 121, 12, 78, 0, 0, 0.06%, 9, 0, 8, 266.69
1733519626, 121, 14, 78, 0, 0, 0.06%, 9, 0, 8, 265.36
1733519631, 121, 17, 78, 0, 0, 0.06%, 9, 0, 8, 270.43
1733519636, 121, 21, 78, 0, 0, 0.06%, 9, 0, 8, 263.90
1733519641, 121, 43, 78, 0, 0, 0.06%, 9, 0, 8, 283.61
1733519651, 122, 11, 78, 0, 0, 0.06%, 9, 0, 8, 263.96
1733519656, 122, 13, 78, 0, 0, 0.06%, 9, 0, 8, 271.01
1733519661, 122, 16, 78, 0, 0, 0.06%, 9, 0, 8, 266.65
1733519666, 122, 18, 78, 0, 0, 0.06%, 9, 0, 8, 268.32
1733519671, 122, 21, 78, 0, 0, 0.06%, 9, 0, 8, 255.23
1733519676, 122, 39, 78, 0, 0, 0.06%, 9, 0, 8, 272.87
1733519681, 122, 75, 78, 0, 0, 0.06%, 9, 0, 8, 319.85
1733519686, 123, 11, 78, 0, 0, 0.06%, 9, 0, 8, 283.27
1733519691, 123, 13, 78, 0, 0, 0.06%, 9, 0, 8, 263.20
1733519697, 123, 14, 78, 0, 0, 0.06%, 9, 0, 8, 273.67
1733519702, 123, 17, 78, 0, 0, 0.06%, 9, 0, 8, 260.96
1733519707, 123, 21, 78, 0, 0, 0.06%, 9, 0, 8, 251.09
1733519712, 123, 22, 78, 0, 0, 0.06%, 9, 0, 8, 257.08
1733519717, 123, 61, 78, 0, 0, 0.06%, 9, 0, 8, 284.22
1733519722, 123, 68, 78, 0, 0, 0.06%, 9, 0, 8, 287.70
1733519727, 124, 11, 78, 0, 0, 0.06%, 9, 0, 8, 273.57
1733519732, 124, 13, 78, 0, 0, 0.06%, 9, 0, 8, 267.72
1733519737, 124, 16, 78, 0, 0, 0.06%, 9, 0, 8, 262.46
1733519742, 124, 18, 78, 0, 0, 0.06%, 9, 0, 8, 260.63
1733519747, 124, 19, 78, 0, 0, 0.06%, 9, 0, 8, 266.95
1733519752, 124, 21, 78, 0, 0, 0.06%, 9, 0, 8, 270.62
1733519757, 124, 44, 78, 0, 0, 0.06%, 9, 0, 8, 268.91
1733519762, 124, 77, 78, 0, 0, 0.06%, 9, 0, 8, 337.51
1733519783, 125, 12, 78, 0, 0, 0.06%, 9, 0, 8, 257.47
1733519788, 125, 14, 78, 0, 0, 0.06%, 9, 0, 8, 262.21
1733519793, 125, 17, 78, 0, 0, 0.06%, 9, 0, 8, 269.29
1733519798, 125, 21, 78, 0, 0, 0.06%, 9, 0, 8, 261.21
1733519803, 125, 75, 78, 0, 0, 0.06%, 9, 0, 8, 274.73
1733519814, 126, 11, 78, 0, 0, 0.06%, 9, 0, 8, 277.33
1733519819, 126, 13, 78, 0, 0, 0.06%, 9, 0, 8, 273.69
1733519824, 126, 16, 78, 0, 0, 0.06%, 9, 0, 8, 248.51
1733519829, 126, 18, 78, 0, 0, 0.06%, 9, 0, 8, 255.47
1733519834, 126, 21, 78, 0, 0, 0.06%, 9, 0, 8, 264.45
1733519839, 126, 34, 78, 0, 0, 0.06%, 9, 0, 8, 268.34
1733519844, 126, 45, 78, 0, 0, 0.06%, 9, 0, 8, 297.07
1733519849, 126, 52, 78, 0, 0, 0.06%, 9, 0, 8, 287.48
1733519854, 127, 12, 78, 0, 0, 0.06%, 9, 0, 8, 263.08
1733519859, 127, 14, 78, 0, 0, 0.06%, 9, 0, 8, 264.64
1733519864, 127, 16, 78, 0, 0, 0.06%, 9, 0, 8, 257.94
1733519870, 127, 18, 78, 0, 0, 0.06%, 9, 0, 8, 263.06
1733519875, 127, 20, 78, 0, 0, 0.06%, 9, 0, 8, 266.29
1733519880, 127, 21, 78, 0, 0, 0.06%, 9, 0, 8, 260.44
1733519885, 127, 59, 78, 0, 0, 0.06%, 9, 0, 8, 273.97
1733519890, 128, 12, 78, 0, 0, 0.06%, 9, 0, 8, 258.03
1733519895, 128, 13, 78, 0, 0, 0.06%, 9, 0, 8, 256.02
1733519900, 128, 16, 78, 0, 0, 0.06%, 9, 0, 8, 255.46
1733519905, 128, 18, 78, 0, 0, 0.06%, 9, 0, 8, 260.06
1733519910, 128, 21, 78, 0, 0, 0.06%, 9, 0, 8, 269.00
1733519915, 129, 12, 78, 0, 0, 0.06%, 9, 0, 8, 260.94
1733519920, 129, 14, 78, 0, 0, 0.06%, 9, 0, 8, 268.92
1733519925, 129, 17, 78, 0, 0, 0.06%, 9, 0, 8, 257.33
1733519930, 129, 21, 78, 0, 0, 0.06%, 9, 0, 8, 258.45
1733519935, 130, 11, 78, 0, 0, 0.06%, 9, 0, 8, 270.20
1733519940, 130, 13, 78, 0, 0, 0.06%, 9, 0, 8, 267.48
1733519945, 130, 16, 78, 0, 0, 0.06%, 9, 0, 8, 255.17
1733519950, 130, 18, 78, 0, 0, 0.06%, 9, 0, 8, 258.06
1733519956, 130, 21, 78, 0, 0, 0.06%, 9, 0, 8, 251.57
1733519961, 130, 34, 78, 0, 0, 0.06%, 9, 0, 8, 284.93
1733519966, 130, 35, 78, 0, 0, 0.06%, 9, 0, 8, 289.11
1733519971, 130, 48, 78, 0, 0, 0.06%, 9, 0, 8, 260.00
1733519976, 131, 12, 78, 0, 0, 0.06%, 9, 0, 8, 266.11
1733519981, 131, 13, 78, 0, 0, 0.06%, 9, 0, 8, 258.39
1733519986, 131, 16, 78, 0, 0, 0.06%, 9, 0, 8, 257.81
1733519991, 131, 18, 78, 0, 0, 0.06%, 9, 0, 8, 256.73
1733519996, 131, 21, 78, 0, 0, 0.06%, 9, 0, 8, 281.12
1733520006, 131, 27, 78, 0, 0, 0.06%, 9, 0, 8, 275.95
1733520012, 131, 51, 78, 0, 0, 0.06%, 9, 0, 8, 298.12
1733520017, 131, 54, 78, 0, 0, 0.06%, 9, 0, 8, 273.71
1733520022, 131, 72, 78, 0, 0, 0.06%, 9, 0, 8, 280.77
1733520027, 132, 12, 78, 0, 0, 0.06%, 9, 0, 8, 260.13
1733520032, 132, 13, 78, 0, 0, 0.06%, 9, 0, 8, 261.45
1733520037, 132, 16, 78, 0, 0, 0.06%, 9, 0, 8, 268.44
1733520042, 132, 18, 78, 0, 0, 0.06%, 9, 0, 8, 262.75
1733520047, 132, 21, 78, 0, 0, 0.06%, 9, 0, 8, 260.01
1733520052, 132, 36, 78, 0, 0, 0.06%, 9, 0, 8, 284.42
1733520057, 132, 50, 78, 0, 0, 0.06%, 9, 0, 8, 277.25
1733520062, 133, 12, 78, 0, 0, 0.06%, 9, 0, 8, 282.30
1733520067, 133, 14, 78, 0, 0, 0.06%, 9, 0, 8, 270.45
1733520072, 133, 17, 78, 0, 0, 0.06%, 9, 0, 8, 263.79
1733520077, 133, 21, 78, 0, 0, 0.06%, 9, 0, 8, 256.36
1733520082, 133, 31, 78, 0, 0, 0.06%, 9, 0, 8, 280.20
1733520088, 134, 11, 78, 0, 0, 0.06%, 9, 0, 8, 265.42
1733520093, 134, 13, 78, 0, 0, 0.06%, 9, 0, 8, 273.49
1733520098, 134, 14, 78, 0, 0, 0.06%, 9, 0, 8, 263.68
1733520103, 134, 17, 78, 0, 0, 0.06%, 9, 0, 8, 262.78
1733520108, 134, 21, 78, 0, 0, 0.06%, 9, 0, 8, 261.30
1733520113, 134, 40, 78, 0, 0, 0.06%, 9, 0, 8, 279.68
1733520118, 135, 11, 78, 0, 0, 0.06%, 9, 0, 8, 283.09
1733520123, 135, 13, 78, 0, 0, 0.06%, 9, 0, 8, 269.49
1733520128, 135, 16, 78, 0, 0, 0.06%, 9, 0, 8, 261.35
1733520133, 135, 18, 78, 0, 0, 0.06%, 9, 0, 8, 275.45
1733520138, 135, 21, 78, 0, 0, 0.06%, 9, 0, 8, 270.25
1733520143, 135, 29, 78, 0, 0, 0.06%, 9, 0, 8, 282.78
1733520148, 135, 35, 78, 0, 0, 0.06%, 9, 0, 8, 274.52
1733520153, 135, 51, 78, 0, 0, 0.06%, 9, 0, 8, 294.11
1733520159, 135, 56, 78, 0, 0, 0.06%, 9, 0, 8, 271.34
1733520164, 136, 12, 78, 0, 0, 0.06%, 9, 0, 8, 257.08
1733520169, 136, 14, 78, 0, 0, 0.06%, 9, 0, 8, 256.45
1733520174, 136, 17, 78, 0, 0, 0.06%, 9, 0, 8, 253.94
1733520179, 136, 21, 78, 0, 0, 0.06%, 9, 0, 8, 261.66
1733520184, 136, 75, 78, 0, 0, 0.06%, 9, 0, 8, 292.47
1733520194, 137, 12, 78, 0, 0, 0.06%, 9, 0, 8, 260.72
1733520199, 137, 14, 78, 0, 0, 0.06%, 9, 0, 8, 266.41
1733520204, 137, 17, 78, 0, 0, 0.06%, 9, 0, 8, 269.64
1733520209, 137, 21, 78, 0, 0, 0.06%, 9, 0, 8, 257.70
1733520214, 137, 58, 78, 0, 0, 0.06%, 9, 0, 8, 283.91
1733520219, 138, 11, 78, 0, 0, 0.06%, 9, 0, 8, 266.58
1733520224, 138, 13, 78, 0, 0, 0.06%, 9, 0, 8, 255.40
1733520229, 138, 16, 78, 0, 0, 0.06%, 9, 0, 8, 261.43
1733520234, 138, 18, 78, 0, 0, 0.06%, 9, 0, 8, 257.29
1733520240, 138, 21, 78, 0, 0, 0.06%, 9, 0, 8, 263.20
1733520245, 138, 39, 78, 0, 0, 0.06%, 9, 0, 8, 275.40
1733520250, 138, 40, 78, 0, 0, 0.06%, 9, 0, 8, 288.83
1733520255, 138, 58, 78, 0, 0, 0.06%, 9, 0, 8, 286.62
1733520260, 139, 11, 78, 0, 0, 0.06%, 9, 0, 8, 274.55
1733520265, 139, 13, 78, 0, 0, 0.06%, 9, 0, 8, 264.62
1733520270, 139, 16, 78, 0, 0, 0.06%, 9, 0, 8, 260.76
1733520275, 139, 17, 78, 0, 0, 0.06%, 9, 0, 8, 251.30
1733520280, 139, 21, 78, 0, 0, 0.06%, 9, 0, 8, 264.15
1733520285, 139, 40, 78, 0, 0, 0.06%, 9, 0, 8, 271.08
1733520290, 139, 50, 78, 0, 0, 0.06%, 9, 0, 8, 285.83
1733520296, 139, 77, 78, 0, 0, 0.06%, 9, 0, 8, 314.31
1733520316, 140, 12, 78, 0, 0, 0.06%, 9, 0, 8, 274.94
1733520321, 140, 14, 78, 0, 0, 0.06%, 9, 0, 8, 263.36
1733520326, 140, 17, 78, 0, 0, 0.06%, 9, 0, 8, 255.53
1733520331, 140, 21, 78, 0, 0, 0.06%, 9, 0, 8, 262.02
1733520337, 140, 35, 78, 0, 0, 0.06%, 9, 0, 8, 287.21
1733520342, 140, 76, 78, 0, 0, 0.06%, 9, 0, 8, 312.64
1733520362, 141, 11, 78, 0, 0, 0.06%, 9, 0, 8, 255.88
1733520367, 141, 13, 78, 0, 0, 0.06%, 9, 0, 8, 261.09
1733520372, 141, 16, 78, 0, 0, 0.06%, 9, 0, 8, 254.07
1733520377, 141, 18, 78, 0, 0, 0.06%, 9, 0, 8, 256.06
1733520383, 141, 21, 78, 0, 0, 0.06%, 9, 0, 8, 260.51
1733520388, 141, 37, 78, 0, 0, 0.06%, 9, 0, 8, 261.41
1733520393, 141, 44, 78, 0, 0, 0.06%, 9, 0, 8, 257.67
1733520398, 141, 61, 78, 0, 0, 0.06%, 9, 0, 8, 286.37
1733520403, 141, 64, 78, 0, 0, 0.06%, 9, 0, 8, 287.61
1733520408, 142, 11, 78, 0, 0, 0.06%, 9, 0, 8, 268.12
1733520413, 142, 13, 78, 0, 0, 0.06%, 9, 0, 8, 265.85
1733520418, 142, 16, 78, 0, 0, 0.06%, 9, 0, 8, 267.81
1733520423, 142, 18, 78, 0, 0, 0.06%, 9, 0, 8, 264.98
1733520428, 142, 21, 78, 0, 0, 0.06%, 9, 0, 8, 258.44
1733520433, 142, 36, 78, 0, 0, 0.06%, 9, 0, 8, 270.50
1733520438, 142, 61, 78, 0, 0, 0.06%, 9, 0, 8, 270.55
1733520443, 143, 11, 78, 0, 0, 0.06%, 9, 0, 8, 267.82
1733520448, 143, 13, 78, 0, 0, 0.06%, 9, 0, 8, 255.93
1733520454, 143, 16, 78, 0, 0, 0.06%, 9, 0, 8, 252.26
1733520459, 143, 18, 78, 0, 0, 0.06%, 9, 0, 8, 261.18
1733520464, 143, 21, 78, 0, 0, 0.06%, 9, 0, 8, 246.87
1733520469, 143, 30, 78, 0, 0, 0.06%, 9, 0, 8, 266.21
1733520474, 143, 43, 78, 0, 0, 0.06%, 9, 0, 8, 274.12
1733520479, 143, 59, 78, 0, 0, 0.06%, 9, 0, 8, 266.57
1733520489, 143, 62, 78, 0, 0, 0.06%, 9, 0, 8, 269.01
1733520494, 143, 69, 78, 0, 0, 0.06%, 9, 0, 8, 277.15
1733520499, 143, 76, 78, 0, 0, 0.06%, 9, 0, 8, 304.78
1733520510, 144, 13, 78, 0, 0, 0.06%, 9, 0, 8, 270.18
1733520515, 144, 16, 78, 0, 0, 0.06%, 9, 0, 8, 270.84
1733520520, 144, 17, 78, 0, 0, 0.06%, 9, 0, 8, 271.51
1733520525, 144, 21, 78, 0, 0, 0.06%, 9, 0, 8, 256.98
1733520530, 144, 28, 78, 0, 0, 0.06%, 9, 0, 8, 276.35
1733520535, 144, 29, 78, 0, 0, 0.06%, 9, 0, 8, 273.18
1733520540, 144, 32, 78, 0, 0, 0.06%, 9, 0, 8, 278.02
1733520546, 144, 39, 78, 0, 0, 0.06%, 9, 0, 8, 275.89
1733520551, 145, 11, 78, 0, 0, 0.06%, 9, 0, 8, 265.79
1733520556, 145, 13, 78, 0, 0, 0.06%, 9, 0, 8, 281.13
1733520561, 145, 16, 78, 0, 0, 0.06%, 9, 0, 8, 266.00
1733520566, 145, 18, 78, 0, 0, 0.06%, 9, 0, 8, 266.53
1733520571, 145, 21, 78, 0, 0, 0.06%, 9, 0, 8, 266.37
1733520576, 145, 27, 78, 0, 0, 0.06%, 9, 0, 8, 287.78
1733520581, 145, 53, 78, 0, 0, 0.06%, 9, 0, 8, 305.11
1733520586, 146, 11, 78, 0, 0, 0.06%, 9, 0, 8, 282.43
1733520591, 146, 13, 78, 0, 0, 0.06%, 9, 0, 8, 269.27
1733520597, 146, 14, 78, 0, 0, 0.06%, 9, 0, 8, 263.04
1733520602, 146, 17, 78, 0, 0, 0.06%, 9, 0, 8, 268.38
1733520607, 146, 21, 78, 0, 0, 0.06%, 9, 0, 8, 253.51
1733520612, 146, 24, 78, 0, 0, 0.06%, 9, 0, 8, 265.97
1733520617, 146, 37, 78, 0, 0, 0.06%, 9, 0, 8, 259.11
1733520622, 146, 73, 78, 0, 0, 0.06%, 9, 0, 8, 273.96
1733520627, 147, 11, 78, 0, 0, 0.06%, 9, 0, 8, 255.57
1733520632, 147, 13, 78, 0, 0, 0.06%, 9, 0, 8, 257.67
1733520637, 147, 16, 78, 0, 0, 0.06%, 9, 0, 8, 264.75
1733520642, 147, 17, 78, 0, 0, 0.06%, 9, 0, 8, 254.25
1733520647, 147, 19, 78, 0, 0, 0.06%, 9, 0, 8, 264.40
1733520652, 147, 21, 78, 0, 0, 0.06%, 9, 0, 8, 260.07
1733520657, 147, 77, 78, 0, 0, 0.06%, 9, 0, 8, 321.54
1733520678, 148, 12, 78, 0, 0, 0.06%, 9, 0, 8, 266.86
1733520683, 148, 14, 78, 0, 0, 0.06%, 9, 0, 8, 263.98
1733520688, 148, 17, 78, 0, 0, 0.06%, 9, 0, 8, 259.22
1733520693, 148, 21, 78, 0, 0, 0.06%, 9, 0, 8, 256.42
1733520698, 148, 27, 78, 0, 0, 0.06%, 9, 0, 8, 266.48
1733520703, 148, 32, 78, 0, 0, 0.06%, 9, 0, 8, 280.67
1733520708, 148, 34, 78, 0, 0, 0.06%, 9, 0, 8, 283.55
1733520713, 148, 55, 78, 0, 0, 0.06%, 9, 0, 8, 265.29
1733520718, 148, 61, 78, 0, 0, 0.06%, 9, 0, 8, 276.39
1733520723, 148, 68, 78, 0, 0, 0.06%, 9, 0, 8, 282.00
1733520728, 149, 0, 78, 0, 0, 0.06%, 9, 0, 8, 269.60
1733520733, 149, 12, 78, 0, 0, 0.06%, 9, 0, 8, 271.97
1733520738, 149, 14, 78, 0, 0, 0.06%, 9, 0, 8, 257.68
1733520744, 149, 16, 78, 0, 0, 0.06%, 9, 0, 8, 269.18
1733520749, 149, 19, 78, 0, 0, 0.06%, 9, 0, 8, 269.60
1733520754, 149, 21, 78, 0, 0, 0.06%, 9, 0, 8, 276.66
1733520764, 149, 43, 78, 0, 0, 0.06%, 9, 0, 8, 271.38
1733520769, 149, 54, 78, 0, 0, 0.06%, 9, 0, 8, 279.40
1733520774, 149, 75, 78, 0, 0, 0.06%, 9, 0, 8, 308.75
1733520784, 150, 12, 78, 0, 0, 0.06%, 9, 0, 8, 269.89
1733520789, 150, 14, 78, 0, 0, 0.06%, 9, 0, 8, 256.69
1733520794, 150, 17, 78, 0, 0, 0.06%, 9, 0, 8, 260.01
1733520799, 150, 21, 78, 0, 0, 0.06%, 9, 0, 8, 254.69
1733520804, 150, 23, 78, 0, 0, 0.06%, 9, 0, 8, 270.57
1733520809, 150, 47, 78, 0, 0, 0.06%, 9, 0, 8, 275.33
1733520814, 151, 6, 78, 0, 0, 0.06%, 9, 0, 8, 281.85
1733520819, 151, 12, 78, 0, 0, 0.06%, 9, 0, 8, 262.38
1733520825, 151, 14, 78, 0, 0, 0.06%, 9, 0, 8, 252.98
1733520830, 151, 17, 78, 0, 0, 0.06%, 9, 0, 8, 267.14
1733520835, 151, 21, 78, 0, 0, 0.06%, 9, 0, 8, 260.08
1733520840, 151, 24, 78, 0, 0, 0.06%, 9, 0, 8, 263.37
1733520845, 151, 72, 78, 0, 0, 0.06%, 9, 0, 8, 276.80
1733520850, 152, 11, 78, 0, 0, 0.06%, 9, 0, 8, 281.86
1733520855, 152, 13, 78, 0, 0, 0.06%, 9, 0, 8, 269.98
1733520860, 152, 16, 78, 0, 0, 0.06%, 9, 0, 8, 269.38
1733520865, 152, 17, 78, 0, 0, 0.06%, 9, 0, 8, 270.93
1733520870, 152, 21, 78, 0, 0, 0.06%, 9, 0, 8, 259.83
1733520875, 152, 27, 78, 0, 0, 0.06%, 9, 0, 8, 267.38
1733520880, 152, 46, 78, 0, 0, 0.06%, 9, 0, 8, 277.05
1733520885, 152, 52, 78, 0, 0, 0.06%, 9, 0, 8, 295.62
1733520890, 153, 11, 78, 0, 0, 0.06%, 9, 0, 8, 260.78
1733520895, 153, 13, 78, 0, 0, 0.06%, 9, 0, 8, 257.34
1733520900, 153, 16, 78, 0, 0, 0.06%, 9, 0, 8, 256.48
1733520905, 153, 18, 78, 0, 0, 0.06%, 9, 0, 8, 260.73
1733520910, 153, 21, 78, 0, 0, 0.06%, 9, 0, 8, 253.55
1733520916, 153, 24, 78, 0, 0, 0.06%, 9, 0, 8, 269.98
1733520921, 153, 27, 78, 0, 0, 0.06%, 9, 0, 8, 260.28
1733520926, 153, 45, 78, 0, 0, 0.06%, 9, 0, 8, 304.47
1733520931, 153, 56, 78, 0, 0, 0.06%, 9, 0, 8, 287.80
1733520936, 154, 11, 78, 0, 0, 0.06%, 9, 0, 8, 278.89
1733520941, 154, 13, 78, 0, 0, 0.06%, 9, 0, 8, 259.97
1733520946, 154, 14, 78, 0, 0, 0.06%, 9, 0, 8, 268.79
1733520951, 154, 17, 78, 0, 0, 0.06%, 9, 0, 8, 258.85
1733520956, 154, 21, 78, 0, 0, 0.06%, 9, 0, 8, 253.45
1733520961, 154, 28, 78, 0, 0, 0.06%, 9, 0, 8, 277.14
1733520966, 154, 32, 78, 0, 0, 0.06%, 9, 0, 8, 267.64
1733520971, 154, 48, 78, 0, 0, 0.06%, 9, 0, 8, 270.33
1733520976, 154, 61, 78, 0, 0, 0.06%, 9, 0, 8, 268.98
1733520981, 154, 68, 78, 0, 0, 0.06%, 9, 0, 8, 277.01
1733520986, 155, 11, 78, 0, 0, 0.06%, 9, 0, 8, 262.90
1733520991, 155, 13, 78, 0, 0, 0.06%, 9, 0, 8, 272.34
1733520997, 155, 14, 78, 0, 0, 0.06%, 9, 0, 8, 265.94
1733521002, 155, 17, 78, 0, 0, 0.06%, 9, 0, 8, 268.10
1733521007, 155, 21, 78, 0, 0, 0.06%, 9, 0, 8, 263.00
1733521012, 155, 65, 78, 0, 0, 0.06%, 9, 0, 8, 286.78
1733521017, 155, 68, 78, 0, 0, 0.06%, 9, 0, 8, 287.23
1733521022, 156, 11, 78, 0, 0, 0.06%, 9, 0, 8, 257.98
1733521027, 156, 13, 78, 0, 0, 0.06%, 9, 0, 8, 255.05
1733521032, 156, 15, 78, 0, 0, 0.06%, 9, 0, 8, 262.41
1733521037, 156, 17, 78, 0, 0, 0.06%, 9, 0, 8, 263.26
1733521042, 156, 21, 78, 0, 0, 0.06%, 9, 0, 8, 263.55
1733521047, 156, 41, 78, 0, 0, 0.06%, 9, 0, 8, 273.38
1733521057, 156, 60, 78, 0, 0, 0.06%, 9, 0, 8, 277.35
1733521063, 156, 65, 78, 0, 0, 0.06%, 9, 0, 8, 275.34
1733521068, 156, 73, 78, 0, 0, 0.06%, 9, 0, 8, 278.26
1733521073, 157, 12, 78, 0, 0, 0.06%, 9, 0, 8, 269.12
1733521078, 157, 14, 78, 0, 0, 0.06%, 9, 0, 8, 256.28
1733521083, 157, 16, 78, 0, 0, 0.06%, 9, 0, 8, 263.07
1733521088, 157, 19, 78, 0, 0, 0.06%, 9, 0, 8, 266.87
1733521098, 157, 21, 78, 0, 0, 0.06%, 9, 0, 8, 263.87
1733521103, 157, 34, 78, 0, 0, 0.06%, 9, 0, 8, 269.64
1733521108, 157, 72, 78, 0, 0, 0.06%, 9, 0, 8, 267.45
1733521113, 158, 12, 78, 0, 0, 0.06%, 9, 0, 8, 264.00
1733521118, 158, 14, 78, 0, 0, 0.06%, 9, 0, 8, 253.89
1733521124, 158, 17, 78, 0, 0, 0.06%, 9, 0, 8, 280.01
1733521129, 158, 21, 78, 0, 0, 0.06%, 9, 0, 8, 269.03
1733521134, 158, 28, 78, 0, 0, 0.06%, 9, 0, 8, 282.32
1733521139, 158, 64, 78, 0, 0, 0.06%, 9, 0, 8, 286.42
1733521144, 158, 70, 78, 0, 0, 0.06%, 9, 0, 8, 307.51
1733521149, 159, 11, 78, 0, 0, 0.06%, 9, 0, 8, 274.38
1733521154, 159, 12, 78, 0, 0, 0.06%, 9, 0, 8, 269.42
1733521159, 159, 14, 78, 0, 0, 0.06%, 9, 0, 8, 273.06
1733521164, 159, 17, 78, 0, 0, 0.06%, 9, 0, 8, 265.38
1733521169, 159, 21, 78, 0, 0, 0.06%, 9, 0, 8, 244.24
1733521174, 159, 23, 78, 0, 0, 0.06%, 9, 0, 8, 269.65
1733521179, 159, 42, 78, 0, 0, 0.06%, 9, 0, 8, 292.76
1733521184, 159, 43, 78, 0, 0, 0.06%, 9, 0, 8, 290.95
1733521194, 159, 54, 78, 0, 0, 0.06%, 9, 0, 8, 282.01
1733521199, 159, 75, 78, 0, 0, 0.06%, 9, 0, 8, 296.18
1733521204, 160, 11, 78, 0, 0, 0.06%, 9, 0, 8, 277.49
1733521210, 160, 13, 78, 0, 0, 0.06%, 9, 0, 8, 263.58
1733521215, 160, 16, 78, 0, 0, 0.06%, 9, 0, 8, 257.60
1733521220, 160, 18, 78, 0, 0, 0.06%, 9, 0, 8, 260.90
1733521225, 160, 21, 78, 0, 0, 0.06%, 9, 0, 8, 267.72
1733521230, 160, 64, 78, 0, 0, 0.06%, 9, 0, 8, 300.93
1733521235, 160, 65, 78, 0, 0, 0.06%, 9, 0, 8, 278.41
1733521240, 160, 70, 78, 0, 0, 0.06%, 9, 0, 8, 281.31
1733521245, 160, 72, 78, 0, 0, 0.06%, 9, 0, 8, 280.69
1733521250, 161, 12, 78, 0, 0, 0.06%, 9, 0, 8, 271.09
1733521255, 161, 14, 78, 0, 0, 0.06%, 9, 0, 8, 265.20
1733521260, 161, 16, 78, 0, 0, 0.06%, 9, 0, 8, 261.87
1733521265, 161, 21, 78, 0, 0, 0.06%, 9, 0, 8, 265.29
1733521270, 161, 32, 78, 0, 0, 0.06%, 9, 0, 8, 264.37
1733521276, 161, 58, 78, 0, 0, 0.06%, 9, 0, 8, 271.92
1733521281, 161, 63, 78, 0, 0, 0.06%, 9, 0, 8, 277.31
1733521286, 162, 0, 78, 0, 0, 0.06%, 9, 0, 8, 291.72
1733521291, 162, 12, 78, 0, 0, 0.06%, 9, 0, 8, 269.45
1733521296, 162, 14, 78, 0, 0, 0.06%, 9, 0, 8, 267.01
1733521301, 162, 17, 78, 0, 0, 0.06%, 9, 0, 8, 266.51
1733521306, 162, 19, 78, 0, 0, 0.06%, 9, 0, 8, 274.70
1733521311, 162, 20, 78, 0, 0, 0.06%, 9, 0, 8, 276.01
1733521316, 162, 21, 78, 0, 0, 0.06%, 9, 0, 8, 269.07
1733521321, 162, 29, 78, 0, 0, 0.06%, 9, 0, 8, 278.28
1733521326, 162, 33, 78, 0, 0, 0.06%, 9, 0, 8, 285.00
1733521331, 162, 48, 78, 0, 0, 0.06%, 9, 0, 8, 282.45
1733521336, 163, 11, 78, 0, 0, 0.06%, 9, 0, 8, 276.00
1733521341, 163, 13, 78, 0, 0, 0.06%, 9, 0, 8, 269.50
1733521347, 163, 16, 78, 0, 0, 0.06%, 9, 0, 8, 260.30
1733521352, 163, 17, 79, 1, 0, 0.06%, 9, 0, 8, 264.10
1733521357, 163, 21, 79, 1, 0, 0.06%, 9, 0, 8, 257.69
1733521362, 163, 45, 79, 1, 0, 0.06%, 9, 0, 8, 308.19
1733521367, 163, 56, 79, 1, 0, 0.06%, 9, 0, 8, 290.23
1733521372, 163, 70, 79, 1, 0, 0.06%, 9, 0, 8, 289.94
1733521377, 164, 12, 79, 1, 0, 0.06%, 9, 0, 8, 272.91
1733521382, 164, 13, 79, 1, 0, 0.06%, 9, 0, 8, 263.43
1733521387, 164, 16, 79, 1, 0, 0.06%, 9, 0, 8, 261.25
1733521393, 164, 18, 79, 1, 0, 0.06%, 9, 0, 8, 276.09
1733521398, 164, 27, 79, 1, 0, 0.06%, 9, 0, 8, 282.67
1733521408, 164, 40, 79, 1, 0, 0.06%, 9, 0, 8, 275.41
1733521413, 164, 52, 79, 1, 0, 0.06%, 9, 0, 8, 302.21
1733521418, 164, 55, 79, 1, 0, 0.06%, 9, 0, 8, 291.12
1733521423, 164, 60, 79, 1, 0, 0.06%, 9, 0, 8, 296.28
1733521428, 164, 66, 79, 1, 0, 0.06%, 9, 0, 8, 277.18
1733521433, 165, 11, 79, 1, 0, 0.06%, 9, 0, 8, 264.14
1733521438, 165, 13, 79, 1, 0, 0.06%, 9, 0, 8, 266.63
1733521443, 165, 16, 79, 1, 0, 0.06%, 9, 0, 8, 256.45
1733521449, 165, 18, 79, 1, 0, 0.06%, 9, 0, 8, 267.38
1733521454, 165, 21, 79, 1, 0, 0.06%, 9, 0, 8, 246.45
1733521459, 165, 44, 79, 1, 0, 0.06%, 9, 0, 8, 269.56
1733521464, 165, 56, 79, 1, 0, 0.06%, 9, 0, 8, 289.19
1733521469, 165, 61, 79, 1, 0, 0.06%, 9, 0, 8, 274.12
1733521474, 166, 11, 79, 1, 0, 0.06%, 9, 0, 8, 260.56
1733521479, 166, 13, 79, 1, 0, 0.06%, 9, 0, 8, 262.73
1733521484, 166, 16, 79, 1, 0, 0.06%, 9, 0, 8, 265.71
1733521489, 166, 18, 79, 1, 0, 0.06%, 9, 0, 8, 260.72
1733521494, 166, 19, 79, 1, 0, 0.06%, 9, 0, 8, 284.76
1733521499, 166, 38, 79, 1, 0, 0.06%, 9, 0, 8, 282.98
1733521504, 166, 39, 79, 1, 0, 0.06%, 9, 0, 8, 281.82
1733521514, 166, 44, 79, 1, 0, 0.06%, 9, 0, 8, 272.87
1733521519, 166, 47, 79, 1, 0, 0.06%, 9, 0, 8, 275.17
1733521524, 166, 64, 79, 1, 0, 0.06%, 9, 0, 8, 280.96
1733521529, 166, 78, 79, 1, 0, 0.06%, 9, 0, 8, 325.14
1733521545, 166, 78, 80, 2, 0, 0.06%, 9, 0, 8, 427.54
1733522006, 166, 79, 80, 1, 0, 0.06%, 9, 0, 8, 222.62
1733522487, 167, 11, 80, 0, 0, 0.06%, 9, 0, 8, 260.76
1733522492, 167, 13, 80, 0, 0, 0.06%, 9, 0, 8, 274.98
1733522497, 167, 15, 80, 0, 0, 0.06%, 9, 0, 8, 268.40
1733522503, 167, 17, 80, 0, 0, 0.06%, 9, 0, 8, 254.69
1733522508, 167, 21, 80, 0, 0, 0.06%, 9, 0, 8, 249.57
1733522513, 167, 26, 80, 0, 0, 0.06%, 9, 0, 8, 259.72
1733522518, 167, 33, 80, 0, 0, 0.06%, 9, 0, 8, 264.73
1733522523, 168, 4, 80, 0, 0, 0.06%, 9, 0, 8, 271.24
1733522528, 168, 12, 80, 0, 0, 0.06%, 9, 0, 8, 275.76
1733522533, 168, 14, 80, 0, 0, 0.06%, 9, 0, 8, 265.41
1733522538, 168, 17, 80, 0, 0, 0.06%, 9, 0, 8, 260.68
1733522543, 168, 21, 80, 0, 0, 0.06%, 9, 0, 8, 262.57
1733522548, 168, 22, 80, 0, 0, 0.06%, 9, 0, 8, 264.33
1733522553, 168, 25, 80, 0, 0, 0.06%, 9, 0, 8, 258.52
1733522558, 168, 39, 80, 0, 0, 0.06%, 9, 0, 8, 281.78
1733522563, 168, 48, 80, 0, 0, 0.06%, 9, 0, 8, 266.20
1733522568, 168, 57, 80, 0, 0, 0.06%, 9, 0, 8, 273.25
1733522573, 169, 11, 80, 0, 0, 0.06%, 9, 0, 8, 270.96
1733522578, 169, 13, 80, 0, 0, 0.06%, 9, 0, 8, 272.34
1733522583, 169, 16, 80, 0, 0, 0.06%, 9, 0, 8, 262.00
1733522588, 169, 17, 80, 0, 0, 0.06%, 9, 0, 8, 258.00
1733522594, 169, 21, 80, 0, 0, 0.06%, 9, 0, 8, 248.33
1733522599, 169, 33, 80, 0, 0, 0.06%, 9, 0, 8, 268.86
1733522604, 169, 38, 80, 0, 0, 0.06%, 9, 0, 8, 281.75
1733522609, 169, 57, 80, 0, 0, 0.06%, 9, 0, 8, 282.79
1733522614, 169, 76, 80, 0, 0, 0.06%, 9, 0, 8, 324.93
1733522624, 170, 11, 80, 0, 0, 0.06%, 9, 0, 8, 259.67
1733522629, 170, 13, 80, 0, 0, 0.06%, 9, 0, 8, 272.55
1733522634, 170, 16, 80, 0, 0, 0.06%, 9, 0, 8, 262.35
1733522639, 170, 17, 80, 0, 0, 0.06%, 9, 0, 8, 265.65
1733522645, 170, 20, 80, 0, 0, 0.06%, 9, 0, 8, 273.10
1733522650, 170, 21, 80, 0, 0, 0.06%, 9, 0, 8, 263.11
1733522655, 171, 12, 80, 0, 0, 0.06%, 9, 0, 8, 262.25
1733522660, 171, 14, 80, 0, 0, 0.06%, 9, 0, 8, 269.40
1733522665, 171, 17, 80, 0, 0, 0.06%, 9, 0, 8, 271.45
1733522670, 171, 21, 80, 0, 0, 0.06%, 9, 0, 8, 259.12
1733522675, 171, 64, 80, 0, 0, 0.06%, 9, 0, 8, 249.18
1733522685, 172, 11, 80, 0, 0, 0.06%, 9, 0, 8, 266.75
1733522690, 172, 13, 80, 0, 0, 0.06%, 9, 0, 8, 258.96
1733522695, 172, 16, 80, 0, 0, 0.06%, 9, 0, 8, 265.34
1733522700, 172, 17, 80, 0, 0, 0.06%, 9, 0, 8, 268.34
1733522705, 172, 21, 80, 0, 0, 0.06%, 9, 0, 8, 258.56
1733522710, 172, 55, 80, 0, 0, 0.06%, 9, 0, 8, 280.44
1733522715, 173, 8, 80, 0, 0, 0.06%, 9, 0, 8, 264.88
1733522720, 173, 12, 80, 0, 0, 0.06%, 9, 0, 8, 264.51
1733522725, 173, 14, 80, 0, 0, 0.06%, 9, 0, 8, 259.12
1733522730, 173, 17, 80, 0, 0, 0.06%, 9, 0, 8, 254.10
1733522735, 173, 21, 80, 0, 0, 0.06%, 9, 0, 8, 243.39
1733522740, 173, 27, 80, 0, 0, 0.06%, 9, 0, 8, 257.59
1733522745, 173, 30, 80, 0, 0, 0.06%, 9, 0, 8, 264.11
1733522751, 173, 42, 80, 0, 0, 0.06%, 9, 0, 8, 277.34
1733522756, 173, 43, 80, 0, 0, 0.06%, 9, 0, 8, 284.88
1733522766, 173, 69, 80, 0, 0, 0.06%, 9, 0, 8, 269.36
1733522771, 174, 11, 80, 0, 0, 0.06%, 9, 0, 8, 266.26
1733522776, 174, 14, 80, 0, 0, 0.06%, 9, 0, 8, 276.23
1733522781, 174, 16, 80, 0, 0, 0.06%, 9, 0, 8, 278.17
1733522786, 174, 21, 80, 0, 0, 0.06%, 9, 0, 8, 265.87
1733522791, 174, 43, 80, 0, 0, 0.06%, 9, 0, 8, 259.11
1733522801, 175, 11, 80, 0, 0, 0.06%, 9, 0, 8, 271.57
1733522806, 175, 13, 80, 0, 0, 0.06%, 9, 0, 8, 254.82
1733522811, 175, 16, 80, 0, 0, 0.06%, 9, 0, 8, 273.25
1733522817, 175, 18, 80, 0, 0, 0.06%, 9, 0, 8, 272.33
1733522822, 175, 21, 80, 0, 0, 0.06%, 9, 0, 8, 264.67
1733522827, 175, 38, 80, 0, 0, 0.06%, 9, 0, 8, 273.42
1733522832, 175, 39, 80, 0, 0, 0.06%, 9, 0, 8, 276.93
1733522837, 175, 77, 80, 0, 0, 0.06%, 9, 0, 8, 325.25
1733522857, 176, 12, 80, 0, 0, 0.06%, 9, 0, 8, 266.42
1733522862, 176, 14, 80, 0, 0, 0.06%, 9, 0, 8, 263.81
1733522867, 176, 17, 80, 0, 0, 0.06%, 9, 0, 8, 266.31
1733522872, 176, 20, 80, 0, 0, 0.06%, 9, 0, 8, 266.81
1733522877, 176, 21, 80, 0, 0, 0.06%, 9, 0, 8, 272.38
1733522882, 176, 29, 80, 0, 0, 0.06%, 9, 0, 8, 262.60
1733522892, 176, 30, 80, 0, 0, 0.06%, 9, 0, 8, 267.11
1733522897, 176, 71, 80, 0, 0, 0.06%, 9, 0, 8, 305.16
1733522903, 177, 12, 80, 0, 0, 0.06%, 9, 0, 8, 284.86
1733522908, 177, 14, 80, 0, 0, 0.06%, 9, 0, 8, 257.31
1733522913, 177, 17, 80, 0, 0, 0.06%, 9, 0, 8, 262.39
1733522918, 177, 21, 80, 0, 0, 0.06%, 9, 0, 8, 254.62
1733522923, 177, 27, 80, 0, 0, 0.06%, 9, 0, 8, 271.60
1733522928, 177, 28, 80, 0, 0, 0.06%, 9, 0, 8, 265.85
1733522933, 177, 60, 80, 0, 0, 0.06%, 9, 0, 8, 292.37
1733522938, 178, 11, 80, 0, 0, 0.06%, 9, 0, 8, 282.28
1733522943, 178, 12, 80, 0, 0, 0.06%, 9, 0, 8, 268.74
1733522948, 178, 14, 80, 0, 0, 0.06%, 9, 0, 8, 269.67
1733522953, 178, 17, 80, 0, 0, 0.06%, 9, 0, 8, 249.79
1733522958, 178, 21, 80, 0, 0, 0.06%, 9, 0, 8, 257.85
1733522964, 178, 22, 80, 0, 0, 0.06%, 9, 0, 8, 263.43
1733522969, 178, 61, 80, 0, 0, 0.06%, 9, 0, 8, 270.36
1733522974, 178, 64, 80, 0, 0, 0.06%, 9, 0, 8, 282.05
1733522979, 179, 4, 80, 0, 0, 0.06%, 9, 0, 8, 273.20
1733522984, 179, 12, 80, 0, 0, 0.06%, 9, 0, 8, 261.56
1733522989, 179, 14, 80, 0, 0, 0.06%, 9, 0, 8, 251.28
1733522994, 179, 17, 80, 0, 0, 0.06%, 9, 0, 8, 252.05
1733522999, 179, 21, 80, 0, 0, 0.06%, 9, 0, 8, 254.04
1733523004, 179, 28, 80, 0, 0, 0.06%, 9, 0, 8, 260.51
1733523009, 179, 38, 80, 0, 0, 0.06%, 9, 0, 8, 282.87
1733523014, 180, 10, 80, 0, 0, 0.06%, 9, 0, 8, 280.99
1733523019, 180, 11, 80, 0, 0, 0.06%, 9, 0, 8, 273.22
1733523024, 180, 13, 80, 0, 0, 0.06%, 9, 0, 8, 282.97
1733523029, 180, 16, 80, 0, 0, 0.06%, 9, 0, 8, 260.98
1733523034, 180, 18, 80, 0, 0, 0.06%, 9, 0, 8, 269.52
1733523040, 180, 21, 80, 0, 0, 0.06%, 9, 0, 8, 279.19
1733523045, 180, 39, 80, 0, 0, 0.06%, 9, 0, 8, 271.60
1733523050, 180, 52, 80, 0, 0, 0.06%, 9, 0, 8, 282.16
1733523055, 180, 62, 80, 0, 0, 0.06%, 9, 0, 8, 272.98
1733523060, 181, 12, 80, 0, 0, 0.06%, 9, 0, 8, 258.34
1733523065, 181, 14, 80, 0, 0, 0.06%, 9, 0, 8, 259.91
1733523070, 181, 16, 80, 0, 0, 0.06%, 9, 0, 8, 262.16
1733523075, 181, 21, 80, 0, 0, 0.06%, 9, 0, 8, 270.66
1733523080, 181, 47, 80, 0, 0, 0.06%, 9, 0, 8, 263.64
1733523085, 182, 11, 80, 0, 0, 0.06%, 9, 0, 8, 268.91
1733523090, 182, 13, 80, 0, 0, 0.06%, 9, 0, 8, 268.01
1733523095, 182, 14, 80, 0, 0, 0.06%, 9, 0, 8, 252.87
1733523100, 182, 17, 80, 0, 0, 0.06%, 9, 0, 8, 253.92
1733523106, 182, 21, 80, 0, 0, 0.06%, 9, 0, 8, 254.59
1733523111, 182, 43, 80, 0, 0, 0.06%, 9, 0, 8, 269.35
1733523121, 182, 70, 80, 0, 0, 0.06%, 9, 0, 8, 292.75
1733523126, 182, 78, 80, 0, 0, 0.06%, 9, 0, 8, 355.15
1733523141, 183, 11, 80, 0, 0, 0.06%, 9, 0, 8, 262.69
1733523146, 183, 13, 80, 0, 0, 0.06%, 9, 0, 8, 253.04
1733523151, 183, 16, 80, 0, 0, 0.06%, 9, 0, 8, 254.00
1733523156, 183, 18, 80, 0, 0, 0.06%, 9, 0, 8, 265.93
1733523162, 183, 20, 80, 0, 0, 0.06%, 9, 0, 8, 277.76
1733523167, 183, 21, 80, 0, 0, 0.06%, 9, 0, 8, 265.76
1733523172, 183, 28, 80, 0, 0, 0.06%, 9, 0, 8, 270.28
1733523177, 183, 33, 80, 0, 0, 0.06%, 9, 0, 8, 260.38
1733523182, 184, 10, 80, 0, 0, 0.06%, 9, 0, 8, 258.94
1733523187, 184, 12, 80, 0, 0, 0.06%, 9, 0, 8, 256.67
1733523192, 184, 14, 80, 0, 0, 0.06%, 9, 0, 8, 262.39
1733523197, 184, 17, 80, 0, 0, 0.06%, 9, 0, 8, 259.31
1733523202, 184, 21, 80, 0, 0, 0.06%, 9, 0, 8, 251.93
1733523207, 184, 55, 80, 0, 0, 0.06%, 9, 0, 8, 285.13
1733523212, 184, 76, 80, 0, 0, 0.06%, 9, 0, 8, 315.63
1733523217, 185, 11, 80, 0, 0, 0.06%, 9, 0, 8, 272.56
1733523222, 185, 13, 80, 0, 0, 0.06%, 9, 0, 8, 265.27
1733523228, 185, 16, 80, 0, 0, 0.06%, 9, 0, 8, 253.24
1733523233, 185, 18, 80, 0, 0, 0.06%, 9, 0, 8, 268.53
1733523238, 185, 21, 80, 0, 0, 0.06%, 9, 0, 8, 264.06
1733523243, 185, 29, 80, 0, 0, 0.06%, 9, 0, 8, 268.11
1733523248, 185, 36, 80, 0, 0, 0.06%, 9, 0, 8, 284.92
1733523253, 185, 55, 80, 0, 0, 0.06%, 9, 0, 8, 274.54
1733523258, 185, 63, 80, 0, 0, 0.06%, 9, 0, 8, 285.15
1733523263, 185, 73, 80, 0, 0, 0.06%, 9, 0, 8, 289.75
1733523268, 186, 11, 80, 0, 0, 0.06%, 9, 0, 8, 279.27
1733523273, 186, 13, 80, 0, 0, 0.06%, 9, 0, 8, 266.75
1733523278, 186, 16, 80, 0, 0, 0.06%, 9, 0, 8, 281.61
1733523283, 186, 18, 80, 0, 0, 0.06%, 9, 0, 8, 269.32
1733523288, 186, 21, 80, 0, 0, 0.06%, 9, 0, 8, 266.72
1733523293, 186, 38, 80, 0, 0, 0.06%, 9, 0, 8, 279.93
1733523298, 186, 50, 80, 0, 0, 0.06%, 9, 0, 8, 300.29
1733523304, 186, 68, 80, 0, 0, 0.06%, 9, 0, 8, 279.82
1733523309, 186, 73, 80, 0, 0, 0.06%, 9, 0, 8, 282.91
1733523314, 187, 12, 80, 0, 0, 0.06%, 9, 0, 8, 266.86
1733523319, 187, 14, 80, 0, 0, 0.06%, 9, 0, 8, 275.07
1733523324, 187, 17, 80, 0, 0, 0.06%, 9, 0, 8, 273.95
1733523329, 187, 21, 80, 0, 0, 0.06%, 9, 0, 8, 251.03
1733523334, 187, 51, 80, 0, 0, 0.06%, 9, 0, 8, 310.92
1733523339, 188, 12, 80, 0, 0, 0.06%, 9, 0, 8, 283.38
1733523344, 188, 14, 80, 0, 0, 0.06%, 9, 0, 8, 266.19
1733523349, 188, 16, 80, 0, 0, 0.06%, 9, 0, 8, 259.51
1733523354, 188, 18, 80, 0, 0, 0.06%, 9, 0, 8, 263.16
1733523359, 188, 21, 80, 0, 0, 0.06%, 9, 0, 8, 266.57
1733523364, 189, 12, 80, 0, 0, 0.06%, 9, 0, 8, 260.67
1733523369, 189, 14, 80, 0, 0, 0.06%, 9, 0, 8, 265.76
1733523374, 189, 17, 80, 0, 0, 0.06%, 9, 0, 8, 258.41
1733523379, 189, 21, 80, 0, 0, 0.06%, 9, 0, 8, 260.50
1733523384, 189, 22, 80, 0, 0, 0.06%, 9, 0, 8, 251.97
1733523389, 189, 23, 80, 0, 0, 0.06%, 9, 0, 8, 266.05
1733523395, 189, 29, 80, 0, 0, 0.06%, 9, 0, 8, 280.59
1733523400, 189, 42, 80, 0, 0, 0.06%, 9, 0, 8, 285.31
1733523405, 190, 11, 80, 0, 0, 0.06%, 9, 0, 8, 282.26
1733523410, 190, 13, 80, 0, 0, 0.06%, 9, 0, 8, 266.70
1733523415, 190, 16, 80, 0, 0, 0.06%, 9, 0, 8, 277.69
1733523420, 190, 17, 80, 0, 0, 0.06%, 9, 0, 8, 256.03
1733523425, 190, 19, 80, 0, 0, 0.06%, 9, 0, 8, 274.75
1733523430, 190, 21, 80, 0, 0, 0.06%, 9, 0, 8, 272.90
1733523435, 190, 34, 80, 0, 0, 0.06%, 9, 0, 8, 286.91
1733523440, 190, 59, 80, 0, 0, 0.06%, 9, 0, 8, 292.88
1733523445, 190, 67, 80, 0, 0, 0.06%, 9, 0, 8, 275.78
1733523450, 191, 11, 80, 0, 0, 0.06%, 9, 0, 8, 273.44
1733523455, 191, 13, 80, 0, 0, 0.06%, 9, 0, 8, 256.89
1733523460, 191, 14, 80, 0, 0, 0.06%, 9, 0, 8, 259.71
1733523465, 191, 17, 80, 0, 0, 0.06%, 9, 0, 8, 259.16
1733523470, 191, 21, 80, 0, 0, 0.06%, 9, 0, 8, 260.56
1733523475, 191, 38, 80, 0, 0, 0.06%, 9, 0, 8, 279.29
1733523480, 191, 66, 80, 0, 0, 0.06%, 9, 0, 8, 269.49
1733523485, 192, 11, 80, 0, 0, 0.06%, 9, 0, 8, 261.83
1733523490, 192, 13, 80, 0, 0, 0.06%, 9, 0, 8, 254.90
1733523495, 192, 16, 80, 0, 0, 0.06%, 9, 0, 8, 261.09
1733523501, 192, 18, 80, 0, 0, 0.06%, 9, 0, 8, 258.14
1733523506, 192, 21, 80, 0, 0, 0.06%, 9, 0, 8, 271.08
1733523511, 192, 31, 80, 0, 0, 0.06%, 9, 0, 8, 265.75
1733523516, 192, 35, 80, 0, 0, 0.06%, 9, 0, 8, 277.94
1733523521, 192, 42, 80, 0, 0, 0.06%, 9, 0, 8, 278.43
1733523526, 192, 66, 80, 0, 0, 0.06%, 9, 0, 8, 285.29
1733523531, 192, 73, 80, 0, 0, 0.06%, 9, 0, 8, 298.07
1733523536, 193, 11, 80, 0, 0, 0.06%, 9, 0, 8, 272.23
1733523541, 193, 13, 80, 0, 0, 0.06%, 9, 0, 8, 256.36
1733523546, 193, 16, 80, 0, 0, 0.06%, 9, 0, 8, 250.10
1733523551, 193, 18, 80, 0, 0, 0.06%, 9, 0, 8, 263.44
1733523556, 193, 21, 80, 0, 0, 0.06%, 9, 0, 8, 269.24
1733523561, 193, 39, 80, 0, 0, 0.06%, 9, 0, 8, 268.16
1733523566, 193, 63, 80, 0, 0, 0.06%, 9, 0, 8, 283.23
1733523572, 193, 78, 80, 0, 0, 0.06%, 9, 0, 8, 350.47
1733523592, 194, 11, 80, 0, 0, 0.06%, 9, 0, 8, 253.42
1733523597, 194, 13, 80, 0, 0, 0.06%, 9, 0, 8, 253.85
1733523602, 194, 16, 80, 0, 0, 0.06%, 9, 0, 8, 258.64
1733523607, 194, 18, 80, 0, 0, 0.06%, 9, 0, 8, 258.72
1733523612, 194, 21, 80, 0, 0, 0.06%, 9, 0, 8, 270.12
1733523617, 194, 22, 80, 0, 0, 0.06%, 9, 0, 8, 258.70
1733523622, 194, 29, 80, 0, 0, 0.06%, 9, 0, 8, 276.51
1733523627, 194, 33, 80, 0, 0, 0.06%, 9, 0, 8, 265.18
1733523632, 194, 62, 80, 0, 0, 0.06%, 9, 0, 8, 274.99
1733523638, 195, 11, 80, 0, 0, 0.06%, 9, 0, 8, 266.29
1733523643, 195, 12, 80, 0, 0, 0.06%, 9, 0, 8, 263.92
1733523648, 195, 14, 80, 0, 0, 0.06%, 9, 0, 8, 257.43
1733523653, 195, 17, 80, 0, 0, 0.06%, 9, 0, 8, 255.46
1733523658, 195, 21, 80, 0, 0, 0.06%, 9, 0, 8, 259.34
1733523663, 195, 38, 80, 0, 0, 0.06%, 9, 0, 8, 287.24
1733523668, 195, 49, 80, 0, 0, 0.06%, 9, 0, 8, 266.94
1733523673, 195, 57, 80, 0, 0, 0.06%, 9, 0, 8, 271.11
1733523678, 195, 58, 80, 0, 0, 0.06%, 9, 0, 8, 290.92
1733523683, 196, 11, 80, 0, 0, 0.06%, 9, 0, 8, 269.72
1733523688, 196, 13, 80, 0, 0, 0.06%, 9, 0, 8, 263.51
1733523693, 196, 16, 80, 0, 0, 0.06%, 9, 0, 8, 277.74
1733523698, 196, 18, 80, 0, 0, 0.06%, 9, 0, 8, 266.10
1733523703, 196, 21, 80, 0, 0, 0.06%, 9, 0, 8, 258.40
1733523709, 196, 26, 80, 0, 0, 0.06%, 9, 0, 8, 275.74
1733523714, 197, 10, 80, 0, 0, 0.06%, 9, 0, 8, 269.68
1733523719, 197, 12, 80, 0, 0, 0.06%, 9, 0, 8, 269.94
1733523724, 197, 14, 80, 0, 0, 0.06%, 9, 0, 8, 257.77
1733523729, 197, 17, 80, 0, 0, 0.06%, 9, 0, 8, 260.19
1733523734, 197, 21, 80, 0, 0, 0.06%, 9, 0, 8, 259.73
1733523739, 197, 61, 80, 0, 0, 0.06%, 9, 0, 8, 278.92
1733523744, 197, 69, 80, 0, 0, 0.06%, 9, 0, 8, 276.63
1733523749, 198, 11, 80, 0, 0, 0.06%, 9, 0, 8, 266.33
1733523754, 198, 13, 80, 0, 0, 0.06%, 9, 0, 8, 268.38
1733523759, 198, 16, 80, 0, 0, 0.06%, 9, 0, 8, 253.10
1733523764, 198, 18, 80, 0, 0, 0.06%, 9, 0, 8, 259.00
1733523770, 198, 21, 80, 0, 0, 0.06%, 9, 0, 8, 278.91
1733523775, 198, 42, 80, 0, 0, 0.06%, 9, 0, 8, 274.00
1733523780, 199, 11, 80, 0, 0, 0.06%, 9, 0, 8, 259.35
1733523785, 199, 13, 80, 0, 0, 0.06%, 9, 0, 8, 261.66
1733523790, 199, 16, 80, 0, 0, 0.06%, 9, 0, 8, 273.74
1733523795, 199, 18, 80, 0, 0, 0.06%, 9, 0, 8, 261.88
1733523800, 199, 20, 80, 0, 0, 0.06%, 9, 0, 8, 269.96
1733523805, 199, 21, 80, 0, 0, 0.06%, 9, 0, 8, 259.99
1733523810, 199, 42, 80, 0, 0, 0.06%, 9, 0, 8, 286.56
1733523815, 199, 43, 80, 0, 0, 0.06%, 9, 0, 8, 282.58
1733523820, 199, 73, 80, 0, 0, 0.06%, 9, 0, 8, 273.99
1733523826, 199, 79, 80, 0, 0, 0.06%, 9, 0, 8, 313.16
1733523846, 200, 12, 80, 0, 0, 0.06%, 9, 0, 8, 266.57
1733523851, 200, 14, 80, 0, 0, 0.06%, 9, 0, 8, 262.30
1733523856, 200, 16, 80, 0, 0, 0.06%, 9, 0, 8, 263.69
1733523861, 200, 21, 80, 0, 0, 0.06%, 9, 0, 8, 272.05
1733523866, 200, 44, 80, 0, 0, 0.06%, 9, 0, 8, 256.63
1733523877, 200, 64, 80, 0, 0, 0.06%, 9, 0, 8, 289.76
1733523882, 200, 69, 80, 0, 0, 0.06%, 9, 0, 8, 275.87
1733523892, 200, 73, 80, 0, 0, 0.06%, 9, 0, 8, 278.35
1733523897, 200, 75, 80, 0, 0, 0.06%, 9, 0, 8, 297.73
1733523902, 201, 10, 80, 0, 0, 0.06%, 9, 0, 8, 268.12
1733523907, 201, 12, 80, 0, 0, 0.06%, 9, 0, 8, 262.56
1733523912, 201, 14, 80, 0, 0, 0.06%, 9, 0, 8, 266.01
1733523917, 201, 17, 80, 0, 0, 0.06%, 9, 0, 8, 273.34
1733523922, 201, 21, 80, 0, 0, 0.06%, 9, 0, 8, 265.14
1733523927, 201, 40, 80, 0, 0, 0.06%, 9, 0, 8, 291.13
1733523932, 201, 44, 80, 0, 0, 0.06%, 9, 0, 8, 272.92
1733523942, 202, 12, 80, 0, 0, 0.06%, 9, 0, 8, 261.10
1733523948, 202, 14, 80, 0, 0, 0.06%, 9, 0, 8, 252.98
1733523953, 202, 17, 80, 0, 0, 0.06%, 9, 0, 8, 264.03
1733523958, 202, 21, 80, 0, 0, 0.06%, 9, 0, 8, 261.29
1733523963, 202, 23, 80, 0, 0, 0.06%, 9, 0, 8, 279.52
1733523968, 202, 30, 80, 0, 0, 0.06%, 9, 0, 8, 261.33
1733523973, 202, 38, 80, 0, 0, 0.06%, 9, 0, 8, 276.57
1733523978, 202, 54, 80, 0, 0, 0.06%, 9, 0, 8, 273.78
1733523983, 202, 55, 80, 0, 0, 0.06%, 9, 0, 8, 267.29
1733523988, 202, 62, 80, 0, 0, 0.06%, 9, 0, 8, 279.04
1733523993, 202, 67, 80, 0, 0, 0.06%, 9, 0, 8, 275.85
1733523998, 203, 11, 80, 0, 0, 0.06%, 9, 0, 8, 268.24
1733524003, 203, 13, 80, 0, 0, 0.06%, 9, 0, 8, 266.84
1733524008, 203, 14, 80, 0, 0, 0.06%, 9, 0, 8, 261.79
1733524013, 203, 17, 80, 0, 0, 0.06%, 9, 0, 8, 256.18
1733524018, 203, 21, 80, 0, 0, 0.06%, 9, 0, 8, 252.42
1733524023, 203, 79, 80, 0, 0, 0.06%, 9, 0, 8, 322.87
1733524044, 204, 12, 80, 0, 0, 0.06%, 9, 0, 8, 257.25
1733524049, 204, 14, 80, 0, 0, 0.06%, 9, 0, 8, 258.33
1733524054, 204, 17, 80, 0, 0, 0.06%, 9, 0, 8, 262.66
1733524059, 204, 21, 80, 0, 0, 0.06%, 9, 0, 8, 263.50
1733524064, 204, 24, 80, 0, 0, 0.06%, 9, 0, 8, 274.61
1733524069, 204, 33, 80, 0, 0, 0.06%, 9, 0, 8, 268.02
1733524074, 204, 41, 80, 0, 0, 0.06%, 9, 0, 8, 260.82
1733524079, 204, 66, 80, 0, 0, 0.06%, 9, 0, 8, 268.62
1733524089, 204, 75, 80, 0, 0, 0.06%, 9, 0, 8, 271.16
1733524095, 205, 11, 80, 0, 0, 0.06%, 9, 0, 8, 264.28
1733524100, 205, 13, 80, 0, 0, 0.06%, 9, 0, 8, 265.91
1733524105, 205, 16, 80, 0, 0, 0.06%, 9, 0, 8, 260.28
1733524110, 205, 18, 80, 0, 0, 0.06%, 9, 0, 8, 261.35
1733524115, 205, 21, 80, 0, 0, 0.06%, 9, 0, 8, 281.96
1733524120, 206, 12, 80, 0, 0, 0.06%, 9, 0, 8, 272.78
1733524125, 206, 14, 80, 0, 0, 0.06%, 9, 0, 8, 261.00
1733524130, 206, 16, 80, 0, 0, 0.06%, 9, 0, 8, 270.10
1733524135, 206, 18, 80, 0, 0, 0.06%, 9, 0, 8, 259.58
1733524140, 206, 21, 80, 0, 0, 0.06%, 9, 0, 8, 263.29
1733524145, 206, 43, 80, 0, 0, 0.06%, 9, 0, 8, 283.29
1733524150, 206, 52, 80, 0, 0, 0.06%, 9, 0, 8, 260.30
1733524155, 206, 58, 80, 0, 0, 0.06%, 9, 0, 8, 288.95
1733524160, 206, 59, 80, 0, 0, 0.06%, 9, 0, 8, 289.26
1733524166, 206, 78, 80, 0, 0, 0.06%, 9, 0, 8, 310.21
1733524186, 207, 11, 80, 0, 0, 0.06%, 9, 0, 8, 265.83
1733524191, 207, 13, 80, 0, 0, 0.06%, 9, 0, 8, 267.19
1733524196, 207, 16, 80, 0, 0, 0.06%, 9, 0, 8, 259.20
1733524201, 207, 18, 80, 0, 0, 0.06%, 9, 0, 8, 252.72
1733524206, 207, 21, 80, 0, 0, 0.06%, 9, 0, 8, 254.86
1733524211, 207, 24, 80, 0, 0, 0.06%, 9, 0, 8, 269.42
1733524216, 207, 28, 80, 0, 0, 0.06%, 9, 0, 8, 277.26
1733524221, 207, 58, 80, 0, 0, 0.06%, 9, 0, 8, 280.24
1733524226, 207, 67, 80, 0, 0, 0.06%, 9, 0, 8, 279.56
1733524231, 208, 12, 80, 0, 0, 0.06%, 9, 0, 8, 259.79
1733524236, 208, 14, 80, 0, 0, 0.06%, 9, 0, 8, 263.59
1733524241, 208, 16, 80, 0, 0, 0.06%, 9, 0, 8, 259.13
1733524247, 208, 21, 80, 0, 0, 0.06%, 9, 0, 8, 272.69
1733524257, 208, 36, 80, 0, 0, 0.06%, 9, 0, 8, 290.71
1733524262, 208, 53, 80, 0, 0, 0.06%, 9, 0, 8, 289.75
1733524267, 208, 59, 80, 0, 0, 0.06%, 9, 0, 8, 275.58
1733524272, 209, 12, 80, 0, 0, 0.06%, 9, 0, 8, 267.71
1733524277, 209, 14, 80, 0, 0, 0.06%, 9, 0, 8, 260.92
1733524282, 209, 17, 80, 0, 0, 0.06%, 9, 0, 8, 262.65
1733524287, 209, 20, 80, 0, 0, 0.06%, 9, 0, 8, 269.53
1733524292, 209, 21, 80, 0, 0, 0.06%, 9, 0, 8, 278.52
1733524297, 209, 25, 80, 0, 0, 0.06%, 9, 0, 8, 275.88
1733524302, 209, 35, 80, 0, 0, 0.06%, 9, 0, 8, 284.41
1733524307, 209, 42, 80, 0, 0, 0.06%, 9, 0, 8, 291.46
1733524312, 210, 8, 80, 0, 0, 0.06%, 9, 0, 8, 271.47
1733524317, 210, 12, 80, 0, 0, 0.06%, 9, 0, 8, 255.80
1733524323, 210, 14, 80, 0, 0, 0.06%, 9, 0, 8, 256.82
1733524328, 210, 17, 80, 0, 0, 0.06%, 9, 0, 8, 268.02
1733524333, 210, 19, 80, 0, 0, 0.06%, 9, 0, 8, 258.28
1733524338, 210, 21, 80, 0, 0, 0.06%, 9, 0, 8, 270.30
1733524343, 211, 11, 80, 0, 0, 0.06%, 9, 0, 8, 270.42
1733524348, 211, 13, 80, 0, 0, 0.06%, 9, 0, 8, 259.69
1733524353, 211, 16, 80, 0, 0, 0.06%, 9, 0, 8, 266.12
1733524358, 211, 17, 80, 0, 0, 0.06%, 9, 0, 8, 267.55
1733524363, 211, 21, 80, 0, 0, 0.06%, 9, 0, 8, 258.42
1733524368, 211, 64, 80, 0, 0, 0.06%, 9, 0, 8, 291.89
1733524373, 212, 11, 80, 0, 0, 0.06%, 9, 0, 8, 272.97
1733524378, 212, 13, 80, 0, 0, 0.06%, 9, 0, 8, 267.05
1733524384, 212, 16, 80, 0, 0, 0.06%, 9, 0, 8, 273.92
1733524389, 212, 18, 80, 0, 0, 0.06%, 9, 0, 8, 259.68
1733524394, 212, 27, 80, 0, 0, 0.06%, 9, 0, 8, 265.13
1733524399, 212, 32, 80, 0, 0, 0.06%, 9, 0, 8, 282.45
1733524404, 212, 33, 80, 0, 0, 0.06%, 9, 0, 8, 277.58
1733524414, 213, 11, 80, 0, 0, 0.06%, 9, 0, 8, 293.41
1733524419, 213, 12, 80, 0, 0, 0.06%, 9, 0, 8, 278.71
1733524424, 213, 14, 80, 0, 0, 0.06%, 9, 0, 8, 263.12
1733524429, 213, 17, 80, 0, 0, 0.06%, 9, 0, 8, 261.03
1733524434, 213, 21, 80, 0, 0, 0.06%, 9, 0, 8, 254.45
1733524439, 214, 11, 80, 0, 0, 0.06%, 9, 0, 8, 274.56
1733524444, 214, 13, 80, 0, 0, 0.06%, 9, 0, 8, 262.98
1733524449, 214, 16, 80, 0, 0, 0.06%, 9, 0, 8, 269.49
1733524455, 214, 18, 80, 0, 0, 0.06%, 9, 0, 8, 271.17
1733524460, 214, 25, 80, 0, 0, 0.06%, 9, 0, 8, 271.35
1733524470, 214, 33, 80, 0, 0, 0.06%, 9, 0, 8, 268.68
1733524475, 214, 55, 80, 0, 0, 0.06%, 9, 0, 8, 279.38
1733524480, 214, 67, 80, 0, 0, 0.06%, 9, 0, 8, 268.27
1733524485, 214, 73, 80, 0, 0, 0.06%, 9, 0, 8, 269.36
1733524491, 215, 11, 80, 0, 0, 0.06%, 9, 0, 8, 257.50
1733524496, 215, 13, 80, 0, 0, 0.06%, 9, 0, 8, 258.18
1733524501, 215, 16, 80, 0, 0, 0.06%, 9, 0, 8, 263.38
1733524506, 215, 18, 80, 0, 0, 0.06%, 9, 0, 8, 273.94
1733524511, 215, 21, 80, 0, 0, 0.06%, 9, 0, 8, 275.78
1733524516, 215, 35, 80, 0, 0, 0.06%, 9, 0, 8, 276.90
1733524521, 215, 47, 80, 0, 0, 0.06%, 9, 0, 8, 284.69
1733524526, 215, 54, 80, 0, 0, 0.06%, 9, 0, 8, 274.50
1733524531, 215, 60, 80, 0, 0, 0.06%, 9, 0, 8, 284.01
1733524537, 216, 12, 80, 0, 0, 0.06%, 9, 0, 8, 271.66
1733524542, 216, 14, 80, 0, 0, 0.06%, 9, 0, 8, 270.26
1733524547, 216, 16, 80, 0, 0, 0.06%, 9, 0, 8, 265.08
1733524552, 216, 21, 80, 0, 0, 0.06%, 9, 0, 8, 273.57
1733524557, 216, 30, 80, 0, 0, 0.06%, 9, 0, 8, 259.76
