# unix_time, cycles_done, cur_path, paths_total, pending_total, pending_favs, map_size, unique_crashes, unique_hangs, max_depth, execs_per_sec
1734326303, 0, 0, 10, 10, 1, 0.00%, 0, 0, 1, 141.59
1734326308, 0, 3, 10, 10, 1, 0.00%, 0, 0, 1, 175.44
1734326313, 0, 4, 10, 9, 0, 0.00%, 0, 0, 1, 166.96
1734326323, 0, 5, 10, 8, 0, 0.00%, 0, 0, 1, 181.04
1734326333, 0, 6, 10, 7, 0, 0.00%, 0, 0, 1, 181.24
1734326338, 0, 7, 10, 6, 0, 0.00%, 0, 0, 1, 168.08
1734326349, 0, 8, 10, 5, 0, 0.00%, 0, 0, 1, 180.70
1734326359, 0, 9, 10, 4, 0, 0.00%, 0, 0, 1, 183.74
1734326364, 1, 0, 10, 3, 0, 0.00%, 0, 0, 1, 170.19
1734326379, 1, 1, 10, 2, 0, 0.00%, 0, 0, 1, 178.50
1734326389, 1, 2, 10, 1, 0, 0.00%, 0, 0, 1, 174.66
1734326399, 1, 3, 10, 0, 0, 0.00%, 0, 0, 1, 178.96
1734326404, 1, 4, 10, 0, 0, 0.00%, 0, 0, 1, 178.05
1734326409, 1, 5, 10, 0, 0, 0.00%, 0, 0, 1, 175.86
1734326414, 1, 7, 10, 0, 0, 0.00%, 0, 0, 1, 176.69
1734326419, 1, 8, 10, 0, 0, 0.00%, 0, 0, 1, 178.36
1734326425, 1, 9, 10, 0, 0, 0.00%, 0, 0, 1, 176.63
1734326430, 2, 0, 10, 0, 0, 0.00%, 0, 0, 1, 176.65
1734326435, 2, 2, 10, 0, 0, 0.00%, 0, 0, 1, 174.88
1734326440, 2, 3, 10, 0, 0, 0.00%, 0, 0, 1, 175.69
1734326445, 2, 4, 10, 0, 0, 0.00%, 0, 0, 1, 176.18
1734326450, 2, 5, 10, 0, 0, 0.00%, 0, 0, 1, 175.09
1734326455, 2, 7, 10, 0, 0, 0.00%, 0, 0, 1, 174.91
1734326460, 2, 8, 10, 0, 0, 0.00%, 0, 0, 1, 180.78
1734326466, 2, 9, 10, 0, 0, 0.00%, 0, 0, 1, 176.33
1734326471, 3, 0, 10, 0, 0, 0.00%, 0, 0, 1, 177.62
1734326476, 3, 2, 10, 0, 0, 0.00%, 0, 0, 1, 176.82
1734326481, 3, 3, 10, 0, 0, 0.00%, 0, 0, 1, 173.11
1734326486, 3, 4, 10, 0, 0, 0.00%, 0, 0, 1, 179.52
1734326491, 3, 5, 10, 0, 0, 0.00%, 0, 0, 1, 177.81
1734326496, 3, 6, 10, 0, 0, 0.00%, 0, 0, 1, 176.16
1734326502, 3, 8, 10, 0, 0, 0.00%, 0, 0, 1, 175.70
1734326507, 3, 9, 10, 0, 0, 0.00%, 0, 0, 1, 174.94
1734326512, 4, 0, 10, 0, 0, 0.00%, 0, 0, 1, 180.03
1734326517, 4, 1, 10, 0, 0, 0.00%, 0, 0, 1, 180.15
1734326522, 4, 3, 10, 0, 0, 0.00%, 0, 0, 1, 179.73
1734326527, 4, 4, 10, 0, 0, 0.00%, 0, 0, 1, 172.93
1734326532, 4, 5, 10, 0, 0, 0.00%, 0, 0, 1, 175.73
1734326537, 4, 6, 10, 0, 0, 0.00%, 0, 0, 1, 175.97
1734326542, 4, 7, 10, 0, 0, 0.00%, 0, 0, 1, 176.21
1734326547, 4, 9, 10, 0, 0, 0.00%, 0, 0, 1, 177.01
1734326552, 5, 0, 10, 0, 0, 0.00%, 0, 0, 1, 177.85
1734326557, 5, 1, 10, 0, 0, 0.00%, 0, 0, 1, 173.37
1734326562, 5, 2, 10, 0, 0, 0.00%, 0, 0, 1, 174.06
1734326568, 5, 4, 10, 0, 0, 0.00%, 0, 0, 1, 181.36
1734326573, 5, 5, 10, 0, 0, 0.00%, 0, 0, 1, 174.80
1734326578, 5, 6, 10, 0, 0, 0.00%, 0, 0, 1, 176.46
1734326583, 5, 7, 10, 0, 0, 0.00%, 0, 0, 1, 171.70
1734326588, 5, 9, 10, 0, 0, 0.00%, 0, 0, 1, 176.09
1734326593, 6, 0, 10, 0, 0, 0.00%, 0, 0, 1, 177.68
1734326599, 6, 1, 10, 0, 0, 0.00%, 0, 0, 1, 177.96
1734326604, 6, 2, 10, 0, 0, 0.00%, 0, 0, 1, 179.59
1734326609, 6, 3, 10, 0, 0, 0.00%, 0, 0, 1, 173.91
1734326614, 6, 5, 10, 0, 0, 0.00%, 0, 0, 1, 177.68
1734326619, 6, 6, 10, 0, 0, 0.00%, 0, 0, 1, 176.26
1734326624, 6, 7, 10, 0, 0, 0.00%, 0, 0, 1, 174.30
1734326629, 6, 8, 10, 0, 0, 0.00%, 0, 0, 1, 173.91
1734326634, 7, 0, 10, 0, 0, 0.00%, 0, 0, 1, 177.31
1734326639, 7, 10, 11, 1, 1, 0.05%, 1, 0, 2, 199.87
1734326645, 7, 10, 12, 2, 1, 0.05%, 2, 0, 3, 191.75
1734326680, 7, 10, 13, 3, 1, 0.05%, 3, 0, 3, 190.48
1734326804, 7, 11, 16, 5, 2, 0.06%, 6, 0, 4, 209.37
1734326814, 7, 11, 17, 6, 2, 0.06%, 6, 0, 4, 191.83
1734326819, 7, 11, 18, 7, 2, 0.06%, 6, 0, 4, 196.26
1734326855, 7, 11, 19, 8, 2, 0.06%, 6, 0, 4, 191.78
1734326870, 7, 11, 20, 9, 2, 0.06%, 6, 0, 4, 189.72
1734326941, 7, 11, 21, 10, 2, 0.06%, 7, 0, 4, 188.90
1734326957, 7, 12, 24, 12, 5, 0.06%, 9, 0, 4, 210.51
1734326982, 7, 12, 25, 13, 5, 0.06%, 9, 0, 4, 203.11
1734327002, 7, 12, 26, 14, 5, 0.06%, 9, 0, 4, 197.69
1734327043, 7, 12, 27, 15, 5, 0.06%, 9, 0, 4, 198.14
1734327093, 7, 13, 27, 14, 6, 0.06%, 9, 0, 4, 211.73
1734327103, 7, 13, 28, 15, 6, 0.06%, 9, 0, 5, 202.66
1734327164, 7, 13, 29, 16, 6, 0.06%, 9, 0, 5, 201.89
1734327240, 7, 14, 29, 15, 5, 0.06%, 9, 0, 5, 223.51
1734327246, 7, 14, 30, 16, 5, 0.06%, 9, 0, 5, 204.04
1734327327, 7, 14, 31, 17, 5, 0.06%, 9, 0, 5, 201.54
1734327337, 7, 14, 32, 18, 5, 0.06%, 9, 0, 5, 202.74
1734327362, 7, 14, 34, 20, 5, 0.06%, 9, 0, 5, 201.10
1734327367, 7, 14, 36, 22, 5, 0.06%, 9, 0, 5, 224.36
1734327377, 7, 14, 39, 25, 5, 0.06%, 9, 0, 5, 219.28
1734327382, 7, 15, 39, 24, 4, 0.06%, 9, 0, 5, 235.98
1734327387, 7, 15, 40, 25, 4, 0.06%, 9, 0, 5, 204.15
1734327449, 7, 15, 42, 27, 4, 0.06%, 9, 0, 5, 198.08
1734327499, 7, 15, 43, 28, 4, 0.06%, 9, 0, 5, 201.06
1734327504, 7, 15, 44, 29, 4, 0.06%, 9, 0, 5, 200.90
1734327520, 7, 15, 46, 31, 4, 0.06%, 9, 0, 5, 218.06
1734327530, 7, 20, 47, 31, 3, 0.06%, 9, 0, 5, 232.03
1734327627, 7, 21, 47, 30, 2, 0.06%, 9, 0, 5, 242.80
1734327647, 7, 21, 48, 31, 2, 0.06%, 9, 0, 5, 200.39
1734327677, 7, 21, 49, 32, 2, 0.06%, 9, 0, 5, 205.48
1734327693, 7, 21, 50, 33, 2, 0.06%, 9, 0, 5, 200.19
1734327795, 7, 21, 51, 34, 2, 0.06%, 9, 0, 5, 232.21
1734327815, 7, 22, 51, 33, 1, 0.06%, 9, 0, 5, 214.85
1734327871, 7, 23, 51, 32, 0, 0.06%, 9, 0, 5, 244.68
1734327922, 7, 23, 53, 34, 0, 0.06%, 9, 0, 5, 252.42
1734327932, 7, 27, 53, 33, 0, 0.06%, 9, 0, 5, 263.70
1734327983, 7, 27, 54, 34, 0, 0.06%, 9, 0, 6, 220.75
1734327988, 7, 28, 55, 34, 0, 0.06%, 9, 0, 6, 263.95
1734328024, 7, 28, 57, 36, 0, 0.06%, 9, 0, 6, 400.50
1734328192, 7, 32, 57, 35, 0, 0.06%, 9, 0, 6, 225.85
1734328247, 7, 35, 57, 34, 0, 0.06%, 9, 0, 6, 202.12
1734328379, 7, 38, 57, 33, 0, 0.06%, 9, 0, 6, 265.89
1734328435, 7, 44, 57, 32, 0, 0.06%, 9, 0, 6, 289.51
1734328490, 7, 45, 57, 31, 0, 0.06%, 9, 0, 6, 284.92
1734328531, 7, 45, 59, 33, 0, 0.06%, 9, 0, 6, 274.60
1734328551, 7, 45, 60, 34, 0, 0.06%, 9, 0, 6, 269.62
1734328566, 7, 45, 61, 35, 0, 0.06%, 9, 0, 6, 272.58
1734328571, 7, 45, 62, 36, 0, 0.06%, 9, 0, 6, 275.78
1734328627, 7, 45, 63, 37, 0, 0.06%, 9, 0, 6, 257.37
1734328637, 7, 47, 63, 36, 0, 0.06%, 9, 0, 6, 242.37
1734328688, 7, 51, 63, 35, 0, 0.06%, 9, 0, 6, 369.75
1734328739, 7, 53, 63, 34, 0, 0.06%, 9, 0, 6, 316.83
1734328862, 7, 55, 63, 33, 0, 0.06%, 9, 0, 6, 276.15
1734328984, 8, 10, 63, 32, 0, 0.06%, 9, 0, 6, 230.43
1734328995, 8, 11, 63, 32, 0, 0.06%, 9, 0, 6, 238.11
1734329000, 8, 12, 63, 32, 0, 0.06%, 9, 0, 6, 245.77
1734329005, 8, 13, 63, 32, 0, 0.06%, 9, 0, 6, 231.85
1734329015, 8, 14, 63, 32, 0, 0.06%, 9, 0, 6, 236.59
1734329025, 8, 15, 63, 32, 0, 0.06%, 9, 0, 6, 236.35
1734329035, 8, 18, 63, 32, 0, 0.06%, 9, 0, 6, 291.70
1734329091, 8, 20, 63, 31, 0, 0.06%, 9, 0, 6, 244.93
1734329101, 8, 21, 63, 31, 0, 0.06%, 9, 0, 6, 241.96
1734329112, 8, 22, 63, 31, 0, 0.06%, 9, 0, 6, 257.90
1734329122, 8, 24, 63, 31, 0, 0.06%, 9, 0, 6, 258.09
1734329340, 8, 24, 64, 32, 0, 0.06%, 9, 0, 6, 348.10
1734329381, 8, 25, 64, 31, 0, 0.06%, 9, 0, 6, 289.47
1734329417, 8, 25, 65, 32, 0, 0.06%, 9, 0, 6, 303.06
1734329478, 8, 37, 65, 31, 0, 0.06%, 9, 0, 6, 295.95
1734329539, 8, 39, 65, 30, 0, 0.06%, 9, 0, 6, 244.14
1734329595, 8, 55, 65, 29, 0, 0.06%, 9, 0, 6, 262.86
1734329605, 8, 63, 65, 29, 0, 0.06%, 9, 0, 6, 334.04
1734329757, 8, 63, 66, 30, 0, 0.06%, 9, 0, 6, 344.15
1734329813, 9, 10, 66, 29, 0, 0.06%, 9, 0, 6, 223.36
1734329818, 9, 11, 66, 29, 0, 0.06%, 9, 0, 6, 237.74
1734329823, 9, 12, 66, 29, 0, 0.06%, 9, 0, 6, 242.11
1734329828, 9, 13, 66, 29, 0, 0.06%, 9, 0, 6, 260.72
1734329844, 9, 14, 66, 29, 0, 0.06%, 9, 0, 6, 224.86
1734329849, 9, 15, 66, 29, 0, 0.06%, 9, 0, 6, 225.38
1734329864, 9, 17, 66, 29, 0, 0.06%, 9, 0, 6, 289.59
1734329915, 9, 19, 66, 28, 0, 0.06%, 9, 0, 6, 253.26
1734329951, 9, 19, 67, 29, 0, 0.06%, 9, 0, 6, 265.47
1734329966, 9, 20, 67, 28, 0, 0.06%, 9, 0, 6, 226.90
1734329976, 9, 21, 67, 28, 0, 0.06%, 9, 0, 6, 237.82
1734329986, 9, 22, 67, 28, 0, 0.06%, 9, 0, 6, 249.53
1734330002, 9, 26, 67, 28, 0, 0.06%, 9, 0, 6, 381.15
1734330052, 9, 30, 67, 27, 0, 0.06%, 9, 0, 6, 385.88
1734330139, 9, 31, 67, 26, 0, 0.06%, 9, 0, 6, 355.30
1734330160, 9, 31, 68, 27, 0, 0.06%, 9, 0, 6, 276.78
1734330230, 9, 36, 68, 26, 0, 0.06%, 9, 0, 6, 365.42
1734330312, 9, 42, 68, 25, 0, 0.06%, 9, 0, 6, 331.99
1734330368, 9, 58, 68, 24, 0, 0.06%, 9, 0, 6, 329.16
1734330424, 9, 59, 68, 23, 0, 0.06%, 9, 0, 6, 233.70
1734331323, 9, 66, 69, 23, 0, 0.06%, 9, 0, 6, 354.42
1734331440, 10, 10, 69, 22, 0, 0.06%, 9, 0, 6, 228.36
1734331446, 10, 11, 69, 22, 0, 0.06%, 9, 0, 6, 241.50
1734331451, 10, 12, 69, 22, 0, 0.06%, 9, 0, 6, 242.65
1734331456, 10, 13, 69, 22, 0, 0.06%, 9, 0, 6, 257.31
1734331466, 10, 14, 69, 22, 0, 0.06%, 9, 0, 6, 246.04
1734331476, 10, 15, 69, 22, 0, 0.06%, 9, 0, 6, 233.43
1734331491, 10, 16, 69, 22, 0, 0.06%, 9, 0, 6, 253.90
1734331542, 10, 20, 69, 21, 0, 0.06%, 9, 0, 6, 232.47
1734331552, 10, 21, 69, 21, 0, 0.06%, 9, 0, 6, 252.21
1734331567, 10, 22, 69, 21, 0, 0.06%, 9, 0, 6, 238.40
1734331578, 10, 33, 69, 21, 0, 0.06%, 9, 0, 6, 282.60
1734331725, 10, 40, 69, 20, 0, 0.06%, 9, 0, 6, 361.83
1734331780, 10, 61, 69, 19, 0, 0.06%, 9, 0, 6, 326.48
1734331821, 10, 61, 70, 20, 0, 0.06%, 9, 0, 7, 234.92
1734331836, 11, 5, 70, 19, 0, 0.06%, 9, 0, 7, 256.91
1734331841, 11, 11, 70, 19, 0, 0.06%, 9, 0, 7, 252.84
1734331846, 11, 13, 70, 19, 0, 0.06%, 9, 0, 7, 240.30
1734331851, 11, 14, 70, 19, 0, 0.06%, 9, 0, 7, 239.99
1734331857, 11, 15, 70, 19, 0, 0.06%, 9, 0, 7, 237.63
1734331862, 11, 16, 70, 19, 0, 0.06%, 9, 0, 7, 245.34
1734331877, 11, 20, 70, 19, 0, 0.06%, 9, 0, 7, 258.28
1734331882, 11, 21, 70, 19, 0, 0.06%, 9, 0, 7, 245.92
1734331887, 11, 22, 70, 19, 0, 0.06%, 9, 0, 7, 244.05
1734331892, 11, 56, 70, 19, 0, 0.06%, 9, 0, 7, 291.01
1734332024, 11, 65, 70, 18, 0, 0.06%, 9, 0, 7, 360.38
1734332115, 11, 66, 70, 17, 0, 0.06%, 9, 0, 7, 253.98
1734332141, 11, 68, 70, 17, 0, 0.06%, 9, 0, 7, 315.26
1734332258, 12, 8, 70, 16, 0, 0.06%, 9, 0, 7, 240.81
1734332263, 12, 11, 70, 16, 0, 0.06%, 9, 0, 7, 236.13
1734332268, 12, 13, 70, 16, 0, 0.06%, 9, 0, 7, 241.65
1734332279, 12, 14, 70, 16, 0, 0.06%, 9, 0, 7, 251.54
1734332284, 12, 15, 70, 16, 0, 0.06%, 9, 0, 7, 243.64
1734332289, 12, 20, 70, 16, 0, 0.06%, 9, 0, 7, 242.59
1734332294, 12, 21, 70, 16, 0, 0.06%, 9, 0, 7, 251.80
1734332299, 12, 22, 70, 16, 0, 0.06%, 9, 0, 7, 233.05
1734332304, 12, 29, 70, 16, 0, 0.06%, 9, 0, 7, 269.86
1734332356, 12, 31, 70, 15, 0, 0.06%, 9, 0, 7, 246.10
1734332371, 12, 38, 70, 15, 0, 0.06%, 9, 0, 7, 250.10
1734332381, 12, 49, 70, 15, 0, 0.06%, 9, 0, 7, 290.89
1734332421, 12, 49, 71, 16, 0, 0.06%, 9, 0, 7, 236.01
1734332432, 12, 57, 71, 15, 0, 0.06%, 9, 0, 7, 251.07
1734332732, 12, 69, 71, 14, 0, 0.06%, 9, 0, 7, 316.43
1734332798, 13, 10, 71, 13, 0, 0.06%, 9, 0, 7, 236.04
1734332804, 13, 11, 71, 13, 0, 0.06%, 9, 0, 7, 241.78
1734332809, 13, 13, 71, 13, 0, 0.06%, 9, 0, 7, 237.20
1734332814, 13, 14, 71, 13, 0, 0.06%, 9, 0, 7, 239.67
1734332819, 13, 15, 71, 13, 0, 0.06%, 9, 0, 7, 230.06
1734332829, 13, 20, 71, 13, 0, 0.06%, 9, 0, 7, 235.42
1734332834, 13, 21, 71, 13, 0, 0.06%, 9, 0, 7, 233.17
1734332839, 13, 22, 71, 13, 0, 0.06%, 9, 0, 7, 232.44
1734332844, 13, 43, 71, 13, 0, 0.06%, 9, 0, 7, 300.08
1734332905, 13, 43, 72, 14, 0, 0.06%, 9, 0, 7, 281.77
1734332941, 13, 43, 73, 15, 0, 0.06%, 9, 0, 7, 282.19
1734333022, 13, 48, 73, 14, 0, 0.06%, 9, 0, 7, 370.79
1734333094, 13, 52, 73, 13, 0, 0.06%, 9, 0, 7, 331.17
1734333149, 13, 60, 73, 12, 0, 0.06%, 9, 0, 7, 194.02
