# unix_time, cycles_done, cur_path, paths_total, pending_total, pending_favs, map_size, unique_crashes, unique_hangs, max_depth, execs_per_sec
1734104702, 0, 0, 10, 10, 1, 0.00%, 0, 0, 1, 144.40
1734104707, 0, 2, 10, 10, 1, 0.00%, 0, 0, 1, 178.32
1734104712, 0, 3, 10, 9, 0, 0.00%, 0, 0, 1, 170.70
1734104722, 0, 4, 10, 8, 0, 0.00%, 0, 0, 1, 187.87
1734104727, 0, 5, 10, 7, 0, 0.00%, 0, 0, 1, 180.07
1734104737, 0, 6, 10, 6, 0, 0.00%, 0, 0, 1, 169.15
1734104747, 0, 7, 10, 5, 0, 0.00%, 0, 0, 1, 186.82
1734104753, 0, 7, 11, 6, 0, 0.05%, 1, 0, 2, 185.22
1734104758, 0, 10, 11, 5, 1, 0.05%, 1, 0, 2, 204.92
1734104778, 1, 0, 11, 4, 0, 0.05%, 1, 0, 2, 184.21
1734104783, 1, 9, 11, 3, 0, 0.05%, 1, 0, 2, 188.07
1734104788, 1, 10, 11, 2, 0, 0.05%, 1, 0, 2, 187.96
1734104793, 2, 10, 11, 2, 0, 0.05%, 1, 0, 2, 190.86
1734104803, 3, 4, 11, 2, 0, 0.05%, 1, 0, 2, 178.92
1734104809, 3, 10, 11, 2, 0, 0.05%, 1, 0, 2, 191.14
1734104819, 4, 8, 11, 2, 0, 0.05%, 1, 0, 2, 182.70
1734104829, 4, 10, 11, 1, 0, 0.05%, 1, 0, 2, 187.34
1734104840, 5, 1, 11, 1, 0, 0.05%, 1, 0, 2, 170.98
1734104845, 5, 10, 11, 0, 0, 0.05%, 1, 0, 2, 187.70
1734104860, 6, 10, 13, 2, 0, 0.05%, 2, 0, 3, 188.68
1734104885, 6, 12, 16, 5, 1, 0.06%, 5, 0, 4, 207.50
1734104890, 6, 12, 17, 6, 1, 0.06%, 6, 0, 4, 203.24
1734104972, 6, 12, 18, 7, 1, 0.06%, 6, 0, 4, 199.64
1734104977, 6, 12, 19, 8, 1, 0.06%, 7, 0, 4, 195.28
1734105033, 6, 13, 19, 7, 5, 0.06%, 7, 0, 4, 214.25
1734105038, 6, 13, 20, 8, 5, 0.06%, 7, 0, 5, 202.11
1734105059, 6, 13, 21, 9, 5, 0.06%, 7, 0, 5, 197.21
1734105105, 6, 13, 22, 10, 5, 0.06%, 8, 0, 5, 198.45
1734105136, 6, 13, 23, 11, 5, 0.06%, 8, 0, 5, 196.57
1734105208, 6, 13, 24, 12, 5, 0.06%, 8, 0, 5, 242.19
1734105218, 6, 13, 25, 13, 5, 0.06%, 9, 0, 5, 196.08
1734105223, 6, 13, 28, 16, 5, 0.06%, 9, 0, 5, 224.40
1734105233, 6, 14, 28, 15, 6, 0.06%, 9, 0, 5, 226.06
1734105248, 6, 14, 29, 16, 6, 0.06%, 9, 0, 5, 197.38
1734105325, 6, 14, 30, 17, 6, 0.06%, 9, 0, 5, 211.26
1734105345, 6, 14, 31, 18, 6, 0.06%, 9, 0, 5, 203.10
1734105365, 6, 14, 33, 20, 6, 0.06%, 9, 0, 5, 224.62
1734105370, 6, 14, 34, 21, 6, 0.06%, 9, 0, 5, 224.32
1734105380, 6, 15, 34, 20, 5, 0.06%, 9, 0, 5, 221.83
1734105416, 6, 15, 35, 21, 5, 0.06%, 9, 0, 5, 207.19
1734105441, 6, 15, 36, 22, 5, 0.06%, 9, 0, 5, 208.44
1734105461, 6, 15, 37, 23, 5, 0.06%, 9, 0, 5, 204.72
1734105477, 6, 15, 38, 24, 5, 0.06%, 9, 0, 5, 201.20
1734105507, 6, 15, 39, 25, 5, 0.06%, 9, 0, 5, 213.54
1734105517, 6, 15, 40, 26, 5, 0.06%, 9, 0, 5, 225.53
1734105527, 6, 16, 42, 27, 4, 0.06%, 9, 0, 5, 245.36
1734105578, 6, 16, 43, 28, 4, 0.06%, 9, 0, 5, 215.89
1734105588, 6, 18, 43, 27, 3, 0.06%, 9, 0, 5, 263.56
1734105598, 6, 18, 44, 28, 3, 0.06%, 9, 0, 5, 218.18
1734105608, 6, 18, 45, 29, 3, 0.06%, 9, 0, 5, 211.04
1734105659, 6, 18, 46, 30, 3, 0.06%, 9, 0, 5, 216.22
1734105689, 6, 18, 48, 32, 3, 0.06%, 9, 0, 5, 217.63
1734105715, 6, 18, 49, 33, 3, 0.06%, 9, 0, 5, 214.23
1734105735, 6, 22, 49, 32, 2, 0.06%, 9, 0, 5, 234.57
1734105791, 6, 24, 50, 32, 1, 0.06%, 9, 0, 6, 339.22
1734105806, 6, 24, 51, 33, 1, 0.06%, 9, 0, 6, 278.79
1734105817, 6, 24, 52, 34, 1, 0.06%, 9, 0, 6, 274.61
1734105938, 6, 25, 52, 33, 0, 0.06%, 9, 0, 6, 364.17
1734106009, 6, 32, 52, 32, 0, 0.06%, 9, 0, 6, 334.94
1734106060, 6, 34, 52, 31, 0, 0.06%, 9, 0, 6, 299.40
1734106111, 6, 38, 52, 30, 0, 0.06%, 9, 0, 6, 294.08
1734106121, 6, 38, 53, 31, 0, 0.06%, 9, 0, 6, 238.80
1734106203, 6, 44, 53, 30, 0, 0.06%, 9, 0, 6, 259.84
1734106243, 6, 44, 54, 31, 0, 0.06%, 9, 0, 6, 234.92
1734106259, 6, 44, 55, 32, 0, 0.06%, 9, 0, 6, 238.32
1734106279, 6, 44, 56, 33, 0, 0.06%, 9, 0, 6, 229.82
1734106365, 6, 47, 56, 32, 0, 0.06%, 9, 0, 6, 378.22
1734106416, 6, 51, 56, 31, 0, 0.06%, 9, 0, 6, 262.28
1734106426, 6, 51, 57, 32, 0, 0.06%, 9, 0, 7, 269.26
1734108986, 6, 51, 58, 33, 0, 0.06%, 9, 0, 7, 442.64
1734108996, 6, 51, 59, 34, 0, 0.06%, 9, 0, 7, 436.13
1734109017, 6, 51, 60, 35, 0, 0.06%, 9, 0, 7, 431.42
1734109027, 6, 51, 61, 36, 0, 0.06%, 9, 0, 7, 435.51
1734109037, 6, 51, 62, 37, 0, 0.06%, 9, 0, 7, 440.28
1734109052, 6, 51, 63, 38, 0, 0.06%, 9, 0, 7, 438.41
1734109067, 6, 55, 63, 37, 0, 0.06%, 9, 0, 7, 244.03
1734109128, 6, 55, 65, 39, 0, 0.06%, 9, 0, 7, 337.75
1734109154, 6, 55, 66, 40, 0, 0.06%, 9, 0, 7, 304.48
1734109169, 6, 55, 67, 41, 0, 0.06%, 9, 0, 7, 306.08
1734109250, 6, 61, 67, 40, 0, 0.06%, 9, 0, 7, 199.16
1734111928, 6, 65, 67, 39, 0, 0.06%, 9, 0, 7, 391.05
1734112020, 7, 5, 67, 38, 0, 0.06%, 9, 0, 7, 259.18
1734112025, 7, 12, 67, 38, 0, 0.06%, 9, 0, 7, 250.43
1734112030, 7, 13, 67, 38, 0, 0.06%, 9, 0, 7, 235.16
1734112040, 7, 14, 67, 38, 0, 0.06%, 9, 0, 7, 233.35
1734112051, 7, 15, 67, 38, 0, 0.06%, 9, 0, 7, 244.74
1734112061, 7, 16, 67, 38, 0, 0.06%, 9, 0, 7, 247.57
1734112071, 7, 17, 67, 38, 0, 0.06%, 9, 0, 7, 342.56
1734112126, 7, 18, 67, 37, 0, 0.06%, 9, 0, 7, 250.44
1734112137, 7, 22, 67, 37, 0, 0.06%, 9, 0, 7, 248.13
1734112147, 7, 24, 67, 37, 0, 0.06%, 9, 0, 7, 257.75
1734112162, 7, 28, 67, 37, 0, 0.06%, 9, 0, 7, 265.41
1734112208, 7, 30, 67, 36, 0, 0.06%, 9, 0, 7, 295.54
1734112264, 7, 31, 67, 35, 0, 0.06%, 9, 0, 7, 398.61
1734112335, 7, 33, 67, 34, 0, 0.06%, 9, 0, 7, 343.14
1734112395, 7, 33, 68, 35, 0, 0.06%, 9, 0, 7, 302.30
1734112436, 7, 36, 68, 34, 0, 0.06%, 9, 0, 7, 383.09
1734112491, 7, 37, 68, 33, 0, 0.06%, 9, 0, 7, 327.98
1734112517, 7, 37, 70, 35, 0, 0.06%, 9, 0, 7, 424.54
1734112618, 7, 39, 70, 34, 0, 0.06%, 9, 0, 7, 328.51
1734112669, 7, 39, 71, 35, 0, 0.06%, 9, 0, 7, 281.25
1734112674, 7, 46, 71, 34, 0, 0.06%, 9, 0, 7, 293.01
1734112725, 7, 48, 71, 33, 0, 0.06%, 9, 0, 7, 364.39
1734112811, 7, 52, 71, 32, 0, 0.06%, 9, 0, 7, 317.52
1734112842, 7, 52, 73, 34, 0, 0.06%, 9, 0, 7, 418.79
1734112979, 7, 65, 73, 33, 0, 0.06%, 9, 0, 7, 298.15
1734112989, 7, 72, 73, 33, 0, 0.06%, 9, 0, 7, 308.94
1734113117, 8, 12, 73, 32, 0, 0.06%, 9, 0, 7, 251.07
1734113122, 8, 13, 73, 32, 0, 0.06%, 9, 0, 7, 231.32
1734113132, 8, 14, 73, 32, 0, 0.06%, 9, 0, 7, 248.04
1734113142, 8, 15, 73, 32, 0, 0.06%, 9, 0, 7, 257.61
1734113157, 8, 16, 73, 32, 0, 0.06%, 9, 0, 7, 234.82
1734113162, 8, 18, 73, 32, 0, 0.06%, 9, 0, 7, 297.97
1734113177, 8, 19, 73, 32, 0, 0.06%, 9, 0, 7, 272.57
1734113223, 8, 22, 73, 31, 0, 0.06%, 9, 0, 7, 247.37
1734113238, 8, 24, 73, 31, 0, 0.06%, 9, 0, 7, 292.25
1734113248, 8, 29, 73, 31, 0, 0.06%, 9, 0, 7, 302.20
1734113299, 8, 36, 73, 30, 0, 0.06%, 9, 0, 7, 269.88
1734113309, 8, 39, 73, 30, 0, 0.06%, 9, 0, 7, 269.29
1734113320, 8, 48, 73, 30, 0, 0.06%, 9, 0, 7, 268.00
1734113330, 8, 60, 73, 30, 0, 0.06%, 9, 0, 7, 222.65
1734115867, 8, 62, 73, 29, 0, 0.06%, 9, 0, 7, 202.57
1734116552, 8, 62, 74, 30, 0, 0.06%, 9, 0, 8, 369.92
1734116607, 8, 71, 74, 29, 0, 0.06%, 9, 0, 8, 363.87
1734116734, 9, 11, 74, 28, 0, 0.06%, 9, 0, 8, 283.91
1734116765, 9, 13, 74, 27, 0, 0.06%, 9, 0, 8, 251.26
1734116775, 9, 14, 74, 27, 0, 0.06%, 9, 0, 8, 252.11
1734116780, 9, 15, 74, 27, 0, 0.06%, 9, 0, 8, 238.79
1734116785, 9, 16, 75, 28, 0, 0.06%, 9, 0, 8, 266.38
1734116790, 9, 18, 75, 28, 0, 0.06%, 9, 0, 8, 247.68
1734116795, 9, 20, 75, 28, 0, 0.06%, 9, 0, 8, 367.29
1734116851, 9, 22, 75, 27, 0, 0.06%, 9, 0, 8, 254.15
1734116856, 9, 24, 75, 27, 0, 0.06%, 9, 0, 8, 257.46
1734116861, 9, 26, 75, 27, 0, 0.06%, 9, 0, 8, 294.43
1734116927, 9, 41, 75, 26, 0, 0.06%, 9, 0, 8, 363.48
1734116977, 9, 49, 75, 25, 0, 0.06%, 9, 0, 8, 339.47
1734117028, 9, 56, 75, 24, 0, 0.06%, 9, 0, 8, 241.14
1734117165, 9, 58, 75, 23, 0, 0.06%, 9, 0, 8, 190.77
1734119132, 9, 73, 75, 22, 0, 0.06%, 9, 0, 8, 313.44
1734119258, 10, 13, 75, 21, 0, 0.06%, 9, 0, 8, 261.95
1734119264, 10, 14, 75, 21, 0, 0.06%, 9, 0, 8, 252.71
1734119269, 10, 15, 75, 21, 0, 0.06%, 9, 0, 8, 267.44
1734119274, 10, 16, 75, 21, 0, 0.06%, 9, 0, 8, 260.64
1734119279, 10, 18, 75, 21, 0, 0.06%, 9, 0, 8, 259.95
1734119289, 10, 20, 75, 21, 0, 0.06%, 9, 0, 8, 264.98
1734119299, 10, 22, 75, 21, 0, 0.06%, 9, 0, 8, 241.73
1734119304, 10, 23, 75, 21, 0, 0.06%, 9, 0, 8, 341.19
1734119355, 10, 24, 75, 20, 0, 0.06%, 9, 0, 8, 284.21
1734119360, 10, 29, 75, 20, 0, 0.06%, 9, 0, 8, 258.77
1734119370, 10, 35, 75, 20, 0, 0.06%, 9, 0, 8, 277.52
1734119498, 10, 42, 75, 19, 0, 0.06%, 9, 0, 8, 323.36
1734119548, 10, 42, 76, 20, 0, 0.06%, 9, 0, 8, 278.28
1734119559, 10, 45, 76, 19, 0, 0.06%, 9, 0, 8, 376.42
1734119615, 10, 54, 76, 18, 0, 0.06%, 9, 0, 8, 282.36
1734119665, 10, 63, 76, 17, 0, 0.06%, 9, 0, 8, 323.54
1734119767, 10, 74, 76, 16, 0, 0.06%, 9, 0, 8, 243.31
1734119777, 10, 74, 77, 17, 0, 0.06%, 9, 0, 8, 398.18
1734119995, 10, 76, 77, 16, 0, 0.06%, 9, 0, 8, 247.11
1734120224, 11, 12, 77, 15, 0, 0.06%, 9, 0, 8, 249.87
1734120229, 11, 13, 77, 15, 0, 0.06%, 9, 0, 8, 246.45
1734120234, 11, 14, 77, 15, 0, 0.06%, 9, 0, 8, 245.27
1734120239, 11, 15, 77, 15, 0, 0.06%, 9, 0, 8, 253.26
1734120244, 11, 16, 77, 15, 0, 0.06%, 9, 0, 8, 265.41
1734120249, 11, 18, 77, 15, 0, 0.06%, 9, 0, 8, 254.32
1734120254, 11, 22, 77, 15, 0, 0.06%, 9, 0, 8, 263.58
1734120259, 11, 24, 77, 15, 0, 0.06%, 9, 0, 8, 282.77
1734120264, 11, 38, 77, 15, 0, 0.06%, 9, 0, 8, 249.46
1734120275, 11, 43, 77, 15, 0, 0.06%, 9, 0, 8, 299.20
1734120356, 11, 46, 77, 14, 0, 0.06%, 9, 0, 8, 261.81
1734120366, 11, 48, 77, 14, 0, 0.06%, 9, 0, 8, 275.28
1734120376, 11, 53, 77, 14, 0, 0.06%, 9, 0, 8, 218.88
1734120626, 11, 67, 77, 13, 0, 0.06%, 9, 0, 8, 327.31
1734120733, 11, 68, 77, 12, 0, 0.06%, 9, 0, 8, 339.20
1734120865, 11, 70, 77, 11, 0, 0.06%, 9, 0, 8, 341.99
1734121232, 12, 12, 77, 10, 0, 0.06%, 9, 0, 8, 259.82
1734121237, 12, 13, 77, 10, 0, 0.06%, 9, 0, 8, 249.22
1734121242, 12, 14, 77, 10, 0, 0.06%, 9, 0, 8, 243.54
1734121247, 12, 15, 77, 10, 0, 0.06%, 9, 0, 8, 246.80
1734121252, 12, 16, 77, 10, 0, 0.06%, 9, 0, 8, 251.56
1734121257, 12, 18, 77, 10, 0, 0.06%, 9, 0, 8, 266.50
1734121262, 12, 22, 77, 10, 0, 0.06%, 9, 0, 8, 253.81
1734121273, 12, 24, 77, 10, 0, 0.06%, 9, 0, 8, 270.07
1734121278, 12, 56, 77, 10, 0, 0.06%, 9, 0, 8, 288.79
1734121288, 12, 58, 77, 10, 0, 0.06%, 9, 0, 8, 351.17
1734121293, 12, 59, 77, 10, 0, 0.06%, 9, 0, 8, 281.25
