# unix_time, cycles_done, cur_path, paths_total, pending_total, pending_favs, map_size, unique_crashes, unique_hangs, max_depth, execs_per_sec
1735525902, 0, 0, 10, 10, 1, 0.00%, 0, 0, 1, 152.67
1735525907, 0, 4, 10, 10, 1, 0.00%, 0, 0, 1, 192.55
1735525912, 0, 5, 10, 9, 0, 0.00%, 0, 0, 1, 196.24
1735525918, 0, 6, 10, 8, 0, 0.00%, 0, 0, 1, 191.79
1735525928, 0, 7, 10, 7, 0, 0.00%, 0, 0, 1, 198.90
1735525938, 0, 8, 10, 6, 0, 0.00%, 0, 0, 1, 195.06
1735525943, 0, 9, 10, 5, 0, 0.00%, 0, 0, 1, 178.25
1735525953, 1, 0, 10, 4, 0, 0.00%, 0, 0, 1, 196.30
1735525964, 1, 1, 10, 3, 0, 0.00%, 0, 0, 1, 195.30
1735525974, 1, 2, 10, 2, 0, 0.00%, 0, 0, 1, 191.94
1735525984, 1, 3, 10, 1, 0, 0.00%, 0, 0, 1, 191.44
1735525994, 1, 4, 10, 0, 0, 0.00%, 0, 0, 1, 192.01
1735525999, 1, 6, 10, 0, 0, 0.00%, 0, 0, 1, 191.82
1735526005, 1, 7, 10, 0, 0, 0.00%, 0, 0, 1, 189.58
1735526010, 1, 8, 10, 0, 0, 0.00%, 0, 0, 1, 189.79
1735526015, 2, 0, 10, 0, 0, 0.00%, 0, 0, 1, 186.54
1735526020, 2, 1, 10, 0, 0, 0.00%, 0, 0, 1, 190.32
1735526025, 2, 2, 10, 0, 0, 0.00%, 0, 0, 1, 190.57
1735526030, 2, 4, 10, 0, 0, 0.00%, 0, 0, 1, 194.01
1735526035, 2, 5, 10, 0, 0, 0.00%, 0, 0, 1, 191.50
1735526041, 2, 6, 10, 0, 0, 0.00%, 0, 0, 1, 193.15
1735526046, 2, 8, 10, 0, 0, 0.00%, 0, 0, 1, 191.38
1735526051, 2, 9, 10, 0, 0, 0.00%, 0, 0, 1, 189.16
1735526056, 3, 0, 10, 0, 0, 0.00%, 0, 0, 1, 190.16
1735526061, 3, 2, 10, 0, 0, 0.00%, 0, 0, 1, 194.09
1735526066, 3, 3, 10, 0, 0, 0.00%, 0, 0, 1, 192.62
1735526072, 3, 4, 10, 0, 0, 0.00%, 0, 0, 1, 190.33
1735526077, 3, 6, 10, 0, 0, 0.00%, 0, 0, 1, 188.89
1735526082, 3, 7, 10, 0, 0, 0.00%, 0, 0, 1, 188.52
1735526087, 3, 8, 10, 0, 0, 0.00%, 0, 0, 1, 192.78
1735526092, 4, 0, 10, 0, 0, 0.00%, 0, 0, 1, 192.07
1735526097, 4, 1, 10, 0, 0, 0.00%, 0, 0, 1, 193.78
1735526102, 4, 2, 10, 0, 0, 0.00%, 0, 0, 1, 190.13
1735526107, 4, 4, 10, 0, 0, 0.00%, 0, 0, 1, 195.59
1735526113, 4, 5, 10, 0, 0, 0.00%, 0, 0, 1, 192.07
1735526118, 4, 6, 10, 0, 0, 0.00%, 0, 0, 1, 189.61
1735526123, 4, 8, 10, 0, 0, 0.00%, 0, 0, 1, 188.75
1735526128, 4, 9, 10, 0, 0, 0.00%, 0, 0, 1, 190.12
1735526133, 5, 0, 10, 0, 0, 0.00%, 0, 0, 1, 188.74
1735526139, 5, 10, 11, 1, 1, 0.05%, 1, 0, 2, 213.42
1735526144, 5, 10, 12, 2, 1, 0.05%, 2, 0, 3, 205.89
1735526235, 5, 11, 15, 4, 1, 0.06%, 5, 0, 4, 216.27
1735526245, 5, 11, 17, 6, 1, 0.06%, 5, 0, 4, 203.99
1735526255, 5, 11, 18, 7, 1, 0.06%, 5, 0, 4, 208.28
1735526260, 5, 11, 19, 8, 1, 0.06%, 6, 0, 4, 206.01
1735526291, 5, 11, 20, 9, 1, 0.06%, 6, 0, 4, 202.91
1735526377, 5, 12, 20, 8, 4, 0.06%, 6, 0, 4, 234.36
1735526423, 5, 12, 21, 9, 4, 0.06%, 6, 0, 5, 203.41
1735526483, 5, 12, 22, 10, 4, 0.06%, 7, 0, 5, 200.38
1735526509, 5, 12, 24, 12, 4, 0.06%, 7, 0, 5, 205.93
1735526524, 5, 12, 25, 13, 4, 0.06%, 7, 0, 5, 229.97
1735526529, 5, 13, 25, 12, 4, 0.06%, 7, 0, 5, 234.96
1735526549, 5, 13, 26, 13, 4, 0.06%, 7, 0, 5, 214.71
1735526625, 5, 13, 27, 14, 4, 0.06%, 8, 0, 5, 217.40
1735526656, 5, 13, 30, 17, 4, 0.06%, 8, 0, 5, 237.17
1735526671, 5, 14, 30, 16, 4, 0.06%, 8, 0, 5, 236.87
1735526686, 5, 14, 31, 17, 4, 0.06%, 8, 0, 5, 212.20
1735526697, 5, 14, 32, 18, 4, 0.06%, 8, 0, 5, 219.17
1735526758, 5, 14, 33, 19, 4, 0.06%, 9, 0, 5, 217.98
1735526779, 5, 14, 34, 20, 4, 0.06%, 9, 0, 5, 219.34
1735526814, 5, 21, 34, 19, 4, 0.06%, 9, 0, 5, 230.62
1735526845, 5, 21, 35, 20, 4, 0.06%, 9, 0, 6, 210.83
1735526855, 5, 21, 36, 21, 4, 0.06%, 9, 0, 6, 210.59
1735526951, 5, 25, 36, 20, 3, 0.06%, 9, 0, 6, 231.86
1735526966, 5, 25, 37, 21, 3, 0.06%, 9, 0, 6, 231.23
1735526971, 5, 25, 38, 22, 3, 0.06%, 9, 0, 6, 230.65
1735526976, 5, 25, 39, 23, 3, 0.06%, 9, 0, 6, 232.30
1735526981, 5, 25, 40, 24, 3, 0.06%, 9, 0, 6, 230.42
1735527022, 5, 25, 41, 25, 3, 0.06%, 9, 0, 6, 231.03
1735527042, 5, 25, 42, 26, 3, 0.06%, 9, 0, 6, 232.12
1735527047, 5, 25, 43, 27, 3, 0.06%, 9, 0, 6, 232.34
1735527062, 5, 25, 44, 28, 3, 0.06%, 9, 0, 6, 221.15
1735527067, 5, 25, 45, 29, 3, 0.06%, 9, 0, 6, 228.26
1735527088, 5, 26, 45, 28, 2, 0.06%, 9, 0, 6, 265.11
1735527144, 5, 32, 45, 27, 1, 0.06%, 9, 0, 6, 280.65
1735527164, 5, 32, 46, 28, 1, 0.06%, 9, 0, 6, 236.21
1735527210, 5, 32, 47, 29, 1, 0.06%, 9, 0, 6, 236.59
1735527230, 5, 32, 48, 30, 1, 0.06%, 9, 0, 6, 235.25
1735527286, 5, 32, 49, 31, 1, 0.06%, 9, 0, 6, 222.49
1735527301, 5, 33, 50, 31, 0, 0.06%, 9, 0, 6, 309.04
1735527352, 5, 33, 51, 32, 0, 0.06%, 9, 0, 6, 254.89
1735527362, 5, 33, 52, 33, 0, 0.06%, 9, 0, 6, 261.59
1735527367, 5, 35, 53, 33, 0, 0.06%, 9, 0, 7, 307.28
1735527372, 5, 35, 55, 35, 0, 0.06%, 9, 0, 7, 260.93
1735527377, 5, 35, 56, 36, 0, 0.06%, 9, 0, 7, 250.19
1735527428, 5, 35, 57, 37, 0, 0.06%, 9, 0, 7, 240.42
1735527510, 5, 35, 58, 38, 0, 0.06%, 9, 0, 7, 245.43
1735527520, 5, 40, 58, 37, 0, 0.06%, 9, 0, 7, 254.62
1735527551, 5, 40, 59, 38, 0, 0.06%, 9, 0, 7, 238.43
1735527581, 5, 40, 60, 39, 0, 0.06%, 9, 0, 7, 233.04
1735527638, 5, 40, 61, 40, 0, 0.06%, 9, 0, 7, 235.69
1735527668, 5, 40, 63, 42, 0, 0.06%, 9, 0, 7, 251.12
1735527683, 5, 52, 63, 41, 0, 0.06%, 9, 0, 7, 195.42
