# unix_time, cycles_done, cur_path, paths_total, pending_total, pending_favs, map_size, unique_crashes, unique_hangs, max_depth, execs_per_sec
1735158078, 0, 0, 10, 10, 1, 0.00%, 0, 0, 1, 158.10
1735158083, 0, 3, 10, 10, 1, 0.00%, 0, 0, 1, 189.93
1735158088, 0, 4, 10, 9, 0, 0.00%, 0, 0, 1, 177.37
1735158098, 0, 5, 10, 8, 0, 0.00%, 0, 0, 1, 195.68
1735158103, 0, 6, 10, 7, 0, 0.00%, 0, 0, 1, 180.43
1735158113, 0, 7, 10, 6, 0, 0.00%, 0, 0, 1, 198.45
1735158119, 0, 8, 10, 5, 0, 0.00%, 0, 0, 1, 180.43
1735158129, 0, 9, 10, 4, 0, 0.00%, 0, 0, 1, 193.36
1735158134, 1, 0, 10, 3, 0, 0.00%, 0, 0, 1, 185.34
1735158144, 1, 1, 10, 2, 0, 0.00%, 0, 0, 1, 187.11
1735158154, 1, 2, 10, 1, 0, 0.00%, 0, 0, 1, 185.74
1735158165, 1, 3, 10, 0, 0, 0.00%, 0, 0, 1, 191.68
1735158170, 1, 4, 10, 0, 0, 0.00%, 0, 0, 1, 193.45
1735158175, 1, 5, 10, 0, 0, 0.00%, 0, 0, 1, 194.16
1735158180, 1, 7, 10, 0, 0, 0.00%, 0, 0, 1, 191.84
1735158185, 1, 8, 10, 0, 0, 0.00%, 0, 0, 1, 191.37
1735158190, 1, 9, 10, 0, 0, 0.00%, 0, 0, 1, 193.95
1735158196, 2, 1, 10, 0, 0, 0.00%, 0, 0, 1, 195.30
1735158201, 2, 2, 10, 0, 0, 0.00%, 0, 0, 1, 195.88
1735158206, 2, 3, 10, 0, 0, 0.00%, 0, 0, 1, 195.71
1735158211, 2, 5, 10, 0, 0, 0.00%, 0, 0, 1, 191.53
1735158216, 2, 6, 10, 0, 0, 0.00%, 0, 0, 1, 196.60
1735158221, 2, 8, 10, 0, 0, 0.00%, 0, 0, 1, 194.32
1735158226, 2, 9, 10, 0, 0, 0.00%, 0, 0, 1, 193.56
1735158232, 3, 0, 10, 0, 0, 0.00%, 0, 0, 1, 193.88
1735158237, 3, 2, 10, 0, 0, 0.00%, 0, 0, 1, 188.61
1735158242, 3, 3, 10, 0, 0, 0.00%, 0, 0, 1, 191.54
1735158247, 3, 4, 10, 0, 0, 0.00%, 0, 0, 1, 192.56
1735158252, 3, 6, 10, 0, 0, 0.00%, 0, 0, 1, 191.64
1735158257, 3, 7, 10, 0, 0, 0.00%, 0, 0, 1, 195.90
1735158262, 3, 8, 10, 0, 0, 0.00%, 0, 0, 1, 193.66
1735158267, 4, 0, 10, 0, 0, 0.00%, 0, 0, 1, 192.31
1735158273, 4, 1, 10, 0, 0, 0.00%, 0, 0, 1, 191.60
1735158278, 4, 2, 10, 0, 0, 0.00%, 0, 0, 1, 192.41
1735158283, 4, 4, 10, 0, 0, 0.00%, 0, 0, 1, 191.84
1735158288, 4, 5, 10, 0, 0, 0.00%, 0, 0, 1, 192.27
1735158293, 4, 6, 10, 0, 0, 0.00%, 0, 0, 1, 188.81
1735158298, 4, 8, 10, 0, 0, 0.00%, 0, 0, 1, 193.61
1735158304, 4, 9, 10, 0, 0, 0.00%, 0, 0, 1, 196.16
1735158309, 5, 0, 10, 0, 0, 0.00%, 0, 0, 1, 194.59
1735158314, 5, 2, 10, 0, 0, 0.00%, 0, 0, 1, 191.09
1735158319, 5, 3, 10, 0, 0, 0.00%, 0, 0, 1, 194.01
1735158324, 5, 5, 10, 0, 0, 0.00%, 0, 0, 1, 196.77
1735158330, 5, 6, 10, 0, 0, 0.00%, 0, 0, 1, 192.92
1735158335, 5, 7, 10, 0, 0, 0.00%, 0, 0, 1, 196.84
1735158340, 5, 9, 10, 0, 0, 0.00%, 0, 0, 1, 195.30
1735158345, 6, 0, 10, 0, 0, 0.00%, 0, 0, 1, 192.08
1735158350, 6, 1, 10, 0, 0, 0.00%, 0, 0, 1, 190.01
1735158355, 6, 3, 10, 0, 0, 0.00%, 0, 0, 1, 195.56
1735158360, 6, 4, 10, 0, 0, 0.00%, 0, 0, 1, 192.03
1735158366, 6, 5, 10, 0, 0, 0.00%, 0, 0, 1, 192.69
1735158371, 6, 7, 10, 0, 0, 0.00%, 0, 0, 1, 192.49
1735158376, 6, 8, 10, 0, 0, 0.00%, 0, 0, 1, 195.07
1735158381, 7, 0, 10, 0, 0, 0.00%, 0, 0, 1, 195.06
1735158386, 7, 1, 10, 0, 0, 0.00%, 0, 0, 1, 195.32
1735158391, 7, 2, 10, 0, 0, 0.00%, 0, 0, 1, 193.11
1735158397, 7, 4, 10, 0, 0, 0.00%, 0, 0, 1, 194.61
1735158402, 7, 5, 10, 0, 0, 0.00%, 0, 0, 1, 192.07
1735158407, 7, 6, 10, 0, 0, 0.00%, 0, 0, 1, 193.87
1735158412, 7, 8, 10, 0, 0, 0.00%, 0, 0, 1, 195.55
1735158417, 7, 9, 10, 0, 0, 0.00%, 0, 0, 1, 192.53
1735158422, 8, 0, 10, 0, 0, 0.00%, 0, 0, 1, 190.79
1735158427, 8, 2, 10, 0, 0, 0.00%, 0, 0, 1, 192.10
1735158433, 8, 3, 10, 0, 0, 0.00%, 0, 0, 1, 191.79
1735158438, 8, 4, 10, 0, 0, 0.00%, 0, 0, 1, 194.58
1735158443, 8, 6, 10, 0, 0, 0.00%, 0, 0, 1, 193.69
1735158448, 8, 7, 10, 0, 0, 0.00%, 0, 0, 1, 194.03
1735158453, 8, 9, 10, 0, 0, 0.00%, 0, 0, 1, 195.90
1735158458, 9, 0, 10, 0, 0, 0.00%, 0, 0, 1, 191.22
1735158464, 9, 1, 10, 0, 0, 0.00%, 0, 0, 1, 191.75
1735158469, 9, 3, 10, 0, 0, 0.00%, 0, 0, 1, 192.22
1735158474, 9, 4, 10, 0, 0, 0.00%, 0, 0, 1, 194.35
1735158479, 9, 5, 10, 0, 0, 0.00%, 0, 0, 1, 197.09
1735158484, 9, 7, 10, 0, 0, 0.00%, 0, 0, 1, 192.77
1735158490, 9, 8, 10, 0, 0, 0.00%, 0, 0, 1, 196.13
1735158495, 9, 9, 10, 0, 0, 0.00%, 0, 0, 1, 190.68
1735158500, 10, 1, 10, 0, 0, 0.00%, 0, 0, 1, 190.04
1735158505, 10, 2, 10, 0, 0, 0.00%, 0, 0, 1, 195.73
1735158510, 10, 3, 10, 0, 0, 0.00%, 0, 0, 1, 193.68
1735158515, 10, 5, 10, 0, 0, 0.00%, 0, 0, 1, 195.79
1735158520, 10, 6, 10, 0, 0, 0.00%, 0, 0, 1, 194.59
1735158526, 10, 8, 10, 0, 0, 0.00%, 0, 0, 1, 198.05
1735158531, 10, 9, 10, 0, 0, 0.00%, 0, 0, 1, 197.41
1735158536, 11, 0, 10, 0, 0, 0.00%, 0, 0, 1, 192.58
1735158541, 11, 2, 10, 0, 0, 0.00%, 0, 0, 1, 193.33
1735158546, 11, 3, 10, 0, 0, 0.00%, 0, 0, 1, 195.21
1735158551, 11, 4, 10, 0, 0, 0.00%, 0, 0, 1, 192.92
1735158557, 11, 6, 10, 0, 0, 0.00%, 0, 0, 1, 196.54
1735158562, 11, 7, 10, 0, 0, 0.00%, 0, 0, 1, 193.60
1735158567, 11, 9, 10, 0, 0, 0.00%, 0, 0, 1, 197.03
1735158572, 12, 0, 10, 0, 0, 0.00%, 0, 0, 1, 193.93
1735158577, 12, 1, 10, 0, 0, 0.00%, 0, 0, 1, 193.43
1735158582, 12, 3, 10, 0, 0, 0.00%, 0, 0, 1, 193.31
1735158587, 12, 4, 10, 0, 0, 0.00%, 0, 0, 1, 190.43
1735158592, 12, 5, 10, 0, 0, 0.00%, 0, 0, 1, 191.92
1735158598, 12, 7, 10, 0, 0, 0.00%, 0, 0, 1, 193.37
1735158603, 12, 8, 10, 0, 0, 0.00%, 0, 0, 1, 193.60
1735158608, 12, 9, 10, 0, 0, 0.00%, 0, 0, 1, 193.79
1735158613, 13, 1, 10, 0, 0, 0.00%, 0, 0, 1, 195.63
1735158618, 13, 2, 10, 0, 0, 0.00%, 0, 0, 1, 191.66
1735158623, 13, 3, 10, 0, 0, 0.00%, 0, 0, 1, 194.26
1735158629, 13, 5, 10, 0, 0, 0.00%, 0, 0, 1, 195.49
1735158634, 13, 6, 10, 0, 0, 0.00%, 0, 0, 1, 192.86
1735158639, 13, 7, 10, 0, 0, 0.00%, 0, 0, 1, 193.21
1735158644, 13, 8, 11, 1, 0, 0.05%, 1, 0, 2, 191.46
1735158649, 13, 10, 12, 2, 1, 0.05%, 2, 0, 3, 208.36
1735158704, 13, 10, 13, 3, 1, 0.05%, 3, 0, 3, 210.48
1735158791, 13, 11, 13, 2, 2, 0.05%, 3, 0, 3, 204.95
1735158796, 13, 11, 15, 4, 2, 0.06%, 5, 0, 4, 224.30
1735158801, 13, 11, 16, 5, 2, 0.06%, 5, 0, 4, 221.71
1735158806, 13, 11, 18, 7, 2, 0.06%, 6, 0, 4, 223.07
1735158827, 13, 11, 19, 8, 2, 0.06%, 6, 0, 4, 218.38
1735158847, 13, 11, 20, 9, 2, 0.06%, 6, 0, 4, 221.53
1735158872, 13, 11, 21, 10, 2, 0.06%, 6, 0, 4, 221.46
1735158877, 13, 11, 22, 11, 2, 0.06%, 6, 0, 4, 204.85
1735158908, 13, 11, 24, 13, 2, 0.06%, 6, 0, 4, 217.47
1735158913, 13, 11, 27, 16, 2, 0.06%, 7, 0, 4, 229.71
1735158923, 13, 11, 28, 17, 2, 0.06%, 7, 0, 4, 250.37
1735158933, 13, 12, 28, 16, 5, 0.06%, 7, 0, 4, 249.39
1735158938, 13, 12, 29, 17, 5, 0.06%, 7, 0, 4, 222.45
1735158948, 13, 12, 30, 18, 5, 0.06%, 7, 0, 4, 215.44
1735158953, 13, 12, 31, 19, 5, 0.06%, 7, 0, 4, 217.09
1735159014, 13, 12, 32, 20, 5, 0.06%, 8, 0, 4, 219.97
1735159045, 13, 12, 33, 21, 5, 0.06%, 8, 0, 4, 217.69
1735159055, 13, 12, 35, 23, 5, 0.06%, 8, 0, 4, 225.79
1735159060, 13, 13, 36, 23, 5, 0.06%, 8, 0, 4, 259.11
1735159090, 13, 13, 37, 24, 5, 0.06%, 8, 0, 5, 220.66
1735159101, 13, 13, 38, 25, 5, 0.06%, 8, 0, 5, 216.97
1735159177, 13, 13, 42, 29, 5, 0.06%, 8, 0, 5, 237.95
1735159192, 13, 13, 43, 30, 5, 0.06%, 8, 0, 5, 239.81
1735159197, 13, 14, 43, 29, 3, 0.06%, 8, 0, 5, 237.37
1735159217, 13, 14, 44, 30, 3, 0.06%, 8, 0, 5, 218.56
1735159258, 13, 14, 45, 31, 3, 0.06%, 8, 0, 5, 219.16
1735159268, 13, 14, 46, 32, 3, 0.06%, 9, 0, 5, 218.46
1735159349, 13, 14, 48, 34, 3, 0.06%, 9, 0, 5, 229.16
1735159354, 13, 14, 49, 35, 3, 0.06%, 9, 0, 5, 256.58
1735159359, 13, 14, 50, 36, 3, 0.06%, 9, 0, 5, 248.82
1735159369, 13, 15, 50, 35, 3, 0.06%, 9, 0, 5, 251.56
1735159405, 13, 15, 51, 36, 3, 0.06%, 9, 0, 5, 267.74
1735159415, 13, 36, 51, 35, 2, 0.06%, 9, 0, 5, 355.78
1735159420, 13, 36, 52, 36, 2, 0.06%, 9, 0, 6, 286.84
1735159461, 13, 36, 53, 37, 2, 0.06%, 9, 0, 6, 274.88
1735159466, 13, 36, 54, 38, 2, 0.06%, 9, 0, 6, 275.19
1735159471, 13, 45, 54, 37, 1, 0.06%, 9, 0, 6, 268.18
1735159522, 13, 48, 54, 36, 0, 0.06%, 9, 0, 6, 220.94
1735159877, 13, 48, 56, 38, 0, 0.06%, 9, 0, 6, 404.31
1735159882, 13, 48, 57, 39, 0, 0.06%, 9, 0, 6, 366.08
1735159887, 13, 48, 58, 40, 0, 0.06%, 9, 0, 6, 364.71
1735159978, 13, 49, 58, 39, 0, 0.06%, 9, 0, 6, 336.09
1735160176, 13, 52, 58, 38, 0, 0.06%, 9, 0, 6, 427.35
1735160212, 13, 52, 59, 39, 0, 0.06%, 9, 0, 7, 265.02
1735160262, 13, 53, 59, 38, 0, 0.06%, 9, 0, 7, 298.43
1735160272, 13, 53, 60, 39, 0, 0.06%, 9, 0, 7, 264.31
1735160283, 13, 53, 61, 40, 0, 0.06%, 9, 0, 7, 256.08
1735160414, 13, 60, 61, 39, 0, 0.06%, 9, 0, 7, 396.64
1735160460, 13, 60, 62, 40, 0, 0.06%, 9, 0, 8, 262.96
1735160465, 13, 60, 63, 41, 0, 0.06%, 9, 0, 8, 247.26
1735160470, 14, 10, 63, 40, 0, 0.06%, 9, 0, 8, 232.37
1735160480, 14, 11, 63, 40, 0, 0.06%, 9, 0, 8, 241.79
1735160491, 14, 12, 64, 41, 0, 0.06%, 9, 0, 8, 267.99
1735160506, 14, 13, 64, 41, 0, 0.06%, 9, 0, 8, 206.35
1735160526, 14, 14, 64, 41, 0, 0.06%, 9, 0, 8, 232.42
1735160552, 14, 15, 64, 41, 0, 0.06%, 9, 0, 8, 245.94
1735160572, 14, 17, 64, 41, 0, 0.06%, 9, 0, 8, 333.79
1735160577, 14, 17, 66, 43, 0, 0.06%, 9, 0, 8, 431.61
1735160664, 14, 17, 67, 44, 0, 0.06%, 9, 0, 8, 271.48
1735160694, 14, 17, 68, 45, 0, 0.06%, 9, 0, 8, 273.39
1735160699, 14, 17, 69, 46, 0, 0.06%, 9, 0, 8, 283.09
1735160781, 14, 23, 69, 45, 0, 0.06%, 9, 0, 8, 315.24
1735160832, 14, 31, 69, 44, 0, 0.06%, 9, 0, 8, 416.63
1735160882, 14, 33, 69, 43, 0, 0.06%, 9, 0, 8, 290.12
1735160939, 14, 34, 69, 42, 0, 0.06%, 9, 0, 8, 359.04
1735161055, 14, 36, 69, 41, 0, 0.06%, 9, 0, 8, 248.41
1735161075, 14, 45, 69, 41, 0, 0.06%, 9, 0, 8, 270.55
1735161101, 14, 65, 69, 41, 0, 0.06%, 9, 0, 8, 375.80
1735161202, 14, 66, 69, 40, 0, 0.06%, 9, 0, 8, 361.19
1735161274, 15, 10, 69, 39, 0, 0.06%, 9, 0, 8, 256.11
1735161289, 15, 11, 69, 39, 0, 0.06%, 9, 0, 8, 244.23
1735161299, 15, 12, 69, 39, 0, 0.06%, 9, 0, 8, 241.59
1735161304, 15, 13, 69, 39, 0, 0.06%, 9, 0, 8, 251.39
1735161329, 15, 14, 69, 39, 0, 0.06%, 9, 0, 8, 248.61
1735161350, 15, 15, 69, 39, 0, 0.06%, 9, 0, 8, 258.31
1735161375, 15, 16, 69, 39, 0, 0.06%, 9, 0, 8, 331.72
1735161430, 15, 18, 69, 38, 0, 0.06%, 9, 0, 8, 266.67
1735161466, 15, 24, 69, 37, 0, 0.06%, 9, 0, 8, 328.29
1735161516, 15, 25, 69, 36, 0, 0.06%, 9, 0, 8, 268.96
1735161801, 15, 32, 69, 35, 0, 0.06%, 9, 0, 8, 391.56
1735161852, 15, 36, 69, 34, 0, 0.06%, 9, 0, 8, 263.56
1735161878, 15, 37, 69, 34, 0, 0.06%, 9, 0, 8, 419.44
1735161918, 15, 37, 70, 35, 0, 0.06%, 9, 0, 8, 306.80
1735161928, 15, 39, 70, 34, 0, 0.06%, 9, 0, 8, 375.12
1735162194, 15, 40, 70, 33, 0, 0.06%, 9, 0, 8, 373.83
1735162310, 15, 43, 70, 32, 0, 0.06%, 9, 0, 8, 336.26
1735162392, 15, 44, 70, 31, 0, 0.06%, 9, 0, 8, 301.47
1735162448, 15, 45, 70, 30, 0, 0.06%, 9, 0, 8, 280.85
1735162468, 15, 46, 70, 30, 0, 0.06%, 9, 0, 8, 287.77
1735162636, 15, 46, 71, 31, 0, 0.06%, 9, 0, 8, 424.13
1735162672, 15, 51, 71, 30, 0, 0.06%, 9, 0, 8, 332.95
1735162718, 15, 58, 71, 29, 0, 0.06%, 9, 0, 8, 317.74
1735162774, 15, 62, 71, 28, 0, 0.06%, 9, 0, 8, 271.60
1735162865, 16, 5, 71, 27, 0, 0.06%, 9, 0, 8, 301.49
1735162870, 16, 10, 71, 27, 0, 0.06%, 9, 0, 8, 265.85
1735162875, 16, 11, 71, 27, 0, 0.06%, 9, 0, 8, 252.32
1735162880, 16, 12, 71, 27, 0, 0.06%, 9, 0, 8, 260.24
1735162885, 16, 13, 71, 27, 0, 0.06%, 9, 0, 8, 245.99
1735162895, 16, 14, 71, 27, 0, 0.06%, 9, 0, 8, 242.43
1735162905, 16, 15, 71, 27, 0, 0.06%, 9, 0, 8, 273.60
1735162921, 16, 21, 71, 27, 0, 0.06%, 9, 0, 8, 354.70
1735163074, 16, 29, 71, 26, 0, 0.06%, 9, 0, 8, 374.79
1735163129, 16, 36, 71, 25, 0, 0.06%, 9, 0, 8, 274.86
1735163140, 16, 38, 71, 25, 0, 0.06%, 9, 0, 8, 365.56
1735163191, 16, 45, 71, 24, 0, 0.06%, 9, 0, 8, 253.00
1735163201, 16, 59, 71, 24, 0, 0.06%, 9, 0, 8, 398.77
1735163236, 16, 59, 72, 25, 0, 0.06%, 9, 0, 8, 289.81
1735163282, 16, 63, 72, 24, 0, 0.06%, 9, 0, 8, 318.48
1735163398, 16, 68, 72, 23, 0, 0.06%, 9, 0, 8, 341.31
1735163464, 16, 69, 72, 22, 0, 0.06%, 9, 0, 8, 282.40
1735163622, 16, 69, 73, 23, 0, 0.06%, 9, 0, 8, 362.56
1735163678, 16, 70, 73, 22, 0, 0.06%, 9, 0, 8, 323.39
1735163882, 17, 10, 73, 21, 0, 0.06%, 9, 0, 8, 276.94
1735163887, 17, 12, 73, 21, 0, 0.06%, 9, 0, 8, 266.51
1735163892, 17, 13, 73, 21, 0, 0.06%, 9, 0, 8, 268.83
1735163897, 17, 14, 73, 21, 0, 0.06%, 9, 0, 8, 264.03
1735163902, 17, 15, 73, 21, 0, 0.06%, 9, 0, 8, 256.98
1735163907, 17, 28, 73, 21, 0, 0.06%, 9, 0, 8, 297.66
1735163953, 17, 35, 73, 20, 0, 0.06%, 9, 0, 8, 311.39
1735164065, 17, 36, 73, 19, 0, 0.06%, 9, 0, 8, 285.53
1735164070, 17, 45, 73, 19, 0, 0.06%, 9, 0, 8, 261.81
1735164080, 17, 56, 73, 19, 0, 0.06%, 9, 0, 8, 316.40
1735164514, 17, 70, 73, 18, 0, 0.06%, 9, 0, 8, 350.66
1735164530, 18, 10, 73, 18, 0, 0.06%, 9, 0, 8, 304.42
1735164535, 18, 12, 73, 18, 0, 0.06%, 9, 0, 8, 280.98
1735164540, 18, 13, 73, 18, 0, 0.06%, 9, 0, 8, 266.66
1735164545, 18, 14, 73, 18, 0, 0.06%, 9, 0, 8, 271.63
1735164550, 18, 15, 73, 18, 0, 0.06%, 9, 0, 8, 273.53
1735164555, 18, 19, 73, 18, 0, 0.06%, 9, 0, 8, 369.86
1735164631, 18, 26, 73, 17, 0, 0.06%, 9, 0, 8, 297.37
1735165011, 18, 30, 73, 16, 0, 0.06%, 9, 0, 8, 214.30
1735166461, 18, 36, 73, 15, 0, 0.06%, 9, 0, 8, 278.38
1735166466, 18, 45, 73, 15, 0, 0.06%, 9, 0, 8, 276.90
1735166471, 18, 50, 73, 15, 0, 0.06%, 9, 0, 8, 235.98
1735167049, 18, 51, 73, 14, 0, 0.06%, 9, 0, 8, 263.19
1735167069, 18, 54, 73, 14, 0, 0.06%, 9, 0, 8, 238.70
1735167510, 18, 55, 73, 13, 0, 0.06%, 9, 0, 8, 215.13
1735168007, 18, 61, 73, 12, 0, 0.06%, 9, 0, 8, 322.03
1735168078, 18, 68, 73, 11, 0, 0.06%, 9, 0, 8, 297.30
1735168098, 18, 71, 74, 12, 0, 0.06%, 9, 0, 9, 358.99
1735168240, 19, 10, 74, 11, 0, 0.06%, 9, 0, 9, 290.08
1735168245, 19, 11, 74, 11, 0, 0.06%, 9, 0, 9, 273.60
1735168250, 19, 13, 74, 11, 0, 0.06%, 9, 0, 9, 265.03
1735168256, 19, 14, 74, 11, 0, 0.06%, 9, 0, 9, 266.26
1735168261, 19, 15, 74, 11, 0, 0.06%, 9, 0, 9, 286.25
1735168266, 19, 20, 74, 11, 0, 0.06%, 9, 0, 9, 320.08
1735168312, 19, 22, 74, 10, 0, 0.06%, 9, 0, 9, 305.54
1735168357, 19, 36, 74, 9, 0, 0.06%, 9, 0, 9, 270.43
1735168362, 19, 45, 74, 9, 0, 0.06%, 9, 0, 9, 271.73
1735168367, 19, 73, 74, 9, 0, 0.06%, 9, 0, 9, 299.91
1735168515, 20, 10, 74, 8, 0, 0.06%, 9, 0, 9, 257.41
1735168520, 20, 12, 74, 8, 0, 0.06%, 9, 0, 9, 253.31
1735168525, 20, 13, 74, 8, 0, 0.06%, 9, 0, 9, 270.67
1735168530, 20, 14, 74, 8, 0, 0.06%, 9, 0, 9, 274.05
1735168535, 20, 15, 74, 8, 0, 0.06%, 9, 0, 9, 260.73
1735168540, 20, 20, 74, 8, 0, 0.06%, 9, 0, 9, 268.70
1735168560, 20, 25, 74, 8, 0, 0.06%, 9, 0, 9, 335.93
1735168581, 20, 28, 74, 8, 0, 0.06%, 9, 0, 9, 268.96
1735168601, 20, 31, 74, 8, 0, 0.06%, 9, 0, 9, 285.05
1735168621, 20, 36, 74, 8, 0, 0.06%, 9, 0, 9, 286.58
1735168626, 20, 42, 74, 8, 0, 0.06%, 9, 0, 9, 329.84
