# unix_time, cycles_done, cur_path, paths_total, pending_total, pending_favs, map_size, unique_crashes, unique_hangs, max_depth, execs_per_sec
1735233767, 0, 0, 10, 10, 1, 0.00%, 0, 0, 1, 162.27
1735233772, 0, 2, 10, 10, 1, 0.00%, 0, 0, 1, 197.11
1735233777, 0, 3, 10, 9, 0, 0.00%, 0, 0, 1, 201.25
1735233782, 0, 4, 10, 8, 0, 0.00%, 0, 0, 1, 197.29
1735233792, 0, 5, 10, 7, 0, 0.00%, 0, 0, 1, 194.01
1735233803, 0, 6, 10, 6, 0, 0.00%, 0, 0, 1, 196.95
1735233808, 0, 7, 10, 5, 0, 0.00%, 0, 0, 1, 198.18
1735233813, 0, 8, 10, 4, 0, 0.00%, 0, 0, 1, 202.26
1735233823, 0, 9, 10, 3, 0, 0.00%, 0, 0, 1, 198.17
1735233833, 1, 0, 10, 2, 0, 0.00%, 0, 0, 1, 198.04
1735233844, 1, 1, 10, 1, 0, 0.00%, 0, 0, 1, 197.45
1735233854, 1, 3, 10, 0, 0, 0.00%, 0, 0, 1, 195.96
1735233859, 1, 4, 10, 0, 0, 0.00%, 0, 0, 1, 195.58
1735233864, 1, 6, 10, 0, 0, 0.00%, 0, 0, 1, 195.36
1735233869, 1, 7, 10, 0, 0, 0.00%, 0, 0, 1, 194.75
1735233875, 1, 8, 10, 0, 0, 0.00%, 0, 0, 1, 196.44
1735233880, 2, 0, 10, 0, 0, 0.00%, 0, 0, 1, 199.39
1735233885, 2, 1, 10, 0, 0, 0.00%, 0, 0, 1, 196.25
1735233890, 2, 2, 10, 0, 0, 0.00%, 0, 0, 1, 199.43
1735233895, 2, 4, 10, 0, 0, 0.00%, 0, 0, 1, 194.78
1735233900, 2, 5, 10, 0, 0, 0.00%, 0, 0, 1, 198.54
1735233905, 2, 7, 10, 0, 0, 0.00%, 0, 0, 1, 195.77
1735233910, 2, 8, 10, 0, 0, 0.00%, 0, 0, 1, 196.36
1735233916, 2, 9, 10, 0, 0, 0.00%, 0, 0, 1, 196.18
1735233921, 3, 1, 10, 0, 0, 0.00%, 0, 0, 1, 195.66
1735233926, 3, 2, 10, 0, 0, 0.00%, 0, 0, 1, 196.92
1735233931, 3, 3, 10, 0, 0, 0.00%, 0, 0, 1, 197.93
1735233936, 3, 5, 10, 0, 0, 0.00%, 0, 0, 1, 198.67
1735233941, 3, 6, 10, 0, 0, 0.00%, 0, 0, 1, 195.40
1735233946, 3, 8, 10, 0, 0, 0.00%, 0, 0, 1, 196.40
1735233952, 3, 9, 10, 0, 0, 0.00%, 0, 0, 1, 196.34
1735233957, 4, 0, 10, 0, 0, 0.00%, 0, 0, 1, 192.48
1735233962, 4, 2, 10, 0, 0, 0.00%, 0, 0, 1, 195.82
1735233967, 4, 3, 10, 0, 0, 0.00%, 0, 0, 1, 198.69
1735233972, 4, 4, 10, 0, 0, 0.00%, 0, 0, 1, 191.97
1735233978, 4, 6, 10, 0, 0, 0.00%, 0, 0, 1, 197.67
1735233983, 4, 7, 10, 0, 0, 0.00%, 0, 0, 1, 193.98
1735233988, 4, 9, 10, 0, 0, 0.00%, 0, 0, 1, 193.39
1735233993, 5, 0, 10, 0, 0, 0.00%, 0, 0, 1, 195.91
1735233998, 5, 1, 10, 0, 0, 0.00%, 0, 0, 1, 195.71
1735234003, 5, 3, 10, 0, 0, 0.00%, 0, 0, 1, 195.06
1735234008, 5, 4, 10, 0, 0, 0.00%, 0, 0, 1, 194.96
1735234014, 5, 5, 10, 0, 0, 0.00%, 0, 0, 1, 199.81
1735234019, 5, 7, 10, 0, 0, 0.00%, 0, 0, 1, 197.21
1735234024, 5, 8, 10, 0, 0, 0.00%, 0, 0, 1, 195.37
1735234029, 6, 0, 10, 0, 0, 0.00%, 0, 0, 1, 199.51
1735234034, 6, 1, 10, 0, 0, 0.00%, 0, 0, 1, 193.72
1735234039, 6, 10, 13, 3, 1, 0.05%, 3, 0, 3, 213.95
1735234079, 6, 10, 14, 4, 1, 0.05%, 4, 0, 3, 206.37
1735234085, 6, 10, 15, 5, 1, 0.06%, 5, 0, 3, 214.44
1735234120, 6, 10, 16, 6, 1, 0.06%, 5, 0, 3, 212.10
1735234145, 6, 10, 17, 7, 1, 0.06%, 6, 0, 3, 211.39
1735234175, 6, 10, 23, 13, 1, 0.06%, 6, 0, 3, 222.99
1735234180, 6, 10, 25, 15, 1, 0.06%, 7, 0, 3, 240.29
1735234185, 6, 11, 26, 15, 6, 0.06%, 8, 0, 4, 238.56
1735234226, 6, 12, 27, 15, 6, 0.06%, 8, 0, 4, 236.15
1735234251, 6, 12, 28, 16, 6, 0.06%, 8, 0, 4, 213.76
1735234277, 6, 12, 29, 17, 6, 0.06%, 8, 0, 4, 217.46
1735234357, 6, 13, 29, 16, 5, 0.06%, 8, 0, 4, 245.33
1735234362, 6, 13, 30, 17, 5, 0.06%, 8, 0, 4, 220.24
1735234367, 6, 13, 31, 18, 5, 0.06%, 8, 0, 4, 214.41
1735234372, 6, 13, 32, 19, 5, 0.06%, 8, 0, 4, 220.82
1735234464, 6, 13, 33, 20, 5, 0.06%, 8, 0, 4, 220.94
1735234474, 6, 13, 35, 22, 5, 0.06%, 8, 0, 4, 250.99
1735234479, 6, 13, 36, 23, 5, 0.06%, 8, 0, 4, 269.55
1735234484, 6, 14, 36, 22, 4, 0.06%, 8, 0, 4, 257.73
1735234499, 6, 14, 37, 23, 4, 0.06%, 8, 0, 4, 215.57
1735234555, 6, 21, 37, 22, 3, 0.06%, 8, 0, 4, 252.77
1735234565, 6, 21, 38, 23, 3, 0.06%, 8, 0, 4, 226.80
1735234621, 6, 23, 41, 25, 2, 0.06%, 8, 0, 4, 302.07
1735234642, 6, 23, 42, 26, 2, 0.06%, 8, 0, 4, 239.75
1735234683, 6, 23, 43, 27, 2, 0.06%, 8, 0, 4, 250.89
1735234688, 6, 23, 48, 32, 2, 0.06%, 8, 0, 4, 296.52
1735234693, 6, 25, 48, 31, 2, 0.06%, 8, 0, 4, 257.13
1735234729, 6, 25, 49, 32, 2, 0.06%, 8, 0, 5, 219.20
1735234774, 6, 25, 50, 33, 2, 0.06%, 8, 0, 5, 243.91
1735234784, 6, 40, 50, 32, 1, 0.06%, 8, 0, 5, 313.90
1735234789, 6, 40, 51, 33, 1, 0.06%, 8, 0, 5, 254.13
1735234851, 6, 40, 52, 34, 1, 0.06%, 8, 0, 5, 246.01
1735234927, 6, 40, 56, 38, 1, 0.06%, 8, 0, 5, 286.71
1735234932, 6, 40, 57, 39, 1, 0.06%, 8, 0, 5, 256.14
1735234942, 6, 41, 57, 38, 0, 0.06%, 8, 0, 5, 320.71
1735234953, 6, 41, 58, 39, 0, 0.06%, 8, 0, 5, 242.51
1735235019, 6, 41, 60, 41, 0, 0.06%, 8, 0, 5, 277.71
1735235034, 6, 47, 60, 40, 0, 0.06%, 8, 0, 5, 284.90
1735235039, 6, 47, 62, 42, 0, 0.06%, 8, 0, 5, 416.50
1735235172, 6, 48, 62, 41, 0, 0.06%, 8, 0, 5, 393.98
1735235197, 6, 48, 64, 43, 0, 0.06%, 8, 0, 6, 439.27
1735235325, 6, 59, 64, 42, 0, 0.06%, 8, 0, 6, 271.87
1735235447, 6, 60, 64, 41, 0, 0.06%, 8, 0, 6, 297.23
1735235549, 7, 10, 64, 40, 0, 0.06%, 8, 0, 6, 229.83
1735235554, 7, 11, 64, 40, 0, 0.06%, 8, 0, 6, 237.70
1735235564, 7, 12, 64, 40, 0, 0.06%, 8, 0, 6, 250.29
1735235569, 7, 13, 64, 40, 0, 0.06%, 8, 0, 6, 247.83
1735235574, 7, 14, 64, 40, 0, 0.06%, 8, 0, 6, 251.18
1735235579, 7, 15, 65, 41, 0, 0.06%, 8, 0, 6, 267.75
1735235604, 7, 21, 65, 40, 0, 0.06%, 8, 0, 6, 244.82
1735235614, 7, 22, 65, 40, 0, 0.06%, 8, 0, 6, 378.49
1735235640, 7, 24, 65, 39, 0, 0.06%, 8, 0, 6, 322.10
1735235665, 7, 25, 66, 39, 0, 0.06%, 8, 0, 6, 266.23
1735235680, 7, 36, 67, 40, 0, 0.06%, 8, 0, 6, 300.09
1735235685, 7, 36, 68, 41, 0, 0.06%, 8, 0, 6, 255.58
1735235827, 7, 40, 68, 40, 0, 0.06%, 8, 0, 6, 269.82
1735235838, 7, 49, 68, 40, 0, 0.06%, 8, 0, 6, 253.98
1735235964, 7, 56, 68, 39, 0, 0.06%, 8, 0, 6, 363.24
1735236082, 7, 57, 68, 38, 0, 0.06%, 8, 0, 6, 332.59
1735236137, 7, 66, 68, 37, 0, 0.06%, 8, 0, 6, 362.72
1735236188, 7, 67, 68, 36, 0, 0.06%, 8, 0, 6, 400.08
1735236224, 7, 67, 69, 37, 0, 0.06%, 8, 0, 6, 318.84
1735236279, 8, 10, 69, 36, 0, 0.06%, 8, 0, 6, 253.74
1735236285, 8, 11, 69, 36, 0, 0.06%, 8, 0, 6, 243.87
1735236290, 8, 12, 69, 36, 0, 0.06%, 8, 0, 6, 231.68
1735236295, 8, 13, 69, 36, 0, 0.06%, 8, 0, 6, 243.12
1735236300, 8, 14, 69, 36, 0, 0.06%, 8, 0, 6, 247.26
1735236305, 8, 18, 69, 36, 0, 0.06%, 8, 0, 6, 309.18
1735236325, 8, 18, 70, 37, 0, 0.06%, 8, 0, 6, 268.57
1735236336, 8, 21, 70, 36, 0, 0.06%, 8, 0, 6, 260.49
1735236341, 8, 25, 70, 36, 0, 0.06%, 8, 0, 6, 242.72
1735236351, 8, 26, 70, 36, 0, 0.06%, 8, 0, 6, 378.25
1735236412, 8, 32, 70, 35, 0, 0.06%, 8, 0, 6, 321.72
1735236417, 8, 32, 71, 36, 0, 0.06%, 8, 0, 6, 375.98
1735236703, 8, 38, 71, 35, 0, 0.06%, 8, 0, 6, 290.59
1735236753, 8, 40, 71, 34, 0, 0.06%, 8, 0, 6, 258.78
1735236763, 8, 46, 71, 34, 0, 0.06%, 8, 0, 6, 338.87
1735236885, 8, 58, 71, 33, 0, 0.06%, 8, 0, 6, 365.09
1735237007, 8, 61, 71, 32, 0, 0.06%, 8, 0, 6, 395.46
1735237109, 8, 69, 71, 31, 0, 0.06%, 8, 0, 6, 249.08
1735237308, 8, 70, 71, 30, 0, 0.06%, 8, 0, 6, 352.67
1735237471, 9, 11, 71, 29, 0, 0.06%, 8, 0, 6, 252.08
1735237476, 9, 13, 71, 29, 0, 0.06%, 8, 0, 6, 251.13
1735237481, 9, 17, 71, 29, 0, 0.06%, 8, 0, 6, 271.84
1735237506, 9, 17, 72, 30, 0, 0.06%, 8, 0, 6, 265.96
1735237511, 9, 25, 72, 29, 0, 0.06%, 8, 0, 6, 257.08
1735237521, 9, 27, 72, 29, 0, 0.06%, 8, 0, 6, 265.29
1735237536, 9, 27, 73, 30, 0, 0.06%, 8, 0, 6, 236.11
1735237608, 9, 40, 73, 29, 0, 0.06%, 8, 0, 6, 234.37
1735237613, 9, 50, 73, 29, 0, 0.06%, 8, 0, 6, 291.40
1735237689, 9, 55, 73, 28, 0, 0.06%, 8, 0, 6, 404.05
1735237745, 9, 58, 73, 27, 0, 0.06%, 8, 0, 6, 271.88
1735237755, 9, 62, 73, 27, 0, 0.06%, 8, 0, 6, 377.61
1735237872, 9, 64, 73, 26, 0, 0.06%, 8, 0, 6, 289.89
1735237928, 9, 65, 73, 25, 0, 0.06%, 8, 0, 6, 336.81
1735238009, 10, 10, 74, 25, 0, 0.06%, 8, 0, 6, 258.96
1735238014, 10, 12, 74, 25, 0, 0.06%, 8, 0, 6, 254.94
1735238019, 10, 14, 74, 25, 0, 0.06%, 8, 0, 6, 259.37
1735238025, 10, 21, 74, 25, 0, 0.06%, 8, 0, 6, 266.11
1735238030, 10, 25, 74, 25, 0, 0.06%, 8, 0, 6, 275.30
1735238035, 10, 40, 74, 25, 0, 0.06%, 8, 0, 6, 261.37
1735238040, 10, 42, 74, 25, 0, 0.06%, 8, 0, 6, 275.33
1735238090, 10, 62, 74, 24, 0, 0.06%, 8, 0, 6, 283.23
1735238101, 10, 63, 74, 24, 0, 0.06%, 8, 0, 6, 314.53
1735238223, 10, 70, 74, 23, 0, 0.06%, 8, 0, 6, 301.57
1735238243, 10, 71, 74, 23, 0, 0.06%, 8, 0, 6, 227.21
