# unix_time, cycles_done, cur_path, paths_total, pending_total, pending_favs, map_size, unique_crashes, unique_hangs, max_depth, execs_per_sec
1734523104, 0, 0, 10, 10, 1, 0.00%, 0, 0, 1, 160.64
1734523109, 0, 3, 10, 10, 1, 0.00%, 0, 0, 1, 186.60
1734523114, 0, 4, 10, 9, 0, 0.00%, 0, 0, 1, 171.16
1734523124, 0, 5, 10, 8, 0, 0.00%, 0, 0, 1, 189.60
1734523130, 0, 6, 10, 7, 0, 0.00%, 0, 0, 1, 180.53
1734523135, 0, 6, 11, 8, 0, 0.05%, 1, 0, 2, 187.79
1734523145, 0, 10, 12, 8, 1, 0.05%, 2, 0, 3, 209.06
1734523165, 0, 11, 15, 10, 1, 0.06%, 5, 0, 4, 215.16
1734523180, 0, 12, 16, 10, 3, 0.06%, 5, 0, 5, 227.84
1734523215, 0, 12, 17, 11, 3, 0.06%, 5, 0, 5, 200.52
1734523261, 0, 13, 17, 10, 2, 0.06%, 5, 0, 5, 231.02
1734523286, 0, 14, 17, 9, 1, 0.06%, 5, 0, 5, 220.21
1734523296, 0, 14, 18, 10, 1, 0.06%, 5, 0, 5, 201.38
1734523301, 0, 14, 19, 11, 1, 0.06%, 5, 0, 5, 198.48
1734523322, 0, 14, 20, 12, 1, 0.06%, 5, 0, 5, 197.59
1734523327, 0, 14, 21, 13, 1, 0.06%, 5, 0, 5, 199.42
1734523352, 0, 14, 22, 14, 1, 0.06%, 6, 0, 5, 200.95
1734523408, 0, 14, 23, 15, 1, 0.06%, 7, 0, 5, 204.51
1734523449, 0, 21, 25, 16, 2, 0.06%, 9, 0, 6, 251.11
1734523454, 0, 21, 26, 17, 2, 0.06%, 9, 0, 6, 255.33
1734523480, 0, 21, 27, 18, 2, 0.06%, 9, 0, 6, 223.99
1734523510, 0, 22, 27, 17, 4, 0.06%, 9, 0, 6, 241.27
1734523520, 0, 22, 28, 18, 4, 0.06%, 9, 0, 6, 201.41
1734523540, 0, 23, 28, 17, 3, 0.06%, 9, 0, 6, 233.98
1734523560, 0, 24, 28, 16, 2, 0.06%, 9, 0, 6, 258.00
1734523576, 0, 24, 30, 18, 2, 0.06%, 9, 0, 7, 222.14
1734523581, 0, 24, 31, 19, 2, 0.06%, 9, 0, 7, 223.88
1734523616, 0, 24, 32, 20, 2, 0.06%, 9, 0, 7, 221.52
1734523672, 0, 25, 32, 19, 2, 0.06%, 9, 0, 7, 234.51
1734523692, 0, 28, 32, 18, 1, 0.06%, 9, 0, 7, 232.86
1734523702, 0, 28, 33, 19, 1, 0.06%, 9, 0, 8, 215.72
1734523717, 0, 28, 34, 20, 1, 0.06%, 9, 0, 8, 213.33
1734523722, 0, 28, 35, 21, 1, 0.06%, 9, 0, 8, 212.00
1734523747, 0, 28, 36, 22, 1, 0.06%, 9, 0, 8, 211.32
1734523814, 1, 0, 36, 21, 0, 0.06%, 9, 0, 8, 199.21
1734523819, 1, 10, 36, 19, 0, 0.06%, 9, 0, 8, 192.74
1734523824, 1, 12, 36, 19, 0, 0.06%, 9, 0, 8, 207.87
1734523829, 1, 12, 37, 20, 0, 0.06%, 9, 0, 8, 207.69
1734523834, 1, 14, 37, 20, 0, 0.06%, 9, 0, 8, 206.66
1734523839, 1, 16, 39, 22, 0, 0.06%, 9, 0, 8, 337.57
1734523854, 1, 16, 40, 23, 0, 0.06%, 9, 0, 8, 240.84
1734523874, 1, 16, 41, 24, 0, 0.06%, 9, 0, 8, 235.32
1734523879, 1, 16, 42, 25, 0, 0.06%, 9, 0, 8, 244.43
1734523931, 1, 16, 43, 26, 0, 0.06%, 9, 0, 8, 241.53
1734523951, 1, 18, 44, 26, 0, 0.06%, 9, 0, 8, 280.41
1734523967, 1, 19, 44, 25, 0, 0.06%, 9, 0, 8, 350.99
1734523977, 1, 19, 46, 27, 0, 0.06%, 9, 0, 8, 245.24
1734524008, 1, 22, 46, 26, 0, 0.06%, 9, 0, 8, 221.96
1734524013, 1, 23, 48, 28, 0, 0.06%, 9, 0, 8, 219.33
1734524018, 1, 25, 48, 28, 0, 0.06%, 9, 0, 8, 221.08
1734524023, 1, 30, 48, 28, 0, 0.06%, 9, 0, 8, 247.46
1734524043, 1, 32, 48, 27, 0, 0.06%, 9, 0, 8, 310.65
1734524063, 1, 36, 49, 27, 0, 0.06%, 9, 0, 8, 392.00
1734524104, 1, 40, 49, 26, 0, 0.06%, 9, 0, 8, 305.42
1734524160, 1, 46, 49, 25, 0, 0.06%, 9, 0, 8, 291.49
1734524201, 1, 46, 50, 26, 0, 0.06%, 9, 0, 8, 292.02
1734524211, 1, 46, 51, 27, 0, 0.06%, 9, 0, 8, 273.54
1734524231, 1, 46, 52, 28, 0, 0.06%, 9, 0, 8, 270.75
1734524318, 1, 49, 52, 27, 0, 0.06%, 9, 0, 8, 321.99
1734524343, 1, 49, 53, 28, 0, 0.06%, 9, 0, 9, 425.20
1734524399, 1, 52, 53, 27, 0, 0.06%, 9, 0, 9, 321.25
1734524485, 2, 13, 53, 26, 0, 0.06%, 9, 0, 9, 242.28
1734524490, 2, 20, 53, 26, 0, 0.06%, 9, 0, 9, 235.11
1734524505, 2, 22, 53, 25, 0, 0.06%, 9, 0, 9, 232.38
1734524510, 2, 28, 53, 25, 0, 0.06%, 9, 0, 9, 236.48
1734524516, 2, 31, 54, 26, 0, 0.06%, 9, 0, 9, 345.12
1734524531, 2, 34, 54, 25, 0, 0.06%, 9, 0, 9, 344.80
1734524546, 2, 35, 54, 24, 0, 0.06%, 9, 0, 9, 271.78
1734524572, 2, 39, 54, 23, 0, 0.06%, 9, 0, 9, 275.74
1734524592, 2, 42, 55, 23, 0, 0.06%, 9, 0, 9, 274.91
1734524623, 2, 50, 55, 22, 0, 0.06%, 9, 0, 9, 306.24
1734524638, 2, 50, 57, 24, 0, 0.06%, 9, 0, 9, 280.55
1734524648, 2, 50, 58, 25, 0, 0.06%, 9, 0, 9, 249.26
1734524729, 2, 50, 59, 26, 0, 0.06%, 9, 0, 9, 258.72
1734524734, 3, 12, 59, 25, 0, 0.06%, 9, 0, 9, 231.18
1734524739, 3, 14, 59, 25, 0, 0.06%, 9, 0, 9, 223.70
1734524744, 3, 17, 59, 25, 0, 0.06%, 9, 0, 9, 247.67
1734524754, 3, 23, 59, 24, 0, 0.06%, 9, 0, 9, 226.70
1734524760, 3, 26, 59, 24, 0, 0.06%, 9, 0, 9, 306.61
1734524775, 3, 29, 59, 23, 0, 0.06%, 9, 0, 9, 278.68
1734524785, 3, 29, 60, 24, 0, 0.06%, 9, 0, 9, 409.67
1734524801, 3, 29, 61, 25, 0, 0.06%, 9, 0, 9, 275.01
1734524821, 3, 41, 61, 24, 0, 0.06%, 9, 0, 9, 384.76
1734524846, 3, 47, 61, 23, 0, 0.06%, 9, 0, 9, 348.23
1734524892, 3, 53, 61, 22, 0, 0.06%, 9, 0, 9, 286.14
1734524903, 3, 53, 62, 23, 0, 0.06%, 9, 0, 9, 245.27
1734524948, 3, 56, 62, 22, 0, 0.06%, 9, 0, 9, 259.53
1734524984, 3, 60, 62, 21, 0, 0.06%, 9, 0, 9, 198.78
1734535191, 4, 12, 62, 20, 0, 0.06%, 9, 0, 9, 295.14
1734535196, 4, 14, 62, 20, 0, 0.06%, 9, 0, 9, 236.87
1734535201, 4, 23, 62, 20, 0, 0.06%, 9, 0, 9, 236.85
1734535206, 4, 31, 62, 20, 0, 0.06%, 9, 0, 9, 231.62
1734535211, 4, 44, 62, 20, 0, 0.06%, 9, 0, 9, 252.40
1734535272, 5, 7, 62, 19, 0, 0.06%, 9, 0, 9, 304.00
1734535277, 5, 10, 62, 18, 0, 0.06%, 9, 0, 9, 244.62
1734535282, 5, 12, 62, 18, 0, 0.06%, 9, 0, 9, 239.05
1734535293, 5, 13, 62, 18, 0, 0.06%, 9, 0, 9, 239.32
1734535298, 5, 14, 62, 18, 0, 0.06%, 9, 0, 9, 238.51
1734535303, 5, 15, 62, 18, 0, 0.06%, 9, 0, 9, 219.94
1734535323, 5, 22, 62, 17, 0, 0.06%, 9, 0, 9, 236.28
1734535328, 5, 23, 62, 17, 0, 0.06%, 9, 0, 9, 243.63
1734535333, 5, 25, 62, 17, 0, 0.06%, 9, 0, 9, 236.86
1734535339, 5, 28, 62, 17, 0, 0.06%, 9, 0, 9, 238.04
1734535344, 5, 33, 62, 17, 0, 0.06%, 9, 0, 9, 290.22
1734535364, 5, 33, 63, 18, 0, 0.06%, 9, 0, 9, 267.68
1734535369, 5, 34, 63, 17, 0, 0.06%, 9, 0, 9, 258.19
1734535374, 5, 38, 63, 17, 0, 0.06%, 9, 0, 9, 263.17
1734535405, 5, 45, 63, 16, 0, 0.06%, 9, 0, 9, 297.94
1734535440, 5, 50, 63, 15, 0, 0.06%, 9, 0, 9, 247.57
1734535450, 5, 60, 63, 15, 0, 0.06%, 9, 0, 9, 351.39
1734535466, 6, 9, 63, 15, 0, 0.06%, 9, 0, 9, 225.46
1734535471, 6, 11, 63, 14, 0, 0.06%, 9, 0, 9, 229.32
1734535476, 6, 12, 63, 14, 0, 0.06%, 9, 0, 9, 229.00
1734535481, 6, 13, 63, 14, 0, 0.06%, 9, 0, 9, 233.26
1734535486, 6, 14, 63, 14, 0, 0.06%, 9, 0, 9, 230.98
1734535491, 6, 22, 63, 14, 0, 0.06%, 9, 0, 9, 233.49
1734535496, 6, 23, 63, 14, 0, 0.06%, 9, 0, 9, 247.34
1734535501, 6, 25, 63, 14, 0, 0.06%, 9, 0, 9, 243.17
1734535506, 6, 25, 64, 15, 0, 0.06%, 9, 0, 9, 238.53
1734535511, 6, 28, 64, 15, 0, 0.06%, 9, 0, 9, 230.17
1734535517, 6, 46, 64, 15, 0, 0.06%, 9, 0, 9, 245.71
1734535522, 6, 55, 64, 15, 0, 0.06%, 9, 0, 9, 243.59
1734535588, 6, 63, 64, 14, 0, 0.06%, 9, 0, 9, 252.19
1734535867, 6, 63, 66, 16, 0, 0.06%, 9, 0, 9, 437.89
1734535882, 6, 63, 67, 17, 0, 0.06%, 9, 0, 9, 439.28
1734538168, 6, 65, 67, 16, 0, 0.06%, 9, 0, 9, 238.43
1734538321, 7, 2, 67, 15, 0, 0.06%, 9, 0, 9, 212.11
1734538326, 7, 10, 67, 14, 0, 0.06%, 9, 0, 9, 228.45
1734538331, 7, 12, 67, 14, 0, 0.06%, 9, 0, 9, 237.32
1734538341, 7, 13, 67, 14, 0, 0.06%, 9, 0, 9, 246.82
1734538346, 7, 14, 67, 14, 0, 0.06%, 9, 0, 9, 262.72
1734538351, 7, 22, 67, 14, 0, 0.06%, 9, 0, 9, 236.04
1734538356, 7, 23, 67, 14, 0, 0.06%, 9, 0, 9, 249.28
1734538361, 7, 25, 67, 14, 0, 0.06%, 9, 0, 9, 238.90
1734538367, 7, 27, 67, 14, 0, 0.06%, 9, 0, 9, 284.92
1734538382, 7, 28, 67, 13, 0, 0.06%, 9, 0, 9, 239.20
1734538387, 7, 29, 67, 13, 0, 0.06%, 9, 0, 9, 259.59
1734538392, 8, 3, 67, 13, 0, 0.06%, 9, 0, 9, 261.70
1734538397, 8, 11, 67, 13, 0, 0.06%, 9, 0, 9, 242.48
1734538402, 8, 12, 67, 13, 0, 0.06%, 9, 0, 9, 222.42
1734538407, 8, 13, 67, 13, 0, 0.06%, 9, 0, 9, 228.58
1734538412, 8, 14, 67, 13, 0, 0.06%, 9, 0, 9, 235.92
1734538417, 8, 22, 67, 13, 0, 0.06%, 9, 0, 9, 236.53
1734538427, 8, 23, 67, 13, 0, 0.06%, 9, 0, 9, 231.26
1734538433, 8, 25, 67, 13, 0, 0.06%, 9, 0, 9, 234.78
1734538438, 8, 28, 67, 13, 0, 0.06%, 9, 0, 9, 242.36
1734538443, 8, 31, 67, 13, 0, 0.06%, 9, 0, 9, 250.35
1734538448, 8, 37, 67, 13, 0, 0.06%, 9, 0, 9, 299.24
1734538484, 8, 43, 67, 12, 0, 0.06%, 9, 0, 9, 371.11
1734538514, 8, 48, 67, 11, 0, 0.06%, 9, 0, 9, 349.07
1734538560, 8, 48, 68, 12, 0, 0.06%, 9, 0, 9, 288.38
1734538565, 8, 56, 68, 11, 0, 0.06%, 9, 0, 9, 270.14
1734538580, 8, 60, 68, 11, 0, 0.06%, 9, 0, 9, 265.82
1734538591, 8, 64, 68, 11, 0, 0.06%, 9, 0, 9, 318.70
1734538738, 8, 67, 68, 10, 0, 0.06%, 9, 0, 9, 214.84
1734539119, 8, 67, 69, 11, 0, 0.06%, 9, 0, 9, 410.81
