# unix_time, cycles_done, cur_path, paths_total, pending_total, pending_favs, map_size, unique_crashes, unique_hangs, max_depth, execs_per_sec
1734699533, 0, 0, 10, 10, 1, 0.00%, 0, 0, 1, 173.54
1734699538, 0, 4, 10, 10, 1, 0.00%, 0, 0, 1, 204.16
1734699543, 0, 5, 10, 9, 0, 0.00%, 0, 0, 1, 213.45
1734699548, 0, 6, 10, 8, 0, 0.00%, 0, 0, 1, 206.19
1734699558, 0, 7, 10, 7, 0, 0.00%, 0, 0, 1, 215.91
1734699564, 0, 8, 10, 6, 0, 0.00%, 0, 0, 1, 209.85
1734699569, 0, 9, 10, 5, 0, 0.00%, 0, 0, 1, 213.07
1734699579, 1, 0, 10, 4, 0, 0.00%, 0, 0, 1, 216.16
1734699589, 1, 1, 10, 3, 0, 0.00%, 0, 0, 1, 213.56
1734699600, 1, 2, 10, 2, 0, 0.00%, 0, 0, 1, 214.70
1734699605, 1, 3, 10, 1, 0, 0.00%, 0, 0, 1, 204.88
1734699615, 1, 4, 10, 0, 0, 0.00%, 0, 0, 1, 211.85
1734699620, 1, 5, 10, 0, 0, 0.00%, 0, 0, 1, 210.76
1734699625, 1, 7, 10, 0, 0, 0.00%, 0, 0, 1, 211.49
1734699630, 1, 8, 10, 0, 0, 0.00%, 0, 0, 1, 214.51
1734699635, 2, 0, 10, 0, 0, 0.00%, 0, 0, 1, 216.46
1734699640, 2, 1, 10, 0, 0, 0.00%, 0, 0, 1, 217.14
1734699645, 2, 3, 10, 0, 0, 0.00%, 0, 0, 1, 210.26
1734699650, 2, 4, 10, 0, 0, 0.00%, 0, 0, 1, 207.99
1734699656, 2, 6, 10, 0, 0, 0.00%, 0, 0, 1, 212.26
1734699661, 2, 7, 10, 0, 0, 0.00%, 0, 0, 1, 213.41
1734699666, 2, 9, 10, 0, 0, 0.00%, 0, 0, 1, 209.33
1734699671, 3, 0, 10, 0, 0, 0.00%, 0, 0, 1, 213.03
1734699676, 3, 1, 10, 0, 0, 0.00%, 0, 0, 1, 206.10
1734699681, 3, 3, 10, 0, 0, 0.00%, 0, 0, 1, 211.01
1734699686, 3, 4, 10, 0, 0, 0.00%, 0, 0, 1, 208.79
1734699691, 3, 6, 10, 0, 0, 0.00%, 0, 0, 1, 207.65
1734699696, 3, 7, 10, 0, 0, 0.00%, 0, 0, 1, 204.35
1734699701, 3, 9, 10, 0, 0, 0.00%, 0, 0, 1, 203.61
1734699706, 4, 0, 10, 0, 0, 0.00%, 0, 0, 1, 200.98
1734699711, 4, 1, 10, 0, 0, 0.00%, 0, 0, 1, 202.84
1734699717, 4, 3, 10, 0, 0, 0.00%, 0, 0, 1, 201.28
1734699722, 4, 4, 10, 0, 0, 0.00%, 0, 0, 1, 200.84
1734699727, 4, 5, 10, 0, 0, 0.00%, 0, 0, 1, 200.93
1734699732, 4, 7, 10, 0, 0, 0.00%, 0, 0, 1, 200.02
1734699737, 4, 8, 10, 0, 0, 0.00%, 0, 0, 1, 195.37
1734699742, 5, 0, 10, 0, 0, 0.00%, 0, 0, 1, 197.83
1734699747, 5, 1, 10, 0, 0, 0.00%, 0, 0, 1, 196.07
1734699752, 5, 2, 10, 0, 0, 0.00%, 0, 0, 1, 195.92
1734699757, 5, 4, 10, 0, 0, 0.00%, 0, 0, 1, 195.59
1734699762, 5, 5, 10, 0, 0, 0.00%, 0, 0, 1, 195.00
1734699768, 5, 7, 10, 0, 0, 0.00%, 0, 0, 1, 198.24
1734699773, 5, 10, 15, 5, 1, 0.06%, 5, 0, 3, 231.70
1734699814, 5, 10, 16, 6, 1, 0.06%, 6, 0, 3, 213.70
1734699844, 5, 10, 17, 7, 1, 0.06%, 7, 0, 3, 220.97
1734699870, 5, 10, 18, 8, 1, 0.06%, 7, 0, 3, 218.29
1734699875, 5, 10, 19, 9, 1, 0.06%, 7, 0, 3, 217.05
1734699885, 5, 10, 20, 10, 1, 0.06%, 8, 0, 3, 216.89
1734699895, 5, 10, 21, 11, 1, 0.06%, 8, 0, 3, 225.33
1734699905, 5, 10, 24, 14, 1, 0.06%, 8, 0, 3, 231.90
1734699915, 5, 11, 24, 13, 7, 0.06%, 8, 0, 3, 238.82
1734699920, 5, 11, 25, 14, 7, 0.06%, 8, 0, 4, 208.46
1734699986, 5, 12, 25, 13, 6, 0.06%, 8, 0, 4, 248.13
1734700027, 5, 12, 26, 14, 6, 0.06%, 9, 0, 4, 228.34
1734700032, 5, 13, 26, 13, 5, 0.06%, 9, 0, 4, 228.71
1734700073, 5, 14, 26, 12, 4, 0.06%, 9, 0, 4, 233.16
1734700088, 5, 14, 27, 13, 4, 0.06%, 9, 0, 4, 210.64
1734700138, 5, 14, 29, 15, 4, 0.06%, 9, 0, 4, 236.49
1734700149, 5, 18, 29, 14, 3, 0.06%, 9, 0, 4, 240.36
1734700159, 5, 18, 30, 15, 3, 0.06%, 9, 0, 4, 218.95
1734700174, 5, 18, 31, 16, 3, 0.06%, 9, 0, 4, 212.94
1734700266, 5, 18, 32, 17, 3, 0.06%, 9, 0, 4, 228.96
1734700271, 5, 19, 32, 16, 2, 0.06%, 9, 0, 4, 225.59
1734700281, 5, 19, 33, 17, 2, 0.06%, 9, 0, 4, 230.79
1734700286, 5, 19, 34, 18, 2, 0.06%, 9, 0, 4, 227.34
1734700291, 5, 19, 35, 19, 2, 0.06%, 9, 0, 4, 226.49
1734700322, 5, 19, 36, 20, 2, 0.06%, 9, 0, 4, 221.03
1734700342, 5, 19, 37, 21, 2, 0.06%, 9, 0, 4, 224.94
1734700357, 5, 19, 38, 22, 2, 0.06%, 9, 0, 4, 219.22
1734700397, 5, 25, 38, 21, 1, 0.06%, 9, 0, 4, 271.68
1734700413, 5, 25, 39, 22, 1, 0.06%, 9, 0, 5, 237.28
1734700418, 5, 25, 40, 23, 1, 0.06%, 9, 0, 5, 235.10
1734700459, 5, 25, 41, 24, 1, 0.06%, 9, 0, 5, 236.10
1734700490, 5, 25, 42, 25, 1, 0.06%, 9, 0, 5, 234.27
1734700510, 5, 25, 43, 26, 1, 0.06%, 9, 0, 5, 233.00
1734700515, 5, 25, 44, 27, 1, 0.06%, 9, 0, 5, 227.04
1734700530, 5, 28, 44, 26, 0, 0.06%, 9, 0, 5, 287.18
1734700586, 5, 32, 44, 25, 0, 0.06%, 9, 0, 5, 291.81
1734700601, 5, 32, 45, 26, 0, 0.06%, 9, 0, 5, 233.48
1734700694, 5, 32, 46, 27, 0, 0.06%, 9, 0, 5, 220.25
1734700709, 5, 32, 47, 28, 0, 0.06%, 9, 0, 5, 242.54
1734700714, 5, 32, 48, 29, 0, 0.06%, 9, 0, 5, 247.95
1734700719, 5, 41, 48, 28, 0, 0.06%, 9, 0, 5, 277.26
1734700780, 5, 41, 49, 29, 0, 0.06%, 9, 0, 6, 307.87
1734700836, 5, 46, 49, 28, 0, 0.06%, 9, 0, 6, 302.52
1734700876, 5, 46, 50, 29, 0, 0.06%, 9, 0, 6, 272.98
1734700886, 5, 46, 51, 30, 0, 0.06%, 9, 0, 6, 264.43
1734700892, 5, 46, 54, 33, 0, 0.06%, 9, 0, 6, 267.57
1734700897, 5, 47, 54, 32, 0, 0.06%, 9, 0, 6, 390.57
1734700902, 5, 47, 55, 33, 0, 0.06%, 9, 0, 6, 357.49
1734700978, 5, 53, 55, 32, 0, 0.06%, 9, 0, 6, 291.96
1734701034, 5, 54, 56, 32, 0, 0.06%, 9, 0, 7, 337.70
1734701090, 5, 55, 57, 32, 0, 0.06%, 9, 0, 8, 371.71
1734701115, 5, 55, 58, 33, 0, 0.06%, 9, 0, 8, 365.63
1734701217, 6, 11, 58, 32, 0, 0.06%, 9, 0, 8, 251.82
1734701222, 6, 12, 58, 32, 0, 0.06%, 9, 0, 8, 246.13
1734701232, 6, 13, 58, 32, 0, 0.06%, 9, 0, 8, 256.94
1734701237, 6, 14, 58, 32, 0, 0.06%, 9, 0, 8, 258.04
1734701242, 6, 18, 58, 32, 0, 0.06%, 9, 0, 8, 254.48
1734701247, 6, 19, 58, 32, 0, 0.06%, 9, 0, 8, 249.72
1734701252, 6, 20, 58, 32, 0, 0.06%, 9, 0, 8, 309.56
1734701283, 6, 23, 58, 31, 0, 0.06%, 9, 0, 8, 260.53
1734701308, 6, 25, 58, 30, 0, 0.06%, 9, 0, 8, 256.23
1734701318, 6, 25, 59, 31, 0, 0.06%, 9, 0, 8, 255.78
1734701323, 6, 34, 59, 31, 0, 0.06%, 9, 0, 8, 372.09
1734701369, 6, 34, 60, 32, 0, 0.06%, 9, 0, 8, 296.90
1734701385, 6, 34, 61, 33, 0, 0.06%, 9, 0, 8, 291.24
1734701451, 6, 34, 62, 34, 0, 0.06%, 9, 0, 8, 295.18
1734701486, 6, 38, 62, 33, 0, 0.06%, 9, 0, 8, 305.14
1734701491, 6, 38, 63, 34, 0, 0.06%, 9, 0, 8, 413.99
1734701527, 6, 38, 64, 35, 0, 0.06%, 9, 0, 8, 302.22
1734701588, 6, 45, 64, 34, 0, 0.06%, 9, 0, 8, 363.75
1734701634, 6, 50, 64, 33, 0, 0.06%, 9, 0, 8, 311.75
1734701680, 6, 50, 65, 34, 0, 0.06%, 9, 0, 8, 298.38
1734701685, 6, 51, 65, 33, 0, 0.06%, 9, 0, 8, 342.75
1734701766, 6, 56, 65, 32, 0, 0.06%, 9, 0, 8, 311.40
1734701918, 6, 57, 65, 31, 0, 0.06%, 9, 0, 8, 369.29
1734702039, 6, 62, 65, 30, 0, 0.06%, 9, 0, 8, 294.74
1734702095, 7, 10, 65, 29, 0, 0.06%, 9, 0, 8, 284.06
1734702100, 7, 12, 65, 29, 0, 0.06%, 9, 0, 8, 271.98
1734702105, 7, 14, 65, 29, 0, 0.06%, 9, 0, 8, 263.10
1734702110, 7, 15, 65, 29, 0, 0.06%, 9, 0, 8, 337.79
1734702136, 7, 19, 65, 28, 0, 0.06%, 9, 0, 8, 286.42
1734702141, 7, 25, 65, 28, 0, 0.06%, 9, 0, 8, 283.71
1734702146, 7, 26, 65, 28, 0, 0.06%, 9, 0, 8, 400.91
1734702197, 7, 27, 65, 27, 0, 0.06%, 9, 0, 8, 295.56
1734702248, 7, 35, 65, 26, 0, 0.06%, 9, 0, 8, 375.86
1734702298, 7, 38, 65, 25, 0, 0.06%, 9, 0, 8, 298.55
1734702308, 7, 46, 65, 25, 0, 0.06%, 9, 0, 8, 262.98
1734702313, 7, 46, 66, 26, 0, 0.06%, 9, 0, 8, 272.91
1734702319, 7, 49, 66, 26, 0, 0.06%, 9, 0, 8, 346.34
1734702389, 7, 51, 66, 25, 0, 0.06%, 9, 0, 8, 291.13
1734702399, 7, 61, 66, 25, 0, 0.06%, 9, 0, 8, 308.46
1734702517, 7, 61, 68, 27, 0, 0.06%, 9, 0, 8, 267.91
1734702557, 8, 11, 68, 26, 0, 0.06%, 9, 0, 8, 274.71
1734702563, 8, 13, 68, 26, 0, 0.06%, 9, 0, 8, 261.67
1734702568, 8, 18, 68, 26, 0, 0.06%, 9, 0, 8, 262.15
1734702573, 8, 25, 68, 26, 0, 0.06%, 9, 0, 8, 265.11
1734702578, 8, 30, 68, 26, 0, 0.06%, 9, 0, 8, 270.16
1734702639, 8, 44, 68, 25, 0, 0.06%, 9, 0, 8, 368.15
1734702700, 8, 48, 68, 24, 0, 0.06%, 9, 0, 8, 373.94
1734702766, 8, 48, 69, 25, 0, 0.06%, 9, 0, 8, 329.58
1734702812, 8, 58, 69, 24, 0, 0.06%, 9, 0, 8, 318.90
1734702862, 8, 65, 69, 23, 0, 0.06%, 9, 0, 8, 192.47
1734705410, 8, 65, 70, 24, 0, 0.06%, 9, 0, 8, 377.18
1734709263, 8, 66, 70, 23, 0, 0.06%, 9, 0, 8, 311.78
1734709359, 8, 66, 71, 24, 0, 0.06%, 9, 0, 8, 300.29
1734709420, 8, 67, 71, 23, 0, 0.06%, 9, 0, 8, 287.14
1734709558, 9, 11, 71, 22, 0, 0.06%, 9, 0, 8, 267.31
1734709563, 9, 13, 71, 22, 0, 0.06%, 9, 0, 8, 260.84
1734709568, 9, 18, 71, 22, 0, 0.06%, 9, 0, 8, 262.20
1734709573, 9, 21, 71, 22, 0, 0.06%, 9, 0, 8, 275.28
1734709604, 9, 25, 71, 21, 0, 0.06%, 9, 0, 8, 282.21
1734709609, 10, 11, 71, 21, 0, 0.06%, 9, 0, 8, 269.89
1734709614, 10, 13, 71, 21, 0, 0.06%, 9, 0, 8, 256.91
1734709619, 10, 18, 71, 21, 0, 0.06%, 9, 0, 8, 270.69
1734709624, 10, 22, 71, 21, 0, 0.06%, 9, 0, 8, 326.73
1734709654, 10, 23, 71, 20, 0, 0.06%, 9, 0, 8, 249.67
1734709659, 10, 25, 71, 20, 0, 0.06%, 9, 0, 8, 262.57
1734709664, 10, 30, 71, 20, 0, 0.06%, 9, 0, 8, 275.61
1734709675, 10, 31, 71, 20, 0, 0.06%, 9, 0, 8, 346.13
1734709725, 10, 33, 71, 19, 0, 0.06%, 9, 0, 8, 305.02
1734709776, 10, 45, 71, 18, 0, 0.06%, 9, 0, 8, 276.58
1734709786, 10, 62, 71, 18, 0, 0.06%, 9, 0, 8, 275.06
1734709797, 10, 68, 71, 18, 0, 0.06%, 9, 0, 8, 417.17
1734709802, 10, 68, 72, 19, 0, 0.06%, 9, 0, 8, 446.79
1734709873, 10, 71, 72, 18, 0, 0.06%, 9, 0, 8, 369.28
1734709980, 11, 9, 72, 17, 0, 0.06%, 9, 0, 8, 288.40
1734709985, 11, 12, 72, 17, 0, 0.06%, 9, 0, 8, 273.78
1734709990, 11, 14, 72, 17, 0, 0.06%, 9, 0, 8, 263.39
1734709995, 11, 16, 72, 17, 0, 0.06%, 9, 0, 8, 260.94
1734710021, 11, 17, 72, 16, 0, 0.06%, 9, 0, 8, 351.21
1734710046, 11, 18, 72, 15, 0, 0.06%, 9, 0, 8, 242.38
1734710051, 11, 24, 72, 15, 0, 0.06%, 9, 0, 8, 287.87
1734710102, 11, 25, 72, 14, 0, 0.06%, 9, 0, 8, 251.18
1734710107, 11, 42, 72, 14, 0, 0.06%, 9, 0, 8, 345.31
1734710163, 12, 11, 72, 13, 0, 0.06%, 9, 0, 8, 258.94
1734710168, 12, 13, 72, 13, 0, 0.06%, 9, 0, 8, 268.10
1734710173, 12, 16, 72, 13, 0, 0.06%, 9, 0, 8, 260.88
1734710178, 12, 18, 72, 13, 0, 0.06%, 9, 0, 8, 262.10
1734710183, 12, 25, 72, 13, 0, 0.06%, 9, 0, 8, 271.97
1734710188, 12, 32, 72, 13, 0, 0.06%, 9, 0, 8, 263.83
1734710198, 12, 39, 72, 13, 0, 0.06%, 9, 0, 8, 267.99
1734710254, 12, 40, 72, 12, 0, 0.06%, 9, 0, 8, 392.12
1734710320, 12, 59, 72, 11, 0, 0.06%, 9, 0, 8, 392.51
1734710401, 12, 60, 72, 10, 0, 0.06%, 9, 0, 8, 233.86
1734710604, 12, 70, 72, 9, 0, 0.06%, 9, 0, 8, 353.82
1734710732, 12, 70, 73, 10, 0, 0.06%, 9, 0, 8, 345.75
1734710777, 13, 11, 73, 9, 0, 0.06%, 9, 0, 8, 266.02
1734710782, 13, 12, 73, 9, 0, 0.06%, 9, 0, 8, 256.25
1734710787, 13, 14, 73, 9, 0, 0.06%, 9, 0, 8, 268.50
1734710792, 13, 18, 73, 9, 0, 0.06%, 9, 0, 8, 261.13
1734710797, 13, 25, 73, 9, 0, 0.06%, 9, 0, 8, 261.59
1734710802, 13, 52, 73, 9, 0, 0.06%, 9, 0, 8, 313.77
1734710854, 13, 56, 73, 8, 0, 0.06%, 9, 0, 8, 298.11
1734710869, 13, 61, 73, 8, 0, 0.06%, 9, 0, 8, 283.31
1734710879, 13, 72, 74, 9, 0, 0.06%, 9, 0, 9, 286.26
1734711087, 14, 11, 74, 8, 0, 0.06%, 9, 0, 9, 274.48
1734711092, 14, 13, 74, 8, 0, 0.06%, 9, 0, 9, 262.48
1734711097, 14, 16, 74, 8, 0, 0.06%, 9, 0, 9, 260.39
1734711102, 14, 19, 74, 8, 0, 0.06%, 9, 0, 9, 264.64
1734711107, 14, 25, 74, 8, 0, 0.06%, 9, 0, 9, 275.77
1734711112, 14, 27, 74, 8, 0, 0.06%, 9, 0, 9, 255.60
1734711122, 14, 28, 74, 8, 0, 0.06%, 9, 0, 9, 273.97
1734711132, 14, 63, 74, 8, 0, 0.06%, 9, 0, 9, 310.40
1734711198, 14, 64, 74, 7, 0, 0.06%, 9, 0, 9, 310.17
1734711346, 14, 70, 74, 6, 0, 0.06%, 9, 0, 9, 329.25
1734711361, 14, 71, 74, 6, 0, 0.06%, 9, 0, 9, 287.83
1734711391, 15, 11, 74, 6, 0, 0.06%, 9, 0, 9, 271.18
1734711396, 15, 12, 74, 6, 0, 0.06%, 9, 0, 9, 259.12
1734711401, 15, 14, 74, 6, 0, 0.06%, 9, 0, 9, 259.02
1734711406, 15, 17, 74, 6, 0, 0.06%, 9, 0, 9, 272.42
1734711411, 15, 18, 74, 6, 0, 0.06%, 9, 0, 9, 268.90
1734711416, 15, 25, 74, 6, 0, 0.06%, 9, 0, 9, 259.57
1734711421, 15, 36, 74, 6, 0, 0.06%, 9, 0, 9, 323.25
1734711477, 15, 41, 74, 5, 0, 0.06%, 9, 0, 9, 314.35
1734711487, 15, 43, 74, 5, 0, 0.06%, 9, 0, 9, 352.56
1734711568, 15, 52, 74, 4, 0, 0.06%, 9, 0, 9, 291.08
1734711578, 16, 11, 74, 4, 0, 0.06%, 9, 0, 9, 283.72
1734711584, 16, 13, 74, 4, 0, 0.06%, 9, 0, 9, 265.89
1734711589, 16, 16, 74, 4, 0, 0.06%, 9, 0, 9, 268.37
1734711594, 16, 19, 74, 4, 0, 0.06%, 9, 0, 9, 262.72
1734711599, 16, 25, 74, 4, 0, 0.06%, 9, 0, 9, 275.13
1734711604, 16, 29, 74, 4, 0, 0.06%, 9, 0, 9, 255.82
1734711655, 16, 37, 74, 3, 0, 0.06%, 9, 0, 9, 315.85
1734711706, 16, 54, 74, 2, 0, 0.06%, 9, 0, 9, 284.30
1734711711, 16, 66, 74, 2, 0, 0.06%, 9, 0, 9, 308.32
1734711721, 16, 69, 74, 2, 0, 0.06%, 9, 0, 9, 239.67
