# unix_time, cycles_done, cur_path, paths_total, pending_total, pending_favs, map_size, unique_crashes, unique_hangs, max_depth, execs_per_sec
1734192032, 0, 0, 10, 10, 1, 0.00%, 0, 0, 1, 151.52
1734192037, 0, 4, 10, 10, 1, 0.00%, 0, 0, 1, 181.20
1734192042, 0, 5, 10, 9, 0, 0.00%, 0, 0, 1, 169.25
1734192052, 0, 6, 10, 8, 0, 0.00%, 0, 0, 1, 187.92
1734192057, 0, 7, 10, 7, 0, 0.00%, 0, 0, 1, 177.98
1734192067, 0, 8, 10, 6, 0, 0.00%, 0, 0, 1, 185.49
1734192078, 0, 9, 10, 5, 0, 0.00%, 0, 0, 1, 188.06
1734192083, 1, 0, 10, 4, 0, 0.00%, 0, 0, 1, 172.22
1734192093, 1, 1, 10, 3, 0, 0.00%, 0, 0, 1, 178.49
1734192103, 1, 2, 10, 2, 0, 0.00%, 0, 0, 1, 177.77
1734192119, 1, 3, 10, 1, 0, 0.00%, 0, 0, 1, 185.54
1734192129, 1, 4, 10, 0, 0, 0.00%, 0, 0, 1, 185.05
1734192134, 1, 6, 10, 0, 0, 0.00%, 0, 0, 1, 184.64
1734192139, 1, 7, 10, 0, 0, 0.00%, 0, 0, 1, 185.95
1734192144, 1, 8, 10, 0, 0, 0.00%, 0, 0, 1, 182.29
1734192149, 2, 0, 10, 0, 0, 0.00%, 0, 0, 1, 185.02
1734192154, 2, 1, 10, 0, 0, 0.00%, 0, 0, 1, 186.05
1734192159, 2, 2, 10, 0, 0, 0.00%, 0, 0, 1, 185.62
1734192165, 2, 3, 10, 0, 0, 0.00%, 0, 0, 1, 185.09
1734192170, 2, 5, 10, 0, 0, 0.00%, 0, 0, 1, 181.70
1734192175, 2, 6, 10, 0, 0, 0.00%, 0, 0, 1, 181.66
1734192180, 2, 7, 11, 1, 0, 0.05%, 1, 0, 2, 183.64
1734192185, 2, 10, 12, 2, 1, 0.05%, 2, 0, 3, 207.26
1734192236, 2, 11, 15, 4, 1, 0.06%, 5, 0, 4, 206.84
1734192246, 2, 11, 16, 5, 1, 0.06%, 5, 0, 4, 200.17
1734192256, 2, 11, 17, 6, 1, 0.06%, 6, 0, 4, 206.08
1734192261, 2, 11, 18, 7, 1, 0.06%, 7, 0, 4, 201.34
1734192328, 2, 11, 19, 8, 1, 0.06%, 7, 0, 4, 192.59
1734192374, 2, 12, 19, 7, 5, 0.06%, 7, 0, 4, 211.47
1734192404, 2, 12, 20, 8, 5, 0.06%, 7, 0, 5, 201.79
1734192471, 2, 12, 23, 11, 5, 0.06%, 7, 0, 5, 218.79
1734192481, 2, 13, 23, 10, 4, 0.06%, 7, 0, 5, 216.07
1734192501, 2, 13, 24, 11, 4, 0.06%, 7, 0, 5, 201.99
1734192537, 2, 13, 25, 12, 4, 0.06%, 7, 0, 5, 201.00
1734192542, 2, 13, 26, 13, 4, 0.06%, 8, 0, 5, 194.20
1734192552, 2, 13, 27, 14, 4, 0.06%, 8, 0, 5, 199.68
1734192557, 2, 13, 28, 15, 4, 0.06%, 9, 0, 5, 200.27
1734192583, 2, 13, 29, 16, 4, 0.06%, 9, 0, 5, 199.61
1734192619, 2, 14, 29, 15, 5, 0.06%, 9, 0, 5, 211.99
1734192644, 2, 14, 30, 16, 5, 0.06%, 9, 0, 5, 204.30
1734192649, 2, 14, 31, 17, 5, 0.06%, 9, 0, 5, 204.38
1734192659, 2, 14, 32, 18, 5, 0.06%, 9, 0, 5, 207.10
1734192669, 2, 14, 33, 19, 5, 0.06%, 9, 0, 5, 205.50
1734192740, 2, 14, 38, 24, 5, 0.06%, 9, 0, 5, 252.94
1734192745, 2, 14, 40, 26, 5, 0.06%, 9, 0, 5, 239.82
1734192750, 2, 16, 40, 25, 4, 0.06%, 9, 0, 5, 235.94
1734192760, 2, 16, 41, 26, 4, 0.06%, 9, 0, 5, 211.78
1734192811, 2, 16, 43, 28, 4, 0.06%, 9, 0, 5, 234.08
1734192817, 2, 16, 44, 29, 4, 0.06%, 9, 0, 5, 221.85
1734192827, 2, 17, 44, 28, 3, 0.06%, 9, 0, 5, 237.06
1734192857, 2, 25, 44, 27, 2, 0.06%, 9, 0, 5, 225.29
1734192883, 2, 25, 48, 31, 2, 0.06%, 9, 0, 6, 275.26
1734192888, 2, 27, 48, 30, 1, 0.06%, 9, 0, 6, 287.20
1734192898, 2, 27, 50, 32, 1, 0.06%, 9, 0, 6, 233.99
1734192964, 2, 27, 52, 34, 1, 0.06%, 9, 0, 6, 265.31
1734192969, 2, 38, 52, 33, 0, 0.06%, 9, 0, 6, 262.90
1734192995, 2, 38, 54, 35, 0, 0.06%, 9, 0, 6, 389.43
1734193072, 2, 44, 54, 34, 0, 0.06%, 9, 0, 6, 257.03
1734193097, 2, 44, 55, 35, 0, 0.06%, 9, 0, 7, 260.32
1734193102, 2, 46, 55, 34, 0, 0.06%, 9, 0, 7, 223.91
1734193457, 2, 46, 56, 35, 0, 0.06%, 9, 0, 7, 382.64
1734193467, 2, 46, 58, 37, 0, 0.06%, 9, 0, 7, 361.20
1734193492, 2, 46, 59, 38, 0, 0.06%, 9, 0, 7, 361.60
1734193548, 2, 49, 59, 37, 0, 0.06%, 9, 0, 7, 289.28
1734193998, 2, 49, 60, 38, 0, 0.06%, 9, 0, 7, 384.00
1734194029, 2, 51, 60, 37, 0, 0.06%, 9, 0, 7, 347.15
1734194258, 2, 56, 60, 36, 0, 0.06%, 9, 0, 7, 284.04
1734194614, 3, 11, 60, 35, 0, 0.06%, 9, 0, 7, 260.80
1734194619, 3, 12, 60, 35, 0, 0.06%, 9, 0, 7, 248.52
1734194624, 3, 12, 61, 36, 0, 0.06%, 9, 0, 7, 228.67
1734194629, 3, 12, 63, 38, 0, 0.06%, 9, 0, 7, 269.98
1734194634, 3, 13, 63, 38, 0, 0.06%, 9, 0, 7, 246.19
1734194644, 3, 14, 63, 38, 0, 0.06%, 9, 0, 7, 246.19
1734194660, 3, 16, 63, 38, 0, 0.06%, 9, 0, 7, 231.39
1734194670, 3, 17, 63, 38, 0, 0.06%, 9, 0, 7, 234.72
1734194680, 3, 18, 63, 38, 0, 0.06%, 9, 0, 7, 290.54
1734194716, 3, 20, 63, 37, 0, 0.06%, 9, 0, 7, 273.77
1734194741, 3, 25, 63, 36, 0, 0.06%, 9, 0, 7, 234.60
1734194746, 3, 25, 64, 37, 0, 0.06%, 9, 0, 7, 250.84
1734194751, 3, 27, 65, 38, 0, 0.06%, 9, 0, 7, 268.98
1734194766, 3, 45, 65, 38, 0, 0.06%, 9, 0, 7, 329.10
1734194792, 3, 45, 66, 39, 0, 0.06%, 9, 0, 7, 244.92
1734194797, 3, 47, 66, 38, 0, 0.06%, 9, 0, 7, 317.38
1734195100, 3, 50, 66, 37, 0, 0.06%, 9, 0, 7, 193.68
1734203778, 3, 50, 67, 38, 0, 0.06%, 9, 0, 7, 386.20
1734203804, 3, 57, 67, 37, 0, 0.06%, 9, 0, 7, 386.57
1734203880, 4, 3, 67, 36, 0, 0.06%, 9, 0, 7, 295.29
1734203885, 4, 12, 68, 37, 0, 0.06%, 9, 0, 7, 249.64
1734203890, 4, 13, 69, 38, 0, 0.06%, 9, 0, 7, 248.30
1734203900, 4, 14, 69, 38, 0, 0.06%, 9, 0, 7, 241.77
1734203906, 4, 16, 69, 38, 0, 0.06%, 9, 0, 7, 252.21
1734203911, 4, 17, 69, 38, 0, 0.06%, 9, 0, 7, 244.56
1734203916, 4, 21, 69, 38, 0, 0.06%, 9, 0, 7, 295.39
1734203947, 4, 25, 69, 37, 0, 0.06%, 9, 0, 7, 230.89
1734203957, 4, 27, 69, 37, 0, 0.06%, 9, 0, 7, 257.57
1734203962, 4, 29, 69, 37, 0, 0.06%, 9, 0, 7, 276.80
1734203987, 4, 31, 69, 36, 0, 0.06%, 9, 0, 7, 238.87
1734204383, 4, 32, 69, 35, 0, 0.06%, 9, 0, 7, 344.42
1734204408, 4, 32, 70, 36, 0, 0.06%, 9, 0, 7, 434.14
1734204500, 4, 33, 70, 35, 0, 0.06%, 9, 0, 7, 270.05
1734204785, 4, 35, 70, 34, 0, 0.06%, 9, 0, 7, 332.33
1734204816, 4, 36, 70, 33, 0, 0.06%, 9, 0, 7, 242.37
1734204851, 4, 48, 70, 32, 0, 0.06%, 9, 0, 7, 256.25
1734204882, 4, 52, 70, 31, 0, 0.06%, 9, 0, 7, 311.31
1734204978, 4, 60, 70, 30, 0, 0.06%, 9, 0, 7, 244.59
1734205014, 4, 62, 70, 29, 0, 0.06%, 9, 0, 7, 179.30
