# unix_time, cycles_done, cur_path, paths_total, pending_total, pending_favs, map_size, unique_crashes, unique_hangs, max_depth, execs_per_sec
1734228032, 0, 0, 10, 10, 1, 0.00%, 0, 0, 1, 151.52
1734228037, 0, 3, 10, 10, 1, 0.00%, 0, 0, 1, 186.38
1734228042, 0, 4, 10, 9, 0, 0.00%, 0, 0, 1, 173.08
1734228052, 0, 5, 10, 8, 0, 0.00%, 0, 0, 1, 186.62
1734228057, 0, 6, 10, 7, 0, 0.00%, 0, 0, 1, 178.70
1734228068, 0, 7, 10, 6, 0, 0.00%, 0, 0, 1, 185.70
1734228073, 0, 8, 10, 5, 0, 0.00%, 0, 0, 1, 183.80
1734228083, 0, 9, 10, 4, 0, 0.00%, 0, 0, 1, 190.38
1734228094, 1, 0, 10, 3, 0, 0.00%, 0, 0, 1, 186.74
1734228104, 1, 1, 10, 2, 0, 0.00%, 0, 0, 1, 188.08
1734228114, 1, 2, 10, 1, 0, 0.00%, 0, 0, 1, 187.61
1734228124, 1, 3, 10, 0, 0, 0.00%, 0, 0, 1, 183.99
1734228130, 1, 5, 10, 0, 0, 0.00%, 0, 0, 1, 183.60
1734228135, 1, 6, 10, 0, 0, 0.00%, 0, 0, 1, 187.52
1734228140, 1, 7, 10, 0, 0, 0.00%, 0, 0, 1, 183.89
1734228145, 1, 8, 10, 0, 0, 0.00%, 0, 0, 1, 184.29
1734228150, 2, 0, 10, 0, 0, 0.00%, 0, 0, 1, 188.02
1734228155, 2, 1, 10, 0, 0, 0.00%, 0, 0, 1, 188.98
1734228160, 2, 2, 10, 0, 0, 0.00%, 0, 0, 1, 185.57
1734228166, 2, 4, 10, 0, 0, 0.00%, 0, 0, 1, 188.31
1734228171, 2, 5, 10, 0, 0, 0.00%, 0, 0, 1, 181.21
1734228176, 2, 6, 10, 0, 0, 0.00%, 0, 0, 1, 189.63
1734228181, 2, 8, 10, 0, 0, 0.00%, 0, 0, 1, 185.93
1734228186, 2, 9, 10, 0, 0, 0.00%, 0, 0, 1, 189.21
1734228191, 3, 0, 10, 0, 0, 0.00%, 0, 0, 1, 185.45
1734228196, 3, 1, 10, 0, 0, 0.00%, 0, 0, 1, 186.63
1734228201, 3, 3, 10, 0, 0, 0.00%, 0, 0, 1, 184.78
1734228207, 3, 4, 10, 0, 0, 0.00%, 0, 0, 1, 189.03
1734228212, 3, 5, 10, 0, 0, 0.00%, 0, 0, 1, 185.89
1734228217, 3, 7, 10, 0, 0, 0.00%, 0, 0, 1, 183.10
1734228222, 3, 8, 10, 0, 0, 0.00%, 0, 0, 1, 185.65
1734228227, 3, 9, 10, 0, 0, 0.00%, 0, 0, 1, 189.41
1734228232, 4, 1, 10, 0, 0, 0.00%, 0, 0, 1, 186.35
1734228238, 4, 2, 10, 0, 0, 0.00%, 0, 0, 1, 184.87
1734228243, 4, 3, 10, 0, 0, 0.00%, 0, 0, 1, 186.80
1734228248, 4, 4, 10, 0, 0, 0.00%, 0, 0, 1, 186.12
1734228253, 4, 6, 10, 0, 0, 0.00%, 0, 0, 1, 185.89
1734228258, 4, 7, 10, 0, 0, 0.00%, 0, 0, 1, 187.63
1734228263, 4, 8, 10, 0, 0, 0.00%, 0, 0, 1, 189.32
1734228268, 5, 0, 10, 0, 0, 0.00%, 0, 0, 1, 185.95
1734228273, 5, 1, 10, 0, 0, 0.00%, 0, 0, 1, 184.56
1734228279, 5, 2, 10, 0, 0, 0.00%, 0, 0, 1, 179.81
1734228284, 5, 4, 10, 0, 0, 0.00%, 0, 0, 1, 184.29
1734228289, 5, 5, 10, 0, 0, 0.00%, 0, 0, 1, 189.47
1734228294, 5, 6, 10, 0, 0, 0.00%, 0, 0, 1, 187.37
1734228299, 5, 7, 10, 0, 0, 0.00%, 0, 0, 1, 185.34
1734228304, 5, 9, 10, 0, 0, 0.00%, 0, 0, 1, 184.44
1734228309, 6, 0, 10, 0, 0, 0.00%, 0, 0, 1, 184.89
1734228315, 6, 1, 10, 0, 0, 0.00%, 0, 0, 1, 186.70
1734228320, 6, 3, 10, 0, 0, 0.00%, 0, 0, 1, 190.49
1734228325, 6, 4, 10, 0, 0, 0.00%, 0, 0, 1, 185.22
1734228330, 6, 5, 10, 0, 0, 0.00%, 0, 0, 1, 189.25
1734228335, 6, 7, 10, 0, 0, 0.00%, 0, 0, 1, 188.04
1734228340, 6, 8, 10, 0, 0, 0.00%, 0, 0, 1, 185.33
1734228345, 6, 9, 10, 0, 0, 0.00%, 0, 0, 1, 187.53
1734228351, 7, 1, 10, 0, 0, 0.00%, 0, 0, 1, 188.81
1734228356, 7, 2, 10, 0, 0, 0.00%, 0, 0, 1, 186.31
1734228361, 7, 3, 10, 0, 0, 0.00%, 0, 0, 1, 185.67
1734228366, 7, 4, 10, 0, 0, 0.00%, 0, 0, 1, 182.03
1734228371, 7, 6, 10, 0, 0, 0.00%, 0, 0, 1, 186.23
1734228376, 7, 7, 10, 0, 0, 0.00%, 0, 0, 1, 184.36
1734228382, 7, 8, 10, 0, 0, 0.00%, 0, 0, 1, 185.78
1734228387, 8, 0, 10, 0, 0, 0.00%, 0, 0, 1, 185.04
1734228392, 8, 1, 10, 0, 0, 0.00%, 0, 0, 1, 188.97
1734228397, 8, 2, 10, 0, 0, 0.00%, 0, 0, 1, 188.19
1734228402, 8, 4, 10, 0, 0, 0.00%, 0, 0, 1, 189.40
1734228407, 8, 5, 10, 0, 0, 0.00%, 0, 0, 1, 187.07
1734228412, 8, 6, 10, 0, 0, 0.00%, 0, 0, 1, 186.06
1734228418, 8, 7, 10, 0, 0, 0.00%, 0, 0, 1, 185.80
1734228423, 8, 9, 10, 0, 0, 0.00%, 0, 0, 1, 184.22
1734228428, 9, 0, 10, 0, 0, 0.00%, 0, 0, 1, 184.62
1734228433, 9, 1, 10, 0, 0, 0.00%, 0, 0, 1, 182.31
1734228438, 9, 3, 10, 0, 0, 0.00%, 0, 0, 1, 181.22
1734228444, 9, 4, 10, 0, 0, 0.00%, 0, 0, 1, 186.50
1734228449, 9, 5, 10, 0, 0, 0.00%, 0, 0, 1, 188.04
1734228454, 9, 7, 10, 0, 0, 0.00%, 0, 0, 1, 185.82
1734228459, 9, 8, 10, 0, 0, 0.00%, 0, 0, 1, 184.22
1734228464, 9, 9, 10, 0, 0, 0.00%, 0, 0, 1, 186.01
1734228469, 10, 0, 10, 0, 0, 0.00%, 0, 0, 1, 185.87
1734228474, 10, 2, 10, 0, 0, 0.00%, 0, 0, 1, 188.82
1734228479, 10, 3, 10, 0, 0, 0.00%, 0, 0, 1, 184.59
1734228484, 10, 4, 10, 0, 0, 0.00%, 0, 0, 1, 186.30
1734228490, 10, 6, 10, 0, 0, 0.00%, 0, 0, 1, 185.63
1734228495, 10, 7, 10, 0, 0, 0.00%, 0, 0, 1, 186.30
1734228500, 10, 8, 10, 0, 0, 0.00%, 0, 0, 1, 184.19
1734228505, 10, 9, 10, 0, 0, 0.00%, 0, 0, 1, 187.76
1734228510, 11, 1, 10, 0, 0, 0.00%, 0, 0, 1, 182.42
1734228515, 11, 2, 10, 0, 0, 0.00%, 0, 0, 1, 187.13
1734228521, 11, 3, 10, 0, 0, 0.00%, 0, 0, 1, 184.17
1734228526, 11, 5, 10, 0, 0, 0.00%, 0, 0, 1, 188.40
1734228531, 11, 6, 10, 0, 0, 0.00%, 0, 0, 1, 183.07
1734228536, 11, 7, 10, 0, 0, 0.00%, 0, 0, 1, 182.68
1734228541, 11, 9, 10, 0, 0, 0.00%, 0, 0, 1, 185.22
1734228546, 12, 0, 10, 0, 0, 0.00%, 0, 0, 1, 187.87
1734228551, 12, 1, 10, 0, 0, 0.00%, 0, 0, 1, 187.98
1734228556, 12, 2, 10, 0, 0, 0.00%, 0, 0, 1, 183.76
1734228561, 12, 4, 10, 0, 0, 0.00%, 0, 0, 1, 185.37
1734228567, 12, 5, 10, 0, 0, 0.00%, 0, 0, 1, 184.19
1734228572, 12, 6, 10, 0, 0, 0.00%, 0, 0, 1, 185.66
1734228577, 12, 8, 10, 0, 0, 0.00%, 0, 0, 1, 183.20
1734228582, 12, 9, 10, 0, 0, 0.00%, 0, 0, 1, 184.44
1734228587, 13, 0, 10, 0, 0, 0.00%, 0, 0, 1, 185.16
1734228593, 13, 2, 10, 0, 0, 0.00%, 0, 0, 1, 182.76
1734228598, 13, 3, 10, 0, 0, 0.00%, 0, 0, 1, 184.09
1734228603, 13, 4, 10, 0, 0, 0.00%, 0, 0, 1, 181.80
1734228608, 13, 5, 10, 0, 0, 0.00%, 0, 0, 1, 185.66
1734228613, 13, 7, 10, 0, 0, 0.00%, 0, 0, 1, 182.85
1734228618, 13, 8, 10, 0, 0, 0.00%, 0, 0, 1, 189.08
1734228623, 13, 9, 10, 0, 0, 0.00%, 0, 0, 1, 183.18
1734228628, 14, 0, 10, 0, 0, 0.00%, 0, 0, 1, 189.34
1734228634, 14, 2, 10, 0, 0, 0.00%, 0, 0, 1, 190.58
1734228639, 14, 3, 10, 0, 0, 0.00%, 0, 0, 1, 190.88
1734228644, 14, 5, 10, 0, 0, 0.00%, 0, 0, 1, 191.38
1734228649, 14, 6, 10, 0, 0, 0.00%, 0, 0, 1, 193.54
1734228654, 14, 7, 10, 0, 0, 0.00%, 0, 0, 1, 192.14
1734228659, 14, 9, 10, 0, 0, 0.00%, 0, 0, 1, 191.54
1734228664, 15, 0, 10, 0, 0, 0.00%, 0, 0, 1, 186.14
1734228669, 15, 1, 10, 0, 0, 0.00%, 0, 0, 1, 188.87
1734228675, 15, 2, 10, 0, 0, 0.00%, 0, 0, 1, 191.39
1734228680, 15, 4, 10, 0, 0, 0.00%, 0, 0, 1, 191.13
1734228685, 15, 5, 10, 0, 0, 0.00%, 0, 0, 1, 195.95
1734228690, 15, 7, 10, 0, 0, 0.00%, 0, 0, 1, 194.36
1734228695, 15, 8, 10, 0, 0, 0.00%, 0, 0, 1, 191.03
1734228700, 15, 9, 10, 0, 0, 0.00%, 0, 0, 1, 190.79
1734228706, 16, 1, 10, 0, 0, 0.00%, 0, 0, 1, 194.63
1734228711, 16, 2, 10, 0, 0, 0.00%, 0, 0, 1, 189.23
1734228716, 16, 3, 10, 0, 0, 0.00%, 0, 0, 1, 191.63
1734228721, 16, 5, 10, 0, 0, 0.00%, 0, 0, 1, 189.93
1734228726, 16, 6, 10, 0, 0, 0.00%, 0, 0, 1, 190.83
1734228731, 16, 7, 10, 0, 0, 0.00%, 0, 0, 1, 189.64
1734228737, 16, 9, 10, 0, 0, 0.00%, 0, 0, 1, 190.23
1734228742, 17, 0, 10, 0, 0, 0.00%, 0, 0, 1, 190.59
1734228747, 17, 1, 10, 0, 0, 0.00%, 0, 0, 1, 187.71
1734228752, 17, 3, 10, 0, 0, 0.00%, 0, 0, 1, 192.60
1734228757, 17, 4, 10, 0, 0, 0.00%, 0, 0, 1, 194.47
1734228762, 17, 5, 10, 0, 0, 0.00%, 0, 0, 1, 192.96
1734228768, 17, 7, 10, 0, 0, 0.00%, 0, 0, 1, 191.72
1734228773, 17, 8, 10, 0, 0, 0.00%, 0, 0, 1, 187.97
1734228778, 17, 9, 10, 0, 0, 0.00%, 0, 0, 1, 189.95
1734228783, 18, 1, 10, 0, 0, 0.00%, 0, 0, 1, 193.64
1734228788, 18, 2, 10, 0, 0, 0.00%, 0, 0, 1, 195.44
1734228793, 18, 3, 10, 0, 0, 0.00%, 0, 0, 1, 190.83
1734228798, 18, 5, 10, 0, 0, 0.00%, 0, 0, 1, 193.56
1734228803, 18, 6, 10, 0, 0, 0.00%, 0, 0, 1, 187.99
1734228809, 18, 7, 10, 0, 0, 0.00%, 0, 0, 1, 190.63
1734228814, 18, 9, 10, 0, 0, 0.00%, 0, 0, 1, 194.27
1734228819, 19, 0, 10, 0, 0, 0.00%, 0, 0, 1, 192.98
1734228824, 19, 1, 10, 0, 0, 0.00%, 0, 0, 1, 191.17
1734228829, 19, 3, 10, 0, 0, 0.00%, 0, 0, 1, 199.06
1734228834, 19, 4, 10, 0, 0, 0.00%, 0, 0, 1, 191.75
1734228839, 19, 5, 10, 0, 0, 0.00%, 0, 0, 1, 192.69
1734228845, 19, 7, 10, 0, 0, 0.00%, 0, 0, 1, 192.92
1734228850, 19, 8, 10, 0, 0, 0.00%, 0, 0, 1, 191.92
1734228855, 20, 0, 10, 0, 0, 0.00%, 0, 0, 1, 190.78
1734228860, 20, 1, 10, 0, 0, 0.00%, 0, 0, 1, 194.37
1734228865, 20, 2, 10, 0, 0, 0.00%, 0, 0, 1, 193.92
1734228870, 20, 4, 10, 0, 0, 0.00%, 0, 0, 1, 194.82
1734228876, 20, 5, 10, 0, 0, 0.00%, 0, 0, 1, 194.78
1734228881, 20, 6, 10, 0, 0, 0.00%, 0, 0, 1, 193.03
1734228886, 20, 8, 10, 0, 0, 0.00%, 0, 0, 1, 193.52
1734228891, 20, 9, 10, 0, 0, 0.00%, 0, 0, 1, 194.56
1734228896, 21, 0, 10, 0, 0, 0.00%, 0, 0, 1, 192.44
1734228901, 21, 2, 10, 0, 0, 0.00%, 0, 0, 1, 191.02
1734228906, 21, 3, 10, 0, 0, 0.00%, 0, 0, 1, 190.16
1734228912, 21, 4, 10, 0, 0, 0.00%, 0, 0, 1, 193.08
1734228917, 21, 6, 10, 0, 0, 0.00%, 0, 0, 1, 198.65
1734228922, 21, 7, 10, 0, 0, 0.00%, 0, 0, 1, 195.93
1734228927, 21, 9, 10, 0, 0, 0.00%, 0, 0, 1, 200.82
1734228932, 22, 0, 10, 0, 0, 0.00%, 0, 0, 1, 193.40
1734228938, 22, 1, 10, 0, 0, 0.00%, 0, 0, 1, 193.94
1734228943, 22, 3, 10, 0, 0, 0.00%, 0, 0, 1, 191.63
1734228948, 22, 4, 10, 0, 0, 0.00%, 0, 0, 1, 192.26
1734228953, 22, 5, 10, 0, 0, 0.00%, 0, 0, 1, 196.12
1734228958, 22, 7, 10, 0, 0, 0.00%, 0, 0, 1, 197.23
1734228964, 22, 8, 10, 0, 0, 0.00%, 0, 0, 1, 196.46
1734228969, 22, 9, 10, 0, 0, 0.00%, 0, 0, 1, 188.24
1734228974, 23, 1, 10, 0, 0, 0.00%, 0, 0, 1, 193.61
1734228979, 23, 2, 10, 0, 0, 0.00%, 0, 0, 1, 190.75
1734228984, 23, 4, 10, 0, 0, 0.00%, 0, 0, 1, 191.85
1734228989, 23, 5, 10, 0, 0, 0.00%, 0, 0, 1, 193.45
1734228994, 23, 6, 10, 0, 0, 0.00%, 0, 0, 1, 195.07
1734229000, 23, 8, 10, 0, 0, 0.00%, 0, 0, 1, 193.36
1734229005, 23, 9, 10, 0, 0, 0.00%, 0, 0, 1, 191.02
1734229010, 24, 0, 10, 0, 0, 0.00%, 0, 0, 1, 192.43
1734229015, 24, 2, 10, 0, 0, 0.00%, 0, 0, 1, 191.43
1734229020, 24, 3, 10, 0, 0, 0.00%, 0, 0, 1, 192.01
1734229026, 24, 4, 10, 0, 0, 0.00%, 0, 0, 1, 195.90
1734229031, 24, 6, 10, 0, 0, 0.00%, 0, 0, 1, 191.25
1734229036, 24, 7, 10, 0, 0, 0.00%, 0, 0, 1, 193.66
1734229041, 24, 9, 10, 0, 0, 0.00%, 0, 0, 1, 195.89
1734229046, 25, 0, 10, 0, 0, 0.00%, 0, 0, 1, 194.85
1734229051, 25, 10, 12, 2, 1, 0.05%, 1, 0, 3, 201.41
1734229056, 25, 10, 12, 2, 1, 0.05%, 2, 0, 3, 207.69
1734229071, 25, 10, 13, 3, 1, 0.05%, 3, 0, 3, 206.07
1734229168, 25, 10, 14, 4, 1, 0.05%, 4, 0, 3, 206.55
1734229178, 25, 10, 15, 5, 1, 0.05%, 4, 0, 3, 211.73
1734229188, 25, 10, 22, 12, 1, 0.06%, 5, 0, 3, 226.36
1734229198, 25, 10, 23, 13, 1, 0.06%, 5, 0, 3, 234.55
1734229203, 25, 10, 25, 15, 1, 0.06%, 6, 0, 3, 241.18
1734229209, 25, 12, 28, 17, 4, 0.06%, 9, 0, 4, 234.41
1734229214, 25, 12, 29, 18, 4, 0.06%, 9, 0, 4, 215.20
1734229244, 25, 12, 30, 19, 4, 0.06%, 9, 0, 4, 208.90
1734229325, 25, 12, 31, 20, 4, 0.06%, 9, 0, 4, 220.53
1734229330, 25, 12, 32, 21, 4, 0.06%, 9, 0, 4, 238.07
1734229340, 25, 13, 32, 20, 6, 0.06%, 9, 0, 4, 225.27
1734229381, 25, 23, 32, 19, 5, 0.06%, 9, 0, 4, 294.71
1734229401, 25, 23, 33, 20, 5, 0.06%, 9, 0, 4, 260.04
1734229437, 25, 23, 35, 22, 5, 0.06%, 9, 0, 4, 255.25
1734229442, 25, 23, 36, 23, 5, 0.06%, 9, 0, 4, 260.51
1734229457, 25, 23, 37, 24, 5, 0.06%, 9, 0, 4, 255.27
1734229482, 25, 23, 38, 25, 5, 0.06%, 9, 0, 4, 255.06
1734229487, 25, 23, 40, 27, 5, 0.06%, 9, 0, 4, 255.43
1734229493, 25, 23, 41, 28, 5, 0.06%, 9, 0, 4, 229.18
1734229503, 25, 25, 41, 27, 4, 0.06%, 9, 0, 4, 252.68
1734229508, 25, 25, 42, 28, 4, 0.06%, 9, 0, 5, 221.94
1734229513, 25, 25, 43, 29, 4, 0.06%, 9, 0, 5, 214.82
1734229533, 25, 25, 44, 30, 4, 0.06%, 9, 0, 5, 211.90
1734229568, 25, 25, 45, 31, 4, 0.06%, 9, 0, 5, 208.00
1734229645, 25, 25, 47, 33, 4, 0.06%, 9, 0, 5, 211.44
1734229665, 25, 25, 48, 34, 4, 0.06%, 9, 0, 5, 278.31
1734229675, 25, 26, 48, 33, 3, 0.06%, 9, 0, 5, 245.14
1734229726, 25, 26, 50, 35, 3, 0.06%, 9, 0, 5, 244.09
1734229731, 25, 26, 51, 36, 3, 0.06%, 9, 0, 5, 270.16
1734229736, 25, 27, 52, 36, 2, 0.06%, 9, 0, 5, 241.35
1734229827, 25, 39, 52, 35, 1, 0.06%, 9, 0, 5, 234.73
1734229842, 25, 39, 53, 36, 1, 0.06%, 9, 0, 5, 256.30
1734229873, 25, 39, 54, 37, 1, 0.06%, 9, 0, 5, 252.14
1734229985, 25, 53, 54, 36, 1, 0.06%, 9, 0, 5, 281.56
1734229995, 25, 53, 56, 38, 1, 0.06%, 9, 0, 6, 285.26
1734230000, 25, 53, 57, 39, 1, 0.06%, 9, 0, 6, 252.06
1734230142, 26, 11, 57, 38, 0, 0.06%, 9, 0, 6, 252.47
1734230168, 26, 11, 58, 39, 0, 0.06%, 9, 0, 6, 245.97
1734230173, 26, 12, 58, 38, 0, 0.06%, 9, 0, 6, 215.49
1734230178, 26, 12, 62, 42, 0, 0.06%, 9, 0, 6, 279.19
1734230188, 26, 13, 62, 42, 0, 0.06%, 9, 0, 6, 226.66
1734230198, 26, 15, 62, 42, 0, 0.06%, 9, 0, 6, 289.82
1734230234, 26, 18, 62, 41, 0, 0.06%, 9, 0, 6, 294.54
1734230254, 26, 18, 63, 42, 0, 0.06%, 9, 0, 6, 241.68
1734230279, 26, 21, 63, 41, 0, 0.06%, 9, 0, 6, 302.96
1734230315, 26, 25, 63, 40, 0, 0.06%, 9, 0, 6, 231.74
1734230340, 26, 26, 63, 40, 0, 0.06%, 9, 0, 6, 247.34
1734230365, 26, 36, 63, 40, 0, 0.06%, 9, 0, 6, 370.36
1734230401, 26, 36, 64, 41, 0, 0.06%, 9, 0, 6, 306.26
1734230442, 26, 36, 65, 42, 0, 0.06%, 9, 0, 6, 283.40
1734230457, 26, 36, 67, 44, 0, 0.06%, 9, 0, 6, 281.32
1734230518, 26, 36, 69, 46, 0, 0.06%, 9, 0, 6, 281.53
1734230528, 26, 53, 69, 45, 1, 0.06%, 9, 0, 6, 283.29
1734230553, 26, 63, 69, 45, 1, 0.06%, 9, 0, 6, 331.27
1734230609, 26, 67, 69, 44, 0, 0.06%, 9, 0, 6, 283.88
1734230691, 26, 67, 70, 45, 0, 0.06%, 9, 0, 6, 424.00
1734231252, 27, 12, 71, 45, 0, 0.06%, 9, 0, 6, 246.60
1734231262, 27, 13, 71, 45, 0, 0.06%, 9, 0, 6, 263.99
1734231277, 27, 25, 71, 45, 0, 0.06%, 9, 0, 6, 245.59
1734231297, 27, 28, 71, 45, 0, 0.06%, 9, 0, 6, 370.18
1734231348, 27, 40, 71, 44, 0, 0.06%, 9, 0, 6, 387.43
1734231424, 27, 41, 71, 43, 0, 0.06%, 9, 0, 6, 272.68
1734231582, 27, 47, 71, 42, 0, 0.06%, 9, 0, 6, 274.65
1734231638, 27, 48, 71, 41, 0, 0.06%, 9, 0, 6, 311.43
1734231745, 27, 50, 71, 40, 0, 0.06%, 9, 0, 6, 409.44
1734231796, 27, 52, 72, 40, 0, 0.06%, 9, 0, 6, 282.34
1734232234, 27, 53, 72, 39, 0, 0.06%, 9, 0, 6, 291.94
1734232255, 27, 58, 72, 39, 0, 0.06%, 9, 0, 6, 284.33
1734232315, 27, 63, 72, 38, 0, 0.06%, 9, 0, 6, 274.89
1734232336, 27, 68, 72, 38, 0, 0.06%, 9, 0, 6, 320.22
1734232627, 28, 12, 72, 37, 0, 0.06%, 9, 0, 6, 241.00
1734232637, 28, 13, 72, 37, 0, 0.06%, 9, 0, 6, 248.23
1734232647, 28, 19, 72, 37, 0, 0.06%, 9, 0, 6, 334.79
1734232703, 28, 25, 72, 36, 0, 0.06%, 9, 0, 6, 241.28
1734232723, 28, 35, 72, 36, 0, 0.06%, 9, 0, 6, 331.80
1734232774, 28, 41, 72, 35, 0, 0.06%, 9, 0, 6, 286.24
1734232794, 28, 46, 72, 35, 0, 0.06%, 9, 0, 6, 319.43
1734232844, 28, 53, 72, 34, 0, 0.06%, 9, 0, 6, 294.81
1734232864, 28, 55, 72, 34, 0, 0.06%, 9, 0, 6, 347.85
1734232916, 28, 63, 72, 33, 0, 0.06%, 9, 0, 6, 263.48
1734232941, 28, 65, 72, 33, 0, 0.06%, 9, 0, 6, 362.09
1734233042, 29, 12, 72, 32, 0, 0.06%, 9, 0, 6, 246.44
1734233053, 29, 13, 72, 32, 0, 0.06%, 9, 0, 6, 276.05
1734233063, 29, 17, 72, 32, 0, 0.06%, 9, 0, 6, 272.26
1734233093, 29, 24, 72, 31, 0, 0.06%, 9, 0, 6, 308.87
1734233098, 29, 24, 73, 32, 0, 0.06%, 9, 0, 6, 398.98
1734233195, 29, 25, 73, 31, 0, 0.06%, 9, 0, 6, 253.98
1734233221, 29, 32, 73, 31, 0, 0.06%, 9, 0, 6, 395.31
1734233281, 29, 33, 73, 30, 0, 0.06%, 9, 0, 6, 385.79
1734233337, 29, 38, 73, 29, 0, 0.06%, 9, 0, 6, 324.48
1734233424, 29, 39, 73, 28, 0, 0.06%, 9, 0, 6, 258.48
1734233444, 29, 42, 73, 28, 0, 0.06%, 9, 0, 6, 272.38
1734233495, 29, 53, 73, 27, 0, 0.06%, 9, 0, 6, 273.20
1734233515, 29, 56, 73, 27, 0, 0.06%, 9, 0, 6, 293.44
1734233587, 29, 56, 74, 28, 0, 0.06%, 9, 0, 7, 295.18
1734233592, 29, 63, 74, 27, 0, 0.06%, 9, 0, 7, 270.25
1734233612, 29, 66, 74, 27, 0, 0.06%, 9, 0, 7, 237.66
1734233984, 29, 66, 75, 28, 0, 0.06%, 9, 0, 7, 304.69
1734234040, 29, 67, 75, 27, 0, 0.06%, 9, 0, 7, 287.84
1734234060, 30, 12, 75, 27, 0, 0.06%, 9, 0, 7, 281.14
1734234070, 30, 13, 75, 27, 0, 0.06%, 9, 0, 7, 270.42
1734234086, 30, 17, 75, 27, 0, 0.06%, 9, 0, 7, 278.70
1734234096, 30, 25, 75, 27, 0, 0.06%, 9, 0, 7, 242.11
1734234116, 30, 34, 75, 27, 0, 0.06%, 9, 0, 7, 305.97
1734234202, 30, 37, 75, 26, 0, 0.06%, 9, 0, 7, 353.24
1734234253, 30, 43, 75, 25, 0, 0.06%, 9, 0, 7, 306.72
1734234303, 30, 45, 75, 24, 0, 0.06%, 9, 0, 7, 212.29
1734245658, 30, 45, 76, 25, 0, 0.06%, 9, 0, 7, 407.70
1734245698, 30, 51, 76, 24, 0, 0.06%, 9, 0, 7, 277.51
1734245754, 30, 53, 76, 23, 0, 0.06%, 9, 0, 7, 266.18
1734245774, 30, 55, 76, 23, 0, 0.06%, 9, 0, 7, 279.19
1734245794, 30, 62, 76, 23, 0, 0.06%, 9, 0, 7, 298.67
1734245912, 30, 64, 76, 22, 0, 0.06%, 9, 0, 7, 307.99
1734246023, 30, 65, 76, 21, 0, 0.06%, 9, 0, 7, 294.30
