# unix_time, cycles_done, cur_path, paths_total, pending_total, pending_favs, map_size, unique_crashes, unique_hangs, max_depth, execs_per_sec
1735536702, 0, 0, 10, 10, 1, 0.00%, 0, 0, 1, 152.09
1735536712, 0, 1, 10, 9, 0, 0.00%, 0, 0, 1, 178.10
1735536723, 0, 2, 10, 8, 0, 0.00%, 0, 0, 1, 188.26
1735536728, 0, 3, 10, 7, 0, 0.00%, 0, 0, 1, 174.95
1735536738, 0, 4, 10, 6, 0, 0.00%, 0, 0, 1, 187.26
1735536743, 0, 5, 10, 5, 0, 0.00%, 0, 0, 1, 188.61
1735536753, 0, 6, 10, 4, 0, 0.00%, 0, 0, 1, 171.65
1735536764, 0, 7, 10, 3, 0, 0.00%, 0, 0, 1, 185.65
1735536769, 0, 8, 10, 2, 0, 0.00%, 0, 0, 1, 177.37
1735536779, 0, 9, 10, 1, 0, 0.00%, 0, 0, 1, 189.62
1735536784, 1, 0, 10, 0, 0, 0.00%, 0, 0, 1, 185.63
1735536789, 1, 1, 10, 0, 0, 0.00%, 0, 0, 1, 186.24
1735536794, 1, 2, 10, 0, 0, 0.00%, 0, 0, 1, 188.87
1735536800, 1, 3, 10, 0, 0, 0.00%, 0, 0, 1, 186.76
1735536805, 1, 5, 10, 0, 0, 0.00%, 0, 0, 1, 187.70
1735536810, 1, 6, 10, 0, 0, 0.00%, 0, 0, 1, 184.82
1735536815, 1, 7, 10, 0, 0, 0.00%, 0, 0, 1, 186.63
1735536820, 1, 9, 10, 0, 0, 0.00%, 0, 0, 1, 184.46
1735536825, 2, 0, 10, 0, 0, 0.00%, 0, 0, 1, 186.18
1735536830, 2, 1, 10, 0, 0, 0.00%, 0, 0, 1, 181.51
1735536835, 2, 2, 10, 0, 0, 0.00%, 0, 0, 1, 186.43
1735536840, 2, 4, 10, 0, 0, 0.00%, 0, 0, 1, 187.48
1735536845, 2, 5, 10, 0, 0, 0.00%, 0, 0, 1, 185.36
1735536851, 2, 6, 10, 0, 0, 0.00%, 0, 0, 1, 184.47
1735536856, 2, 8, 10, 0, 0, 0.00%, 0, 0, 1, 184.91
1735536861, 2, 9, 10, 0, 0, 0.00%, 0, 0, 1, 184.20
1735536866, 3, 0, 10, 0, 0, 0.00%, 0, 0, 1, 185.29
1735536871, 3, 1, 10, 0, 0, 0.00%, 0, 0, 1, 181.58
1735536876, 3, 3, 10, 0, 0, 0.00%, 0, 0, 1, 186.39
1735536881, 3, 4, 10, 0, 0, 0.00%, 0, 0, 1, 182.08
1735536886, 3, 5, 10, 0, 0, 0.00%, 0, 0, 1, 187.84
1735536891, 3, 7, 10, 0, 0, 0.00%, 0, 0, 1, 186.60
1735536897, 3, 8, 10, 0, 0, 0.00%, 0, 0, 1, 185.48
1735536902, 3, 9, 10, 0, 0, 0.00%, 0, 0, 1, 182.58
1735536907, 4, 0, 10, 0, 0, 0.00%, 0, 0, 1, 185.79
1735536912, 4, 2, 10, 0, 0, 0.00%, 0, 0, 1, 185.55
1735536917, 4, 3, 10, 0, 0, 0.00%, 0, 0, 1, 184.44
1735536922, 4, 4, 10, 0, 0, 0.00%, 0, 0, 1, 189.98
1735536927, 4, 6, 10, 0, 0, 0.00%, 0, 0, 1, 187.23
1735536932, 4, 7, 10, 0, 0, 0.00%, 0, 0, 1, 189.08
1735536938, 4, 8, 10, 0, 0, 0.00%, 0, 0, 1, 183.76
1735536943, 5, 0, 10, 0, 0, 0.00%, 0, 0, 1, 183.91
1735536948, 5, 1, 10, 0, 0, 0.00%, 0, 0, 1, 186.66
1735536953, 5, 2, 10, 0, 0, 0.00%, 0, 0, 1, 183.52
1735536958, 5, 3, 10, 0, 0, 0.00%, 0, 0, 1, 183.60
1735536963, 5, 5, 10, 0, 0, 0.00%, 0, 0, 1, 183.98
1735536968, 5, 6, 10, 0, 0, 0.00%, 0, 0, 1, 184.93
1735536974, 5, 7, 10, 0, 0, 0.00%, 0, 0, 1, 186.46
1735536979, 5, 9, 10, 0, 0, 0.00%, 0, 0, 1, 186.06
1735536984, 6, 0, 10, 0, 0, 0.00%, 0, 0, 1, 185.63
1735536989, 6, 1, 10, 0, 0, 0.00%, 0, 0, 1, 186.61
1735536994, 6, 2, 10, 0, 0, 0.00%, 0, 0, 1, 189.58
1735536999, 6, 4, 10, 0, 0, 0.00%, 0, 0, 1, 186.02
1735537004, 6, 5, 10, 0, 0, 0.00%, 0, 0, 1, 188.89
1735537009, 6, 6, 10, 0, 0, 0.00%, 0, 0, 1, 184.77
1735537014, 6, 8, 10, 0, 0, 0.00%, 0, 0, 1, 188.24
1735537019, 6, 9, 10, 0, 0, 0.00%, 0, 0, 1, 186.64
1735537024, 7, 0, 10, 0, 0, 0.00%, 0, 0, 1, 184.20
1735537030, 7, 1, 10, 0, 0, 0.00%, 0, 0, 1, 184.94
1735537035, 7, 3, 10, 0, 0, 0.00%, 0, 0, 1, 187.93
1735537040, 7, 4, 10, 0, 0, 0.00%, 0, 0, 1, 185.15
1735537045, 7, 5, 10, 0, 0, 0.00%, 0, 0, 1, 187.53
1735537050, 7, 7, 10, 0, 0, 0.00%, 0, 0, 1, 184.88
1735537055, 7, 8, 10, 0, 0, 0.00%, 0, 0, 1, 185.66
1735537060, 7, 9, 10, 0, 0, 0.00%, 0, 0, 1, 186.08
1735537065, 8, 0, 10, 0, 0, 0.00%, 0, 0, 1, 184.66
1735537070, 8, 2, 10, 0, 0, 0.00%, 0, 0, 1, 188.91
1735537076, 8, 3, 11, 1, 0, 0.05%, 1, 0, 2, 182.61
1735537081, 8, 10, 11, 1, 1, 0.05%, 1, 0, 2, 204.65
1735537086, 8, 10, 12, 2, 1, 0.05%, 2, 0, 3, 204.97
1735537142, 8, 10, 13, 3, 1, 0.05%, 3, 0, 3, 195.52
1735537162, 8, 10, 14, 4, 1, 0.05%, 4, 0, 3, 196.19
1735537209, 8, 10, 15, 5, 1, 0.06%, 5, 0, 3, 198.83
1735537239, 8, 11, 17, 6, 4, 0.06%, 7, 0, 4, 228.96
1735537280, 8, 11, 18, 7, 4, 0.06%, 7, 0, 4, 202.50
1735537301, 8, 11, 19, 8, 4, 0.06%, 7, 0, 4, 203.57
1735537331, 8, 11, 21, 10, 4, 0.06%, 7, 0, 4, 207.94
1735537346, 8, 11, 22, 11, 4, 0.06%, 8, 0, 4, 214.70
1735537377, 8, 11, 23, 12, 4, 0.06%, 8, 0, 4, 205.95
1735537417, 8, 12, 24, 12, 6, 0.06%, 9, 0, 4, 230.64
1735537427, 8, 12, 25, 13, 6, 0.06%, 9, 0, 4, 209.97
1735537432, 8, 12, 26, 14, 6, 0.06%, 9, 0, 4, 206.83
1735537468, 8, 12, 27, 15, 6, 0.06%, 9, 0, 4, 208.28
1735537473, 8, 12, 28, 16, 6, 0.06%, 9, 0, 4, 211.05
1735537549, 8, 14, 28, 15, 6, 0.06%, 9, 0, 4, 233.16
1735537590, 8, 15, 28, 14, 5, 0.06%, 9, 0, 4, 233.41
1735537610, 8, 15, 29, 15, 5, 0.06%, 9, 0, 5, 212.69
1735537615, 8, 15, 30, 16, 5, 0.06%, 9, 0, 5, 215.33
1735537655, 8, 15, 31, 17, 5, 0.06%, 9, 0, 5, 207.98
1735537732, 8, 16, 31, 16, 4, 0.06%, 9, 0, 5, 235.41
1735537783, 8, 16, 32, 17, 4, 0.06%, 9, 0, 5, 209.40
1735537823, 8, 16, 33, 18, 4, 0.06%, 9, 0, 5, 206.46
1735537834, 8, 16, 34, 19, 4, 0.06%, 9, 0, 5, 207.80
1735537844, 8, 16, 36, 21, 4, 0.06%, 9, 0, 5, 209.82
1735537874, 8, 21, 38, 22, 3, 0.06%, 9, 0, 5, 271.00
1735537909, 8, 21, 39, 23, 3, 0.06%, 9, 0, 5, 208.64
1735537925, 8, 21, 40, 24, 3, 0.06%, 9, 0, 5, 211.24
1735538011, 8, 21, 43, 27, 3, 0.06%, 9, 0, 5, 261.46
1735538021, 8, 23, 43, 26, 2, 0.06%, 9, 0, 5, 248.67
1735538026, 8, 23, 44, 27, 2, 0.06%, 9, 0, 5, 216.34
1735538072, 8, 23, 45, 28, 2, 0.06%, 9, 0, 5, 211.92
1735538097, 8, 23, 46, 29, 2, 0.06%, 9, 0, 5, 205.79
1735538147, 8, 23, 47, 30, 2, 0.06%, 9, 0, 5, 212.03
1735538163, 8, 23, 48, 31, 2, 0.06%, 9, 0, 5, 209.89
1735538193, 8, 23, 52, 35, 2, 0.06%, 9, 0, 5, 261.70
1735538198, 8, 25, 53, 35, 1, 0.06%, 9, 0, 5, 327.51
1735538203, 8, 25, 55, 37, 1, 0.06%, 9, 0, 5, 247.71
1735538254, 8, 25, 56, 38, 1, 0.06%, 9, 0, 5, 223.86
1735538285, 8, 25, 57, 39, 1, 0.06%, 9, 0, 5, 228.81
1735538346, 8, 25, 58, 40, 1, 0.06%, 9, 0, 5, 235.37
1735538362, 8, 26, 59, 40, 0, 0.06%, 9, 0, 5, 353.70
1735538377, 8, 26, 60, 41, 0, 0.06%, 9, 0, 5, 286.83
1735538448, 8, 27, 60, 40, 0, 0.06%, 9, 0, 5, 388.15
1735538499, 8, 31, 60, 39, 0, 0.06%, 9, 0, 5, 235.78
1735538555, 8, 31, 61, 40, 0, 0.06%, 9, 0, 6, 241.23
1735538560, 8, 33, 61, 39, 0, 0.06%, 9, 0, 6, 317.78
1735538611, 8, 34, 61, 38, 0, 0.06%, 9, 0, 6, 319.68
1735538683, 8, 34, 62, 39, 0, 0.06%, 9, 0, 6, 257.19
1735538698, 8, 51, 62, 38, 0, 0.06%, 9, 0, 6, 233.56
1735538800, 8, 51, 64, 40, 0, 0.06%, 9, 0, 6, 415.95
1735539358, 8, 57, 64, 39, 0, 0.06%, 9, 0, 6, 285.29
1735539388, 8, 57, 65, 40, 0, 0.06%, 9, 0, 6, 266.18
1735539444, 8, 59, 65, 39, 0, 0.06%, 9, 0, 6, 415.65
1735539510, 8, 60, 65, 38, 0, 0.06%, 9, 0, 6, 265.25
1735539637, 8, 62, 65, 37, 0, 0.06%, 9, 0, 6, 319.73
1735539831, 8, 63, 65, 36, 0, 0.06%, 9, 0, 6, 304.74
1735540030, 8, 64, 65, 35, 0, 0.06%, 9, 0, 6, 276.86
1735540066, 8, 64, 66, 36, 0, 0.06%, 9, 0, 7, 326.28
1735540132, 9, 11, 66, 35, 0, 0.06%, 9, 0, 7, 254.93
1735540142, 9, 12, 66, 35, 0, 0.06%, 9, 0, 7, 244.71
1735540157, 9, 14, 66, 35, 0, 0.06%, 9, 0, 7, 237.39
1735540162, 9, 14, 67, 36, 0, 0.06%, 9, 0, 7, 243.88
1735540167, 9, 15, 67, 36, 0, 0.06%, 9, 0, 7, 234.02
1735540188, 9, 16, 67, 36, 0, 0.06%, 9, 0, 7, 246.41
1735540213, 9, 20, 67, 36, 0, 0.06%, 9, 0, 7, 355.02
1735540264, 9, 21, 67, 35, 0, 0.06%, 9, 0, 7, 241.01
1735540280, 9, 21, 68, 36, 0, 0.06%, 9, 0, 7, 272.89
1735540290, 9, 23, 68, 36, 0, 0.06%, 9, 0, 7, 237.93
1735540310, 9, 24, 68, 36, 0, 0.06%, 9, 0, 7, 268.88
1735540355, 9, 24, 69, 37, 0, 0.06%, 9, 0, 7, 264.35
1735540361, 9, 25, 70, 37, 0, 0.06%, 9, 0, 7, 257.01
1735540386, 9, 28, 70, 37, 0, 0.06%, 9, 0, 7, 315.41
1735540686, 9, 37, 70, 36, 0, 0.06%, 9, 0, 7, 289.84
1735540741, 9, 38, 70, 35, 0, 0.06%, 9, 0, 7, 300.32
1735540792, 9, 40, 70, 34, 0, 0.06%, 9, 0, 7, 317.10
1735540956, 9, 46, 70, 33, 0, 0.06%, 9, 0, 7, 320.14
1735541011, 9, 47, 70, 32, 0, 0.06%, 9, 0, 7, 293.16
1735541062, 9, 50, 70, 31, 0, 0.06%, 9, 0, 7, 289.61
1735541338, 9, 53, 70, 30, 0, 0.06%, 9, 0, 7, 291.27
1735541389, 9, 65, 70, 29, 0, 0.06%, 9, 0, 7, 341.53
1735541491, 9, 68, 70, 28, 0, 0.06%, 9, 0, 7, 296.90
1735541597, 10, 11, 70, 27, 0, 0.06%, 9, 0, 7, 257.53
1735541602, 10, 14, 70, 27, 0, 0.06%, 9, 0, 7, 249.64
1735541607, 10, 15, 70, 27, 0, 0.06%, 9, 0, 7, 235.48
1735541613, 10, 16, 70, 27, 0, 0.06%, 9, 0, 7, 232.86
1735541618, 10, 21, 70, 27, 0, 0.06%, 9, 0, 7, 238.29
1735541623, 10, 22, 70, 27, 0, 0.06%, 9, 0, 7, 289.94
1735541673, 10, 23, 70, 26, 0, 0.06%, 9, 0, 7, 253.38
1735541678, 10, 25, 70, 26, 0, 0.06%, 9, 0, 7, 260.55
1735541683, 10, 29, 70, 26, 0, 0.06%, 9, 0, 7, 282.16
1735541734, 10, 30, 70, 25, 0, 0.06%, 9, 0, 7, 204.64
1735542448, 10, 36, 70, 24, 0, 0.06%, 9, 0, 7, 247.05
1735542509, 10, 42, 70, 23, 0, 0.06%, 9, 0, 7, 382.29
1735542560, 10, 55, 70, 22, 0, 0.06%, 9, 0, 7, 252.35
1735542861, 10, 55, 71, 23, 0, 0.06%, 9, 0, 7, 346.02
1735542901, 10, 55, 72, 24, 0, 0.06%, 9, 0, 7, 364.67
1735542962, 10, 56, 72, 23, 0, 0.06%, 9, 0, 7, 334.64
1735543013, 10, 58, 72, 22, 0, 0.06%, 9, 0, 7, 402.02
1735543064, 10, 60, 72, 21, 0, 0.06%, 9, 0, 7, 282.84
1735543089, 10, 67, 72, 21, 0, 0.06%, 9, 0, 7, 369.32
1735543140, 11, 0, 72, 20, 0, 0.06%, 9, 0, 7, 247.16
1735543145, 11, 12, 72, 20, 0, 0.06%, 9, 0, 7, 245.81
1735543150, 11, 15, 72, 20, 0, 0.06%, 9, 0, 7, 251.41
1735543161, 11, 16, 72, 20, 0, 0.06%, 9, 0, 7, 234.16
1735543166, 11, 18, 72, 20, 0, 0.06%, 9, 0, 7, 319.38
1735543217, 11, 21, 72, 19, 0, 0.06%, 9, 0, 7, 249.67
1735543227, 11, 23, 72, 19, 0, 0.06%, 9, 0, 7, 246.74
1735543232, 11, 25, 72, 19, 0, 0.06%, 9, 0, 7, 269.44
1735543237, 11, 32, 72, 19, 0, 0.06%, 9, 0, 7, 301.06
1735543288, 11, 39, 72, 18, 0, 0.06%, 9, 0, 7, 320.12
1735543364, 11, 71, 72, 17, 0, 0.06%, 9, 0, 7, 291.29
1735543598, 12, 12, 72, 16, 0, 0.06%, 9, 0, 7, 242.64
1735543603, 12, 14, 72, 16, 0, 0.06%, 9, 0, 7, 247.46
1735543608, 12, 15, 72, 16, 0, 0.06%, 9, 0, 7, 250.01
1735543613, 12, 16, 72, 16, 0, 0.06%, 9, 0, 7, 251.19
1735543618, 12, 19, 72, 16, 0, 0.06%, 9, 0, 7, 274.07
1735543623, 12, 19, 74, 18, 0, 0.06%, 9, 0, 7, 349.04
1735544106, 12, 21, 74, 17, 0, 0.06%, 9, 0, 7, 270.08
1735544116, 12, 23, 74, 17, 0, 0.06%, 9, 0, 7, 252.98
1735544121, 12, 25, 74, 17, 0, 0.06%, 9, 0, 7, 252.43
1735544126, 12, 54, 74, 17, 0, 0.06%, 9, 0, 7, 313.19
1735544177, 12, 70, 74, 16, 0, 0.06%, 9, 0, 7, 330.05
1735544401, 12, 72, 74, 15, 0, 0.06%, 9, 0, 7, 311.31
1735544514, 13, 7, 74, 14, 0, 0.06%, 9, 0, 7, 253.11
1735544519, 13, 12, 74, 14, 0, 0.06%, 9, 0, 7, 246.83
1735544524, 13, 15, 74, 14, 0, 0.06%, 9, 0, 7, 248.42
1735544529, 13, 16, 74, 14, 0, 0.06%, 9, 0, 7, 246.92
1735544539, 13, 21, 74, 14, 0, 0.06%, 9, 0, 7, 264.03
1735544544, 13, 23, 74, 14, 0, 0.06%, 9, 0, 7, 267.43
1735544549, 13, 25, 74, 14, 0, 0.06%, 9, 0, 7, 266.83
1735544554, 13, 41, 74, 14, 0, 0.06%, 9, 0, 7, 317.79
1735544610, 13, 44, 74, 13, 0, 0.06%, 9, 0, 7, 289.71
1735544696, 13, 48, 74, 12, 0, 0.06%, 9, 0, 7, 218.78
1735545477, 13, 49, 74, 11, 0, 0.06%, 9, 0, 7, 310.73
1735545603, 13, 59, 74, 10, 0, 0.06%, 9, 0, 7, 287.35
1735545619, 14, 4, 74, 10, 0, 0.06%, 9, 0, 7, 307.20
1735545624, 14, 12, 74, 10, 0, 0.06%, 9, 0, 7, 267.22
1735545629, 14, 13, 74, 10, 0, 0.06%, 9, 0, 7, 263.84
1735545654, 14, 14, 74, 9, 0, 0.06%, 9, 0, 7, 277.09
1735545659, 14, 15, 74, 9, 0, 0.06%, 9, 0, 7, 249.34
1735545664, 14, 16, 74, 9, 0, 0.06%, 9, 0, 7, 245.49
1735545669, 14, 17, 74, 9, 0, 0.06%, 9, 0, 7, 274.36
1735545720, 14, 21, 74, 8, 0, 0.06%, 9, 0, 7, 243.44
1735545725, 14, 23, 74, 8, 0, 0.06%, 9, 0, 7, 250.82
1735545730, 14, 32, 74, 8, 0, 0.06%, 9, 0, 7, 248.69
1735545750, 15, 11, 74, 8, 0, 0.06%, 9, 0, 7, 243.51
1735545755, 15, 12, 74, 8, 0, 0.06%, 9, 0, 7, 249.45
1735545761, 15, 13, 74, 8, 0, 0.06%, 9, 0, 7, 246.21
1735545771, 15, 15, 74, 8, 0, 0.06%, 9, 0, 7, 245.27
1735545776, 15, 16, 74, 8, 0, 0.06%, 9, 0, 7, 244.89
1735545781, 15, 21, 74, 8, 0, 0.06%, 9, 0, 7, 248.74
1735545791, 15, 23, 74, 8, 0, 0.06%, 9, 0, 7, 253.22
1735545796, 15, 35, 74, 8, 0, 0.06%, 9, 0, 7, 370.03
1735545852, 15, 43, 74, 7, 0, 0.06%, 9, 0, 7, 289.48
1735545903, 15, 61, 74, 6, 0, 0.06%, 9, 0, 7, 291.91
1735545990, 15, 64, 74, 5, 0, 0.06%, 9, 0, 7, 241.31
1735546010, 16, 11, 74, 5, 0, 0.06%, 9, 0, 7, 272.59
1735546015, 16, 13, 74, 5, 0, 0.06%, 9, 0, 7, 258.10
1735546020, 16, 14, 74, 5, 0, 0.06%, 9, 0, 7, 252.01
1735546025, 16, 15, 74, 5, 0, 0.06%, 9, 0, 7, 246.02
1735546030, 16, 16, 74, 5, 0, 0.06%, 9, 0, 7, 241.68
1735546035, 16, 21, 74, 5, 0, 0.06%, 9, 0, 7, 231.38
1735546040, 16, 23, 74, 5, 0, 0.06%, 9, 0, 7, 248.82
1735546045, 16, 33, 74, 5, 0, 0.06%, 9, 0, 7, 248.73
1735546066, 16, 42, 74, 5, 0, 0.06%, 9, 0, 7, 271.05
1735546091, 16, 45, 74, 5, 0, 0.06%, 9, 0, 7, 360.76
1735546142, 16, 49, 74, 4, 0, 0.06%, 9, 0, 7, 280.28
1735546162, 16, 57, 74, 4, 0, 0.06%, 9, 0, 7, 276.27
1735546188, 16, 66, 74, 4, 0, 0.06%, 9, 0, 7, 341.32
1735546274, 16, 66, 75, 5, 0, 0.06%, 9, 0, 7, 251.80
1735546346, 17, 5, 75, 4, 0, 0.06%, 9, 0, 7, 235.98
1735546351, 17, 12, 75, 4, 0, 0.06%, 9, 0, 7, 243.42
1735546356, 17, 14, 75, 4, 0, 0.06%, 9, 0, 7, 250.33
1735546361, 17, 15, 75, 4, 0, 0.06%, 9, 0, 7, 247.80
1735546366, 17, 16, 75, 4, 0, 0.06%, 9, 0, 7, 257.11
1735546371, 17, 21, 75, 4, 0, 0.06%, 9, 0, 7, 261.32
1735546376, 17, 23, 75, 4, 0, 0.06%, 9, 0, 7, 262.62
1735546381, 17, 43, 75, 4, 0, 0.06%, 9, 0, 7, 254.03
1735546401, 17, 48, 75, 4, 0, 0.06%, 9, 0, 7, 288.98
1735546427, 17, 53, 75, 4, 0, 0.06%, 9, 0, 7, 240.88
1735546447, 17, 59, 75, 4, 0, 0.06%, 9, 0, 7, 271.87
1735546452, 17, 60, 75, 4, 0, 0.06%, 9, 0, 7, 259.42
1735546462, 18, 12, 75, 4, 0, 0.06%, 9, 0, 7, 248.36
1735546468, 18, 14, 75, 4, 0, 0.06%, 9, 0, 7, 245.14
1735546473, 18, 15, 75, 4, 0, 0.06%, 9, 0, 7, 220.34
1735546478, 18, 16, 75, 4, 0, 0.06%, 9, 0, 7, 247.13
1735546483, 18, 21, 75, 4, 0, 0.06%, 9, 0, 7, 235.35
1735546488, 18, 23, 75, 4, 0, 0.06%, 9, 0, 7, 245.77
1735546493, 18, 52, 75, 4, 0, 0.06%, 9, 0, 7, 291.46
1735546620, 18, 67, 75, 3, 0, 0.06%, 9, 0, 7, 270.61
1735546640, 18, 73, 75, 3, 0, 0.06%, 9, 0, 7, 321.59
1735546752, 18, 74, 75, 2, 0, 0.06%, 9, 0, 7, 257.29
1735546763, 18, 74, 76, 3, 0, 0.06%, 9, 0, 7, 424.34
1735546890, 19, 12, 76, 2, 0, 0.06%, 9, 0, 7, 253.31
1735546895, 19, 14, 76, 2, 0, 0.06%, 9, 0, 7, 250.18
1735546900, 19, 15, 76, 2, 0, 0.06%, 9, 0, 7, 244.81
1735546905, 19, 16, 76, 2, 0, 0.06%, 9, 0, 7, 242.23
1735546910, 19, 21, 76, 2, 0, 0.06%, 9, 0, 7, 242.89
1735546915, 19, 23, 76, 2, 0, 0.06%, 9, 0, 7, 233.63
1735546920, 20, 11, 76, 2, 0, 0.06%, 9, 0, 7, 256.22
1735546925, 20, 13, 76, 2, 0, 0.06%, 9, 0, 7, 243.41
1735546931, 20, 15, 76, 2, 0, 0.06%, 9, 0, 7, 251.76
1735546936, 20, 16, 76, 2, 0, 0.06%, 9, 0, 7, 247.06
1735546941, 20, 21, 76, 2, 0, 0.06%, 9, 0, 7, 240.26
1735546951, 20, 23, 76, 2, 0, 0.06%, 9, 0, 7, 251.72
1735546957, 20, 42, 76, 2, 0, 0.06%, 9, 0, 7, 247.46
1735546962, 20, 56, 76, 2, 0, 0.06%, 9, 0, 7, 255.01
1735546982, 21, 11, 76, 2, 0, 0.06%, 9, 0, 7, 249.52
1735546987, 21, 13, 76, 2, 0, 0.06%, 9, 0, 7, 248.81
1735546992, 21, 15, 76, 2, 0, 0.06%, 9, 0, 7, 256.80
1735547002, 21, 21, 76, 2, 0, 0.06%, 9, 0, 7, 254.82
1735547012, 21, 23, 76, 2, 0, 0.06%, 9, 0, 7, 247.77
1735547017, 21, 54, 76, 2, 0, 0.06%, 9, 0, 7, 246.18
1735547038, 21, 63, 76, 2, 0, 0.06%, 9, 0, 7, 274.23
1735547063, 21, 71, 76, 2, 0, 0.06%, 9, 0, 7, 319.51
1735547084, 22, 12, 76, 2, 0, 0.06%, 9, 0, 7, 243.60
1735547089, 22, 14, 76, 2, 0, 0.06%, 9, 0, 7, 250.65
1735547094, 22, 15, 76, 2, 0, 0.06%, 9, 0, 7, 239.79
1735547099, 22, 16, 76, 2, 0, 0.06%, 9, 0, 7, 244.36
1735547104, 22, 21, 76, 2, 0, 0.06%, 9, 0, 7, 239.22
1735547109, 22, 23, 76, 2, 0, 0.06%, 9, 0, 7, 243.67
1735547114, 22, 44, 76, 2, 0, 0.06%, 9, 0, 7, 263.41
1735547139, 22, 67, 76, 2, 0, 0.06%, 9, 0, 7, 260.59
1735547149, 22, 69, 76, 2, 0, 0.06%, 9, 0, 7, 315.33
1735547282, 23, 12, 76, 1, 0, 0.06%, 9, 0, 7, 266.76
1735547287, 23, 13, 76, 1, 0, 0.06%, 9, 0, 7, 262.82
1735547292, 23, 15, 76, 1, 0, 0.06%, 9, 0, 7, 244.74
1735547297, 23, 16, 76, 1, 0, 0.06%, 9, 0, 7, 242.35
1735547302, 23, 18, 76, 1, 0, 0.06%, 9, 0, 7, 248.48
1735547322, 23, 21, 76, 1, 0, 0.06%, 9, 0, 7, 245.83
1735547332, 23, 23, 76, 1, 0, 0.06%, 9, 0, 7, 253.94
1735547337, 23, 25, 76, 1, 0, 0.06%, 9, 0, 7, 247.52
1735547342, 23, 59, 76, 1, 0, 0.06%, 9, 0, 7, 257.57
1735547347, 23, 66, 76, 1, 0, 0.06%, 9, 0, 7, 276.47
1735547367, 24, 11, 76, 1, 0, 0.06%, 9, 0, 7, 231.46
1735547372, 24, 12, 76, 1, 0, 0.06%, 9, 0, 7, 239.92
1735547378, 24, 14, 76, 1, 0, 0.06%, 9, 0, 7, 241.93
1735547383, 24, 15, 76, 1, 0, 0.06%, 9, 0, 7, 243.17
1735547388, 24, 16, 76, 1, 0, 0.06%, 9, 0, 7, 260.57
1735547393, 24, 21, 76, 1, 0, 0.06%, 9, 0, 7, 262.04
1735547403, 24, 23, 76, 1, 0, 0.06%, 9, 0, 7, 251.44
1735547408, 24, 24, 76, 1, 0, 0.06%, 9, 0, 7, 248.14
1735547429, 24, 29, 76, 1, 0, 0.06%, 9, 0, 7, 256.36
1735547454, 24, 59, 76, 1, 0, 0.06%, 9, 0, 7, 268.79
1735547459, 24, 61, 76, 1, 0, 0.06%, 9, 0, 7, 267.85
1735547479, 24, 75, 76, 1, 0, 0.06%, 9, 0, 7, 358.09
