# unix_time, cycles_done, cur_path, paths_total, pending_total, pending_favs, map_size, unique_crashes, unique_hangs, max_depth, execs_per_sec
1735400228, 0, 0, 10, 10, 1, 0.00%, 0, 0, 1, 155.64
1735400233, 0, 2, 10, 10, 1, 0.00%, 0, 0, 1, 192.77
1735400238, 0, 3, 10, 9, 0, 0.00%, 0, 0, 1, 198.46
1735400249, 0, 4, 10, 8, 0, 0.00%, 0, 0, 1, 194.49
1735400254, 0, 5, 10, 7, 0, 0.00%, 0, 0, 1, 186.29
1735400264, 0, 6, 10, 6, 0, 0.00%, 0, 0, 1, 196.50
1735400269, 0, 7, 10, 5, 0, 0.00%, 0, 0, 1, 180.95
1735400274, 0, 8, 10, 4, 0, 0.00%, 0, 0, 1, 190.98
1735400284, 0, 9, 10, 3, 0, 0.00%, 0, 0, 1, 196.86
1735400290, 1, 0, 10, 2, 0, 0.00%, 0, 0, 1, 188.50
1735400300, 1, 1, 10, 1, 0, 0.00%, 0, 0, 1, 190.02
1735400310, 1, 2, 10, 0, 0, 0.00%, 0, 0, 1, 192.35
1735400315, 1, 3, 10, 0, 0, 0.00%, 0, 0, 1, 194.90
1735400320, 1, 4, 10, 0, 0, 0.00%, 0, 0, 1, 195.45
1735400326, 1, 6, 10, 0, 0, 0.00%, 0, 0, 1, 194.41
1735400331, 1, 7, 10, 0, 0, 0.00%, 0, 0, 1, 197.14
1735400336, 1, 9, 10, 0, 0, 0.00%, 0, 0, 1, 198.60
1735400341, 2, 0, 10, 0, 0, 0.00%, 0, 0, 1, 196.92
1735400346, 2, 2, 10, 0, 0, 0.00%, 0, 0, 1, 198.41
1735400351, 2, 3, 10, 0, 0, 0.00%, 0, 0, 1, 196.08
1735400356, 2, 4, 10, 0, 0, 0.00%, 0, 0, 1, 196.11
1735400362, 2, 6, 10, 0, 0, 0.00%, 0, 0, 1, 194.80
1735400367, 2, 7, 10, 0, 0, 0.00%, 0, 0, 1, 199.44
1735400372, 2, 9, 10, 0, 0, 0.00%, 0, 0, 1, 193.48
1735400377, 3, 0, 10, 0, 0, 0.00%, 0, 0, 1, 194.13
1735400382, 3, 1, 10, 0, 0, 0.00%, 0, 0, 1, 193.82
1735400387, 3, 3, 10, 0, 0, 0.00%, 0, 0, 1, 190.12
1735400392, 3, 4, 10, 0, 0, 0.00%, 0, 0, 1, 189.95
1735400398, 3, 5, 10, 0, 0, 0.00%, 0, 0, 1, 192.81
1735400403, 3, 7, 10, 0, 0, 0.00%, 0, 0, 1, 192.04
1735400408, 3, 8, 10, 0, 0, 0.00%, 0, 0, 1, 197.44
1735400413, 4, 0, 10, 0, 0, 0.00%, 0, 0, 1, 193.86
1735400418, 4, 1, 10, 0, 0, 0.00%, 0, 0, 1, 193.84
1735400423, 4, 3, 10, 0, 0, 0.00%, 0, 0, 1, 195.97
1735400428, 4, 4, 10, 0, 0, 0.00%, 0, 0, 1, 193.59
1735400434, 4, 5, 10, 0, 0, 0.00%, 0, 0, 1, 192.95
1735400439, 4, 7, 10, 0, 0, 0.00%, 0, 0, 1, 198.27
1735400444, 4, 8, 10, 0, 0, 0.00%, 0, 0, 1, 193.50
1735400449, 5, 0, 10, 0, 0, 0.00%, 0, 0, 1, 196.28
1735400454, 5, 1, 10, 0, 0, 0.00%, 0, 0, 1, 194.50
1735400459, 5, 2, 10, 0, 0, 0.00%, 0, 0, 1, 195.88
1735400465, 5, 4, 10, 0, 0, 0.00%, 0, 0, 1, 194.04
1735400470, 5, 5, 10, 0, 0, 0.00%, 0, 0, 1, 199.10
1735400475, 5, 7, 10, 0, 0, 0.00%, 0, 0, 1, 197.06
1735400480, 5, 8, 10, 0, 0, 0.00%, 0, 0, 1, 195.17
1735400485, 6, 0, 10, 0, 0, 0.00%, 0, 0, 1, 196.03
1735400491, 6, 1, 10, 0, 0, 0.00%, 0, 0, 1, 198.10
1735400496, 6, 2, 10, 0, 0, 0.00%, 0, 0, 1, 196.12
1735400501, 6, 4, 10, 0, 0, 0.00%, 0, 0, 1, 198.12
1735400506, 6, 5, 10, 0, 0, 0.00%, 0, 0, 1, 197.45
1735400511, 6, 6, 10, 0, 0, 0.00%, 0, 0, 1, 198.63
1735400516, 6, 8, 10, 0, 0, 0.00%, 0, 0, 1, 191.93
1735400521, 6, 9, 10, 0, 0, 0.00%, 0, 0, 1, 197.34
1735400526, 7, 1, 10, 0, 0, 0.00%, 0, 0, 1, 195.49
1735400531, 7, 2, 10, 0, 0, 0.00%, 0, 0, 1, 197.26
1735400537, 7, 3, 10, 0, 0, 0.00%, 0, 0, 1, 193.32
1735400542, 7, 5, 10, 0, 0, 0.00%, 0, 0, 1, 195.38
1735400547, 7, 6, 10, 0, 0, 0.00%, 0, 0, 1, 196.56
1735400552, 7, 8, 10, 0, 0, 0.00%, 0, 0, 1, 192.45
1735400557, 7, 9, 10, 0, 0, 0.00%, 0, 0, 1, 191.54
1735400562, 8, 0, 10, 0, 0, 0.00%, 0, 0, 1, 190.55
1735400568, 8, 2, 10, 0, 0, 0.00%, 0, 0, 1, 191.71
1735400573, 8, 3, 10, 0, 0, 0.00%, 0, 0, 1, 193.59
1735400578, 8, 4, 10, 0, 0, 0.00%, 0, 0, 1, 192.90
1735400583, 8, 6, 10, 0, 0, 0.00%, 0, 0, 1, 194.27
1735400588, 8, 7, 10, 0, 0, 0.00%, 0, 0, 1, 192.14
1735400593, 8, 9, 10, 0, 0, 0.00%, 0, 0, 1, 193.62
1735400599, 9, 0, 10, 0, 0, 0.00%, 0, 0, 1, 190.90
1735400604, 9, 2, 10, 0, 0, 0.00%, 0, 0, 1, 194.72
1735400609, 9, 3, 10, 0, 0, 0.00%, 0, 0, 1, 192.42
1735400614, 9, 4, 10, 0, 0, 0.00%, 0, 0, 1, 194.69
1735400619, 9, 6, 10, 0, 0, 0.00%, 0, 0, 1, 196.67
1735400625, 9, 7, 10, 0, 0, 0.00%, 0, 0, 1, 196.34
1735400630, 9, 9, 10, 0, 0, 0.00%, 0, 0, 1, 194.75
1735400635, 10, 0, 10, 0, 0, 0.00%, 0, 0, 1, 190.13
1735400640, 10, 1, 10, 0, 0, 0.00%, 0, 0, 1, 194.63
1735400645, 10, 3, 10, 0, 0, 0.00%, 0, 0, 1, 195.69
1735400650, 10, 4, 10, 0, 0, 0.00%, 0, 0, 1, 193.82
1735400655, 10, 5, 10, 0, 0, 0.00%, 0, 0, 1, 195.60
1735400660, 10, 7, 10, 0, 0, 0.00%, 0, 0, 1, 194.41
1735400665, 10, 8, 10, 0, 0, 0.00%, 0, 0, 1, 192.63
1735400671, 11, 0, 10, 0, 0, 0.00%, 0, 0, 1, 191.02
1735400676, 11, 1, 10, 0, 0, 0.00%, 0, 0, 1, 193.46
1735400681, 11, 2, 10, 0, 0, 0.00%, 0, 0, 1, 191.78
1735400686, 11, 4, 10, 0, 0, 0.00%, 0, 0, 1, 191.30
1735400691, 11, 5, 10, 0, 0, 0.00%, 0, 0, 1, 191.72
1735400697, 11, 6, 10, 0, 0, 0.00%, 0, 0, 1, 194.57
1735400702, 11, 8, 10, 0, 0, 0.00%, 0, 0, 1, 193.13
1735400707, 11, 9, 10, 0, 0, 0.00%, 0, 0, 1, 193.37
1735400712, 12, 1, 10, 0, 0, 0.00%, 0, 0, 1, 192.30
1735400717, 12, 2, 10, 0, 0, 0.00%, 0, 0, 1, 190.70
1735400722, 12, 3, 10, 0, 0, 0.00%, 0, 0, 1, 192.90
1735400727, 12, 5, 10, 0, 0, 0.00%, 0, 0, 1, 193.04
1735400733, 12, 6, 10, 0, 0, 0.00%, 0, 0, 1, 196.95
1735400738, 12, 8, 10, 0, 0, 0.00%, 0, 0, 1, 192.33
1735400743, 12, 9, 10, 0, 0, 0.00%, 0, 0, 1, 196.11
1735400748, 13, 1, 10, 0, 0, 0.00%, 0, 0, 1, 195.03
1735400753, 13, 2, 10, 0, 0, 0.00%, 0, 0, 1, 193.29
1735400758, 13, 3, 10, 0, 0, 0.00%, 0, 0, 1, 193.53
1735400763, 13, 5, 10, 0, 0, 0.00%, 0, 0, 1, 197.57
1735400769, 13, 6, 10, 0, 0, 0.00%, 0, 0, 1, 195.45
1735400774, 13, 8, 10, 0, 0, 0.00%, 0, 0, 1, 197.05
1735400779, 13, 9, 10, 0, 0, 0.00%, 0, 0, 1, 199.35
1735400784, 14, 0, 10, 0, 0, 0.00%, 0, 0, 1, 194.19
1735400789, 14, 2, 10, 0, 0, 0.00%, 0, 0, 1, 193.32
1735400794, 14, 3, 10, 0, 0, 0.00%, 0, 0, 1, 193.96
1735400800, 14, 4, 10, 0, 0, 0.00%, 0, 0, 1, 195.06
1735400805, 14, 6, 10, 0, 0, 0.00%, 0, 0, 1, 192.86
1735400810, 14, 7, 10, 0, 0, 0.00%, 0, 0, 1, 197.74
1735400815, 14, 9, 10, 0, 0, 0.00%, 0, 0, 1, 196.74
1735400820, 15, 0, 10, 0, 0, 0.00%, 0, 0, 1, 195.69
1735400825, 15, 2, 10, 0, 0, 0.00%, 0, 0, 1, 197.41
1735400830, 15, 3, 10, 0, 0, 0.00%, 0, 0, 1, 200.41
1735400835, 15, 4, 10, 0, 0, 0.00%, 0, 0, 1, 203.15
1735400840, 15, 6, 10, 0, 0, 0.00%, 0, 0, 1, 205.16
1735400846, 15, 7, 10, 0, 0, 0.00%, 0, 0, 1, 202.36
1735400851, 15, 9, 10, 0, 0, 0.00%, 0, 0, 1, 201.04
1735400856, 16, 0, 10, 0, 0, 0.00%, 0, 0, 1, 206.02
1735400861, 16, 2, 10, 0, 0, 0.00%, 0, 0, 1, 200.60
1735400866, 16, 3, 10, 0, 0, 0.00%, 0, 0, 1, 201.87
1735400871, 16, 4, 10, 0, 0, 0.00%, 0, 0, 1, 202.55
1735400876, 16, 6, 10, 0, 0, 0.00%, 0, 0, 1, 198.99
1735400881, 16, 7, 10, 0, 0, 0.00%, 0, 0, 1, 200.98
1735400886, 16, 9, 10, 0, 0, 0.00%, 0, 0, 1, 196.90
1735400891, 17, 0, 10, 0, 0, 0.00%, 0, 0, 1, 201.20
1735400896, 17, 2, 10, 0, 0, 0.00%, 0, 0, 1, 202.00
1735400901, 17, 3, 10, 0, 0, 0.00%, 0, 0, 1, 198.00
1735400906, 17, 4, 10, 0, 0, 0.00%, 0, 0, 1, 198.86
1735400912, 17, 6, 10, 0, 0, 0.00%, 0, 0, 1, 200.51
1735400917, 17, 7, 10, 0, 0, 0.00%, 0, 0, 1, 197.20
1735400922, 17, 9, 10, 0, 0, 0.00%, 0, 0, 1, 193.58
1735400927, 18, 0, 10, 0, 0, 0.00%, 0, 0, 1, 199.91
1735400932, 18, 1, 10, 0, 0, 0.00%, 0, 0, 1, 196.71
1735400937, 18, 3, 10, 0, 0, 0.00%, 0, 0, 1, 201.93
1735400942, 18, 4, 10, 0, 0, 0.00%, 0, 0, 1, 196.35
1735400948, 18, 6, 10, 0, 0, 0.00%, 0, 0, 1, 200.42
1735400953, 18, 7, 10, 0, 0, 0.00%, 0, 0, 1, 198.74
1735400958, 18, 9, 10, 0, 0, 0.00%, 0, 0, 1, 203.63
1735400963, 19, 0, 10, 0, 0, 0.00%, 0, 0, 1, 198.96
1735400968, 19, 1, 10, 0, 0, 0.00%, 0, 0, 1, 201.80
1735400973, 19, 3, 10, 0, 0, 0.00%, 0, 0, 1, 197.09
1735400978, 19, 4, 10, 0, 0, 0.00%, 0, 0, 1, 200.71
1735400983, 19, 5, 10, 0, 0, 0.00%, 0, 0, 1, 198.04
1735400988, 19, 7, 10, 0, 0, 0.00%, 0, 0, 1, 198.32
1735400993, 19, 8, 10, 0, 0, 0.00%, 0, 0, 1, 198.71
1735400998, 20, 0, 10, 0, 0, 0.00%, 0, 0, 1, 199.57
1735401003, 20, 1, 10, 0, 0, 0.00%, 0, 0, 1, 200.27
1735401008, 20, 3, 10, 0, 0, 0.00%, 0, 0, 1, 200.45
1735401014, 20, 4, 10, 0, 0, 0.00%, 0, 0, 1, 198.25
1735401019, 20, 5, 10, 0, 0, 0.00%, 0, 0, 1, 195.17
1735401024, 20, 7, 10, 0, 0, 0.00%, 0, 0, 1, 203.86
1735401029, 20, 8, 10, 0, 0, 0.00%, 0, 0, 1, 201.13
1735401034, 21, 0, 10, 0, 0, 0.00%, 0, 0, 1, 200.18
1735401039, 21, 1, 10, 0, 0, 0.00%, 0, 0, 1, 201.99
1735401044, 21, 3, 10, 0, 0, 0.00%, 0, 0, 1, 199.35
1735401049, 21, 4, 10, 0, 0, 0.00%, 0, 0, 1, 197.89
1735401054, 21, 5, 10, 0, 0, 0.00%, 0, 0, 1, 201.31
1735401059, 21, 7, 10, 0, 0, 0.00%, 0, 0, 1, 202.27
1735401064, 21, 8, 10, 0, 0, 0.00%, 0, 0, 1, 196.81
1735401070, 22, 0, 10, 0, 0, 0.00%, 0, 0, 1, 202.34
1735401075, 22, 1, 10, 0, 0, 0.00%, 0, 0, 1, 196.86
1735401080, 22, 2, 10, 0, 0, 0.00%, 0, 0, 1, 199.59
1735401085, 22, 4, 10, 0, 0, 0.00%, 0, 0, 1, 201.36
1735401090, 22, 5, 10, 0, 0, 0.00%, 0, 0, 1, 197.26
1735401095, 22, 7, 10, 0, 0, 0.00%, 0, 0, 1, 199.17
1735401100, 22, 8, 10, 0, 0, 0.00%, 0, 0, 1, 198.82
1735401105, 23, 0, 10, 0, 0, 0.00%, 0, 0, 1, 203.39
1735401110, 23, 1, 10, 0, 0, 0.00%, 0, 0, 1, 204.07
1735401115, 23, 2, 10, 0, 0, 0.00%, 0, 0, 1, 199.69
1735401120, 23, 4, 10, 0, 0, 0.00%, 0, 0, 1, 198.82
1735401125, 23, 5, 10, 0, 0, 0.00%, 0, 0, 1, 200.65
1735401130, 23, 6, 10, 0, 0, 0.00%, 0, 0, 1, 198.20
1735401135, 23, 8, 10, 0, 0, 0.00%, 0, 0, 1, 198.51
1735401140, 23, 9, 10, 0, 0, 0.00%, 0, 0, 1, 199.99
1735401145, 24, 1, 10, 0, 0, 0.00%, 0, 0, 1, 201.27
1735401150, 24, 2, 10, 0, 0, 0.00%, 0, 0, 1, 200.94
1735401156, 24, 4, 10, 0, 0, 0.00%, 0, 0, 1, 201.64
1735401161, 24, 5, 10, 0, 0, 0.00%, 0, 0, 1, 199.95
1735401166, 24, 6, 10, 0, 0, 0.00%, 0, 0, 1, 203.86
1735401171, 24, 8, 10, 0, 0, 0.00%, 0, 0, 1, 201.51
1735401176, 24, 9, 10, 0, 0, 0.00%, 0, 0, 1, 199.20
1735401181, 25, 1, 10, 0, 0, 0.00%, 0, 0, 1, 199.36
1735401186, 25, 2, 10, 0, 0, 0.00%, 0, 0, 1, 197.11
1735401191, 25, 3, 11, 1, 0, 0.05%, 1, 0, 2, 201.94
1735401196, 25, 10, 15, 5, 1, 0.06%, 5, 0, 3, 228.29
1735401206, 25, 10, 16, 6, 1, 0.06%, 6, 0, 3, 220.49
1735401278, 25, 10, 17, 7, 1, 0.06%, 7, 0, 3, 226.48
1735401323, 25, 11, 17, 6, 6, 0.06%, 7, 0, 3, 227.98
1735401333, 25, 11, 18, 7, 6, 0.06%, 7, 0, 4, 218.42
1735401348, 25, 11, 19, 8, 6, 0.06%, 7, 0, 4, 221.58
1735401369, 25, 11, 20, 9, 6, 0.06%, 7, 0, 4, 214.26
1735401409, 25, 11, 21, 10, 6, 0.06%, 7, 0, 4, 219.90
1735401485, 25, 11, 25, 14, 6, 0.06%, 7, 0, 4, 221.09
1735401490, 25, 12, 26, 14, 5, 0.06%, 7, 0, 4, 262.24
1735401495, 25, 12, 27, 15, 5, 0.06%, 8, 0, 4, 226.65
1735401562, 25, 13, 31, 18, 5, 0.06%, 8, 0, 4, 257.02
1735401577, 25, 13, 32, 19, 5, 0.06%, 8, 0, 4, 218.12
1735401633, 25, 14, 32, 18, 4, 0.06%, 8, 0, 4, 239.01
1735401658, 25, 14, 33, 19, 4, 0.06%, 9, 0, 4, 214.82
1735401673, 25, 14, 34, 20, 4, 0.06%, 9, 0, 4, 218.54
1735401754, 25, 14, 35, 21, 4, 0.06%, 9, 0, 4, 246.19
1735401759, 25, 15, 35, 20, 4, 0.06%, 9, 0, 4, 256.48
1735401805, 25, 16, 35, 19, 3, 0.06%, 9, 0, 4, 260.16
1735401815, 25, 16, 36, 20, 3, 0.06%, 9, 0, 4, 229.13
1735401851, 25, 16, 37, 21, 3, 0.06%, 9, 0, 4, 224.61
1735401928, 25, 26, 37, 20, 2, 0.06%, 9, 0, 4, 254.04
1735401933, 25, 26, 38, 21, 2, 0.06%, 9, 0, 5, 231.36
1735401953, 25, 26, 39, 22, 2, 0.06%, 9, 0, 5, 227.20
1735401963, 25, 26, 40, 23, 2, 0.06%, 9, 0, 5, 227.90
1735401994, 25, 26, 41, 24, 2, 0.06%, 9, 0, 5, 223.71
1735402040, 25, 26, 45, 28, 2, 0.06%, 9, 0, 5, 240.68
1735402045, 25, 26, 46, 29, 2, 0.06%, 9, 0, 5, 280.19
1735402065, 25, 32, 46, 28, 1, 0.06%, 9, 0, 5, 246.67
1735402070, 25, 32, 47, 29, 1, 0.06%, 9, 0, 5, 235.24
1735402136, 25, 32, 48, 30, 1, 0.06%, 9, 0, 5, 238.99
1735402151, 25, 35, 48, 29, 0, 0.06%, 9, 0, 5, 262.35
1735402182, 25, 35, 49, 30, 0, 0.06%, 9, 0, 5, 227.40
1735402187, 25, 35, 50, 31, 0, 0.06%, 9, 0, 5, 227.04
1735402202, 25, 35, 51, 32, 0, 0.06%, 9, 0, 5, 234.36
1735402314, 25, 39, 51, 31, 0, 0.06%, 9, 0, 5, 255.87
1735402340, 25, 39, 54, 34, 0, 0.06%, 9, 0, 6, 448.62
1735402421, 25, 39, 55, 35, 0, 0.06%, 9, 0, 6, 284.94
1735402431, 25, 39, 56, 36, 0, 0.06%, 9, 0, 6, 288.52
1735402436, 25, 39, 57, 37, 0, 0.06%, 9, 0, 6, 281.39
1735402472, 25, 39, 58, 38, 0, 0.06%, 9, 0, 6, 285.33
1735402502, 25, 40, 58, 37, 0, 0.06%, 9, 0, 6, 388.50
1735402568, 25, 40, 59, 38, 0, 0.06%, 9, 0, 6, 416.21
1735402573, 25, 40, 60, 39, 0, 0.06%, 9, 0, 6, 343.28
1735402599, 25, 40, 61, 40, 0, 0.06%, 9, 0, 6, 309.70
1735402614, 25, 40, 62, 41, 0, 0.06%, 9, 0, 6, 321.34
1735402669, 25, 40, 63, 42, 0, 0.06%, 9, 0, 6, 311.60
1735402685, 25, 40, 64, 43, 0, 0.06%, 9, 0, 6, 258.71
1735402690, 25, 43, 64, 42, 0, 0.06%, 9, 0, 6, 424.28
1735402700, 25, 43, 65, 43, 0, 0.06%, 9, 0, 6, 261.42
1735402776, 25, 45, 65, 42, 0, 0.06%, 9, 0, 6, 359.63
1735402821, 25, 45, 66, 43, 0, 0.06%, 9, 0, 6, 254.52
1735402831, 25, 47, 66, 42, 0, 0.06%, 9, 0, 6, 290.57
1735402882, 25, 49, 66, 41, 0, 0.06%, 9, 0, 6, 410.98
1735402933, 25, 53, 66, 40, 0, 0.06%, 9, 0, 6, 338.62
1735403055, 25, 59, 66, 39, 0, 0.06%, 9, 0, 6, 319.46
1735403107, 25, 62, 66, 38, 0, 0.06%, 9, 0, 6, 343.95
1735403163, 26, 10, 66, 37, 0, 0.06%, 9, 0, 6, 249.81
1735403173, 26, 11, 66, 37, 0, 0.06%, 9, 0, 6, 249.46
1735403183, 26, 12, 66, 37, 0, 0.06%, 9, 0, 6, 250.73
1735403193, 26, 13, 66, 37, 0, 0.06%, 9, 0, 6, 240.58
1735403203, 26, 14, 66, 37, 0, 0.06%, 9, 0, 6, 246.17
1735403219, 26, 15, 66, 37, 0, 0.06%, 9, 0, 6, 230.53
1735403229, 26, 16, 66, 37, 0, 0.06%, 9, 0, 6, 250.50
1735403239, 26, 26, 67, 38, 0, 0.06%, 9, 0, 6, 248.95
1735403264, 26, 32, 67, 38, 0, 0.06%, 9, 0, 6, 253.72
1735403285, 26, 34, 67, 38, 0, 0.06%, 9, 0, 6, 302.76
1735403341, 26, 37, 67, 37, 0, 0.06%, 9, 0, 6, 315.18
1735403392, 26, 38, 67, 36, 0, 0.06%, 9, 0, 6, 294.08
1735403479, 26, 42, 67, 35, 0, 0.06%, 9, 0, 6, 304.51
1735403524, 26, 44, 67, 34, 0, 0.06%, 9, 0, 6, 233.56
1735403580, 26, 44, 69, 36, 0, 0.06%, 9, 0, 6, 440.28
1735403596, 26, 44, 70, 37, 0, 0.06%, 9, 0, 6, 440.10
1735403906, 26, 50, 70, 36, 0, 0.06%, 9, 0, 6, 433.16
1735403987, 26, 57, 70, 35, 0, 0.06%, 9, 0, 6, 267.77
1735404078, 27, 10, 70, 34, 0, 0.06%, 9, 0, 6, 259.65
1735404089, 27, 11, 70, 34, 0, 0.06%, 9, 0, 6, 272.87
1735404104, 27, 12, 70, 34, 0, 0.06%, 9, 0, 6, 230.84
1735404109, 27, 12, 71, 35, 0, 0.06%, 9, 0, 6, 258.16
1735404114, 27, 13, 71, 35, 0, 0.06%, 9, 0, 6, 246.54
1735404124, 27, 14, 71, 35, 0, 0.06%, 9, 0, 6, 250.31
1735404135, 27, 15, 71, 35, 0, 0.06%, 9, 0, 6, 242.84
1735404145, 27, 16, 71, 35, 0, 0.06%, 9, 0, 6, 272.42
1735404160, 27, 19, 71, 35, 0, 0.06%, 9, 0, 6, 412.20
1735404241, 27, 25, 71, 34, 0, 0.06%, 9, 0, 6, 375.75
1735404302, 27, 26, 71, 33, 0, 0.06%, 9, 0, 6, 245.18
1735404322, 27, 27, 71, 33, 0, 0.06%, 9, 0, 6, 322.66
1735404404, 27, 28, 71, 32, 0, 0.06%, 9, 0, 6, 356.91
1735404571, 27, 32, 71, 31, 0, 0.06%, 9, 0, 6, 262.27
1735404596, 27, 36, 71, 31, 0, 0.06%, 9, 0, 6, 366.98
1735404647, 27, 45, 71, 30, 0, 0.06%, 9, 0, 6, 278.80
1735404667, 27, 55, 71, 30, 0, 0.06%, 9, 0, 6, 365.61
1735404718, 27, 55, 72, 31, 0, 0.06%, 9, 0, 7, 278.95
1735404723, 27, 64, 72, 30, 0, 0.06%, 9, 0, 7, 403.89
1735404779, 27, 66, 72, 29, 0, 0.06%, 9, 0, 7, 299.53
1735404891, 27, 69, 72, 28, 0, 0.06%, 9, 0, 7, 277.25
1735405084, 27, 70, 72, 27, 0, 0.06%, 9, 0, 7, 314.25
1735405196, 28, 10, 72, 26, 0, 0.06%, 9, 0, 7, 254.67
1735405211, 28, 11, 72, 26, 0, 0.06%, 9, 0, 7, 235.43
1735405222, 28, 12, 72, 26, 0, 0.06%, 9, 0, 7, 226.63
1735405232, 28, 13, 72, 26, 0, 0.06%, 9, 0, 7, 253.55
1735405242, 28, 14, 72, 26, 0, 0.06%, 9, 0, 7, 245.24
1735405252, 28, 15, 72, 26, 0, 0.06%, 9, 0, 7, 253.91
1735405267, 28, 16, 72, 26, 0, 0.06%, 9, 0, 7, 239.26
1735405278, 28, 20, 72, 26, 0, 0.06%, 9, 0, 7, 269.56
1735405328, 28, 26, 72, 25, 0, 0.06%, 9, 0, 7, 248.82
1735405348, 28, 31, 72, 25, 0, 0.06%, 9, 0, 7, 296.43
1735405394, 28, 32, 72, 24, 0, 0.06%, 9, 0, 7, 267.11
1735405420, 28, 45, 72, 24, 0, 0.06%, 9, 0, 7, 279.49
1735405440, 28, 46, 72, 24, 0, 0.06%, 9, 0, 7, 260.88
1735405496, 28, 48, 72, 23, 0, 0.06%, 9, 0, 7, 394.22
1735405567, 28, 51, 72, 22, 0, 0.06%, 9, 0, 7, 334.86
1735405689, 28, 58, 72, 21, 0, 0.06%, 9, 0, 7, 323.29
1735405780, 28, 60, 72, 20, 0, 0.06%, 9, 0, 7, 292.17
1735405876, 28, 63, 72, 19, 0, 0.06%, 9, 0, 7, 381.45
1735405922, 28, 68, 72, 18, 0, 0.06%, 9, 0, 7, 245.17
1735406044, 29, 10, 72, 17, 0, 0.06%, 9, 0, 7, 246.46
1735406054, 29, 11, 72, 17, 0, 0.06%, 9, 0, 7, 268.35
1735406065, 29, 12, 72, 17, 0, 0.06%, 9, 0, 7, 274.72
1735406080, 29, 13, 72, 17, 0, 0.06%, 9, 0, 7, 237.00
1735406090, 29, 14, 72, 17, 0, 0.06%, 9, 0, 7, 236.24
1735406100, 29, 15, 72, 17, 0, 0.06%, 9, 0, 7, 256.28
1735406111, 29, 16, 72, 17, 0, 0.06%, 9, 0, 7, 258.45
1735406126, 29, 22, 72, 17, 0, 0.06%, 9, 0, 7, 371.85
1735406177, 29, 24, 72, 16, 0, 0.06%, 9, 0, 7, 406.97
1735406197, 29, 24, 73, 17, 0, 0.06%, 9, 0, 7, 266.83
1735406268, 29, 26, 73, 16, 0, 0.06%, 9, 0, 7, 244.72
1735406288, 29, 29, 73, 16, 0, 0.06%, 9, 0, 7, 253.05
1735406456, 29, 30, 73, 15, 0, 0.06%, 9, 0, 7, 275.36
1735406567, 29, 32, 73, 14, 0, 0.06%, 9, 0, 7, 245.35
1735406593, 29, 33, 73, 14, 0, 0.06%, 9, 0, 7, 415.94
1735406644, 29, 47, 73, 13, 0, 0.06%, 9, 0, 7, 273.55
1735406664, 29, 56, 73, 13, 0, 0.06%, 9, 0, 7, 313.63
1735406740, 29, 65, 73, 12, 0, 0.06%, 9, 0, 7, 427.74
1735406796, 30, 10, 73, 11, 0, 0.06%, 9, 0, 7, 299.90
1735406806, 30, 11, 73, 11, 0, 0.06%, 9, 0, 7, 261.77
1735406816, 30, 12, 73, 11, 0, 0.06%, 9, 0, 7, 240.60
1735406827, 30, 13, 73, 11, 0, 0.06%, 9, 0, 7, 258.62
1735406842, 30, 14, 73, 11, 0, 0.06%, 9, 0, 7, 238.73
1735406852, 30, 15, 73, 11, 0, 0.06%, 9, 0, 7, 249.27
1735406862, 30, 16, 73, 11, 0, 0.06%, 9, 0, 7, 258.61
1735406872, 30, 21, 73, 11, 0, 0.06%, 9, 0, 7, 286.33
1735406928, 30, 26, 73, 10, 0, 0.06%, 9, 0, 7, 252.73
1735406948, 30, 31, 73, 10, 0, 0.06%, 9, 0, 7, 280.92
1735406973, 30, 32, 73, 10, 0, 0.06%, 9, 0, 7, 255.45
1735406993, 30, 46, 73, 10, 0, 0.06%, 9, 0, 7, 251.10
1735407019, 30, 72, 73, 10, 0, 0.06%, 9, 0, 7, 359.44
1735407141, 31, 10, 73, 9, 0, 0.06%, 9, 0, 7, 262.24
1735407146, 31, 11, 73, 9, 0, 0.06%, 9, 0, 7, 264.06
1735407151, 31, 12, 73, 9, 0, 0.06%, 9, 0, 7, 253.48
1735407157, 31, 13, 73, 9, 0, 0.06%, 9, 0, 7, 254.02
1735407162, 31, 14, 73, 9, 0, 0.06%, 9, 0, 7, 267.66
1735407167, 31, 15, 73, 9, 0, 0.06%, 9, 0, 7, 256.44
1735407177, 31, 16, 73, 9, 0, 0.06%, 9, 0, 7, 262.05
1735407182, 31, 22, 73, 9, 0, 0.06%, 9, 0, 7, 271.57
1735407202, 31, 26, 73, 9, 0, 0.06%, 9, 0, 7, 229.46
1735407218, 31, 32, 73, 9, 0, 0.06%, 9, 0, 7, 247.90
1735407228, 31, 71, 73, 9, 0, 0.06%, 9, 0, 7, 306.72
1735407613, 31, 72, 73, 8, 0, 0.06%, 9, 0, 7, 283.74
1735407633, 32, 10, 73, 8, 0, 0.06%, 9, 0, 7, 255.00
1735407638, 32, 12, 73, 8, 0, 0.06%, 9, 0, 7, 248.69
1735407644, 32, 14, 73, 8, 0, 0.06%, 9, 0, 7, 244.86
1735407649, 32, 16, 73, 8, 0, 0.06%, 9, 0, 7, 247.63
1735407654, 32, 18, 73, 8, 0, 0.06%, 9, 0, 7, 320.29
1735407771, 32, 23, 73, 7, 0, 0.06%, 9, 0, 7, 255.38
1735407822, 32, 26, 73, 6, 0, 0.06%, 9, 0, 7, 261.84
1735407832, 32, 32, 73, 6, 0, 0.06%, 9, 0, 7, 261.99
1735407837, 32, 54, 73, 6, 0, 0.06%, 9, 0, 7, 422.69
1735407934, 32, 67, 73, 5, 0, 0.06%, 9, 0, 7, 331.56
1735408055, 33, 10, 73, 4, 0, 0.06%, 9, 0, 7, 250.25
1735408060, 33, 12, 73, 4, 0, 0.06%, 9, 0, 7, 259.63
1735408065, 33, 14, 73, 4, 0, 0.06%, 9, 0, 7, 260.33
1735408070, 33, 16, 73, 4, 0, 0.06%, 9, 0, 7, 259.58
1735408076, 33, 26, 73, 4, 0, 0.06%, 9, 0, 7, 261.64
1735408081, 33, 32, 73, 4, 0, 0.06%, 9, 0, 7, 256.26
1735408086, 33, 60, 73, 4, 0, 0.06%, 9, 0, 7, 277.10
1735408106, 34, 10, 73, 4, 0, 0.06%, 9, 0, 7, 262.83
1735408111, 34, 12, 73, 4, 0, 0.06%, 9, 0, 7, 250.23
1735408116, 34, 14, 73, 4, 0, 0.06%, 9, 0, 7, 251.25
1735408121, 34, 16, 73, 4, 0, 0.06%, 9, 0, 7, 255.85
1735408126, 34, 26, 73, 4, 0, 0.06%, 9, 0, 7, 256.59
1735408131, 34, 28, 73, 4, 0, 0.06%, 9, 0, 7, 290.20
1735408152, 34, 32, 73, 4, 0, 0.06%, 9, 0, 7, 250.69
1735408157, 34, 38, 73, 4, 0, 0.06%, 9, 0, 7, 261.11
1735408182, 34, 41, 73, 4, 0, 0.06%, 9, 0, 7, 369.06
1735408233, 34, 52, 73, 3, 0, 0.06%, 9, 0, 7, 305.02
1735408359, 34, 56, 73, 2, 0, 0.06%, 9, 0, 7, 300.56
1735408380, 35, 10, 73, 2, 0, 0.06%, 9, 0, 7, 271.29
1735408385, 35, 12, 73, 2, 0, 0.06%, 9, 0, 7, 245.15
1735408390, 35, 14, 73, 2, 0, 0.06%, 9, 0, 7, 253.83
1735408395, 35, 16, 73, 2, 0, 0.06%, 9, 0, 7, 246.52
1735408400, 35, 26, 73, 2, 0, 0.06%, 9, 0, 7, 261.46
1735408405, 35, 32, 73, 2, 0, 0.06%, 9, 0, 7, 244.67
1735408410, 35, 48, 73, 2, 0, 0.06%, 9, 0, 7, 283.84
1735408430, 35, 56, 73, 2, 0, 0.06%, 9, 0, 7, 303.04
1735408451, 35, 60, 74, 3, 0, 0.06%, 9, 0, 7, 306.57
1735408471, 36, 10, 74, 3, 0, 0.06%, 9, 0, 7, 290.49
1735408476, 36, 12, 74, 3, 0, 0.06%, 9, 0, 7, 260.64
1735408481, 36, 13, 74, 3, 0, 0.06%, 9, 0, 7, 268.18
1735408486, 36, 15, 74, 3, 0, 0.06%, 9, 0, 7, 256.76
1735408492, 36, 17, 74, 3, 0, 0.06%, 9, 0, 7, 337.54
1735408542, 36, 26, 74, 2, 0, 0.06%, 9, 0, 7, 263.10
1735408552, 36, 32, 74, 2, 0, 0.06%, 9, 0, 7, 259.27
1735408557, 37, 11, 74, 2, 0, 0.06%, 9, 0, 7, 259.74
1735408562, 37, 13, 74, 2, 0, 0.06%, 9, 0, 7, 262.73
1735408567, 37, 15, 74, 2, 0, 0.06%, 9, 0, 7, 251.45
1735408572, 37, 16, 74, 2, 0, 0.06%, 9, 0, 7, 259.74
1735408577, 37, 17, 74, 2, 0, 0.06%, 9, 0, 7, 254.29
1735408598, 37, 26, 74, 2, 0, 0.06%, 9, 0, 7, 261.17
1735408603, 37, 32, 74, 2, 0, 0.06%, 9, 0, 7, 253.27
1735408608, 37, 55, 74, 2, 0, 0.06%, 9, 0, 7, 272.50
1735408628, 37, 61, 74, 2, 0, 0.06%, 9, 0, 7, 344.18
1735408810, 38, 11, 74, 1, 0, 0.06%, 9, 0, 7, 258.45
1735408815, 38, 12, 74, 1, 0, 0.06%, 9, 0, 7, 271.21
1735408820, 38, 14, 74, 1, 0, 0.06%, 9, 0, 7, 260.41
1735408825, 38, 16, 74, 1, 0, 0.06%, 9, 0, 7, 275.67
1735408830, 38, 26, 74, 1, 0, 0.06%, 9, 0, 7, 256.32
1735408835, 38, 30, 74, 1, 0, 0.06%, 9, 0, 7, 279.20
1735408856, 38, 32, 74, 1, 0, 0.06%, 9, 0, 7, 253.87
1735408861, 38, 46, 74, 1, 0, 0.06%, 9, 0, 7, 247.61
1735408881, 38, 52, 74, 1, 0, 0.06%, 9, 0, 7, 294.40
1735408901, 38, 73, 74, 1, 0, 0.06%, 9, 0, 7, 218.85
1735408906, 38, 73, 75, 2, 0, 0.06%, 9, 0, 8, 346.79
1735409505, 39, 10, 75, 1, 0, 0.06%, 9, 0, 8, 288.10
1735409510, 39, 12, 75, 1, 0, 0.06%, 9, 0, 8, 263.19
1735409515, 39, 14, 75, 1, 0, 0.06%, 9, 0, 8, 255.44
1735409520, 39, 16, 75, 1, 0, 0.06%, 9, 0, 8, 261.57
1735409525, 39, 26, 75, 1, 0, 0.06%, 9, 0, 8, 252.98
1735409530, 39, 32, 75, 1, 0, 0.06%, 9, 0, 8, 252.81
1735409535, 39, 48, 75, 1, 0, 0.06%, 9, 0, 8, 285.61
1735409556, 39, 69, 75, 1, 0, 0.06%, 9, 0, 8, 294.02
1735409576, 39, 74, 75, 1, 0, 0.06%, 9, 0, 8, 221.54
1735410210, 40, 10, 75, 0, 0, 0.06%, 9, 0, 8, 260.92
1735410215, 40, 12, 75, 0, 0, 0.06%, 9, 0, 8, 257.20
1735410220, 40, 15, 75, 0, 0, 0.06%, 9, 0, 8, 259.77
1735410225, 40, 16, 75, 0, 0, 0.06%, 9, 0, 8, 266.68
1735410230, 40, 21, 75, 0, 0, 0.06%, 9, 0, 8, 242.04
1735410251, 40, 25, 75, 0, 0, 0.06%, 9, 0, 8, 267.77
1735410256, 40, 25, 76, 1, 0, 0.06%, 9, 0, 8, 267.65
1735410281, 40, 26, 76, 1, 0, 0.06%, 9, 0, 8, 259.16
1735410286, 40, 32, 76, 1, 0, 0.06%, 9, 0, 8, 260.36
1735410291, 40, 34, 76, 1, 0, 0.06%, 9, 0, 8, 275.88
1735410312, 40, 70, 76, 1, 0, 0.06%, 9, 0, 8, 287.48
1735410332, 40, 75, 76, 1, 0, 0.06%, 9, 0, 8, 307.94
1735410459, 41, 10, 76, 0, 0, 0.06%, 9, 0, 8, 253.57
1735410464, 41, 12, 76, 0, 0, 0.06%, 9, 0, 8, 259.09
1735410469, 41, 14, 76, 0, 0, 0.06%, 9, 0, 8, 258.38
1735410474, 41, 16, 76, 0, 0, 0.06%, 9, 0, 8, 261.81
1735410479, 41, 26, 76, 0, 0, 0.06%, 9, 0, 8, 258.03
1735410484, 41, 32, 76, 0, 0, 0.06%, 9, 0, 8, 257.79
1735410490, 41, 56, 76, 0, 0, 0.06%, 9, 0, 8, 299.36
1735410510, 41, 67, 76, 0, 0, 0.06%, 9, 0, 8, 264.58
1735410530, 41, 72, 76, 0, 0, 0.06%, 9, 0, 8, 282.42
1735410550, 42, 10, 76, 0, 0, 0.06%, 9, 0, 8, 278.40
1735410555, 42, 12, 76, 0, 0, 0.06%, 9, 0, 8, 272.44
1735410560, 42, 14, 76, 0, 0, 0.06%, 9, 0, 8, 258.35
1735410566, 42, 16, 76, 0, 0, 0.06%, 9, 0, 8, 263.49
1735410571, 42, 26, 76, 0, 0, 0.06%, 9, 0, 8, 263.72
1735410576, 42, 31, 76, 0, 0, 0.06%, 9, 0, 8, 260.88
1735410596, 42, 32, 76, 0, 0, 0.06%, 9, 0, 8, 278.51
1735410601, 42, 42, 76, 0, 0, 0.06%, 9, 0, 8, 272.54
1735410626, 42, 43, 76, 0, 0, 0.06%, 9, 0, 8, 263.76
1735410646, 42, 49, 76, 0, 0, 0.06%, 9, 0, 8, 269.22
1735410667, 42, 60, 76, 0, 0, 0.06%, 9, 0, 8, 283.42
1735410687, 42, 66, 76, 0, 0, 0.06%, 9, 0, 8, 289.02
1735410707, 42, 70, 76, 0, 0, 0.06%, 9, 0, 8, 277.69
1735410732, 43, 10, 76, 0, 0, 0.06%, 9, 0, 8, 266.30
1735410737, 43, 12, 76, 0, 0, 0.06%, 9, 0, 8, 269.42
1735410742, 43, 14, 76, 0, 0, 0.06%, 9, 0, 8, 260.52
1735410747, 43, 16, 76, 0, 0, 0.06%, 9, 0, 8, 263.83
1735410752, 43, 26, 76, 0, 0, 0.06%, 9, 0, 8, 257.51
1735410758, 43, 32, 76, 0, 0, 0.06%, 9, 0, 8, 266.33
1735410763, 44, 10, 76, 0, 0, 0.06%, 9, 0, 8, 265.96
1735410768, 44, 12, 76, 0, 0, 0.06%, 9, 0, 8, 260.79
1735410773, 44, 14, 76, 0, 0, 0.06%, 9, 0, 8, 256.60
1735410778, 44, 16, 76, 0, 0, 0.06%, 9, 0, 8, 251.01
1735410783, 44, 26, 76, 0, 0, 0.06%, 9, 0, 8, 253.25
1735410788, 44, 27, 76, 0, 0, 0.06%, 9, 0, 8, 269.63
1735410808, 44, 32, 76, 0, 0, 0.06%, 9, 0, 8, 281.93
1735410813, 44, 51, 76, 0, 0, 0.06%, 9, 0, 8, 266.40
1735410834, 44, 54, 76, 0, 0, 0.06%, 9, 0, 8, 302.19
1735410854, 45, 11, 76, 0, 0, 0.06%, 9, 0, 8, 276.26
1735410859, 45, 13, 76, 0, 0, 0.06%, 9, 0, 8, 256.49
1735410864, 45, 15, 76, 0, 0, 0.06%, 9, 0, 8, 258.36
1735410869, 45, 26, 76, 0, 0, 0.06%, 9, 0, 8, 260.62
1735410874, 45, 32, 76, 0, 0, 0.06%, 9, 0, 8, 278.46
1735410884, 46, 11, 76, 0, 0, 0.06%, 9, 0, 8, 259.83
1735410889, 46, 13, 76, 0, 0, 0.06%, 9, 0, 8, 249.25
1735410894, 46, 15, 76, 0, 0, 0.06%, 9, 0, 8, 261.77
1735410900, 46, 24, 76, 0, 0, 0.06%, 9, 0, 8, 269.31
1735410925, 46, 25, 76, 0, 0, 0.06%, 9, 0, 8, 257.64
1735410945, 46, 26, 76, 0, 0, 0.06%, 9, 0, 8, 264.47
1735410950, 46, 32, 76, 0, 0, 0.06%, 9, 0, 8, 252.76
1735410956, 46, 68, 76, 0, 0, 0.06%, 9, 0, 8, 262.80
1735410981, 46, 73, 76, 0, 0, 0.06%, 9, 0, 8, 361.49
1735410996, 47, 10, 76, 0, 0, 0.06%, 9, 0, 8, 289.62
1735411001, 47, 12, 76, 0, 0, 0.06%, 9, 0, 8, 261.59
1735411006, 47, 14, 76, 0, 0, 0.06%, 9, 0, 8, 266.72
1735411011, 47, 15, 76, 0, 0, 0.06%, 9, 0, 8, 250.92
1735411016, 47, 22, 76, 0, 0, 0.06%, 9, 0, 8, 265.39
