# unix_time, cycles_done, cur_path, paths_total, pending_total, pending_favs, map_size, unique_crashes, unique_hangs, max_depth, execs_per_sec
1735136478, 0, 0, 10, 10, 1, 0.00%, 0, 0, 1, 174.29
1735136483, 0, 4, 10, 10, 1, 0.00%, 0, 0, 1, 204.08
1735136488, 0, 5, 10, 9, 0, 0.00%, 0, 0, 1, 211.37
1735136493, 0, 6, 10, 8, 0, 0.00%, 0, 0, 1, 205.75
1735136503, 0, 7, 10, 7, 0, 0.00%, 0, 0, 1, 213.19
1735136508, 0, 8, 10, 6, 0, 0.00%, 0, 0, 1, 197.69
1735136518, 0, 9, 10, 5, 0, 0.00%, 0, 0, 1, 207.84
1735136523, 1, 0, 10, 4, 0, 0.00%, 0, 0, 1, 213.40
1735136534, 1, 1, 10, 3, 0, 0.00%, 0, 0, 1, 209.48
1735136544, 1, 2, 10, 2, 0, 0.00%, 0, 0, 1, 210.55
1735136554, 1, 3, 10, 1, 0, 0.00%, 0, 0, 1, 210.03
1735136564, 1, 5, 10, 0, 0, 0.00%, 0, 0, 1, 211.55
1735136570, 1, 6, 10, 0, 0, 0.00%, 0, 0, 1, 210.46
1735136575, 1, 8, 10, 0, 0, 0.00%, 0, 0, 1, 210.72
1735136580, 1, 9, 10, 0, 0, 0.00%, 0, 0, 1, 209.17
1735136585, 2, 1, 10, 0, 0, 0.00%, 0, 0, 1, 204.88
1735136590, 2, 2, 10, 0, 0, 0.00%, 0, 0, 1, 208.17
1735136595, 2, 4, 10, 0, 0, 0.00%, 0, 0, 1, 208.00
1735136600, 2, 5, 11, 1, 0, 0.05%, 1, 0, 2, 209.00
1735136605, 2, 10, 12, 2, 1, 0.05%, 2, 0, 3, 228.90
1735136626, 2, 10, 13, 3, 1, 0.05%, 3, 0, 3, 220.18
1735136667, 2, 10, 15, 5, 1, 0.05%, 3, 0, 3, 222.01
1735136672, 2, 10, 21, 11, 1, 0.06%, 5, 0, 3, 239.27
1735136677, 2, 10, 24, 14, 1, 0.06%, 6, 0, 3, 227.15
1735136682, 2, 10, 25, 15, 1, 0.06%, 6, 0, 3, 233.59
1735136687, 2, 11, 26, 15, 3, 0.06%, 7, 0, 4, 238.49
1735136707, 2, 15, 29, 17, 3, 0.06%, 9, 0, 4, 289.91
1735136728, 2, 23, 30, 17, 4, 0.06%, 9, 0, 4, 245.67
1735136758, 2, 25, 30, 16, 3, 0.06%, 9, 0, 4, 232.16
1735136763, 2, 25, 32, 18, 3, 0.06%, 9, 0, 5, 224.17
1735136788, 2, 25, 33, 19, 3, 0.06%, 9, 0, 5, 217.40
1735136855, 2, 25, 34, 20, 3, 0.06%, 9, 0, 5, 221.35
1735136865, 2, 25, 35, 21, 3, 0.06%, 9, 0, 5, 224.14
1735136880, 2, 26, 36, 21, 2, 0.06%, 9, 0, 5, 312.94
1735136891, 2, 26, 37, 22, 2, 0.06%, 9, 0, 5, 256.43
1735136901, 2, 26, 38, 23, 2, 0.06%, 9, 0, 5, 242.25
1735136927, 2, 26, 39, 24, 2, 0.06%, 9, 0, 5, 243.85
1735136942, 2, 26, 40, 25, 2, 0.06%, 9, 0, 5, 243.17
1735136983, 2, 26, 41, 26, 2, 0.06%, 9, 0, 5, 242.64
1735136988, 2, 26, 42, 27, 2, 0.06%, 9, 0, 5, 249.99
1735136993, 2, 26, 43, 28, 2, 0.06%, 9, 0, 5, 235.88
1735136999, 2, 33, 43, 27, 2, 0.06%, 9, 0, 5, 308.46
1735137004, 2, 33, 45, 29, 2, 0.06%, 9, 0, 6, 291.08
1735137034, 2, 33, 46, 30, 2, 0.06%, 9, 0, 6, 245.72
1735137044, 2, 33, 47, 31, 2, 0.06%, 9, 0, 6, 241.56
1735137090, 2, 33, 48, 32, 2, 0.06%, 9, 0, 6, 254.51
1735137141, 2, 35, 48, 31, 1, 0.06%, 9, 0, 6, 267.43
1735137157, 2, 35, 49, 32, 1, 0.06%, 9, 0, 6, 254.83
1735137177, 2, 35, 50, 33, 1, 0.06%, 9, 0, 6, 242.76
1735137218, 2, 36, 50, 32, 0, 0.06%, 9, 0, 6, 268.55
1735137258, 2, 36, 51, 33, 0, 0.06%, 9, 0, 6, 262.68
1735137263, 2, 36, 52, 34, 0, 0.06%, 9, 0, 6, 284.10
1735137289, 2, 36, 53, 35, 0, 0.06%, 9, 0, 6, 284.29
1735137299, 2, 36, 54, 36, 0, 0.06%, 9, 0, 6, 284.35
1735137329, 2, 36, 55, 37, 0, 0.06%, 9, 0, 6, 293.58
1735137380, 2, 38, 55, 36, 0, 0.06%, 9, 0, 6, 392.12
1735137410, 2, 39, 57, 37, 0, 0.06%, 9, 0, 6, 271.09
1735137426, 2, 39, 58, 38, 0, 0.06%, 9, 0, 6, 344.12
1735137446, 2, 45, 58, 37, 0, 0.06%, 9, 0, 6, 266.93
1735137466, 2, 45, 59, 38, 0, 0.06%, 9, 0, 7, 253.93
1735137492, 2, 45, 61, 40, 0, 0.06%, 9, 0, 7, 269.17
1735137497, 2, 47, 61, 39, 0, 0.06%, 9, 0, 7, 204.67
1735141025, 2, 47, 63, 41, 0, 0.06%, 9, 0, 7, 451.86
1735141030, 2, 47, 64, 42, 0, 0.06%, 9, 0, 7, 454.53
1735141045, 2, 47, 65, 43, 0, 0.06%, 9, 0, 7, 458.46
1735141096, 2, 56, 67, 44, 0, 0.06%, 9, 0, 7, 340.24
1735141218, 2, 63, 67, 43, 0, 0.06%, 9, 0, 7, 201.86
1735144792, 3, 10, 67, 42, 0, 0.06%, 9, 0, 7, 246.17
1735144797, 3, 11, 67, 42, 0, 0.06%, 9, 0, 7, 246.80
1735144802, 3, 12, 67, 42, 0, 0.06%, 9, 0, 7, 305.99
1735144822, 3, 19, 67, 41, 0, 0.06%, 9, 0, 7, 315.70
1735144833, 3, 19, 68, 42, 0, 0.06%, 9, 0, 7, 249.43
1735144838, 3, 22, 68, 41, 0, 0.06%, 9, 0, 7, 356.20
1735144858, 3, 23, 68, 40, 0, 0.06%, 9, 0, 7, 264.67
1735144863, 3, 24, 68, 40, 0, 0.06%, 9, 0, 7, 278.18
1735144878, 3, 25, 68, 39, 0, 0.06%, 9, 0, 7, 242.21
1735144889, 3, 26, 69, 40, 0, 0.06%, 9, 0, 7, 262.32
1735144899, 3, 30, 69, 40, 0, 0.06%, 9, 0, 7, 292.18
1735144929, 3, 31, 69, 39, 0, 0.06%, 9, 0, 7, 385.66
1735144960, 3, 33, 69, 38, 0, 0.06%, 9, 0, 7, 253.47
1735144970, 3, 35, 69, 38, 0, 0.06%, 9, 0, 7, 283.60
1735144980, 3, 36, 69, 38, 0, 0.06%, 9, 0, 7, 281.10
1735144990, 3, 48, 69, 38, 0, 0.06%, 9, 0, 7, 312.12
1735145021, 3, 49, 69, 37, 0, 0.06%, 9, 0, 7, 341.96
1735145087, 3, 49, 70, 38, 0, 0.06%, 9, 0, 7, 302.87
1735145112, 3, 49, 71, 39, 0, 0.06%, 9, 0, 7, 279.94
1735145117, 3, 52, 71, 38, 0, 0.06%, 9, 0, 7, 375.68
1735145168, 3, 52, 72, 39, 0, 0.06%, 9, 0, 7, 300.61
1735145193, 3, 55, 72, 38, 0, 0.06%, 9, 0, 7, 420.57
1735145224, 3, 55, 73, 39, 0, 0.06%, 9, 0, 7, 310.90
1735145249, 3, 55, 74, 40, 0, 0.06%, 9, 0, 7, 298.59
1735145285, 3, 67, 74, 39, 0, 0.06%, 9, 0, 7, 379.54
1735145310, 3, 67, 75, 40, 0, 0.06%, 9, 0, 7, 263.00
1735145315, 3, 74, 76, 40, 0, 0.06%, 9, 0, 7, 352.32
1735145457, 3, 75, 76, 39, 0, 0.06%, 9, 0, 7, 354.86
1735145605, 4, 11, 76, 38, 0, 0.06%, 9, 0, 7, 258.48
1735145610, 4, 14, 76, 38, 0, 0.06%, 9, 0, 7, 265.01
1735145620, 4, 20, 76, 37, 0, 0.06%, 9, 0, 7, 292.86
1735145646, 4, 21, 76, 36, 0, 0.06%, 9, 0, 7, 320.69
1735145672, 4, 24, 76, 35, 0, 0.06%, 9, 0, 7, 256.27
1735145682, 4, 25, 76, 35, 0, 0.06%, 9, 0, 7, 280.95
1735145687, 4, 27, 76, 35, 0, 0.06%, 9, 0, 7, 331.57
1735145712, 4, 29, 76, 34, 0, 0.06%, 9, 0, 7, 257.48
1735145743, 4, 33, 76, 33, 0, 0.06%, 9, 0, 7, 270.85
1735145748, 4, 35, 76, 33, 0, 0.06%, 9, 0, 7, 278.99
1735145753, 4, 45, 76, 33, 0, 0.06%, 9, 0, 7, 271.08
1735145763, 4, 48, 76, 33, 0, 0.06%, 9, 0, 7, 276.69
1735145773, 4, 49, 76, 33, 0, 0.06%, 9, 0, 7, 295.22
1735145783, 4, 53, 76, 33, 0, 0.06%, 9, 0, 7, 391.20
1735145886, 4, 54, 76, 32, 0, 0.06%, 9, 0, 7, 221.36
