# unix_time, cycles_done, cur_path, paths_total, pending_total, pending_favs, map_size, unique_crashes, unique_hangs, max_depth, execs_per_sec
1735493502, 0, 0, 10, 10, 1, 0.00%, 0, 0, 1, 160.64
1735493507, 0, 3, 10, 10, 1, 0.00%, 0, 0, 1, 196.58
1735493512, 0, 4, 10, 9, 0, 0.00%, 0, 0, 1, 199.89
1735493522, 0, 5, 10, 8, 0, 0.00%, 0, 0, 1, 198.59
1735493527, 0, 6, 10, 7, 0, 0.00%, 0, 0, 1, 194.88
1735493537, 0, 7, 10, 6, 0, 0.00%, 0, 0, 1, 199.09
1735493543, 0, 8, 10, 5, 0, 0.00%, 0, 0, 1, 187.56
1735493553, 0, 9, 10, 4, 0, 0.00%, 0, 0, 1, 196.74
1735493558, 1, 0, 10, 3, 0, 0.00%, 0, 0, 1, 185.64
1735493568, 1, 1, 10, 2, 0, 0.00%, 0, 0, 1, 183.04
1735493578, 1, 2, 10, 1, 0, 0.00%, 0, 0, 1, 181.40
1735493589, 1, 3, 10, 0, 0, 0.00%, 0, 0, 1, 197.05
1735493594, 1, 4, 10, 0, 0, 0.00%, 0, 0, 1, 198.54
1735493599, 1, 6, 10, 0, 0, 0.00%, 0, 0, 1, 197.44
1735493604, 1, 10, 12, 2, 1, 0.05%, 1, 0, 3, 215.15
1735493609, 1, 10, 12, 2, 1, 0.05%, 2, 0, 3, 212.13
1735493614, 1, 10, 13, 3, 1, 0.05%, 3, 0, 3, 211.09
1735493619, 1, 10, 14, 4, 1, 0.05%, 4, 0, 3, 211.86
1735493634, 1, 10, 15, 5, 1, 0.06%, 5, 0, 3, 212.92
1735493670, 1, 10, 16, 6, 1, 0.06%, 5, 0, 3, 213.81
1735493711, 1, 10, 17, 7, 1, 0.06%, 6, 0, 3, 210.94
1735493731, 1, 10, 19, 9, 1, 0.06%, 6, 0, 3, 214.62
1735493741, 1, 11, 22, 11, 5, 0.06%, 8, 0, 4, 223.69
1735493756, 1, 11, 23, 12, 5, 0.06%, 8, 0, 4, 214.20
1735493827, 1, 12, 24, 12, 6, 0.06%, 9, 0, 4, 234.77
1735493842, 1, 12, 25, 13, 6, 0.06%, 9, 0, 4, 219.17
1735493847, 1, 13, 27, 14, 6, 0.06%, 9, 0, 4, 251.45
1735493868, 1, 14, 27, 13, 5, 0.06%, 9, 0, 4, 240.08
1735493883, 1, 14, 28, 14, 5, 0.06%, 9, 0, 4, 212.14
1735493903, 1, 16, 28, 13, 4, 0.06%, 9, 0, 4, 228.55
1735493914, 1, 16, 29, 14, 4, 0.06%, 9, 0, 4, 212.84
1735493944, 1, 19, 29, 13, 3, 0.06%, 9, 0, 4, 229.34
1735493954, 1, 19, 30, 14, 3, 0.06%, 9, 0, 5, 216.26
1735493990, 1, 19, 31, 15, 3, 0.06%, 9, 0, 5, 210.25
1735494010, 1, 19, 32, 16, 3, 0.06%, 9, 0, 5, 216.17
1735494071, 1, 20, 32, 15, 2, 0.06%, 9, 0, 5, 234.04
1735494107, 1, 20, 35, 18, 2, 0.06%, 9, 0, 5, 240.01
1735494112, 1, 20, 36, 19, 2, 0.06%, 9, 0, 5, 230.62
1735494117, 1, 23, 36, 18, 1, 0.06%, 9, 0, 5, 234.12
1735494132, 1, 23, 37, 19, 1, 0.06%, 9, 0, 5, 215.67
1735494183, 1, 30, 37, 18, 0, 0.06%, 9, 0, 5, 278.28
1735494193, 1, 30, 38, 19, 0, 0.06%, 9, 0, 6, 240.89
1735494254, 1, 31, 38, 18, 0, 0.06%, 9, 0, 6, 393.14
1735494264, 1, 31, 39, 19, 0, 0.06%, 9, 0, 6, 269.78
1735494320, 1, 38, 39, 18, 0, 0.06%, 9, 0, 6, 314.81
1735494340, 1, 38, 40, 19, 0, 0.06%, 9, 0, 7, 270.66
1735494376, 1, 38, 41, 20, 0, 0.06%, 9, 0, 7, 270.89
1735494442, 1, 40, 41, 19, 0, 0.06%, 9, 0, 7, 346.41
1735494462, 1, 40, 42, 20, 0, 0.06%, 9, 0, 8, 269.57
1735494467, 1, 40, 43, 21, 0, 0.06%, 9, 0, 8, 274.39
1735494483, 1, 40, 44, 22, 0, 0.06%, 9, 0, 8, 278.78
1735494539, 1, 40, 45, 23, 0, 0.06%, 9, 0, 8, 276.66
1735494564, 1, 44, 47, 24, 0, 0.06%, 9, 0, 9, 310.04
1735494661, 2, 11, 47, 23, 0, 0.06%, 9, 0, 9, 259.71
1735494666, 2, 13, 48, 24, 0, 0.06%, 9, 0, 9, 252.11
1735494671, 2, 15, 49, 25, 0, 0.06%, 9, 0, 9, 318.01
1735494691, 2, 16, 49, 24, 0, 0.06%, 9, 0, 9, 266.12
1735494696, 2, 18, 49, 24, 0, 0.06%, 9, 0, 9, 284.01
1735494701, 2, 18, 52, 27, 0, 0.06%, 9, 0, 9, 255.30
1735494711, 2, 18, 53, 28, 0, 0.06%, 9, 0, 9, 249.18
1735494833, 2, 19, 53, 27, 0, 0.06%, 9, 0, 9, 242.65
1735494838, 2, 20, 53, 27, 0, 0.06%, 9, 0, 9, 239.41
1735494844, 2, 22, 53, 27, 0, 0.06%, 9, 0, 9, 282.37
1735494874, 2, 23, 53, 26, 0, 0.06%, 9, 0, 9, 242.87
1735494879, 2, 27, 53, 26, 0, 0.06%, 9, 0, 9, 288.66
1735494899, 2, 27, 56, 29, 0, 0.06%, 9, 0, 9, 291.43
1735494909, 2, 35, 56, 28, 0, 0.06%, 9, 0, 9, 420.72
1735494950, 2, 35, 57, 29, 0, 0.06%, 9, 0, 9, 288.80
1735494970, 2, 35, 58, 30, 0, 0.06%, 9, 0, 9, 313.99
1735494996, 2, 35, 59, 31, 0, 0.06%, 9, 0, 9, 300.69
1735495062, 2, 36, 59, 30, 0, 0.06%, 9, 0, 9, 309.45
1735495072, 2, 36, 60, 31, 0, 0.06%, 9, 0, 9, 267.36
1735495103, 2, 39, 60, 30, 0, 0.06%, 9, 0, 9, 372.29
1735495169, 2, 49, 60, 29, 0, 0.06%, 9, 0, 9, 295.52
1735495266, 2, 49, 61, 30, 0, 0.06%, 9, 0, 9, 312.64
1735495296, 2, 52, 61, 29, 0, 0.06%, 9, 0, 9, 322.15
1735495326, 2, 54, 61, 28, 0, 0.06%, 9, 0, 9, 402.80
1735495341, 2, 54, 62, 29, 0, 0.06%, 9, 0, 9, 277.04
1735495367, 2, 56, 62, 28, 0, 0.06%, 9, 0, 9, 275.91
1735495423, 2, 57, 62, 27, 0, 0.06%, 9, 0, 9, 410.90
1735495489, 2, 58, 62, 26, 0, 0.06%, 9, 0, 9, 338.30
1735495509, 2, 58, 63, 27, 0, 0.06%, 9, 0, 9, 444.10
1735495591, 2, 61, 63, 26, 0, 0.06%, 9, 0, 9, 296.98
1735495611, 2, 61, 64, 27, 0, 0.06%, 9, 0, 9, 299.83
1735495637, 3, 11, 64, 26, 0, 0.06%, 9, 0, 9, 275.00
1735495642, 3, 13, 64, 26, 0, 0.06%, 9, 0, 9, 265.90
1735495647, 3, 16, 64, 26, 0, 0.06%, 9, 0, 9, 256.72
1735495652, 3, 17, 64, 26, 0, 0.06%, 9, 0, 9, 272.02
1735495667, 3, 19, 64, 25, 0, 0.06%, 9, 0, 9, 246.75
1735495672, 3, 20, 64, 25, 0, 0.06%, 9, 0, 9, 249.17
1735495677, 3, 22, 64, 25, 0, 0.06%, 9, 0, 9, 255.26
1735495683, 3, 23, 64, 25, 0, 0.06%, 9, 0, 9, 249.42
1735495688, 3, 26, 64, 25, 0, 0.06%, 9, 0, 9, 324.43
1735495698, 3, 26, 65, 26, 0, 0.06%, 9, 0, 9, 264.14
1735495728, 3, 28, 65, 25, 0, 0.06%, 9, 0, 9, 283.64
1735495758, 3, 41, 65, 24, 0, 0.06%, 9, 0, 9, 356.01
1735495824, 3, 43, 66, 24, 0, 0.06%, 9, 0, 9, 295.79
1735495875, 3, 50, 66, 23, 0, 0.06%, 9, 0, 9, 337.28
1735495911, 3, 64, 66, 22, 0, 0.06%, 9, 0, 9, 324.86
1735496008, 4, 11, 66, 21, 0, 0.06%, 9, 0, 9, 258.76
1735496013, 4, 13, 66, 21, 0, 0.06%, 9, 0, 9, 253.99
1735496018, 4, 16, 66, 21, 0, 0.06%, 9, 0, 9, 264.65
1735496023, 4, 19, 66, 21, 0, 0.06%, 9, 0, 9, 259.07
1735496028, 4, 20, 66, 21, 0, 0.06%, 9, 0, 9, 257.61
1735496033, 4, 21, 66, 21, 0, 0.06%, 9, 0, 9, 350.49
1735496063, 4, 23, 66, 20, 0, 0.06%, 9, 0, 9, 260.45
1735496068, 4, 29, 66, 20, 0, 0.06%, 9, 0, 9, 300.02
1735496094, 4, 33, 66, 19, 0, 0.06%, 9, 0, 9, 325.20
1735496119, 4, 38, 66, 18, 0, 0.06%, 9, 0, 9, 279.66
1735496129, 4, 42, 66, 18, 0, 0.06%, 9, 0, 9, 421.91
1735496196, 4, 48, 66, 17, 0, 0.06%, 9, 0, 9, 363.70
1735496262, 4, 65, 66, 16, 0, 0.06%, 9, 0, 9, 256.90
1735496267, 4, 65, 69, 19, 0, 0.06%, 9, 0, 10, 365.70
1735496717, 5, 12, 69, 18, 0, 0.06%, 9, 0, 10, 255.65
1735496722, 5, 14, 69, 18, 0, 0.06%, 9, 0, 10, 261.79
1735496728, 5, 19, 69, 18, 0, 0.06%, 9, 0, 10, 263.10
1735496733, 5, 20, 69, 18, 0, 0.06%, 9, 0, 10, 252.72
1735496738, 5, 22, 69, 18, 0, 0.06%, 9, 0, 10, 262.10
1735496743, 5, 23, 69, 18, 0, 0.06%, 9, 0, 10, 251.85
1735496748, 5, 24, 69, 18, 0, 0.06%, 9, 0, 10, 286.61
1735496779, 5, 32, 69, 17, 0, 0.06%, 9, 0, 10, 330.03
1735496804, 5, 34, 69, 16, 0, 0.06%, 9, 0, 10, 263.93
1735496870, 5, 46, 69, 15, 0, 0.06%, 9, 0, 10, 381.46
1735496977, 5, 47, 69, 14, 0, 0.06%, 9, 0, 10, 390.23
1735497074, 5, 47, 70, 15, 0, 0.06%, 9, 0, 10, 296.28
1735497104, 5, 50, 70, 14, 0, 0.06%, 9, 0, 10, 277.84
1735497114, 5, 51, 70, 14, 0, 0.06%, 9, 0, 10, 364.44
1735497145, 5, 54, 70, 13, 0, 0.06%, 9, 0, 10, 287.64
1735497155, 5, 63, 70, 13, 0, 0.06%, 9, 0, 10, 395.91
1735497216, 5, 68, 70, 12, 0, 0.06%, 9, 0, 10, 328.53
1735497430, 6, 12, 70, 11, 0, 0.06%, 9, 0, 10, 253.93
1735497435, 6, 14, 70, 11, 0, 0.06%, 9, 0, 10, 258.71
1735497440, 6, 16, 70, 11, 0, 0.06%, 9, 0, 10, 263.26
1735497445, 6, 20, 70, 11, 0, 0.06%, 9, 0, 10, 266.65
1735497455, 6, 23, 70, 11, 0, 0.06%, 9, 0, 10, 273.06
1735497460, 6, 55, 70, 11, 0, 0.06%, 9, 0, 10, 371.40
1735497491, 6, 59, 70, 10, 0, 0.06%, 9, 0, 10, 315.73
1735497516, 6, 60, 70, 9, 0, 0.06%, 9, 0, 10, 374.01
1735497572, 6, 66, 70, 8, 0, 0.06%, 9, 0, 10, 378.06
1735497710, 7, 12, 70, 7, 0, 0.06%, 9, 0, 10, 270.50
1735497715, 7, 14, 70, 7, 0, 0.06%, 9, 0, 10, 270.59
1735497720, 7, 19, 70, 7, 0, 0.06%, 9, 0, 10, 267.52
1735497730, 7, 20, 70, 7, 0, 0.06%, 9, 0, 10, 263.98
1735497735, 7, 23, 70, 7, 0, 0.06%, 9, 0, 10, 265.22
1735497740, 7, 30, 70, 7, 0, 0.06%, 9, 0, 10, 266.51
1735497745, 7, 33, 70, 7, 0, 0.06%, 9, 0, 10, 277.77
1735497750, 7, 45, 70, 7, 0, 0.06%, 9, 0, 10, 353.49
1735497857, 7, 62, 70, 6, 0, 0.06%, 9, 0, 10, 337.78
1735497974, 7, 65, 70, 5, 0, 0.06%, 9, 0, 10, 313.41
1735497989, 7, 69, 71, 6, 0, 0.06%, 9, 0, 10, 380.20
1735498126, 8, 12, 71, 5, 0, 0.06%, 9, 0, 10, 261.13
1735498131, 8, 14, 71, 5, 0, 0.06%, 9, 0, 10, 272.05
1735498136, 8, 16, 71, 5, 0, 0.06%, 9, 0, 10, 259.16
1735498141, 8, 19, 71, 5, 0, 0.06%, 9, 0, 10, 260.66
1735498146, 8, 20, 71, 5, 0, 0.06%, 9, 0, 10, 253.16
1735498151, 8, 23, 71, 5, 0, 0.06%, 9, 0, 10, 270.60
1735498156, 8, 60, 71, 5, 0, 0.06%, 9, 0, 10, 323.17
1735498167, 8, 65, 71, 5, 0, 0.06%, 9, 0, 10, 325.23
1735498177, 8, 67, 71, 5, 0, 0.06%, 9, 0, 10, 282.99
1735498320, 9, 12, 71, 4, 0, 0.06%, 9, 0, 10, 252.96
1735498325, 9, 14, 71, 4, 0, 0.06%, 9, 0, 10, 259.32
1735498330, 9, 19, 71, 4, 0, 0.06%, 9, 0, 10, 265.53
1735498335, 9, 20, 71, 4, 0, 0.06%, 9, 0, 10, 256.62
1735498340, 9, 23, 71, 4, 0, 0.06%, 9, 0, 10, 268.91
1735498345, 9, 70, 71, 4, 0, 0.06%, 9, 0, 10, 302.80
1735498482, 10, 11, 71, 3, 0, 0.06%, 9, 0, 10, 270.00
1735498488, 10, 13, 71, 3, 0, 0.06%, 9, 0, 10, 263.14
1735498493, 10, 16, 71, 3, 0, 0.06%, 9, 0, 10, 257.21
1735498498, 10, 19, 71, 3, 0, 0.06%, 9, 0, 10, 264.88
1735498503, 10, 20, 71, 3, 0, 0.06%, 9, 0, 10, 254.37
1735498508, 10, 23, 71, 3, 0, 0.06%, 9, 0, 10, 259.88
1735498513, 10, 28, 71, 3, 0, 0.06%, 9, 0, 10, 261.76
1735498518, 10, 43, 71, 3, 0, 0.06%, 9, 0, 10, 268.45
1735498528, 11, 10, 71, 3, 0, 0.06%, 9, 0, 10, 254.20
1735498534, 11, 12, 71, 3, 0, 0.06%, 9, 0, 10, 256.69
1735498539, 11, 14, 71, 3, 0, 0.06%, 9, 0, 10, 276.52
1735498544, 11, 19, 71, 3, 0, 0.06%, 9, 0, 10, 254.44
1735498549, 11, 20, 71, 3, 0, 0.06%, 9, 0, 10, 276.65
1735498554, 11, 23, 71, 3, 0, 0.06%, 9, 0, 10, 278.34
1735498559, 11, 36, 71, 3, 0, 0.06%, 9, 0, 10, 272.97
1735498564, 11, 37, 71, 3, 0, 0.06%, 9, 0, 10, 327.51
1735498594, 12, 0, 71, 2, 0, 0.06%, 9, 0, 10, 254.27
1735498599, 12, 12, 71, 2, 0, 0.06%, 9, 0, 10, 266.52
1735498604, 12, 14, 71, 2, 0, 0.06%, 9, 0, 10, 270.39
1735498610, 12, 19, 71, 2, 0, 0.06%, 9, 0, 10, 255.00
1735498615, 12, 20, 71, 2, 0, 0.06%, 9, 0, 10, 264.41
1735498620, 12, 23, 71, 2, 0, 0.06%, 9, 0, 10, 261.44
1735498625, 12, 25, 71, 2, 0, 0.06%, 9, 0, 10, 358.32
1735498650, 12, 41, 71, 1, 0, 0.06%, 9, 0, 10, 284.42
1735498660, 12, 50, 71, 1, 0, 0.06%, 9, 0, 10, 277.09
1735498665, 12, 59, 71, 1, 0, 0.06%, 9, 0, 10, 271.55
1735498676, 13, 5, 71, 1, 0, 0.06%, 9, 0, 10, 277.46
1735498681, 13, 12, 71, 1, 0, 0.06%, 9, 0, 10, 261.00
1735498686, 13, 14, 71, 1, 0, 0.06%, 9, 0, 10, 267.86
1735498691, 13, 19, 71, 1, 0, 0.06%, 9, 0, 10, 257.01
1735498696, 13, 20, 71, 1, 0, 0.06%, 9, 0, 10, 258.21
1735498701, 13, 23, 71, 1, 0, 0.06%, 9, 0, 10, 257.43
1735498706, 13, 53, 71, 1, 0, 0.06%, 9, 0, 10, 348.34
1735498742, 14, 12, 71, 0, 0, 0.06%, 9, 0, 10, 266.47
1735498747, 14, 14, 71, 0, 0, 0.06%, 9, 0, 10, 267.04
1735498752, 14, 19, 71, 0, 0, 0.06%, 9, 0, 10, 253.27
1735498757, 14, 20, 71, 0, 0, 0.06%, 9, 0, 10, 251.62
1735498762, 14, 23, 71, 0, 0, 0.06%, 9, 0, 10, 261.65
1735498767, 14, 51, 71, 0, 0, 0.06%, 9, 0, 10, 279.83
1735498777, 14, 57, 71, 0, 0, 0.06%, 9, 0, 10, 293.65
1735498787, 14, 61, 71, 0, 0, 0.06%, 9, 0, 10, 284.08
1735498797, 14, 70, 71, 0, 0, 0.06%, 9, 0, 10, 308.24
1735498807, 15, 11, 71, 0, 0, 0.06%, 9, 0, 10, 258.22
1735498813, 15, 13, 71, 0, 0, 0.06%, 9, 0, 10, 270.22
1735498818, 15, 16, 71, 0, 0, 0.06%, 9, 0, 10, 246.89
1735498823, 15, 19, 71, 0, 0, 0.06%, 9, 0, 10, 265.49
1735498828, 15, 20, 71, 0, 0, 0.06%, 9, 0, 10, 266.62
1735498833, 15, 23, 71, 0, 0, 0.06%, 9, 0, 10, 258.31
1735498838, 16, 11, 71, 0, 0, 0.06%, 9, 0, 10, 261.00
1735498843, 16, 13, 71, 0, 0, 0.06%, 9, 0, 10, 261.93
1735498848, 16, 16, 71, 0, 0, 0.06%, 9, 0, 10, 270.99
1735498853, 16, 19, 71, 0, 0, 0.06%, 9, 0, 10, 270.62
1735498858, 16, 20, 71, 0, 0, 0.06%, 9, 0, 10, 256.99
1735498863, 16, 23, 71, 0, 0, 0.06%, 9, 0, 10, 264.91
1735498868, 16, 26, 71, 0, 0, 0.06%, 9, 0, 10, 270.22
1735498873, 16, 53, 71, 0, 0, 0.06%, 9, 0, 10, 285.86
1735498883, 17, 11, 71, 0, 0, 0.06%, 9, 0, 10, 267.16
1735498888, 17, 13, 71, 0, 0, 0.06%, 9, 0, 10, 264.69
1735498893, 17, 16, 71, 0, 0, 0.06%, 9, 0, 10, 271.03
1735498898, 17, 19, 71, 0, 0, 0.06%, 9, 0, 10, 271.51
1735498904, 17, 20, 71, 0, 0, 0.06%, 9, 0, 10, 262.95
1735498909, 17, 23, 71, 0, 0, 0.06%, 9, 0, 10, 269.91
1735498914, 17, 35, 71, 0, 0, 0.06%, 9, 0, 10, 282.00
1735498919, 18, 12, 71, 0, 0, 0.06%, 9, 0, 10, 256.79
1735498924, 18, 14, 71, 0, 0, 0.06%, 9, 0, 10, 258.46
1735498929, 18, 17, 71, 0, 0, 0.06%, 9, 0, 10, 259.61
1735498934, 18, 19, 71, 0, 0, 0.06%, 9, 0, 10, 255.66
1735498939, 18, 20, 71, 0, 0, 0.06%, 9, 0, 10, 257.57
1735498944, 18, 23, 71, 0, 0, 0.06%, 9, 0, 10, 264.43
1735498949, 18, 28, 71, 0, 0, 0.06%, 9, 0, 10, 260.35
1735498954, 19, 11, 71, 0, 0, 0.06%, 9, 0, 10, 269.63
1735498959, 19, 13, 71, 0, 0, 0.06%, 9, 0, 10, 263.08
1735498964, 19, 16, 71, 0, 0, 0.06%, 9, 0, 10, 272.43
1735498970, 19, 19, 71, 0, 0, 0.06%, 9, 0, 10, 268.76
1735498975, 19, 20, 71, 0, 0, 0.06%, 9, 0, 10, 267.94
1735498980, 19, 23, 71, 0, 0, 0.06%, 9, 0, 10, 263.01
1735498985, 19, 48, 71, 0, 0, 0.06%, 9, 0, 10, 285.92
1735498995, 20, 11, 71, 0, 0, 0.06%, 9, 0, 10, 264.27
1735499000, 20, 13, 71, 0, 0, 0.06%, 9, 0, 10, 263.44
1735499005, 20, 16, 71, 0, 0, 0.06%, 9, 0, 10, 258.09
1735499010, 20, 20, 71, 0, 0, 0.06%, 9, 0, 10, 258.33
1735499015, 20, 23, 71, 0, 0, 0.06%, 9, 0, 10, 259.48
1735499021, 20, 45, 71, 0, 0, 0.06%, 9, 0, 10, 292.01
1735499031, 20, 64, 71, 0, 0, 0.06%, 9, 0, 10, 314.53
1735499041, 21, 8, 71, 0, 0, 0.06%, 9, 0, 10, 265.22
1735499046, 21, 12, 71, 0, 0, 0.06%, 9, 0, 10, 272.29
1735499051, 21, 14, 71, 0, 0, 0.06%, 9, 0, 10, 274.45
1735499056, 21, 19, 71, 0, 0, 0.06%, 9, 0, 10, 260.59
1735499061, 21, 20, 71, 0, 0, 0.06%, 9, 0, 10, 259.91
1735499066, 21, 23, 71, 0, 0, 0.06%, 9, 0, 10, 260.58
1735499071, 21, 24, 71, 0, 0, 0.06%, 9, 0, 10, 266.21
1735499076, 21, 28, 71, 0, 0, 0.06%, 9, 0, 10, 256.45
1735499081, 21, 57, 71, 0, 0, 0.06%, 9, 0, 10, 268.18
1735499087, 22, 2, 71, 0, 0, 0.06%, 9, 0, 10, 273.28
1735499092, 22, 12, 71, 0, 0, 0.06%, 9, 0, 10, 268.06
1735499097, 22, 14, 71, 0, 0, 0.06%, 9, 0, 10, 269.23
1735499102, 22, 19, 71, 0, 0, 0.06%, 9, 0, 10, 259.97
1735499107, 22, 20, 71, 0, 0, 0.06%, 9, 0, 10, 259.46
1735499112, 22, 23, 71, 0, 0, 0.06%, 9, 0, 10, 259.67
1735499117, 22, 24, 71, 0, 0, 0.06%, 9, 0, 10, 260.47
1735499122, 22, 31, 71, 0, 0, 0.06%, 9, 0, 10, 274.72
1735499127, 22, 36, 71, 0, 0, 0.06%, 9, 0, 10, 267.49
1735499132, 22, 42, 71, 0, 0, 0.06%, 9, 0, 10, 274.62
1735499142, 22, 58, 71, 0, 0, 0.06%, 9, 0, 10, 295.30
1735499152, 22, 61, 71, 0, 0, 0.06%, 9, 0, 10, 281.16
1735499157, 23, 12, 71, 0, 0, 0.06%, 9, 0, 10, 265.30
1735499162, 23, 14, 71, 0, 0, 0.06%, 9, 0, 10, 271.15
1735499168, 23, 16, 71, 0, 0, 0.06%, 9, 0, 10, 270.70
1735499173, 23, 20, 71, 0, 0, 0.06%, 9, 0, 10, 272.20
1735499178, 23, 23, 71, 0, 0, 0.06%, 9, 0, 10, 265.81
1735499183, 23, 41, 71, 0, 0, 0.06%, 9, 0, 10, 277.37
1735499193, 24, 11, 71, 0, 0, 0.06%, 9, 0, 10, 263.07
1735499198, 24, 13, 71, 0, 0, 0.06%, 9, 0, 10, 254.86
1735499203, 24, 16, 71, 0, 0, 0.06%, 9, 0, 10, 265.39
1735499208, 24, 19, 71, 0, 0, 0.06%, 9, 0, 10, 270.65
1735499213, 24, 20, 71, 0, 0, 0.06%, 9, 0, 10, 255.30
1735499218, 24, 23, 71, 0, 0, 0.06%, 9, 0, 10, 264.29
1735499223, 24, 32, 71, 0, 0, 0.06%, 9, 0, 10, 275.18
1735499228, 24, 36, 71, 0, 0, 0.06%, 9, 0, 10, 273.14
1735499234, 24, 38, 71, 0, 0, 0.06%, 9, 0, 10, 274.02
1735499239, 24, 40, 71, 0, 0, 0.06%, 9, 0, 10, 296.73
1735499244, 24, 58, 71, 0, 0, 0.06%, 9, 0, 10, 292.15
1735499249, 25, 11, 71, 0, 0, 0.06%, 9, 0, 10, 271.18
1735499254, 25, 13, 71, 0, 0, 0.06%, 9, 0, 10, 263.71
1735499259, 25, 16, 71, 0, 0, 0.06%, 9, 0, 10, 264.40
1735499264, 25, 19, 71, 0, 0, 0.06%, 9, 0, 10, 254.15
1735499269, 25, 20, 71, 0, 0, 0.06%, 9, 0, 10, 269.77
1735499274, 25, 23, 71, 0, 0, 0.06%, 9, 0, 10, 270.23
1735499279, 25, 45, 71, 0, 0, 0.06%, 9, 0, 10, 288.30
1735499284, 25, 55, 71, 0, 0, 0.06%, 9, 0, 10, 268.21
1735499294, 25, 57, 71, 0, 0, 0.06%, 9, 0, 10, 292.61
1735499299, 26, 9, 71, 0, 0, 0.06%, 9, 0, 10, 285.32
1735499305, 26, 11, 71, 0, 0, 0.06%, 9, 0, 10, 265.35
1735499310, 26, 13, 71, 0, 0, 0.06%, 9, 0, 10, 269.14
1735499315, 26, 16, 71, 0, 0, 0.06%, 9, 0, 10, 265.69
1735499320, 26, 19, 71, 0, 0, 0.06%, 9, 0, 10, 257.28
1735499325, 26, 20, 71, 0, 0, 0.06%, 9, 0, 10, 258.08
1735499330, 26, 23, 71, 0, 0, 0.06%, 9, 0, 10, 261.29
1735499335, 26, 24, 71, 0, 0, 0.06%, 9, 0, 10, 274.35
1735499340, 26, 54, 71, 0, 0, 0.06%, 9, 0, 10, 273.12
1735499345, 26, 67, 71, 0, 0, 0.06%, 9, 0, 10, 285.71
1735499350, 27, 3, 71, 0, 0, 0.06%, 9, 0, 10, 261.63
1735499355, 27, 12, 71, 0, 0, 0.06%, 9, 0, 10, 257.53
1735499360, 27, 14, 71, 0, 0, 0.06%, 9, 0, 10, 267.21
1735499365, 27, 18, 71, 0, 0, 0.06%, 9, 0, 10, 260.55
1735499370, 27, 19, 71, 0, 0, 0.06%, 9, 0, 10, 263.58
1735499375, 27, 20, 71, 0, 0, 0.06%, 9, 0, 10, 258.83
1735499380, 27, 23, 71, 0, 0, 0.06%, 9, 0, 10, 264.80
1735499386, 27, 47, 71, 0, 0, 0.06%, 9, 0, 10, 284.40
1735499396, 27, 49, 71, 0, 0, 0.06%, 9, 0, 10, 307.48
1735499406, 27, 62, 71, 0, 0, 0.06%, 9, 0, 10, 302.92
1735499411, 27, 70, 71, 0, 0, 0.06%, 9, 0, 10, 295.63
1735499421, 28, 11, 71, 0, 0, 0.06%, 9, 0, 10, 266.12
1735499426, 28, 13, 71, 0, 0, 0.06%, 9, 0, 10, 257.29
1735499431, 28, 15, 71, 0, 0, 0.06%, 9, 0, 10, 260.64
1735499437, 28, 19, 71, 0, 0, 0.06%, 9, 0, 10, 270.43
1735499442, 28, 20, 71, 0, 0, 0.06%, 9, 0, 10, 258.95
1735499452, 28, 23, 71, 0, 0, 0.06%, 9, 0, 10, 269.57
1735499457, 28, 37, 71, 0, 0, 0.06%, 9, 0, 10, 262.05
1735499462, 29, 12, 71, 0, 0, 0.06%, 9, 0, 10, 263.36
1735499467, 29, 14, 71, 0, 0, 0.06%, 9, 0, 10, 267.05
1735499472, 29, 19, 71, 0, 0, 0.06%, 9, 0, 10, 263.47
1735499477, 29, 20, 71, 0, 0, 0.06%, 9, 0, 10, 253.54
1735499482, 29, 23, 71, 0, 0, 0.06%, 9, 0, 10, 265.15
1735499487, 29, 34, 71, 0, 0, 0.06%, 9, 0, 10, 286.29
1735499492, 29, 63, 71, 0, 0, 0.06%, 9, 0, 10, 304.00
1735499502, 29, 65, 71, 0, 0, 0.06%, 9, 0, 10, 307.73
1735499512, 30, 12, 71, 0, 0, 0.06%, 9, 0, 10, 252.61
1735499517, 30, 14, 71, 0, 0, 0.06%, 9, 0, 10, 255.71
1735499522, 30, 19, 71, 0, 0, 0.06%, 9, 0, 10, 270.60
1735499528, 30, 20, 71, 0, 0, 0.06%, 9, 0, 10, 255.12
1735499533, 30, 23, 71, 0, 0, 0.06%, 9, 0, 10, 262.33
1735499538, 30, 30, 71, 0, 0, 0.06%, 9, 0, 10, 274.31
1735499543, 30, 44, 71, 0, 0, 0.06%, 9, 0, 10, 273.64
1735499553, 30, 49, 71, 0, 0, 0.06%, 9, 0, 10, 277.97
1735499558, 31, 11, 71, 0, 0, 0.06%, 9, 0, 10, 266.79
1735499563, 31, 13, 71, 0, 0, 0.06%, 9, 0, 10, 264.73
1735499568, 31, 16, 71, 0, 0, 0.06%, 9, 0, 10, 263.26
1735499573, 31, 19, 71, 0, 0, 0.06%, 9, 0, 10, 258.79
1735499578, 31, 20, 71, 0, 0, 0.06%, 9, 0, 10, 255.94
1735499583, 31, 23, 71, 0, 0, 0.06%, 9, 0, 10, 269.76
1735499589, 31, 43, 71, 0, 0, 0.06%, 9, 0, 10, 271.22
1735499594, 31, 45, 71, 0, 0, 0.06%, 9, 0, 10, 277.55
1735499604, 31, 67, 71, 0, 0, 0.06%, 9, 0, 10, 283.43
1735499609, 32, 11, 71, 0, 0, 0.06%, 9, 0, 10, 263.19
1735499614, 32, 13, 71, 0, 0, 0.06%, 9, 0, 10, 273.46
1735499619, 32, 14, 71, 0, 0, 0.06%, 9, 0, 10, 266.52
1735499624, 32, 19, 71, 0, 0, 0.06%, 9, 0, 10, 253.64
1735499629, 32, 20, 71, 0, 0, 0.06%, 9, 0, 10, 253.92
1735499634, 32, 23, 71, 0, 0, 0.06%, 9, 0, 10, 252.39
1735499639, 32, 41, 71, 0, 0, 0.06%, 9, 0, 10, 293.07
1735499649, 32, 50, 71, 0, 0, 0.06%, 9, 0, 10, 267.92
1735499654, 32, 53, 71, 0, 0, 0.06%, 9, 0, 10, 279.75
1735499659, 32, 62, 71, 0, 0, 0.06%, 9, 0, 10, 289.89
1735499664, 33, 11, 71, 0, 0, 0.06%, 9, 0, 10, 265.49
1735499670, 33, 13, 71, 0, 0, 0.06%, 9, 0, 10, 270.14
1735499675, 33, 16, 71, 0, 0, 0.06%, 9, 0, 10, 263.54
1735499680, 33, 19, 71, 0, 0, 0.06%, 9, 0, 10, 248.44
1735499685, 33, 20, 71, 0, 0, 0.06%, 9, 0, 10, 255.45
1735499690, 33, 23, 71, 0, 0, 0.06%, 9, 0, 10, 265.64
1735499695, 33, 51, 71, 0, 0, 0.06%, 9, 0, 10, 267.59
1735499700, 34, 12, 71, 0, 0, 0.06%, 9, 0, 10, 265.14
1735499705, 34, 14, 71, 0, 0, 0.06%, 9, 0, 10, 269.86
1735499710, 34, 16, 71, 0, 0, 0.06%, 9, 0, 10, 264.06
1735499715, 34, 20, 71, 0, 0, 0.06%, 9, 0, 10, 258.68
1735499725, 34, 23, 71, 0, 0, 0.06%, 9, 0, 10, 264.39
1735499730, 34, 37, 71, 0, 0, 0.06%, 9, 0, 10, 265.60
1735499740, 34, 48, 71, 0, 0, 0.06%, 9, 0, 10, 262.20
1735499745, 35, 12, 71, 0, 0, 0.06%, 9, 0, 10, 264.64
1735499751, 35, 14, 71, 0, 0, 0.06%, 9, 0, 10, 261.90
1735499756, 35, 19, 71, 0, 0, 0.06%, 9, 0, 10, 266.78
1735499761, 35, 20, 71, 0, 0, 0.06%, 9, 0, 10, 256.48
1735499766, 35, 23, 71, 0, 0, 0.06%, 9, 0, 10, 253.17
1735499771, 35, 50, 71, 0, 0, 0.06%, 9, 0, 10, 268.33
1735499776, 35, 53, 71, 0, 0, 0.06%, 9, 0, 10, 268.67
1735499781, 35, 65, 71, 0, 0, 0.06%, 9, 0, 10, 289.70
1735499791, 35, 68, 71, 0, 0, 0.06%, 9, 0, 10, 287.03
1735499796, 36, 10, 71, 0, 0, 0.06%, 9, 0, 10, 269.22
1735499801, 36, 12, 71, 0, 0, 0.06%, 9, 0, 10, 264.28
1735499806, 36, 14, 71, 0, 0, 0.06%, 9, 0, 10, 269.00
1735499811, 36, 16, 71, 0, 0, 0.06%, 9, 0, 10, 270.60
1735499816, 36, 20, 71, 0, 0, 0.06%, 9, 0, 10, 250.51
1735499821, 36, 23, 71, 0, 0, 0.06%, 9, 0, 10, 267.71
1735499827, 36, 32, 71, 0, 0, 0.06%, 9, 0, 10, 267.70
1735499832, 36, 35, 71, 0, 0, 0.06%, 9, 0, 10, 284.33
1735499837, 37, 2, 71, 0, 0, 0.06%, 9, 0, 10, 269.88
1735499842, 37, 12, 71, 0, 0, 0.06%, 9, 0, 10, 262.04
1735499847, 37, 13, 71, 0, 0, 0.06%, 9, 0, 10, 259.05
1735499852, 37, 16, 71, 0, 0, 0.06%, 9, 0, 10, 262.51
1735499857, 37, 19, 71, 0, 0, 0.06%, 9, 0, 10, 246.97
1735499862, 37, 20, 71, 0, 0, 0.06%, 9, 0, 10, 261.85
1735499867, 37, 23, 71, 0, 0, 0.06%, 9, 0, 10, 270.18
1735499872, 38, 12, 71, 0, 0, 0.06%, 9, 0, 10, 260.37
1735499877, 38, 14, 71, 0, 0, 0.06%, 9, 0, 10, 253.71
1735499882, 38, 19, 71, 0, 0, 0.06%, 9, 0, 10, 270.20
1735499887, 38, 20, 71, 0, 0, 0.06%, 9, 0, 10, 255.51
1735499892, 38, 23, 71, 0, 0, 0.06%, 9, 0, 10, 268.77
1735499898, 38, 39, 71, 0, 0, 0.06%, 9, 0, 10, 281.54
1735499903, 39, 1, 71, 0, 0, 0.06%, 9, 0, 10, 273.00
1735499908, 39, 12, 71, 0, 0, 0.06%, 9, 0, 10, 260.42
1735499913, 39, 13, 71, 0, 0, 0.06%, 9, 0, 10, 263.79
1735499918, 39, 16, 71, 0, 0, 0.06%, 9, 0, 10, 259.51
1735499923, 39, 20, 71, 0, 0, 0.06%, 9, 0, 10, 255.06
1735499933, 39, 23, 71, 0, 0, 0.06%, 9, 0, 10, 262.71
1735499938, 39, 28, 71, 0, 0, 0.06%, 9, 0, 10, 261.49
1735499943, 39, 32, 71, 0, 0, 0.06%, 9, 0, 10, 270.00
1735499949, 39, 55, 71, 0, 0, 0.06%, 9, 0, 10, 271.98
1735499954, 39, 65, 71, 0, 0, 0.06%, 9, 0, 10, 288.12
1735499959, 39, 69, 71, 0, 0, 0.06%, 9, 0, 10, 294.14
1735499969, 40, 12, 71, 0, 0, 0.06%, 9, 0, 10, 274.58
1735499974, 40, 13, 71, 0, 0, 0.06%, 9, 0, 10, 266.18
1735499979, 40, 16, 71, 0, 0, 0.06%, 9, 0, 10, 268.31
1735499984, 40, 19, 71, 0, 0, 0.06%, 9, 0, 10, 279.40
1735499989, 40, 20, 71, 0, 0, 0.06%, 9, 0, 10, 266.89
1735499994, 40, 23, 71, 0, 0, 0.06%, 9, 0, 10, 275.78
1735499999, 41, 11, 71, 0, 0, 0.06%, 9, 0, 10, 259.58
1735500004, 41, 13, 71, 0, 0, 0.06%, 9, 0, 10, 259.62
1735500009, 41, 16, 71, 0, 0, 0.06%, 9, 0, 10, 263.16
1735500015, 41, 19, 71, 0, 0, 0.06%, 9, 0, 10, 272.87
1735500020, 41, 20, 71, 0, 0, 0.06%, 9, 0, 10, 275.46
1735500025, 41, 23, 71, 0, 0, 0.06%, 9, 0, 10, 270.76
1735500030, 41, 34, 71, 0, 0, 0.06%, 9, 0, 10, 278.44
1735500035, 41, 51, 71, 0, 0, 0.06%, 9, 0, 10, 274.87
1735500040, 41, 53, 71, 0, 0, 0.06%, 9, 0, 10, 286.22
1735500045, 42, 12, 71, 0, 0, 0.06%, 9, 0, 10, 280.88
1735500050, 42, 14, 71, 0, 0, 0.06%, 9, 0, 10, 269.43
1735500055, 42, 19, 71, 0, 0, 0.06%, 9, 0, 10, 267.99
1735500060, 42, 20, 71, 0, 0, 0.06%, 9, 0, 10, 252.83
1735500066, 42, 23, 71, 0, 0, 0.06%, 9, 0, 10, 254.61
1735500076, 42, 25, 71, 0, 0, 0.06%, 9, 0, 10, 270.29
1735500081, 43, 12, 71, 0, 0, 0.06%, 9, 0, 10, 275.83
1735500086, 43, 14, 71, 0, 0, 0.06%, 9, 0, 10, 270.29
1735500091, 43, 19, 71, 0, 0, 0.06%, 9, 0, 10, 258.95
1735500096, 43, 20, 71, 0, 0, 0.06%, 9, 0, 10, 262.76
1735500101, 43, 23, 71, 0, 0, 0.06%, 9, 0, 10, 262.01
1735500106, 43, 29, 71, 0, 0, 0.06%, 9, 0, 10, 259.59
1735500111, 43, 46, 71, 0, 0, 0.06%, 9, 0, 10, 282.30
1735500122, 43, 48, 71, 0, 0, 0.06%, 9, 0, 10, 280.43
1735500127, 44, 12, 71, 0, 0, 0.06%, 9, 0, 10, 265.49
1735500132, 44, 14, 71, 0, 0, 0.06%, 9, 0, 10, 268.54
1735500137, 44, 19, 71, 0, 0, 0.06%, 9, 0, 10, 253.40
1735500142, 44, 20, 71, 0, 0, 0.06%, 9, 0, 10, 262.70
1735500147, 44, 23, 71, 0, 0, 0.06%, 9, 0, 10, 265.61
1735500152, 44, 28, 71, 0, 0, 0.06%, 9, 0, 10, 256.41
1735500157, 44, 49, 71, 0, 0, 0.06%, 9, 0, 10, 291.72
1735500163, 44, 63, 71, 0, 0, 0.06%, 9, 0, 10, 304.62
1735500168, 45, 11, 72, 1, 0, 0.06%, 9, 0, 10, 281.41
1735500173, 45, 13, 72, 1, 0, 0.06%, 9, 0, 10, 265.14
1735500178, 45, 15, 72, 1, 0, 0.06%, 9, 0, 10, 272.05
1735500183, 45, 17, 72, 1, 0, 0.06%, 9, 0, 10, 271.02
1735500188, 45, 19, 72, 1, 0, 0.06%, 9, 0, 10, 254.33
1735500193, 45, 20, 72, 1, 0, 0.06%, 9, 0, 10, 260.33
1735500198, 45, 23, 72, 1, 0, 0.06%, 9, 0, 10, 273.27
1735500203, 45, 30, 72, 1, 0, 0.06%, 9, 0, 10, 274.77
1735500208, 45, 41, 72, 1, 0, 0.06%, 9, 0, 10, 291.69
1735500218, 45, 48, 72, 1, 0, 0.06%, 9, 0, 10, 272.24
1735500223, 45, 70, 72, 1, 0, 0.06%, 9, 0, 10, 290.94
1735500228, 46, 1, 72, 1, 0, 0.06%, 9, 0, 10, 284.52
1735500233, 46, 12, 72, 1, 0, 0.06%, 9, 0, 10, 266.31
1735500238, 46, 14, 72, 1, 0, 0.06%, 9, 0, 10, 270.72
1735500243, 46, 19, 72, 1, 0, 0.06%, 9, 0, 10, 257.88
1735500249, 46, 20, 72, 1, 0, 0.06%, 9, 0, 10, 257.12
1735500254, 46, 22, 72, 1, 0, 0.06%, 9, 0, 10, 272.28
1735500264, 46, 23, 72, 1, 0, 0.06%, 9, 0, 10, 266.18
1735500269, 46, 41, 72, 1, 0, 0.06%, 9, 0, 10, 267.91
1735500274, 46, 61, 72, 1, 0, 0.06%, 9, 0, 10, 282.60
1735500279, 46, 71, 72, 1, 0, 0.06%, 9, 0, 10, 362.35
1735500289, 46, 71, 73, 2, 0, 0.06%, 9, 0, 10, 463.57
1735500406, 47, 11, 73, 1, 0, 0.06%, 9, 0, 10, 242.90
1735500411, 47, 13, 73, 1, 0, 0.06%, 9, 0, 10, 259.71
1735500416, 47, 16, 73, 1, 0, 0.06%, 9, 0, 10, 264.42
1735500421, 47, 19, 73, 1, 0, 0.06%, 9, 0, 10, 256.95
1735500427, 47, 20, 73, 1, 0, 0.06%, 9, 0, 10, 263.83
1735500432, 47, 23, 73, 1, 0, 0.06%, 9, 0, 10, 264.73
1735500437, 47, 30, 73, 1, 0, 0.06%, 9, 0, 10, 266.11
1735500442, 47, 32, 73, 1, 0, 0.06%, 9, 0, 10, 274.69
1735500447, 47, 55, 73, 1, 0, 0.06%, 9, 0, 10, 275.57
1735500452, 47, 58, 73, 1, 0, 0.06%, 9, 0, 10, 289.12
1735500457, 47, 59, 73, 1, 0, 0.06%, 9, 0, 10, 267.23
1735500462, 47, 65, 73, 1, 0, 0.06%, 9, 0, 10, 300.09
1735500467, 47, 70, 73, 1, 0, 0.06%, 9, 0, 10, 271.20
1735500472, 48, 6, 73, 1, 0, 0.06%, 9, 0, 10, 273.72
1735500477, 48, 12, 73, 1, 0, 0.06%, 9, 0, 10, 253.16
1735500482, 48, 14, 73, 1, 0, 0.06%, 9, 0, 10, 261.99
1735500487, 48, 19, 73, 1, 0, 0.06%, 9, 0, 10, 263.13
1735500492, 48, 20, 73, 1, 0, 0.06%, 9, 0, 10, 250.74
1735500502, 48, 23, 73, 1, 0, 0.06%, 9, 0, 10, 279.55
1735500508, 48, 46, 73, 1, 0, 0.06%, 9, 0, 10, 288.08
1735500513, 48, 57, 73, 1, 0, 0.06%, 9, 0, 10, 294.38
1735500518, 49, 11, 73, 1, 0, 0.06%, 9, 0, 10, 261.36
1735500523, 49, 13, 73, 1, 0, 0.06%, 9, 0, 10, 263.57
1735500528, 49, 16, 73, 1, 0, 0.06%, 9, 0, 10, 263.33
1735500533, 49, 19, 73, 1, 0, 0.06%, 9, 0, 10, 263.09
1735500538, 49, 20, 73, 1, 0, 0.06%, 9, 0, 10, 260.31
1735500543, 49, 23, 73, 1, 0, 0.06%, 9, 0, 10, 252.38
1735500548, 49, 32, 73, 1, 0, 0.06%, 9, 0, 10, 265.79
1735500553, 49, 39, 73, 1, 0, 0.06%, 9, 0, 10, 274.80
1735500558, 49, 40, 73, 1, 0, 0.06%, 9, 0, 10, 273.73
1735500563, 49, 44, 73, 1, 0, 0.06%, 9, 0, 10, 286.35
1735500569, 49, 67, 73, 1, 0, 0.06%, 9, 0, 10, 291.37
1735500579, 50, 12, 73, 1, 0, 0.06%, 9, 0, 10, 267.49
1735500584, 50, 14, 73, 1, 0, 0.06%, 9, 0, 10, 268.59
1735500589, 50, 16, 73, 1, 0, 0.06%, 9, 0, 10, 274.98
1735500594, 50, 20, 73, 1, 0, 0.06%, 9, 0, 10, 260.38
1735500599, 50, 21, 73, 1, 0, 0.06%, 9, 0, 10, 274.17
1735500604, 50, 23, 73, 1, 0, 0.06%, 9, 0, 10, 267.07
1735500609, 50, 24, 73, 1, 0, 0.06%, 9, 0, 10, 268.69
1735500615, 50, 37, 73, 1, 0, 0.06%, 9, 0, 10, 276.75
1735500625, 50, 49, 74, 2, 0, 0.06%, 9, 0, 10, 299.29
1735500630, 50, 59, 74, 2, 0, 0.06%, 9, 0, 10, 267.93
1735500635, 51, 11, 74, 2, 0, 0.06%, 9, 0, 10, 260.67
1735500640, 51, 13, 74, 2, 0, 0.06%, 9, 0, 10, 263.55
1735500645, 51, 16, 74, 2, 0, 0.06%, 9, 0, 10, 259.40
1735500650, 51, 19, 74, 2, 0, 0.06%, 9, 0, 10, 264.73
1735500655, 51, 20, 74, 2, 0, 0.06%, 9, 0, 10, 262.21
1735500660, 51, 23, 74, 2, 0, 0.06%, 9, 0, 10, 268.48
1735500666, 51, 42, 74, 2, 0, 0.06%, 9, 0, 10, 268.22
1735500671, 52, 11, 74, 2, 0, 0.06%, 9, 0, 10, 244.61
1735500676, 52, 13, 74, 2, 0, 0.06%, 9, 0, 10, 264.62
1735500681, 52, 16, 74, 2, 0, 0.06%, 9, 0, 10, 258.65
1735500686, 52, 19, 74, 2, 0, 0.06%, 9, 0, 10, 257.90
1735500691, 52, 20, 74, 2, 0, 0.06%, 9, 0, 10, 269.40
1735500696, 52, 23, 74, 2, 0, 0.06%, 9, 0, 10, 276.53
1735500702, 52, 36, 74, 2, 0, 0.06%, 9, 0, 10, 271.53
1735500707, 52, 57, 74, 2, 0, 0.06%, 9, 0, 10, 295.82
1735500712, 52, 60, 74, 2, 0, 0.06%, 9, 0, 10, 286.16
1735500717, 52, 68, 74, 2, 0, 0.06%, 9, 0, 10, 279.71
1735500722, 52, 72, 74, 2, 0, 0.06%, 9, 0, 10, 385.45
1735500849, 52, 73, 75, 2, 0, 0.06%, 9, 0, 10, 337.90
1735500961, 53, 9, 75, 1, 0, 0.06%, 9, 0, 10, 286.29
1735500966, 53, 12, 75, 1, 0, 0.06%, 9, 0, 10, 266.87
1735500971, 53, 14, 75, 1, 0, 0.06%, 9, 0, 10, 268.62
1735500976, 53, 19, 75, 1, 0, 0.06%, 9, 0, 10, 258.12
1735500981, 53, 20, 75, 1, 0, 0.06%, 9, 0, 10, 253.50
1735500987, 53, 23, 75, 1, 0, 0.06%, 9, 0, 10, 260.36
1735500992, 53, 26, 75, 1, 0, 0.06%, 9, 0, 10, 269.27
1735500997, 53, 32, 75, 1, 0, 0.06%, 9, 0, 10, 277.06
1735501002, 53, 57, 75, 1, 0, 0.06%, 9, 0, 10, 271.98
1735501007, 53, 67, 75, 1, 0, 0.06%, 9, 0, 10, 295.57
1735501017, 53, 72, 75, 1, 0, 0.06%, 9, 0, 10, 316.35
1735501042, 54, 12, 75, 1, 0, 0.06%, 9, 0, 10, 278.77
1735501048, 54, 14, 75, 1, 0, 0.06%, 9, 0, 10, 268.77
1735501053, 54, 19, 75, 1, 0, 0.06%, 9, 0, 10, 265.44
1735501058, 54, 20, 75, 1, 0, 0.06%, 9, 0, 10, 265.47
1735501063, 54, 23, 75, 1, 0, 0.06%, 9, 0, 10, 261.76
1735501073, 54, 32, 75, 1, 0, 0.06%, 9, 0, 10, 280.78
1735501078, 54, 74, 75, 1, 0, 0.06%, 9, 0, 10, 370.55
1735501180, 55, 11, 75, 0, 0, 0.06%, 9, 0, 10, 265.93
1735501185, 55, 13, 75, 0, 0, 0.06%, 9, 0, 10, 254.82
1735501190, 55, 16, 75, 0, 0, 0.06%, 9, 0, 10, 269.72
1735501195, 55, 20, 75, 0, 0, 0.06%, 9, 0, 10, 276.62
1735501205, 55, 23, 75, 0, 0, 0.06%, 9, 0, 10, 274.20
1735501210, 55, 29, 75, 0, 0, 0.06%, 9, 0, 10, 272.22
1735501215, 55, 31, 75, 0, 0, 0.06%, 9, 0, 10, 281.05
1735501221, 55, 47, 75, 0, 0, 0.06%, 9, 0, 10, 292.73
1735501226, 55, 55, 75, 0, 0, 0.06%, 9, 0, 10, 286.88
1735501231, 55, 57, 75, 0, 0, 0.06%, 9, 0, 10, 296.12
1735501236, 56, 12, 75, 0, 0, 0.06%, 9, 0, 10, 282.56
1735501241, 56, 14, 75, 0, 0, 0.06%, 9, 0, 10, 262.44
1735501246, 56, 19, 75, 0, 0, 0.06%, 9, 0, 10, 254.42
1735501251, 56, 20, 75, 0, 0, 0.06%, 9, 0, 10, 245.48
1735501256, 56, 23, 75, 0, 0, 0.06%, 9, 0, 10, 254.22
1735501261, 56, 37, 75, 0, 0, 0.06%, 9, 0, 10, 280.75
1735501266, 56, 72, 75, 0, 0, 0.06%, 9, 0, 10, 283.38
1735501297, 57, 8, 75, 0, 0, 0.06%, 9, 0, 10, 279.97
1735501302, 57, 13, 75, 0, 0, 0.06%, 9, 0, 10, 271.03
1735501307, 57, 14, 75, 0, 0, 0.06%, 9, 0, 10, 269.51
1735501312, 57, 19, 75, 0, 0, 0.06%, 9, 0, 10, 255.58
1735501317, 57, 20, 75, 0, 0, 0.06%, 9, 0, 10, 266.64
1735501322, 57, 23, 75, 0, 0, 0.06%, 9, 0, 10, 254.58
1735501327, 57, 38, 75, 0, 0, 0.06%, 9, 0, 10, 277.20
1735501332, 57, 43, 75, 0, 0, 0.06%, 9, 0, 10, 271.46
1735501342, 57, 47, 75, 0, 0, 0.06%, 9, 0, 10, 272.87
1735501347, 57, 48, 75, 0, 0, 0.06%, 9, 0, 10, 281.25
1735501352, 57, 61, 75, 0, 0, 0.06%, 9, 0, 10, 276.04
1735501358, 57, 65, 75, 0, 0, 0.06%, 9, 0, 10, 294.32
1735501363, 58, 11, 75, 0, 0, 0.06%, 9, 0, 10, 271.98
1735501368, 58, 13, 75, 0, 0, 0.06%, 9, 0, 10, 269.08
1735501373, 58, 16, 75, 0, 0, 0.06%, 9, 0, 10, 271.51
1735501378, 58, 19, 75, 0, 0, 0.06%, 9, 0, 10, 266.36
1735501383, 58, 20, 75, 0, 0, 0.06%, 9, 0, 10, 263.92
1735501388, 58, 23, 75, 0, 0, 0.06%, 9, 0, 10, 260.83
1735501393, 58, 37, 75, 0, 0, 0.06%, 9, 0, 10, 275.51
1735501398, 58, 71, 75, 0, 0, 0.06%, 9, 0, 10, 319.01
1735501428, 59, 11, 75, 0, 0, 0.06%, 9, 0, 10, 262.10
1735501433, 59, 13, 75, 0, 0, 0.06%, 9, 0, 10, 273.88
1735501439, 59, 16, 75, 0, 0, 0.06%, 9, 0, 10, 267.69
1735501444, 59, 19, 75, 0, 0, 0.06%, 9, 0, 10, 276.84
1735501449, 59, 20, 75, 0, 0, 0.06%, 9, 0, 10, 273.51
1735501454, 59, 47, 75, 0, 0, 0.06%, 9, 0, 10, 278.55
1735501464, 60, 12, 75, 0, 0, 0.06%, 9, 0, 10, 260.75
1735501469, 60, 14, 75, 0, 0, 0.06%, 9, 0, 10, 272.13
1735501474, 60, 17, 75, 0, 0, 0.06%, 9, 0, 10, 273.00
1735501479, 60, 19, 75, 0, 0, 0.06%, 9, 0, 10, 265.65
1735501484, 60, 20, 75, 0, 0, 0.06%, 9, 0, 10, 271.72
1735501489, 60, 23, 75, 0, 0, 0.06%, 9, 0, 10, 295.82
1735501494, 60, 44, 75, 0, 0, 0.06%, 9, 0, 10, 279.78
1735501499, 60, 52, 75, 0, 0, 0.06%, 9, 0, 10, 281.33
1735501509, 60, 53, 75, 0, 0, 0.06%, 9, 0, 10, 281.82
1735501515, 60, 59, 75, 0, 0, 0.06%, 9, 0, 10, 275.31
1735501520, 61, 5, 75, 0, 0, 0.06%, 9, 0, 10, 281.99
1735501525, 61, 12, 75, 0, 0, 0.06%, 9, 0, 10, 270.13
1735501530, 61, 14, 75, 0, 0, 0.06%, 9, 0, 10, 266.64
1735501535, 61, 19, 75, 0, 0, 0.06%, 9, 0, 10, 268.12
1735501540, 61, 20, 75, 0, 0, 0.06%, 9, 0, 10, 267.26
1735501545, 61, 23, 75, 0, 0, 0.06%, 9, 0, 10, 267.30
1735501550, 61, 69, 75, 0, 0, 0.06%, 9, 0, 10, 291.63
1735501555, 61, 71, 75, 0, 0, 0.06%, 9, 0, 10, 299.35
1735501586, 62, 11, 75, 0, 0, 0.06%, 9, 0, 10, 276.98
1735501591, 62, 13, 75, 0, 0, 0.06%, 9, 0, 10, 275.10
1735501596, 62, 16, 75, 0, 0, 0.06%, 9, 0, 10, 274.50
1735501601, 62, 19, 75, 0, 0, 0.06%, 9, 0, 10, 257.99
1735501606, 62, 20, 75, 0, 0, 0.06%, 9, 0, 10, 262.73
1735501611, 62, 23, 75, 0, 0, 0.06%, 9, 0, 10, 252.33
1735501616, 62, 46, 75, 0, 0, 0.06%, 9, 0, 10, 282.85
1735501621, 62, 61, 75, 0, 0, 0.06%, 9, 0, 10, 284.57
1735501627, 62, 62, 75, 0, 0, 0.06%, 9, 0, 10, 318.85
1735501632, 63, 11, 75, 0, 0, 0.06%, 9, 0, 10, 276.49
1735501637, 63, 13, 75, 0, 0, 0.06%, 9, 0, 10, 270.61
1735501642, 63, 16, 75, 0, 0, 0.06%, 9, 0, 10, 269.93
1735501647, 63, 19, 75, 0, 0, 0.06%, 9, 0, 10, 268.72
1735501652, 63, 20, 75, 0, 0, 0.06%, 9, 0, 10, 266.30
1735501657, 63, 23, 75, 0, 0, 0.06%, 9, 0, 10, 280.97
1735501662, 63, 57, 75, 0, 0, 0.06%, 9, 0, 10, 279.59
1735501667, 64, 12, 75, 0, 0, 0.06%, 9, 0, 10, 264.53
1735501672, 64, 14, 75, 0, 0, 0.06%, 9, 0, 10, 252.91
1735501677, 64, 19, 75, 0, 0, 0.06%, 9, 0, 10, 266.32
1735501682, 64, 20, 75, 0, 0, 0.06%, 9, 0, 10, 259.21
1735501687, 64, 21, 75, 0, 0, 0.06%, 9, 0, 10, 260.52
1735501692, 64, 23, 75, 0, 0, 0.06%, 9, 0, 10, 276.83
1735501697, 64, 24, 75, 0, 0, 0.06%, 9, 0, 10, 278.69
1735501707, 64, 37, 75, 0, 0, 0.06%, 9, 0, 10, 269.89
1735501712, 64, 67, 75, 0, 0, 0.06%, 9, 0, 10, 279.20
1735501717, 65, 11, 75, 0, 0, 0.06%, 9, 0, 10, 264.16
1735501722, 65, 13, 75, 0, 0, 0.06%, 9, 0, 10, 261.06
1735501728, 65, 16, 75, 0, 0, 0.06%, 9, 0, 10, 265.88
1735501733, 65, 19, 75, 0, 0, 0.06%, 9, 0, 10, 256.66
1735501738, 65, 20, 75, 0, 0, 0.06%, 9, 0, 10, 273.86
1735501743, 65, 23, 75, 0, 0, 0.06%, 9, 0, 10, 278.05
1735501748, 65, 47, 75, 0, 0, 0.06%, 9, 0, 10, 280.91
1735501753, 65, 50, 75, 0, 0, 0.06%, 9, 0, 10, 278.61
1735501758, 66, 12, 75, 0, 0, 0.06%, 9, 0, 10, 260.29
1735501763, 66, 14, 75, 0, 0, 0.06%, 9, 0, 10, 270.25
1735501768, 66, 16, 75, 0, 0, 0.06%, 9, 0, 10, 273.45
1735501773, 66, 20, 75, 0, 0, 0.06%, 9, 0, 10, 256.06
1735501778, 66, 23, 75, 0, 0, 0.06%, 9, 0, 10, 275.90
1735501784, 66, 31, 75, 0, 0, 0.06%, 9, 0, 10, 273.88
1735501789, 66, 34, 75, 0, 0, 0.06%, 9, 0, 10, 280.60
1735501794, 66, 62, 75, 0, 0, 0.06%, 9, 0, 10, 295.30
1735501799, 67, 11, 75, 0, 0, 0.06%, 9, 0, 10, 275.15
1735501804, 67, 13, 75, 0, 0, 0.06%, 9, 0, 10, 274.55
1735501809, 67, 16, 75, 0, 0, 0.06%, 9, 0, 10, 263.41
1735501814, 67, 20, 75, 0, 0, 0.06%, 9, 0, 10, 249.24
1735501819, 67, 22, 75, 0, 0, 0.06%, 9, 0, 10, 265.01
1735501824, 67, 23, 75, 0, 0, 0.06%, 9, 0, 10, 263.50
1735501829, 67, 32, 75, 0, 0, 0.06%, 9, 0, 10, 279.16
1735501834, 67, 35, 75, 0, 0, 0.06%, 9, 0, 10, 267.70
1735501845, 67, 62, 75, 0, 0, 0.06%, 9, 0, 10, 268.89
1735501850, 68, 12, 75, 0, 0, 0.06%, 9, 0, 10, 261.09
1735501855, 68, 14, 75, 0, 0, 0.06%, 9, 0, 10, 266.97
1735501860, 68, 19, 75, 0, 0, 0.06%, 9, 0, 10, 272.30
1735501865, 68, 20, 75, 0, 0, 0.06%, 9, 0, 10, 263.06
1735501875, 68, 23, 75, 0, 0, 0.06%, 9, 0, 10, 283.39
1735501880, 68, 64, 75, 0, 0, 0.06%, 9, 0, 10, 322.19
1735501885, 69, 11, 75, 0, 0, 0.06%, 9, 0, 10, 274.74
1735501890, 69, 13, 75, 0, 0, 0.06%, 9, 0, 10, 277.00
1735501895, 69, 14, 75, 0, 0, 0.06%, 9, 0, 10, 270.41
1735501900, 69, 19, 75, 0, 0, 0.06%, 9, 0, 10, 257.86
1735501905, 69, 20, 75, 0, 0, 0.06%, 9, 0, 10, 245.37
1735501910, 69, 23, 75, 0, 0, 0.06%, 9, 0, 10, 263.87
1735501915, 69, 32, 75, 0, 0, 0.06%, 9, 0, 10, 278.76
1735501921, 69, 39, 75, 0, 0, 0.06%, 9, 0, 10, 284.81
1735501926, 69, 52, 75, 0, 0, 0.06%, 9, 0, 10, 271.00
1735501931, 70, 11, 75, 0, 0, 0.06%, 9, 0, 10, 275.41
1735501936, 70, 13, 75, 0, 0, 0.06%, 9, 0, 10, 264.16
1735501941, 70, 16, 75, 0, 0, 0.06%, 9, 0, 10, 263.94
1735501946, 70, 19, 75, 0, 0, 0.06%, 9, 0, 10, 268.05
1735501951, 70, 20, 75, 0, 0, 0.06%, 9, 0, 10, 275.63
1735501956, 70, 23, 75, 0, 0, 0.06%, 9, 0, 10, 272.14
1735501961, 70, 43, 75, 0, 0, 0.06%, 9, 0, 10, 277.03
1735501966, 70, 54, 75, 0, 0, 0.06%, 9, 0, 10, 274.24
1735501972, 70, 67, 75, 0, 0, 0.06%, 9, 0, 10, 299.49
1735501982, 71, 12, 75, 0, 0, 0.06%, 9, 0, 10, 266.33
1735501987, 71, 14, 75, 0, 0, 0.06%, 9, 0, 10, 270.53
1735501992, 71, 19, 75, 0, 0, 0.06%, 9, 0, 10, 271.84
1735501997, 71, 20, 75, 0, 0, 0.06%, 9, 0, 10, 269.14
1735502002, 71, 23, 75, 0, 0, 0.06%, 9, 0, 10, 263.72
1735502007, 71, 62, 75, 0, 0, 0.06%, 9, 0, 10, 288.89
1735502012, 71, 66, 75, 0, 0, 0.06%, 9, 0, 10, 278.18
1735502022, 72, 11, 75, 0, 0, 0.06%, 9, 0, 10, 273.89
1735502027, 72, 13, 75, 0, 0, 0.06%, 9, 0, 10, 275.85
1735502033, 72, 16, 75, 0, 0, 0.06%, 9, 0, 10, 273.77
1735502038, 72, 19, 75, 0, 0, 0.06%, 9, 0, 10, 270.63
1735502043, 72, 20, 75, 0, 0, 0.06%, 9, 0, 10, 268.67
1735502048, 72, 23, 75, 0, 0, 0.06%, 9, 0, 10, 272.68
1735502053, 72, 66, 75, 0, 0, 0.06%, 9, 0, 10, 274.74
1735502058, 73, 5, 75, 0, 0, 0.06%, 9, 0, 10, 267.01
1735502063, 73, 12, 75, 0, 0, 0.06%, 9, 0, 10, 260.97
1735502068, 73, 14, 76, 1, 0, 0.06%, 9, 0, 10, 267.33
1735502073, 73, 19, 76, 1, 0, 0.06%, 9, 0, 10, 263.90
1735502078, 73, 20, 76, 1, 0, 0.06%, 9, 0, 10, 250.14
1735502083, 73, 23, 76, 1, 0, 0.06%, 9, 0, 10, 258.55
1735502089, 73, 24, 76, 1, 0, 0.06%, 9, 0, 10, 272.05
1735502094, 73, 46, 76, 1, 0, 0.06%, 9, 0, 10, 278.14
1735502104, 73, 57, 76, 1, 0, 0.06%, 9, 0, 10, 306.71
1735502109, 73, 69, 76, 1, 0, 0.06%, 9, 0, 10, 284.39
1735502114, 73, 75, 77, 2, 0, 0.06%, 9, 0, 10, 385.44
1735502221, 73, 76, 77, 1, 0, 0.06%, 9, 0, 10, 284.35
1735502332, 74, 9, 77, 0, 0, 0.06%, 9, 0, 10, 246.46
1735502338, 74, 13, 77, 0, 0, 0.06%, 9, 0, 10, 269.06
1735502343, 74, 14, 77, 0, 0, 0.06%, 9, 0, 10, 263.55
1735502348, 74, 19, 77, 0, 0, 0.06%, 9, 0, 10, 262.44
1735502353, 74, 20, 77, 0, 0, 0.06%, 9, 0, 10, 259.36
1735502358, 74, 23, 77, 0, 0, 0.06%, 9, 0, 10, 264.47
1735502363, 74, 26, 77, 0, 0, 0.06%, 9, 0, 10, 274.53
1735502368, 74, 42, 77, 0, 0, 0.06%, 9, 0, 10, 291.31
1735502378, 74, 56, 77, 0, 0, 0.06%, 9, 0, 10, 280.87
1735502388, 75, 13, 77, 0, 0, 0.06%, 9, 0, 10, 280.42
1735502394, 75, 14, 77, 0, 0, 0.06%, 9, 0, 10, 261.80
1735502399, 75, 19, 77, 0, 0, 0.06%, 9, 0, 10, 250.35
1735502404, 75, 20, 77, 0, 0, 0.06%, 9, 0, 10, 261.10
1735502409, 75, 21, 77, 0, 0, 0.06%, 9, 0, 10, 268.43
1735502414, 75, 23, 77, 0, 0, 0.06%, 9, 0, 10, 253.57
1735502419, 75, 31, 77, 0, 0, 0.06%, 9, 0, 10, 266.20
1735502424, 75, 36, 77, 0, 0, 0.06%, 9, 0, 10, 270.78
1735502429, 75, 39, 77, 0, 0, 0.06%, 9, 0, 10, 286.00
1735502434, 75, 62, 77, 0, 0, 0.06%, 9, 0, 10, 291.35
1735502439, 76, 11, 77, 0, 0, 0.06%, 9, 0, 10, 263.49
1735502444, 76, 13, 77, 0, 0, 0.06%, 9, 0, 10, 260.48
1735502449, 76, 16, 77, 0, 0, 0.06%, 9, 0, 10, 259.64
1735502454, 76, 19, 77, 0, 0, 0.06%, 9, 0, 10, 267.58
1735502459, 76, 20, 77, 0, 0, 0.06%, 9, 0, 10, 261.80
1735502464, 76, 23, 77, 0, 0, 0.06%, 9, 0, 10, 260.99
1735502470, 76, 28, 77, 0, 0, 0.06%, 9, 0, 10, 270.96
1735502475, 76, 38, 77, 0, 0, 0.06%, 9, 0, 10, 268.71
1735502480, 76, 62, 77, 0, 0, 0.06%, 9, 0, 10, 285.07
1735502485, 77, 11, 77, 0, 0, 0.06%, 9, 0, 10, 271.27
1735502490, 77, 13, 77, 0, 0, 0.06%, 9, 0, 10, 266.14
1735502495, 77, 16, 77, 0, 0, 0.06%, 9, 0, 10, 256.70
1735502501, 77, 19, 77, 0, 0, 0.06%, 9, 0, 10, 270.13
1735502506, 77, 20, 77, 0, 0, 0.06%, 9, 0, 10, 277.52
1735502511, 77, 23, 77, 0, 0, 0.06%, 9, 0, 10, 283.31
1735502516, 77, 33, 77, 0, 0, 0.06%, 9, 0, 10, 268.74
1735502521, 77, 35, 77, 0, 0, 0.06%, 9, 0, 10, 270.55
1735502526, 77, 70, 77, 0, 0, 0.06%, 9, 0, 10, 274.75
1735502531, 77, 74, 77, 0, 0, 0.06%, 9, 0, 10, 311.55
1735502546, 78, 12, 77, 0, 0, 0.06%, 9, 0, 10, 267.29
1735502551, 78, 14, 77, 0, 0, 0.06%, 9, 0, 10, 269.64
1735502556, 78, 19, 77, 0, 0, 0.06%, 9, 0, 10, 257.13
1735502561, 78, 20, 77, 0, 0, 0.06%, 9, 0, 10, 257.30
1735502566, 78, 21, 77, 0, 0, 0.06%, 9, 0, 10, 272.42
1735502571, 78, 23, 77, 0, 0, 0.06%, 9, 0, 10, 266.18
1735502577, 78, 45, 77, 0, 0, 0.06%, 9, 0, 10, 293.57
1735502587, 78, 52, 77, 0, 0, 0.06%, 9, 0, 10, 272.58
1735502592, 78, 55, 77, 0, 0, 0.06%, 9, 0, 10, 281.38
1735502597, 78, 58, 77, 0, 0, 0.06%, 9, 0, 10, 286.51
1735502602, 78, 62, 77, 0, 0, 0.06%, 9, 0, 10, 283.08
1735502607, 79, 12, 77, 0, 0, 0.06%, 9, 0, 10, 260.96
1735502612, 79, 14, 77, 0, 0, 0.06%, 9, 0, 10, 267.32
1735502617, 79, 19, 77, 0, 0, 0.06%, 9, 0, 10, 262.41
1735502622, 79, 20, 77, 0, 0, 0.06%, 9, 0, 10, 257.61
1735502628, 79, 23, 77, 0, 0, 0.06%, 9, 0, 10, 263.15
1735502633, 79, 57, 77, 0, 0, 0.06%, 9, 0, 10, 294.69
1735502638, 80, 11, 77, 0, 0, 0.06%, 9, 0, 10, 285.61
1735502643, 80, 13, 77, 0, 0, 0.06%, 9, 0, 10, 268.20
1735502648, 80, 16, 77, 0, 0, 0.06%, 9, 0, 10, 272.63
1735502653, 80, 19, 77, 0, 0, 0.06%, 9, 0, 10, 259.74
1735502658, 80, 20, 77, 0, 0, 0.06%, 9, 0, 10, 273.96
1735502664, 80, 23, 77, 0, 0, 0.06%, 9, 0, 10, 263.37
1735502669, 80, 34, 77, 0, 0, 0.06%, 9, 0, 10, 268.28
1735502674, 80, 50, 77, 0, 0, 0.06%, 9, 0, 10, 275.74
1735502679, 80, 54, 77, 0, 0, 0.06%, 9, 0, 10, 278.33
1735502684, 80, 63, 77, 0, 0, 0.06%, 9, 0, 10, 297.11
1735502689, 80, 67, 77, 0, 0, 0.06%, 9, 0, 10, 290.87
1735502694, 81, 11, 77, 0, 0, 0.06%, 9, 0, 10, 260.15
1735502699, 81, 13, 77, 0, 0, 0.06%, 9, 0, 10, 266.18
1735502704, 81, 16, 77, 0, 0, 0.06%, 9, 0, 10, 272.89
1735502709, 81, 19, 77, 0, 0, 0.06%, 9, 0, 10, 268.45
1735502715, 81, 20, 77, 0, 0, 0.06%, 9, 0, 10, 252.02
1735502720, 81, 23, 77, 0, 0, 0.06%, 9, 0, 10, 257.62
1735502725, 81, 27, 77, 0, 0, 0.06%, 9, 0, 10, 272.47
1735502730, 81, 58, 77, 0, 0, 0.06%, 9, 0, 10, 290.38
1735502735, 81, 61, 77, 0, 0, 0.06%, 9, 0, 10, 284.62
1735502740, 81, 71, 77, 0, 0, 0.06%, 9, 0, 10, 322.35
1735502766, 81, 72, 77, 0, 0, 0.06%, 9, 0, 10, 292.46
1735502796, 82, 12, 77, 0, 0, 0.06%, 9, 0, 10, 272.29
1735502801, 82, 14, 77, 0, 0, 0.06%, 9, 0, 10, 265.57
1735502806, 82, 19, 77, 0, 0, 0.06%, 9, 0, 10, 265.23
1735502811, 82, 20, 77, 0, 0, 0.06%, 9, 0, 10, 260.49
1735502816, 82, 23, 77, 0, 0, 0.06%, 9, 0, 10, 264.54
1735502826, 82, 63, 77, 0, 0, 0.06%, 9, 0, 10, 276.11
1735502831, 82, 75, 77, 0, 0, 0.06%, 9, 0, 10, 322.63
1735502846, 83, 1, 77, 0, 0, 0.06%, 9, 0, 10, 269.36
1735502851, 83, 12, 77, 0, 0, 0.06%, 9, 0, 10, 270.27
1735502856, 83, 14, 77, 0, 0, 0.06%, 9, 0, 10, 263.59
1735502861, 83, 19, 77, 0, 0, 0.06%, 9, 0, 10, 264.47
1735502867, 83, 20, 77, 0, 0, 0.06%, 9, 0, 10, 262.15
1735502872, 83, 23, 77, 0, 0, 0.06%, 9, 0, 10, 262.47
1735502877, 83, 41, 77, 0, 0, 0.06%, 9, 0, 10, 281.10
1735502887, 83, 48, 77, 0, 0, 0.06%, 9, 0, 10, 275.59
1735502892, 83, 50, 77, 0, 0, 0.06%, 9, 0, 10, 275.39
1735502897, 84, 12, 77, 0, 0, 0.06%, 9, 0, 10, 272.16
1735502902, 84, 14, 77, 0, 0, 0.06%, 9, 0, 10, 262.16
1735502907, 84, 19, 77, 0, 0, 0.06%, 9, 0, 10, 266.88
1735502912, 84, 20, 77, 0, 0, 0.06%, 9, 0, 10, 253.02
1735502917, 84, 23, 77, 0, 0, 0.06%, 9, 0, 10, 277.00
1735502922, 84, 36, 77, 0, 0, 0.06%, 9, 0, 10, 275.77
1735502932, 84, 38, 77, 0, 0, 0.06%, 9, 0, 10, 285.37
1735502937, 84, 39, 77, 0, 0, 0.06%, 9, 0, 10, 281.11
1735502942, 84, 47, 77, 0, 0, 0.06%, 9, 0, 10, 280.91
1735502948, 84, 53, 77, 0, 0, 0.06%, 9, 0, 10, 284.92
1735502953, 85, 12, 77, 0, 0, 0.06%, 9, 0, 10, 269.24
1735502958, 85, 14, 77, 0, 0, 0.06%, 9, 0, 10, 265.21
1735502963, 85, 16, 77, 0, 0, 0.06%, 9, 0, 10, 267.71
1735502968, 85, 19, 77, 0, 0, 0.06%, 9, 0, 10, 268.59
1735502973, 85, 20, 77, 0, 0, 0.06%, 9, 0, 10, 251.05
1735502978, 85, 23, 77, 0, 0, 0.06%, 9, 0, 10, 260.17
1735502983, 85, 28, 77, 0, 0, 0.06%, 9, 0, 10, 257.57
1735502988, 85, 42, 77, 0, 0, 0.06%, 9, 0, 10, 279.64
1735502993, 85, 48, 77, 0, 0, 0.06%, 9, 0, 10, 280.56
1735502998, 85, 60, 77, 0, 0, 0.06%, 9, 0, 10, 284.31
1735503003, 85, 76, 77, 0, 0, 0.06%, 9, 0, 10, 277.31
1735503024, 86, 11, 77, 0, 0, 0.06%, 9, 0, 10, 268.49
1735503029, 86, 13, 77, 0, 0, 0.06%, 9, 0, 10, 261.99
1735503034, 86, 16, 77, 0, 0, 0.06%, 9, 0, 10, 277.84
1735503039, 86, 19, 77, 0, 0, 0.06%, 9, 0, 10, 276.82
1735503044, 86, 20, 77, 0, 0, 0.06%, 9, 0, 10, 274.95
1735503049, 86, 23, 77, 0, 0, 0.06%, 9, 0, 10, 265.48
1735503054, 86, 30, 77, 0, 0, 0.06%, 9, 0, 10, 274.97
1735503059, 86, 34, 77, 0, 0, 0.06%, 9, 0, 10, 283.38
1735503064, 86, 49, 77, 0, 0, 0.06%, 9, 0, 10, 287.45
1735503070, 86, 73, 77, 0, 0, 0.06%, 9, 0, 10, 322.28
1735503085, 87, 11, 77, 0, 0, 0.06%, 9, 0, 10, 295.43
1735503090, 87, 13, 77, 0, 0, 0.06%, 9, 0, 10, 267.30
1735503095, 87, 16, 77, 0, 0, 0.06%, 9, 0, 10, 271.05
1735503100, 87, 19, 77, 0, 0, 0.06%, 9, 0, 10, 271.12
1735503105, 87, 20, 77, 0, 0, 0.06%, 9, 0, 10, 271.73
1735503110, 87, 23, 77, 0, 0, 0.06%, 9, 0, 10, 271.65
1735503115, 87, 48, 77, 0, 0, 0.06%, 9, 0, 10, 271.14
1735503120, 88, 12, 77, 0, 0, 0.06%, 9, 0, 10, 274.75
1735503125, 88, 13, 77, 0, 0, 0.06%, 9, 0, 10, 266.72
1735503130, 88, 16, 77, 0, 0, 0.06%, 9, 0, 10, 264.95
1735503135, 88, 20, 77, 0, 0, 0.06%, 9, 0, 10, 260.41
1735503145, 88, 23, 77, 0, 0, 0.06%, 9, 0, 10, 280.01
1735503151, 88, 44, 77, 0, 0, 0.06%, 9, 0, 10, 281.19
1735503156, 88, 61, 77, 0, 0, 0.06%, 9, 0, 10, 282.83
1735503161, 89, 11, 77, 0, 0, 0.06%, 9, 0, 10, 276.35
1735503166, 89, 12, 77, 0, 0, 0.06%, 9, 0, 10, 274.08
1735503171, 89, 14, 77, 0, 0, 0.06%, 9, 0, 10, 270.21
1735503176, 89, 19, 77, 0, 0, 0.06%, 9, 0, 10, 255.88
1735503181, 89, 20, 77, 0, 0, 0.06%, 9, 0, 10, 256.15
1735503186, 89, 23, 77, 0, 0, 0.06%, 9, 0, 10, 265.16
1735503192, 89, 54, 77, 0, 0, 0.06%, 9, 0, 10, 294.50
1735503197, 89, 66, 77, 0, 0, 0.06%, 9, 0, 10, 289.03
1735503207, 89, 72, 77, 0, 0, 0.06%, 9, 0, 10, 320.96
1735503232, 89, 73, 77, 0, 0, 0.06%, 9, 0, 10, 321.49
1735503252, 90, 11, 77, 0, 0, 0.06%, 9, 0, 10, 278.35
1735503258, 90, 13, 77, 0, 0, 0.06%, 9, 0, 10, 276.44
1735503263, 90, 16, 77, 0, 0, 0.06%, 9, 0, 10, 269.81
1735503268, 90, 19, 77, 0, 0, 0.06%, 9, 0, 10, 261.89
1735503273, 90, 20, 77, 0, 0, 0.06%, 9, 0, 10, 256.47
1735503278, 90, 23, 77, 0, 0, 0.06%, 9, 0, 10, 266.72
1735503283, 90, 37, 77, 0, 0, 0.06%, 9, 0, 10, 259.00
1735503288, 90, 66, 77, 0, 0, 0.06%, 9, 0, 10, 287.21
1735503293, 90, 70, 77, 0, 0, 0.06%, 9, 0, 10, 266.47
1735503298, 91, 11, 77, 0, 0, 0.06%, 9, 0, 10, 267.30
1735503303, 91, 12, 77, 0, 0, 0.06%, 9, 0, 10, 269.10
1735503308, 91, 14, 77, 0, 0, 0.06%, 9, 0, 10, 278.52
1735503313, 91, 16, 77, 0, 0, 0.06%, 9, 0, 10, 263.62
1735503318, 91, 20, 77, 0, 0, 0.06%, 9, 0, 10, 251.03
1735503323, 91, 23, 77, 0, 0, 0.06%, 9, 0, 10, 269.32
1735503334, 91, 26, 77, 0, 0, 0.06%, 9, 0, 10, 280.13
1735503339, 91, 61, 77, 0, 0, 0.06%, 9, 0, 10, 292.15
1735503344, 91, 74, 77, 0, 0, 0.06%, 9, 0, 10, 317.42
1735503359, 92, 12, 77, 0, 0, 0.06%, 9, 0, 10, 271.56
1735503364, 92, 14, 77, 0, 0, 0.06%, 9, 0, 10, 266.48
1735503369, 92, 19, 77, 0, 0, 0.06%, 9, 0, 10, 253.90
1735503374, 92, 20, 77, 0, 0, 0.06%, 9, 0, 10, 260.39
1735503380, 92, 23, 77, 0, 0, 0.06%, 9, 0, 10, 258.73
1735503385, 92, 52, 77, 0, 0, 0.06%, 9, 0, 10, 273.69
1735503390, 93, 11, 77, 0, 0, 0.06%, 9, 0, 10, 273.04
1735503395, 93, 13, 77, 0, 0, 0.06%, 9, 0, 10, 263.09
1735503400, 93, 16, 77, 0, 0, 0.06%, 9, 0, 10, 271.39
1735503405, 93, 19, 77, 0, 0, 0.06%, 9, 0, 10, 253.95
1735503410, 93, 20, 77, 0, 0, 0.06%, 9, 0, 10, 253.61
1735503415, 93, 23, 77, 0, 0, 0.06%, 9, 0, 10, 255.23
1735503420, 93, 53, 77, 0, 0, 0.06%, 9, 0, 10, 274.62
1735503425, 94, 11, 77, 0, 0, 0.06%, 9, 0, 10, 274.63
1735503430, 94, 13, 77, 0, 0, 0.06%, 9, 0, 10, 272.47
1735503435, 94, 15, 77, 0, 0, 0.06%, 9, 0, 10, 271.30
1735503440, 94, 19, 77, 0, 0, 0.06%, 9, 0, 10, 272.58
1735503445, 94, 20, 77, 0, 0, 0.06%, 9, 0, 10, 260.17
1735503450, 94, 23, 77, 0, 0, 0.06%, 9, 0, 10, 255.75
1735503460, 94, 39, 77, 0, 0, 0.06%, 9, 0, 10, 271.55
1735503465, 94, 55, 77, 0, 0, 0.06%, 9, 0, 10, 269.45
1735503470, 94, 62, 77, 0, 0, 0.06%, 9, 0, 10, 284.30
1735503476, 95, 12, 77, 0, 0, 0.06%, 9, 0, 10, 266.68
1735503481, 95, 14, 77, 0, 0, 0.06%, 9, 0, 10, 258.24
1735503486, 95, 16, 77, 0, 0, 0.06%, 9, 0, 10, 273.83
1735503491, 95, 19, 77, 0, 0, 0.06%, 9, 0, 10, 269.08
1735503496, 95, 20, 77, 0, 0, 0.06%, 9, 0, 10, 262.29
1735503501, 95, 23, 77, 0, 0, 0.06%, 9, 0, 10, 257.41
1735503506, 95, 38, 77, 0, 0, 0.06%, 9, 0, 10, 274.22
1735503511, 95, 39, 77, 0, 0, 0.06%, 9, 0, 10, 273.06
1735503516, 95, 47, 77, 0, 0, 0.06%, 9, 0, 10, 294.01
1735503521, 95, 50, 77, 0, 0, 0.06%, 9, 0, 10, 279.50
1735503526, 95, 59, 77, 0, 0, 0.06%, 9, 0, 10, 278.01
1735503532, 95, 66, 77, 0, 0, 0.06%, 9, 0, 10, 291.58
1735503537, 95, 73, 77, 0, 0, 0.06%, 9, 0, 10, 296.41
1735503557, 96, 3, 77, 0, 0, 0.06%, 9, 0, 10, 265.54
1735503562, 96, 12, 77, 0, 0, 0.06%, 9, 0, 10, 265.03
1735503567, 96, 14, 77, 0, 0, 0.06%, 9, 0, 10, 273.03
1735503572, 96, 16, 77, 0, 0, 0.06%, 9, 0, 10, 264.37
1735503577, 96, 20, 77, 0, 0, 0.06%, 9, 0, 10, 263.71
1735503582, 96, 23, 77, 0, 0, 0.06%, 9, 0, 10, 276.24
1735503587, 96, 26, 77, 0, 0, 0.06%, 9, 0, 10, 275.68
1735503593, 96, 29, 77, 0, 0, 0.06%, 9, 0, 10, 283.77
1735503603, 96, 46, 77, 0, 0, 0.06%, 9, 0, 10, 273.06
1735503608, 96, 48, 77, 0, 0, 0.06%, 9, 0, 10, 281.46
1735503613, 96, 49, 77, 0, 0, 0.06%, 9, 0, 10, 291.19
1735503618, 96, 53, 77, 0, 0, 0.06%, 9, 0, 10, 294.00
1735503623, 96, 74, 77, 0, 0, 0.06%, 9, 0, 10, 309.81
1735503638, 97, 11, 77, 0, 0, 0.06%, 9, 0, 10, 257.66
1735503643, 97, 13, 77, 0, 0, 0.06%, 9, 0, 10, 264.19
1735503648, 97, 16, 77, 0, 0, 0.06%, 9, 0, 10, 264.02
1735503653, 97, 19, 77, 0, 0, 0.06%, 9, 0, 10, 260.29
1735503658, 97, 20, 77, 0, 0, 0.06%, 9, 0, 10, 258.13
1735503663, 97, 23, 77, 0, 0, 0.06%, 9, 0, 10, 261.26
1735503668, 97, 33, 77, 0, 0, 0.06%, 9, 0, 10, 273.09
1735503673, 97, 40, 77, 0, 0, 0.06%, 9, 0, 10, 288.25
1735503679, 98, 12, 77, 0, 0, 0.06%, 9, 0, 10, 274.16
1735503684, 98, 13, 77, 0, 0, 0.06%, 9, 0, 10, 270.88
1735503689, 98, 16, 77, 0, 0, 0.06%, 9, 0, 10, 279.39
1735503694, 98, 20, 77, 0, 0, 0.06%, 9, 0, 10, 258.67
1735503699, 98, 23, 77, 0, 0, 0.06%, 9, 0, 10, 265.59
1735503709, 98, 41, 77, 0, 0, 0.06%, 9, 0, 10, 288.61
1735503719, 98, 50, 77, 0, 0, 0.06%, 9, 0, 10, 279.62
1735503724, 98, 56, 77, 0, 0, 0.06%, 9, 0, 10, 289.87
1735503729, 99, 5, 77, 0, 0, 0.06%, 9, 0, 10, 268.91
1735503734, 99, 12, 77, 0, 0, 0.06%, 9, 0, 10, 269.13
1735503739, 99, 14, 77, 0, 0, 0.06%, 9, 0, 10, 269.52
1735503745, 99, 19, 77, 0, 0, 0.06%, 9, 0, 10, 260.44
1735503750, 99, 20, 77, 0, 0, 0.06%, 9, 0, 10, 266.36
1735503755, 99, 23, 77, 0, 0, 0.06%, 9, 0, 10, 257.54
1735503760, 99, 66, 77, 0, 0, 0.06%, 9, 0, 10, 281.27
1735503770, 100, 11, 77, 0, 0, 0.06%, 9, 0, 10, 274.10
1735503775, 100, 13, 77, 0, 0, 0.06%, 9, 0, 10, 271.88
1735503780, 100, 16, 77, 0, 0, 0.06%, 9, 0, 10, 262.02
1735503785, 100, 19, 77, 0, 0, 0.06%, 9, 0, 10, 273.74
1735503790, 100, 20, 77, 0, 0, 0.06%, 9, 0, 10, 266.92
1735503795, 100, 23, 77, 0, 0, 0.06%, 9, 0, 10, 263.50
1735503801, 100, 42, 77, 0, 0, 0.06%, 9, 0, 10, 281.89
1735503806, 100, 67, 77, 0, 0, 0.06%, 9, 0, 10, 289.00
1735503816, 100, 68, 77, 0, 0, 0.06%, 9, 0, 10, 274.30
1735503821, 101, 11, 77, 0, 0, 0.06%, 9, 0, 10, 267.45
1735503826, 101, 13, 77, 0, 0, 0.06%, 9, 0, 10, 268.54
1735503831, 101, 16, 77, 0, 0, 0.06%, 9, 0, 10, 260.57
1735503836, 101, 19, 77, 0, 0, 0.06%, 9, 0, 10, 252.74
1735503841, 101, 20, 77, 0, 0, 0.06%, 9, 0, 10, 258.41
1735503846, 101, 23, 77, 0, 0, 0.06%, 9, 0, 10, 279.63
1735503851, 101, 32, 77, 0, 0, 0.06%, 9, 0, 10, 277.98
1735503856, 101, 67, 77, 0, 0, 0.06%, 9, 0, 10, 278.47
1735503861, 102, 11, 77, 0, 0, 0.06%, 9, 0, 10, 277.46
1735503866, 102, 13, 77, 0, 0, 0.06%, 9, 0, 10, 273.24
1735503872, 102, 16, 77, 0, 0, 0.06%, 9, 0, 10, 270.18
1735503877, 102, 19, 77, 0, 0, 0.06%, 9, 0, 10, 261.36
1735503882, 102, 20, 77, 0, 0, 0.06%, 9, 0, 10, 270.22
1735503887, 102, 23, 77, 0, 0, 0.06%, 9, 0, 10, 270.70
1735503892, 102, 76, 77, 0, 0, 0.06%, 9, 0, 10, 309.00
1735503912, 103, 11, 77, 0, 0, 0.06%, 9, 0, 10, 269.73
1735503917, 103, 13, 77, 0, 0, 0.06%, 9, 0, 10, 261.06
1735503922, 103, 16, 77, 0, 0, 0.06%, 9, 0, 10, 272.43
1735503927, 103, 19, 77, 0, 0, 0.06%, 9, 0, 10, 255.78
1735503932, 103, 20, 77, 0, 0, 0.06%, 9, 0, 10, 261.62
1735503937, 103, 23, 77, 0, 0, 0.06%, 9, 0, 10, 285.72
1735503943, 103, 53, 77, 0, 0, 0.06%, 9, 0, 10, 285.18
1735503948, 103, 70, 77, 0, 0, 0.06%, 9, 0, 10, 280.60
1735503953, 104, 12, 77, 0, 0, 0.06%, 9, 0, 10, 275.67
1735503958, 104, 14, 77, 0, 0, 0.06%, 9, 0, 10, 270.13
1735503963, 104, 19, 77, 0, 0, 0.06%, 9, 0, 10, 255.38
1735503968, 104, 20, 77, 0, 0, 0.06%, 9, 0, 10, 253.80
1735503973, 104, 23, 77, 0, 0, 0.06%, 9, 0, 10, 275.98
1735503978, 104, 39, 77, 0, 0, 0.06%, 9, 0, 10, 281.25
1735503983, 104, 58, 77, 0, 0, 0.06%, 9, 0, 10, 284.37
1735503988, 104, 75, 77, 0, 0, 0.06%, 9, 0, 10, 285.69
1735504008, 105, 4, 77, 0, 0, 0.06%, 9, 0, 10, 259.30
1735504013, 105, 12, 77, 0, 0, 0.06%, 9, 0, 10, 272.42
1735504018, 105, 14, 77, 0, 0, 0.06%, 9, 0, 10, 274.22
1735504024, 105, 19, 77, 0, 0, 0.06%, 9, 0, 10, 261.02
1735504029, 105, 20, 77, 0, 0, 0.06%, 9, 0, 10, 258.98
1735504034, 105, 23, 77, 0, 0, 0.06%, 9, 0, 10, 272.71
1735504039, 105, 29, 77, 0, 0, 0.06%, 9, 0, 10, 276.25
1735504044, 105, 36, 77, 0, 0, 0.06%, 9, 0, 10, 274.61
1735504049, 106, 11, 77, 0, 0, 0.06%, 9, 0, 10, 264.62
1735504054, 106, 13, 77, 0, 0, 0.06%, 9, 0, 10, 273.59
1735504059, 106, 16, 77, 0, 0, 0.06%, 9, 0, 10, 273.44
1735504064, 106, 19, 77, 0, 0, 0.06%, 9, 0, 10, 260.07
1735504069, 106, 20, 77, 0, 0, 0.06%, 9, 0, 10, 259.71
1735504074, 106, 23, 77, 0, 0, 0.06%, 9, 0, 10, 274.08
1735504079, 106, 59, 77, 0, 0, 0.06%, 9, 0, 10, 272.69
1735504084, 107, 11, 77, 0, 0, 0.06%, 9, 0, 10, 270.15
1735504089, 107, 13, 77, 0, 0, 0.06%, 9, 0, 10, 259.59
1735504094, 107, 16, 77, 0, 0, 0.06%, 9, 0, 10, 263.04
1735504099, 107, 19, 77, 0, 0, 0.06%, 9, 0, 10, 261.09
1735504104, 107, 20, 77, 0, 0, 0.06%, 9, 0, 10, 264.55
1735504109, 107, 22, 77, 0, 0, 0.06%, 9, 0, 10, 260.88
1735504114, 107, 23, 77, 0, 0, 0.06%, 9, 0, 10, 268.39
1735504119, 107, 25, 77, 0, 0, 0.06%, 9, 0, 10, 281.42
1735504124, 107, 34, 77, 0, 0, 0.06%, 9, 0, 10, 285.24
1735504130, 107, 54, 77, 0, 0, 0.06%, 9, 0, 10, 283.20
1735504135, 107, 72, 77, 0, 0, 0.06%, 9, 0, 10, 323.41
1735504165, 107, 76, 77, 0, 0, 0.06%, 9, 0, 10, 310.77
1735504185, 108, 12, 77, 0, 0, 0.06%, 9, 0, 10, 277.82
1735504190, 108, 14, 77, 0, 0, 0.06%, 9, 0, 10, 275.75
1735504195, 108, 19, 77, 0, 0, 0.06%, 9, 0, 10, 256.24
1735504201, 108, 20, 77, 0, 0, 0.06%, 9, 0, 10, 255.43
1735504206, 108, 23, 77, 0, 0, 0.06%, 9, 0, 10, 260.03
1735504211, 108, 38, 77, 0, 0, 0.06%, 9, 0, 10, 282.90
1735504216, 108, 66, 77, 0, 0, 0.06%, 9, 0, 10, 288.53
1735504226, 109, 12, 77, 0, 0, 0.06%, 9, 0, 10, 269.55
1735504231, 109, 14, 77, 0, 0, 0.06%, 9, 0, 10, 269.46
1735504236, 109, 19, 77, 0, 0, 0.06%, 9, 0, 10, 264.50
1735504241, 109, 20, 77, 0, 0, 0.06%, 9, 0, 10, 269.08
1735504246, 109, 23, 77, 0, 0, 0.06%, 9, 0, 10, 264.61
1735504251, 109, 32, 77, 0, 0, 0.06%, 9, 0, 10, 268.25
1735504257, 109, 46, 77, 0, 0, 0.06%, 9, 0, 10, 287.58
1735504267, 109, 72, 77, 0, 0, 0.06%, 9, 0, 10, 293.03
1735504297, 110, 11, 77, 0, 0, 0.06%, 9, 0, 10, 286.61
