# unix_time, cycles_done, cur_path, paths_total, pending_total, pending_favs, map_size, unique_crashes, unique_hangs, max_depth, execs_per_sec
1735421828, 0, 0, 10, 10, 1, 0.00%, 0, 0, 1, 148.70
1735421833, 0, 4, 10, 10, 1, 0.00%, 0, 0, 1, 192.98
1735421838, 0, 5, 10, 9, 0, 0.00%, 0, 0, 1, 200.11
1735421843, 0, 6, 10, 8, 0, 0.00%, 0, 0, 1, 194.69
1735421853, 0, 7, 10, 7, 0, 0.00%, 0, 0, 1, 197.69
1735421859, 0, 8, 10, 6, 0, 0.00%, 0, 0, 1, 197.16
1735421869, 0, 9, 10, 5, 0, 0.00%, 0, 0, 1, 200.56
1735421874, 1, 0, 10, 4, 0, 0.00%, 0, 0, 1, 199.89
1735421884, 1, 1, 10, 3, 0, 0.00%, 0, 0, 1, 193.85
1735421895, 1, 2, 10, 2, 0, 0.00%, 0, 0, 1, 192.42
1735421905, 1, 3, 10, 1, 0, 0.00%, 0, 0, 1, 193.03
1735421915, 1, 4, 10, 0, 0, 0.00%, 0, 0, 1, 190.54
1735421921, 1, 10, 11, 1, 1, 0.05%, 1, 0, 2, 194.69
1735421926, 1, 10, 12, 2, 1, 0.05%, 2, 0, 3, 211.35
1735421931, 1, 10, 13, 3, 1, 0.05%, 3, 0, 3, 211.04
1735421961, 1, 10, 14, 4, 1, 0.05%, 4, 0, 3, 207.81
1735422047, 1, 10, 15, 5, 1, 0.06%, 5, 0, 3, 209.19
1735422053, 1, 10, 16, 6, 1, 0.06%, 5, 0, 3, 200.86
1735422058, 1, 11, 18, 7, 4, 0.06%, 7, 0, 4, 239.25
1735422068, 1, 11, 19, 8, 4, 0.06%, 7, 0, 4, 209.68
1735422078, 1, 11, 20, 9, 4, 0.06%, 8, 0, 4, 209.54
1735422093, 1, 11, 21, 10, 4, 0.06%, 8, 0, 4, 210.64
1735422113, 1, 11, 22, 11, 4, 0.06%, 8, 0, 4, 205.21
1735422123, 1, 11, 23, 12, 4, 0.06%, 8, 0, 4, 215.80
1735422169, 1, 11, 24, 13, 4, 0.06%, 8, 0, 4, 213.99
1735422220, 1, 11, 25, 14, 4, 0.06%, 9, 0, 4, 201.51
1735422225, 1, 12, 25, 13, 7, 0.06%, 9, 0, 4, 234.57
1735422245, 1, 14, 26, 13, 6, 0.06%, 9, 0, 4, 250.20
1735422255, 1, 14, 27, 14, 6, 0.06%, 9, 0, 4, 211.84
1735422281, 1, 16, 27, 13, 5, 0.06%, 9, 0, 4, 230.56
1735422306, 1, 16, 28, 14, 5, 0.06%, 9, 0, 5, 212.58
1735422352, 1, 16, 30, 16, 5, 0.06%, 9, 0, 5, 233.63
1735422357, 1, 17, 30, 15, 4, 0.06%, 9, 0, 5, 244.51
1735422397, 1, 23, 30, 14, 3, 0.06%, 9, 0, 5, 257.35
1735422402, 1, 23, 31, 15, 3, 0.06%, 9, 0, 5, 252.36
1735422447, 1, 23, 32, 16, 3, 0.06%, 9, 0, 5, 227.53
1735422458, 1, 23, 34, 18, 3, 0.06%, 9, 0, 5, 227.57
1735422468, 1, 23, 36, 20, 3, 0.06%, 9, 0, 5, 230.11
1735422488, 1, 23, 37, 21, 3, 0.06%, 9, 0, 5, 232.32
1735422503, 1, 23, 38, 22, 3, 0.06%, 9, 0, 5, 229.36
1735422519, 1, 23, 40, 24, 3, 0.06%, 9, 0, 5, 229.59
1735422524, 1, 24, 40, 23, 2, 0.06%, 9, 0, 5, 271.44
1735422539, 1, 24, 41, 24, 2, 0.06%, 9, 0, 5, 211.03
1735422569, 1, 25, 41, 23, 1, 0.06%, 9, 0, 5, 235.60
1735422600, 1, 27, 42, 23, 0, 0.06%, 9, 0, 6, 291.36
1735422605, 1, 27, 43, 24, 0, 0.06%, 9, 0, 6, 249.48
1735422646, 1, 33, 43, 23, 0, 0.06%, 9, 0, 6, 355.20
1735422656, 1, 33, 44, 24, 0, 0.06%, 9, 0, 6, 277.58
1735422681, 1, 33, 45, 25, 0, 0.06%, 9, 0, 6, 269.93
1735422753, 1, 38, 45, 24, 0, 0.06%, 9, 0, 6, 250.75
1735422788, 2, 7, 45, 23, 0, 0.06%, 9, 0, 6, 225.02
1735422793, 2, 12, 46, 24, 0, 0.06%, 9, 0, 6, 234.37
1735422798, 2, 15, 46, 24, 0, 0.06%, 9, 0, 6, 279.83
1735422813, 2, 16, 46, 23, 0, 0.06%, 9, 0, 6, 239.54
1735422823, 2, 17, 46, 23, 0, 0.06%, 9, 0, 6, 254.53
1735422828, 2, 23, 46, 23, 0, 0.06%, 9, 0, 6, 248.45
1735422834, 2, 24, 46, 23, 0, 0.06%, 9, 0, 6, 240.62
1735422839, 2, 25, 46, 23, 0, 0.06%, 9, 0, 6, 233.16
1735422844, 2, 34, 46, 23, 0, 0.06%, 9, 0, 6, 305.13
1735422915, 2, 34, 48, 25, 0, 0.06%, 9, 0, 6, 331.49
1735422935, 2, 34, 49, 26, 0, 0.06%, 9, 0, 6, 320.23
1735422940, 2, 34, 50, 27, 0, 0.06%, 9, 0, 6, 326.61
1735422945, 2, 34, 51, 28, 0, 0.06%, 9, 0, 6, 323.10
1735422955, 2, 34, 52, 29, 0, 0.06%, 9, 0, 6, 319.89
1735423006, 2, 34, 53, 30, 0, 0.06%, 9, 0, 6, 321.91
1735423016, 2, 50, 53, 29, 0, 0.06%, 9, 0, 6, 342.19
1735423021, 2, 50, 54, 30, 0, 0.06%, 9, 0, 7, 416.38
1735423138, 2, 50, 55, 31, 0, 0.06%, 9, 0, 7, 351.34
1735423143, 2, 50, 56, 32, 0, 0.06%, 9, 0, 7, 348.82
1735423184, 3, 12, 56, 31, 0, 0.06%, 9, 0, 7, 268.98
1735423189, 3, 14, 56, 31, 0, 0.06%, 9, 0, 7, 263.75
1735423194, 3, 16, 56, 31, 0, 0.06%, 9, 0, 7, 252.75
1735423199, 3, 17, 56, 31, 0, 0.06%, 9, 0, 7, 256.85
1735423204, 3, 18, 56, 31, 0, 0.06%, 9, 0, 7, 276.33
1735423230, 3, 23, 56, 30, 0, 0.06%, 9, 0, 7, 251.30
1735423235, 3, 24, 56, 30, 0, 0.06%, 9, 0, 7, 239.18
1735423240, 3, 25, 56, 30, 0, 0.06%, 9, 0, 7, 252.72
1735423245, 3, 26, 56, 30, 0, 0.06%, 9, 0, 7, 276.20
1735423255, 3, 26, 57, 31, 0, 0.06%, 9, 0, 7, 251.46
1735423291, 3, 40, 57, 30, 0, 0.06%, 9, 0, 7, 300.28
1735423296, 3, 40, 58, 31, 0, 0.06%, 9, 0, 7, 273.69
1735423301, 3, 40, 59, 32, 0, 0.06%, 9, 0, 7, 265.78
1735423311, 3, 40, 60, 33, 0, 0.06%, 9, 0, 7, 265.55
1735423422, 3, 45, 60, 32, 0, 0.06%, 9, 0, 7, 327.63
1735423442, 3, 45, 61, 33, 0, 0.06%, 9, 0, 7, 264.49
1735423473, 3, 47, 61, 32, 0, 0.06%, 9, 0, 7, 386.10
1735423549, 3, 52, 61, 31, 0, 0.06%, 9, 0, 7, 374.24
1735423625, 3, 54, 61, 30, 0, 0.06%, 9, 0, 7, 263.75
1735423741, 3, 54, 62, 31, 0, 0.06%, 9, 0, 8, 332.67
1735423757, 3, 54, 63, 32, 0, 0.06%, 9, 0, 8, 354.47
1735423772, 3, 54, 65, 34, 0, 0.06%, 9, 0, 8, 355.50
1735423782, 3, 54, 66, 35, 0, 0.06%, 9, 0, 8, 356.68
1735423838, 3, 61, 66, 34, 0, 0.06%, 9, 0, 8, 287.97
1735423909, 3, 61, 67, 35, 0, 0.06%, 9, 0, 9, 317.89
1735423944, 3, 61, 68, 36, 0, 0.06%, 9, 0, 9, 277.23
1735423954, 3, 63, 68, 35, 0, 0.06%, 9, 0, 9, 422.53
1735424005, 3, 63, 69, 36, 0, 0.06%, 9, 0, 9, 490.99
1735424174, 3, 63, 70, 37, 0, 0.06%, 9, 0, 9, 240.68
1735424194, 3, 63, 71, 38, 0, 0.06%, 9, 0, 9, 373.88
1735424230, 3, 66, 71, 37, 0, 0.06%, 9, 0, 9, 362.81
1735424315, 3, 66, 73, 39, 0, 0.06%, 9, 0, 10, 370.92
1735424351, 3, 69, 73, 38, 0, 0.06%, 9, 0, 10, 245.98
1735424617, 3, 72, 73, 37, 0, 0.06%, 9, 0, 10, 364.54
1735424738, 4, 12, 73, 36, 0, 0.06%, 9, 0, 10, 270.14
1735424743, 4, 16, 73, 36, 0, 0.06%, 9, 0, 10, 280.79
1735424748, 4, 17, 73, 36, 0, 0.06%, 9, 0, 10, 274.24
1735424758, 4, 23, 73, 36, 0, 0.06%, 9, 0, 10, 263.78
1735424763, 4, 24, 73, 36, 0, 0.06%, 9, 0, 10, 277.59
1735424768, 4, 25, 73, 36, 0, 0.06%, 9, 0, 10, 268.60
1735424774, 4, 28, 73, 36, 0, 0.06%, 9, 0, 10, 318.13
1735424799, 4, 29, 73, 35, 0, 0.06%, 9, 0, 10, 377.58
1735424855, 4, 32, 73, 34, 0, 0.06%, 9, 0, 10, 396.52
1735424906, 4, 33, 73, 33, 0, 0.06%, 9, 0, 10, 282.97
1735424911, 4, 35, 73, 33, 0, 0.06%, 9, 0, 10, 362.71
1735424977, 4, 44, 73, 32, 0, 0.06%, 9, 0, 10, 434.93
1735425007, 4, 57, 73, 31, 0, 0.06%, 9, 0, 10, 382.99
1735425038, 4, 68, 73, 30, 0, 0.06%, 9, 0, 10, 382.75
1735425185, 4, 70, 73, 29, 0, 0.06%, 9, 0, 10, 261.23
1735425404, 5, 12, 73, 28, 0, 0.06%, 9, 0, 10, 254.83
1735425409, 5, 16, 73, 28, 0, 0.06%, 9, 0, 10, 270.04
1735425414, 5, 17, 73, 28, 0, 0.06%, 9, 0, 10, 261.70
1735425424, 5, 20, 73, 28, 0, 0.06%, 9, 0, 10, 289.90
1735425449, 5, 21, 73, 27, 0, 0.06%, 9, 0, 10, 379.16
1735425480, 5, 23, 73, 26, 0, 0.06%, 9, 0, 10, 269.73
1735425485, 5, 24, 73, 26, 0, 0.06%, 9, 0, 10, 250.55
1735425490, 5, 25, 73, 26, 0, 0.06%, 9, 0, 10, 255.16
1735425495, 5, 39, 73, 26, 0, 0.06%, 9, 0, 10, 311.32
1735425525, 5, 41, 73, 25, 0, 0.06%, 9, 0, 10, 308.54
1735425551, 5, 50, 73, 24, 0, 0.06%, 9, 0, 10, 260.97
1735425561, 5, 53, 73, 24, 0, 0.06%, 9, 0, 10, 272.58
1735425714, 5, 55, 73, 23, 0, 0.06%, 9, 0, 10, 407.08
1735425862, 5, 60, 73, 22, 0, 0.06%, 9, 0, 10, 355.64
1735425928, 5, 61, 73, 21, 0, 0.06%, 9, 0, 10, 289.59
1735425943, 6, 3, 73, 21, 0, 0.06%, 9, 0, 10, 276.00
1735425948, 6, 12, 73, 21, 0, 0.06%, 9, 0, 10, 255.56
1735425953, 6, 15, 73, 21, 0, 0.06%, 9, 0, 10, 263.58
1735425958, 6, 16, 73, 21, 0, 0.06%, 9, 0, 10, 261.74
1735425963, 6, 17, 74, 22, 0, 0.06%, 9, 0, 10, 260.78
1735425968, 6, 21, 74, 22, 0, 0.06%, 9, 0, 10, 276.42
1735425974, 6, 23, 74, 22, 0, 0.06%, 9, 0, 10, 274.44
1735425979, 6, 24, 74, 22, 0, 0.06%, 9, 0, 10, 278.93
1735425984, 6, 25, 74, 22, 0, 0.06%, 9, 0, 10, 269.44
1735425989, 6, 42, 74, 22, 0, 0.06%, 9, 0, 10, 405.21
1735426025, 6, 49, 74, 21, 0, 0.06%, 9, 0, 10, 389.21
1735426106, 6, 50, 74, 20, 0, 0.06%, 9, 0, 10, 309.22
1735426111, 6, 56, 74, 20, 0, 0.06%, 9, 0, 10, 334.17
1735426136, 6, 64, 74, 19, 0, 0.06%, 9, 0, 10, 262.41
1735426269, 6, 65, 74, 18, 0, 0.06%, 9, 0, 10, 337.59
1735426431, 6, 71, 74, 17, 0, 0.06%, 9, 0, 10, 366.70
1735426563, 7, 11, 74, 16, 0, 0.06%, 9, 0, 10, 282.46
1735426568, 7, 13, 74, 16, 0, 0.06%, 9, 0, 10, 278.71
1735426583, 7, 16, 74, 15, 0, 0.06%, 9, 0, 10, 254.86
1735426588, 7, 17, 74, 15, 0, 0.06%, 9, 0, 10, 257.05
1735426593, 7, 24, 74, 15, 0, 0.06%, 9, 0, 10, 269.82
1735426598, 7, 25, 74, 15, 0, 0.06%, 9, 0, 10, 274.88
1735426603, 7, 36, 74, 15, 0, 0.06%, 9, 0, 10, 312.15
1735426644, 7, 43, 74, 14, 0, 0.06%, 9, 0, 10, 337.87
1735426669, 7, 49, 74, 13, 0, 0.06%, 9, 0, 10, 313.50
1735426680, 7, 60, 74, 13, 0, 0.06%, 9, 0, 10, 295.64
1735426685, 7, 62, 74, 13, 0, 0.06%, 9, 0, 10, 267.16
1735426872, 8, 12, 74, 12, 0, 0.06%, 9, 0, 10, 261.07
1735426877, 8, 14, 74, 12, 0, 0.06%, 9, 0, 10, 255.68
1735426882, 8, 16, 74, 12, 0, 0.06%, 9, 0, 10, 249.60
1735426887, 8, 17, 74, 12, 0, 0.06%, 9, 0, 10, 255.12
1735426892, 8, 24, 74, 12, 0, 0.06%, 9, 0, 10, 264.07
1735426897, 8, 25, 74, 12, 0, 0.06%, 9, 0, 10, 260.48
1735426902, 8, 30, 74, 12, 0, 0.06%, 9, 0, 10, 309.71
1735426927, 8, 31, 74, 11, 0, 0.06%, 9, 0, 10, 279.91
1735426983, 8, 41, 74, 10, 0, 0.06%, 9, 0, 10, 273.62
1735426988, 9, 12, 74, 10, 0, 0.06%, 9, 0, 10, 264.04
1735426993, 9, 14, 74, 10, 0, 0.06%, 9, 0, 10, 281.47
1735426998, 9, 16, 74, 10, 0, 0.06%, 9, 0, 10, 253.08
1735427003, 9, 17, 74, 10, 0, 0.06%, 9, 0, 10, 255.50
1735427008, 9, 20, 74, 10, 0, 0.06%, 9, 0, 10, 263.39
1735427013, 9, 24, 74, 10, 0, 0.06%, 9, 0, 10, 261.74
1735427018, 9, 25, 74, 10, 0, 0.06%, 9, 0, 10, 264.66
1735427024, 9, 27, 74, 10, 0, 0.06%, 9, 0, 10, 281.28
1735427029, 9, 48, 74, 10, 0, 0.06%, 9, 0, 10, 345.50
1735427120, 10, 11, 74, 9, 0, 0.06%, 9, 0, 10, 274.82
1735427125, 10, 13, 74, 9, 0, 0.06%, 9, 0, 10, 269.63
1735427130, 10, 16, 74, 9, 0, 0.06%, 9, 0, 10, 268.69
1735427136, 10, 17, 74, 9, 0, 0.06%, 9, 0, 10, 266.82
1735427141, 10, 19, 74, 9, 0, 0.06%, 9, 0, 10, 299.91
1735427166, 10, 20, 74, 8, 0, 0.06%, 9, 0, 10, 263.84
1735427171, 10, 24, 74, 8, 0, 0.06%, 9, 0, 10, 252.82
1735427176, 10, 25, 74, 8, 0, 0.06%, 9, 0, 10, 267.40
1735427181, 10, 32, 74, 8, 0, 0.06%, 9, 0, 10, 292.63
1735427186, 10, 37, 74, 8, 0, 0.06%, 9, 0, 10, 310.25
1735427217, 10, 46, 74, 7, 0, 0.06%, 9, 0, 10, 313.42
1735427288, 11, 11, 74, 6, 0, 0.06%, 9, 0, 10, 273.86
1735427293, 11, 13, 74, 6, 0, 0.06%, 9, 0, 10, 259.15
1735427298, 11, 16, 74, 6, 0, 0.06%, 9, 0, 10, 257.17
1735427303, 11, 17, 74, 6, 0, 0.06%, 9, 0, 10, 257.90
1735427308, 11, 24, 74, 6, 0, 0.06%, 9, 0, 10, 259.80
1735427313, 11, 25, 74, 6, 0, 0.06%, 9, 0, 10, 269.12
1735427318, 11, 46, 74, 6, 0, 0.06%, 9, 0, 10, 300.14
1735427328, 11, 63, 74, 6, 0, 0.06%, 9, 0, 10, 324.79
1735427343, 12, 12, 74, 6, 0, 0.06%, 9, 0, 10, 279.76
1735427349, 12, 13, 74, 6, 0, 0.06%, 9, 0, 10, 265.90
1735427354, 12, 16, 74, 6, 0, 0.06%, 9, 0, 10, 265.58
1735427359, 12, 17, 74, 6, 0, 0.06%, 9, 0, 10, 273.07
1735427364, 12, 22, 74, 6, 0, 0.06%, 9, 0, 10, 349.33
1735427394, 12, 24, 74, 5, 0, 0.06%, 9, 0, 10, 266.80
1735427399, 12, 25, 74, 5, 0, 0.06%, 9, 0, 10, 272.95
1735427404, 12, 26, 74, 5, 0, 0.06%, 9, 0, 10, 281.99
1735427410, 12, 52, 74, 5, 0, 0.06%, 9, 0, 10, 312.58
1735427420, 12, 54, 74, 5, 0, 0.06%, 9, 0, 10, 311.74
1735427430, 12, 64, 74, 5, 0, 0.06%, 9, 0, 10, 326.89
1735427440, 12, 67, 74, 5, 0, 0.06%, 9, 0, 10, 314.09
1735427481, 13, 12, 74, 4, 0, 0.06%, 9, 0, 10, 263.22
1735427486, 13, 14, 74, 4, 0, 0.06%, 9, 0, 10, 262.31
1735427491, 13, 16, 74, 4, 0, 0.06%, 9, 0, 10, 266.17
1735427496, 13, 17, 74, 4, 0, 0.06%, 9, 0, 10, 268.91
1735427501, 13, 24, 74, 4, 0, 0.06%, 9, 0, 10, 268.68
1735427506, 13, 25, 74, 4, 0, 0.06%, 9, 0, 10, 254.80
1735427511, 13, 27, 74, 4, 0, 0.06%, 9, 0, 10, 270.38
1735427517, 13, 59, 74, 4, 0, 0.06%, 9, 0, 10, 341.70
1735427547, 14, 12, 74, 3, 0, 0.06%, 9, 0, 10, 269.66
1735427552, 14, 14, 74, 3, 0, 0.06%, 9, 0, 10, 270.49
1735427557, 14, 16, 74, 3, 0, 0.06%, 9, 0, 10, 261.61
1735427562, 14, 17, 74, 3, 0, 0.06%, 9, 0, 10, 276.62
1735427567, 14, 24, 74, 3, 0, 0.06%, 9, 0, 10, 275.85
1735427573, 14, 25, 74, 3, 0, 0.06%, 9, 0, 10, 287.06
1735427578, 14, 68, 74, 3, 0, 0.06%, 9, 0, 10, 330.11
1735427593, 14, 73, 74, 3, 0, 0.06%, 9, 0, 10, 347.97
1735427629, 14, 73, 75, 4, 0, 0.06%, 9, 0, 10, 456.97
1735427836, 15, 5, 75, 3, 0, 0.06%, 9, 0, 10, 275.66
1735427842, 15, 12, 75, 3, 0, 0.06%, 9, 0, 10, 265.98
1735427847, 15, 14, 75, 3, 0, 0.06%, 9, 0, 10, 265.79
1735427852, 15, 16, 75, 3, 0, 0.06%, 9, 0, 10, 259.97
1735427857, 15, 17, 75, 3, 0, 0.06%, 9, 0, 10, 270.26
1735427862, 15, 18, 75, 3, 0, 0.06%, 9, 0, 10, 271.45
1735427867, 15, 24, 75, 3, 0, 0.06%, 9, 0, 10, 271.31
1735427872, 15, 25, 75, 3, 0, 0.06%, 9, 0, 10, 267.99
1735427877, 15, 51, 75, 3, 0, 0.06%, 9, 0, 10, 363.78
1735427974, 16, 11, 75, 2, 0, 0.06%, 9, 0, 10, 268.77
1735427979, 16, 13, 75, 2, 0, 0.06%, 9, 0, 10, 265.03
1735427984, 16, 16, 75, 2, 0, 0.06%, 9, 0, 10, 257.72
1735427989, 16, 17, 75, 2, 0, 0.06%, 9, 0, 10, 253.64
1735427999, 16, 24, 75, 2, 0, 0.06%, 9, 0, 10, 271.13
1735428004, 16, 25, 75, 2, 0, 0.06%, 9, 0, 10, 274.30
1735428009, 16, 30, 75, 2, 0, 0.06%, 9, 0, 10, 287.73
1735428014, 16, 41, 75, 2, 0, 0.06%, 9, 0, 10, 276.41
1735428020, 17, 12, 75, 2, 0, 0.06%, 9, 0, 10, 258.06
1735428025, 17, 14, 75, 2, 0, 0.06%, 9, 0, 10, 263.86
1735428030, 17, 16, 75, 2, 0, 0.06%, 9, 0, 10, 255.82
1735428035, 17, 17, 75, 2, 0, 0.06%, 9, 0, 10, 259.90
1735428040, 17, 24, 75, 2, 0, 0.06%, 9, 0, 10, 263.60
1735428045, 17, 25, 75, 2, 0, 0.06%, 9, 0, 10, 261.07
1735428050, 17, 37, 75, 2, 0, 0.06%, 9, 0, 10, 279.13
1735428055, 17, 43, 75, 2, 0, 0.06%, 9, 0, 10, 273.62
1735428060, 17, 58, 75, 2, 0, 0.06%, 9, 0, 10, 296.85
1735428086, 18, 0, 75, 1, 0, 0.06%, 9, 0, 10, 286.33
1735428091, 18, 12, 75, 1, 0, 0.06%, 9, 0, 10, 276.24
1735428096, 18, 14, 75, 1, 0, 0.06%, 9, 0, 10, 280.98
1735428101, 18, 16, 75, 1, 0, 0.06%, 9, 0, 10, 290.28
1735428106, 18, 17, 75, 1, 0, 0.06%, 9, 0, 10, 269.44
1735428111, 18, 24, 75, 1, 0, 0.06%, 9, 0, 10, 273.78
1735428116, 18, 25, 75, 1, 0, 0.06%, 9, 0, 10, 264.25
1735428121, 18, 44, 75, 1, 0, 0.06%, 9, 0, 10, 289.93
1735428126, 18, 68, 75, 1, 0, 0.06%, 9, 0, 10, 318.82
1735428141, 18, 71, 75, 1, 0, 0.06%, 9, 0, 10, 340.16
1735428151, 18, 73, 75, 1, 0, 0.06%, 9, 0, 10, 290.14
1735428162, 19, 4, 75, 1, 0, 0.06%, 9, 0, 10, 293.08
1735428167, 19, 12, 75, 1, 0, 0.06%, 9, 0, 10, 274.36
1735428172, 19, 14, 75, 1, 0, 0.06%, 9, 0, 10, 264.96
1735428177, 19, 16, 75, 1, 0, 0.06%, 9, 0, 10, 271.31
1735428182, 19, 17, 75, 1, 0, 0.06%, 9, 0, 10, 279.03
1735428187, 19, 24, 75, 1, 0, 0.06%, 9, 0, 10, 281.81
1735428192, 19, 25, 75, 1, 0, 0.06%, 9, 0, 10, 275.47
1735428197, 19, 30, 75, 1, 0, 0.06%, 9, 0, 10, 255.63
1735428202, 19, 45, 75, 1, 0, 0.06%, 9, 0, 10, 271.03
1735428212, 19, 53, 75, 1, 0, 0.06%, 9, 0, 10, 317.03
1735428222, 20, 12, 75, 1, 0, 0.06%, 9, 0, 10, 278.36
1735428227, 20, 13, 75, 1, 0, 0.06%, 9, 0, 10, 271.18
1735428232, 20, 16, 75, 1, 0, 0.06%, 9, 0, 10, 258.60
1735428237, 20, 17, 75, 1, 0, 0.06%, 9, 0, 10, 261.44
1735428242, 20, 21, 75, 1, 0, 0.06%, 9, 0, 10, 276.08
1735428247, 20, 24, 75, 1, 0, 0.06%, 9, 0, 10, 279.76
1735428252, 20, 25, 75, 1, 0, 0.06%, 9, 0, 10, 268.10
1735428257, 20, 27, 75, 1, 0, 0.06%, 9, 0, 10, 277.71
1735428262, 20, 60, 75, 1, 0, 0.06%, 9, 0, 10, 286.64
1735428272, 20, 74, 75, 1, 0, 0.06%, 9, 0, 10, 313.03
1735428523, 21, 6, 75, 0, 0, 0.06%, 9, 0, 10, 278.24
1735428528, 21, 11, 75, 0, 0, 0.06%, 9, 0, 10, 269.38
1735428533, 21, 13, 75, 0, 0, 0.06%, 9, 0, 10, 267.24
1735428538, 21, 16, 75, 0, 0, 0.06%, 9, 0, 10, 247.48
1735428543, 21, 17, 75, 0, 0, 0.06%, 9, 0, 10, 263.99
1735428548, 21, 20, 75, 0, 0, 0.06%, 9, 0, 10, 260.70
1735428553, 21, 24, 75, 0, 0, 0.06%, 9, 0, 10, 270.69
1735428558, 21, 25, 75, 0, 0, 0.06%, 9, 0, 10, 273.82
1735428563, 21, 26, 75, 0, 0, 0.06%, 9, 0, 10, 271.60
1735428573, 21, 65, 75, 0, 0, 0.06%, 9, 0, 10, 319.63
1735428583, 22, 1, 75, 0, 0, 0.06%, 9, 0, 10, 273.85
1735428588, 22, 12, 75, 0, 0, 0.06%, 9, 0, 10, 262.00
1735428593, 22, 14, 75, 0, 0, 0.06%, 9, 0, 10, 269.23
1735428598, 22, 16, 75, 0, 0, 0.06%, 9, 0, 10, 261.30
1735428604, 22, 17, 75, 0, 0, 0.06%, 9, 0, 10, 274.27
1735428609, 22, 24, 75, 0, 0, 0.06%, 9, 0, 10, 279.30
1735428614, 22, 25, 75, 0, 0, 0.06%, 9, 0, 10, 272.63
1735428619, 22, 68, 75, 0, 0, 0.06%, 9, 0, 10, 285.20
1735428624, 23, 1, 75, 0, 0, 0.06%, 9, 0, 10, 282.26
1735428629, 23, 12, 75, 0, 0, 0.06%, 9, 0, 10, 273.20
1735428634, 23, 14, 75, 0, 0, 0.06%, 9, 0, 10, 276.41
1735428639, 23, 16, 75, 0, 0, 0.06%, 9, 0, 10, 274.34
1735428644, 23, 17, 75, 0, 0, 0.06%, 9, 0, 10, 280.09
1735428649, 23, 24, 75, 0, 0, 0.06%, 9, 0, 10, 283.25
1735428654, 23, 25, 75, 0, 0, 0.06%, 9, 0, 10, 288.32
1735428659, 23, 37, 75, 0, 0, 0.06%, 9, 0, 10, 281.97
1735428664, 23, 39, 75, 0, 0, 0.06%, 9, 0, 10, 273.59
1735428669, 23, 58, 75, 0, 0, 0.06%, 9, 0, 10, 263.08
1735428679, 24, 10, 75, 0, 0, 0.06%, 9, 0, 10, 268.30
1735428684, 24, 12, 75, 0, 0, 0.06%, 9, 0, 10, 261.94
1735428690, 24, 14, 75, 0, 0, 0.06%, 9, 0, 10, 261.61
1735428695, 24, 16, 75, 0, 0, 0.06%, 9, 0, 10, 268.35
1735428700, 24, 17, 75, 0, 0, 0.06%, 9, 0, 10, 261.71
1735428705, 24, 20, 75, 0, 0, 0.06%, 9, 0, 10, 272.50
1735428710, 24, 21, 75, 0, 0, 0.06%, 9, 0, 10, 295.19
1735428715, 24, 24, 75, 0, 0, 0.06%, 9, 0, 10, 271.32
1735428720, 24, 25, 75, 0, 0, 0.06%, 9, 0, 10, 265.45
1735428725, 24, 51, 75, 0, 0, 0.06%, 9, 0, 10, 306.52
1735428735, 24, 60, 75, 0, 0, 0.06%, 9, 0, 10, 284.72
1735428740, 25, 11, 75, 0, 0, 0.06%, 9, 0, 10, 269.79
1735428745, 25, 13, 75, 0, 0, 0.06%, 9, 0, 10, 262.36
1735428750, 25, 16, 75, 0, 0, 0.06%, 9, 0, 10, 254.16
1735428756, 25, 17, 75, 0, 0, 0.06%, 9, 0, 10, 263.39
1735428761, 25, 24, 75, 0, 0, 0.06%, 9, 0, 10, 264.58
1735428766, 25, 25, 75, 0, 0, 0.06%, 9, 0, 10, 267.77
1735428776, 25, 41, 75, 0, 0, 0.06%, 9, 0, 10, 265.38
1735428781, 25, 44, 75, 0, 0, 0.06%, 9, 0, 10, 278.55
1735428786, 25, 48, 75, 0, 0, 0.06%, 9, 0, 10, 298.79
1735428796, 25, 57, 75, 0, 0, 0.06%, 9, 0, 10, 308.39
1735428801, 26, 11, 75, 0, 0, 0.06%, 9, 0, 10, 288.41
1735428806, 26, 13, 75, 0, 0, 0.06%, 9, 0, 10, 266.90
1735428812, 26, 16, 75, 0, 0, 0.06%, 9, 0, 10, 270.54
1735428822, 26, 17, 75, 0, 0, 0.06%, 9, 0, 10, 276.10
1735428827, 26, 24, 75, 0, 0, 0.06%, 9, 0, 10, 265.09
1735428832, 26, 25, 75, 0, 0, 0.06%, 9, 0, 10, 263.93
1735428837, 26, 61, 75, 0, 0, 0.06%, 9, 0, 10, 313.20
1735428852, 27, 12, 75, 0, 0, 0.06%, 9, 0, 10, 287.42
1735428857, 27, 14, 75, 0, 0, 0.06%, 9, 0, 10, 282.77
1735428862, 27, 16, 75, 0, 0, 0.06%, 9, 0, 10, 269.71
1735428867, 27, 17, 75, 0, 0, 0.06%, 9, 0, 10, 278.98
1735428872, 27, 22, 75, 0, 0, 0.06%, 9, 0, 10, 287.32
1735428878, 27, 24, 75, 0, 0, 0.06%, 9, 0, 10, 278.10
1735428883, 27, 25, 75, 0, 0, 0.06%, 9, 0, 10, 271.58
1735428888, 27, 34, 75, 0, 0, 0.06%, 9, 0, 10, 294.73
1735428893, 28, 12, 75, 0, 0, 0.06%, 9, 0, 10, 266.54
1735428898, 28, 14, 75, 0, 0, 0.06%, 9, 0, 10, 261.93
1735428903, 28, 16, 75, 0, 0, 0.06%, 9, 0, 10, 265.77
1735428908, 28, 17, 75, 0, 0, 0.06%, 9, 0, 10, 271.51
1735428913, 28, 24, 75, 0, 0, 0.06%, 9, 0, 10, 263.02
1735428918, 28, 25, 75, 0, 0, 0.06%, 9, 0, 10, 274.41
1735428923, 29, 12, 75, 0, 0, 0.06%, 9, 0, 10, 268.70
1735428928, 29, 14, 75, 0, 0, 0.06%, 9, 0, 10, 274.44
1735428933, 29, 16, 75, 0, 0, 0.06%, 9, 0, 10, 266.12
1735428943, 29, 17, 75, 0, 0, 0.06%, 9, 0, 10, 257.96
1735428948, 29, 24, 75, 0, 0, 0.06%, 9, 0, 10, 263.86
1735428954, 29, 25, 75, 0, 0, 0.06%, 9, 0, 10, 280.59
1735428959, 29, 34, 75, 0, 0, 0.06%, 9, 0, 10, 304.97
1735428964, 29, 44, 75, 0, 0, 0.06%, 9, 0, 10, 297.83
1735428969, 29, 69, 75, 0, 0, 0.06%, 9, 0, 10, 352.54
1735428979, 30, 11, 75, 0, 0, 0.06%, 9, 0, 10, 270.58
1735428984, 30, 13, 75, 0, 0, 0.06%, 9, 0, 10, 257.74
1735428989, 30, 16, 75, 0, 0, 0.06%, 9, 0, 10, 263.11
1735428994, 30, 17, 75, 0, 0, 0.06%, 9, 0, 10, 272.29
1735429004, 30, 24, 75, 0, 0, 0.06%, 9, 0, 10, 280.35
1735429009, 30, 25, 75, 0, 0, 0.06%, 9, 0, 10, 277.88
1735429014, 30, 47, 75, 0, 0, 0.06%, 9, 0, 10, 299.18
1735429024, 30, 65, 75, 0, 0, 0.06%, 9, 0, 10, 320.11
1735429035, 31, 8, 75, 0, 0, 0.06%, 9, 0, 10, 281.53
1735429040, 31, 12, 75, 0, 0, 0.06%, 9, 0, 10, 266.17
1735429045, 31, 14, 75, 0, 0, 0.06%, 9, 0, 10, 268.98
1735429050, 31, 16, 75, 0, 0, 0.06%, 9, 0, 10, 266.26
1735429055, 31, 17, 75, 0, 0, 0.06%, 9, 0, 10, 274.03
1735429060, 31, 23, 75, 0, 0, 0.06%, 9, 0, 10, 279.32
1735429065, 31, 24, 75, 0, 0, 0.06%, 9, 0, 10, 277.26
1735429070, 31, 25, 75, 0, 0, 0.06%, 9, 0, 10, 269.06
1735429075, 31, 41, 75, 0, 0, 0.06%, 9, 0, 10, 274.41
1735429080, 31, 53, 75, 0, 0, 0.06%, 9, 0, 10, 305.28
1735429085, 32, 11, 75, 0, 0, 0.06%, 9, 0, 10, 281.99
1735429090, 32, 13, 75, 0, 0, 0.06%, 9, 0, 10, 262.49
1735429096, 32, 16, 75, 0, 0, 0.06%, 9, 0, 10, 259.17
1735429101, 32, 17, 75, 0, 0, 0.06%, 9, 0, 10, 264.36
1735429106, 32, 24, 75, 0, 0, 0.06%, 9, 0, 10, 266.77
1735429111, 32, 25, 75, 0, 0, 0.06%, 9, 0, 10, 273.71
1735429116, 32, 34, 75, 0, 0, 0.06%, 9, 0, 10, 280.61
1735429121, 32, 60, 75, 0, 0, 0.06%, 9, 0, 10, 285.31
1735429126, 33, 11, 75, 0, 0, 0.06%, 9, 0, 10, 269.68
1735429131, 33, 13, 75, 0, 0, 0.06%, 9, 0, 10, 264.62
1735429136, 33, 16, 75, 0, 0, 0.06%, 9, 0, 10, 266.67
1735429142, 33, 17, 75, 0, 0, 0.06%, 9, 0, 10, 262.76
1735429147, 33, 24, 75, 0, 0, 0.06%, 9, 0, 10, 261.47
1735429157, 33, 25, 75, 0, 0, 0.06%, 9, 0, 10, 282.70
1735429162, 34, 12, 75, 0, 0, 0.06%, 9, 0, 10, 266.62
1735429167, 34, 14, 75, 0, 0, 0.06%, 9, 0, 10, 283.61
1735429172, 34, 16, 75, 0, 0, 0.06%, 9, 0, 10, 258.32
1735429177, 34, 17, 75, 0, 0, 0.06%, 9, 0, 10, 256.94
1735429182, 34, 24, 75, 0, 0, 0.06%, 9, 0, 10, 267.35
1735429187, 34, 25, 75, 0, 0, 0.06%, 9, 0, 10, 283.21
1735429192, 34, 67, 75, 0, 0, 0.06%, 9, 0, 10, 278.87
1735429202, 34, 67, 76, 1, 0, 0.06%, 9, 0, 10, 307.25
1735429207, 34, 69, 76, 1, 0, 0.06%, 9, 0, 10, 356.99
1735429222, 34, 75, 77, 2, 0, 0.06%, 9, 0, 11, 365.50
1735429431, 35, 12, 77, 1, 0, 0.06%, 9, 0, 11, 272.25
1735429436, 35, 14, 77, 1, 0, 0.06%, 9, 0, 11, 266.76
1735429441, 35, 16, 77, 1, 0, 0.06%, 9, 0, 11, 267.09
1735429446, 35, 17, 77, 1, 0, 0.06%, 9, 0, 11, 264.28
1735429451, 35, 24, 77, 1, 0, 0.06%, 9, 0, 11, 261.34
1735429456, 35, 25, 77, 1, 0, 0.06%, 9, 0, 11, 259.35
1735429461, 35, 31, 77, 1, 0, 0.06%, 9, 0, 11, 294.86
1735429466, 35, 47, 77, 1, 0, 0.06%, 9, 0, 11, 306.89
1735429471, 35, 63, 77, 1, 0, 0.06%, 9, 0, 11, 322.46
1735429487, 36, 11, 77, 1, 0, 0.06%, 9, 0, 11, 264.57
1735429492, 36, 13, 77, 1, 0, 0.06%, 9, 0, 11, 262.23
1735429497, 36, 16, 77, 1, 0, 0.06%, 9, 0, 11, 255.43
1735429502, 36, 17, 77, 1, 0, 0.06%, 9, 0, 11, 264.47
1735429507, 36, 24, 77, 1, 0, 0.06%, 9, 0, 11, 260.37
1735429512, 36, 25, 77, 1, 0, 0.06%, 9, 0, 11, 272.09
1735429517, 36, 65, 77, 1, 0, 0.06%, 9, 0, 11, 292.80
1735429527, 37, 12, 77, 1, 0, 0.06%, 9, 0, 11, 268.54
1735429532, 37, 14, 77, 1, 0, 0.06%, 9, 0, 11, 273.00
1735429537, 37, 16, 77, 1, 0, 0.06%, 9, 0, 11, 278.47
1735429542, 37, 17, 77, 1, 0, 0.06%, 9, 0, 11, 268.93
1735429547, 37, 20, 77, 1, 0, 0.06%, 9, 0, 11, 267.84
1735429552, 37, 24, 77, 1, 0, 0.06%, 9, 0, 11, 263.73
1735429557, 37, 25, 77, 1, 0, 0.06%, 9, 0, 11, 260.15
1735429563, 37, 29, 77, 1, 0, 0.06%, 9, 0, 11, 282.38
1735429568, 37, 61, 77, 1, 0, 0.06%, 9, 0, 11, 295.93
1735429578, 37, 73, 77, 1, 0, 0.06%, 9, 0, 11, 310.20
1735429583, 37, 74, 77, 1, 0, 0.06%, 9, 0, 11, 293.91
1735429604, 38, 0, 77, 1, 0, 0.06%, 9, 0, 11, 270.75
1735429609, 38, 12, 77, 1, 0, 0.06%, 9, 0, 11, 260.28
1735429614, 38, 14, 77, 1, 0, 0.06%, 9, 0, 11, 264.35
1735429619, 38, 16, 77, 1, 0, 0.06%, 9, 0, 11, 281.36
1735429624, 38, 17, 77, 1, 0, 0.06%, 9, 0, 11, 274.47
1735429629, 38, 24, 77, 1, 0, 0.06%, 9, 0, 11, 271.05
1735429634, 38, 25, 77, 1, 0, 0.06%, 9, 0, 11, 277.37
1735429639, 38, 26, 77, 1, 0, 0.06%, 9, 0, 11, 271.33
1735429645, 38, 76, 77, 1, 0, 0.06%, 9, 0, 11, 358.73
1735429853, 39, 12, 77, 0, 0, 0.06%, 9, 0, 11, 263.30
1735429858, 39, 14, 77, 0, 0, 0.06%, 9, 0, 11, 270.98
1735429863, 39, 16, 77, 0, 0, 0.06%, 9, 0, 11, 275.83
1735429869, 39, 17, 77, 0, 0, 0.06%, 9, 0, 11, 262.02
1735429874, 39, 18, 77, 0, 0, 0.06%, 9, 0, 11, 269.77
1735429879, 39, 20, 77, 0, 0, 0.06%, 9, 0, 11, 277.03
1735429884, 39, 24, 77, 0, 0, 0.06%, 9, 0, 11, 260.85
1735429889, 39, 25, 77, 0, 0, 0.06%, 9, 0, 11, 263.11
1735429894, 39, 37, 77, 0, 0, 0.06%, 9, 0, 11, 289.88
1735429899, 39, 40, 77, 0, 0, 0.06%, 9, 0, 11, 280.43
1735429904, 39, 49, 77, 0, 0, 0.06%, 9, 0, 11, 302.49
1735429909, 39, 50, 77, 0, 0, 0.06%, 9, 0, 11, 298.20
1735429915, 39, 54, 77, 0, 0, 0.06%, 9, 0, 11, 297.06
1735429920, 40, 12, 77, 0, 0, 0.06%, 9, 0, 11, 275.19
1735429925, 40, 14, 77, 0, 0, 0.06%, 9, 0, 11, 268.90
1735429930, 40, 16, 77, 0, 0, 0.06%, 9, 0, 11, 265.52
1735429935, 40, 17, 77, 0, 0, 0.06%, 9, 0, 11, 264.24
1735429940, 40, 24, 77, 0, 0, 0.06%, 9, 0, 11, 251.64
1735429945, 40, 25, 77, 0, 0, 0.06%, 9, 0, 11, 263.74
1735429950, 40, 28, 77, 0, 0, 0.06%, 9, 0, 11, 285.66
1735429955, 40, 58, 77, 0, 0, 0.06%, 9, 0, 11, 266.60
1735429965, 40, 69, 77, 0, 0, 0.06%, 9, 0, 11, 326.39
1735429970, 41, 9, 77, 0, 0, 0.06%, 9, 0, 11, 295.77
1735429975, 41, 12, 77, 0, 0, 0.06%, 9, 0, 11, 266.35
1735429980, 41, 16, 77, 0, 0, 0.06%, 9, 0, 11, 293.32
1735429991, 41, 17, 77, 0, 0, 0.06%, 9, 0, 11, 285.85
1735429996, 41, 24, 77, 0, 0, 0.06%, 9, 0, 11, 275.31
1735430001, 41, 25, 77, 0, 0, 0.06%, 9, 0, 11, 273.65
1735430006, 41, 62, 77, 0, 0, 0.06%, 9, 0, 11, 330.56
1735430021, 42, 11, 77, 0, 0, 0.06%, 9, 0, 11, 280.39
1735430026, 42, 13, 77, 0, 0, 0.06%, 9, 0, 11, 266.72
1735430031, 42, 16, 77, 0, 0, 0.06%, 9, 0, 11, 253.40
1735430036, 42, 17, 77, 0, 0, 0.06%, 9, 0, 11, 247.90
1735430042, 42, 24, 77, 0, 0, 0.06%, 9, 0, 11, 252.88
1735430047, 42, 25, 77, 0, 0, 0.06%, 9, 0, 11, 280.48
1735430052, 42, 29, 77, 0, 0, 0.06%, 9, 0, 11, 277.90
1735430057, 42, 69, 77, 0, 0, 0.06%, 9, 0, 11, 297.87
1735430067, 42, 70, 77, 0, 0, 0.06%, 9, 0, 11, 337.34
1735430082, 43, 12, 77, 0, 0, 0.06%, 9, 0, 11, 264.76
1735430087, 43, 14, 77, 0, 0, 0.06%, 9, 0, 11, 271.66
1735430092, 43, 16, 77, 0, 0, 0.06%, 9, 0, 11, 264.46
1735430097, 43, 17, 77, 0, 0, 0.06%, 9, 0, 11, 271.46
1735430102, 43, 24, 77, 0, 0, 0.06%, 9, 0, 11, 268.72
1735430107, 43, 25, 77, 0, 0, 0.06%, 9, 0, 11, 282.54
1735430112, 43, 26, 77, 0, 0, 0.06%, 9, 0, 11, 275.62
1735430118, 43, 57, 77, 0, 0, 0.06%, 9, 0, 11, 283.83
1735430128, 44, 12, 77, 0, 0, 0.06%, 9, 0, 11, 275.71
1735430133, 44, 14, 77, 0, 0, 0.06%, 9, 0, 11, 271.10
1735430138, 44, 16, 77, 0, 0, 0.06%, 9, 0, 11, 260.53
1735430143, 44, 17, 77, 0, 0, 0.06%, 9, 0, 11, 264.36
1735430148, 44, 24, 77, 0, 0, 0.06%, 9, 0, 11, 268.67
1735430153, 44, 25, 77, 0, 0, 0.06%, 9, 0, 11, 256.51
1735430158, 44, 75, 77, 0, 0, 0.06%, 9, 0, 11, 293.03
1735430189, 45, 11, 77, 0, 0, 0.06%, 9, 0, 11, 249.87
1735430194, 45, 13, 77, 0, 0, 0.06%, 9, 0, 11, 274.44
1735430199, 45, 16, 77, 0, 0, 0.06%, 9, 0, 11, 259.25
1735430204, 45, 17, 77, 0, 0, 0.06%, 9, 0, 11, 266.21
1735430209, 45, 24, 77, 0, 0, 0.06%, 9, 0, 11, 259.28
1735430214, 45, 25, 77, 0, 0, 0.06%, 9, 0, 11, 269.58
1735430220, 45, 35, 77, 0, 0, 0.06%, 9, 0, 11, 271.45
1735430225, 46, 10, 77, 0, 0, 0.06%, 9, 0, 11, 275.95
1735430230, 46, 12, 77, 0, 0, 0.06%, 9, 0, 11, 277.49
1735430235, 46, 14, 77, 0, 0, 0.06%, 9, 0, 11, 284.45
1735430240, 46, 16, 77, 0, 0, 0.06%, 9, 0, 11, 260.54
1735430245, 46, 17, 77, 0, 0, 0.06%, 9, 0, 11, 280.16
1735430250, 46, 24, 77, 0, 0, 0.06%, 9, 0, 11, 261.99
1735430255, 46, 25, 77, 0, 0, 0.06%, 9, 0, 11, 265.11
1735430260, 46, 31, 77, 0, 0, 0.06%, 9, 0, 11, 283.34
1735430265, 46, 61, 77, 0, 0, 0.06%, 9, 0, 11, 307.05
1735430276, 47, 11, 77, 0, 0, 0.06%, 9, 0, 11, 266.38
1735430281, 47, 13, 77, 0, 0, 0.06%, 9, 0, 11, 262.83
1735430286, 47, 16, 77, 0, 0, 0.06%, 9, 0, 11, 265.15
1735430291, 47, 17, 77, 0, 0, 0.06%, 9, 0, 11, 266.24
1735430296, 47, 24, 77, 0, 0, 0.06%, 9, 0, 11, 256.50
1735430301, 47, 25, 77, 0, 0, 0.06%, 9, 0, 11, 267.08
1735430311, 47, 49, 77, 0, 0, 0.06%, 9, 0, 11, 279.63
1735430316, 47, 51, 77, 0, 0, 0.06%, 9, 0, 11, 278.95
1735430321, 47, 75, 77, 0, 0, 0.06%, 9, 0, 11, 314.87
1735430347, 48, 1, 77, 0, 0, 0.06%, 9, 0, 11, 267.50
1735430352, 48, 12, 77, 0, 0, 0.06%, 9, 0, 11, 268.37
1735430357, 48, 14, 77, 0, 0, 0.06%, 9, 0, 11, 280.44
1735430362, 48, 16, 77, 0, 0, 0.06%, 9, 0, 11, 262.45
1735430367, 48, 17, 77, 0, 0, 0.06%, 9, 0, 11, 280.04
1735430372, 48, 24, 77, 0, 0, 0.06%, 9, 0, 11, 287.83
1735430377, 48, 25, 77, 0, 0, 0.06%, 9, 0, 11, 285.90
1735430382, 48, 28, 77, 0, 0, 0.06%, 9, 0, 11, 261.08
1735430387, 48, 30, 77, 0, 0, 0.06%, 9, 0, 11, 278.62
1735430392, 48, 45, 77, 0, 0, 0.06%, 9, 0, 11, 269.82
1735430397, 48, 51, 77, 0, 0, 0.06%, 9, 0, 11, 295.78
1735430402, 48, 62, 77, 0, 0, 0.06%, 9, 0, 11, 343.22
1735430418, 48, 72, 77, 0, 0, 0.06%, 9, 0, 11, 327.90
1735430428, 48, 76, 77, 0, 0, 0.06%, 9, 0, 11, 307.70
1735430459, 49, 12, 77, 0, 0, 0.06%, 9, 0, 11, 285.86
1735430464, 49, 13, 77, 0, 0, 0.06%, 9, 0, 11, 276.62
1735430469, 49, 16, 77, 0, 0, 0.06%, 9, 0, 11, 255.02
1735430474, 49, 17, 77, 0, 0, 0.06%, 9, 0, 11, 267.37
1735430479, 49, 24, 77, 0, 0, 0.06%, 9, 0, 11, 266.84
1735430484, 49, 25, 77, 0, 0, 0.06%, 9, 0, 11, 248.52
1735430489, 49, 48, 77, 0, 0, 0.06%, 9, 0, 11, 287.25
1735430494, 49, 61, 77, 0, 0, 0.06%, 9, 0, 11, 287.10
1735430504, 50, 12, 77, 0, 0, 0.06%, 9, 0, 11, 269.13
1735430509, 50, 14, 77, 0, 0, 0.06%, 9, 0, 11, 280.56
1735430514, 50, 16, 77, 0, 0, 0.06%, 9, 0, 11, 269.54
1735430519, 50, 17, 77, 0, 0, 0.06%, 9, 0, 11, 274.17
1735430525, 50, 18, 77, 0, 0, 0.06%, 9, 0, 11, 287.04
1735430530, 50, 24, 77, 0, 0, 0.06%, 9, 0, 11, 263.70
1735430535, 50, 25, 77, 0, 0, 0.06%, 9, 0, 11, 268.90
1735430540, 50, 40, 77, 0, 0, 0.06%, 9, 0, 11, 267.08
1735430545, 50, 43, 77, 0, 0, 0.06%, 9, 0, 11, 271.88
1735430550, 50, 55, 77, 0, 0, 0.06%, 9, 0, 11, 306.87
1735430560, 51, 11, 77, 0, 0, 0.06%, 9, 0, 11, 273.43
1735430565, 51, 13, 77, 0, 0, 0.06%, 9, 0, 11, 271.86
1735430570, 51, 16, 77, 0, 0, 0.06%, 9, 0, 11, 259.84
1735430575, 51, 17, 77, 0, 0, 0.06%, 9, 0, 11, 275.52
1735430580, 51, 24, 77, 0, 0, 0.06%, 9, 0, 11, 272.12
1735430585, 51, 25, 77, 0, 0, 0.06%, 9, 0, 11, 260.01
1735430590, 51, 29, 77, 0, 0, 0.06%, 9, 0, 11, 279.63
1735430595, 51, 45, 77, 0, 0, 0.06%, 9, 0, 11, 275.28
1735430600, 51, 61, 77, 0, 0, 0.06%, 9, 0, 11, 286.57
1735430611, 52, 12, 77, 0, 0, 0.06%, 9, 0, 11, 283.12
1735430616, 52, 14, 77, 0, 0, 0.06%, 9, 0, 11, 275.47
1735430621, 52, 16, 77, 0, 0, 0.06%, 9, 0, 11, 262.28
1735430626, 52, 17, 77, 0, 0, 0.06%, 9, 0, 11, 251.76
1735430631, 52, 22, 77, 0, 0, 0.06%, 9, 0, 11, 278.39
1735430636, 52, 24, 77, 0, 0, 0.06%, 9, 0, 11, 256.79
1735430641, 52, 25, 77, 0, 0, 0.06%, 9, 0, 11, 262.33
1735430646, 52, 57, 77, 0, 0, 0.06%, 9, 0, 11, 278.91
1735430651, 52, 61, 77, 0, 0, 0.06%, 9, 0, 11, 301.49
1735430661, 53, 12, 77, 0, 0, 0.06%, 9, 0, 11, 275.31
1735430666, 53, 14, 77, 0, 0, 0.06%, 9, 0, 11, 276.46
1735430671, 53, 16, 77, 0, 0, 0.06%, 9, 0, 11, 267.45
1735430676, 53, 17, 77, 0, 0, 0.06%, 9, 0, 11, 252.87
1735430681, 53, 18, 77, 0, 0, 0.06%, 9, 0, 11, 262.50
1735430686, 53, 24, 77, 0, 0, 0.06%, 9, 0, 11, 262.10
1735430691, 53, 25, 77, 0, 0, 0.06%, 9, 0, 11, 263.23
1735430696, 53, 59, 77, 0, 0, 0.06%, 9, 0, 11, 277.23
1735430706, 53, 64, 77, 0, 0, 0.06%, 9, 0, 11, 267.75
1735430721, 54, 11, 77, 0, 0, 0.06%, 9, 0, 11, 286.12
1735430726, 54, 13, 77, 0, 0, 0.06%, 9, 0, 11, 263.61
1735430731, 54, 16, 77, 0, 0, 0.06%, 9, 0, 11, 273.84
1735430736, 54, 17, 77, 0, 0, 0.06%, 9, 0, 11, 264.49
1735430741, 54, 24, 77, 0, 0, 0.06%, 9, 0, 11, 278.51
1735430747, 54, 25, 77, 0, 0, 0.06%, 9, 0, 11, 259.59
1735430757, 54, 59, 77, 0, 0, 0.06%, 9, 0, 11, 276.02
1735430767, 55, 12, 77, 0, 0, 0.06%, 9, 0, 11, 257.80
1735430772, 55, 14, 77, 0, 0, 0.06%, 9, 0, 11, 265.36
1735430777, 55, 16, 77, 0, 0, 0.06%, 9, 0, 11, 265.55
1735430782, 55, 17, 77, 0, 0, 0.06%, 9, 0, 11, 255.21
1735430787, 55, 24, 77, 0, 0, 0.06%, 9, 0, 11, 262.56
1735430793, 55, 25, 77, 0, 0, 0.06%, 9, 0, 11, 273.59
1735430798, 55, 63, 77, 0, 0, 0.06%, 9, 0, 11, 315.30
1735430803, 56, 11, 77, 0, 0, 0.06%, 9, 0, 11, 290.00
1735430808, 56, 13, 77, 0, 0, 0.06%, 9, 0, 11, 275.48
1735430813, 56, 16, 77, 0, 0, 0.06%, 9, 0, 11, 276.93
1735430818, 56, 17, 77, 0, 0, 0.06%, 9, 0, 11, 279.13
1735430823, 56, 22, 77, 0, 0, 0.06%, 9, 0, 11, 291.20
1735430833, 56, 24, 77, 0, 0, 0.06%, 9, 0, 11, 286.37
1735430838, 56, 25, 77, 0, 0, 0.06%, 9, 0, 11, 276.55
1735430843, 57, 11, 77, 0, 0, 0.06%, 9, 0, 11, 268.91
1735430849, 57, 13, 77, 0, 0, 0.06%, 9, 0, 11, 263.43
1735430854, 57, 16, 77, 0, 0, 0.06%, 9, 0, 11, 266.19
1735430859, 57, 17, 77, 0, 0, 0.06%, 9, 0, 11, 268.08
1735430864, 57, 24, 77, 0, 0, 0.06%, 9, 0, 11, 264.35
1735430869, 57, 25, 77, 0, 0, 0.06%, 9, 0, 11, 251.95
1735430874, 57, 27, 77, 0, 0, 0.06%, 9, 0, 11, 264.21
1735430879, 57, 62, 77, 0, 0, 0.06%, 9, 0, 11, 269.40
1735430889, 57, 66, 77, 0, 0, 0.06%, 9, 0, 11, 338.70
1735430904, 58, 12, 77, 0, 0, 0.06%, 9, 0, 11, 272.89
1735430909, 58, 14, 77, 0, 0, 0.06%, 9, 0, 11, 268.73
1735430914, 58, 16, 77, 0, 0, 0.06%, 9, 0, 11, 275.58
1735430919, 58, 17, 77, 0, 0, 0.06%, 9, 0, 11, 286.75
1735430924, 58, 24, 77, 0, 0, 0.06%, 9, 0, 11, 268.36
1735430929, 58, 25, 77, 0, 0, 0.06%, 9, 0, 11, 266.68
1735430934, 59, 12, 77, 0, 0, 0.06%, 9, 0, 11, 264.71
1735430939, 59, 14, 77, 0, 0, 0.06%, 9, 0, 11, 267.39
1735430944, 59, 16, 77, 0, 0, 0.06%, 9, 0, 11, 261.65
1735430950, 59, 17, 77, 0, 0, 0.06%, 9, 0, 11, 258.34
1735430955, 59, 24, 77, 0, 0, 0.06%, 9, 0, 11, 255.02
1735430960, 59, 25, 77, 0, 0, 0.06%, 9, 0, 11, 262.01
1735430965, 59, 27, 77, 0, 0, 0.06%, 9, 0, 11, 271.81
1735430970, 59, 76, 77, 0, 0, 0.06%, 9, 0, 11, 298.04
1735431000, 60, 11, 77, 0, 0, 0.06%, 9, 0, 11, 269.25
1735431006, 60, 13, 77, 0, 0, 0.06%, 9, 0, 11, 257.75
1735431011, 60, 16, 77, 0, 0, 0.06%, 9, 0, 11, 261.33
1735431016, 60, 17, 77, 0, 0, 0.06%, 9, 0, 11, 275.57
1735431021, 60, 24, 77, 0, 0, 0.06%, 9, 0, 11, 286.12
1735431026, 60, 25, 77, 0, 0, 0.06%, 9, 0, 11, 261.33
1735431036, 60, 31, 77, 0, 0, 0.06%, 9, 0, 11, 281.79
1735431041, 60, 49, 77, 0, 0, 0.06%, 9, 0, 11, 294.91
1735431046, 61, 12, 77, 0, 0, 0.06%, 9, 0, 11, 282.97
1735431051, 61, 14, 77, 0, 0, 0.06%, 9, 0, 11, 263.21
1735431056, 61, 16, 77, 0, 0, 0.06%, 9, 0, 11, 260.49
1735431061, 61, 17, 77, 0, 0, 0.06%, 9, 0, 11, 270.27
1735431067, 61, 24, 77, 0, 0, 0.06%, 9, 0, 11, 274.46
1735431072, 61, 25, 77, 0, 0, 0.06%, 9, 0, 11, 270.62
1735431077, 61, 32, 77, 0, 0, 0.06%, 9, 0, 11, 283.76
1735431082, 61, 49, 77, 0, 0, 0.06%, 9, 0, 11, 307.19
1735431087, 61, 51, 77, 0, 0, 0.06%, 9, 0, 11, 299.60
1735431092, 62, 12, 77, 0, 0, 0.06%, 9, 0, 11, 278.86
1735431097, 62, 14, 77, 0, 0, 0.06%, 9, 0, 11, 274.24
1735431102, 62, 16, 77, 0, 0, 0.06%, 9, 0, 11, 268.49
1735431107, 62, 17, 77, 0, 0, 0.06%, 9, 0, 11, 292.46
1735431112, 62, 24, 77, 0, 0, 0.06%, 9, 0, 11, 257.97
1735431117, 62, 25, 77, 0, 0, 0.06%, 9, 0, 11, 270.27
1735431122, 63, 11, 77, 0, 0, 0.06%, 9, 0, 11, 264.63
1735431127, 63, 13, 77, 0, 0, 0.06%, 9, 0, 11, 257.71
1735431132, 63, 16, 77, 0, 0, 0.06%, 9, 0, 11, 261.16
1735431137, 63, 17, 77, 0, 0, 0.06%, 9, 0, 11, 263.34
1735431143, 63, 24, 77, 0, 0, 0.06%, 9, 0, 11, 268.38
1735431148, 63, 25, 77, 0, 0, 0.06%, 9, 0, 11, 258.89
1735431153, 63, 41, 77, 0, 0, 0.06%, 9, 0, 11, 272.31
1735431158, 63, 53, 77, 0, 0, 0.06%, 9, 0, 11, 289.49
1735431163, 63, 59, 77, 0, 0, 0.06%, 9, 0, 11, 276.20
1735431168, 64, 11, 77, 0, 0, 0.06%, 9, 0, 11, 271.58
1735431173, 64, 13, 77, 0, 0, 0.06%, 9, 0, 11, 263.96
1735431178, 64, 15, 77, 0, 0, 0.06%, 9, 0, 11, 272.81
1735431184, 64, 16, 77, 0, 0, 0.06%, 9, 0, 11, 260.90
1735431189, 64, 17, 77, 0, 0, 0.06%, 9, 0, 11, 258.63
1735431194, 64, 24, 77, 0, 0, 0.06%, 9, 0, 11, 253.11
1735431199, 64, 25, 77, 0, 0, 0.06%, 9, 0, 11, 265.39
1735431204, 64, 43, 77, 0, 0, 0.06%, 9, 0, 11, 273.73
1735431209, 64, 59, 77, 0, 0, 0.06%, 9, 0, 11, 268.37
1735431214, 64, 61, 77, 0, 0, 0.06%, 9, 0, 11, 305.98
1735431224, 65, 12, 77, 0, 0, 0.06%, 9, 0, 11, 267.08
1735431229, 65, 14, 77, 0, 0, 0.06%, 9, 0, 11, 268.90
1735431234, 65, 16, 77, 0, 0, 0.06%, 9, 0, 11, 279.66
1735431239, 65, 17, 77, 0, 0, 0.06%, 9, 0, 11, 270.78
1735431244, 65, 24, 77, 0, 0, 0.06%, 9, 0, 11, 274.55
1735431249, 65, 25, 77, 0, 0, 0.06%, 9, 0, 11, 277.15
1735431255, 65, 42, 77, 0, 0, 0.06%, 9, 0, 11, 274.39
1735431260, 65, 46, 77, 0, 0, 0.06%, 9, 0, 11, 290.16
1735431265, 65, 53, 77, 0, 0, 0.06%, 9, 0, 11, 313.45
1735431270, 65, 65, 77, 0, 0, 0.06%, 9, 0, 11, 311.72
1735431275, 65, 73, 77, 0, 0, 0.06%, 9, 0, 11, 321.20
1735431280, 66, 11, 77, 0, 0, 0.06%, 9, 0, 11, 286.85
1735431285, 66, 13, 77, 0, 0, 0.06%, 9, 0, 11, 272.23
1735431290, 66, 15, 77, 0, 0, 0.06%, 9, 0, 11, 272.95
1735431295, 66, 16, 77, 0, 0, 0.06%, 9, 0, 11, 269.68
1735431300, 66, 17, 77, 0, 0, 0.06%, 9, 0, 11, 264.25
1735431305, 66, 24, 77, 0, 0, 0.06%, 9, 0, 11, 275.72
1735431310, 66, 25, 77, 0, 0, 0.06%, 9, 0, 11, 274.56
1735431315, 66, 35, 77, 0, 0, 0.06%, 9, 0, 11, 287.43
1735431321, 66, 39, 77, 0, 0, 0.06%, 9, 0, 11, 264.58
1735431326, 66, 44, 77, 0, 0, 0.06%, 9, 0, 11, 278.10
1735431331, 66, 48, 77, 0, 0, 0.06%, 9, 0, 11, 299.53
1735431336, 66, 52, 77, 0, 0, 0.06%, 9, 0, 11, 300.46
1735431341, 67, 12, 77, 0, 0, 0.06%, 9, 0, 11, 277.64
1735431346, 67, 14, 77, 0, 0, 0.06%, 9, 0, 11, 277.54
1735431351, 67, 16, 77, 0, 0, 0.06%, 9, 0, 11, 269.06
1735431356, 67, 17, 77, 0, 0, 0.06%, 9, 0, 11, 259.35
1735431361, 67, 19, 77, 0, 0, 0.06%, 9, 0, 11, 276.57
1735431366, 67, 24, 77, 0, 0, 0.06%, 9, 0, 11, 260.36
1735431371, 67, 25, 77, 0, 0, 0.06%, 9, 0, 11, 265.58
1735431376, 67, 26, 77, 0, 0, 0.06%, 9, 0, 11, 274.08
1735431381, 67, 60, 77, 0, 0, 0.06%, 9, 0, 11, 275.81
1735431386, 68, 11, 77, 0, 0, 0.06%, 9, 0, 11, 273.95
1735431391, 68, 13, 77, 0, 0, 0.06%, 9, 0, 11, 267.07
1735431396, 68, 14, 77, 0, 0, 0.06%, 9, 0, 11, 272.05
1735431401, 68, 16, 77, 0, 0, 0.06%, 9, 0, 11, 262.72
1735431407, 68, 17, 77, 0, 0, 0.06%, 9, 0, 11, 263.87
1735431412, 68, 24, 77, 0, 0, 0.06%, 9, 0, 11, 275.99
1735431417, 68, 25, 77, 0, 0, 0.06%, 9, 0, 11, 279.90
1735431422, 68, 39, 77, 0, 0, 0.06%, 9, 0, 11, 277.13
1735431427, 68, 71, 77, 0, 0, 0.06%, 9, 0, 11, 326.40
1735431442, 69, 11, 77, 0, 0, 0.06%, 9, 0, 11, 297.42
1735431447, 69, 13, 77, 0, 0, 0.06%, 9, 0, 11, 274.11
1735431452, 69, 16, 77, 0, 0, 0.06%, 9, 0, 11, 280.14
1735431457, 69, 17, 77, 0, 0, 0.06%, 9, 0, 11, 269.76
1735431467, 69, 24, 77, 0, 0, 0.06%, 9, 0, 11, 281.37
1735431473, 69, 56, 77, 0, 0, 0.06%, 9, 0, 11, 290.06
1735431488, 70, 12, 77, 0, 0, 0.06%, 9, 0, 11, 267.72
1735431493, 70, 14, 77, 0, 0, 0.06%, 9, 0, 11, 272.96
1735431498, 70, 16, 77, 0, 0, 0.06%, 9, 0, 11, 270.00
1735431503, 70, 17, 77, 0, 0, 0.06%, 9, 0, 11, 274.41
1735431508, 70, 19, 77, 0, 0, 0.06%, 9, 0, 11, 272.31
1735431513, 70, 22, 77, 0, 0, 0.06%, 9, 0, 11, 266.61
1735431518, 70, 24, 77, 0, 0, 0.06%, 9, 0, 11, 253.61
1735431523, 70, 25, 77, 0, 0, 0.06%, 9, 0, 11, 268.41
1735431528, 70, 65, 77, 0, 0, 0.06%, 9, 0, 11, 312.67
1735431533, 71, 11, 77, 0, 0, 0.06%, 9, 0, 11, 290.64
1735431539, 71, 12, 77, 0, 0, 0.06%, 9, 0, 11, 282.08
1735431544, 71, 14, 77, 0, 0, 0.06%, 9, 0, 11, 260.87
1735431549, 71, 16, 77, 0, 0, 0.06%, 9, 0, 11, 279.45
1735431554, 71, 17, 77, 0, 0, 0.06%, 9, 0, 11, 284.42
1735431559, 71, 24, 77, 0, 0, 0.06%, 9, 0, 11, 270.59
1735431564, 71, 25, 77, 0, 0, 0.06%, 9, 0, 11, 278.64
1735431569, 71, 29, 77, 0, 0, 0.06%, 9, 0, 11, 282.78
1735431574, 71, 44, 77, 0, 0, 0.06%, 9, 0, 11, 274.59
1735431579, 71, 45, 77, 0, 0, 0.06%, 9, 0, 11, 259.73
1735431584, 71, 65, 77, 0, 0, 0.06%, 9, 0, 11, 301.76
1735431590, 72, 11, 77, 0, 0, 0.06%, 9, 0, 11, 264.10
1735431595, 72, 13, 77, 0, 0, 0.06%, 9, 0, 11, 268.80
1735431600, 72, 16, 77, 0, 0, 0.06%, 9, 0, 11, 257.15
1735431605, 72, 17, 77, 0, 0, 0.06%, 9, 0, 11, 271.42
1735431610, 72, 23, 77, 0, 0, 0.06%, 9, 0, 11, 288.92
1735431615, 72, 24, 77, 0, 0, 0.06%, 9, 0, 11, 278.41
1735431620, 72, 25, 77, 0, 0, 0.06%, 9, 0, 11, 271.35
1735431630, 72, 26, 77, 0, 0, 0.06%, 9, 0, 11, 287.85
1735431635, 72, 35, 77, 0, 0, 0.06%, 9, 0, 11, 282.57
1735431640, 72, 60, 77, 0, 0, 0.06%, 9, 0, 11, 287.45
1735431645, 72, 73, 77, 0, 0, 0.06%, 9, 0, 11, 296.68
1735431650, 73, 12, 77, 0, 0, 0.06%, 9, 0, 11, 271.84
1735431655, 73, 14, 77, 0, 0, 0.06%, 9, 0, 11, 270.99
1735431661, 73, 16, 77, 0, 0, 0.06%, 9, 0, 11, 269.25
1735431666, 73, 17, 77, 0, 0, 0.06%, 9, 0, 11, 278.14
1735431671, 73, 24, 77, 0, 0, 0.06%, 9, 0, 11, 280.35
1735431676, 73, 25, 77, 0, 0, 0.06%, 9, 0, 11, 285.14
1735431681, 73, 51, 77, 0, 0, 0.06%, 9, 0, 11, 291.51
1735431686, 73, 71, 77, 0, 0, 0.06%, 9, 0, 11, 287.13
1735431691, 74, 11, 77, 0, 0, 0.06%, 9, 0, 11, 281.20
1735431696, 74, 13, 77, 0, 0, 0.06%, 9, 0, 11, 275.51
1735431701, 74, 16, 77, 0, 0, 0.06%, 9, 0, 11, 277.13
1735431706, 74, 17, 77, 0, 0, 0.06%, 9, 0, 11, 266.25
1735431711, 74, 24, 77, 0, 0, 0.06%, 9, 0, 11, 279.00
1735431721, 74, 25, 77, 0, 0, 0.06%, 9, 0, 11, 285.47
1735431726, 74, 38, 77, 0, 0, 0.06%, 9, 0, 11, 273.32
1735431731, 74, 47, 77, 0, 0, 0.06%, 9, 0, 11, 300.69
1735431736, 74, 62, 77, 0, 0, 0.06%, 9, 0, 11, 301.34
1735431741, 75, 11, 77, 0, 0, 0.06%, 9, 0, 11, 280.02
1735431747, 75, 13, 77, 0, 0, 0.06%, 9, 0, 11, 272.82
1735431752, 75, 16, 77, 0, 0, 0.06%, 9, 0, 11, 259.07
1735431757, 75, 17, 77, 0, 0, 0.06%, 9, 0, 11, 263.67
1735431762, 75, 19, 77, 0, 0, 0.06%, 9, 0, 11, 262.19
1735431767, 75, 24, 77, 0, 0, 0.06%, 9, 0, 11, 260.11
1735431772, 75, 25, 77, 0, 0, 0.06%, 9, 0, 11, 264.98
1735431777, 75, 27, 77, 0, 0, 0.06%, 9, 0, 11, 263.14
1735431787, 75, 45, 77, 0, 0, 0.06%, 9, 0, 11, 273.74
1735431792, 75, 58, 77, 0, 0, 0.06%, 9, 0, 11, 270.98
1735431797, 76, 12, 77, 0, 0, 0.06%, 9, 0, 11, 264.62
1735431803, 76, 14, 77, 0, 0, 0.06%, 9, 0, 11, 262.05
1735431808, 76, 16, 77, 0, 0, 0.06%, 9, 0, 11, 271.98
1735431813, 76, 17, 77, 0, 0, 0.06%, 9, 0, 11, 251.48
1735431818, 76, 24, 77, 0, 0, 0.06%, 9, 0, 11, 255.77
1735431823, 76, 25, 77, 0, 0, 0.06%, 9, 0, 11, 269.42
1735431828, 76, 28, 77, 0, 0, 0.06%, 9, 0, 11, 268.99
1735431833, 77, 12, 77, 0, 0, 0.06%, 9, 0, 11, 281.57
1735431838, 77, 13, 77, 0, 0, 0.06%, 9, 0, 11, 261.42
1735431843, 77, 16, 77, 0, 0, 0.06%, 9, 0, 11, 252.09
1735431848, 77, 17, 77, 0, 0, 0.06%, 9, 0, 11, 254.31
1735431853, 77, 21, 77, 0, 0, 0.06%, 9, 0, 11, 287.42
1735431858, 77, 24, 77, 0, 0, 0.06%, 9, 0, 11, 264.01
1735431863, 77, 25, 77, 0, 0, 0.06%, 9, 0, 11, 271.85
1735431868, 77, 37, 77, 0, 0, 0.06%, 9, 0, 11, 283.17
1735431873, 77, 45, 77, 0, 0, 0.06%, 9, 0, 11, 279.73
1735431879, 77, 76, 77, 0, 0, 0.06%, 9, 0, 11, 295.21
1735431909, 78, 11, 77, 0, 0, 0.06%, 9, 0, 11, 283.71
1735431914, 78, 13, 77, 0, 0, 0.06%, 9, 0, 11, 270.76
1735431919, 78, 16, 77, 0, 0, 0.06%, 9, 0, 11, 263.69
1735431924, 78, 17, 77, 0, 0, 0.06%, 9, 0, 11, 270.21
1735431934, 78, 24, 77, 0, 0, 0.06%, 9, 0, 11, 256.00
1735431939, 78, 25, 77, 0, 0, 0.06%, 9, 0, 11, 265.20
1735431944, 78, 52, 77, 0, 0, 0.06%, 9, 0, 11, 284.98
1735431949, 78, 63, 77, 0, 0, 0.06%, 9, 0, 11, 325.55
1735431954, 79, 11, 77, 0, 0, 0.06%, 9, 0, 11, 275.78
1735431959, 79, 13, 77, 0, 0, 0.06%, 9, 0, 11, 275.07
1735431964, 79, 16, 77, 0, 0, 0.06%, 9, 0, 11, 265.41
1735431970, 79, 17, 77, 0, 0, 0.06%, 9, 0, 11, 277.66
1735431975, 79, 19, 77, 0, 0, 0.06%, 9, 0, 11, 274.94
1735431980, 79, 24, 77, 0, 0, 0.06%, 9, 0, 11, 277.92
1735431985, 79, 25, 77, 0, 0, 0.06%, 9, 0, 11, 277.01
1735431995, 79, 37, 77, 0, 0, 0.06%, 9, 0, 11, 288.53
1735432000, 79, 41, 77, 0, 0, 0.06%, 9, 0, 11, 276.06
1735432005, 79, 75, 77, 0, 0, 0.06%, 9, 0, 11, 317.87
1735432031, 80, 12, 77, 0, 0, 0.06%, 9, 0, 11, 271.47
1735432036, 80, 13, 77, 0, 0, 0.06%, 9, 0, 11, 265.31
1735432041, 80, 16, 77, 0, 0, 0.06%, 9, 0, 11, 274.42
1735432046, 80, 17, 77, 0, 0, 0.06%, 9, 0, 11, 286.26
1735432051, 80, 23, 77, 0, 0, 0.06%, 9, 0, 11, 280.63
1735432056, 80, 24, 77, 0, 0, 0.06%, 9, 0, 11, 281.75
1735432062, 80, 25, 77, 0, 0, 0.06%, 9, 0, 11, 264.94
1735432067, 80, 31, 77, 0, 0, 0.06%, 9, 0, 11, 297.12
1735432072, 80, 45, 77, 0, 0, 0.06%, 9, 0, 11, 284.61
1735432077, 80, 73, 77, 0, 0, 0.06%, 9, 0, 11, 302.22
1735432082, 81, 12, 77, 0, 0, 0.06%, 9, 0, 11, 273.12
1735432087, 81, 14, 77, 0, 0, 0.06%, 9, 0, 11, 261.79
1735432092, 81, 16, 77, 0, 0, 0.06%, 9, 0, 11, 268.30
1735432097, 81, 17, 77, 0, 0, 0.06%, 9, 0, 11, 275.06
1735432102, 81, 24, 77, 0, 0, 0.06%, 9, 0, 11, 265.54
1735432108, 81, 25, 77, 0, 0, 0.06%, 9, 0, 11, 262.91
1735432113, 81, 59, 77, 0, 0, 0.06%, 9, 0, 11, 290.87
1735432118, 81, 68, 77, 0, 0, 0.06%, 9, 0, 11, 310.75
1735432128, 81, 76, 77, 0, 0, 0.06%, 9, 0, 11, 319.51
1735432158, 82, 12, 77, 0, 0, 0.06%, 9, 0, 11, 262.30
1735432163, 82, 14, 77, 0, 0, 0.06%, 9, 0, 11, 269.25
1735432168, 82, 16, 77, 0, 0, 0.06%, 9, 0, 11, 266.45
1735432173, 82, 17, 77, 0, 0, 0.06%, 9, 0, 11, 261.48
1735432178, 82, 24, 77, 0, 0, 0.06%, 9, 0, 11, 273.03
1735432183, 82, 25, 77, 0, 0, 0.06%, 9, 0, 11, 278.27
1735432188, 82, 51, 77, 0, 0, 0.06%, 9, 0, 11, 297.58
1735432194, 83, 11, 77, 0, 0, 0.06%, 9, 0, 11, 276.87
1735432199, 83, 13, 77, 0, 0, 0.06%, 9, 0, 11, 264.13
1735432204, 83, 16, 77, 0, 0, 0.06%, 9, 0, 11, 275.74
1735432209, 83, 17, 77, 0, 0, 0.06%, 9, 0, 11, 272.12
1735432214, 83, 23, 77, 0, 0, 0.06%, 9, 0, 11, 279.17
1735432219, 83, 24, 77, 0, 0, 0.06%, 9, 0, 11, 268.34
1735432224, 83, 25, 77, 0, 0, 0.06%, 9, 0, 11, 273.00
1735432229, 83, 35, 77, 0, 0, 0.06%, 9, 0, 11, 274.90
1735432234, 83, 44, 77, 0, 0, 0.06%, 9, 0, 11, 287.82
1735432240, 83, 49, 77, 0, 0, 0.06%, 9, 0, 11, 302.21
1735432245, 83, 64, 77, 0, 0, 0.06%, 9, 0, 11, 301.58
1735432255, 83, 72, 77, 0, 0, 0.06%, 9, 0, 11, 332.93
1735432270, 84, 12, 77, 0, 0, 0.06%, 9, 0, 11, 270.29
1735432275, 84, 14, 77, 0, 0, 0.06%, 9, 0, 11, 270.77
1735432280, 84, 16, 77, 0, 0, 0.06%, 9, 0, 11, 275.91
1735432285, 84, 17, 77, 0, 0, 0.06%, 9, 0, 11, 260.80
1735432290, 84, 24, 77, 0, 0, 0.06%, 9, 0, 11, 272.72
1735432295, 84, 25, 77, 0, 0, 0.06%, 9, 0, 11, 262.84
1735432300, 84, 27, 77, 0, 0, 0.06%, 9, 0, 11, 265.67
1735432305, 84, 28, 77, 0, 0, 0.06%, 9, 0, 11, 274.58
1735432310, 84, 34, 77, 0, 0, 0.06%, 9, 0, 11, 303.85
1735432315, 84, 40, 77, 0, 0, 0.06%, 9, 0, 11, 275.88
1735432320, 84, 56, 77, 0, 0, 0.06%, 9, 0, 11, 279.96
1735432331, 85, 11, 77, 0, 0, 0.06%, 9, 0, 11, 291.34
1735432336, 85, 13, 77, 0, 0, 0.06%, 9, 0, 11, 281.36
1735432341, 85, 16, 77, 0, 0, 0.06%, 9, 0, 11, 260.89
1735432346, 85, 17, 77, 0, 0, 0.06%, 9, 0, 11, 252.80
1735432351, 85, 24, 77, 0, 0, 0.06%, 9, 0, 11, 260.98
1735432356, 85, 25, 77, 0, 0, 0.06%, 9, 0, 11, 257.11
1735432361, 85, 70, 77, 0, 0, 0.06%, 9, 0, 11, 303.80
1735432377, 85, 73, 77, 0, 0, 0.06%, 9, 0, 11, 301.58
1735432382, 86, 11, 77, 0, 0, 0.06%, 9, 0, 11, 270.25
1735432387, 86, 13, 77, 0, 0, 0.06%, 9, 0, 11, 274.63
1735432392, 86, 16, 77, 0, 0, 0.06%, 9, 0, 11, 260.81
1735432397, 86, 17, 77, 0, 0, 0.06%, 9, 0, 11, 263.21
1735432402, 86, 24, 77, 0, 0, 0.06%, 9, 0, 11, 264.66
1735432407, 86, 25, 77, 0, 0, 0.06%, 9, 0, 11, 262.54
1735432412, 86, 40, 77, 0, 0, 0.06%, 9, 0, 11, 283.30
1735432417, 86, 67, 77, 0, 0, 0.06%, 9, 0, 11, 270.27
1735432432, 87, 11, 77, 0, 0, 0.06%, 9, 0, 11, 266.73
1735432437, 87, 13, 77, 0, 0, 0.06%, 9, 0, 11, 269.48
1735432442, 87, 16, 77, 0, 0, 0.06%, 9, 0, 11, 261.05
1735432447, 87, 17, 77, 0, 0, 0.06%, 9, 0, 11, 268.65
1735432453, 87, 21, 77, 0, 0, 0.06%, 9, 0, 11, 289.86
1735432458, 87, 24, 77, 0, 0, 0.06%, 9, 0, 11, 275.57
1735432463, 87, 25, 77, 0, 0, 0.06%, 9, 0, 11, 265.82
1735432468, 87, 56, 77, 0, 0, 0.06%, 9, 0, 11, 277.38
1735432473, 87, 73, 77, 0, 0, 0.06%, 9, 0, 11, 299.58
1735432478, 88, 11, 77, 0, 0, 0.06%, 9, 0, 11, 279.14
1735432483, 88, 13, 77, 0, 0, 0.06%, 9, 0, 11, 268.46
1735432488, 88, 16, 77, 0, 0, 0.06%, 9, 0, 11, 268.07
1735432493, 88, 17, 77, 0, 0, 0.06%, 9, 0, 11, 260.55
1735432498, 88, 24, 77, 0, 0, 0.06%, 9, 0, 11, 275.62
1735432503, 88, 25, 77, 0, 0, 0.06%, 9, 0, 11, 276.67
1735432508, 88, 43, 77, 0, 0, 0.06%, 9, 0, 11, 275.68
1735432513, 88, 55, 77, 0, 0, 0.06%, 9, 0, 11, 287.67
1735432519, 89, 11, 77, 0, 0, 0.06%, 9, 0, 11, 279.65
1735432524, 89, 13, 77, 0, 0, 0.06%, 9, 0, 11, 263.53
1735432529, 89, 16, 77, 0, 0, 0.06%, 9, 0, 11, 263.12
1735432534, 89, 17, 77, 0, 0, 0.06%, 9, 0, 11, 264.19
1735432539, 89, 24, 77, 0, 0, 0.06%, 9, 0, 11, 270.22
1735432544, 89, 25, 77, 0, 0, 0.06%, 9, 0, 11, 274.95
1735432549, 89, 38, 77, 0, 0, 0.06%, 9, 0, 11, 267.69
1735432559, 90, 12, 77, 0, 0, 0.06%, 9, 0, 11, 265.64
1735432564, 90, 14, 77, 0, 0, 0.06%, 9, 0, 11, 260.06
1735432569, 90, 16, 77, 0, 0, 0.06%, 9, 0, 11, 260.56
1735432574, 90, 17, 77, 0, 0, 0.06%, 9, 0, 11, 273.80
1735432579, 90, 20, 77, 0, 0, 0.06%, 9, 0, 11, 273.49
1735432584, 90, 21, 77, 0, 0, 0.06%, 9, 0, 11, 272.08
1735432590, 90, 24, 77, 0, 0, 0.06%, 9, 0, 11, 274.19
1735432595, 90, 25, 77, 0, 0, 0.06%, 9, 0, 11, 254.46
1735432600, 90, 50, 77, 0, 0, 0.06%, 9, 0, 11, 293.77
1735432605, 90, 56, 77, 0, 0, 0.06%, 9, 0, 11, 290.24
1735432610, 90, 58, 77, 0, 0, 0.06%, 9, 0, 11, 284.95
1735432615, 90, 61, 77, 0, 0, 0.06%, 9, 0, 11, 295.95
1735432620, 90, 69, 77, 0, 0, 0.06%, 9, 0, 11, 302.46
