# unix_time, cycles_done, cur_path, paths_total, pending_total, pending_favs, map_size, unique_crashes, unique_hangs, max_depth, execs_per_sec
1735389428, 0, 0, 10, 10, 1, 0.00%, 0, 0, 1, 173.16
1735389433, 0, 3, 10, 10, 1, 0.00%, 0, 0, 1, 205.90
1735389438, 0, 4, 10, 9, 0, 0.00%, 0, 0, 1, 211.47
1735389443, 0, 5, 10, 8, 0, 0.00%, 0, 0, 1, 205.87
1735389454, 0, 6, 10, 7, 0, 0.00%, 0, 0, 1, 213.97
1735389459, 0, 7, 10, 6, 0, 0.00%, 0, 0, 1, 197.68
1735389469, 0, 8, 10, 5, 0, 0.00%, 0, 0, 1, 215.16
1735389474, 0, 9, 10, 4, 0, 0.00%, 0, 0, 1, 217.70
1735389479, 1, 0, 10, 3, 0, 0.00%, 0, 0, 1, 205.51
1735389489, 1, 1, 10, 2, 0, 0.00%, 0, 0, 1, 199.41
1735389499, 1, 2, 10, 1, 0, 0.00%, 0, 0, 1, 215.52
1735389509, 1, 3, 10, 0, 0, 0.00%, 0, 0, 1, 215.48
1735389515, 1, 5, 10, 0, 0, 0.00%, 0, 0, 1, 212.73
1735389520, 1, 6, 10, 0, 0, 0.00%, 0, 0, 1, 211.01
1735389525, 1, 8, 10, 0, 0, 0.00%, 0, 0, 1, 217.43
1735389530, 1, 9, 10, 0, 0, 0.00%, 0, 0, 1, 212.37
1735389535, 2, 1, 10, 0, 0, 0.00%, 0, 0, 1, 215.59
1735389540, 2, 2, 10, 0, 0, 0.00%, 0, 0, 1, 215.04
1735389545, 2, 4, 10, 0, 0, 0.00%, 0, 0, 1, 213.70
1735389550, 2, 5, 10, 0, 0, 0.00%, 0, 0, 1, 211.19
1735389555, 2, 7, 10, 0, 0, 0.00%, 0, 0, 1, 213.16
1735389560, 2, 8, 10, 0, 0, 0.00%, 0, 0, 1, 214.82
1735389565, 2, 9, 11, 1, 0, 0.05%, 1, 0, 2, 219.29
1735389570, 2, 10, 12, 2, 1, 0.05%, 2, 0, 3, 232.51
1735389580, 2, 10, 13, 3, 1, 0.05%, 3, 0, 3, 226.53
1735389591, 2, 10, 14, 4, 1, 0.05%, 4, 0, 3, 227.94
1735389626, 2, 10, 15, 5, 1, 0.06%, 5, 0, 3, 217.61
1735389636, 2, 10, 16, 6, 1, 0.06%, 6, 0, 3, 222.74
1735389697, 2, 11, 18, 7, 5, 0.06%, 7, 0, 4, 227.75
1735389712, 2, 11, 19, 8, 5, 0.06%, 7, 0, 4, 215.54
1735389727, 2, 11, 20, 9, 5, 0.06%, 7, 0, 4, 215.03
1735389743, 2, 11, 21, 10, 5, 0.06%, 8, 0, 4, 213.50
1735389763, 2, 11, 22, 11, 5, 0.06%, 8, 0, 4, 217.05
1735389829, 2, 11, 23, 12, 5, 0.06%, 8, 0, 4, 212.94
1735389860, 2, 12, 23, 11, 6, 0.06%, 8, 0, 4, 231.82
1735389870, 2, 12, 24, 12, 6, 0.06%, 8, 0, 4, 211.11
1735389880, 2, 12, 25, 13, 6, 0.06%, 8, 0, 4, 211.29
1735389890, 2, 12, 26, 14, 6, 0.06%, 9, 0, 4, 212.96
1735389895, 2, 12, 27, 15, 6, 0.06%, 9, 0, 4, 210.83
1735389910, 2, 12, 28, 16, 6, 0.06%, 9, 0, 4, 215.45
1735389976, 2, 12, 29, 17, 6, 0.06%, 9, 0, 4, 229.65
1735389981, 2, 13, 29, 16, 6, 0.06%, 9, 0, 4, 244.20
1735390001, 2, 13, 30, 17, 6, 0.06%, 9, 0, 4, 225.79
1735390006, 2, 14, 30, 16, 5, 0.06%, 9, 0, 4, 231.54
1735390027, 2, 15, 32, 17, 4, 0.06%, 9, 0, 4, 261.40
1735390047, 2, 16, 33, 17, 3, 0.06%, 9, 0, 4, 232.27
1735390052, 2, 16, 34, 18, 3, 0.06%, 9, 0, 5, 232.40
1735390103, 2, 16, 35, 19, 3, 0.06%, 9, 0, 5, 218.79
1735390159, 2, 16, 36, 20, 3, 0.06%, 9, 0, 5, 218.05
1735390169, 2, 16, 37, 21, 3, 0.06%, 9, 0, 5, 241.33
1735390174, 2, 20, 37, 20, 2, 0.06%, 9, 0, 5, 255.01
1735390179, 2, 20, 38, 21, 2, 0.06%, 9, 0, 5, 261.86
1735390235, 2, 20, 39, 22, 2, 0.06%, 9, 0, 5, 223.76
1735390245, 2, 25, 39, 21, 1, 0.06%, 9, 0, 5, 260.73
1735390261, 2, 25, 40, 22, 1, 0.06%, 9, 0, 5, 230.81
1735390271, 2, 25, 41, 23, 1, 0.06%, 9, 0, 5, 230.63
1735390368, 2, 34, 42, 23, 0, 0.06%, 9, 0, 6, 371.86
1735390383, 2, 34, 43, 24, 0, 0.06%, 9, 0, 6, 262.91
1735390418, 3, 11, 43, 23, 0, 0.06%, 9, 0, 6, 227.24
1735390424, 3, 12, 43, 23, 0, 0.06%, 9, 0, 6, 223.23
1735390429, 3, 13, 43, 23, 0, 0.06%, 9, 0, 6, 227.67
1735390434, 3, 14, 43, 23, 0, 0.06%, 9, 0, 6, 229.70
1735390439, 3, 15, 43, 23, 0, 0.06%, 9, 0, 6, 238.28
1735390444, 3, 15, 45, 25, 0, 0.06%, 9, 0, 6, 220.39
1735390454, 3, 16, 45, 25, 0, 0.06%, 9, 0, 6, 221.05
1735390464, 3, 18, 46, 26, 0, 0.06%, 9, 0, 6, 281.42
1735390485, 3, 18, 47, 27, 0, 0.06%, 9, 0, 6, 238.21
1735390510, 3, 20, 47, 26, 0, 0.06%, 9, 0, 6, 222.80
1735390520, 3, 20, 49, 28, 0, 0.06%, 9, 0, 6, 234.46
1735390525, 3, 21, 49, 28, 0, 0.06%, 9, 0, 6, 282.78
1735390535, 3, 21, 50, 29, 0, 0.06%, 9, 0, 6, 237.23
1735390576, 3, 25, 50, 28, 0, 0.06%, 9, 0, 6, 228.56
1735390586, 3, 28, 50, 28, 0, 0.06%, 9, 0, 6, 235.31
1735390622, 3, 34, 50, 27, 0, 0.06%, 9, 0, 6, 253.25
1735390633, 3, 39, 50, 27, 0, 0.06%, 9, 0, 6, 296.79
1735390694, 3, 39, 55, 32, 0, 0.06%, 9, 0, 6, 446.36
1735390709, 3, 39, 56, 33, 0, 0.06%, 9, 0, 6, 458.53
1735391064, 3, 42, 56, 32, 0, 0.06%, 9, 0, 6, 205.62
1735391135, 3, 42, 58, 34, 0, 0.06%, 9, 0, 7, 439.27
1735391552, 3, 42, 59, 35, 0, 0.06%, 9, 0, 7, 309.68
1735391562, 3, 46, 59, 34, 0, 0.06%, 9, 0, 7, 357.86
1735391607, 3, 47, 59, 33, 0, 0.06%, 9, 0, 7, 239.09
1735391617, 3, 47, 60, 34, 0, 0.06%, 9, 0, 7, 289.56
1735391638, 3, 47, 61, 35, 0, 0.06%, 9, 0, 7, 254.65
1735391648, 3, 47, 62, 36, 0, 0.06%, 9, 0, 7, 256.58
1735391658, 3, 47, 63, 37, 0, 0.06%, 9, 0, 7, 248.88
1735391698, 3, 47, 64, 38, 0, 0.06%, 9, 0, 7, 257.16
1735391714, 3, 47, 65, 39, 0, 0.06%, 9, 0, 7, 254.16
1735391719, 3, 47, 66, 40, 0, 0.06%, 9, 0, 7, 253.97
1735391750, 3, 48, 66, 39, 0, 0.06%, 9, 0, 7, 249.36
1735391770, 3, 48, 67, 40, 0, 0.06%, 9, 0, 7, 247.84
1735391795, 3, 49, 67, 39, 0, 0.06%, 9, 0, 7, 274.94
1735391856, 3, 54, 67, 38, 0, 0.06%, 9, 0, 7, 338.58
1735391958, 3, 56, 67, 37, 0, 0.06%, 9, 0, 7, 310.19
1735392054, 3, 59, 67, 36, 0, 0.06%, 9, 0, 7, 238.62
1735392141, 3, 59, 68, 37, 0, 0.06%, 9, 0, 7, 420.99
1735392161, 3, 59, 69, 38, 0, 0.06%, 9, 0, 7, 317.68
1735392187, 3, 59, 70, 39, 0, 0.06%, 9, 0, 7, 311.95
1735392252, 3, 61, 70, 38, 0, 0.06%, 9, 0, 7, 285.88
1735392303, 3, 64, 71, 38, 0, 0.06%, 9, 0, 7, 305.30
1735392333, 3, 65, 71, 37, 0, 0.06%, 9, 0, 7, 232.78
1735392394, 3, 65, 73, 39, 0, 0.06%, 9, 0, 7, 441.00
1735392750, 3, 67, 73, 38, 0, 0.06%, 9, 0, 7, 355.13
1735392781, 4, 12, 73, 37, 0, 0.06%, 9, 0, 7, 264.91
1735392786, 4, 14, 73, 37, 0, 0.06%, 9, 0, 7, 261.39
1735392791, 4, 15, 73, 37, 0, 0.06%, 9, 0, 7, 260.05
1735392796, 4, 16, 73, 37, 0, 0.06%, 9, 0, 7, 266.59
1735392801, 4, 20, 73, 37, 0, 0.06%, 9, 0, 7, 268.97
1735392806, 4, 22, 73, 37, 0, 0.06%, 9, 0, 7, 392.58
1735392831, 4, 25, 73, 36, 0, 0.06%, 9, 0, 7, 281.71
1735392836, 4, 29, 73, 36, 0, 0.06%, 9, 0, 7, 300.85
1735392866, 4, 33, 73, 35, 0, 0.06%, 9, 0, 7, 281.10
1735392891, 4, 36, 73, 34, 0, 0.06%, 9, 0, 7, 259.44
1735392922, 4, 43, 73, 33, 0, 0.06%, 9, 0, 7, 280.09
1735392947, 4, 45, 73, 32, 0, 0.06%, 9, 0, 7, 261.42
1735393125, 4, 53, 73, 31, 0, 0.06%, 9, 0, 7, 243.92
1735393531, 4, 64, 73, 30, 0, 0.06%, 9, 0, 7, 281.71
1735393541, 4, 72, 73, 30, 0, 0.06%, 9, 0, 7, 267.31
1735393653, 5, 12, 73, 29, 0, 0.06%, 9, 0, 7, 275.25
1735393658, 5, 14, 73, 29, 0, 0.06%, 9, 0, 7, 258.50
1735393663, 5, 16, 73, 29, 0, 0.06%, 9, 0, 7, 243.08
1735393668, 5, 20, 73, 29, 0, 0.06%, 9, 0, 7, 248.99
1735393673, 5, 25, 73, 29, 0, 0.06%, 9, 0, 7, 251.00
1735393684, 5, 52, 73, 29, 0, 0.06%, 9, 0, 7, 357.42
1735393785, 5, 62, 73, 28, 0, 0.06%, 9, 0, 7, 353.64
1735393928, 5, 63, 73, 27, 0, 0.06%, 9, 0, 7, 358.05
1735393963, 5, 69, 73, 26, 0, 0.06%, 9, 0, 7, 222.79
1735394506, 5, 71, 73, 25, 0, 0.06%, 9, 0, 7, 377.25
1735394603, 6, 5, 73, 24, 0, 0.06%, 9, 0, 7, 264.10
1735394608, 6, 12, 73, 24, 0, 0.06%, 9, 0, 7, 263.50
1735394614, 6, 14, 73, 24, 0, 0.06%, 9, 0, 7, 248.49
1735394619, 6, 16, 73, 24, 0, 0.06%, 9, 0, 7, 247.66
1735394624, 6, 19, 73, 24, 0, 0.06%, 9, 0, 7, 266.47
1735394660, 6, 20, 73, 23, 0, 0.06%, 9, 0, 7, 243.14
1735394665, 6, 24, 73, 23, 0, 0.06%, 9, 0, 7, 293.55
1735394695, 6, 25, 73, 22, 0, 0.06%, 9, 0, 7, 249.58
1735394700, 6, 26, 73, 22, 0, 0.06%, 9, 0, 7, 299.31
1735394736, 6, 27, 73, 21, 0, 0.06%, 9, 0, 7, 397.99
1735394767, 6, 30, 73, 20, 0, 0.06%, 9, 0, 7, 338.73
1735394792, 6, 61, 73, 19, 0, 0.06%, 9, 0, 7, 298.45
1735394802, 6, 67, 73, 19, 0, 0.06%, 9, 0, 7, 270.50
1735394812, 7, 12, 73, 19, 0, 0.06%, 9, 0, 7, 265.47
1735394817, 7, 13, 73, 19, 0, 0.06%, 9, 0, 7, 256.56
1735394823, 7, 15, 73, 19, 0, 0.06%, 9, 0, 7, 249.22
1735394828, 7, 16, 73, 19, 0, 0.06%, 9, 0, 7, 244.25
1735394833, 7, 20, 73, 19, 0, 0.06%, 9, 0, 7, 250.25
1735394838, 7, 25, 73, 19, 0, 0.06%, 9, 0, 7, 242.44
1735394843, 7, 38, 73, 19, 0, 0.06%, 9, 0, 7, 285.07
1735394868, 7, 40, 73, 18, 0, 0.06%, 9, 0, 7, 228.46
1735395342, 7, 41, 73, 17, 0, 0.06%, 9, 0, 7, 285.86
1735395368, 7, 60, 73, 16, 0, 0.06%, 9, 0, 7, 339.26
1735395398, 7, 68, 73, 15, 0, 0.06%, 9, 0, 7, 275.93
1735395484, 8, 12, 73, 14, 0, 0.06%, 9, 0, 7, 252.45
1735395490, 8, 14, 73, 14, 0, 0.06%, 9, 0, 7, 254.52
1735395495, 8, 16, 73, 14, 0, 0.06%, 9, 0, 7, 255.14
1735395500, 8, 20, 73, 14, 0, 0.06%, 9, 0, 7, 254.24
1735395510, 8, 25, 73, 14, 0, 0.06%, 9, 0, 7, 248.32
1735395515, 8, 34, 73, 14, 0, 0.06%, 9, 0, 7, 257.71
1735395520, 8, 50, 73, 14, 0, 0.06%, 9, 0, 7, 339.54
1735395617, 8, 51, 73, 13, 0, 0.06%, 9, 0, 7, 300.36
1735395724, 8, 58, 73, 12, 0, 0.06%, 9, 0, 7, 382.47
1735395754, 8, 62, 73, 11, 0, 0.06%, 9, 0, 7, 271.13
1735395764, 8, 66, 73, 11, 0, 0.06%, 9, 0, 7, 292.37
1735395866, 9, 4, 73, 10, 0, 0.06%, 9, 0, 7, 259.83
1735395871, 9, 10, 73, 10, 0, 0.06%, 9, 0, 7, 257.47
1735395876, 9, 12, 73, 10, 0, 0.06%, 9, 0, 7, 254.93
1735395881, 9, 14, 73, 10, 0, 0.06%, 9, 0, 7, 254.10
1735395886, 9, 16, 73, 10, 0, 0.06%, 9, 0, 7, 254.36
1735395896, 9, 17, 73, 10, 0, 0.06%, 9, 0, 7, 257.00
1735395922, 9, 20, 73, 9, 0, 0.06%, 9, 0, 7, 251.10
1735395927, 9, 23, 73, 9, 0, 0.06%, 9, 0, 7, 282.24
1735395952, 9, 25, 73, 8, 0, 0.06%, 9, 0, 7, 255.61
1735395957, 9, 52, 73, 8, 0, 0.06%, 9, 0, 7, 270.18
1735395967, 9, 68, 73, 8, 0, 0.06%, 9, 0, 7, 285.74
1735395977, 10, 11, 73, 8, 0, 0.06%, 9, 0, 7, 253.89
1735395982, 10, 13, 73, 8, 0, 0.06%, 9, 0, 7, 253.70
1735395987, 10, 14, 73, 8, 0, 0.06%, 9, 0, 7, 250.63
1735395993, 10, 16, 73, 8, 0, 0.06%, 9, 0, 7, 239.80
1735395998, 10, 20, 73, 8, 0, 0.06%, 9, 0, 7, 251.60
1735396003, 10, 25, 73, 8, 0, 0.06%, 9, 0, 7, 253.02
1735396008, 10, 36, 73, 8, 0, 0.06%, 9, 0, 7, 253.01
1735396023, 10, 41, 73, 8, 0, 0.06%, 9, 0, 7, 248.15
1735396033, 11, 12, 73, 8, 0, 0.06%, 9, 0, 7, 253.69
1735396038, 11, 14, 73, 8, 0, 0.06%, 9, 0, 7, 261.00
1735396043, 11, 15, 73, 8, 0, 0.06%, 9, 0, 7, 254.49
1735396048, 11, 16, 73, 8, 0, 0.06%, 9, 0, 7, 259.17
1735396053, 11, 20, 73, 8, 0, 0.06%, 9, 0, 7, 241.81
1735396059, 11, 25, 73, 8, 0, 0.06%, 9, 0, 7, 257.98
1735396064, 11, 31, 73, 8, 0, 0.06%, 9, 0, 7, 362.48
1735396094, 11, 35, 73, 7, 0, 0.06%, 9, 0, 7, 396.88
1735396124, 11, 37, 73, 6, 0, 0.06%, 9, 0, 7, 311.91
1735396150, 11, 44, 73, 5, 0, 0.06%, 9, 0, 7, 307.54
1735396180, 11, 69, 73, 4, 0, 0.06%, 9, 0, 7, 257.98
1735396190, 12, 11, 73, 4, 0, 0.06%, 9, 0, 7, 272.58
1735396195, 12, 13, 73, 4, 0, 0.06%, 9, 0, 7, 265.77
1735396200, 12, 14, 73, 4, 0, 0.06%, 9, 0, 7, 262.09
1735396205, 12, 16, 73, 4, 0, 0.06%, 9, 0, 7, 246.97
1735396210, 12, 20, 73, 4, 0, 0.06%, 9, 0, 7, 261.43
1735396215, 12, 25, 73, 4, 0, 0.06%, 9, 0, 7, 254.80
1735396221, 12, 48, 73, 4, 0, 0.06%, 9, 0, 7, 261.72
1735396236, 12, 57, 73, 4, 0, 0.06%, 9, 0, 7, 396.42
1735396333, 13, 2, 73, 3, 0, 0.06%, 9, 0, 7, 250.21
1735396338, 13, 12, 73, 3, 0, 0.06%, 9, 0, 7, 244.97
1735396343, 13, 14, 73, 3, 0, 0.06%, 9, 0, 7, 248.97
1735396348, 13, 15, 73, 3, 0, 0.06%, 9, 0, 7, 252.94
1735396353, 13, 19, 73, 3, 0, 0.06%, 9, 0, 7, 254.83
1735396368, 13, 20, 73, 3, 0, 0.06%, 9, 0, 7, 247.12
1735396373, 13, 25, 73, 3, 0, 0.06%, 9, 0, 7, 245.73
1735396379, 13, 38, 73, 3, 0, 0.06%, 9, 0, 7, 266.24
1735396389, 13, 46, 73, 3, 0, 0.06%, 9, 0, 7, 285.42
1735396399, 13, 56, 73, 3, 0, 0.06%, 9, 0, 7, 275.06
1735396409, 13, 59, 73, 3, 0, 0.06%, 9, 0, 7, 295.47
1735396420, 14, 11, 73, 3, 0, 0.06%, 9, 0, 7, 246.12
1735396425, 14, 13, 73, 3, 0, 0.06%, 9, 0, 7, 255.01
1735396430, 14, 15, 73, 3, 0, 0.06%, 9, 0, 7, 259.55
1735396435, 14, 16, 73, 3, 0, 0.06%, 9, 0, 7, 251.51
1735396440, 14, 18, 73, 3, 0, 0.06%, 9, 0, 7, 256.79
1735396450, 14, 20, 73, 3, 0, 0.06%, 9, 0, 7, 254.48
1735396455, 14, 25, 73, 3, 0, 0.06%, 9, 0, 7, 251.21
1735396460, 14, 43, 73, 3, 0, 0.06%, 9, 0, 7, 258.19
1735396476, 14, 55, 73, 3, 0, 0.06%, 9, 0, 7, 342.64
1735396648, 15, 11, 73, 2, 0, 0.06%, 9, 0, 7, 253.42
1735396654, 15, 13, 73, 2, 0, 0.06%, 9, 0, 7, 252.24
1735396659, 15, 14, 73, 2, 0, 0.06%, 9, 0, 7, 261.51
1735396664, 15, 16, 73, 2, 0, 0.06%, 9, 0, 7, 244.99
1735396669, 15, 20, 73, 2, 0, 0.06%, 9, 0, 7, 253.79
1735396674, 15, 21, 73, 2, 0, 0.06%, 9, 0, 7, 249.89
1735396689, 15, 24, 73, 2, 0, 0.06%, 9, 0, 7, 256.50
1735396699, 15, 25, 73, 2, 0, 0.06%, 9, 0, 7, 256.12
1735396704, 15, 27, 73, 2, 0, 0.06%, 9, 0, 7, 277.42
1735396714, 15, 33, 73, 2, 0, 0.06%, 9, 0, 7, 252.23
1735396725, 15, 70, 73, 2, 0, 0.06%, 9, 0, 7, 329.46
1735396755, 16, 0, 73, 1, 0, 0.06%, 9, 0, 7, 268.41
1735396760, 16, 12, 73, 1, 0, 0.06%, 9, 0, 7, 250.33
1735396765, 16, 14, 73, 1, 0, 0.06%, 9, 0, 7, 240.78
1735396770, 16, 15, 73, 1, 0, 0.06%, 9, 0, 7, 244.73
1735396775, 16, 16, 73, 1, 0, 0.06%, 9, 0, 7, 263.76
1735396780, 16, 17, 73, 1, 0, 0.06%, 9, 0, 7, 244.61
1735396791, 16, 20, 73, 1, 0, 0.06%, 9, 0, 7, 267.31
1735396796, 16, 25, 73, 1, 0, 0.06%, 9, 0, 7, 248.81
1735396801, 16, 39, 73, 1, 0, 0.06%, 9, 0, 7, 291.78
1735396811, 16, 50, 73, 1, 0, 0.06%, 9, 0, 7, 270.79
1735396821, 16, 70, 73, 1, 0, 0.06%, 9, 0, 7, 271.81
1735396831, 17, 11, 73, 1, 0, 0.06%, 9, 0, 7, 263.42
1735396836, 17, 13, 73, 1, 0, 0.06%, 9, 0, 7, 254.78
1735396841, 17, 14, 73, 1, 0, 0.06%, 9, 0, 7, 250.74
1735396846, 17, 16, 73, 1, 0, 0.06%, 9, 0, 7, 243.51
1735396851, 17, 20, 73, 1, 0, 0.06%, 9, 0, 7, 253.22
1735396856, 17, 25, 73, 1, 0, 0.06%, 9, 0, 7, 252.65
1735396861, 17, 51, 73, 1, 0, 0.06%, 9, 0, 7, 248.30
1735396877, 18, 12, 73, 1, 0, 0.06%, 9, 0, 7, 257.37
1735396882, 18, 14, 73, 1, 0, 0.06%, 9, 0, 7, 260.10
1735396887, 18, 15, 73, 1, 0, 0.06%, 9, 0, 7, 258.17
1735396892, 18, 16, 73, 1, 0, 0.06%, 9, 0, 7, 257.58
1735396897, 18, 20, 73, 1, 0, 0.06%, 9, 0, 7, 247.58
1735396902, 18, 25, 73, 1, 0, 0.06%, 9, 0, 7, 239.27
1735396907, 18, 31, 73, 1, 0, 0.06%, 9, 0, 7, 275.10
1735396917, 18, 43, 73, 1, 0, 0.06%, 9, 0, 7, 251.63
1735396927, 19, 1, 73, 1, 0, 0.06%, 9, 0, 7, 252.00
1735396932, 19, 12, 73, 1, 0, 0.06%, 9, 0, 7, 246.92
1735396937, 19, 14, 73, 1, 0, 0.06%, 9, 0, 7, 259.87
1735396942, 19, 15, 73, 1, 0, 0.06%, 9, 0, 7, 254.97
1735396947, 19, 16, 73, 1, 0, 0.06%, 9, 0, 7, 262.95
1735396952, 19, 20, 73, 1, 0, 0.06%, 9, 0, 7, 260.00
1735396957, 19, 25, 73, 1, 0, 0.06%, 9, 0, 7, 252.22
1735396962, 19, 30, 73, 1, 0, 0.06%, 9, 0, 7, 261.11
1735396972, 19, 39, 73, 1, 0, 0.06%, 9, 0, 7, 285.00
1735396977, 19, 69, 73, 1, 0, 0.06%, 9, 0, 7, 328.90
1735396988, 20, 11, 73, 1, 0, 0.06%, 9, 0, 7, 250.90
1735396993, 20, 13, 73, 1, 0, 0.06%, 9, 0, 7, 258.53
1735396998, 20, 15, 73, 1, 0, 0.06%, 9, 0, 7, 250.85
1735397003, 20, 16, 73, 1, 0, 0.06%, 9, 0, 7, 242.34
1735397008, 20, 18, 73, 1, 0, 0.06%, 9, 0, 7, 244.44
1735397013, 20, 20, 73, 1, 0, 0.06%, 9, 0, 7, 254.27
1735397018, 20, 22, 73, 1, 0, 0.06%, 9, 0, 7, 253.53
1735397033, 20, 25, 73, 1, 0, 0.06%, 9, 0, 7, 237.16
1735397038, 20, 31, 73, 1, 0, 0.06%, 9, 0, 7, 256.97
1735397043, 21, 12, 73, 1, 0, 0.06%, 9, 0, 7, 247.09
1735397048, 21, 14, 73, 1, 0, 0.06%, 9, 0, 7, 242.33
1735397053, 21, 15, 73, 1, 0, 0.06%, 9, 0, 7, 251.27
1735397059, 21, 16, 73, 1, 0, 0.06%, 9, 0, 7, 249.20
1735397064, 21, 20, 73, 1, 0, 0.06%, 9, 0, 7, 248.67
1735397069, 21, 25, 73, 1, 0, 0.06%, 9, 0, 7, 245.03
1735397074, 21, 51, 73, 1, 0, 0.06%, 9, 0, 7, 269.27
1735397084, 22, 11, 73, 1, 0, 0.06%, 9, 0, 7, 244.50
1735397089, 22, 12, 73, 1, 0, 0.06%, 9, 0, 7, 250.29
1735397094, 22, 14, 73, 1, 0, 0.06%, 9, 0, 7, 258.26
1735397099, 22, 16, 73, 1, 0, 0.06%, 9, 0, 7, 247.10
1735397104, 22, 20, 73, 1, 0, 0.06%, 9, 0, 7, 255.92
1735397109, 22, 25, 73, 1, 0, 0.06%, 9, 0, 7, 255.40
1735397114, 22, 36, 73, 1, 0, 0.06%, 9, 0, 7, 250.65
1735397124, 22, 71, 73, 1, 0, 0.06%, 9, 0, 7, 297.82
1735397129, 23, 12, 73, 1, 0, 0.06%, 9, 0, 7, 260.30
1735397134, 23, 14, 73, 1, 0, 0.06%, 9, 0, 7, 259.98
1735397139, 23, 15, 73, 1, 0, 0.06%, 9, 0, 7, 253.49
1735397144, 23, 16, 73, 1, 0, 0.06%, 9, 0, 7, 249.50
1735397150, 23, 20, 73, 1, 0, 0.06%, 9, 0, 7, 259.98
1735397155, 23, 25, 73, 1, 0, 0.06%, 9, 0, 7, 261.47
1735397160, 23, 32, 73, 1, 0, 0.06%, 9, 0, 7, 301.03
1735397185, 23, 42, 73, 0, 0, 0.06%, 9, 0, 7, 298.95
1735397195, 23, 45, 73, 0, 0, 0.06%, 9, 0, 7, 303.75
1735397206, 23, 67, 73, 0, 0, 0.06%, 9, 0, 7, 272.41
1735397216, 24, 11, 73, 0, 0, 0.06%, 9, 0, 7, 272.73
1735397221, 24, 12, 74, 1, 0, 0.06%, 9, 0, 7, 261.91
1735397226, 24, 14, 74, 1, 0, 0.06%, 9, 0, 7, 256.61
1735397231, 24, 16, 74, 1, 0, 0.06%, 9, 0, 7, 249.28
1735397236, 24, 20, 74, 1, 0, 0.06%, 9, 0, 7, 250.19
1735397246, 24, 21, 74, 1, 0, 0.06%, 9, 0, 7, 248.97
1735397252, 24, 25, 74, 1, 0, 0.06%, 9, 0, 7, 259.17
1735397257, 24, 35, 74, 1, 0, 0.06%, 9, 0, 7, 269.80
1735397267, 24, 36, 74, 1, 0, 0.06%, 9, 0, 7, 252.61
1735397272, 24, 40, 74, 1, 0, 0.06%, 9, 0, 7, 318.80
1735397282, 24, 45, 74, 1, 0, 0.06%, 9, 0, 7, 304.01
1735397292, 24, 52, 74, 1, 0, 0.06%, 9, 0, 7, 286.57
1735397302, 25, 11, 74, 1, 0, 0.06%, 9, 0, 7, 250.05
1735397307, 25, 12, 74, 1, 0, 0.06%, 9, 0, 7, 260.63
1735397312, 25, 14, 74, 1, 0, 0.06%, 9, 0, 7, 258.03
1735397317, 25, 16, 74, 1, 0, 0.06%, 9, 0, 7, 245.07
1735397322, 25, 20, 74, 1, 0, 0.06%, 9, 0, 7, 260.23
1735397328, 25, 22, 74, 1, 0, 0.06%, 9, 0, 7, 261.39
1735397333, 25, 23, 74, 1, 0, 0.06%, 9, 0, 7, 268.85
1735397348, 25, 25, 74, 1, 0, 0.06%, 9, 0, 7, 260.29
1735397353, 25, 35, 74, 1, 0, 0.06%, 9, 0, 7, 252.70
1735397358, 25, 55, 74, 1, 0, 0.06%, 9, 0, 7, 290.23
1735397368, 25, 59, 74, 1, 0, 0.06%, 9, 0, 7, 305.85
1735397378, 26, 11, 74, 1, 0, 0.06%, 9, 0, 7, 254.23
1735397383, 26, 13, 74, 1, 0, 0.06%, 9, 0, 7, 264.07
1735397388, 26, 15, 74, 1, 0, 0.06%, 9, 0, 7, 253.86
1735397393, 26, 16, 74, 1, 0, 0.06%, 9, 0, 7, 261.84
1735397398, 26, 20, 74, 1, 0, 0.06%, 9, 0, 7, 254.41
1735397403, 26, 25, 74, 1, 0, 0.06%, 9, 0, 7, 248.38
1735397408, 26, 49, 74, 1, 0, 0.06%, 9, 0, 7, 279.06
1735397419, 27, 11, 74, 1, 0, 0.06%, 9, 0, 7, 258.15
1735397424, 27, 13, 74, 1, 0, 0.06%, 9, 0, 7, 252.19
1735397429, 27, 15, 74, 1, 0, 0.06%, 9, 0, 7, 243.55
1735397434, 27, 16, 74, 1, 0, 0.06%, 9, 0, 7, 257.26
1735397439, 27, 20, 74, 1, 0, 0.06%, 9, 0, 7, 269.85
1735397444, 27, 25, 74, 1, 0, 0.06%, 9, 0, 7, 259.77
1735397449, 27, 42, 74, 1, 0, 0.06%, 9, 0, 7, 276.56
1735397454, 27, 52, 74, 1, 0, 0.06%, 9, 0, 7, 272.79
1735397459, 27, 56, 74, 1, 0, 0.06%, 9, 0, 7, 282.07
1735397469, 27, 60, 74, 1, 0, 0.06%, 9, 0, 7, 266.01
1735397479, 28, 11, 74, 1, 0, 0.06%, 9, 0, 7, 251.77
1735397484, 28, 13, 74, 1, 0, 0.06%, 9, 0, 7, 254.78
1735397490, 28, 15, 74, 1, 0, 0.06%, 9, 0, 7, 255.09
1735397495, 28, 16, 74, 1, 0, 0.06%, 9, 0, 7, 247.89
1735397500, 28, 18, 74, 1, 0, 0.06%, 9, 0, 7, 267.87
1735397505, 28, 20, 74, 1, 0, 0.06%, 9, 0, 7, 254.65
1735397510, 28, 25, 74, 1, 0, 0.06%, 9, 0, 7, 253.36
1735397515, 28, 32, 74, 1, 0, 0.06%, 9, 0, 7, 252.71
1735397525, 28, 55, 74, 1, 0, 0.06%, 9, 0, 7, 274.75
1735397540, 28, 57, 74, 1, 0, 0.06%, 9, 0, 7, 271.67
1735397550, 28, 61, 74, 1, 0, 0.06%, 9, 0, 7, 295.02
1735397561, 28, 73, 74, 1, 0, 0.06%, 9, 0, 7, 361.82
1735397571, 28, 73, 75, 2, 0, 0.06%, 9, 0, 7, 452.71
1735397677, 29, 0, 75, 1, 0, 0.06%, 9, 0, 7, 237.46
1735397682, 29, 11, 75, 1, 0, 0.06%, 9, 0, 7, 249.99
1735397687, 29, 14, 75, 1, 0, 0.06%, 9, 0, 7, 260.42
1735397692, 29, 15, 75, 1, 0, 0.06%, 9, 0, 7, 253.46
1735397698, 29, 16, 75, 1, 0, 0.06%, 9, 0, 7, 252.99
1735397703, 29, 20, 75, 1, 0, 0.06%, 9, 0, 7, 257.06
1735397708, 29, 21, 75, 1, 0, 0.06%, 9, 0, 7, 247.88
1735397713, 29, 25, 75, 1, 0, 0.06%, 9, 0, 7, 248.33
1735397718, 29, 51, 75, 1, 0, 0.06%, 9, 0, 7, 272.07
1735397723, 29, 70, 75, 1, 0, 0.06%, 9, 0, 7, 285.04
1735397733, 30, 12, 75, 1, 0, 0.06%, 9, 0, 7, 263.91
1735397738, 30, 13, 75, 1, 0, 0.06%, 9, 0, 7, 257.13
1735397743, 30, 15, 75, 1, 0, 0.06%, 9, 0, 7, 253.54
1735397748, 30, 16, 75, 1, 0, 0.06%, 9, 0, 7, 245.87
1735397753, 30, 20, 75, 1, 0, 0.06%, 9, 0, 7, 265.10
1735397758, 30, 25, 75, 1, 0, 0.06%, 9, 0, 7, 261.67
1735397764, 30, 57, 75, 1, 0, 0.06%, 9, 0, 7, 282.04
1735397774, 31, 11, 75, 1, 0, 0.06%, 9, 0, 7, 264.78
1735397779, 31, 13, 75, 1, 0, 0.06%, 9, 0, 7, 263.53
1735397784, 31, 15, 75, 1, 0, 0.06%, 9, 0, 7, 258.47
1735397789, 31, 16, 75, 1, 0, 0.06%, 9, 0, 7, 258.49
1735397794, 31, 20, 75, 1, 0, 0.06%, 9, 0, 7, 262.51
1735397799, 31, 25, 75, 1, 0, 0.06%, 9, 0, 7, 242.46
1735397804, 31, 28, 75, 1, 0, 0.06%, 9, 0, 7, 261.48
1735397814, 32, 1, 75, 1, 0, 0.06%, 9, 0, 7, 251.63
1735397819, 32, 12, 75, 1, 0, 0.06%, 9, 0, 7, 255.35
1735397824, 32, 14, 75, 1, 0, 0.06%, 9, 0, 7, 251.11
1735397829, 32, 16, 75, 1, 0, 0.06%, 9, 0, 7, 247.48
1735397834, 32, 20, 75, 1, 0, 0.06%, 9, 0, 7, 256.00
1735397839, 32, 25, 75, 1, 0, 0.06%, 9, 0, 7, 257.82
1735397849, 32, 41, 75, 1, 0, 0.06%, 9, 0, 7, 274.14
1735397855, 32, 50, 75, 1, 0, 0.06%, 9, 0, 7, 278.71
1735397860, 32, 66, 75, 1, 0, 0.06%, 9, 0, 7, 267.51
1735397875, 33, 11, 75, 1, 0, 0.06%, 9, 0, 7, 248.60
1735397880, 33, 13, 75, 1, 0, 0.06%, 9, 0, 7, 253.57
1735397885, 33, 15, 75, 1, 0, 0.06%, 9, 0, 7, 249.49
1735397890, 33, 16, 75, 1, 0, 0.06%, 9, 0, 7, 253.54
1735397895, 33, 20, 75, 1, 0, 0.06%, 9, 0, 7, 264.43
1735397900, 33, 25, 75, 1, 0, 0.06%, 9, 0, 7, 253.57
1735397906, 33, 39, 75, 1, 0, 0.06%, 9, 0, 7, 275.37
1735397911, 33, 46, 75, 1, 0, 0.06%, 9, 0, 7, 288.39
1735397921, 34, 12, 75, 1, 0, 0.06%, 9, 0, 7, 260.68
1735397926, 34, 13, 75, 1, 0, 0.06%, 9, 0, 7, 259.47
1735397931, 34, 15, 75, 1, 0, 0.06%, 9, 0, 7, 250.08
1735397936, 34, 16, 75, 1, 0, 0.06%, 9, 0, 7, 254.19
1735397941, 34, 18, 75, 1, 0, 0.06%, 9, 0, 7, 264.41
1735397946, 34, 20, 75, 1, 0, 0.06%, 9, 0, 7, 251.85
1735397952, 34, 25, 75, 1, 0, 0.06%, 9, 0, 7, 248.93
1735397957, 34, 42, 75, 1, 0, 0.06%, 9, 0, 7, 272.80
1735397962, 34, 59, 75, 1, 0, 0.06%, 9, 0, 7, 282.14
1735397967, 35, 11, 75, 1, 0, 0.06%, 9, 0, 7, 258.19
1735397972, 35, 13, 75, 1, 0, 0.06%, 9, 0, 7, 248.71
1735397977, 35, 15, 75, 1, 0, 0.06%, 9, 0, 7, 246.51
1735397982, 35, 16, 75, 1, 0, 0.06%, 9, 0, 7, 250.37
1735397987, 35, 20, 75, 1, 0, 0.06%, 9, 0, 7, 245.38
1735397992, 35, 25, 75, 1, 0, 0.06%, 9, 0, 7, 239.32
1735397997, 35, 35, 75, 1, 0, 0.06%, 9, 0, 7, 266.59
1735398002, 35, 39, 75, 1, 0, 0.06%, 9, 0, 7, 292.57
1735398007, 35, 51, 75, 1, 0, 0.06%, 9, 0, 7, 275.28
1735398012, 35, 65, 75, 1, 0, 0.06%, 9, 0, 7, 306.42
1735398023, 36, 11, 75, 1, 0, 0.06%, 9, 0, 7, 257.26
1735398028, 36, 13, 75, 1, 0, 0.06%, 9, 0, 7, 262.06
1735398033, 36, 14, 75, 1, 0, 0.06%, 9, 0, 7, 245.61
1735398038, 36, 16, 75, 1, 0, 0.06%, 9, 0, 7, 242.10
1735398043, 36, 18, 75, 1, 0, 0.06%, 9, 0, 7, 257.85
1735398048, 36, 20, 75, 1, 0, 0.06%, 9, 0, 7, 252.46
1735398058, 36, 25, 75, 1, 0, 0.06%, 9, 0, 7, 254.69
1735398063, 36, 56, 75, 1, 0, 0.06%, 9, 0, 7, 273.82
1735398068, 36, 57, 75, 1, 0, 0.06%, 9, 0, 7, 258.07
1735398073, 36, 64, 75, 1, 0, 0.06%, 9, 0, 7, 263.88
1735398083, 36, 71, 75, 1, 0, 0.06%, 9, 0, 7, 286.53
1735398088, 36, 74, 75, 1, 0, 0.06%, 9, 0, 7, 297.16
1735398210, 37, 9, 75, 0, 0, 0.06%, 9, 0, 7, 263.43
1735398215, 37, 12, 75, 0, 0, 0.06%, 9, 0, 7, 267.12
1735398220, 37, 14, 75, 0, 0, 0.06%, 9, 0, 7, 252.47
1735398225, 37, 16, 75, 0, 0, 0.06%, 9, 0, 7, 249.31
1735398230, 37, 18, 75, 0, 0, 0.06%, 9, 0, 7, 254.51
1735398240, 37, 20, 75, 0, 0, 0.06%, 9, 0, 7, 261.77
1735398246, 37, 25, 75, 0, 0, 0.06%, 9, 0, 7, 244.68
1735398251, 37, 50, 75, 0, 0, 0.06%, 9, 0, 7, 263.78
1735398256, 38, 11, 75, 0, 0, 0.06%, 9, 0, 7, 258.23
1735398261, 38, 13, 75, 0, 0, 0.06%, 9, 0, 7, 255.57
1735398266, 38, 15, 75, 0, 0, 0.06%, 9, 0, 7, 248.14
1735398271, 38, 16, 75, 0, 0, 0.06%, 9, 0, 7, 245.15
1735398276, 38, 20, 75, 0, 0, 0.06%, 9, 0, 7, 251.80
1735398281, 38, 25, 75, 0, 0, 0.06%, 9, 0, 7, 250.46
1735398286, 38, 34, 75, 0, 0, 0.06%, 9, 0, 7, 272.38
1735398291, 38, 58, 75, 0, 0, 0.06%, 9, 0, 7, 259.70
1735398306, 39, 12, 75, 0, 0, 0.06%, 9, 0, 7, 255.26
1735398311, 39, 14, 75, 0, 0, 0.06%, 9, 0, 7, 248.72
1735398316, 39, 16, 75, 0, 0, 0.06%, 9, 0, 7, 248.45
1735398321, 39, 20, 75, 0, 0, 0.06%, 9, 0, 7, 253.55
1735398326, 39, 25, 75, 0, 0, 0.06%, 9, 0, 7, 254.47
1735398331, 39, 36, 75, 0, 0, 0.06%, 9, 0, 7, 257.24
1735398336, 39, 48, 75, 0, 0, 0.06%, 9, 0, 7, 273.21
1735398352, 39, 61, 75, 0, 0, 0.06%, 9, 0, 7, 266.55
1735398357, 39, 68, 75, 0, 0, 0.06%, 9, 0, 7, 286.72
1735398367, 40, 11, 75, 0, 0, 0.06%, 9, 0, 7, 252.02
1735398372, 40, 13, 75, 0, 0, 0.06%, 9, 0, 7, 251.85
1735398377, 40, 15, 75, 0, 0, 0.06%, 9, 0, 7, 255.69
1735398382, 40, 16, 75, 0, 0, 0.06%, 9, 0, 7, 257.25
1735398387, 40, 20, 75, 0, 0, 0.06%, 9, 0, 7, 251.51
1735398392, 40, 22, 75, 0, 0, 0.06%, 9, 0, 7, 255.88
1735398397, 40, 25, 75, 0, 0, 0.06%, 9, 0, 7, 245.85
1735398402, 40, 38, 75, 0, 0, 0.06%, 9, 0, 7, 259.98
1735398412, 41, 7, 75, 0, 0, 0.06%, 9, 0, 7, 277.23
1735398417, 41, 12, 75, 0, 0, 0.06%, 9, 0, 7, 253.24
1735398422, 41, 14, 75, 0, 0, 0.06%, 9, 0, 7, 251.78
1735398427, 41, 16, 75, 0, 0, 0.06%, 9, 0, 7, 259.23
1735398437, 41, 20, 75, 0, 0, 0.06%, 9, 0, 7, 251.73
1735398442, 41, 25, 75, 0, 0, 0.06%, 9, 0, 7, 251.12
1735398448, 41, 29, 75, 0, 0, 0.06%, 9, 0, 7, 256.16
1735398458, 41, 63, 75, 0, 0, 0.06%, 9, 0, 7, 261.50
1735398468, 41, 68, 75, 0, 0, 0.06%, 9, 0, 7, 278.50
1735398473, 42, 11, 75, 0, 0, 0.06%, 9, 0, 7, 262.83
1735398478, 42, 13, 75, 0, 0, 0.06%, 9, 0, 7, 256.96
1735398483, 42, 14, 75, 0, 0, 0.06%, 9, 0, 7, 261.99
1735398488, 42, 16, 75, 0, 0, 0.06%, 9, 0, 7, 249.87
1735398493, 42, 20, 75, 0, 0, 0.06%, 9, 0, 7, 262.65
1735398498, 42, 25, 75, 0, 0, 0.06%, 9, 0, 7, 242.78
1735398503, 42, 33, 75, 0, 0, 0.06%, 9, 0, 7, 273.38
1735398508, 42, 48, 75, 0, 0, 0.06%, 9, 0, 7, 256.00
1735398518, 43, 12, 75, 0, 0, 0.06%, 9, 0, 7, 256.23
1735398523, 43, 13, 75, 0, 0, 0.06%, 9, 0, 7, 253.29
1735398528, 43, 15, 75, 0, 0, 0.06%, 9, 0, 7, 254.21
1735398534, 43, 16, 75, 0, 0, 0.06%, 9, 0, 7, 255.74
1735398539, 43, 17, 75, 0, 0, 0.06%, 9, 0, 7, 243.44
1735398544, 43, 20, 75, 0, 0, 0.06%, 9, 0, 7, 269.13
1735398549, 43, 25, 75, 0, 0, 0.06%, 9, 0, 7, 241.33
1735398554, 43, 38, 75, 0, 0, 0.06%, 9, 0, 7, 250.20
1735398559, 43, 40, 76, 1, 0, 0.06%, 9, 0, 7, 298.63
1735398564, 43, 49, 76, 1, 0, 0.06%, 9, 0, 7, 282.24
1735398580, 43, 58, 76, 1, 0, 0.06%, 9, 0, 7, 268.31
1735398590, 43, 70, 76, 1, 0, 0.06%, 9, 0, 7, 266.74
1735398595, 44, 12, 76, 1, 0, 0.06%, 9, 0, 7, 250.99
1735398600, 44, 14, 76, 1, 0, 0.06%, 9, 0, 7, 251.47
1735398605, 44, 15, 76, 1, 0, 0.06%, 9, 0, 7, 251.96
1735398610, 44, 16, 76, 1, 0, 0.06%, 9, 0, 7, 246.69
1735398615, 44, 20, 76, 1, 0, 0.06%, 9, 0, 7, 250.86
1735398620, 44, 25, 76, 1, 0, 0.06%, 9, 0, 7, 261.50
1735398625, 44, 66, 76, 1, 0, 0.06%, 9, 0, 7, 299.09
1735398635, 44, 75, 77, 2, 0, 0.06%, 9, 0, 7, 316.74
1735398864, 45, 12, 77, 1, 0, 0.06%, 9, 0, 7, 256.43
1735398869, 45, 14, 77, 1, 0, 0.06%, 9, 0, 7, 252.31
1735398874, 45, 16, 77, 1, 0, 0.06%, 9, 0, 7, 260.22
1735398884, 45, 17, 77, 1, 0, 0.06%, 9, 0, 7, 271.62
1735398890, 45, 20, 77, 1, 0, 0.06%, 9, 0, 7, 249.84
1735398895, 45, 25, 77, 1, 0, 0.06%, 9, 0, 7, 246.74
1735398900, 45, 30, 77, 1, 0, 0.06%, 9, 0, 7, 271.34
1735398905, 45, 47, 77, 1, 0, 0.06%, 9, 0, 7, 261.06
1735398915, 45, 59, 77, 1, 0, 0.06%, 9, 0, 7, 275.64
1735398920, 45, 64, 77, 1, 0, 0.06%, 9, 0, 7, 275.30
1735398925, 45, 65, 77, 1, 0, 0.06%, 9, 0, 7, 303.77
1735398935, 45, 76, 77, 1, 0, 0.06%, 9, 0, 7, 314.17
1735399164, 46, 12, 77, 0, 0, 0.06%, 9, 0, 7, 259.97
1735399169, 46, 14, 77, 0, 0, 0.06%, 9, 0, 7, 258.40
1735399174, 46, 15, 77, 0, 0, 0.06%, 9, 0, 7, 248.59
1735399179, 46, 16, 77, 0, 0, 0.06%, 9, 0, 7, 255.44
1735399185, 46, 20, 77, 0, 0, 0.06%, 9, 0, 7, 246.21
1735399190, 46, 25, 77, 0, 0, 0.06%, 9, 0, 7, 242.89
1735399195, 46, 27, 77, 0, 0, 0.06%, 9, 0, 7, 262.94
1735399200, 46, 35, 77, 0, 0, 0.06%, 9, 0, 7, 260.78
1735399205, 46, 54, 77, 0, 0, 0.06%, 9, 0, 7, 269.78
1735399215, 46, 66, 77, 0, 0, 0.06%, 9, 0, 7, 278.49
1735399220, 47, 11, 77, 0, 0, 0.06%, 9, 0, 7, 252.82
1735399225, 47, 13, 77, 0, 0, 0.06%, 9, 0, 7, 246.07
1735399230, 47, 15, 77, 0, 0, 0.06%, 9, 0, 7, 240.95
1735399235, 47, 16, 77, 0, 0, 0.06%, 9, 0, 7, 247.77
1735399241, 47, 20, 77, 0, 0, 0.06%, 9, 0, 7, 251.84
1735399246, 47, 25, 77, 0, 0, 0.06%, 9, 0, 7, 245.85
1735399251, 47, 50, 77, 0, 0, 0.06%, 9, 0, 7, 274.19
1735399256, 47, 55, 77, 0, 0, 0.06%, 9, 0, 7, 280.22
1735399261, 48, 11, 77, 0, 0, 0.06%, 9, 0, 7, 273.11
1735399266, 48, 13, 77, 0, 0, 0.06%, 9, 0, 7, 261.98
1735399271, 48, 15, 77, 0, 0, 0.06%, 9, 0, 7, 259.63
1735399276, 48, 16, 77, 0, 0, 0.06%, 9, 0, 7, 254.47
1735399281, 48, 20, 77, 0, 0, 0.06%, 9, 0, 7, 249.15
1735399286, 48, 25, 77, 0, 0, 0.06%, 9, 0, 7, 235.72
1735399291, 48, 26, 77, 0, 0, 0.06%, 9, 0, 7, 271.09
1735399307, 48, 71, 77, 0, 0, 0.06%, 9, 0, 7, 286.56
1735399312, 48, 72, 77, 0, 0, 0.06%, 9, 0, 7, 277.70
1735399322, 49, 4, 77, 0, 0, 0.06%, 9, 0, 7, 254.47
1735399327, 49, 12, 77, 0, 0, 0.06%, 9, 0, 7, 246.29
1735399332, 49, 14, 77, 0, 0, 0.06%, 9, 0, 7, 244.19
1735399337, 49, 16, 77, 0, 0, 0.06%, 9, 0, 7, 259.72
1735399342, 49, 19, 77, 0, 0, 0.06%, 9, 0, 7, 266.29
1735399347, 49, 20, 77, 0, 0, 0.06%, 9, 0, 7, 248.97
1735399357, 49, 25, 77, 0, 0, 0.06%, 9, 0, 7, 259.19
1735399363, 50, 12, 77, 0, 0, 0.06%, 9, 0, 7, 253.46
1735399368, 50, 13, 77, 0, 0, 0.06%, 9, 0, 7, 255.78
1735399373, 50, 15, 77, 0, 0, 0.06%, 9, 0, 7, 249.40
1735399378, 50, 16, 77, 0, 0, 0.06%, 9, 0, 7, 253.09
1735399383, 50, 20, 77, 0, 0, 0.06%, 9, 0, 7, 243.66
1735399388, 50, 25, 77, 0, 0, 0.06%, 9, 0, 7, 250.23
1735399393, 51, 11, 77, 0, 0, 0.06%, 9, 0, 7, 255.03
1735399398, 51, 13, 77, 0, 0, 0.06%, 9, 0, 7, 248.30
1735399403, 51, 15, 77, 0, 0, 0.06%, 9, 0, 7, 250.07
1735399408, 51, 16, 77, 0, 0, 0.06%, 9, 0, 7, 244.56
1735399414, 51, 20, 77, 0, 0, 0.06%, 9, 0, 7, 250.59
1735399419, 51, 25, 77, 0, 0, 0.06%, 9, 0, 7, 234.68
1735399424, 51, 32, 77, 0, 0, 0.06%, 9, 0, 7, 244.97
1735399429, 51, 36, 77, 0, 0, 0.06%, 9, 0, 7, 266.45
1735399439, 51, 39, 77, 0, 0, 0.06%, 9, 0, 7, 273.59
1735399444, 52, 12, 77, 0, 0, 0.06%, 9, 0, 7, 255.54
1735399449, 52, 14, 77, 0, 0, 0.06%, 9, 0, 7, 236.97
1735399454, 52, 16, 77, 0, 0, 0.06%, 9, 0, 7, 248.86
1735399460, 52, 20, 77, 0, 0, 0.06%, 9, 0, 7, 242.56
1735399470, 52, 25, 77, 0, 0, 0.06%, 9, 0, 7, 243.49
1735399475, 53, 12, 77, 0, 0, 0.06%, 9, 0, 7, 250.42
1735399480, 53, 14, 77, 0, 0, 0.06%, 9, 0, 7, 243.67
1735399485, 53, 16, 77, 0, 0, 0.06%, 9, 0, 7, 254.06
1735399490, 53, 20, 77, 0, 0, 0.06%, 9, 0, 7, 255.60
1735399500, 53, 25, 77, 0, 0, 0.06%, 9, 0, 7, 275.73
1735399505, 53, 27, 77, 0, 0, 0.06%, 9, 0, 7, 276.35
1735399511, 53, 74, 77, 0, 0, 0.06%, 9, 0, 7, 294.46
1735399531, 54, 12, 77, 0, 0, 0.06%, 9, 0, 7, 249.72
1735399536, 54, 14, 77, 0, 0, 0.06%, 9, 0, 7, 254.32
1735399541, 54, 16, 77, 0, 0, 0.06%, 9, 0, 7, 258.41
1735399546, 54, 20, 77, 0, 0, 0.06%, 9, 0, 7, 256.68
1735399556, 54, 25, 77, 0, 0, 0.06%, 9, 0, 7, 244.56
1735399561, 55, 12, 77, 0, 0, 0.06%, 9, 0, 7, 251.49
1735399566, 55, 13, 77, 0, 0, 0.06%, 9, 0, 7, 241.68
1735399572, 55, 15, 77, 0, 0, 0.06%, 9, 0, 7, 249.08
1735399577, 55, 16, 77, 0, 0, 0.06%, 9, 0, 7, 248.78
1735399582, 55, 20, 77, 0, 0, 0.06%, 9, 0, 7, 255.40
1735399587, 55, 25, 77, 0, 0, 0.06%, 9, 0, 7, 258.01
1735399592, 55, 51, 77, 0, 0, 0.06%, 9, 0, 7, 248.04
1735399597, 55, 67, 77, 0, 0, 0.06%, 9, 0, 7, 262.01
1735399602, 56, 11, 77, 0, 0, 0.06%, 9, 0, 7, 254.60
1735399607, 56, 13, 77, 0, 0, 0.06%, 9, 0, 7, 254.45
1735399612, 56, 15, 77, 0, 0, 0.06%, 9, 0, 7, 260.11
1735399617, 56, 16, 77, 0, 0, 0.06%, 9, 0, 7, 247.87
1735399622, 56, 20, 77, 0, 0, 0.06%, 9, 0, 7, 252.03
1735399628, 56, 25, 77, 0, 0, 0.06%, 9, 0, 7, 241.34
1735399633, 56, 27, 77, 0, 0, 0.06%, 9, 0, 7, 249.73
1735399643, 56, 39, 77, 0, 0, 0.06%, 9, 0, 7, 257.62
1735399648, 56, 41, 77, 0, 0, 0.06%, 9, 0, 7, 261.25
1735399653, 56, 56, 77, 0, 0, 0.06%, 9, 0, 7, 270.00
1735399658, 57, 11, 77, 0, 0, 0.06%, 9, 0, 7, 257.47
1735399663, 57, 13, 77, 0, 0, 0.06%, 9, 0, 7, 254.92
1735399668, 57, 15, 77, 0, 0, 0.06%, 9, 0, 7, 248.76
1735399673, 57, 16, 77, 0, 0, 0.06%, 9, 0, 7, 259.07
1735399678, 57, 20, 77, 0, 0, 0.06%, 9, 0, 7, 242.24
1735399683, 57, 22, 77, 0, 0, 0.06%, 9, 0, 7, 284.37
1735399688, 57, 25, 77, 0, 0, 0.06%, 9, 0, 7, 270.17
1735399694, 57, 53, 77, 0, 0, 0.06%, 9, 0, 7, 300.97
1735399704, 57, 70, 77, 0, 0, 0.06%, 9, 0, 7, 260.28
1735399709, 58, 11, 77, 0, 0, 0.06%, 9, 0, 7, 247.18
1735399714, 58, 13, 77, 0, 0, 0.06%, 9, 0, 7, 257.78
1735399719, 58, 15, 77, 0, 0, 0.06%, 9, 0, 7, 253.85
1735399724, 58, 16, 77, 0, 0, 0.06%, 9, 0, 7, 253.78
1735399729, 58, 20, 77, 0, 0, 0.06%, 9, 0, 7, 247.85
1735399734, 58, 25, 77, 0, 0, 0.06%, 9, 0, 7, 241.79
1735399739, 58, 27, 77, 0, 0, 0.06%, 9, 0, 7, 267.02
1735399744, 58, 44, 77, 0, 0, 0.06%, 9, 0, 7, 277.83
1735399755, 59, 11, 77, 0, 0, 0.06%, 9, 0, 7, 263.58
1735399760, 59, 13, 77, 0, 0, 0.06%, 9, 0, 7, 255.51
1735399765, 59, 15, 77, 0, 0, 0.06%, 9, 0, 7, 249.95
1735399770, 59, 16, 77, 0, 0, 0.06%, 9, 0, 7, 240.68
1735399775, 59, 19, 77, 0, 0, 0.06%, 9, 0, 7, 268.78
1735399780, 59, 20, 77, 0, 0, 0.06%, 9, 0, 7, 261.38
1735399785, 59, 25, 77, 0, 0, 0.06%, 9, 0, 7, 249.75
1735399790, 59, 28, 77, 0, 0, 0.06%, 9, 0, 7, 253.08
1735399796, 59, 53, 77, 0, 0, 0.06%, 9, 0, 7, 283.90
1735399806, 59, 60, 77, 0, 0, 0.06%, 9, 0, 7, 238.95
1735399821, 59, 63, 77, 0, 0, 0.06%, 9, 0, 7, 284.10
1735399831, 59, 75, 77, 0, 0, 0.06%, 9, 0, 7, 342.01
1735399847, 60, 10, 77, 0, 0, 0.06%, 9, 0, 7, 271.31
1735399852, 60, 11, 77, 0, 0, 0.06%, 9, 0, 7, 259.18
1735399857, 60, 13, 77, 0, 0, 0.06%, 9, 0, 7, 256.97
1735399862, 60, 15, 77, 0, 0, 0.06%, 9, 0, 7, 265.12
1735399867, 60, 16, 77, 0, 0, 0.06%, 9, 0, 7, 253.08
1735399872, 60, 20, 77, 0, 0, 0.06%, 9, 0, 7, 264.83
1735399877, 60, 25, 77, 0, 0, 0.06%, 9, 0, 7, 264.30
1735399882, 60, 60, 77, 0, 0, 0.06%, 9, 0, 7, 264.56
1735399887, 60, 68, 77, 0, 0, 0.06%, 9, 0, 7, 282.25
1735399892, 60, 70, 77, 0, 0, 0.06%, 9, 0, 7, 284.31
1735399898, 61, 11, 77, 0, 0, 0.06%, 9, 0, 7, 262.84
1735399903, 61, 13, 77, 0, 0, 0.06%, 9, 0, 7, 246.45
1735399908, 61, 14, 77, 0, 0, 0.06%, 9, 0, 7, 248.71
1735399913, 61, 16, 77, 0, 0, 0.06%, 9, 0, 7, 242.66
1735399918, 61, 20, 77, 0, 0, 0.06%, 9, 0, 7, 253.29
1735399923, 61, 25, 77, 0, 0, 0.06%, 9, 0, 7, 260.53
1735399928, 61, 44, 77, 0, 0, 0.06%, 9, 0, 7, 269.49
1735399938, 61, 46, 77, 0, 0, 0.06%, 9, 0, 7, 307.15
1735399943, 61, 71, 77, 0, 0, 0.06%, 9, 0, 7, 300.74
1735399948, 62, 11, 77, 0, 0, 0.06%, 9, 0, 7, 260.17
1735399954, 62, 13, 77, 0, 0, 0.06%, 9, 0, 7, 254.15
1735399959, 62, 15, 77, 0, 0, 0.06%, 9, 0, 7, 255.07
1735399964, 62, 16, 77, 0, 0, 0.06%, 9, 0, 7, 238.09
1735399969, 62, 20, 77, 0, 0, 0.06%, 9, 0, 7, 252.58
1735399974, 62, 25, 77, 0, 0, 0.06%, 9, 0, 7, 244.91
1735399979, 62, 28, 77, 0, 0, 0.06%, 9, 0, 7, 265.42
1735399984, 62, 46, 77, 0, 0, 0.06%, 9, 0, 7, 274.31
1735399989, 62, 48, 77, 0, 0, 0.06%, 9, 0, 7, 279.90
1735399994, 62, 56, 77, 0, 0, 0.06%, 9, 0, 7, 268.24
1735399999, 62, 58, 77, 0, 0, 0.06%, 9, 0, 7, 267.03
1735400009, 62, 67, 77, 0, 0, 0.06%, 9, 0, 7, 261.31
1735400014, 63, 12, 77, 0, 0, 0.06%, 9, 0, 7, 256.66
1735400019, 63, 14, 77, 0, 0, 0.06%, 9, 0, 7, 262.55
1735400024, 63, 15, 77, 0, 0, 0.06%, 9, 0, 7, 254.96
1735400029, 63, 16, 77, 0, 0, 0.06%, 9, 0, 7, 254.00
1735400034, 63, 20, 77, 0, 0, 0.06%, 9, 0, 7, 247.52
1735400039, 63, 25, 77, 0, 0, 0.06%, 9, 0, 7, 241.39
1735400045, 63, 68, 77, 0, 0, 0.06%, 9, 0, 7, 272.34
1735400050, 64, 12, 77, 0, 0, 0.06%, 9, 0, 7, 257.79
1735400055, 64, 14, 77, 0, 0, 0.06%, 9, 0, 7, 253.38
1735400060, 64, 15, 77, 0, 0, 0.06%, 9, 0, 7, 250.44
1735400065, 64, 16, 77, 0, 0, 0.06%, 9, 0, 7, 262.35
1735400070, 64, 20, 77, 0, 0, 0.06%, 9, 0, 7, 265.20
1735400075, 64, 24, 77, 0, 0, 0.06%, 9, 0, 7, 270.82
1735400080, 64, 25, 77, 0, 0, 0.06%, 9, 0, 7, 250.20
1735400085, 64, 34, 77, 0, 0, 0.06%, 9, 0, 7, 258.57
1735400090, 64, 62, 77, 0, 0, 0.06%, 9, 0, 7, 302.90
1735400101, 64, 67, 77, 0, 0, 0.06%, 9, 0, 7, 284.85
1735400106, 65, 11, 77, 0, 0, 0.06%, 9, 0, 7, 260.50
1735400111, 65, 13, 77, 0, 0, 0.06%, 9, 0, 7, 254.24
1735400116, 65, 14, 77, 0, 0, 0.06%, 9, 0, 7, 257.06
1735400121, 65, 16, 77, 0, 0, 0.06%, 9, 0, 7, 238.02
1735400126, 65, 20, 77, 0, 0, 0.06%, 9, 0, 7, 253.30
1735400131, 65, 25, 77, 0, 0, 0.06%, 9, 0, 7, 263.74
1735400141, 65, 29, 77, 0, 0, 0.06%, 9, 0, 7, 250.33
1735400146, 65, 53, 77, 0, 0, 0.06%, 9, 0, 7, 269.08
1735400151, 65, 62, 77, 0, 0, 0.06%, 9, 0, 7, 274.50
1735400156, 66, 12, 77, 0, 0, 0.06%, 9, 0, 7, 259.84
1735400161, 66, 14, 77, 0, 0, 0.06%, 9, 0, 7, 266.04
1735400166, 66, 15, 77, 0, 0, 0.06%, 9, 0, 7, 265.24
1735400171, 66, 16, 77, 0, 0, 0.06%, 9, 0, 7, 258.43
1735400176, 66, 20, 77, 0, 0, 0.06%, 9, 0, 7, 251.74
1735400181, 66, 25, 77, 0, 0, 0.06%, 9, 0, 7, 249.01
1735400187, 66, 49, 77, 0, 0, 0.06%, 9, 0, 7, 272.66
1735400192, 67, 12, 77, 0, 0, 0.06%, 9, 0, 7, 259.95
1735400197, 67, 13, 77, 0, 0, 0.06%, 9, 0, 7, 256.60
1735400202, 67, 15, 77, 0, 0, 0.06%, 9, 0, 7, 246.27
1735400207, 67, 16, 77, 0, 0, 0.06%, 9, 0, 7, 247.29
1735400212, 67, 20, 77, 0, 0, 0.06%, 9, 0, 7, 252.37
1735400217, 67, 25, 77, 0, 0, 0.06%, 9, 0, 7, 255.98
1735400222, 67, 42, 77, 0, 0, 0.06%, 9, 0, 7, 279.09
