# unix_time, cycles_done, cur_path, paths_total, pending_total, pending_favs, map_size, unique_crashes, unique_hangs, max_depth, execs_per_sec
1734140702, 0, 0, 10, 10, 1, 0.00%, 0, 0, 1, 150.38
1734140707, 0, 3, 10, 10, 1, 0.00%, 0, 0, 1, 186.11
1734140712, 0, 4, 10, 9, 0, 0.00%, 0, 0, 1, 170.72
1734140722, 0, 5, 10, 8, 0, 0.00%, 0, 0, 1, 185.52
1734140727, 0, 6, 10, 7, 0, 0.00%, 0, 0, 1, 179.69
1734140737, 0, 7, 10, 6, 0, 0.00%, 0, 0, 1, 187.86
1734140742, 0, 8, 10, 5, 0, 0.00%, 0, 0, 1, 186.15
1734140753, 0, 9, 10, 4, 0, 0.00%, 0, 0, 1, 171.41
1734140763, 1, 0, 10, 3, 0, 0.00%, 0, 0, 1, 188.00
1734140773, 1, 1, 10, 2, 0, 0.00%, 0, 0, 1, 189.11
1734140784, 1, 2, 10, 1, 0, 0.00%, 0, 0, 1, 187.40
1734140794, 1, 3, 10, 0, 0, 0.00%, 0, 0, 1, 184.34
1734140799, 1, 4, 10, 0, 0, 0.00%, 0, 0, 1, 186.34
1734140804, 1, 6, 10, 0, 0, 0.00%, 0, 0, 1, 188.59
1734140809, 1, 7, 10, 0, 0, 0.00%, 0, 0, 1, 186.60
1734140814, 1, 8, 10, 0, 0, 0.00%, 0, 0, 1, 187.18
1734140819, 2, 0, 10, 0, 0, 0.00%, 0, 0, 1, 183.32
1734140825, 2, 1, 10, 0, 0, 0.00%, 0, 0, 1, 183.55
1734140830, 2, 2, 10, 0, 0, 0.00%, 0, 0, 1, 184.09
1734140835, 2, 4, 10, 0, 0, 0.00%, 0, 0, 1, 189.68
1734140840, 2, 5, 10, 0, 0, 0.00%, 0, 0, 1, 184.29
1734140845, 2, 6, 10, 0, 0, 0.00%, 0, 0, 1, 181.03
1734140850, 2, 7, 10, 0, 0, 0.00%, 0, 0, 1, 186.38
1734140856, 2, 9, 10, 0, 0, 0.00%, 0, 0, 1, 186.40
1734140861, 3, 0, 10, 0, 0, 0.00%, 0, 0, 1, 187.54
1734140866, 3, 1, 10, 0, 0, 0.00%, 0, 0, 1, 189.23
1734140871, 3, 3, 10, 0, 0, 0.00%, 0, 0, 1, 184.58
1734140876, 3, 4, 10, 0, 0, 0.00%, 0, 0, 1, 185.91
1734140881, 3, 5, 10, 0, 0, 0.00%, 0, 0, 1, 185.61
1734140886, 3, 6, 10, 0, 0, 0.00%, 0, 0, 1, 182.88
1734140892, 3, 8, 10, 0, 0, 0.00%, 0, 0, 1, 182.04
1734140897, 3, 9, 10, 0, 0, 0.00%, 0, 0, 1, 185.80
1734140902, 4, 0, 10, 0, 0, 0.00%, 0, 0, 1, 181.22
1734140907, 4, 2, 10, 0, 0, 0.00%, 0, 0, 1, 182.97
1734140912, 4, 3, 10, 0, 0, 0.00%, 0, 0, 1, 186.22
1734140917, 4, 4, 10, 0, 0, 0.00%, 0, 0, 1, 186.83
1734140922, 4, 6, 10, 0, 0, 0.00%, 0, 0, 1, 189.97
1734140928, 4, 7, 10, 0, 0, 0.00%, 0, 0, 1, 183.64
1734140933, 4, 8, 10, 0, 0, 0.00%, 0, 0, 1, 182.19
1734140938, 4, 9, 10, 0, 0, 0.00%, 0, 0, 1, 183.08
1734140943, 5, 1, 10, 0, 0, 0.00%, 0, 0, 1, 187.43
1734140948, 5, 2, 10, 0, 0, 0.00%, 0, 0, 1, 187.74
1734140954, 5, 3, 10, 0, 0, 0.00%, 0, 0, 1, 187.51
1734140959, 5, 5, 10, 0, 0, 0.00%, 0, 0, 1, 185.62
1734140964, 5, 6, 10, 0, 0, 0.00%, 0, 0, 1, 185.68
1734140969, 5, 10, 12, 2, 1, 0.05%, 2, 0, 3, 205.57
1734141061, 5, 11, 12, 1, 1, 0.05%, 2, 0, 3, 190.83
1734141066, 5, 11, 15, 4, 1, 0.06%, 5, 0, 4, 216.26
1734141086, 5, 11, 16, 5, 1, 0.06%, 6, 0, 4, 200.96
1734141102, 5, 11, 17, 6, 1, 0.06%, 6, 0, 4, 196.96
1734141112, 5, 11, 18, 7, 1, 0.06%, 6, 0, 4, 199.34
1734141122, 5, 11, 19, 8, 1, 0.06%, 7, 0, 4, 198.46
1734141127, 5, 11, 20, 9, 1, 0.06%, 8, 0, 4, 198.42
1734141147, 5, 11, 21, 10, 1, 0.06%, 8, 0, 4, 201.60
1734141203, 5, 12, 21, 9, 6, 0.06%, 8, 0, 4, 196.25
1734141270, 5, 12, 22, 10, 6, 0.06%, 9, 0, 5, 198.00
1734141285, 5, 12, 24, 12, 6, 0.06%, 9, 0, 5, 217.85
1734141290, 5, 12, 25, 13, 6, 0.06%, 9, 0, 5, 218.50
1734141295, 5, 13, 25, 12, 6, 0.06%, 9, 0, 5, 241.46
1734141300, 5, 13, 26, 13, 6, 0.06%, 9, 0, 5, 210.49
1734141310, 5, 13, 27, 14, 6, 0.06%, 9, 0, 5, 206.11
1734141315, 5, 13, 28, 15, 6, 0.06%, 9, 0, 5, 209.25
1734141325, 5, 13, 29, 16, 6, 0.06%, 9, 0, 5, 204.87
1734141370, 5, 13, 30, 17, 6, 0.06%, 9, 0, 5, 210.24
1734141381, 5, 13, 31, 18, 6, 0.06%, 9, 0, 5, 201.83
1734141411, 5, 13, 32, 19, 6, 0.06%, 9, 0, 5, 210.77
1734141416, 5, 13, 33, 20, 6, 0.06%, 9, 0, 5, 210.04
1734141421, 5, 13, 36, 23, 6, 0.06%, 9, 0, 5, 240.35
1734141436, 5, 13, 37, 24, 6, 0.06%, 9, 0, 5, 221.93
1734141446, 5, 14, 37, 23, 5, 0.06%, 9, 0, 5, 250.23
1734141482, 5, 14, 38, 24, 5, 0.06%, 9, 0, 5, 203.91
1734141502, 5, 14, 39, 25, 5, 0.06%, 9, 0, 5, 212.82
1734141573, 5, 14, 40, 26, 5, 0.06%, 9, 0, 5, 201.09
1734141578, 5, 14, 41, 27, 5, 0.06%, 9, 0, 5, 216.80
1734141583, 5, 14, 42, 28, 5, 0.06%, 9, 0, 5, 243.81
1734141588, 5, 14, 43, 29, 5, 0.06%, 9, 0, 5, 242.74
1734141599, 5, 15, 43, 28, 4, 0.06%, 9, 0, 5, 230.11
1734141604, 5, 15, 44, 29, 4, 0.06%, 9, 0, 5, 215.64
1734141624, 5, 15, 45, 30, 4, 0.06%, 9, 0, 5, 210.83
1734141644, 5, 15, 46, 31, 4, 0.06%, 9, 0, 5, 208.17
1734141649, 5, 15, 47, 32, 4, 0.06%, 9, 0, 5, 205.05
1734141705, 5, 15, 48, 33, 4, 0.06%, 9, 0, 5, 210.04
1734141761, 5, 15, 52, 37, 4, 0.06%, 9, 0, 5, 255.37
1734141771, 5, 15, 53, 38, 4, 0.06%, 9, 0, 5, 249.74
1734141776, 5, 18, 53, 37, 3, 0.06%, 9, 0, 5, 244.75
1734141781, 5, 18, 54, 38, 3, 0.06%, 9, 0, 5, 219.60
1734141816, 5, 18, 55, 39, 3, 0.06%, 9, 0, 5, 214.60
1734141857, 5, 18, 56, 40, 3, 0.06%, 9, 0, 5, 218.18
1734141877, 5, 18, 57, 41, 3, 0.06%, 9, 0, 5, 216.04
1734141938, 5, 18, 58, 42, 3, 0.06%, 9, 0, 5, 219.55
1734141943, 5, 19, 58, 41, 2, 0.06%, 9, 0, 5, 259.05
1734141998, 5, 21, 58, 40, 1, 0.06%, 9, 0, 5, 254.20
1734142049, 5, 21, 59, 41, 1, 0.06%, 9, 0, 6, 261.06
1734142059, 5, 25, 59, 40, 0, 0.06%, 9, 0, 6, 386.15
1734142115, 5, 36, 60, 40, 0, 0.06%, 9, 0, 6, 245.72
1734142253, 5, 39, 60, 39, 0, 0.06%, 9, 0, 6, 257.88
1734142299, 5, 39, 61, 40, 0, 0.06%, 9, 0, 6, 274.50
1734142365, 5, 41, 61, 39, 0, 0.06%, 9, 0, 6, 387.95
1734142446, 5, 44, 61, 38, 0, 0.06%, 9, 0, 6, 239.31
1734142502, 5, 55, 61, 37, 0, 0.06%, 9, 0, 6, 241.54
1734142507, 5, 55, 63, 39, 0, 0.06%, 9, 0, 6, 385.14
1734142614, 5, 55, 64, 40, 0, 0.06%, 9, 0, 6, 249.19
1734142619, 5, 57, 64, 39, 0, 0.06%, 9, 0, 6, 274.17
1734142676, 5, 60, 64, 38, 0, 0.06%, 9, 0, 6, 286.74
1734142681, 5, 60, 66, 40, 0, 0.06%, 9, 0, 7, 349.51
1734143190, 5, 62, 66, 39, 0, 0.06%, 9, 0, 7, 359.78
1734143297, 5, 63, 66, 38, 0, 0.06%, 9, 0, 7, 239.21
1734143302, 5, 63, 67, 39, 0, 0.06%, 9, 0, 7, 358.28
1734143612, 6, 11, 67, 38, 0, 0.06%, 9, 0, 7, 245.41
1734143617, 6, 12, 67, 38, 0, 0.06%, 9, 0, 7, 239.53
1734143627, 6, 13, 67, 38, 0, 0.06%, 9, 0, 7, 247.71
1734143637, 6, 14, 67, 38, 0, 0.06%, 9, 0, 7, 239.31
1734143647, 6, 15, 67, 38, 0, 0.06%, 9, 0, 7, 237.72
1734143657, 6, 17, 67, 38, 0, 0.06%, 9, 0, 7, 252.03
1734143713, 6, 18, 67, 37, 0, 0.06%, 9, 0, 7, 229.93
1734143724, 6, 19, 67, 37, 0, 0.06%, 9, 0, 7, 227.91
1734143734, 6, 21, 67, 37, 0, 0.06%, 9, 0, 7, 255.02
1734143749, 6, 23, 67, 37, 0, 0.06%, 9, 0, 7, 361.08
1734143790, 6, 23, 68, 38, 0, 0.06%, 9, 0, 7, 263.73
1734143835, 6, 27, 68, 37, 0, 0.06%, 9, 0, 7, 356.06
1734143886, 6, 28, 68, 36, 0, 0.06%, 9, 0, 7, 312.11
1734143936, 6, 38, 68, 35, 0, 0.06%, 9, 0, 7, 291.11
1734143992, 6, 42, 68, 34, 0, 0.06%, 9, 0, 7, 308.56
1734144083, 6, 49, 68, 33, 0, 0.06%, 9, 0, 7, 242.19
1734144134, 6, 52, 68, 32, 0, 0.06%, 9, 0, 7, 253.08
1734144190, 6, 52, 69, 33, 0, 0.06%, 9, 0, 7, 261.33
1734144261, 6, 54, 69, 32, 0, 0.06%, 9, 0, 7, 388.37
1734144317, 6, 54, 70, 33, 0, 0.06%, 9, 0, 7, 267.33
1734144368, 6, 54, 71, 34, 0, 0.06%, 9, 0, 7, 282.36
1734144444, 6, 56, 71, 33, 0, 0.06%, 9, 0, 7, 309.06
1734144464, 6, 56, 72, 34, 0, 0.06%, 9, 0, 7, 266.73
1734144530, 6, 65, 72, 33, 0, 0.06%, 9, 0, 7, 301.88
1734144719, 6, 69, 72, 32, 0, 0.06%, 9, 0, 7, 368.39
1734144815, 7, 12, 72, 31, 0, 0.06%, 9, 0, 7, 243.14
1734144820, 7, 13, 72, 31, 0, 0.06%, 9, 0, 7, 246.57
1734144826, 7, 14, 72, 31, 0, 0.06%, 9, 0, 7, 247.00
1734144831, 7, 15, 72, 31, 0, 0.06%, 9, 0, 7, 249.38
1734144836, 7, 16, 72, 31, 0, 0.06%, 9, 0, 7, 281.62
1734144892, 7, 18, 72, 30, 0, 0.06%, 9, 0, 7, 254.50
1734144897, 7, 19, 72, 30, 0, 0.06%, 9, 0, 7, 247.40
1734144902, 7, 20, 72, 30, 0, 0.06%, 9, 0, 7, 381.55
1734144958, 7, 21, 72, 29, 0, 0.06%, 9, 0, 7, 270.62
1734144963, 7, 31, 72, 29, 0, 0.06%, 9, 0, 7, 317.50
1734145263, 7, 41, 72, 28, 0, 0.06%, 9, 0, 7, 261.94
1734145273, 7, 48, 72, 28, 0, 0.06%, 9, 0, 7, 376.35
1734145324, 7, 50, 72, 27, 0, 0.06%, 9, 0, 7, 334.34
1734145374, 7, 67, 72, 26, 0, 0.06%, 9, 0, 7, 234.10
1734145390, 7, 67, 73, 27, 0, 0.06%, 9, 0, 7, 401.81
1734145755, 7, 68, 73, 26, 0, 0.06%, 9, 0, 7, 286.35
1734145760, 7, 68, 74, 27, 0, 0.06%, 9, 0, 7, 356.69
1734145908, 7, 71, 74, 26, 0, 0.06%, 9, 0, 7, 374.62
1734145984, 8, 11, 74, 25, 0, 0.06%, 9, 0, 7, 259.18
1734145989, 8, 12, 74, 25, 0, 0.06%, 9, 0, 7, 240.98
1734145994, 8, 13, 74, 25, 0, 0.06%, 9, 0, 7, 262.09
1734145999, 8, 14, 74, 25, 0, 0.06%, 9, 0, 7, 237.44
1734146004, 8, 15, 74, 25, 0, 0.06%, 9, 0, 7, 254.64
1734146009, 8, 18, 74, 25, 0, 0.06%, 9, 0, 7, 241.14
1734146014, 8, 19, 74, 25, 0, 0.06%, 9, 0, 7, 257.71
1734146020, 8, 21, 74, 25, 0, 0.06%, 9, 0, 7, 236.28
1734146025, 8, 24, 74, 25, 0, 0.06%, 9, 0, 7, 319.38
1734146075, 8, 26, 74, 24, 0, 0.06%, 9, 0, 7, 261.23
1734146126, 8, 30, 74, 23, 0, 0.06%, 9, 0, 7, 375.47
1734146182, 8, 33, 74, 22, 0, 0.06%, 9, 0, 7, 313.78
1734146233, 8, 36, 74, 21, 0, 0.06%, 9, 0, 7, 278.14
1734146243, 8, 46, 74, 21, 0, 0.06%, 9, 0, 7, 267.30
1734146304, 8, 53, 74, 20, 0, 0.06%, 9, 0, 7, 299.05
1734146355, 8, 58, 74, 19, 0, 0.06%, 9, 0, 7, 394.54
1734146410, 8, 72, 74, 18, 0, 0.06%, 9, 0, 7, 342.79
1734146808, 9, 11, 74, 17, 0, 0.06%, 9, 0, 7, 255.15
1734146813, 9, 12, 74, 17, 0, 0.06%, 9, 0, 7, 242.97
1734146818, 9, 13, 74, 17, 0, 0.06%, 9, 0, 7, 245.95
1734146823, 9, 14, 74, 17, 0, 0.06%, 9, 0, 7, 245.90
1734146828, 9, 15, 74, 17, 0, 0.06%, 9, 0, 7, 269.03
1734146833, 9, 18, 74, 17, 0, 0.06%, 9, 0, 7, 255.67
1734146838, 9, 19, 74, 17, 0, 0.06%, 9, 0, 7, 236.02
1734146843, 9, 21, 74, 17, 0, 0.06%, 9, 0, 7, 244.52
1734146848, 9, 22, 74, 17, 0, 0.06%, 9, 0, 7, 310.75
1734146899, 9, 29, 74, 16, 0, 0.06%, 9, 0, 7, 284.66
1734146950, 9, 34, 74, 15, 0, 0.06%, 9, 0, 7, 396.90
1734147007, 9, 43, 74, 14, 0, 0.06%, 9, 0, 7, 374.91
1734147062, 9, 44, 74, 13, 0, 0.06%, 9, 0, 7, 239.66
1734147072, 9, 45, 74, 13, 0, 0.06%, 9, 0, 7, 313.09
1734147123, 9, 60, 74, 12, 0, 0.06%, 9, 0, 7, 284.06
1734147133, 9, 61, 74, 12, 0, 0.06%, 9, 0, 7, 316.33
1734147256, 9, 73, 74, 11, 0, 0.06%, 9, 0, 7, 361.24
1734147408, 10, 11, 74, 10, 0, 0.06%, 9, 0, 7, 243.33
1734147413, 10, 12, 74, 10, 0, 0.06%, 9, 0, 7, 248.80
1734147418, 10, 13, 74, 10, 0, 0.06%, 9, 0, 7, 242.07
1734147423, 10, 14, 74, 10, 0, 0.06%, 9, 0, 7, 240.08
1734147428, 10, 15, 74, 10, 0, 0.06%, 9, 0, 7, 240.64
1734147433, 10, 18, 74, 10, 0, 0.06%, 9, 0, 7, 246.86
1734147439, 10, 19, 74, 10, 0, 0.06%, 9, 0, 7, 236.96
1734147444, 10, 21, 74, 10, 0, 0.06%, 9, 0, 7, 243.64
1734147449, 10, 34, 74, 10, 0, 0.06%, 9, 0, 7, 255.99
1734147464, 10, 41, 74, 10, 0, 0.06%, 9, 0, 7, 245.28
1734147469, 10, 47, 74, 10, 0, 0.06%, 9, 0, 7, 253.11
1734147520, 11, 11, 74, 9, 0, 0.06%, 9, 0, 7, 252.55
1734147525, 11, 12, 74, 9, 0, 0.06%, 9, 0, 7, 254.64
1734147530, 11, 13, 74, 9, 0, 0.06%, 9, 0, 7, 245.51
1734147535, 11, 14, 74, 9, 0, 0.06%, 9, 0, 7, 241.77
1734147541, 11, 15, 74, 9, 0, 0.06%, 9, 0, 7, 257.08
1734147546, 11, 18, 74, 9, 0, 0.06%, 9, 0, 7, 255.48
1734147551, 11, 19, 74, 9, 0, 0.06%, 9, 0, 7, 248.24
1734147556, 11, 21, 74, 9, 0, 0.06%, 9, 0, 7, 245.67
1734147561, 11, 25, 74, 9, 0, 0.06%, 9, 0, 7, 258.73
1734147576, 11, 36, 74, 9, 0, 0.06%, 9, 0, 7, 274.72
1734147581, 11, 40, 74, 9, 0, 0.06%, 9, 0, 7, 325.58
1734147632, 11, 64, 74, 8, 0, 0.06%, 9, 0, 7, 242.54
1734147830, 12, 11, 74, 7, 0, 0.06%, 9, 0, 7, 238.48
1734147835, 12, 12, 74, 7, 0, 0.06%, 9, 0, 7, 235.81
1734147840, 12, 13, 74, 7, 0, 0.06%, 9, 0, 7, 246.32
1734147845, 12, 14, 74, 7, 0, 0.06%, 9, 0, 7, 241.63
1734147851, 12, 15, 74, 7, 0, 0.06%, 9, 0, 7, 244.04
1734147856, 12, 18, 74, 7, 0, 0.06%, 9, 0, 7, 240.99
1734147861, 12, 19, 74, 7, 0, 0.06%, 9, 0, 7, 245.16
1734147866, 12, 21, 74, 7, 0, 0.06%, 9, 0, 7, 237.10
1734147871, 12, 44, 74, 7, 0, 0.06%, 9, 0, 7, 250.82
1734147881, 12, 47, 74, 7, 0, 0.06%, 9, 0, 7, 241.91
1734147891, 12, 61, 74, 7, 0, 0.06%, 9, 0, 7, 282.81
1734147901, 13, 11, 74, 7, 0, 0.06%, 9, 0, 7, 253.29
1734147906, 13, 12, 74, 7, 0, 0.06%, 9, 0, 7, 247.34
1734147911, 13, 13, 74, 7, 0, 0.06%, 9, 0, 7, 237.63
1734147916, 13, 14, 74, 7, 0, 0.06%, 9, 0, 7, 232.43
1734147921, 13, 15, 74, 7, 0, 0.06%, 9, 0, 7, 233.71
1734147931, 13, 18, 74, 7, 0, 0.06%, 9, 0, 7, 243.79
1734147936, 13, 19, 74, 7, 0, 0.06%, 9, 0, 7, 252.25
1734147942, 13, 21, 74, 7, 0, 0.06%, 9, 0, 7, 245.04
1734147947, 13, 29, 74, 7, 0, 0.06%, 9, 0, 7, 253.02
1734147957, 13, 32, 74, 7, 0, 0.06%, 9, 0, 7, 299.13
1734148008, 13, 35, 74, 6, 0, 0.06%, 9, 0, 7, 256.63
1734148099, 13, 43, 74, 5, 0, 0.06%, 9, 0, 7, 255.80
1734148114, 13, 70, 74, 5, 0, 0.06%, 9, 0, 7, 395.05
1734148216, 13, 72, 74, 4, 0, 0.06%, 9, 0, 7, 317.44
1734148227, 14, 11, 74, 4, 0, 0.06%, 9, 0, 7, 257.06
1734148232, 14, 12, 74, 4, 0, 0.06%, 9, 0, 7, 246.43
1734148237, 14, 13, 74, 4, 0, 0.06%, 9, 0, 7, 246.88
1734148242, 14, 14, 74, 4, 0, 0.06%, 9, 0, 7, 243.71
1734148247, 14, 15, 74, 4, 0, 0.06%, 9, 0, 7, 248.10
1734148252, 14, 18, 74, 4, 0, 0.06%, 9, 0, 7, 253.59
1734148258, 14, 19, 74, 4, 0, 0.06%, 9, 0, 7, 243.63
1734148263, 14, 20, 74, 4, 0, 0.06%, 9, 0, 7, 243.12
1734148273, 14, 21, 74, 4, 0, 0.06%, 9, 0, 7, 249.79
1734148283, 14, 45, 74, 4, 0, 0.06%, 9, 0, 7, 253.48
1734148293, 14, 55, 74, 4, 0, 0.06%, 9, 0, 7, 267.21
1734148303, 15, 11, 74, 4, 0, 0.06%, 9, 0, 7, 241.52
1734148308, 15, 12, 74, 4, 0, 0.06%, 9, 0, 7, 241.79
1734148313, 15, 13, 74, 4, 0, 0.06%, 9, 0, 7, 253.65
1734148318, 15, 14, 74, 4, 0, 0.06%, 9, 0, 7, 253.76
1734148323, 15, 15, 74, 4, 0, 0.06%, 9, 0, 7, 240.13
1734148328, 15, 18, 74, 4, 0, 0.06%, 9, 0, 7, 238.20
1734148333, 15, 19, 74, 4, 0, 0.06%, 9, 0, 7, 237.79
1734148338, 15, 21, 75, 5, 0, 0.06%, 9, 0, 7, 247.59
1734148343, 15, 23, 75, 5, 0, 0.06%, 9, 0, 7, 267.97
1734148359, 15, 30, 75, 5, 0, 0.06%, 9, 0, 7, 265.15
1734148369, 15, 52, 75, 5, 0, 0.06%, 9, 0, 7, 279.37
1734148379, 15, 66, 75, 5, 0, 0.06%, 9, 0, 7, 296.43
1734148725, 15, 70, 75, 4, 0, 0.06%, 9, 0, 7, 269.08
1734148736, 16, 11, 75, 4, 0, 0.06%, 9, 0, 7, 257.23
1734148741, 16, 12, 75, 4, 0, 0.06%, 9, 0, 7, 252.44
1734148746, 16, 13, 75, 4, 0, 0.06%, 9, 0, 7, 231.22
1734148751, 16, 14, 75, 4, 0, 0.06%, 9, 0, 7, 229.77
1734148756, 16, 15, 75, 4, 0, 0.06%, 9, 0, 7, 234.39
1734148761, 16, 18, 75, 4, 0, 0.06%, 9, 0, 7, 242.35
1734148771, 16, 19, 75, 4, 0, 0.06%, 9, 0, 7, 249.06
1734148776, 16, 21, 75, 4, 0, 0.06%, 9, 0, 7, 251.56
1734148781, 16, 37, 75, 4, 0, 0.06%, 9, 0, 7, 367.81
1734148872, 16, 51, 75, 3, 0, 0.06%, 9, 0, 7, 315.09
1734148984, 16, 55, 75, 2, 0, 0.06%, 9, 0, 7, 282.54
1734148989, 16, 59, 75, 2, 0, 0.06%, 9, 0, 7, 273.90
1734149051, 16, 64, 75, 1, 0, 0.06%, 9, 0, 7, 241.71
1734149066, 17, 12, 75, 1, 0, 0.06%, 9, 0, 7, 240.56
1734149071, 17, 13, 75, 1, 0, 0.06%, 9, 0, 7, 238.61
1734149081, 17, 15, 75, 1, 0, 0.06%, 9, 0, 7, 246.48
1734149092, 17, 18, 75, 1, 0, 0.06%, 9, 0, 7, 242.04
1734149097, 17, 19, 75, 1, 0, 0.06%, 9, 0, 7, 256.21
1734149102, 17, 21, 75, 1, 0, 0.06%, 9, 0, 7, 252.43
1734149107, 17, 26, 75, 1, 0, 0.06%, 9, 0, 7, 248.62
1734149117, 17, 30, 75, 1, 0, 0.06%, 9, 0, 7, 249.74
1734149122, 17, 65, 75, 1, 0, 0.06%, 9, 0, 7, 251.30
1734149138, 17, 74, 76, 2, 0, 0.06%, 9, 0, 7, 339.32
1734149250, 18, 11, 76, 1, 0, 0.06%, 9, 0, 7, 268.93
1734149255, 18, 12, 76, 1, 0, 0.06%, 9, 0, 7, 242.22
1734149260, 18, 13, 76, 1, 0, 0.06%, 9, 0, 7, 242.37
1734149265, 18, 14, 76, 1, 0, 0.06%, 9, 0, 7, 239.15
1734149270, 18, 15, 76, 1, 0, 0.06%, 9, 0, 7, 245.46
1734149275, 18, 18, 76, 1, 0, 0.06%, 9, 0, 7, 251.25
1734149280, 18, 19, 76, 1, 0, 0.06%, 9, 0, 7, 251.88
1734149291, 18, 21, 76, 1, 0, 0.06%, 9, 0, 7, 243.39
1734149296, 18, 28, 76, 1, 0, 0.06%, 9, 0, 7, 245.65
1734149306, 18, 40, 76, 1, 0, 0.06%, 9, 0, 7, 250.58
1734149316, 18, 61, 76, 1, 0, 0.06%, 9, 0, 7, 261.82
1734149321, 18, 74, 76, 1, 0, 0.06%, 9, 0, 7, 279.94
1734149342, 18, 75, 76, 1, 0, 0.06%, 9, 0, 7, 323.20
1734149459, 19, 11, 76, 0, 0, 0.06%, 9, 0, 7, 246.12
1734149464, 19, 12, 76, 0, 0, 0.06%, 9, 0, 7, 240.44
1734149469, 19, 13, 76, 0, 0, 0.06%, 9, 0, 7, 238.25
1734149474, 19, 14, 76, 0, 0, 0.06%, 9, 0, 7, 231.18
1734149479, 19, 15, 76, 0, 0, 0.06%, 9, 0, 7, 240.00
1734149484, 19, 18, 76, 0, 0, 0.06%, 9, 0, 7, 241.61
1734149494, 19, 19, 76, 0, 0, 0.06%, 9, 0, 7, 256.13
1734149500, 19, 21, 76, 0, 0, 0.06%, 9, 0, 7, 247.52
1734149505, 19, 66, 76, 0, 0, 0.06%, 9, 0, 7, 285.51
1734149515, 19, 68, 76, 0, 0, 0.06%, 9, 0, 7, 252.82
1734149525, 20, 11, 76, 0, 0, 0.06%, 9, 0, 7, 262.71
1734149530, 20, 12, 76, 0, 0, 0.06%, 9, 0, 7, 244.74
1734149535, 20, 13, 76, 0, 0, 0.06%, 9, 0, 7, 243.32
1734149540, 20, 14, 76, 0, 0, 0.06%, 9, 0, 7, 243.89
1734149546, 20, 15, 76, 0, 0, 0.06%, 9, 0, 7, 240.10
1734149551, 20, 18, 76, 0, 0, 0.06%, 9, 0, 7, 261.54
1734149561, 20, 19, 76, 0, 0, 0.06%, 9, 0, 7, 254.25
1734149566, 20, 21, 76, 0, 0, 0.06%, 9, 0, 7, 249.27
1734149571, 20, 28, 76, 0, 0, 0.06%, 9, 0, 7, 252.92
1734149576, 20, 29, 76, 0, 0, 0.06%, 9, 0, 7, 256.04
1734149581, 20, 39, 76, 0, 0, 0.06%, 9, 0, 7, 268.18
1734149591, 20, 46, 76, 0, 0, 0.06%, 9, 0, 7, 259.53
1734149601, 20, 50, 76, 0, 0, 0.06%, 9, 0, 7, 266.71
1734149617, 20, 53, 76, 0, 0, 0.06%, 9, 0, 7, 259.07
1734149627, 20, 64, 76, 0, 0, 0.06%, 9, 0, 7, 264.68
1734149632, 20, 67, 76, 0, 0, 0.06%, 9, 0, 7, 310.37
1734149642, 21, 12, 76, 0, 0, 0.06%, 9, 0, 7, 247.33
1734149652, 21, 13, 76, 0, 0, 0.06%, 9, 0, 7, 249.01
1734149658, 21, 14, 76, 0, 0, 0.06%, 9, 0, 7, 244.87
1734149663, 21, 15, 76, 0, 0, 0.06%, 9, 0, 7, 247.28
1734149668, 21, 18, 76, 0, 0, 0.06%, 9, 0, 7, 240.60
1734149673, 21, 19, 76, 0, 0, 0.06%, 9, 0, 7, 236.37
1734149678, 21, 21, 76, 0, 0, 0.06%, 9, 0, 7, 240.54
1734149683, 21, 22, 76, 0, 0, 0.06%, 9, 0, 7, 245.96
1734149693, 21, 24, 76, 0, 0, 0.06%, 9, 0, 7, 255.35
1734149703, 21, 36, 76, 0, 0, 0.06%, 9, 0, 7, 251.00
1734149713, 21, 69, 76, 0, 0, 0.06%, 9, 0, 7, 286.04
1734149723, 21, 70, 76, 0, 0, 0.06%, 9, 0, 7, 269.81
1734149734, 22, 11, 76, 0, 0, 0.06%, 9, 0, 7, 248.33
1734149739, 22, 12, 76, 0, 0, 0.06%, 9, 0, 7, 239.67
1734149744, 22, 13, 76, 0, 0, 0.06%, 9, 0, 7, 243.35
1734149749, 22, 14, 76, 0, 0, 0.06%, 9, 0, 7, 241.90
1734149754, 22, 15, 76, 0, 0, 0.06%, 9, 0, 7, 239.60
1734149759, 22, 18, 76, 0, 0, 0.06%, 9, 0, 7, 244.45
1734149769, 22, 19, 76, 0, 0, 0.06%, 9, 0, 7, 242.50
1734149775, 22, 21, 76, 0, 0, 0.06%, 9, 0, 7, 249.98
1734149780, 22, 41, 76, 0, 0, 0.06%, 9, 0, 7, 252.13
1734149785, 22, 47, 76, 0, 0, 0.06%, 9, 0, 7, 254.26
1734149790, 22, 61, 76, 0, 0, 0.06%, 9, 0, 7, 259.90
1734149795, 22, 70, 76, 0, 0, 0.06%, 9, 0, 7, 270.13
1734149800, 23, 11, 76, 0, 0, 0.06%, 9, 0, 7, 265.34
1734149805, 23, 12, 76, 0, 0, 0.06%, 9, 0, 7, 256.59
1734149810, 23, 13, 76, 0, 0, 0.06%, 9, 0, 7, 241.61
1734149815, 23, 14, 76, 0, 0, 0.06%, 9, 0, 7, 230.26
1734149821, 23, 15, 76, 0, 0, 0.06%, 9, 0, 7, 238.28
1734149826, 23, 18, 76, 0, 0, 0.06%, 9, 0, 7, 249.70
1734149831, 23, 19, 76, 0, 0, 0.06%, 9, 0, 7, 248.17
1734149836, 23, 21, 76, 0, 0, 0.06%, 9, 0, 7, 255.00
1734149846, 23, 23, 76, 0, 0, 0.06%, 9, 0, 7, 257.95
1734149851, 23, 51, 76, 0, 0, 0.06%, 9, 0, 7, 274.64
1734149862, 23, 64, 76, 0, 0, 0.06%, 9, 0, 7, 267.78
1734149867, 24, 12, 76, 0, 0, 0.06%, 9, 0, 7, 255.28
1734149877, 24, 13, 76, 0, 0, 0.06%, 9, 0, 7, 259.04
1734149882, 24, 14, 76, 0, 0, 0.06%, 9, 0, 7, 247.29
1734149887, 24, 15, 76, 0, 0, 0.06%, 9, 0, 7, 243.04
1734149892, 24, 18, 76, 0, 0, 0.06%, 9, 0, 7, 247.68
1734149898, 24, 19, 76, 0, 0, 0.06%, 9, 0, 7, 238.01
1734149903, 24, 21, 76, 0, 0, 0.06%, 9, 0, 7, 246.55
1734149908, 24, 43, 76, 0, 0, 0.06%, 9, 0, 7, 254.35
1734149913, 24, 56, 76, 0, 0, 0.06%, 9, 0, 7, 267.24
1734149923, 24, 62, 76, 0, 0, 0.06%, 9, 0, 7, 264.56
1734149938, 25, 12, 76, 0, 0, 0.06%, 9, 0, 7, 239.85
1734149944, 25, 13, 76, 0, 0, 0.06%, 9, 0, 7, 242.05
1734149949, 25, 14, 76, 0, 0, 0.06%, 9, 0, 7, 248.97
1734149959, 25, 15, 76, 0, 0, 0.06%, 9, 0, 7, 254.28
1734149964, 25, 18, 76, 0, 0, 0.06%, 9, 0, 7, 259.17
1734149969, 25, 19, 76, 0, 0, 0.06%, 9, 0, 7, 254.09
1734149974, 25, 21, 76, 0, 0, 0.06%, 9, 0, 7, 255.49
1734149979, 26, 11, 76, 0, 0, 0.06%, 9, 0, 7, 248.22
1734149984, 26, 12, 76, 0, 0, 0.06%, 9, 0, 7, 251.21
1734149989, 26, 13, 76, 0, 0, 0.06%, 9, 0, 7, 234.82
1734149994, 26, 14, 76, 0, 0, 0.06%, 9, 0, 7, 240.18
1734149999, 26, 15, 76, 0, 0, 0.06%, 9, 0, 7, 250.70
1734150004, 26, 18, 76, 0, 0, 0.06%, 9, 0, 7, 251.76
1734150009, 26, 19, 76, 0, 0, 0.06%, 9, 0, 7, 246.94
1734150020, 26, 21, 76, 0, 0, 0.06%, 9, 0, 7, 252.86
1734150025, 26, 67, 76, 0, 0, 0.06%, 9, 0, 7, 302.14
1734150035, 27, 11, 76, 0, 0, 0.06%, 9, 0, 7, 235.83
1734150040, 27, 12, 76, 0, 0, 0.06%, 9, 0, 7, 258.72
1734150045, 27, 13, 76, 0, 0, 0.06%, 9, 0, 7, 254.05
1734150050, 27, 14, 76, 0, 0, 0.06%, 9, 0, 7, 259.01
1734150055, 27, 15, 76, 0, 0, 0.06%, 9, 0, 7, 243.88
1734150060, 27, 18, 76, 0, 0, 0.06%, 9, 0, 7, 241.20
1734150065, 27, 19, 76, 0, 0, 0.06%, 9, 0, 7, 243.84
1734150070, 27, 21, 76, 0, 0, 0.06%, 9, 0, 7, 250.96
1734150075, 27, 33, 76, 0, 0, 0.06%, 9, 0, 7, 251.97
1734150091, 27, 60, 76, 0, 0, 0.06%, 9, 0, 7, 262.11
1734150096, 28, 12, 76, 0, 0, 0.06%, 9, 0, 7, 249.92
1734150106, 28, 13, 76, 0, 0, 0.06%, 9, 0, 7, 238.78
1734150111, 28, 14, 76, 0, 0, 0.06%, 9, 0, 7, 246.84
1734150116, 28, 15, 76, 0, 0, 0.06%, 9, 0, 7, 248.20
1734150121, 28, 18, 76, 0, 0, 0.06%, 9, 0, 7, 251.89
1734150126, 28, 19, 76, 0, 0, 0.06%, 9, 0, 7, 239.07
1734150131, 28, 21, 76, 0, 0, 0.06%, 9, 0, 7, 246.37
1734150136, 29, 11, 76, 0, 0, 0.06%, 9, 0, 7, 243.51
1734150141, 29, 12, 76, 0, 0, 0.06%, 9, 0, 7, 251.33
1734150147, 29, 13, 76, 0, 0, 0.06%, 9, 0, 7, 235.23
1734150152, 29, 14, 76, 0, 0, 0.06%, 9, 0, 7, 235.76
1734150157, 29, 15, 76, 0, 0, 0.06%, 9, 0, 7, 244.47
1734150162, 29, 18, 76, 0, 0, 0.06%, 9, 0, 7, 245.28
1734150167, 29, 19, 76, 0, 0, 0.06%, 9, 0, 7, 248.43
1734150177, 29, 21, 76, 0, 0, 0.06%, 9, 0, 7, 243.91
1734150182, 29, 50, 76, 0, 0, 0.06%, 9, 0, 7, 262.66
1734150187, 29, 53, 76, 0, 0, 0.06%, 9, 0, 7, 250.23
1734150192, 29, 58, 76, 0, 0, 0.06%, 9, 0, 7, 263.13
1734150202, 29, 63, 76, 0, 0, 0.06%, 9, 0, 7, 275.56
1734150212, 29, 69, 76, 0, 0, 0.06%, 9, 0, 7, 249.15
1734150228, 30, 12, 76, 0, 0, 0.06%, 9, 0, 7, 243.77
1734150233, 30, 13, 76, 0, 0, 0.06%, 9, 0, 7, 246.88
1734150243, 30, 14, 76, 0, 0, 0.06%, 9, 0, 7, 241.90
1734150248, 30, 15, 76, 0, 0, 0.06%, 9, 0, 7, 250.80
1734150253, 30, 18, 76, 0, 0, 0.06%, 9, 0, 7, 241.11
1734150258, 30, 19, 76, 0, 0, 0.06%, 9, 0, 7, 241.80
1734150263, 30, 21, 76, 0, 0, 0.06%, 9, 0, 7, 243.77
1734150268, 30, 28, 76, 0, 0, 0.06%, 9, 0, 7, 256.43
1734150273, 30, 41, 76, 0, 0, 0.06%, 9, 0, 7, 275.41
1734150278, 31, 8, 76, 0, 0, 0.06%, 9, 0, 7, 267.34
1734150283, 31, 12, 76, 0, 0, 0.06%, 9, 0, 7, 235.26
1734150288, 31, 13, 76, 0, 0, 0.06%, 9, 0, 7, 241.86
1734150293, 31, 14, 76, 0, 0, 0.06%, 9, 0, 7, 244.64
1734150298, 31, 15, 76, 0, 0, 0.06%, 9, 0, 7, 245.16
1734150304, 31, 18, 76, 0, 0, 0.06%, 9, 0, 7, 256.52
1734150314, 31, 19, 76, 0, 0, 0.06%, 9, 0, 7, 243.38
1734150319, 31, 21, 76, 0, 0, 0.06%, 9, 0, 7, 236.51
1734150324, 32, 11, 76, 0, 0, 0.06%, 9, 0, 7, 241.57
1734150329, 32, 12, 76, 0, 0, 0.06%, 9, 0, 7, 248.04
1734150334, 32, 13, 76, 0, 0, 0.06%, 9, 0, 7, 237.97
1734150339, 32, 14, 76, 0, 0, 0.06%, 9, 0, 7, 235.63
1734150344, 32, 15, 76, 0, 0, 0.06%, 9, 0, 7, 238.62
1734150350, 32, 18, 76, 0, 0, 0.06%, 9, 0, 7, 262.32
1734150355, 32, 19, 76, 0, 0, 0.06%, 9, 0, 7, 252.24
1734150365, 32, 21, 76, 0, 0, 0.06%, 9, 0, 7, 246.50
1734150370, 32, 58, 76, 0, 0, 0.06%, 9, 0, 7, 253.92
1734150375, 32, 61, 76, 0, 0, 0.06%, 9, 0, 7, 276.48
1734150380, 32, 68, 76, 0, 0, 0.06%, 9, 0, 7, 270.15
1734150390, 33, 11, 76, 0, 0, 0.06%, 9, 0, 7, 249.34
1734150395, 33, 12, 76, 0, 0, 0.06%, 9, 0, 7, 252.89
1734150400, 33, 13, 76, 0, 0, 0.06%, 9, 0, 7, 232.57
1734150405, 33, 14, 76, 0, 0, 0.06%, 9, 0, 7, 239.24
1734150411, 33, 15, 76, 0, 0, 0.06%, 9, 0, 7, 234.22
1734150416, 33, 18, 76, 0, 0, 0.06%, 9, 0, 7, 251.40
1734150421, 33, 19, 76, 0, 0, 0.06%, 9, 0, 7, 248.35
1734150426, 33, 21, 76, 0, 0, 0.06%, 9, 0, 7, 253.37
1734150436, 33, 55, 76, 0, 0, 0.06%, 9, 0, 7, 253.96
1734150441, 33, 58, 76, 0, 0, 0.06%, 9, 0, 7, 261.60
1734150446, 34, 12, 76, 0, 0, 0.06%, 9, 0, 7, 252.30
1734150451, 34, 13, 76, 0, 0, 0.06%, 9, 0, 7, 249.62
1734150461, 34, 14, 76, 0, 0, 0.06%, 9, 0, 7, 238.07
1734150467, 34, 15, 76, 0, 0, 0.06%, 9, 0, 7, 239.27
1734150472, 34, 18, 76, 0, 0, 0.06%, 9, 0, 7, 237.51
1734150477, 34, 19, 76, 0, 0, 0.06%, 9, 0, 7, 249.21
1734150482, 34, 21, 76, 0, 0, 0.06%, 9, 0, 7, 238.82
1734150487, 34, 24, 76, 0, 0, 0.06%, 9, 0, 7, 241.47
1734150492, 34, 53, 76, 0, 0, 0.06%, 9, 0, 7, 254.70
1734150502, 35, 12, 76, 0, 0, 0.06%, 9, 0, 7, 240.90
1734150507, 35, 13, 76, 0, 0, 0.06%, 9, 0, 7, 246.34
1734150512, 35, 14, 76, 0, 0, 0.06%, 9, 0, 7, 240.19
1734150518, 35, 15, 76, 0, 0, 0.06%, 9, 0, 7, 246.76
1734150523, 35, 18, 76, 0, 0, 0.06%, 9, 0, 7, 250.95
1734150528, 35, 19, 76, 0, 0, 0.06%, 9, 0, 7, 253.41
1734150533, 35, 21, 76, 0, 0, 0.06%, 9, 0, 7, 257.28
1734150543, 36, 12, 76, 0, 0, 0.06%, 9, 0, 7, 242.51
1734150548, 36, 13, 76, 0, 0, 0.06%, 9, 0, 7, 243.89
1734150558, 36, 14, 76, 0, 0, 0.06%, 9, 0, 7, 249.32
1734150564, 36, 15, 76, 0, 0, 0.06%, 9, 0, 7, 257.35
1734150569, 36, 16, 76, 0, 0, 0.06%, 9, 0, 7, 242.80
1734150579, 36, 18, 76, 0, 0, 0.06%, 9, 0, 7, 250.68
1734150584, 36, 19, 76, 0, 0, 0.06%, 9, 0, 7, 242.64
1734150589, 36, 21, 76, 0, 0, 0.06%, 9, 0, 7, 252.67
1734150599, 37, 12, 76, 0, 0, 0.06%, 9, 0, 7, 247.82
1734150604, 37, 13, 76, 0, 0, 0.06%, 9, 0, 7, 256.99
1734150614, 37, 14, 76, 0, 0, 0.06%, 9, 0, 7, 239.11
1734150619, 37, 15, 76, 0, 0, 0.06%, 9, 0, 7, 251.61
1734150624, 37, 18, 76, 0, 0, 0.06%, 9, 0, 7, 242.99
1734150629, 37, 19, 76, 0, 0, 0.06%, 9, 0, 7, 237.94
1734150635, 37, 21, 76, 0, 0, 0.06%, 9, 0, 7, 241.08
1734150640, 37, 50, 76, 0, 0, 0.06%, 9, 0, 7, 246.55
1734150645, 37, 66, 76, 0, 0, 0.06%, 9, 0, 7, 254.42
1734150655, 38, 12, 76, 0, 0, 0.06%, 9, 0, 7, 240.58
1734150660, 38, 13, 76, 0, 0, 0.06%, 9, 0, 7, 247.60
1734150665, 38, 14, 76, 0, 0, 0.06%, 9, 0, 7, 238.81
1734150670, 38, 15, 76, 0, 0, 0.06%, 9, 0, 7, 249.03
1734150681, 38, 18, 76, 0, 0, 0.06%, 9, 0, 7, 232.46
1734150686, 38, 19, 76, 0, 0, 0.06%, 9, 0, 7, 235.90
1734150691, 38, 21, 76, 0, 0, 0.06%, 9, 0, 7, 241.72
1734150696, 38, 22, 76, 0, 0, 0.06%, 9, 0, 7, 248.61
1734150701, 38, 61, 76, 0, 0, 0.06%, 9, 0, 7, 263.77
1734150706, 38, 65, 76, 0, 0, 0.06%, 9, 0, 7, 262.54
1734150711, 38, 66, 76, 0, 0, 0.06%, 9, 0, 7, 282.74
1734150716, 39, 11, 76, 0, 0, 0.06%, 9, 0, 7, 248.84
1734150722, 39, 12, 76, 0, 0, 0.06%, 9, 0, 7, 245.95
1734150727, 39, 13, 76, 0, 0, 0.06%, 9, 0, 7, 257.95
1734150732, 39, 14, 76, 0, 0, 0.06%, 9, 0, 7, 249.44
1734150737, 39, 15, 76, 0, 0, 0.06%, 9, 0, 7, 258.76
1734150742, 39, 18, 76, 0, 0, 0.06%, 9, 0, 7, 254.64
1734150747, 39, 19, 76, 0, 0, 0.06%, 9, 0, 7, 239.27
1734150752, 39, 21, 76, 0, 0, 0.06%, 9, 0, 7, 249.04
1734150762, 39, 43, 76, 0, 0, 0.06%, 9, 0, 7, 254.67
1734150767, 39, 56, 76, 0, 0, 0.06%, 9, 0, 7, 266.90
1734150772, 39, 63, 76, 0, 0, 0.06%, 9, 0, 7, 275.91
1734150777, 40, 11, 76, 0, 0, 0.06%, 9, 0, 7, 250.58
1734150782, 40, 12, 76, 0, 0, 0.06%, 9, 0, 7, 242.09
1734150787, 40, 13, 76, 0, 0, 0.06%, 9, 0, 7, 247.59
1734150792, 40, 14, 76, 0, 0, 0.06%, 9, 0, 7, 238.87
1734150797, 40, 15, 76, 0, 0, 0.06%, 9, 0, 7, 240.33
1734150802, 40, 18, 76, 0, 0, 0.06%, 9, 0, 7, 248.54
1734150813, 40, 19, 76, 0, 0, 0.06%, 9, 0, 7, 245.25
1734150818, 40, 21, 76, 0, 0, 0.06%, 9, 0, 7, 244.81
1734150823, 40, 56, 76, 0, 0, 0.06%, 9, 0, 7, 252.58
1734150828, 40, 66, 76, 0, 0, 0.06%, 9, 0, 7, 279.48
1734150833, 41, 11, 76, 0, 0, 0.06%, 9, 0, 7, 261.76
1734150838, 41, 12, 76, 0, 0, 0.06%, 9, 0, 7, 239.49
1734150843, 41, 13, 76, 0, 0, 0.06%, 9, 0, 7, 238.38
1734150848, 41, 14, 76, 0, 0, 0.06%, 9, 0, 7, 241.21
1734150853, 41, 15, 76, 0, 0, 0.06%, 9, 0, 7, 234.99
1734150858, 41, 18, 76, 0, 0, 0.06%, 9, 0, 7, 241.48
1734150864, 41, 19, 76, 0, 0, 0.06%, 9, 0, 7, 243.92
1734150869, 41, 21, 76, 0, 0, 0.06%, 9, 0, 7, 256.56
1734150879, 41, 22, 76, 0, 0, 0.06%, 9, 0, 7, 261.16
1734150884, 41, 67, 76, 0, 0, 0.06%, 9, 0, 7, 272.11
1734150889, 42, 12, 76, 0, 0, 0.06%, 9, 0, 7, 239.11
1734150894, 42, 13, 76, 0, 0, 0.06%, 9, 0, 7, 247.21
1734150899, 42, 14, 76, 0, 0, 0.06%, 9, 0, 7, 244.84
1734150904, 42, 15, 76, 0, 0, 0.06%, 9, 0, 7, 258.34
1734150910, 42, 18, 76, 0, 0, 0.06%, 9, 0, 7, 255.04
1734150920, 42, 19, 76, 0, 0, 0.06%, 9, 0, 7, 258.04
1734150925, 42, 21, 76, 0, 0, 0.06%, 9, 0, 7, 252.73
1734150930, 42, 23, 76, 0, 0, 0.06%, 9, 0, 7, 255.36
1734150935, 42, 39, 76, 0, 0, 0.06%, 9, 0, 7, 269.68
1734150940, 42, 46, 76, 0, 0, 0.06%, 9, 0, 7, 262.76
1734150945, 42, 54, 76, 0, 0, 0.06%, 9, 0, 7, 269.74
1734150955, 43, 5, 76, 0, 0, 0.06%, 9, 0, 7, 274.09
1734150960, 43, 12, 76, 0, 0, 0.06%, 9, 0, 7, 249.46
1734150970, 43, 13, 76, 0, 0, 0.06%, 9, 0, 7, 255.37
1734150975, 43, 15, 76, 0, 0, 0.06%, 9, 0, 7, 263.87
1734150985, 43, 18, 76, 0, 0, 0.06%, 9, 0, 7, 237.20
1734150990, 43, 19, 76, 0, 0, 0.06%, 9, 0, 7, 249.39
1734150995, 43, 21, 76, 0, 0, 0.06%, 9, 0, 7, 240.08
1734151001, 43, 24, 76, 0, 0, 0.06%, 9, 0, 7, 258.84
1734151006, 43, 50, 76, 0, 0, 0.06%, 9, 0, 7, 256.75
1734151011, 43, 64, 76, 0, 0, 0.06%, 9, 0, 7, 281.17
1734151016, 44, 3, 76, 0, 0, 0.06%, 9, 0, 7, 249.56
1734151021, 44, 12, 76, 0, 0, 0.06%, 9, 0, 7, 241.65
1734151026, 44, 13, 76, 0, 0, 0.06%, 9, 0, 7, 247.69
1734151031, 44, 14, 76, 0, 0, 0.06%, 9, 0, 7, 250.78
1734151036, 44, 15, 76, 0, 0, 0.06%, 9, 0, 7, 241.01
1734151041, 44, 18, 76, 0, 0, 0.06%, 9, 0, 7, 256.53
1734151051, 44, 19, 76, 0, 0, 0.06%, 9, 0, 7, 255.40
1734151057, 44, 21, 76, 0, 0, 0.06%, 9, 0, 7, 243.46
1734151062, 45, 12, 76, 0, 0, 0.06%, 9, 0, 7, 246.12
1734151072, 45, 13, 76, 0, 0, 0.06%, 9, 0, 7, 261.45
1734151077, 45, 14, 76, 0, 0, 0.06%, 9, 0, 7, 243.11
1734151082, 45, 15, 76, 0, 0, 0.06%, 9, 0, 7, 254.93
1734151087, 45, 18, 76, 0, 0, 0.06%, 9, 0, 7, 242.05
1734151092, 45, 19, 76, 0, 0, 0.06%, 9, 0, 7, 240.00
1734151097, 45, 21, 76, 0, 0, 0.06%, 9, 0, 7, 239.10
1734151103, 45, 27, 76, 0, 0, 0.06%, 9, 0, 7, 247.17
1734151113, 45, 37, 76, 0, 0, 0.06%, 9, 0, 7, 261.00
1734151128, 46, 11, 76, 0, 0, 0.06%, 9, 0, 7, 248.29
1734151133, 46, 12, 76, 0, 0, 0.06%, 9, 0, 7, 246.30
1734151138, 46, 13, 76, 0, 0, 0.06%, 9, 0, 7, 259.53
1734151143, 46, 14, 76, 0, 0, 0.06%, 9, 0, 7, 249.77
1734151148, 46, 15, 76, 0, 0, 0.06%, 9, 0, 7, 250.61
1734151153, 46, 18, 76, 0, 0, 0.06%, 9, 0, 7, 248.54
1734151158, 46, 19, 76, 0, 0, 0.06%, 9, 0, 7, 242.43
1734151163, 46, 21, 76, 0, 0, 0.06%, 9, 0, 7, 242.47
1734151169, 46, 32, 76, 0, 0, 0.06%, 9, 0, 7, 250.75
1734151184, 46, 56, 76, 0, 0, 0.06%, 9, 0, 7, 249.34
1734151189, 46, 74, 76, 0, 0, 0.06%, 9, 0, 7, 293.99
1734151209, 47, 11, 76, 0, 0, 0.06%, 9, 0, 7, 251.29
1734151215, 47, 12, 76, 0, 0, 0.06%, 9, 0, 7, 254.70
1734151220, 47, 13, 76, 0, 0, 0.06%, 9, 0, 7, 240.16
1734151225, 47, 14, 76, 0, 0, 0.06%, 9, 0, 7, 250.39
1734151230, 47, 15, 76, 0, 0, 0.06%, 9, 0, 7, 232.77
1734151235, 47, 18, 76, 0, 0, 0.06%, 9, 0, 7, 237.20
1734151240, 47, 19, 76, 0, 0, 0.06%, 9, 0, 7, 243.85
1734151245, 47, 21, 76, 0, 0, 0.06%, 9, 0, 7, 249.35
1734151250, 47, 39, 76, 0, 0, 0.06%, 9, 0, 7, 235.41
1734151260, 47, 51, 76, 0, 0, 0.06%, 9, 0, 7, 262.31
1734151265, 48, 12, 76, 0, 0, 0.06%, 9, 0, 7, 251.69
1734151275, 48, 13, 76, 0, 0, 0.06%, 9, 0, 7, 229.06
1734151280, 48, 14, 76, 0, 0, 0.06%, 9, 0, 7, 251.25
1734151285, 48, 15, 76, 0, 0, 0.06%, 9, 0, 7, 249.50
1734151291, 48, 18, 76, 0, 0, 0.06%, 9, 0, 7, 254.59
1734151296, 48, 19, 76, 0, 0, 0.06%, 9, 0, 7, 254.48
1734151301, 48, 21, 76, 0, 0, 0.06%, 9, 0, 7, 253.33
1734151306, 48, 28, 76, 0, 0, 0.06%, 9, 0, 7, 254.67
1734151311, 49, 11, 76, 0, 0, 0.06%, 9, 0, 7, 257.34
1734151316, 49, 12, 76, 0, 0, 0.06%, 9, 0, 7, 244.58
1734151321, 49, 13, 76, 0, 0, 0.06%, 9, 0, 7, 246.92
1734151326, 49, 14, 76, 0, 0, 0.06%, 9, 0, 7, 247.20
1734151331, 49, 15, 76, 0, 0, 0.06%, 9, 0, 7, 239.79
1734151336, 49, 18, 76, 0, 0, 0.06%, 9, 0, 7, 244.52
1734151342, 49, 19, 76, 0, 0, 0.06%, 9, 0, 7, 242.20
1734151352, 49, 21, 76, 0, 0, 0.06%, 9, 0, 7, 250.87
1734151357, 49, 59, 76, 0, 0, 0.06%, 9, 0, 7, 265.14
1734151367, 49, 71, 76, 0, 0, 0.06%, 9, 0, 7, 292.42
1734151377, 50, 11, 76, 0, 0, 0.06%, 9, 0, 7, 239.19
1734151382, 50, 12, 76, 0, 0, 0.06%, 9, 0, 7, 246.41
1734151388, 50, 13, 76, 0, 0, 0.06%, 9, 0, 7, 247.67
1734151393, 50, 14, 76, 0, 0, 0.06%, 9, 0, 7, 246.44
1734151398, 50, 15, 76, 0, 0, 0.06%, 9, 0, 7, 236.56
1734151403, 50, 18, 76, 0, 0, 0.06%, 9, 0, 7, 243.08
1734151408, 50, 19, 76, 0, 0, 0.06%, 9, 0, 7, 240.99
1734151413, 50, 21, 76, 0, 0, 0.06%, 9, 0, 7, 246.62
1734151423, 50, 26, 76, 0, 0, 0.06%, 9, 0, 7, 243.03
1734151428, 50, 56, 76, 0, 0, 0.06%, 9, 0, 7, 258.69
1734151433, 50, 69, 76, 0, 0, 0.06%, 9, 0, 7, 284.34
1734151438, 50, 74, 76, 0, 0, 0.06%, 9, 0, 7, 290.40
1734151448, 51, 11, 76, 0, 0, 0.06%, 9, 0, 7, 247.97
1734151453, 51, 12, 76, 0, 0, 0.06%, 9, 0, 7, 254.84
1734151458, 51, 13, 76, 0, 0, 0.06%, 9, 0, 7, 237.57
1734151463, 51, 14, 76, 0, 0, 0.06%, 9, 0, 7, 243.50
1734151469, 51, 15, 76, 0, 0, 0.06%, 9, 0, 7, 236.79
1734151474, 51, 18, 76, 0, 0, 0.06%, 9, 0, 7, 248.67
1734151479, 51, 19, 76, 0, 0, 0.06%, 9, 0, 7, 243.80
1734151484, 51, 21, 76, 0, 0, 0.06%, 9, 0, 7, 240.08
1734151489, 51, 23, 76, 0, 0, 0.06%, 9, 0, 7, 253.49
1734151499, 51, 28, 76, 0, 0, 0.06%, 9, 0, 7, 263.59
1734151504, 51, 38, 76, 0, 0, 0.06%, 9, 0, 7, 275.92
1734151515, 51, 71, 76, 0, 0, 0.06%, 9, 0, 7, 283.96
1734151525, 52, 11, 76, 0, 0, 0.06%, 9, 0, 7, 238.38
1734151530, 52, 12, 76, 0, 0, 0.06%, 9, 0, 7, 249.68
1734151535, 52, 13, 76, 0, 0, 0.06%, 9, 0, 7, 242.61
1734151540, 52, 14, 76, 0, 0, 0.06%, 9, 0, 7, 241.73
1734151545, 52, 15, 76, 0, 0, 0.06%, 9, 0, 7, 239.49
1734151550, 52, 18, 76, 0, 0, 0.06%, 9, 0, 7, 241.95
1734151555, 52, 19, 76, 0, 0, 0.06%, 9, 0, 7, 239.17
1734151560, 52, 21, 76, 0, 0, 0.06%, 9, 0, 7, 247.05
1734151571, 53, 12, 76, 0, 0, 0.06%, 9, 0, 7, 231.53
1734151576, 53, 13, 76, 0, 0, 0.06%, 9, 0, 7, 251.16
1734151581, 53, 14, 76, 0, 0, 0.06%, 9, 0, 7, 244.62
1734151586, 53, 15, 76, 0, 0, 0.06%, 9, 0, 7, 247.83
1734151596, 53, 18, 76, 0, 0, 0.06%, 9, 0, 7, 253.34
1734151601, 53, 19, 76, 0, 0, 0.06%, 9, 0, 7, 242.67
1734151606, 53, 21, 76, 0, 0, 0.06%, 9, 0, 7, 253.89
1734151611, 53, 39, 76, 0, 0, 0.06%, 9, 0, 7, 273.16
1734151616, 53, 74, 76, 0, 0, 0.06%, 9, 0, 7, 281.66
1734151626, 54, 11, 76, 0, 0, 0.06%, 9, 0, 7, 241.50
1734151632, 54, 12, 76, 0, 0, 0.06%, 9, 0, 7, 235.67
1734151637, 54, 13, 76, 0, 0, 0.06%, 9, 0, 7, 240.20
1734151642, 54, 14, 76, 0, 0, 0.06%, 9, 0, 7, 230.03
1734151647, 54, 15, 76, 0, 0, 0.06%, 9, 0, 7, 243.15
1734151652, 54, 18, 76, 0, 0, 0.06%, 9, 0, 7, 250.06
1734151662, 54, 19, 76, 0, 0, 0.06%, 9, 0, 7, 250.86
1734151667, 54, 21, 76, 0, 0, 0.06%, 9, 0, 7, 235.80
1734151672, 54, 23, 76, 0, 0, 0.06%, 9, 0, 7, 253.65
1734151677, 54, 34, 76, 0, 0, 0.06%, 9, 0, 7, 263.09
1734151683, 54, 40, 76, 0, 0, 0.06%, 9, 0, 7, 248.07
1734151688, 54, 43, 76, 0, 0, 0.06%, 9, 0, 7, 262.41
1734151693, 54, 49, 76, 0, 0, 0.06%, 9, 0, 7, 269.99
1734151708, 54, 58, 76, 0, 0, 0.06%, 9, 0, 7, 252.56
1734151713, 55, 11, 76, 0, 0, 0.06%, 9, 0, 7, 250.19
1734151718, 55, 12, 76, 0, 0, 0.06%, 9, 0, 7, 249.35
1734151723, 55, 13, 76, 0, 0, 0.06%, 9, 0, 7, 243.30
1734151728, 55, 14, 76, 0, 0, 0.06%, 9, 0, 7, 236.95
1734151733, 55, 15, 76, 0, 0, 0.06%, 9, 0, 7, 252.59
1734151738, 55, 18, 76, 0, 0, 0.06%, 9, 0, 7, 242.50
1734151743, 55, 19, 76, 0, 0, 0.06%, 9, 0, 7, 244.16
1734151748, 55, 21, 76, 0, 0, 0.06%, 9, 0, 7, 255.20
1734151758, 55, 32, 76, 0, 0, 0.06%, 9, 0, 7, 261.51
1734151763, 55, 34, 76, 0, 0, 0.06%, 9, 0, 7, 257.05
1734151768, 56, 12, 76, 0, 0, 0.06%, 9, 0, 7, 259.76
1734151779, 56, 13, 76, 0, 0, 0.06%, 9, 0, 7, 246.15
1734151784, 56, 14, 76, 0, 0, 0.06%, 9, 0, 7, 237.32
1734151789, 56, 15, 76, 0, 0, 0.06%, 9, 0, 7, 258.56
1734151794, 56, 18, 76, 0, 0, 0.06%, 9, 0, 7, 261.47
1734151799, 56, 19, 76, 0, 0, 0.06%, 9, 0, 7, 254.93
1734151804, 56, 21, 76, 0, 0, 0.06%, 9, 0, 7, 260.56
1734151809, 56, 23, 76, 0, 0, 0.06%, 9, 0, 7, 259.65
1734151814, 57, 11, 76, 0, 0, 0.06%, 9, 0, 7, 257.86
1734151819, 57, 12, 76, 0, 0, 0.06%, 9, 0, 7, 248.15
1734151824, 57, 13, 76, 0, 0, 0.06%, 9, 0, 7, 253.70
1734151829, 57, 14, 76, 0, 0, 0.06%, 9, 0, 7, 250.85
1734151834, 57, 15, 76, 0, 0, 0.06%, 9, 0, 7, 235.80
1734151839, 57, 18, 76, 0, 0, 0.06%, 9, 0, 7, 248.53
1734151844, 57, 19, 76, 0, 0, 0.06%, 9, 0, 7, 260.38
1734151855, 57, 21, 76, 0, 0, 0.06%, 9, 0, 7, 252.05
1734151860, 57, 25, 76, 0, 0, 0.06%, 9, 0, 7, 256.11
1734151865, 57, 61, 76, 0, 0, 0.06%, 9, 0, 7, 262.15
1734151870, 58, 12, 76, 0, 0, 0.06%, 9, 0, 7, 243.78
1734151880, 58, 13, 76, 0, 0, 0.06%, 9, 0, 7, 252.24
1734151885, 58, 14, 77, 1, 0, 0.06%, 9, 0, 7, 237.00
1734151890, 58, 15, 77, 1, 0, 0.06%, 9, 0, 7, 247.97
1734151895, 58, 18, 77, 1, 0, 0.06%, 9, 0, 7, 246.72
1734151901, 58, 19, 77, 1, 0, 0.06%, 9, 0, 7, 240.43
1734151906, 58, 21, 77, 1, 0, 0.06%, 9, 0, 7, 239.74
1734151911, 58, 59, 77, 1, 0, 0.06%, 9, 0, 7, 257.77
1734151921, 59, 12, 77, 1, 0, 0.06%, 9, 0, 7, 242.44
1734151926, 59, 13, 77, 1, 0, 0.06%, 9, 0, 7, 251.28
1734151931, 59, 14, 77, 1, 0, 0.06%, 9, 0, 7, 243.93
1734151936, 59, 15, 77, 1, 0, 0.06%, 9, 0, 7, 246.74
1734151946, 59, 18, 77, 1, 0, 0.06%, 9, 0, 7, 256.48
1734151951, 59, 19, 77, 1, 0, 0.06%, 9, 0, 7, 245.69
1734151956, 59, 21, 77, 1, 0, 0.06%, 9, 0, 7, 247.68
1734151961, 59, 61, 77, 1, 0, 0.06%, 9, 0, 7, 262.78
1734151967, 59, 69, 77, 1, 0, 0.06%, 9, 0, 7, 273.73
1734151972, 60, 12, 77, 1, 0, 0.06%, 9, 0, 7, 245.88
1734151977, 60, 13, 77, 1, 0, 0.06%, 9, 0, 7, 254.83
1734151987, 60, 14, 77, 1, 0, 0.06%, 9, 0, 7, 248.69
1734151992, 60, 15, 77, 1, 0, 0.06%, 9, 0, 7, 251.53
1734151997, 60, 18, 77, 1, 0, 0.06%, 9, 0, 7, 236.26
1734152002, 60, 19, 77, 1, 0, 0.06%, 9, 0, 7, 257.06
1734152007, 60, 21, 77, 1, 0, 0.06%, 9, 0, 7, 239.64
1734152013, 60, 37, 77, 1, 0, 0.06%, 9, 0, 7, 253.63
1734152018, 60, 43, 77, 1, 0, 0.06%, 9, 0, 7, 256.09
1734152023, 61, 1, 77, 1, 0, 0.06%, 9, 0, 7, 253.94
1734152028, 61, 12, 77, 1, 0, 0.06%, 9, 0, 7, 241.90
1734152033, 61, 13, 77, 1, 0, 0.06%, 9, 0, 7, 250.79
1734152038, 61, 14, 77, 1, 0, 0.06%, 9, 0, 7, 242.75
1734152048, 61, 15, 77, 1, 0, 0.06%, 9, 0, 7, 246.76
1734152053, 61, 18, 77, 1, 0, 0.06%, 9, 0, 7, 251.85
1734152058, 61, 19, 77, 1, 0, 0.06%, 9, 0, 7, 244.06
1734152063, 61, 21, 77, 1, 0, 0.06%, 9, 0, 7, 236.10
1734152069, 61, 64, 77, 1, 0, 0.06%, 9, 0, 7, 250.12
1734152074, 62, 11, 77, 1, 0, 0.06%, 9, 0, 7, 241.17
1734152079, 62, 12, 77, 1, 0, 0.06%, 9, 0, 7, 238.76
1734152084, 62, 13, 77, 1, 0, 0.06%, 9, 0, 7, 236.49
1734152089, 62, 14, 77, 1, 0, 0.06%, 9, 0, 7, 230.69
1734152094, 62, 15, 77, 1, 0, 0.06%, 9, 0, 7, 233.31
1734152099, 62, 18, 77, 1, 0, 0.06%, 9, 0, 7, 257.37
1734152109, 62, 19, 77, 1, 0, 0.06%, 9, 0, 7, 247.86
1734152115, 62, 21, 77, 1, 0, 0.06%, 9, 0, 7, 245.77
1734152120, 62, 37, 78, 2, 0, 0.06%, 9, 0, 7, 269.52
1734152125, 62, 58, 78, 2, 0, 0.06%, 9, 0, 7, 261.03
1734152130, 62, 73, 78, 2, 0, 0.06%, 9, 0, 7, 264.57
1734152145, 63, 12, 78, 2, 0, 0.06%, 9, 0, 7, 251.46
1734152155, 63, 13, 78, 2, 0, 0.06%, 9, 0, 7, 252.19
1734152160, 63, 14, 78, 2, 0, 0.06%, 9, 0, 7, 252.81
1734152165, 63, 15, 78, 2, 0, 0.06%, 9, 0, 7, 241.01
1734152170, 63, 18, 78, 2, 0, 0.06%, 9, 0, 7, 245.20
1734152175, 63, 19, 78, 2, 0, 0.06%, 9, 0, 7, 235.84
1734152180, 63, 21, 78, 2, 0, 0.06%, 9, 0, 7, 241.37
1734152185, 63, 44, 78, 2, 0, 0.06%, 9, 0, 7, 246.58
1734152190, 63, 51, 78, 2, 0, 0.06%, 9, 0, 7, 250.52
1734152201, 64, 11, 78, 2, 0, 0.06%, 9, 0, 7, 253.07
1734152206, 64, 12, 78, 2, 0, 0.06%, 9, 0, 7, 229.70
1734152211, 64, 13, 78, 2, 0, 0.06%, 9, 0, 7, 242.22
1734152216, 64, 14, 78, 2, 0, 0.06%, 9, 0, 7, 244.15
1734152221, 64, 15, 78, 2, 0, 0.06%, 9, 0, 7, 231.44
1734152226, 64, 18, 78, 2, 0, 0.06%, 9, 0, 7, 240.13
1734152231, 64, 19, 78, 2, 0, 0.06%, 9, 0, 7, 250.15
1734152236, 64, 21, 78, 2, 0, 0.06%, 9, 0, 7, 258.80
1734152246, 64, 29, 78, 2, 0, 0.06%, 9, 0, 7, 256.93
1734152251, 64, 65, 78, 2, 0, 0.06%, 9, 0, 7, 242.93
1734152257, 64, 74, 78, 2, 0, 0.06%, 9, 0, 7, 284.91
1734152267, 65, 11, 78, 2, 0, 0.06%, 9, 0, 7, 246.08
1734152272, 65, 12, 78, 2, 0, 0.06%, 9, 0, 7, 241.39
1734152277, 65, 13, 78, 2, 0, 0.06%, 9, 0, 7, 237.22
1734152282, 65, 14, 78, 2, 0, 0.06%, 9, 0, 7, 235.57
1734152287, 65, 15, 78, 2, 0, 0.06%, 9, 0, 7, 241.60
1734152298, 65, 18, 78, 2, 0, 0.06%, 9, 0, 7, 257.62
1734152303, 65, 19, 78, 2, 0, 0.06%, 9, 0, 7, 242.32
1734152308, 65, 21, 78, 2, 0, 0.06%, 9, 0, 7, 254.25
1734152313, 65, 25, 78, 2, 0, 0.06%, 9, 0, 7, 256.52
1734152318, 65, 47, 78, 2, 0, 0.06%, 9, 0, 7, 257.26
1734152323, 66, 11, 78, 2, 0, 0.06%, 9, 0, 7, 258.89
1734152328, 66, 12, 78, 2, 0, 0.06%, 9, 0, 7, 271.99
1734152333, 66, 13, 78, 2, 0, 0.06%, 9, 0, 7, 252.31
1734152338, 66, 14, 78, 2, 0, 0.06%, 9, 0, 7, 243.12
1734152343, 66, 15, 78, 2, 0, 0.06%, 9, 0, 7, 231.54
1734152348, 66, 18, 78, 2, 0, 0.06%, 9, 0, 7, 252.25
1734152354, 66, 19, 78, 2, 0, 0.06%, 9, 0, 7, 234.82
1734152359, 66, 21, 78, 2, 0, 0.06%, 9, 0, 7, 245.48
1734152364, 66, 31, 78, 2, 0, 0.06%, 9, 0, 7, 267.36
1734152374, 66, 46, 78, 2, 0, 0.06%, 9, 0, 7, 281.79
1734152379, 66, 52, 78, 2, 0, 0.06%, 9, 0, 7, 257.50
1734152389, 66, 53, 78, 2, 0, 0.06%, 9, 0, 7, 265.05
1734152394, 67, 11, 78, 2, 0, 0.06%, 9, 0, 7, 260.67
1734152399, 67, 12, 78, 2, 0, 0.06%, 9, 0, 7, 248.68
1734152404, 67, 13, 78, 2, 0, 0.06%, 9, 0, 7, 244.89
1734152409, 67, 14, 78, 2, 0, 0.06%, 9, 0, 7, 250.34
1734152414, 67, 15, 78, 2, 0, 0.06%, 9, 0, 7, 244.25
1734152419, 67, 18, 78, 2, 0, 0.06%, 9, 0, 7, 246.57
1734152425, 67, 19, 78, 2, 0, 0.06%, 9, 0, 7, 248.03
1734152430, 67, 21, 78, 2, 0, 0.06%, 9, 0, 7, 244.74
1734152435, 67, 23, 78, 2, 0, 0.06%, 9, 0, 7, 264.21
1734152440, 67, 50, 78, 2, 0, 0.06%, 9, 0, 7, 263.45
1734152445, 67, 75, 78, 2, 0, 0.06%, 9, 0, 7, 270.24
1734152470, 67, 76, 78, 2, 0, 0.06%, 9, 0, 7, 368.18
1734152607, 68, 11, 78, 1, 0, 0.06%, 9, 0, 7, 248.52
1734152612, 68, 12, 78, 1, 0, 0.06%, 9, 0, 7, 242.43
1734152617, 68, 13, 78, 1, 0, 0.06%, 9, 0, 7, 237.88
1734152622, 68, 14, 78, 1, 0, 0.06%, 9, 0, 7, 232.50
1734152628, 68, 15, 78, 1, 0, 0.06%, 9, 0, 7, 236.67
1734152633, 68, 18, 78, 1, 0, 0.06%, 9, 0, 7, 250.71
1734152638, 68, 19, 78, 1, 0, 0.06%, 9, 0, 7, 249.71
1734152648, 68, 21, 78, 1, 0, 0.06%, 9, 0, 7, 256.03
1734152653, 68, 41, 78, 1, 0, 0.06%, 9, 0, 7, 258.96
1734152658, 68, 69, 78, 1, 0, 0.06%, 9, 0, 7, 268.80
1734152663, 69, 12, 78, 1, 0, 0.06%, 9, 0, 7, 238.10
1734152673, 69, 13, 78, 1, 0, 0.06%, 9, 0, 7, 238.96
1734152678, 69, 14, 78, 1, 0, 0.06%, 9, 0, 7, 242.95
1734152683, 69, 15, 78, 1, 0, 0.06%, 9, 0, 7, 245.16
1734152688, 69, 18, 78, 1, 0, 0.06%, 9, 0, 7, 245.84
1734152693, 69, 19, 78, 1, 0, 0.06%, 9, 0, 7, 249.89
1734152698, 69, 21, 78, 1, 0, 0.06%, 9, 0, 7, 252.83
1734152709, 69, 34, 78, 1, 0, 0.06%, 9, 0, 7, 246.44
1734152714, 69, 46, 78, 1, 0, 0.06%, 9, 0, 7, 253.11
1734152719, 69, 60, 78, 1, 0, 0.06%, 9, 0, 7, 265.03
1734152724, 69, 72, 78, 1, 0, 0.06%, 9, 0, 7, 320.73
1734152734, 70, 11, 78, 1, 0, 0.06%, 9, 0, 7, 245.79
1734152739, 70, 12, 78, 1, 0, 0.06%, 9, 0, 7, 241.00
1734152744, 70, 13, 78, 1, 0, 0.06%, 9, 0, 7, 236.97
1734152749, 70, 14, 78, 1, 0, 0.06%, 9, 0, 7, 241.10
1734152754, 70, 15, 78, 1, 0, 0.06%, 9, 0, 7, 240.15
1734152759, 70, 18, 78, 1, 0, 0.06%, 9, 0, 7, 246.55
1734152764, 70, 19, 78, 1, 0, 0.06%, 9, 0, 7, 245.79
1734152769, 70, 21, 78, 1, 0, 0.06%, 9, 0, 7, 250.87
1734152779, 70, 27, 78, 1, 0, 0.06%, 9, 0, 7, 271.57
1734152785, 70, 58, 78, 1, 0, 0.06%, 9, 0, 7, 263.13
1734152790, 70, 62, 78, 1, 0, 0.06%, 9, 0, 7, 260.97
1734152795, 70, 72, 78, 1, 0, 0.06%, 9, 0, 7, 311.64
1734152805, 71, 10, 78, 1, 0, 0.06%, 9, 0, 7, 258.08
1734152810, 71, 11, 78, 1, 0, 0.06%, 9, 0, 7, 250.72
1734152815, 71, 12, 78, 1, 0, 0.06%, 9, 0, 7, 253.19
1734152820, 71, 13, 78, 1, 0, 0.06%, 9, 0, 7, 233.64
1734152825, 71, 14, 78, 1, 0, 0.06%, 9, 0, 7, 245.21
1734152830, 71, 15, 78, 1, 0, 0.06%, 9, 0, 7, 237.29
1734152835, 71, 18, 78, 1, 0, 0.06%, 9, 0, 7, 249.87
1734152840, 71, 19, 78, 1, 0, 0.06%, 9, 0, 7, 249.86
1734152845, 71, 21, 78, 1, 0, 0.06%, 9, 0, 7, 242.31
1734152851, 71, 24, 78, 1, 0, 0.06%, 9, 0, 7, 256.02
1734152856, 71, 26, 78, 1, 0, 0.06%, 9, 0, 7, 244.05
1734152861, 71, 54, 78, 1, 0, 0.06%, 9, 0, 7, 248.91
1734152866, 71, 61, 78, 1, 0, 0.06%, 9, 0, 7, 263.72
1734152871, 71, 67, 78, 1, 0, 0.06%, 9, 0, 7, 278.24
1734152876, 71, 77, 78, 1, 0, 0.06%, 9, 0, 7, 270.14
1734153013, 72, 3, 78, 0, 0, 0.06%, 9, 0, 7, 255.35
1734153018, 72, 12, 78, 0, 0, 0.06%, 9, 0, 7, 250.89
1734153028, 72, 13, 78, 0, 0, 0.06%, 9, 0, 7, 232.51
1734153033, 72, 14, 78, 0, 0, 0.06%, 9, 0, 7, 246.33
1734153038, 72, 15, 78, 0, 0, 0.06%, 9, 0, 7, 247.35
1734153043, 72, 18, 78, 0, 0, 0.06%, 9, 0, 7, 260.62
1734153049, 72, 19, 78, 0, 0, 0.06%, 9, 0, 7, 250.35
1734153054, 72, 21, 78, 0, 0, 0.06%, 9, 0, 7, 248.03
1734153059, 73, 11, 78, 0, 0, 0.06%, 9, 0, 7, 258.03
1734153064, 73, 12, 78, 0, 0, 0.06%, 9, 0, 7, 254.31
1734153069, 73, 13, 78, 0, 0, 0.06%, 9, 0, 7, 251.44
1734153074, 73, 14, 78, 0, 0, 0.06%, 9, 0, 7, 247.61
1734153079, 73, 15, 78, 0, 0, 0.06%, 9, 0, 7, 247.24
1734153084, 73, 18, 78, 0, 0, 0.06%, 9, 0, 7, 260.93
1734153089, 73, 19, 78, 0, 0, 0.06%, 9, 0, 7, 250.73
1734153094, 73, 21, 78, 0, 0, 0.06%, 9, 0, 7, 241.63
1734153099, 73, 67, 78, 0, 0, 0.06%, 9, 0, 7, 269.61
1734153104, 74, 0, 78, 0, 0, 0.06%, 9, 0, 7, 273.46
1734153109, 74, 12, 78, 0, 0, 0.06%, 9, 0, 7, 243.64
1734153114, 74, 13, 78, 0, 0, 0.06%, 9, 0, 7, 250.67
1734153119, 74, 14, 78, 0, 0, 0.06%, 9, 0, 7, 250.48
1734153129, 74, 15, 78, 0, 0, 0.06%, 9, 0, 7, 253.01
1734153134, 74, 16, 78, 0, 0, 0.06%, 9, 0, 7, 258.54
1734153139, 74, 18, 78, 0, 0, 0.06%, 9, 0, 7, 252.71
1734153145, 74, 19, 78, 0, 0, 0.06%, 9, 0, 7, 242.80
1734153150, 74, 21, 78, 0, 0, 0.06%, 9, 0, 7, 245.29
1734153155, 74, 44, 78, 0, 0, 0.06%, 9, 0, 7, 247.41
1734153160, 74, 48, 78, 0, 0, 0.06%, 9, 0, 7, 258.38
1734153175, 75, 12, 78, 0, 0, 0.06%, 9, 0, 7, 236.08
1734153180, 75, 13, 78, 0, 0, 0.06%, 9, 0, 7, 243.14
1734153185, 75, 14, 78, 0, 0, 0.06%, 9, 0, 7, 256.26
1734153195, 75, 15, 78, 0, 0, 0.06%, 9, 0, 7, 246.22
1734153200, 75, 18, 78, 0, 0, 0.06%, 9, 0, 7, 264.70
1734153205, 75, 19, 78, 0, 0, 0.06%, 9, 0, 7, 252.12
1734153210, 75, 21, 78, 0, 0, 0.06%, 9, 0, 7, 244.83
1734153215, 75, 62, 78, 0, 0, 0.06%, 9, 0, 7, 261.04
1734153221, 75, 66, 78, 0, 0, 0.06%, 9, 0, 7, 282.84
1734153226, 76, 11, 78, 0, 0, 0.06%, 9, 0, 7, 256.11
1734153231, 76, 12, 78, 0, 0, 0.06%, 9, 0, 7, 257.14
1734153236, 76, 13, 78, 0, 0, 0.06%, 9, 0, 7, 245.33
1734153241, 76, 14, 78, 0, 0, 0.06%, 9, 0, 7, 246.39
1734153246, 76, 15, 78, 0, 0, 0.06%, 9, 0, 7, 244.52
1734153251, 76, 18, 78, 0, 0, 0.06%, 9, 0, 7, 260.20
1734153256, 76, 19, 78, 0, 0, 0.06%, 9, 0, 7, 238.84
1734153261, 76, 21, 78, 0, 0, 0.06%, 9, 0, 7, 240.07
1734153271, 76, 44, 78, 0, 0, 0.06%, 9, 0, 7, 235.77
1734153276, 76, 64, 78, 0, 0, 0.06%, 9, 0, 7, 267.90
1734153281, 77, 12, 78, 0, 0, 0.06%, 9, 0, 7, 243.44
1734153291, 77, 13, 78, 0, 0, 0.06%, 9, 0, 7, 246.62
1734153296, 77, 14, 78, 0, 0, 0.06%, 9, 0, 7, 248.94
1734153301, 77, 15, 78, 0, 0, 0.06%, 9, 0, 7, 251.18
1734153306, 77, 18, 78, 0, 0, 0.06%, 9, 0, 7, 255.12
1734153312, 77, 19, 78, 0, 0, 0.06%, 9, 0, 7, 254.94
1734153317, 77, 21, 78, 0, 0, 0.06%, 9, 0, 7, 241.49
1734153322, 77, 43, 78, 0, 0, 0.06%, 9, 0, 7, 256.01
1734153327, 77, 70, 78, 0, 0, 0.06%, 9, 0, 7, 268.82
1734153332, 78, 11, 78, 0, 0, 0.06%, 9, 0, 7, 258.61
1734153337, 78, 12, 78, 0, 0, 0.06%, 9, 0, 7, 251.92
1734153342, 78, 13, 78, 0, 0, 0.06%, 9, 0, 7, 235.78
1734153347, 78, 14, 78, 0, 0, 0.06%, 9, 0, 7, 233.81
1734153352, 78, 15, 78, 0, 0, 0.06%, 9, 0, 7, 243.83
1734153357, 78, 18, 78, 0, 0, 0.06%, 9, 0, 7, 250.20
1734153362, 78, 19, 78, 0, 0, 0.06%, 9, 0, 7, 247.64
1734153368, 78, 21, 78, 0, 0, 0.06%, 9, 0, 7, 259.24
1734153378, 78, 42, 78, 0, 0, 0.06%, 9, 0, 7, 274.66
1734153388, 78, 48, 78, 0, 0, 0.06%, 9, 0, 7, 278.94
1734153393, 78, 53, 78, 0, 0, 0.06%, 9, 0, 7, 267.35
1734153398, 79, 12, 78, 0, 0, 0.06%, 9, 0, 7, 252.25
1734153403, 79, 13, 78, 0, 0, 0.06%, 9, 0, 7, 250.01
1734153408, 79, 14, 78, 0, 0, 0.06%, 9, 0, 7, 262.39
1734153418, 79, 15, 78, 0, 0, 0.06%, 9, 0, 7, 242.94
1734153423, 79, 18, 78, 0, 0, 0.06%, 9, 0, 7, 261.74
1734153428, 79, 19, 78, 0, 0, 0.06%, 9, 0, 7, 246.70
1734153434, 79, 21, 78, 0, 0, 0.06%, 9, 0, 7, 246.12
1734153439, 79, 47, 78, 0, 0, 0.06%, 9, 0, 7, 262.70
1734153444, 79, 49, 78, 0, 0, 0.06%, 9, 0, 7, 256.69
1734153449, 80, 11, 78, 0, 0, 0.06%, 9, 0, 7, 251.37
1734153454, 80, 12, 78, 0, 0, 0.06%, 9, 0, 7, 240.58
1734153459, 80, 13, 78, 0, 0, 0.06%, 9, 0, 7, 244.99
1734153464, 80, 14, 78, 0, 0, 0.06%, 9, 0, 7, 235.85
1734153469, 80, 15, 78, 0, 0, 0.06%, 9, 0, 7, 247.31
1734153474, 80, 18, 78, 0, 0, 0.06%, 9, 0, 7, 249.29
1734153479, 80, 19, 78, 0, 0, 0.06%, 9, 0, 7, 254.68
1734153489, 80, 21, 78, 0, 0, 0.06%, 9, 0, 7, 256.92
1734153494, 80, 59, 78, 0, 0, 0.06%, 9, 0, 7, 262.69
1734153500, 81, 11, 78, 0, 0, 0.06%, 9, 0, 7, 256.91
1734153505, 81, 12, 78, 0, 0, 0.06%, 9, 0, 7, 247.91
1734153510, 81, 13, 78, 0, 0, 0.06%, 9, 0, 7, 252.61
1734153515, 81, 14, 78, 0, 0, 0.06%, 9, 0, 7, 245.29
1734153520, 81, 15, 78, 0, 0, 0.06%, 9, 0, 7, 243.36
1734153525, 81, 18, 78, 0, 0, 0.06%, 9, 0, 7, 246.22
1734153530, 81, 19, 78, 0, 0, 0.06%, 9, 0, 7, 246.48
1734153535, 81, 21, 78, 0, 0, 0.06%, 9, 0, 7, 259.37
1734153545, 81, 26, 78, 0, 0, 0.06%, 9, 0, 7, 245.25
1734153556, 81, 28, 78, 0, 0, 0.06%, 9, 0, 7, 263.18
1734153561, 81, 38, 78, 0, 0, 0.06%, 9, 0, 7, 267.51
1734153566, 81, 69, 78, 0, 0, 0.06%, 9, 0, 7, 279.12
1734153571, 82, 12, 78, 0, 0, 0.06%, 9, 0, 7, 252.84
1734153576, 82, 13, 78, 0, 0, 0.06%, 9, 0, 7, 252.20
1734153586, 82, 14, 78, 0, 0, 0.06%, 9, 0, 7, 242.81
1734153591, 82, 15, 78, 0, 0, 0.06%, 9, 0, 7, 255.15
1734153596, 82, 18, 78, 0, 0, 0.06%, 9, 0, 7, 266.51
1734153601, 82, 19, 78, 0, 0, 0.06%, 9, 0, 7, 255.79
1734153606, 82, 21, 78, 0, 0, 0.06%, 9, 0, 7, 244.02
1734153612, 82, 47, 78, 0, 0, 0.06%, 9, 0, 7, 247.45
1734153617, 82, 49, 78, 0, 0, 0.06%, 9, 0, 7, 236.69
1734153622, 82, 50, 78, 0, 0, 0.06%, 9, 0, 7, 250.87
1734153632, 83, 12, 78, 0, 0, 0.06%, 9, 0, 7, 251.53
1734153642, 83, 13, 78, 0, 0, 0.06%, 9, 0, 7, 251.15
1734153647, 83, 14, 78, 0, 0, 0.06%, 9, 0, 7, 249.84
1734153652, 83, 15, 78, 0, 0, 0.06%, 9, 0, 7, 266.82
1734153657, 83, 18, 78, 0, 0, 0.06%, 9, 0, 7, 237.47
1734153662, 83, 19, 78, 0, 0, 0.06%, 9, 0, 7, 246.35
1734153668, 83, 21, 78, 0, 0, 0.06%, 9, 0, 7, 252.60
1734153673, 83, 26, 78, 0, 0, 0.06%, 9, 0, 7, 249.55
1734153678, 84, 0, 78, 0, 0, 0.06%, 9, 0, 7, 242.35
1734153683, 84, 12, 78, 0, 0, 0.06%, 9, 0, 7, 237.50
1734153688, 84, 13, 78, 0, 0, 0.06%, 9, 0, 7, 245.19
1734153693, 84, 14, 78, 0, 0, 0.06%, 9, 0, 7, 247.63
1734153698, 84, 15, 78, 0, 0, 0.06%, 9, 0, 7, 260.79
1734153703, 84, 18, 78, 0, 0, 0.06%, 9, 0, 7, 260.70
1734153713, 84, 19, 78, 0, 0, 0.06%, 9, 0, 7, 247.35
1734153718, 84, 21, 78, 0, 0, 0.06%, 9, 0, 7, 249.83
1734153723, 84, 22, 78, 0, 0, 0.06%, 9, 0, 7, 259.11
1734153728, 84, 23, 78, 0, 0, 0.06%, 9, 0, 7, 259.68
1734153733, 84, 28, 78, 0, 0, 0.06%, 9, 0, 7, 256.07
1734153739, 85, 11, 78, 0, 0, 0.06%, 9, 0, 7, 263.64
1734153744, 85, 12, 78, 0, 0, 0.06%, 9, 0, 7, 264.50
1734153749, 85, 13, 78, 0, 0, 0.06%, 9, 0, 7, 258.78
1734153754, 85, 14, 78, 0, 0, 0.06%, 9, 0, 7, 251.43
1734153759, 85, 15, 78, 0, 0, 0.06%, 9, 0, 7, 245.43
1734153764, 85, 18, 78, 0, 0, 0.06%, 9, 0, 7, 246.08
1734153769, 85, 19, 78, 0, 0, 0.06%, 9, 0, 7, 248.39
1734153774, 85, 21, 78, 0, 0, 0.06%, 9, 0, 7, 252.81
1734153780, 85, 32, 78, 0, 0, 0.06%, 9, 0, 7, 246.78
1734153785, 85, 34, 78, 0, 0, 0.06%, 9, 0, 7, 264.31
1734153795, 86, 11, 78, 0, 0, 0.06%, 9, 0, 7, 250.02
1734153800, 86, 12, 78, 0, 0, 0.06%, 9, 0, 7, 261.09
1734153805, 86, 13, 78, 0, 0, 0.06%, 9, 0, 7, 249.32
1734153810, 86, 14, 78, 0, 0, 0.06%, 9, 0, 7, 250.92
1734153815, 86, 15, 78, 0, 0, 0.06%, 9, 0, 7, 247.51
1734153820, 86, 18, 78, 0, 0, 0.06%, 9, 0, 7, 257.70
1734153826, 86, 19, 78, 0, 0, 0.06%, 9, 0, 7, 254.46
1734153831, 86, 20, 78, 0, 0, 0.06%, 9, 0, 7, 268.36
1734153836, 86, 21, 78, 0, 0, 0.06%, 9, 0, 7, 250.33
1734153841, 86, 38, 78, 0, 0, 0.06%, 9, 0, 7, 264.59
1734153846, 86, 46, 78, 0, 0, 0.06%, 9, 0, 7, 274.24
1734153851, 86, 50, 78, 0, 0, 0.06%, 9, 0, 7, 268.06
1734153861, 87, 12, 78, 0, 0, 0.06%, 9, 0, 7, 244.25
1734153866, 87, 13, 78, 0, 0, 0.06%, 9, 0, 7, 252.21
1734153871, 87, 14, 78, 0, 0, 0.06%, 9, 0, 7, 252.07
1734153876, 87, 15, 78, 0, 0, 0.06%, 9, 0, 7, 245.80
1734153881, 87, 18, 78, 0, 0, 0.06%, 9, 0, 7, 263.39
1734153891, 87, 19, 78, 0, 0, 0.06%, 9, 0, 7, 247.75
1734153896, 87, 21, 78, 0, 0, 0.06%, 9, 0, 7, 243.65
1734153901, 87, 42, 78, 0, 0, 0.06%, 9, 0, 7, 279.63
1734153906, 87, 51, 78, 0, 0, 0.06%, 9, 0, 7, 280.73
1734153911, 87, 53, 78, 0, 0, 0.06%, 9, 0, 7, 254.97
1734153916, 88, 11, 78, 0, 0, 0.06%, 9, 0, 7, 254.95
1734153921, 88, 12, 78, 0, 0, 0.06%, 9, 0, 7, 243.08
1734153926, 88, 13, 78, 0, 0, 0.06%, 9, 0, 7, 248.54
1734153931, 88, 14, 78, 0, 0, 0.06%, 9, 0, 7, 246.61
1734153936, 88, 15, 78, 0, 0, 0.06%, 9, 0, 7, 235.08
1734153941, 88, 18, 78, 0, 0, 0.06%, 9, 0, 7, 242.09
1734153951, 88, 19, 78, 0, 0, 0.06%, 9, 0, 7, 262.48
1734153956, 88, 21, 78, 0, 0, 0.06%, 9, 0, 7, 261.42
1734153962, 88, 39, 78, 0, 0, 0.06%, 9, 0, 7, 258.29
1734153967, 88, 73, 78, 0, 0, 0.06%, 9, 0, 7, 269.57
1734153977, 89, 11, 78, 0, 0, 0.06%, 9, 0, 7, 255.00
1734153982, 89, 12, 78, 0, 0, 0.06%, 9, 0, 7, 253.22
1734153987, 89, 13, 78, 0, 0, 0.06%, 9, 0, 7, 247.85
1734153992, 89, 14, 78, 0, 0, 0.06%, 9, 0, 7, 246.68
1734153997, 89, 15, 78, 0, 0, 0.06%, 9, 0, 7, 249.50
1734154002, 89, 18, 78, 0, 0, 0.06%, 9, 0, 7, 251.95
1734154007, 89, 19, 78, 0, 0, 0.06%, 9, 0, 7, 258.92
1734154017, 89, 21, 78, 0, 0, 0.06%, 9, 0, 7, 244.08
1734154022, 89, 45, 78, 0, 0, 0.06%, 9, 0, 7, 252.96
1734154028, 89, 53, 78, 0, 0, 0.06%, 9, 0, 7, 244.13
1734154033, 89, 58, 78, 0, 0, 0.06%, 9, 0, 7, 257.25
1734154038, 89, 73, 78, 0, 0, 0.06%, 9, 0, 7, 261.35
1734154048, 89, 77, 78, 0, 0, 0.06%, 9, 0, 7, 266.99
1734154068, 90, 12, 78, 0, 0, 0.06%, 9, 0, 7, 261.32
1734154079, 90, 13, 78, 0, 0, 0.06%, 9, 0, 7, 256.46
1734154084, 90, 14, 78, 0, 0, 0.06%, 9, 0, 7, 246.40
1734154089, 90, 15, 78, 0, 0, 0.06%, 9, 0, 7, 241.42
1734154094, 90, 18, 78, 0, 0, 0.06%, 9, 0, 7, 253.20
1734154099, 90, 19, 78, 0, 0, 0.06%, 9, 0, 7, 248.55
1734154104, 90, 21, 78, 0, 0, 0.06%, 9, 0, 7, 255.87
1734154109, 90, 26, 78, 0, 0, 0.06%, 9, 0, 7, 250.68
1734154114, 90, 46, 78, 0, 0, 0.06%, 9, 0, 7, 266.07
1734154124, 91, 12, 78, 0, 0, 0.06%, 9, 0, 7, 245.63
1734154129, 91, 13, 78, 0, 0, 0.06%, 9, 0, 7, 244.89
1734154134, 91, 14, 78, 0, 0, 0.06%, 9, 0, 7, 243.68
1734154139, 91, 15, 78, 0, 0, 0.06%, 9, 0, 7, 245.00
1734154145, 91, 18, 78, 0, 0, 0.06%, 9, 0, 7, 247.77
1734154150, 91, 19, 78, 0, 0, 0.06%, 9, 0, 7, 249.24
1734154155, 91, 21, 78, 0, 0, 0.06%, 9, 0, 7, 265.01
1734154165, 91, 30, 78, 0, 0, 0.06%, 9, 0, 7, 273.58
1734154170, 91, 43, 78, 0, 0, 0.06%, 9, 0, 7, 266.54
1734154175, 91, 70, 78, 0, 0, 0.06%, 9, 0, 7, 267.25
1734154180, 91, 72, 78, 0, 0, 0.06%, 9, 0, 7, 283.75
1734154185, 92, 11, 78, 0, 0, 0.06%, 9, 0, 7, 257.13
1734154190, 92, 12, 78, 0, 0, 0.06%, 9, 0, 7, 253.50
1734154195, 92, 13, 78, 0, 0, 0.06%, 9, 0, 7, 241.84
1734154200, 92, 14, 78, 0, 0, 0.06%, 9, 0, 7, 233.26
1734154206, 92, 15, 78, 0, 0, 0.06%, 9, 0, 7, 236.42
1734154211, 92, 18, 78, 0, 0, 0.06%, 9, 0, 7, 247.90
1734154216, 92, 19, 78, 0, 0, 0.06%, 9, 0, 7, 252.57
1734154226, 92, 21, 78, 0, 0, 0.06%, 9, 0, 7, 264.16
1734154231, 92, 37, 78, 0, 0, 0.06%, 9, 0, 7, 274.19
1734154236, 92, 47, 78, 0, 0, 0.06%, 9, 0, 7, 257.66
1734154241, 92, 57, 78, 0, 0, 0.06%, 9, 0, 7, 246.55
1734154251, 93, 11, 78, 0, 0, 0.06%, 9, 0, 7, 261.79
1734154257, 93, 12, 78, 0, 0, 0.06%, 9, 0, 7, 246.79
1734154262, 93, 13, 78, 0, 0, 0.06%, 9, 0, 7, 242.64
1734154267, 93, 14, 78, 0, 0, 0.06%, 9, 0, 7, 244.79
1734154272, 93, 15, 78, 0, 0, 0.06%, 9, 0, 7, 243.84
1734154277, 93, 16, 78, 0, 0, 0.06%, 9, 0, 7, 251.49
1734154287, 93, 18, 78, 0, 0, 0.06%, 9, 0, 7, 257.25
1734154292, 93, 19, 78, 0, 0, 0.06%, 9, 0, 7, 258.54
1734154297, 93, 21, 78, 0, 0, 0.06%, 9, 0, 7, 255.90
1734154302, 93, 46, 78, 0, 0, 0.06%, 9, 0, 7, 264.53
1734154307, 93, 73, 78, 0, 0, 0.06%, 9, 0, 7, 258.08
1734154312, 94, 11, 78, 0, 0, 0.06%, 9, 0, 7, 255.44
1734154318, 94, 12, 78, 0, 0, 0.06%, 9, 0, 7, 277.03
1734154323, 94, 13, 78, 0, 0, 0.06%, 9, 0, 7, 253.91
1734154328, 94, 14, 78, 0, 0, 0.06%, 9, 0, 7, 244.68
1734154333, 94, 15, 78, 0, 0, 0.06%, 9, 0, 7, 236.38
1734154338, 94, 18, 78, 0, 0, 0.06%, 9, 0, 7, 245.92
1734154343, 94, 19, 78, 0, 0, 0.06%, 9, 0, 7, 250.19
1734154348, 94, 21, 78, 0, 0, 0.06%, 9, 0, 7, 247.08
1734154353, 94, 37, 78, 0, 0, 0.06%, 9, 0, 7, 257.12
1734154358, 94, 74, 78, 0, 0, 0.06%, 9, 0, 7, 263.64
1734154363, 95, 11, 78, 0, 0, 0.06%, 9, 0, 7, 253.72
1734154368, 95, 12, 78, 0, 0, 0.06%, 9, 0, 7, 239.35
1734154373, 95, 13, 78, 0, 0, 0.06%, 9, 0, 7, 245.81
1734154378, 95, 14, 78, 0, 0, 0.06%, 9, 0, 7, 234.60
1734154384, 95, 15, 78, 0, 0, 0.06%, 9, 0, 7, 245.74
1734154389, 95, 18, 78, 0, 0, 0.06%, 9, 0, 7, 259.00
1734154399, 95, 19, 78, 0, 0, 0.06%, 9, 0, 7, 249.61
1734154404, 95, 21, 78, 0, 0, 0.06%, 9, 0, 7, 258.34
1734154409, 95, 22, 78, 0, 0, 0.06%, 9, 0, 7, 257.00
1734154414, 95, 34, 78, 0, 0, 0.06%, 9, 0, 7, 263.00
1734154419, 96, 12, 78, 0, 0, 0.06%, 9, 0, 7, 253.67
1734154429, 96, 13, 78, 0, 0, 0.06%, 9, 0, 7, 236.92
1734154434, 96, 14, 78, 0, 0, 0.06%, 9, 0, 7, 236.52
1734154439, 96, 15, 78, 0, 0, 0.06%, 9, 0, 7, 241.92
1734154444, 96, 18, 78, 0, 0, 0.06%, 9, 0, 7, 243.90
1734154449, 96, 19, 78, 0, 0, 0.06%, 9, 0, 7, 241.13
1734154455, 96, 21, 78, 0, 0, 0.06%, 9, 0, 7, 245.07
1734154460, 96, 26, 78, 0, 0, 0.06%, 9, 0, 7, 270.25
1734154470, 96, 57, 78, 0, 0, 0.06%, 9, 0, 7, 255.19
1734154475, 96, 72, 78, 0, 0, 0.06%, 9, 0, 7, 286.75
1734154480, 97, 12, 78, 0, 0, 0.06%, 9, 0, 7, 244.23
1734154485, 97, 13, 78, 0, 0, 0.06%, 9, 0, 7, 238.84
1734154490, 97, 14, 78, 0, 0, 0.06%, 9, 0, 7, 240.76
1734154496, 97, 15, 78, 0, 0, 0.06%, 9, 0, 7, 239.30
1734154506, 97, 18, 78, 0, 0, 0.06%, 9, 0, 7, 254.58
1734154511, 97, 19, 78, 0, 0, 0.06%, 9, 0, 7, 259.89
1734154516, 97, 21, 78, 0, 0, 0.06%, 9, 0, 7, 246.71
1734154521, 97, 24, 78, 0, 0, 0.06%, 9, 0, 7, 255.92
1734154526, 97, 66, 78, 0, 0, 0.06%, 9, 0, 7, 272.00
1734154531, 97, 77, 78, 0, 0, 0.06%, 9, 0, 7, 271.72
1734154556, 98, 12, 78, 0, 0, 0.06%, 9, 0, 7, 237.58
1734154561, 98, 13, 78, 0, 0, 0.06%, 9, 0, 7, 241.33
1734154566, 98, 14, 78, 0, 0, 0.06%, 9, 0, 7, 249.43
1734154571, 98, 15, 78, 0, 0, 0.06%, 9, 0, 7, 253.20
1734154582, 98, 18, 78, 0, 0, 0.06%, 9, 0, 7, 256.29
1734154587, 98, 19, 78, 0, 0, 0.06%, 9, 0, 7, 249.98
1734154592, 98, 21, 78, 0, 0, 0.06%, 9, 0, 7, 258.32
1734154597, 98, 38, 78, 0, 0, 0.06%, 9, 0, 7, 271.75
1734154602, 98, 65, 78, 0, 0, 0.06%, 9, 0, 7, 272.92
1734154607, 98, 77, 78, 0, 0, 0.06%, 9, 0, 7, 272.75
1734154627, 99, 11, 78, 0, 0, 0.06%, 9, 0, 7, 254.40
1734154632, 99, 12, 78, 0, 0, 0.06%, 9, 0, 7, 241.58
1734154637, 99, 13, 78, 0, 0, 0.06%, 9, 0, 7, 242.54
1734154643, 99, 14, 78, 0, 0, 0.06%, 9, 0, 7, 240.34
1734154648, 99, 15, 78, 0, 0, 0.06%, 9, 0, 7, 236.27
1734154653, 99, 17, 78, 0, 0, 0.06%, 9, 0, 7, 247.88
1734154668, 99, 18, 78, 0, 0, 0.06%, 9, 0, 7, 244.57
1734154673, 99, 19, 78, 0, 0, 0.06%, 9, 0, 7, 250.64
1734154678, 99, 21, 78, 0, 0, 0.06%, 9, 0, 7, 238.78
1734154683, 99, 22, 78, 0, 0, 0.06%, 9, 0, 7, 241.08
1734154688, 99, 25, 78, 0, 0, 0.06%, 9, 0, 7, 258.12
1734154693, 99, 61, 78, 0, 0, 0.06%, 9, 0, 7, 263.73
1734154698, 99, 64, 78, 0, 0, 0.06%, 9, 0, 7, 274.10
1734154703, 99, 66, 78, 0, 0, 0.06%, 9, 0, 7, 260.69
1734154708, 100, 5, 78, 0, 0, 0.06%, 9, 0, 7, 273.09
1734154713, 100, 12, 78, 0, 0, 0.06%, 9, 0, 7, 247.38
1734154719, 100, 13, 78, 0, 0, 0.06%, 9, 0, 7, 233.20
1734154729, 100, 14, 78, 0, 0, 0.06%, 9, 0, 7, 246.59
1734154734, 100, 15, 78, 0, 0, 0.06%, 9, 0, 7, 249.93
1734154739, 100, 18, 78, 0, 0, 0.06%, 9, 0, 7, 239.47
1734154744, 100, 19, 78, 0, 0, 0.06%, 9, 0, 7, 243.02
1734154749, 100, 21, 78, 0, 0, 0.06%, 9, 0, 7, 243.04
1734154754, 100, 39, 78, 0, 0, 0.06%, 9, 0, 7, 276.68
1734154759, 101, 11, 78, 0, 0, 0.06%, 9, 0, 7, 258.79
1734154764, 101, 12, 78, 0, 0, 0.06%, 9, 0, 7, 251.10
1734154770, 101, 13, 78, 0, 0, 0.06%, 9, 0, 7, 241.75
1734154775, 101, 14, 78, 0, 0, 0.06%, 9, 0, 7, 235.09
1734154780, 101, 15, 78, 0, 0, 0.06%, 9, 0, 7, 242.61
1734154785, 101, 18, 78, 0, 0, 0.06%, 9, 0, 7, 253.90
1734154790, 101, 19, 78, 0, 0, 0.06%, 9, 0, 7, 262.03
1734154800, 101, 21, 78, 0, 0, 0.06%, 9, 0, 7, 259.36
1734154805, 101, 35, 78, 0, 0, 0.06%, 9, 0, 7, 263.32
1734154815, 101, 43, 78, 0, 0, 0.06%, 9, 0, 7, 263.51
1734154820, 101, 44, 78, 0, 0, 0.06%, 9, 0, 7, 245.03
1734154825, 101, 45, 78, 0, 0, 0.06%, 9, 0, 7, 251.05
1734154830, 101, 56, 78, 0, 0, 0.06%, 9, 0, 7, 259.56
1734154835, 101, 60, 78, 0, 0, 0.06%, 9, 0, 7, 283.05
1734154840, 101, 68, 78, 0, 0, 0.06%, 9, 0, 7, 268.87
1734154851, 102, 12, 78, 0, 0, 0.06%, 9, 0, 7, 242.81
1734154856, 102, 13, 78, 0, 0, 0.06%, 9, 0, 7, 234.44
1734154861, 102, 14, 78, 0, 0, 0.06%, 9, 0, 7, 234.82
1734154866, 102, 15, 78, 0, 0, 0.06%, 9, 0, 7, 236.45
1734154871, 102, 17, 78, 0, 0, 0.06%, 9, 0, 7, 256.77
1734154881, 102, 18, 78, 0, 0, 0.06%, 9, 0, 7, 254.13
1734154886, 102, 19, 78, 0, 0, 0.06%, 9, 0, 7, 253.68
1734154891, 102, 21, 78, 0, 0, 0.06%, 9, 0, 7, 245.97
1734154896, 102, 23, 78, 0, 0, 0.06%, 9, 0, 7, 260.60
1734154901, 102, 34, 78, 0, 0, 0.06%, 9, 0, 7, 261.27
1734154906, 102, 48, 78, 0, 0, 0.06%, 9, 0, 7, 262.52
1734154912, 102, 56, 78, 0, 0, 0.06%, 9, 0, 7, 250.86
1734154917, 102, 67, 78, 0, 0, 0.06%, 9, 0, 7, 261.80
1734154922, 102, 70, 78, 0, 0, 0.06%, 9, 0, 7, 264.22
1734154927, 103, 6, 78, 0, 0, 0.06%, 9, 0, 7, 275.73
1734154932, 103, 12, 78, 0, 0, 0.06%, 9, 0, 7, 240.28
1734154937, 103, 13, 78, 0, 0, 0.06%, 9, 0, 7, 241.21
1734154942, 103, 14, 78, 0, 0, 0.06%, 9, 0, 7, 241.34
1734154947, 103, 15, 78, 0, 0, 0.06%, 9, 0, 7, 242.82
1734154952, 103, 18, 78, 0, 0, 0.06%, 9, 0, 7, 253.49
1734154957, 103, 19, 78, 0, 0, 0.06%, 9, 0, 7, 253.95
1734154967, 103, 21, 78, 0, 0, 0.06%, 9, 0, 7, 234.33
1734154972, 103, 52, 78, 0, 0, 0.06%, 9, 0, 7, 254.04
1734154978, 103, 63, 78, 0, 0, 0.06%, 9, 0, 7, 275.12
1734154983, 103, 65, 78, 0, 0, 0.06%, 9, 0, 7, 271.93
1734154988, 103, 76, 78, 0, 0, 0.06%, 9, 0, 7, 277.25
1734155008, 104, 11, 78, 0, 0, 0.06%, 9, 0, 7, 251.63
1734155013, 104, 12, 78, 0, 0, 0.06%, 9, 0, 7, 235.43
1734155018, 104, 13, 78, 0, 0, 0.06%, 9, 0, 7, 239.97
1734155023, 104, 14, 78, 0, 0, 0.06%, 9, 0, 7, 236.26
1734155028, 104, 15, 78, 0, 0, 0.06%, 9, 0, 7, 242.80
1734155033, 104, 17, 78, 0, 0, 0.06%, 9, 0, 7, 260.16
1734155043, 104, 18, 78, 0, 0, 0.06%, 9, 0, 7, 246.88
1734155049, 104, 19, 78, 0, 0, 0.06%, 9, 0, 7, 249.31
1734155054, 104, 21, 78, 0, 0, 0.06%, 9, 0, 7, 248.75
1734155059, 104, 58, 78, 0, 0, 0.06%, 9, 0, 7, 266.00
1734155064, 105, 11, 78, 0, 0, 0.06%, 9, 0, 7, 246.36
1734155069, 105, 12, 78, 0, 0, 0.06%, 9, 0, 7, 236.57
1734155074, 105, 13, 78, 0, 0, 0.06%, 9, 0, 7, 248.20
1734155079, 105, 14, 78, 0, 0, 0.06%, 9, 0, 7, 240.29
1734155084, 105, 15, 78, 0, 0, 0.06%, 9, 0, 7, 244.03
1734155089, 105, 18, 78, 0, 0, 0.06%, 9, 0, 7, 247.28
1734155095, 105, 19, 78, 0, 0, 0.06%, 9, 0, 7, 242.85
1734155105, 105, 21, 78, 0, 0, 0.06%, 9, 0, 7, 237.55
1734155110, 105, 50, 78, 0, 0, 0.06%, 9, 0, 7, 245.08
1734155115, 105, 62, 78, 0, 0, 0.06%, 9, 0, 7, 258.14
1734155120, 105, 73, 78, 0, 0, 0.06%, 9, 0, 7, 261.79
1734155125, 106, 11, 78, 0, 0, 0.06%, 9, 0, 7, 256.42
1734155130, 106, 12, 78, 0, 0, 0.06%, 9, 0, 7, 244.67
1734155135, 106, 13, 78, 0, 0, 0.06%, 9, 0, 7, 250.48
1734155140, 106, 14, 78, 0, 0, 0.06%, 9, 0, 7, 248.87
1734155145, 106, 15, 78, 0, 0, 0.06%, 9, 0, 7, 252.19
1734155150, 106, 18, 78, 0, 0, 0.06%, 9, 0, 7, 241.44
1734155156, 106, 19, 78, 0, 0, 0.06%, 9, 0, 7, 240.46
1734155161, 106, 21, 78, 0, 0, 0.06%, 9, 0, 7, 247.86
1734155166, 106, 68, 78, 0, 0, 0.06%, 9, 0, 7, 246.03
1734155171, 106, 75, 78, 0, 0, 0.06%, 9, 0, 7, 260.86
1734155196, 107, 12, 78, 0, 0, 0.06%, 9, 0, 7, 238.14
1734155202, 107, 13, 78, 0, 0, 0.06%, 9, 0, 7, 243.83
1734155207, 107, 14, 78, 0, 0, 0.06%, 9, 0, 7, 238.55
1734155212, 107, 15, 78, 0, 0, 0.06%, 9, 0, 7, 243.61
1734155217, 107, 18, 78, 0, 0, 0.06%, 9, 0, 7, 257.22
1734155227, 107, 19, 78, 0, 0, 0.06%, 9, 0, 7, 255.49
1734155232, 107, 21, 78, 0, 0, 0.06%, 9, 0, 7, 237.02
1734155237, 107, 54, 78, 0, 0, 0.06%, 9, 0, 7, 270.50
1734155242, 108, 11, 78, 0, 0, 0.06%, 9, 0, 7, 252.72
1734155247, 108, 12, 78, 0, 0, 0.06%, 9, 0, 7, 245.21
1734155252, 108, 13, 78, 0, 0, 0.06%, 9, 0, 7, 245.36
1734155257, 108, 14, 78, 0, 0, 0.06%, 9, 0, 7, 235.98
1734155262, 108, 15, 78, 0, 0, 0.06%, 9, 0, 7, 251.17
1734155268, 108, 18, 78, 0, 0, 0.06%, 9, 0, 7, 252.13
1734155273, 108, 19, 78, 0, 0, 0.06%, 9, 0, 7, 250.65
1734155283, 108, 21, 78, 0, 0, 0.06%, 9, 0, 7, 244.50
1734155288, 108, 34, 78, 0, 0, 0.06%, 9, 0, 7, 247.94
1734155293, 108, 74, 78, 0, 0, 0.06%, 9, 0, 7, 266.21
1734155298, 109, 11, 78, 0, 0, 0.06%, 9, 0, 7, 248.97
1734155303, 109, 12, 78, 0, 0, 0.06%, 9, 0, 7, 256.31
1734155308, 109, 13, 78, 0, 0, 0.06%, 9, 0, 7, 255.12
1734155313, 109, 14, 78, 0, 0, 0.06%, 9, 0, 7, 247.86
1734155319, 109, 15, 78, 0, 0, 0.06%, 9, 0, 7, 251.29
1734155324, 109, 18, 78, 0, 0, 0.06%, 9, 0, 7, 249.57
1734155329, 109, 19, 78, 0, 0, 0.06%, 9, 0, 7, 224.89
1734155334, 109, 21, 78, 0, 0, 0.06%, 9, 0, 7, 239.58
1734155339, 109, 65, 78, 0, 0, 0.06%, 9, 0, 7, 262.21
1734155344, 109, 76, 78, 0, 0, 0.06%, 9, 0, 7, 257.02
1734155370, 110, 12, 78, 0, 0, 0.06%, 9, 0, 7, 246.17
1734155375, 110, 13, 78, 0, 0, 0.06%, 9, 0, 7, 246.39
1734155380, 110, 14, 78, 0, 0, 0.06%, 9, 0, 7, 247.58
1734155390, 110, 15, 78, 0, 0, 0.06%, 9, 0, 7, 235.30
1734155395, 110, 18, 78, 0, 0, 0.06%, 9, 0, 7, 238.31
1734155400, 110, 19, 78, 0, 0, 0.06%, 9, 0, 7, 234.76
1734155405, 110, 21, 78, 0, 0, 0.06%, 9, 0, 7, 241.01
1734155410, 110, 23, 78, 0, 0, 0.06%, 9, 0, 7, 254.39
1734155415, 110, 29, 78, 0, 0, 0.06%, 9, 0, 7, 271.21
1734155420, 110, 31, 78, 0, 0, 0.06%, 9, 0, 7, 277.11
1734155425, 110, 38, 78, 0, 0, 0.06%, 9, 0, 7, 284.47
1734155430, 111, 11, 78, 0, 0, 0.06%, 9, 0, 7, 264.53
1734155435, 111, 12, 78, 0, 0, 0.06%, 9, 0, 7, 245.65
1734155440, 111, 13, 78, 0, 0, 0.06%, 9, 0, 7, 237.74
1734155446, 111, 14, 78, 0, 0, 0.06%, 9, 0, 7, 235.92
1734155451, 111, 15, 78, 0, 0, 0.06%, 9, 0, 7, 241.07
1734155456, 111, 18, 78, 0, 0, 0.06%, 9, 0, 7, 249.82
1734155461, 111, 19, 78, 0, 0, 0.06%, 9, 0, 7, 246.47
1734155471, 111, 21, 78, 0, 0, 0.06%, 9, 0, 7, 256.27
1734155476, 111, 58, 78, 0, 0, 0.06%, 9, 0, 7, 248.84
1734155481, 111, 73, 78, 0, 0, 0.06%, 9, 0, 7, 261.45
1734155486, 112, 11, 78, 0, 0, 0.06%, 9, 0, 7, 242.46
1734155491, 112, 12, 78, 0, 0, 0.06%, 9, 0, 7, 247.64
1734155496, 112, 13, 78, 0, 0, 0.06%, 9, 0, 7, 239.20
1734155502, 112, 14, 78, 0, 0, 0.06%, 9, 0, 7, 242.10
1734155507, 112, 15, 78, 0, 0, 0.06%, 9, 0, 7, 236.34
1734155512, 112, 18, 78, 0, 0, 0.06%, 9, 0, 7, 243.00
1734155517, 112, 19, 78, 0, 0, 0.06%, 9, 0, 7, 228.89
1734155527, 112, 21, 78, 0, 0, 0.06%, 9, 0, 7, 251.55
1734155532, 112, 26, 78, 0, 0, 0.06%, 9, 0, 7, 243.39
1734155537, 112, 57, 78, 0, 0, 0.06%, 9, 0, 7, 258.59
1734155542, 113, 11, 78, 0, 0, 0.06%, 9, 0, 7, 244.41
1734155547, 113, 12, 78, 0, 0, 0.06%, 9, 0, 7, 241.34
1734155552, 113, 13, 78, 0, 0, 0.06%, 9, 0, 7, 244.56
1734155557, 113, 14, 78, 0, 0, 0.06%, 9, 0, 7, 235.90
1734155563, 113, 15, 78, 0, 0, 0.06%, 9, 0, 7, 236.67
1734155568, 113, 18, 78, 0, 0, 0.06%, 9, 0, 7, 243.86
1734155573, 113, 19, 78, 0, 0, 0.06%, 9, 0, 7, 242.07
1734155578, 113, 21, 78, 0, 0, 0.06%, 9, 0, 7, 248.57
1734155583, 113, 47, 78, 0, 0, 0.06%, 9, 0, 7, 263.53
1734155593, 113, 52, 78, 0, 0, 0.06%, 9, 0, 7, 242.73
1734155598, 113, 53, 78, 0, 0, 0.06%, 9, 0, 7, 272.75
1734155603, 113, 67, 78, 0, 0, 0.06%, 9, 0, 7, 273.24
1734155608, 114, 12, 78, 0, 0, 0.06%, 9, 0, 7, 252.05
1734155613, 114, 13, 78, 0, 0, 0.06%, 9, 0, 7, 256.61
1734155624, 114, 14, 78, 0, 0, 0.06%, 9, 0, 7, 244.91
1734155629, 114, 15, 78, 0, 0, 0.06%, 9, 0, 7, 252.75
1734155634, 114, 18, 78, 0, 0, 0.06%, 9, 0, 7, 253.31
1734155639, 114, 19, 78, 0, 0, 0.06%, 9, 0, 7, 253.50
1734155644, 114, 21, 78, 0, 0, 0.06%, 9, 0, 7, 247.44
1734155649, 114, 35, 78, 0, 0, 0.06%, 9, 0, 7, 251.00
1734155654, 114, 39, 78, 0, 0, 0.06%, 9, 0, 7, 247.82
1734155664, 114, 76, 78, 0, 0, 0.06%, 9, 0, 7, 278.63
1734155684, 115, 11, 78, 0, 0, 0.06%, 9, 0, 7, 244.27
1734155689, 115, 12, 78, 0, 0, 0.06%, 9, 0, 7, 250.30
1734155694, 115, 13, 78, 0, 0, 0.06%, 9, 0, 7, 234.92
1734155700, 115, 14, 78, 0, 0, 0.06%, 9, 0, 7, 247.87
1734155705, 115, 15, 78, 0, 0, 0.06%, 9, 0, 7, 241.56
1734155710, 115, 18, 78, 0, 0, 0.06%, 9, 0, 7, 250.42
1734155715, 115, 19, 78, 0, 0, 0.06%, 9, 0, 7, 246.49
1734155720, 115, 21, 78, 0, 0, 0.06%, 9, 0, 7, 252.19
1734155730, 115, 47, 78, 0, 0, 0.06%, 9, 0, 7, 249.16
1734155735, 115, 55, 78, 0, 0, 0.06%, 9, 0, 7, 254.64
1734155740, 116, 11, 78, 0, 0, 0.06%, 9, 0, 7, 250.70
1734155745, 116, 12, 78, 0, 0, 0.06%, 9, 0, 7, 244.20
1734155750, 116, 13, 78, 0, 0, 0.06%, 9, 0, 7, 237.69
1734155755, 116, 14, 78, 0, 0, 0.06%, 9, 0, 7, 247.02
1734155760, 116, 15, 78, 0, 0, 0.06%, 9, 0, 7, 218.63
1734155765, 116, 18, 78, 0, 0, 0.06%, 9, 0, 7, 222.30
1734155771, 116, 19, 78, 0, 0, 0.06%, 9, 0, 7, 224.08
1734155781, 116, 21, 78, 0, 0, 0.06%, 9, 0, 7, 226.97
1734155786, 116, 54, 78, 0, 0, 0.06%, 9, 0, 7, 257.10
1734155791, 117, 11, 78, 0, 0, 0.06%, 9, 0, 7, 250.32
1734155796, 117, 12, 78, 0, 0, 0.06%, 9, 0, 7, 251.36
1734155801, 117, 13, 78, 0, 0, 0.06%, 9, 0, 7, 237.47
1734155806, 117, 14, 78, 0, 0, 0.06%, 9, 0, 7, 242.57
1734155811, 117, 15, 78, 0, 0, 0.06%, 9, 0, 7, 237.14
1734155816, 117, 18, 78, 0, 0, 0.06%, 9, 0, 7, 247.47
1734155821, 117, 19, 78, 0, 0, 0.06%, 9, 0, 7, 239.95
1734155827, 117, 21, 78, 0, 0, 0.06%, 9, 0, 7, 243.08
1734155832, 117, 40, 78, 0, 0, 0.06%, 9, 0, 7, 243.32
1734155842, 117, 64, 78, 0, 0, 0.06%, 9, 0, 7, 250.30
1734155847, 117, 74, 78, 0, 0, 0.06%, 9, 0, 7, 265.89
1734155852, 118, 11, 78, 0, 0, 0.06%, 9, 0, 7, 243.12
1734155857, 118, 12, 78, 0, 0, 0.06%, 9, 0, 7, 248.54
1734155862, 118, 13, 78, 0, 0, 0.06%, 9, 0, 7, 239.11
1734155867, 118, 14, 78, 0, 0, 0.06%, 9, 0, 7, 242.75
1734155872, 118, 15, 78, 0, 0, 0.06%, 9, 0, 7, 238.15
1734155877, 118, 18, 78, 0, 0, 0.06%, 9, 0, 7, 241.66
1734155882, 118, 19, 78, 0, 0, 0.06%, 9, 0, 7, 243.74
1734155887, 118, 21, 78, 0, 0, 0.06%, 9, 0, 7, 250.59
1734155898, 118, 55, 78, 0, 0, 0.06%, 9, 0, 7, 256.36
1734155903, 118, 63, 78, 0, 0, 0.06%, 9, 0, 7, 269.15
1734155908, 118, 77, 78, 0, 0, 0.06%, 9, 0, 7, 272.17
1734155928, 119, 11, 78, 0, 0, 0.06%, 9, 0, 7, 239.84
1734155933, 119, 12, 78, 0, 0, 0.06%, 9, 0, 7, 247.98
1734155938, 119, 13, 78, 0, 0, 0.06%, 9, 0, 7, 253.17
1734155943, 119, 14, 78, 0, 0, 0.06%, 9, 0, 7, 238.35
1734155948, 119, 15, 78, 0, 0, 0.06%, 9, 0, 7, 236.22
1734155953, 119, 18, 78, 0, 0, 0.06%, 9, 0, 7, 245.11
1734155958, 119, 19, 78, 0, 0, 0.06%, 9, 0, 7, 241.63
1734155964, 119, 21, 78, 0, 0, 0.06%, 9, 0, 7, 236.75
1734155974, 119, 41, 78, 0, 0, 0.06%, 9, 0, 7, 254.65
1734155979, 119, 53, 78, 0, 0, 0.06%, 9, 0, 7, 264.80
1734155984, 119, 57, 78, 0, 0, 0.06%, 9, 0, 7, 246.60
1734155989, 119, 61, 78, 0, 0, 0.06%, 9, 0, 7, 268.27
1734155994, 120, 11, 78, 0, 0, 0.06%, 9, 0, 7, 247.52
1734155999, 120, 12, 78, 0, 0, 0.06%, 9, 0, 7, 240.79
1734156004, 120, 13, 78, 0, 0, 0.06%, 9, 0, 7, 250.94
1734156009, 120, 14, 78, 0, 0, 0.06%, 9, 0, 7, 259.20
1734156014, 120, 15, 78, 0, 0, 0.06%, 9, 0, 7, 250.45
1734156020, 120, 18, 78, 0, 0, 0.06%, 9, 0, 7, 243.07
1734156025, 120, 19, 78, 0, 0, 0.06%, 9, 0, 7, 234.94
1734156030, 120, 21, 78, 0, 0, 0.06%, 9, 0, 7, 238.31
1734156035, 120, 25, 78, 0, 0, 0.06%, 9, 0, 7, 263.54
1734156045, 121, 12, 78, 0, 0, 0.06%, 9, 0, 7, 238.76
1734156055, 121, 13, 78, 0, 0, 0.06%, 9, 0, 7, 244.96
1734156060, 121, 14, 78, 0, 0, 0.06%, 9, 0, 7, 254.05
1734156065, 121, 15, 78, 0, 0, 0.06%, 9, 0, 7, 248.03
1734156070, 121, 18, 78, 0, 0, 0.06%, 9, 0, 7, 236.12
1734156075, 121, 19, 78, 0, 0, 0.06%, 9, 0, 7, 239.58
1734156080, 121, 21, 78, 0, 0, 0.06%, 9, 0, 7, 244.79
1734156085, 122, 11, 78, 0, 0, 0.06%, 9, 0, 7, 244.17
1734156091, 122, 12, 78, 0, 0, 0.06%, 9, 0, 7, 236.61
1734156096, 122, 13, 78, 0, 0, 0.06%, 9, 0, 7, 241.66
1734156101, 122, 14, 78, 0, 0, 0.06%, 9, 0, 7, 228.85
1734156106, 122, 15, 78, 0, 0, 0.06%, 9, 0, 7, 235.73
1734156111, 122, 18, 78, 0, 0, 0.06%, 9, 0, 7, 254.82
1734156121, 122, 19, 78, 0, 0, 0.06%, 9, 0, 7, 239.18
1734156126, 122, 21, 78, 0, 0, 0.06%, 9, 0, 7, 252.85
1734156131, 122, 26, 78, 0, 0, 0.06%, 9, 0, 7, 254.62
1734156136, 122, 58, 78, 0, 0, 0.06%, 9, 0, 7, 259.43
1734156142, 123, 7, 78, 0, 0, 0.06%, 9, 0, 7, 240.82
1734156147, 123, 12, 78, 0, 0, 0.06%, 9, 0, 7, 240.45
1734156152, 123, 13, 78, 0, 0, 0.06%, 9, 0, 7, 236.89
1734156162, 123, 14, 78, 0, 0, 0.06%, 9, 0, 7, 242.05
1734156167, 123, 15, 78, 0, 0, 0.06%, 9, 0, 7, 240.87
1734156172, 123, 18, 78, 0, 0, 0.06%, 9, 0, 7, 258.25
1734156177, 123, 19, 78, 0, 0, 0.06%, 9, 0, 7, 245.34
1734156182, 123, 21, 78, 0, 0, 0.06%, 9, 0, 7, 248.26
1734156188, 123, 44, 78, 0, 0, 0.06%, 9, 0, 7, 244.13
1734156193, 124, 11, 78, 0, 0, 0.06%, 9, 0, 7, 229.71
1734156198, 124, 12, 78, 0, 0, 0.06%, 9, 0, 7, 244.16
1734156203, 124, 13, 78, 0, 0, 0.06%, 9, 0, 7, 249.50
1734156208, 124, 14, 78, 0, 0, 0.06%, 9, 0, 7, 239.32
1734156213, 124, 15, 78, 0, 0, 0.06%, 9, 0, 7, 233.85
1734156218, 124, 18, 78, 0, 0, 0.06%, 9, 0, 7, 242.75
1734156228, 124, 19, 78, 0, 0, 0.06%, 9, 0, 7, 247.02
1734156233, 124, 21, 78, 0, 0, 0.06%, 9, 0, 7, 246.46
1734156238, 124, 30, 78, 0, 0, 0.06%, 9, 0, 7, 255.30
1734156243, 124, 48, 78, 0, 0, 0.06%, 9, 0, 7, 263.98
1734156248, 124, 64, 78, 0, 0, 0.06%, 9, 0, 7, 276.71
1734156253, 124, 75, 78, 0, 0, 0.06%, 9, 0, 7, 282.30
1734156274, 125, 11, 78, 0, 0, 0.06%, 9, 0, 7, 266.64
1734156279, 125, 12, 78, 0, 0, 0.06%, 9, 0, 7, 250.73
1734156284, 125, 13, 78, 0, 0, 0.06%, 9, 0, 7, 235.70
1734156289, 125, 14, 78, 0, 0, 0.06%, 9, 0, 7, 231.77
1734156294, 125, 15, 78, 0, 0, 0.06%, 9, 0, 7, 238.69
1734156299, 125, 18, 78, 0, 0, 0.06%, 9, 0, 7, 241.20
1734156304, 125, 19, 78, 0, 0, 0.06%, 9, 0, 7, 240.99
1734156309, 125, 21, 78, 0, 0, 0.06%, 9, 0, 7, 255.05
1734156315, 125, 39, 78, 0, 0, 0.06%, 9, 0, 7, 255.79
1734156320, 125, 42, 78, 0, 0, 0.06%, 9, 0, 7, 262.26
1734156330, 125, 67, 78, 0, 0, 0.06%, 9, 0, 7, 261.04
1734156335, 126, 12, 78, 0, 0, 0.06%, 9, 0, 7, 239.61
1734156340, 126, 13, 78, 0, 0, 0.06%, 9, 0, 7, 251.89
1734156345, 126, 14, 78, 0, 0, 0.06%, 9, 0, 7, 244.00
1734156355, 126, 15, 78, 0, 0, 0.06%, 9, 0, 7, 240.18
1734156360, 126, 18, 78, 0, 0, 0.06%, 9, 0, 7, 251.62
1734156365, 126, 19, 78, 0, 0, 0.06%, 9, 0, 7, 242.28
1734156370, 126, 21, 78, 0, 0, 0.06%, 9, 0, 7, 239.59
1734156376, 126, 69, 78, 0, 0, 0.06%, 9, 0, 7, 263.11
1734156381, 126, 76, 78, 0, 0, 0.06%, 9, 0, 7, 275.57
1734156406, 127, 12, 78, 0, 0, 0.06%, 9, 0, 7, 243.77
1734156416, 127, 13, 78, 0, 0, 0.06%, 9, 0, 7, 246.87
1734156421, 127, 14, 78, 0, 0, 0.06%, 9, 0, 7, 251.91
1734156426, 127, 15, 78, 0, 0, 0.06%, 9, 0, 7, 244.02
1734156431, 127, 18, 78, 0, 0, 0.06%, 9, 0, 7, 245.38
1734156436, 127, 19, 78, 0, 0, 0.06%, 9, 0, 7, 248.28
1734156441, 127, 21, 78, 0, 0, 0.06%, 9, 0, 7, 247.19
1734156446, 127, 44, 78, 0, 0, 0.06%, 9, 0, 7, 243.68
1734156456, 127, 61, 78, 0, 0, 0.06%, 9, 0, 7, 260.39
1734156461, 128, 12, 78, 0, 0, 0.06%, 9, 0, 7, 243.57
1734156466, 128, 13, 78, 0, 0, 0.06%, 9, 0, 7, 254.33
1734156476, 128, 14, 78, 0, 0, 0.06%, 9, 0, 7, 248.85
1734156481, 128, 15, 78, 0, 0, 0.06%, 9, 0, 7, 248.32
1734156487, 128, 16, 78, 0, 0, 0.06%, 9, 0, 7, 248.85
1734156492, 128, 18, 78, 0, 0, 0.06%, 9, 0, 7, 249.98
1734156497, 128, 19, 78, 0, 0, 0.06%, 9, 0, 7, 236.61
1734156502, 128, 20, 78, 0, 0, 0.06%, 9, 0, 7, 255.76
1734156507, 128, 21, 78, 0, 0, 0.06%, 9, 0, 7, 252.45
1734156512, 128, 30, 78, 0, 0, 0.06%, 9, 0, 7, 254.91
1734156517, 128, 49, 78, 0, 0, 0.06%, 9, 0, 7, 255.68
1734156527, 128, 63, 78, 0, 0, 0.06%, 9, 0, 7, 270.08
1734156532, 129, 12, 78, 0, 0, 0.06%, 9, 0, 7, 246.87
1734156537, 129, 13, 78, 0, 0, 0.06%, 9, 0, 7, 241.93
1734156547, 129, 14, 78, 0, 0, 0.06%, 9, 0, 7, 247.05
1734156552, 129, 15, 78, 0, 0, 0.06%, 9, 0, 7, 233.09
1734156558, 129, 18, 78, 0, 0, 0.06%, 9, 0, 7, 239.59
1734156563, 129, 19, 78, 0, 0, 0.06%, 9, 0, 7, 243.27
1734156568, 129, 21, 78, 0, 0, 0.06%, 9, 0, 7, 235.25
1734156573, 129, 26, 78, 0, 0, 0.06%, 9, 0, 7, 255.02
1734156583, 129, 45, 78, 0, 0, 0.06%, 9, 0, 7, 249.96
1734156588, 129, 63, 78, 0, 0, 0.06%, 9, 0, 7, 260.45
1734156593, 130, 12, 78, 0, 0, 0.06%, 9, 0, 7, 245.10
1734156598, 130, 13, 78, 0, 0, 0.06%, 9, 0, 7, 248.39
1734156608, 130, 14, 78, 0, 0, 0.06%, 9, 0, 7, 237.70
1734156614, 130, 15, 78, 0, 0, 0.06%, 9, 0, 7, 244.53
1734156619, 130, 18, 78, 0, 0, 0.06%, 9, 0, 7, 247.46
1734156624, 130, 19, 78, 0, 0, 0.06%, 9, 0, 7, 244.49
1734156629, 130, 21, 78, 0, 0, 0.06%, 9, 0, 7, 239.11
1734156634, 130, 22, 78, 0, 0, 0.06%, 9, 0, 7, 250.34
1734156639, 130, 23, 78, 0, 0, 0.06%, 9, 0, 7, 244.76
1734156649, 130, 54, 78, 0, 0, 0.06%, 9, 0, 7, 258.94
1734156654, 131, 12, 78, 0, 0, 0.06%, 9, 0, 7, 250.68
1734156659, 131, 13, 78, 0, 0, 0.06%, 9, 0, 7, 243.30
1734156664, 131, 14, 78, 0, 0, 0.06%, 9, 0, 7, 243.79
1734156669, 131, 15, 78, 0, 0, 0.06%, 9, 0, 7, 240.34
1734156679, 131, 18, 78, 0, 0, 0.06%, 9, 0, 7, 253.43
1734156684, 131, 19, 78, 0, 0, 0.06%, 9, 0, 7, 265.99
1734156689, 131, 21, 78, 0, 0, 0.06%, 9, 0, 7, 253.06
1734156694, 131, 31, 78, 0, 0, 0.06%, 9, 0, 7, 286.78
1734156699, 132, 12, 78, 0, 0, 0.06%, 9, 0, 7, 248.07
1734156705, 132, 13, 78, 0, 0, 0.06%, 9, 0, 7, 251.04
1734156710, 132, 14, 78, 0, 0, 0.06%, 9, 0, 7, 257.18
1734156715, 132, 15, 78, 0, 0, 0.06%, 9, 0, 7, 234.04
1734156725, 132, 18, 78, 0, 0, 0.06%, 9, 0, 7, 255.87
1734156730, 132, 19, 78, 0, 0, 0.06%, 9, 0, 7, 245.37
1734156735, 132, 21, 78, 0, 0, 0.06%, 9, 0, 7, 234.01
1734156740, 132, 37, 78, 0, 0, 0.06%, 9, 0, 7, 246.64
1734156745, 132, 46, 78, 0, 0, 0.06%, 9, 0, 7, 272.45
1734156750, 132, 52, 78, 0, 0, 0.06%, 9, 0, 7, 263.84
1734156755, 133, 10, 78, 0, 0, 0.06%, 9, 0, 7, 255.44
1734156760, 133, 12, 78, 0, 0, 0.06%, 9, 0, 7, 246.32
1734156770, 133, 13, 78, 0, 0, 0.06%, 9, 0, 7, 247.38
1734156775, 133, 14, 78, 0, 0, 0.06%, 9, 0, 7, 255.88
1734156781, 133, 15, 78, 0, 0, 0.06%, 9, 0, 7, 246.06
1734156786, 133, 18, 78, 0, 0, 0.06%, 9, 0, 7, 259.59
1734156791, 133, 19, 78, 0, 0, 0.06%, 9, 0, 7, 236.25
1734156796, 133, 21, 78, 0, 0, 0.06%, 9, 0, 7, 240.26
1734156801, 133, 28, 78, 0, 0, 0.06%, 9, 0, 7, 257.45
1734156806, 133, 48, 78, 0, 0, 0.06%, 9, 0, 7, 264.11
1734156816, 134, 11, 78, 0, 0, 0.06%, 9, 0, 7, 278.80
1734156821, 134, 12, 78, 0, 0, 0.06%, 9, 0, 7, 245.41
1734156826, 134, 13, 78, 0, 0, 0.06%, 9, 0, 7, 245.77
1734156831, 134, 14, 78, 0, 0, 0.06%, 9, 0, 7, 229.01
1734156836, 134, 15, 78, 0, 0, 0.06%, 9, 0, 7, 245.34
1734156841, 134, 18, 78, 0, 0, 0.06%, 9, 0, 7, 252.10
1734156852, 134, 19, 78, 0, 0, 0.06%, 9, 0, 7, 262.37
1734156857, 134, 21, 78, 0, 0, 0.06%, 9, 0, 7, 251.88
1734156862, 135, 12, 78, 0, 0, 0.06%, 9, 0, 7, 243.84
1734156867, 135, 13, 78, 0, 0, 0.06%, 9, 0, 7, 254.94
1734156872, 135, 14, 78, 0, 0, 0.06%, 9, 0, 7, 257.60
1734156882, 135, 15, 78, 0, 0, 0.06%, 9, 0, 7, 231.45
1734156887, 135, 18, 78, 0, 0, 0.06%, 9, 0, 7, 256.22
1734156892, 135, 19, 78, 0, 0, 0.06%, 9, 0, 7, 259.93
1734156898, 135, 21, 78, 0, 0, 0.06%, 9, 0, 7, 248.41
1734156903, 135, 43, 78, 0, 0, 0.06%, 9, 0, 7, 257.95
1734156908, 135, 48, 78, 0, 0, 0.06%, 9, 0, 7, 268.04
1734156913, 135, 68, 78, 0, 0, 0.06%, 9, 0, 7, 268.05
1734156918, 136, 11, 78, 0, 0, 0.06%, 9, 0, 7, 247.41
1734156923, 136, 12, 78, 0, 0, 0.06%, 9, 0, 7, 235.51
1734156928, 136, 13, 78, 0, 0, 0.06%, 9, 0, 7, 233.23
1734156933, 136, 14, 78, 0, 0, 0.06%, 9, 0, 7, 243.81
1734156938, 136, 15, 78, 0, 0, 0.06%, 9, 0, 7, 248.98
1734156944, 136, 18, 78, 0, 0, 0.06%, 9, 0, 7, 253.78
1734156949, 136, 19, 78, 0, 0, 0.06%, 9, 0, 7, 256.36
1734156959, 136, 21, 78, 0, 0, 0.06%, 9, 0, 7, 239.77
1734156964, 136, 28, 78, 0, 0, 0.06%, 9, 0, 7, 243.73
1734156969, 136, 39, 78, 0, 0, 0.06%, 9, 0, 7, 270.31
1734156974, 136, 66, 78, 0, 0, 0.06%, 9, 0, 7, 272.54
1734156979, 137, 11, 78, 0, 0, 0.06%, 9, 0, 7, 259.98
1734156984, 137, 12, 78, 0, 0, 0.06%, 9, 0, 7, 255.04
1734156989, 137, 13, 78, 0, 0, 0.06%, 9, 0, 7, 234.35
1734156994, 137, 14, 78, 0, 0, 0.06%, 9, 0, 7, 229.19
1734156999, 137, 15, 78, 0, 0, 0.06%, 9, 0, 7, 226.94
1734157004, 137, 18, 78, 0, 0, 0.06%, 9, 0, 7, 240.27
1734157009, 137, 19, 78, 0, 0, 0.06%, 9, 0, 7, 240.78
1734157014, 137, 21, 78, 0, 0, 0.06%, 9, 0, 7, 264.13
1734157025, 137, 26, 78, 0, 0, 0.06%, 9, 0, 7, 245.55
1734157030, 137, 35, 78, 0, 0, 0.06%, 9, 0, 7, 257.51
1734157035, 137, 42, 78, 0, 0, 0.06%, 9, 0, 7, 259.88
1734157040, 137, 45, 78, 0, 0, 0.06%, 9, 0, 7, 256.53
1734157045, 138, 12, 78, 0, 0, 0.06%, 9, 0, 7, 253.47
1734157055, 138, 13, 78, 0, 0, 0.06%, 9, 0, 7, 249.98
1734157060, 138, 14, 78, 0, 0, 0.06%, 9, 0, 7, 250.06
1734157065, 138, 15, 78, 0, 0, 0.06%, 9, 0, 7, 233.14
1734157070, 138, 18, 78, 0, 0, 0.06%, 9, 0, 7, 238.77
1734157075, 138, 19, 78, 0, 0, 0.06%, 9, 0, 7, 245.24
1734157080, 138, 21, 78, 0, 0, 0.06%, 9, 0, 7, 248.87
1734157085, 138, 22, 78, 0, 0, 0.06%, 9, 0, 7, 250.88
1734157090, 138, 32, 78, 0, 0, 0.06%, 9, 0, 7, 251.35
1734157101, 138, 45, 78, 0, 0, 0.06%, 9, 0, 7, 245.17
1734157106, 138, 56, 78, 0, 0, 0.06%, 9, 0, 7, 266.12
1734157111, 138, 60, 78, 0, 0, 0.06%, 9, 0, 7, 277.83
1734157116, 139, 12, 78, 0, 0, 0.06%, 9, 0, 7, 249.82
1734157126, 139, 13, 78, 0, 0, 0.06%, 9, 0, 7, 248.95
1734157131, 139, 14, 78, 0, 0, 0.06%, 9, 0, 7, 241.77
1734157136, 139, 15, 78, 0, 0, 0.06%, 9, 0, 7, 240.79
1734157141, 139, 18, 78, 0, 0, 0.06%, 9, 0, 7, 255.89
1734157146, 139, 19, 78, 0, 0, 0.06%, 9, 0, 7, 245.68
1734157152, 139, 21, 78, 0, 0, 0.06%, 9, 0, 7, 241.12
1734157157, 139, 27, 78, 0, 0, 0.06%, 9, 0, 7, 256.89
1734157162, 139, 38, 78, 0, 0, 0.06%, 9, 0, 7, 277.49
1734157167, 139, 47, 78, 0, 0, 0.06%, 9, 0, 7, 260.23
1734157172, 140, 2, 78, 0, 0, 0.06%, 9, 0, 7, 253.46
1734157177, 140, 12, 78, 0, 0, 0.06%, 9, 0, 7, 243.88
1734157182, 140, 13, 78, 0, 0, 0.06%, 9, 0, 7, 239.20
1734157187, 140, 14, 78, 0, 0, 0.06%, 9, 0, 7, 239.39
1734157197, 140, 15, 78, 0, 0, 0.06%, 9, 0, 7, 253.05
1734157202, 140, 16, 78, 0, 0, 0.06%, 9, 0, 7, 246.51
1734157208, 140, 18, 78, 0, 0, 0.06%, 9, 0, 7, 248.55
1734157213, 140, 19, 78, 0, 0, 0.06%, 9, 0, 7, 231.93
1734157218, 140, 21, 78, 0, 0, 0.06%, 9, 0, 7, 247.23
1734157223, 140, 24, 78, 0, 0, 0.06%, 9, 0, 7, 257.77
1734157228, 140, 45, 78, 0, 0, 0.06%, 9, 0, 7, 257.70
1734157238, 140, 50, 78, 0, 0, 0.06%, 9, 0, 7, 255.12
1734157243, 140, 72, 78, 0, 0, 0.06%, 9, 0, 7, 282.28
1734157248, 140, 77, 78, 0, 0, 0.06%, 9, 0, 7, 279.81
1734157268, 141, 10, 78, 0, 0, 0.06%, 9, 0, 7, 257.30
1734157273, 141, 12, 78, 0, 0, 0.06%, 9, 0, 7, 242.53
1734157278, 141, 13, 78, 0, 0, 0.06%, 9, 0, 7, 255.16
1734157284, 141, 14, 78, 0, 0, 0.06%, 9, 0, 7, 262.97
1734157289, 141, 15, 78, 0, 0, 0.06%, 9, 0, 7, 250.50
1734157294, 141, 18, 78, 0, 0, 0.06%, 9, 0, 7, 266.00
1734157304, 141, 19, 78, 0, 0, 0.06%, 9, 0, 7, 264.81
1734157309, 141, 21, 78, 0, 0, 0.06%, 9, 0, 7, 250.08
1734157314, 141, 63, 78, 0, 0, 0.06%, 9, 0, 7, 264.88
1734157319, 142, 11, 78, 0, 0, 0.06%, 9, 0, 7, 244.92
1734157324, 142, 12, 78, 0, 0, 0.06%, 9, 0, 7, 248.62
1734157329, 142, 13, 78, 0, 0, 0.06%, 9, 0, 7, 250.65
1734157334, 142, 14, 78, 0, 0, 0.06%, 9, 0, 7, 237.65
1734157339, 142, 15, 78, 0, 0, 0.06%, 9, 0, 7, 235.59
1734157344, 142, 18, 78, 0, 0, 0.06%, 9, 0, 7, 239.81
1734157349, 142, 19, 78, 0, 0, 0.06%, 9, 0, 7, 246.56
1734157359, 142, 21, 78, 0, 0, 0.06%, 9, 0, 7, 261.71
1734157364, 142, 46, 78, 0, 0, 0.06%, 9, 0, 7, 255.36
1734157370, 142, 53, 78, 0, 0, 0.06%, 9, 0, 7, 247.28
1734157375, 142, 68, 78, 0, 0, 0.06%, 9, 0, 7, 252.13
1734157380, 142, 71, 78, 0, 0, 0.06%, 9, 0, 7, 275.72
1734157385, 143, 11, 78, 0, 0, 0.06%, 9, 0, 7, 259.77
1734157390, 143, 12, 78, 0, 0, 0.06%, 9, 0, 7, 240.73
1734157395, 143, 13, 78, 0, 0, 0.06%, 9, 0, 7, 232.16
1734157400, 143, 14, 78, 0, 0, 0.06%, 9, 0, 7, 247.19
1734157405, 143, 15, 78, 0, 0, 0.06%, 9, 0, 7, 243.52
1734157410, 143, 18, 78, 0, 0, 0.06%, 9, 0, 7, 247.64
1734157415, 143, 19, 78, 0, 0, 0.06%, 9, 0, 7, 246.17
1734157420, 143, 21, 78, 0, 0, 0.06%, 9, 0, 7, 246.95
1734157431, 143, 23, 78, 0, 0, 0.06%, 9, 0, 7, 244.32
1734157436, 143, 37, 78, 0, 0, 0.06%, 9, 0, 7, 251.34
1734157441, 143, 38, 78, 0, 0, 0.06%, 9, 0, 7, 252.71
1734157446, 143, 46, 78, 0, 0, 0.06%, 9, 0, 7, 267.03
1734157451, 143, 58, 78, 0, 0, 0.06%, 9, 0, 7, 258.55
1734157456, 144, 11, 78, 0, 0, 0.06%, 9, 0, 7, 238.64
1734157461, 144, 12, 78, 0, 0, 0.06%, 9, 0, 7, 237.30
1734157466, 144, 13, 78, 0, 0, 0.06%, 9, 0, 7, 244.71
1734157471, 144, 14, 78, 0, 0, 0.06%, 9, 0, 7, 243.30
1734157476, 144, 15, 78, 0, 0, 0.06%, 9, 0, 7, 238.03
1734157481, 144, 18, 78, 0, 0, 0.06%, 9, 0, 7, 248.47
1734157492, 144, 19, 78, 0, 0, 0.06%, 9, 0, 7, 248.85
1734157497, 144, 21, 78, 0, 0, 0.06%, 9, 0, 7, 233.13
1734157502, 144, 28, 78, 0, 0, 0.06%, 9, 0, 7, 255.04
1734157507, 144, 38, 78, 0, 0, 0.06%, 9, 0, 7, 262.66
1734157512, 144, 71, 78, 0, 0, 0.06%, 9, 0, 7, 268.53
1734157517, 144, 72, 78, 0, 0, 0.06%, 9, 0, 7, 292.40
1734157522, 144, 77, 78, 0, 0, 0.06%, 9, 0, 7, 271.96
1734157547, 145, 12, 78, 0, 0, 0.06%, 9, 0, 7, 230.58
1734157557, 145, 13, 78, 0, 0, 0.06%, 9, 0, 7, 246.44
1734157563, 145, 14, 78, 0, 0, 0.06%, 9, 0, 7, 239.35
1734157568, 145, 15, 78, 0, 0, 0.06%, 9, 0, 7, 245.71
1734157573, 145, 18, 78, 0, 0, 0.06%, 9, 0, 7, 236.11
1734157578, 145, 19, 78, 0, 0, 0.06%, 9, 0, 7, 242.22
1734157583, 145, 21, 78, 0, 0, 0.06%, 9, 0, 7, 245.36
1734157588, 145, 25, 78, 0, 0, 0.06%, 9, 0, 7, 252.72
1734157593, 145, 39, 78, 0, 0, 0.06%, 9, 0, 7, 263.24
1734157603, 145, 44, 78, 0, 0, 0.06%, 9, 0, 7, 247.40
1734157608, 145, 51, 78, 0, 0, 0.06%, 9, 0, 7, 259.76
1734157613, 146, 11, 78, 0, 0, 0.06%, 9, 0, 7, 248.88
1734157618, 146, 12, 78, 0, 0, 0.06%, 9, 0, 7, 248.71
1734157623, 146, 13, 78, 0, 0, 0.06%, 9, 0, 7, 241.36
1734157628, 146, 14, 78, 0, 0, 0.06%, 9, 0, 7, 247.15
1734157634, 146, 15, 78, 0, 0, 0.06%, 9, 0, 7, 246.02
1734157639, 146, 18, 78, 0, 0, 0.06%, 9, 0, 7, 240.05
1734157644, 146, 19, 78, 0, 0, 0.06%, 9, 0, 7, 237.29
1734157649, 146, 21, 78, 0, 0, 0.06%, 9, 0, 7, 239.23
1734157654, 146, 25, 78, 0, 0, 0.06%, 9, 0, 7, 254.49
1734157664, 146, 29, 78, 0, 0, 0.06%, 9, 0, 7, 255.20
1734157670, 146, 62, 78, 0, 0, 0.06%, 9, 0, 7, 255.84
1734157675, 146, 65, 78, 0, 0, 0.06%, 9, 0, 7, 254.23
1734157680, 146, 70, 78, 0, 0, 0.06%, 9, 0, 7, 257.13
1734157685, 147, 11, 78, 0, 0, 0.06%, 9, 0, 7, 251.18
1734157690, 147, 12, 78, 0, 0, 0.06%, 9, 0, 7, 238.74
1734157695, 147, 13, 78, 0, 0, 0.06%, 9, 0, 7, 237.43
1734157700, 147, 14, 78, 0, 0, 0.06%, 9, 0, 7, 243.84
1734157705, 147, 15, 78, 0, 0, 0.06%, 9, 0, 7, 244.49
1734157710, 147, 18, 78, 0, 0, 0.06%, 9, 0, 7, 254.18
1734157720, 147, 19, 78, 0, 0, 0.06%, 9, 0, 7, 264.52
1734157725, 147, 21, 78, 0, 0, 0.06%, 9, 0, 7, 253.76
1734157730, 147, 46, 78, 0, 0, 0.06%, 9, 0, 7, 254.45
1734157735, 147, 48, 78, 0, 0, 0.06%, 9, 0, 7, 267.61
1734157740, 147, 61, 78, 0, 0, 0.06%, 9, 0, 7, 274.88
1734157745, 147, 65, 78, 0, 0, 0.06%, 9, 0, 7, 261.08
1734157751, 148, 11, 78, 0, 0, 0.06%, 9, 0, 7, 238.20
1734157756, 148, 12, 78, 0, 0, 0.06%, 9, 0, 7, 244.13
1734157761, 148, 13, 78, 0, 0, 0.06%, 9, 0, 7, 236.14
1734157766, 148, 14, 78, 0, 0, 0.06%, 9, 0, 7, 230.58
1734157771, 148, 15, 78, 0, 0, 0.06%, 9, 0, 7, 233.26
1734157776, 148, 18, 78, 0, 0, 0.06%, 9, 0, 7, 246.34
1734157781, 148, 19, 78, 0, 0, 0.06%, 9, 0, 7, 246.96
1734157786, 148, 21, 78, 0, 0, 0.06%, 9, 0, 7, 242.47
1734157791, 148, 53, 78, 0, 0, 0.06%, 9, 0, 7, 261.55
1734157801, 148, 54, 78, 0, 0, 0.06%, 9, 0, 7, 262.30
1734157806, 148, 64, 78, 0, 0, 0.06%, 9, 0, 7, 266.07
1734157811, 148, 68, 78, 0, 0, 0.06%, 9, 0, 7, 258.53
1734157817, 149, 12, 78, 0, 0, 0.06%, 9, 0, 7, 243.50
1734157822, 149, 13, 78, 0, 0, 0.06%, 9, 0, 7, 246.19
1734157827, 149, 14, 78, 0, 0, 0.06%, 9, 0, 7, 255.80
1734157837, 149, 15, 78, 0, 0, 0.06%, 9, 0, 7, 236.12
1734157842, 149, 18, 78, 0, 0, 0.06%, 9, 0, 7, 247.52
1734157847, 149, 19, 78, 0, 0, 0.06%, 9, 0, 7, 241.88
1734157852, 149, 21, 78, 0, 0, 0.06%, 9, 0, 7, 243.73
1734157857, 149, 50, 78, 0, 0, 0.06%, 9, 0, 7, 255.35
1734157862, 149, 55, 78, 0, 0, 0.06%, 9, 0, 7, 258.36
1734157868, 149, 56, 78, 0, 0, 0.06%, 9, 0, 7, 261.37
1734157878, 150, 11, 78, 0, 0, 0.06%, 9, 0, 7, 245.84
1734157883, 150, 12, 78, 0, 0, 0.06%, 9, 0, 7, 236.91
1734157888, 150, 13, 78, 0, 0, 0.06%, 9, 0, 7, 246.72
1734157893, 150, 14, 78, 0, 0, 0.06%, 9, 0, 7, 234.54
1734157898, 150, 15, 78, 0, 0, 0.06%, 9, 0, 7, 244.56
1734157903, 150, 18, 78, 0, 0, 0.06%, 9, 0, 7, 242.81
1734157908, 150, 19, 78, 0, 0, 0.06%, 9, 0, 7, 252.22
1734157913, 150, 21, 78, 0, 0, 0.06%, 9, 0, 7, 259.31
1734157918, 150, 33, 78, 0, 0, 0.06%, 9, 0, 7, 261.14
1734157928, 150, 50, 78, 0, 0, 0.06%, 9, 0, 7, 259.54
1734157933, 150, 61, 78, 0, 0, 0.06%, 9, 0, 7, 264.10
1734157939, 150, 67, 78, 0, 0, 0.06%, 9, 0, 7, 291.98
1734157944, 151, 11, 78, 0, 0, 0.06%, 9, 0, 7, 254.53
1734157949, 151, 12, 78, 0, 0, 0.06%, 9, 0, 7, 237.04
1734157954, 151, 13, 78, 0, 0, 0.06%, 9, 0, 7, 235.15
1734157959, 151, 14, 78, 0, 0, 0.06%, 9, 0, 7, 241.70
1734157964, 151, 15, 78, 0, 0, 0.06%, 9, 0, 7, 245.89
1734157974, 151, 18, 78, 0, 0, 0.06%, 9, 0, 7, 251.69
1734157979, 151, 19, 78, 0, 0, 0.06%, 9, 0, 7, 245.37
1734157984, 151, 21, 78, 0, 0, 0.06%, 9, 0, 7, 246.72
1734157989, 151, 32, 78, 0, 0, 0.06%, 9, 0, 7, 241.57
1734157994, 152, 11, 78, 0, 0, 0.06%, 9, 0, 7, 241.74
1734157999, 152, 12, 78, 0, 0, 0.06%, 9, 0, 7, 246.00
1734158004, 152, 13, 78, 0, 0, 0.06%, 9, 0, 7, 238.70
1734158009, 152, 14, 78, 0, 0, 0.06%, 9, 0, 7, 246.15
1734158014, 152, 15, 78, 0, 0, 0.06%, 9, 0, 7, 238.11
1734158020, 152, 18, 78, 0, 0, 0.06%, 9, 0, 7, 254.49
1734158025, 152, 19, 78, 0, 0, 0.06%, 9, 0, 7, 248.23
1734158035, 152, 21, 78, 0, 0, 0.06%, 9, 0, 7, 247.08
1734158040, 153, 11, 78, 0, 0, 0.06%, 9, 0, 7, 240.40
1734158045, 153, 12, 78, 0, 0, 0.06%, 9, 0, 7, 245.12
1734158050, 153, 13, 78, 0, 0, 0.06%, 9, 0, 7, 242.14
1734158055, 153, 14, 78, 0, 0, 0.06%, 9, 0, 7, 237.53
1734158060, 153, 15, 78, 0, 0, 0.06%, 9, 0, 7, 238.41
1734158065, 153, 18, 78, 0, 0, 0.06%, 9, 0, 7, 235.07
1734158075, 153, 19, 78, 0, 0, 0.06%, 9, 0, 7, 235.71
1734158080, 153, 21, 78, 0, 0, 0.06%, 9, 0, 7, 238.46
1734158085, 153, 50, 78, 0, 0, 0.06%, 9, 0, 7, 245.27
1734158091, 154, 11, 78, 0, 0, 0.06%, 9, 0, 7, 235.15
1734158096, 154, 12, 78, 0, 0, 0.06%, 9, 0, 7, 241.17
1734158101, 154, 13, 78, 0, 0, 0.06%, 9, 0, 7, 237.85
1734158106, 154, 14, 78, 0, 0, 0.06%, 9, 0, 7, 226.35
1734158111, 154, 15, 78, 0, 0, 0.06%, 9, 0, 7, 231.19
1734158116, 154, 18, 78, 0, 0, 0.06%, 9, 0, 7, 243.25
1734158126, 154, 19, 78, 0, 0, 0.06%, 9, 0, 7, 244.94
1734158131, 154, 21, 78, 0, 0, 0.06%, 9, 0, 7, 252.71
1734158136, 154, 45, 78, 0, 0, 0.06%, 9, 0, 7, 253.49
1734158142, 154, 46, 78, 0, 0, 0.06%, 9, 0, 7, 263.83
1734158147, 155, 11, 78, 0, 0, 0.06%, 9, 0, 7, 255.99
1734158152, 155, 12, 78, 0, 0, 0.06%, 9, 0, 7, 236.56
1734158157, 155, 13, 78, 0, 0, 0.06%, 9, 0, 7, 235.55
1734158162, 155, 14, 78, 0, 0, 0.06%, 9, 0, 7, 237.52
1734158167, 155, 15, 78, 0, 0, 0.06%, 9, 0, 7, 236.79
1734158172, 155, 18, 78, 0, 0, 0.06%, 9, 0, 7, 249.11
1734158177, 155, 19, 78, 0, 0, 0.06%, 9, 0, 7, 237.08
1734158182, 155, 20, 78, 0, 0, 0.06%, 9, 0, 7, 242.52
1734158188, 155, 21, 78, 0, 0, 0.06%, 9, 0, 7, 254.45
1734158198, 155, 43, 78, 0, 0, 0.06%, 9, 0, 7, 257.48
1734158203, 155, 69, 78, 0, 0, 0.06%, 9, 0, 7, 281.00
1734158208, 156, 12, 78, 0, 0, 0.06%, 9, 0, 7, 243.10
1734158213, 156, 13, 78, 0, 0, 0.06%, 9, 0, 7, 247.67
1734158223, 156, 14, 78, 0, 0, 0.06%, 9, 0, 7, 249.89
1734158228, 156, 15, 78, 0, 0, 0.06%, 9, 0, 7, 243.53
1734158233, 156, 18, 78, 0, 0, 0.06%, 9, 0, 7, 245.26
1734158238, 156, 19, 78, 0, 0, 0.06%, 9, 0, 7, 247.91
1734158243, 156, 21, 78, 0, 0, 0.06%, 9, 0, 7, 256.38
1734158248, 156, 57, 78, 0, 0, 0.06%, 9, 0, 7, 253.71
1734158254, 156, 60, 78, 0, 0, 0.06%, 9, 0, 7, 292.38
1734158259, 156, 68, 78, 0, 0, 0.06%, 9, 0, 7, 273.38
1734158264, 157, 11, 78, 0, 0, 0.06%, 9, 0, 7, 247.98
1734158269, 157, 12, 78, 0, 0, 0.06%, 9, 0, 7, 250.62
1734158274, 157, 13, 78, 0, 0, 0.06%, 9, 0, 7, 243.77
1734158279, 157, 14, 78, 0, 0, 0.06%, 9, 0, 7, 238.23
1734158284, 157, 15, 78, 0, 0, 0.06%, 9, 0, 7, 235.52
1734158289, 157, 18, 78, 0, 0, 0.06%, 9, 0, 7, 250.53
1734158294, 157, 19, 78, 0, 0, 0.06%, 9, 0, 7, 244.36
1734158304, 157, 21, 78, 0, 0, 0.06%, 9, 0, 7, 240.61
1734158309, 157, 67, 78, 0, 0, 0.06%, 9, 0, 7, 269.51
1734158314, 157, 69, 78, 0, 0, 0.06%, 9, 0, 7, 273.88
1734158319, 158, 11, 78, 0, 0, 0.06%, 9, 0, 7, 246.86
1734158324, 158, 12, 78, 0, 0, 0.06%, 9, 0, 7, 250.52
1734158329, 158, 13, 78, 0, 0, 0.06%, 9, 0, 7, 255.33
1734158335, 158, 14, 78, 0, 0, 0.06%, 9, 0, 7, 247.97
1734158340, 158, 15, 78, 0, 0, 0.06%, 9, 0, 7, 238.63
1734158345, 158, 16, 78, 0, 0, 0.06%, 9, 0, 7, 246.01
1734158350, 158, 18, 78, 0, 0, 0.06%, 9, 0, 7, 241.86
1734158355, 158, 19, 78, 0, 0, 0.06%, 9, 0, 7, 253.67
1734158360, 158, 21, 78, 0, 0, 0.06%, 9, 0, 7, 258.04
1734158370, 158, 33, 78, 0, 0, 0.06%, 9, 0, 7, 261.91
1734158375, 158, 39, 78, 0, 0, 0.06%, 9, 0, 7, 253.04
1734158381, 158, 62, 78, 0, 0, 0.06%, 9, 0, 7, 265.46
1734158386, 158, 66, 78, 0, 0, 0.06%, 9, 0, 7, 263.78
1734158391, 158, 73, 78, 0, 0, 0.06%, 9, 0, 7, 279.96
1734158396, 159, 12, 78, 0, 0, 0.06%, 9, 0, 7, 246.67
1734158401, 159, 13, 78, 0, 0, 0.06%, 9, 0, 7, 239.00
1734158406, 159, 14, 78, 0, 0, 0.06%, 9, 0, 7, 240.67
1734158416, 159, 15, 78, 0, 0, 0.06%, 9, 0, 7, 247.01
1734158421, 159, 18, 78, 0, 0, 0.06%, 9, 0, 7, 252.32
1734158426, 159, 19, 78, 0, 0, 0.06%, 9, 0, 7, 242.59
1734158431, 159, 21, 78, 0, 0, 0.06%, 9, 0, 7, 245.59
1734158436, 159, 22, 78, 0, 0, 0.06%, 9, 0, 7, 252.14
1734158441, 159, 24, 78, 0, 0, 0.06%, 9, 0, 7, 243.17
1734158446, 159, 34, 78, 0, 0, 0.06%, 9, 0, 7, 229.97
1734158457, 159, 62, 78, 0, 0, 0.06%, 9, 0, 7, 253.13
1734158462, 159, 65, 78, 0, 0, 0.06%, 9, 0, 7, 253.32
1734158467, 159, 68, 78, 0, 0, 0.06%, 9, 0, 7, 261.76
1734158472, 159, 76, 78, 0, 0, 0.06%, 9, 0, 7, 276.76
1734158492, 160, 11, 78, 0, 0, 0.06%, 9, 0, 7, 228.03
1734158497, 160, 12, 78, 0, 0, 0.06%, 9, 0, 7, 242.93
1734158502, 160, 13, 78, 0, 0, 0.06%, 9, 0, 7, 243.29
1734158508, 160, 14, 78, 0, 0, 0.06%, 9, 0, 7, 237.22
1734158513, 160, 15, 78, 0, 0, 0.06%, 9, 0, 7, 236.20
1734158518, 160, 18, 78, 0, 0, 0.06%, 9, 0, 7, 253.24
1734158523, 160, 19, 78, 0, 0, 0.06%, 9, 0, 7, 236.04
1734158533, 160, 21, 78, 0, 0, 0.06%, 9, 0, 7, 240.85
1734158538, 160, 35, 78, 0, 0, 0.06%, 9, 0, 7, 255.35
1734158543, 160, 36, 78, 0, 0, 0.06%, 9, 0, 7, 262.81
1734158548, 160, 37, 78, 0, 0, 0.06%, 9, 0, 7, 264.21
1734158553, 160, 42, 78, 0, 0, 0.06%, 9, 0, 7, 272.20
1734158558, 160, 71, 78, 0, 0, 0.06%, 9, 0, 7, 272.36
1734158563, 161, 11, 78, 0, 0, 0.06%, 9, 0, 7, 260.65
1734158568, 161, 12, 78, 0, 0, 0.06%, 9, 0, 7, 238.66
1734158574, 161, 13, 78, 0, 0, 0.06%, 9, 0, 7, 243.20
1734158579, 161, 14, 78, 0, 0, 0.06%, 9, 0, 7, 256.09
1734158584, 161, 15, 78, 0, 0, 0.06%, 9, 0, 7, 260.83
1734158594, 161, 18, 78, 0, 0, 0.06%, 9, 0, 7, 244.77
1734158599, 161, 19, 78, 0, 0, 0.06%, 9, 0, 7, 255.90
1734158604, 161, 21, 78, 0, 0, 0.06%, 9, 0, 7, 241.20
1734158609, 161, 25, 78, 0, 0, 0.06%, 9, 0, 7, 253.33
1734158614, 161, 38, 78, 0, 0, 0.06%, 9, 0, 7, 257.02
1734158619, 161, 60, 78, 0, 0, 0.06%, 9, 0, 7, 275.73
1734158624, 162, 11, 78, 0, 0, 0.06%, 9, 0, 7, 269.18
1734158630, 162, 12, 78, 0, 0, 0.06%, 9, 0, 7, 248.27
1734158635, 162, 13, 78, 0, 0, 0.06%, 9, 0, 7, 246.24
1734158640, 162, 14, 78, 0, 0, 0.06%, 9, 0, 7, 242.12
1734158645, 162, 15, 78, 0, 0, 0.06%, 9, 0, 7, 226.04
1734158650, 162, 18, 78, 0, 0, 0.06%, 9, 0, 7, 240.33
1734158655, 162, 19, 78, 0, 0, 0.06%, 9, 0, 7, 243.72
1734158660, 162, 21, 78, 0, 0, 0.06%, 9, 0, 7, 254.41
1734158665, 162, 42, 78, 0, 0, 0.06%, 9, 0, 7, 253.13
1734158675, 162, 49, 78, 0, 0, 0.06%, 9, 0, 7, 255.32
1734158680, 162, 51, 78, 0, 0, 0.06%, 9, 0, 7, 267.24
1734158685, 163, 11, 78, 0, 0, 0.06%, 9, 0, 7, 248.64
1734158690, 163, 12, 78, 0, 0, 0.06%, 9, 0, 7, 243.15
1734158695, 163, 13, 78, 0, 0, 0.06%, 9, 0, 7, 231.40
