# unix_time, cycles_done, cur_path, paths_total, pending_total, pending_favs, map_size, unique_crashes, unique_hangs, max_depth, execs_per_sec
1735003462, 0, 0, 10, 10, 1, 0.00%, 0, 0, 1, 160.32
1735003473, 0, 1, 10, 9, 0, 0.00%, 0, 0, 1, 195.07
1735003483, 0, 2, 10, 8, 0, 0.00%, 0, 0, 1, 190.65
1735003488, 0, 3, 10, 7, 0, 0.00%, 0, 0, 1, 173.76
1735003499, 0, 4, 10, 6, 0, 0.00%, 0, 0, 1, 193.44
1735003504, 0, 5, 10, 5, 0, 0.00%, 0, 0, 1, 181.18
1735003514, 0, 6, 10, 4, 0, 0.00%, 0, 0, 1, 194.06
1735003519, 0, 7, 10, 3, 0, 0.00%, 0, 0, 1, 184.80
1735003529, 0, 8, 10, 2, 0, 0.00%, 0, 0, 1, 192.71
1735003534, 0, 9, 10, 1, 0, 0.00%, 0, 0, 1, 190.84
1735003545, 1, 0, 10, 0, 0, 0.00%, 0, 0, 1, 192.36
1735003550, 1, 2, 10, 0, 0, 0.00%, 0, 0, 1, 190.36
1735003555, 1, 3, 10, 0, 0, 0.00%, 0, 0, 1, 186.14
1735003560, 1, 4, 10, 0, 0, 0.00%, 0, 0, 1, 190.83
1735003565, 1, 5, 10, 0, 0, 0.00%, 0, 0, 1, 192.97
1735003570, 1, 7, 10, 0, 0, 0.00%, 0, 0, 1, 189.86
1735003576, 1, 8, 10, 0, 0, 0.00%, 0, 0, 1, 187.86
1735003581, 1, 9, 10, 0, 0, 0.00%, 0, 0, 1, 189.04
1735003586, 2, 1, 10, 0, 0, 0.00%, 0, 0, 1, 191.70
1735003591, 2, 2, 10, 0, 0, 0.00%, 0, 0, 1, 190.31
1735003596, 2, 3, 10, 0, 0, 0.00%, 0, 0, 1, 193.35
1735003601, 2, 5, 11, 1, 0, 0.05%, 1, 0, 2, 192.01
1735003607, 2, 10, 11, 1, 1, 0.05%, 1, 0, 2, 211.30
1735003612, 2, 10, 13, 3, 1, 0.05%, 3, 0, 3, 207.66
1735003617, 2, 10, 14, 4, 1, 0.05%, 4, 0, 3, 202.24
1735003713, 2, 10, 15, 5, 1, 0.06%, 5, 0, 3, 206.64
1735003743, 2, 10, 16, 6, 1, 0.06%, 6, 0, 3, 193.84
1735003748, 2, 11, 17, 6, 5, 0.06%, 7, 0, 4, 221.59
1735003753, 2, 11, 18, 7, 5, 0.06%, 7, 0, 4, 211.76
1735003763, 2, 11, 19, 8, 5, 0.06%, 8, 0, 4, 205.69
1735003768, 2, 11, 20, 9, 5, 0.06%, 8, 0, 4, 211.01
1735003799, 2, 11, 21, 10, 5, 0.06%, 8, 0, 4, 209.70
1735003855, 2, 11, 22, 11, 5, 0.06%, 8, 0, 4, 205.82
1735003901, 2, 11, 23, 12, 5, 0.06%, 8, 0, 4, 212.05
1735003916, 2, 12, 25, 13, 6, 0.06%, 9, 0, 4, 222.03
1735003931, 2, 12, 26, 14, 6, 0.06%, 9, 0, 4, 204.49
1735003982, 2, 13, 26, 13, 6, 0.06%, 9, 0, 4, 230.98
1735004003, 2, 14, 26, 12, 5, 0.06%, 9, 0, 4, 226.00
1735004028, 2, 15, 27, 12, 4, 0.06%, 9, 0, 4, 242.53
1735004048, 2, 16, 27, 11, 3, 0.06%, 9, 0, 4, 243.69
1735004073, 2, 16, 28, 12, 3, 0.06%, 9, 0, 5, 218.00
1735004083, 2, 16, 29, 13, 3, 0.06%, 9, 0, 5, 216.92
1735004170, 2, 16, 32, 16, 3, 0.06%, 9, 0, 5, 251.00
1735004175, 2, 16, 33, 17, 3, 0.06%, 9, 0, 5, 221.64
1735004180, 2, 18, 33, 16, 2, 0.06%, 9, 0, 5, 245.72
1735004185, 2, 18, 34, 17, 2, 0.06%, 9, 0, 5, 226.08
1735004190, 2, 18, 35, 18, 2, 0.06%, 9, 0, 5, 216.66
1735004241, 2, 18, 36, 19, 2, 0.06%, 9, 0, 5, 216.67
1735004297, 2, 18, 37, 20, 2, 0.06%, 9, 0, 5, 227.04
1735004307, 2, 23, 37, 19, 1, 0.06%, 9, 0, 5, 238.48
1735004337, 2, 23, 38, 20, 1, 0.06%, 9, 0, 5, 219.04
1735004342, 2, 23, 39, 21, 1, 0.06%, 9, 0, 5, 226.76
1735004347, 2, 27, 39, 20, 0, 0.06%, 9, 0, 5, 250.99
1735004383, 2, 27, 40, 21, 0, 0.06%, 9, 0, 6, 249.62
1735004393, 2, 28, 40, 20, 0, 0.06%, 9, 0, 6, 345.22
1735004408, 2, 28, 42, 22, 0, 0.06%, 9, 0, 6, 258.78
1735004424, 2, 28, 44, 24, 0, 0.06%, 9, 0, 6, 265.03
1735004454, 2, 28, 45, 25, 0, 0.06%, 9, 0, 6, 252.59
1735004469, 2, 28, 46, 26, 0, 0.06%, 9, 0, 6, 253.50
1735004505, 2, 30, 46, 25, 0, 0.06%, 9, 0, 6, 308.43
1735004530, 2, 32, 46, 24, 0, 0.06%, 9, 0, 6, 281.74
1735004555, 2, 34, 46, 23, 0, 0.06%, 9, 0, 6, 276.46
1735004565, 2, 34, 47, 24, 0, 0.06%, 9, 0, 6, 237.50
1735004581, 2, 34, 48, 25, 0, 0.06%, 9, 0, 6, 232.74
1735004591, 2, 34, 49, 26, 0, 0.06%, 9, 0, 6, 226.09
1735004601, 2, 34, 50, 27, 0, 0.06%, 9, 0, 6, 230.97
1735004682, 2, 34, 51, 28, 0, 0.06%, 9, 0, 6, 235.50
1735004703, 2, 34, 53, 30, 0, 0.06%, 9, 0, 6, 266.35
1735004713, 2, 39, 54, 30, 0, 0.06%, 9, 0, 7, 324.13
1735004718, 2, 39, 60, 36, 0, 0.06%, 9, 0, 7, 383.68
1735004928, 2, 39, 61, 37, 0, 0.06%, 9, 0, 7, 331.85
1735004953, 2, 40, 61, 36, 0, 0.06%, 9, 0, 7, 326.24
1735004968, 2, 40, 62, 37, 0, 0.06%, 9, 0, 7, 259.19
1735004998, 2, 40, 66, 41, 0, 0.06%, 9, 0, 7, 314.47
1735005003, 2, 41, 66, 40, 0, 0.06%, 9, 0, 7, 408.60
1735005029, 2, 41, 67, 41, 0, 0.06%, 9, 0, 7, 289.14
1735005054, 2, 42, 68, 41, 0, 0.06%, 9, 0, 7, 407.43
1735005085, 2, 43, 68, 40, 0, 0.06%, 9, 0, 7, 402.92
1735005171, 2, 43, 69, 41, 0, 0.06%, 9, 0, 7, 375.34
1735005202, 2, 60, 69, 40, 0, 0.06%, 9, 0, 7, 338.85
1735005432, 2, 62, 69, 39, 0, 0.06%, 9, 0, 7, 378.97
1735005467, 2, 63, 69, 38, 0, 0.06%, 9, 0, 7, 276.24
1735005503, 2, 63, 71, 40, 0, 0.06%, 9, 0, 8, 451.05
1735005656, 2, 65, 71, 39, 0, 0.06%, 9, 0, 8, 374.12
1735005727, 2, 66, 71, 38, 0, 0.06%, 9, 0, 8, 416.84
1735005926, 3, 10, 71, 37, 0, 0.06%, 9, 0, 8, 249.15
1735005931, 3, 11, 72, 38, 0, 0.06%, 9, 0, 8, 245.08
1735005941, 3, 12, 72, 38, 0, 0.06%, 9, 0, 8, 260.04
1735005946, 3, 13, 72, 38, 0, 0.06%, 9, 0, 8, 242.21
1735005951, 3, 14, 72, 38, 0, 0.06%, 9, 0, 8, 245.42
1735005956, 3, 15, 72, 38, 0, 0.06%, 9, 0, 8, 233.74
1735005962, 3, 16, 72, 38, 0, 0.06%, 9, 0, 8, 247.62
1735005972, 3, 18, 72, 38, 0, 0.06%, 9, 0, 8, 258.55
1735005987, 3, 23, 72, 38, 0, 0.06%, 9, 0, 8, 227.48
1735005997, 3, 36, 72, 38, 0, 0.06%, 9, 0, 8, 380.01
1735006028, 3, 40, 72, 37, 0, 0.06%, 9, 0, 8, 264.39
1735006038, 3, 41, 72, 37, 0, 0.06%, 9, 0, 8, 271.98
1735006048, 3, 47, 72, 37, 0, 0.06%, 9, 0, 8, 294.47
1735006145, 3, 47, 73, 38, 0, 0.06%, 9, 0, 8, 316.21
1735006171, 3, 55, 73, 37, 0, 0.06%, 9, 0, 8, 327.43
1735006257, 3, 58, 73, 36, 0, 0.06%, 9, 0, 8, 269.44
1735006405, 3, 67, 73, 35, 0, 0.06%, 9, 0, 8, 399.54
1735006436, 4, 11, 73, 34, 0, 0.06%, 9, 0, 8, 256.41
1735006441, 4, 13, 73, 34, 0, 0.06%, 9, 0, 8, 240.52
1735006446, 4, 15, 73, 34, 0, 0.06%, 9, 0, 8, 253.61
1735006451, 4, 16, 73, 34, 0, 0.06%, 9, 0, 8, 233.90
1735006456, 4, 18, 73, 34, 0, 0.06%, 9, 0, 8, 241.03
1735006461, 4, 20, 73, 34, 0, 0.06%, 9, 0, 8, 358.59
1735006492, 4, 21, 73, 33, 0, 0.06%, 9, 0, 8, 310.16
1735006517, 4, 23, 73, 32, 0, 0.06%, 9, 0, 8, 248.80
1735006527, 4, 24, 73, 32, 0, 0.06%, 9, 0, 8, 260.95
1735006552, 4, 29, 73, 31, 0, 0.06%, 9, 0, 8, 310.21
1735006577, 4, 35, 73, 30, 0, 0.06%, 9, 0, 8, 257.95
1735006613, 4, 45, 73, 29, 0, 0.06%, 9, 0, 8, 391.80
1735006714, 4, 48, 73, 28, 0, 0.06%, 9, 0, 8, 316.28
1735006755, 4, 50, 73, 27, 0, 0.06%, 9, 0, 8, 320.34
1735007019, 4, 50, 74, 28, 0, 0.06%, 9, 0, 8, 370.16
1735007040, 4, 52, 74, 27, 0, 0.06%, 9, 0, 8, 275.13
1735007080, 4, 53, 74, 26, 0, 0.06%, 9, 0, 8, 384.79
1735007162, 4, 56, 74, 25, 0, 0.06%, 9, 0, 8, 305.31
1735007249, 4, 61, 74, 24, 0, 0.06%, 9, 0, 8, 212.71
1735007254, 4, 61, 75, 25, 0, 0.06%, 9, 0, 8, 392.19
1735007295, 4, 61, 77, 27, 0, 0.06%, 9, 0, 8, 456.53
1735007535, 4, 66, 77, 26, 0, 0.06%, 9, 0, 8, 268.12
1735007545, 4, 70, 77, 26, 0, 0.06%, 9, 0, 8, 304.34
1735007667, 4, 71, 77, 25, 0, 0.06%, 9, 0, 8, 405.47
1735007708, 4, 74, 77, 24, 0, 0.06%, 9, 0, 8, 272.45
1735008018, 4, 74, 78, 25, 0, 0.06%, 9, 0, 9, 334.11
1735008039, 4, 77, 78, 24, 0, 0.06%, 9, 0, 9, 375.08
1735008242, 5, 10, 78, 23, 0, 0.06%, 9, 0, 9, 256.94
1735008247, 5, 12, 78, 23, 0, 0.06%, 9, 0, 9, 262.05
1735008252, 5, 13, 78, 23, 0, 0.06%, 9, 0, 9, 246.47
1735008257, 5, 15, 78, 23, 0, 0.06%, 9, 0, 9, 249.50
1735008262, 5, 16, 78, 23, 0, 0.06%, 9, 0, 9, 232.57
1735008267, 5, 18, 78, 23, 0, 0.06%, 9, 0, 9, 247.68
1735008272, 5, 23, 78, 23, 0, 0.06%, 9, 0, 9, 269.10
1735008277, 5, 28, 78, 23, 0, 0.06%, 9, 0, 9, 273.81
1735008287, 5, 30, 78, 23, 0, 0.06%, 9, 0, 9, 255.88
1735008298, 5, 35, 78, 23, 0, 0.06%, 9, 0, 9, 268.75
1735008308, 5, 37, 78, 23, 0, 0.06%, 9, 0, 9, 309.32
1735008333, 5, 49, 78, 22, 0, 0.06%, 9, 0, 9, 280.63
1735008399, 5, 59, 78, 21, 0, 0.06%, 9, 0, 9, 310.97
1735008552, 5, 66, 78, 20, 0, 0.06%, 9, 0, 9, 304.52
1735008557, 5, 72, 78, 20, 0, 0.06%, 9, 0, 9, 315.75
1735008638, 5, 73, 79, 20, 0, 0.06%, 9, 0, 9, 321.68
1735008740, 5, 76, 79, 19, 0, 0.06%, 9, 0, 9, 328.07
1735008887, 6, 10, 79, 18, 0, 0.06%, 9, 0, 9, 286.62
1735008892, 6, 11, 79, 18, 0, 0.06%, 9, 0, 9, 258.75
1735008897, 6, 13, 79, 18, 0, 0.06%, 9, 0, 9, 252.32
1735008902, 6, 15, 79, 18, 0, 0.06%, 9, 0, 9, 255.76
1735008907, 6, 16, 79, 18, 0, 0.06%, 9, 0, 9, 262.35
1735008912, 6, 17, 79, 18, 0, 0.06%, 9, 0, 9, 275.44
1735008938, 6, 18, 79, 17, 0, 0.06%, 9, 0, 9, 269.12
1735008943, 6, 21, 79, 17, 0, 0.06%, 9, 0, 9, 266.79
1735008953, 6, 23, 79, 17, 0, 0.06%, 9, 0, 9, 256.31
1735008958, 6, 25, 79, 17, 0, 0.06%, 9, 0, 9, 356.67
1735008988, 6, 38, 79, 16, 0, 0.06%, 9, 0, 9, 305.74
1735009014, 6, 42, 79, 15, 0, 0.06%, 9, 0, 9, 264.04
1735009024, 6, 44, 79, 15, 0, 0.06%, 9, 0, 9, 321.40
1735009054, 6, 46, 79, 14, 0, 0.06%, 9, 0, 9, 307.65
1735009080, 6, 51, 79, 13, 0, 0.06%, 9, 0, 9, 280.27
1735009146, 6, 54, 79, 12, 0, 0.06%, 9, 0, 9, 301.18
1735009237, 7, 11, 79, 11, 0, 0.06%, 9, 0, 9, 266.79
1735009243, 7, 13, 79, 11, 0, 0.06%, 9, 0, 9, 268.74
1735009248, 7, 15, 79, 11, 0, 0.06%, 9, 0, 9, 270.57
1735009253, 7, 16, 79, 11, 0, 0.06%, 9, 0, 9, 245.24
1735009258, 7, 18, 79, 11, 0, 0.06%, 9, 0, 9, 258.02
1735009263, 7, 23, 79, 11, 0, 0.06%, 9, 0, 9, 255.15
1735009268, 7, 32, 79, 11, 0, 0.06%, 9, 0, 9, 259.57
1735009278, 7, 68, 79, 11, 0, 0.06%, 9, 0, 9, 330.65
1735009360, 7, 75, 79, 10, 0, 0.06%, 9, 0, 9, 296.42
1735009513, 8, 10, 79, 9, 0, 0.06%, 9, 0, 9, 246.80
1735009518, 8, 12, 79, 9, 0, 0.06%, 9, 0, 9, 256.60
1735009523, 8, 14, 79, 9, 0, 0.06%, 9, 0, 9, 262.54
1735009528, 8, 16, 79, 9, 0, 0.06%, 9, 0, 9, 262.65
1735009538, 8, 18, 79, 9, 0, 0.06%, 9, 0, 9, 264.47
1735009543, 8, 19, 79, 9, 0, 0.06%, 9, 0, 9, 261.35
1735009569, 8, 22, 79, 8, 0, 0.06%, 9, 0, 9, 380.68
1735009600, 8, 23, 79, 7, 0, 0.06%, 9, 0, 9, 253.79
1735009605, 8, 33, 79, 7, 0, 0.06%, 9, 0, 9, 330.93
1735009635, 8, 51, 79, 6, 0, 0.06%, 9, 0, 9, 273.35
1735009645, 8, 69, 79, 6, 0, 0.06%, 9, 0, 9, 344.18
1735009762, 8, 78, 79, 5, 0, 0.06%, 9, 0, 9, 283.62
1735009889, 9, 11, 79, 4, 0, 0.06%, 9, 0, 9, 277.56
1735009894, 9, 13, 79, 4, 0, 0.06%, 9, 0, 9, 260.13
1735009899, 9, 15, 79, 4, 0, 0.06%, 9, 0, 9, 264.14
1735009905, 9, 16, 79, 4, 0, 0.06%, 9, 0, 9, 251.98
1735009910, 9, 18, 79, 4, 0, 0.06%, 9, 0, 9, 246.12
1735009915, 9, 23, 79, 4, 0, 0.06%, 9, 0, 9, 254.47
1735009920, 9, 26, 79, 4, 0, 0.06%, 9, 0, 9, 330.12
1735009950, 9, 27, 79, 3, 0, 0.06%, 9, 0, 9, 253.15
1735009960, 9, 28, 79, 3, 0, 0.06%, 9, 0, 9, 252.24
1735009965, 9, 57, 79, 3, 0, 0.06%, 9, 0, 9, 249.65
1735010057, 9, 60, 79, 2, 0, 0.06%, 9, 0, 9, 281.31
1735010067, 9, 68, 79, 2, 0, 0.06%, 9, 0, 9, 278.69
1735010077, 9, 75, 79, 2, 0, 0.06%, 9, 0, 9, 274.74
1735010087, 10, 10, 79, 2, 0, 0.06%, 9, 0, 9, 257.05
1735010092, 10, 12, 79, 2, 0, 0.06%, 9, 0, 9, 246.16
1735010098, 10, 14, 79, 2, 0, 0.06%, 9, 0, 9, 254.33
1735010103, 10, 16, 79, 2, 0, 0.06%, 9, 0, 9, 257.16
1735010108, 10, 18, 79, 2, 0, 0.06%, 9, 0, 9, 248.16
1735010113, 10, 23, 79, 2, 0, 0.06%, 9, 0, 9, 259.65
1735010123, 10, 27, 79, 2, 0, 0.06%, 9, 0, 9, 262.19
1735010128, 10, 49, 79, 2, 0, 0.06%, 9, 0, 9, 275.68
1735010138, 10, 52, 79, 2, 0, 0.06%, 9, 0, 9, 255.57
1735010148, 11, 10, 79, 2, 0, 0.06%, 9, 0, 9, 238.92
1735010153, 11, 12, 79, 2, 0, 0.06%, 9, 0, 9, 251.62
1735010158, 11, 13, 79, 2, 0, 0.06%, 9, 0, 9, 265.09
1735010163, 11, 15, 79, 2, 0, 0.06%, 9, 0, 9, 265.76
1735010169, 11, 16, 79, 2, 0, 0.06%, 9, 0, 9, 258.63
1735010174, 11, 18, 79, 2, 0, 0.06%, 9, 0, 9, 256.79
1735010179, 11, 23, 79, 2, 0, 0.06%, 9, 0, 9, 272.97
1735010184, 11, 53, 79, 2, 0, 0.06%, 9, 0, 9, 283.56
1735010194, 11, 61, 79, 2, 0, 0.06%, 9, 0, 9, 295.08
1735010204, 12, 11, 79, 2, 0, 0.06%, 9, 0, 9, 267.17
1735010209, 12, 12, 79, 2, 0, 0.06%, 9, 0, 9, 256.30
1735010214, 12, 14, 79, 2, 0, 0.06%, 9, 0, 9, 249.99
1735010219, 12, 16, 79, 2, 0, 0.06%, 9, 0, 9, 252.07
1735010224, 12, 18, 79, 2, 0, 0.06%, 9, 0, 9, 247.63
1735010229, 12, 23, 79, 2, 0, 0.06%, 9, 0, 9, 243.66
1735010234, 12, 24, 79, 2, 0, 0.06%, 9, 0, 9, 260.40
1735010244, 12, 44, 79, 2, 0, 0.06%, 9, 0, 9, 269.56
1735010255, 13, 10, 79, 2, 0, 0.06%, 9, 0, 9, 263.42
1735010260, 13, 11, 79, 2, 0, 0.06%, 9, 0, 9, 260.09
1735010265, 13, 13, 79, 2, 0, 0.06%, 9, 0, 9, 253.45
1735010270, 13, 15, 79, 2, 0, 0.06%, 9, 0, 9, 249.59
1735010275, 13, 16, 79, 2, 0, 0.06%, 9, 0, 9, 241.67
1735010280, 13, 18, 79, 2, 0, 0.06%, 9, 0, 9, 250.94
1735010285, 13, 23, 79, 2, 0, 0.06%, 9, 0, 9, 269.97
1735010290, 13, 31, 79, 2, 0, 0.06%, 9, 0, 9, 321.64
1735010315, 14, 10, 79, 1, 0, 0.06%, 9, 0, 9, 268.26
1735010320, 14, 12, 79, 1, 0, 0.06%, 9, 0, 9, 257.55
1735010325, 14, 13, 79, 1, 0, 0.06%, 9, 0, 9, 249.17
1735010331, 14, 15, 79, 1, 0, 0.06%, 9, 0, 9, 259.20
1735010336, 14, 16, 79, 1, 0, 0.06%, 9, 0, 9, 248.96
1735010341, 14, 18, 79, 1, 0, 0.06%, 9, 0, 9, 238.35
1735010346, 14, 21, 79, 1, 0, 0.06%, 9, 0, 9, 273.66
1735010351, 14, 23, 79, 1, 0, 0.06%, 9, 0, 9, 243.40
1735010356, 14, 28, 79, 1, 0, 0.06%, 9, 0, 9, 252.72
1735010361, 14, 60, 79, 1, 0, 0.06%, 9, 0, 9, 288.56
1735010366, 15, 3, 79, 1, 0, 0.06%, 9, 0, 9, 262.71
1735010371, 15, 11, 79, 1, 0, 0.06%, 9, 0, 9, 257.83
1735010376, 15, 13, 79, 1, 0, 0.06%, 9, 0, 9, 256.27
1735010381, 15, 15, 79, 1, 0, 0.06%, 9, 0, 9, 253.11
1735010386, 15, 16, 79, 1, 0, 0.06%, 9, 0, 9, 250.42
1735010391, 15, 18, 79, 1, 0, 0.06%, 9, 0, 9, 247.89
1735010396, 15, 20, 79, 1, 0, 0.06%, 9, 0, 9, 270.13
1735010406, 15, 23, 79, 1, 0, 0.06%, 9, 0, 9, 256.12
1735010411, 15, 24, 79, 1, 0, 0.06%, 9, 0, 9, 247.72
1735010416, 15, 66, 79, 1, 0, 0.06%, 9, 0, 9, 281.29
1735010421, 15, 70, 79, 1, 0, 0.06%, 9, 0, 9, 265.92
1735010437, 15, 71, 79, 1, 0, 0.06%, 9, 0, 9, 288.14
1735010452, 16, 11, 79, 1, 0, 0.06%, 9, 0, 9, 249.46
1735010457, 16, 13, 79, 1, 0, 0.06%, 9, 0, 9, 252.95
1735010462, 16, 14, 79, 1, 0, 0.06%, 9, 0, 9, 257.67
1735010467, 16, 16, 79, 1, 0, 0.06%, 9, 0, 9, 246.57
1735010472, 16, 18, 79, 1, 0, 0.06%, 9, 0, 9, 241.25
1735010477, 16, 23, 79, 1, 0, 0.06%, 9, 0, 9, 258.87
1735010482, 16, 34, 79, 1, 0, 0.06%, 9, 0, 9, 266.27
1735010497, 16, 60, 79, 1, 0, 0.06%, 9, 0, 9, 280.08
1735010502, 16, 63, 79, 1, 0, 0.06%, 9, 0, 9, 313.63
1735010507, 16, 65, 79, 1, 0, 0.06%, 9, 0, 9, 279.31
1735010523, 16, 70, 79, 1, 0, 0.06%, 9, 0, 9, 287.87
1735010528, 17, 10, 79, 1, 0, 0.06%, 9, 0, 9, 264.17
1735010533, 17, 12, 79, 1, 0, 0.06%, 9, 0, 9, 262.15
1735010538, 17, 14, 79, 1, 0, 0.06%, 9, 0, 9, 245.44
1735010543, 17, 16, 79, 1, 0, 0.06%, 9, 0, 9, 250.68
1735010553, 17, 18, 79, 1, 0, 0.06%, 9, 0, 9, 262.05
1735010558, 17, 22, 79, 1, 0, 0.06%, 9, 0, 9, 265.43
1735010568, 17, 23, 79, 1, 0, 0.06%, 9, 0, 9, 258.86
1735010573, 17, 34, 79, 1, 0, 0.06%, 9, 0, 9, 267.64
1735010578, 17, 47, 79, 1, 0, 0.06%, 9, 0, 9, 286.59
1735010588, 17, 54, 79, 1, 0, 0.06%, 9, 0, 9, 281.60
1735010598, 18, 10, 79, 1, 0, 0.06%, 9, 0, 9, 246.74
1735010603, 18, 12, 79, 1, 0, 0.06%, 9, 0, 9, 252.82
1735010608, 18, 13, 79, 1, 0, 0.06%, 9, 0, 9, 256.94
1735010613, 18, 15, 79, 1, 0, 0.06%, 9, 0, 9, 255.87
1735010619, 18, 16, 79, 1, 0, 0.06%, 9, 0, 9, 260.69
1735010624, 18, 18, 79, 1, 0, 0.06%, 9, 0, 9, 258.07
1735010629, 18, 23, 79, 1, 0, 0.06%, 9, 0, 9, 256.02
1735010634, 18, 33, 79, 1, 0, 0.06%, 9, 0, 9, 266.61
1735010644, 18, 44, 79, 1, 0, 0.06%, 9, 0, 9, 267.86
1735010649, 18, 49, 79, 1, 0, 0.06%, 9, 0, 9, 278.25
1735010654, 18, 71, 79, 1, 0, 0.06%, 9, 0, 9, 282.69
1735010664, 19, 10, 79, 1, 0, 0.06%, 9, 0, 9, 261.40
1735010669, 19, 12, 79, 1, 0, 0.06%, 9, 0, 9, 249.58
1735010674, 19, 14, 79, 1, 0, 0.06%, 9, 0, 9, 256.21
1735010680, 19, 16, 79, 1, 0, 0.06%, 9, 0, 9, 251.61
1735010685, 19, 18, 79, 1, 0, 0.06%, 9, 0, 9, 248.91
1735010690, 19, 23, 79, 1, 0, 0.06%, 9, 0, 9, 267.47
1735010695, 19, 25, 79, 1, 0, 0.06%, 9, 0, 9, 265.25
1735010710, 19, 26, 79, 1, 0, 0.06%, 9, 0, 9, 270.18
1735010720, 19, 52, 79, 1, 0, 0.06%, 9, 0, 9, 266.27
1735010725, 19, 59, 79, 1, 0, 0.06%, 9, 0, 9, 289.31
1735010735, 19, 64, 79, 1, 0, 0.06%, 9, 0, 9, 357.95
1735010771, 19, 78, 79, 0, 0, 0.06%, 9, 0, 9, 292.68
1735010786, 20, 10, 79, 0, 0, 0.06%, 9, 0, 9, 259.53
1735010791, 20, 12, 79, 0, 0, 0.06%, 9, 0, 9, 267.41
1735010796, 20, 14, 79, 0, 0, 0.06%, 9, 0, 9, 250.00
1735010801, 20, 16, 79, 0, 0, 0.06%, 9, 0, 9, 252.80
1735010807, 20, 18, 79, 0, 0, 0.06%, 9, 0, 9, 262.57
1735010812, 20, 23, 79, 0, 0, 0.06%, 9, 0, 9, 258.60
1735010822, 20, 39, 79, 0, 0, 0.06%, 9, 0, 9, 297.38
1735010827, 20, 60, 79, 0, 0, 0.06%, 9, 0, 9, 272.43
1735010832, 21, 4, 79, 0, 0, 0.06%, 9, 0, 9, 259.42
1735010837, 21, 11, 79, 0, 0, 0.06%, 9, 0, 9, 257.63
1735010842, 21, 13, 79, 0, 0, 0.06%, 9, 0, 9, 246.83
1735010847, 21, 15, 79, 0, 0, 0.06%, 9, 0, 9, 259.56
1735010852, 21, 16, 79, 0, 0, 0.06%, 9, 0, 9, 246.78
1735010857, 21, 18, 79, 0, 0, 0.06%, 9, 0, 9, 257.27
1735010862, 21, 23, 79, 0, 0, 0.06%, 9, 0, 9, 257.44
1735010867, 21, 40, 79, 0, 0, 0.06%, 9, 0, 9, 268.19
1735010872, 21, 66, 79, 0, 0, 0.06%, 9, 0, 9, 305.67
1735010877, 22, 4, 79, 0, 0, 0.06%, 9, 0, 9, 282.11
1735010882, 22, 11, 79, 0, 0, 0.06%, 9, 0, 9, 270.77
1735010887, 22, 13, 79, 0, 0, 0.06%, 9, 0, 9, 259.86
1735010893, 22, 15, 79, 0, 0, 0.06%, 9, 0, 9, 262.55
1735010898, 22, 16, 79, 0, 0, 0.06%, 9, 0, 9, 266.67
1735010903, 22, 18, 79, 0, 0, 0.06%, 9, 0, 9, 269.63
1735010908, 22, 23, 79, 0, 0, 0.06%, 9, 0, 9, 246.55
1735010913, 22, 24, 79, 0, 0, 0.06%, 9, 0, 9, 243.65
1735010918, 22, 52, 79, 0, 0, 0.06%, 9, 0, 9, 262.26
1735010923, 23, 9, 79, 0, 0, 0.06%, 9, 0, 9, 262.14
1735010928, 23, 11, 79, 0, 0, 0.06%, 9, 0, 9, 252.12
1735010933, 23, 13, 79, 0, 0, 0.06%, 9, 0, 9, 257.36
1735010938, 23, 15, 79, 0, 0, 0.06%, 9, 0, 9, 262.45
1735010943, 23, 16, 79, 0, 0, 0.06%, 9, 0, 9, 269.21
1735010948, 23, 18, 79, 0, 0, 0.06%, 9, 0, 9, 263.17
1735010953, 23, 23, 79, 0, 0, 0.06%, 9, 0, 9, 262.83
1735010958, 24, 10, 79, 0, 0, 0.06%, 9, 0, 9, 259.54
1735010964, 24, 12, 79, 0, 0, 0.06%, 9, 0, 9, 259.52
1735010969, 24, 14, 79, 0, 0, 0.06%, 9, 0, 9, 262.70
1735010974, 24, 15, 79, 0, 0, 0.06%, 9, 0, 9, 260.58
1735010979, 24, 16, 79, 0, 0, 0.06%, 9, 0, 9, 257.85
1735010984, 24, 18, 79, 0, 0, 0.06%, 9, 0, 9, 255.54
1735010989, 24, 23, 79, 0, 0, 0.06%, 9, 0, 9, 263.83
1735010994, 24, 35, 79, 0, 0, 0.06%, 9, 0, 9, 257.09
1735010999, 25, 10, 79, 0, 0, 0.06%, 9, 0, 9, 254.42
1735011004, 25, 11, 79, 0, 0, 0.06%, 9, 0, 9, 257.51
1735011009, 25, 13, 79, 0, 0, 0.06%, 9, 0, 9, 255.83
1735011014, 25, 15, 79, 0, 0, 0.06%, 9, 0, 9, 257.68
1735011019, 25, 16, 79, 0, 0, 0.06%, 9, 0, 9, 258.76
1735011025, 25, 18, 79, 0, 0, 0.06%, 9, 0, 9, 266.34
1735011030, 25, 19, 79, 0, 0, 0.06%, 9, 0, 9, 256.65
1735011040, 25, 23, 79, 0, 0, 0.06%, 9, 0, 9, 248.59
1735011045, 25, 62, 79, 0, 0, 0.06%, 9, 0, 9, 287.21
1735011055, 26, 7, 79, 0, 0, 0.06%, 9, 0, 9, 273.77
1735011060, 26, 11, 79, 0, 0, 0.06%, 9, 0, 9, 249.55
1735011065, 26, 13, 79, 0, 0, 0.06%, 9, 0, 9, 254.44
1735011070, 26, 15, 79, 0, 0, 0.06%, 9, 0, 9, 258.59
1735011075, 26, 16, 79, 0, 0, 0.06%, 9, 0, 9, 267.16
1735011080, 26, 18, 79, 0, 0, 0.06%, 9, 0, 9, 247.46
1735011085, 26, 23, 79, 0, 0, 0.06%, 9, 0, 9, 255.05
1735011091, 26, 39, 79, 0, 0, 0.06%, 9, 0, 9, 284.56
1735011096, 26, 43, 79, 0, 0, 0.06%, 9, 0, 9, 322.69
1735011106, 26, 49, 79, 0, 0, 0.06%, 9, 0, 9, 281.11
1735011111, 26, 54, 79, 0, 0, 0.06%, 9, 0, 9, 274.38
1735011116, 26, 68, 79, 0, 0, 0.06%, 9, 0, 9, 279.41
1735011121, 26, 71, 79, 0, 0, 0.06%, 9, 0, 9, 288.40
1735011126, 26, 72, 79, 0, 0, 0.06%, 9, 0, 9, 304.90
1735011136, 27, 11, 79, 0, 0, 0.06%, 9, 0, 9, 265.86
1735011141, 27, 13, 79, 0, 0, 0.06%, 9, 0, 9, 270.58
1735011147, 27, 14, 79, 0, 0, 0.06%, 9, 0, 9, 258.88
1735011152, 27, 16, 79, 0, 0, 0.06%, 9, 0, 9, 251.97
1735011157, 27, 18, 79, 0, 0, 0.06%, 9, 0, 9, 253.39
1735011162, 27, 23, 79, 0, 0, 0.06%, 9, 0, 9, 259.19
1735011167, 27, 44, 79, 0, 0, 0.06%, 9, 0, 9, 266.53
1735011172, 27, 60, 79, 0, 0, 0.06%, 9, 0, 9, 280.80
1735011177, 28, 10, 79, 0, 0, 0.06%, 9, 0, 9, 271.49
1735011182, 28, 12, 79, 0, 0, 0.06%, 9, 0, 9, 265.55
1735011187, 28, 13, 79, 0, 0, 0.06%, 9, 0, 9, 269.66
1735011192, 28, 15, 79, 0, 0, 0.06%, 9, 0, 9, 261.26
1735011197, 28, 16, 79, 0, 0, 0.06%, 9, 0, 9, 263.82
1735011202, 28, 18, 79, 0, 0, 0.06%, 9, 0, 9, 277.19
1735011207, 28, 23, 79, 0, 0, 0.06%, 9, 0, 9, 276.59
1735011212, 28, 77, 79, 0, 0, 0.06%, 9, 0, 9, 302.31
1735011217, 29, 10, 79, 0, 0, 0.06%, 9, 0, 9, 261.52
1735011222, 29, 12, 79, 0, 0, 0.06%, 9, 0, 9, 259.63
1735011227, 29, 13, 79, 0, 0, 0.06%, 9, 0, 9, 254.23
1735011233, 29, 15, 79, 0, 0, 0.06%, 9, 0, 9, 265.37
1735011238, 29, 16, 79, 0, 0, 0.06%, 9, 0, 9, 251.85
1735011243, 29, 18, 79, 0, 0, 0.06%, 9, 0, 9, 270.93
1735011248, 29, 23, 79, 0, 0, 0.06%, 9, 0, 9, 280.30
1735011253, 29, 24, 79, 0, 0, 0.06%, 9, 0, 9, 284.55
1735011258, 29, 29, 79, 0, 0, 0.06%, 9, 0, 9, 265.58
1735011268, 29, 43, 79, 0, 0, 0.06%, 9, 0, 9, 291.75
1735011273, 29, 47, 79, 0, 0, 0.06%, 9, 0, 9, 269.14
1735011278, 29, 58, 79, 0, 0, 0.06%, 9, 0, 9, 280.13
1735011288, 29, 75, 79, 0, 0, 0.06%, 9, 0, 9, 280.26
1735011298, 30, 11, 79, 0, 0, 0.06%, 9, 0, 9, 264.94
1735011304, 30, 13, 79, 0, 0, 0.06%, 9, 0, 9, 254.88
1735011309, 30, 15, 79, 0, 0, 0.06%, 9, 0, 9, 270.60
1735011314, 30, 16, 79, 0, 0, 0.06%, 9, 0, 9, 241.28
1735011319, 30, 18, 79, 0, 0, 0.06%, 9, 0, 9, 261.62
1735011324, 30, 23, 79, 0, 0, 0.06%, 9, 0, 9, 269.99
1735011329, 30, 70, 79, 0, 0, 0.06%, 9, 0, 9, 281.77
1735011339, 31, 11, 79, 0, 0, 0.06%, 9, 0, 9, 263.19
1735011344, 31, 13, 79, 0, 0, 0.06%, 9, 0, 9, 255.95
1735011349, 31, 15, 79, 0, 0, 0.06%, 9, 0, 9, 256.17
1735011354, 31, 16, 79, 0, 0, 0.06%, 9, 0, 9, 249.63
1735011359, 31, 18, 79, 0, 0, 0.06%, 9, 0, 9, 252.23
1735011364, 31, 23, 79, 0, 0, 0.06%, 9, 0, 9, 253.05
1735011369, 31, 72, 79, 0, 0, 0.06%, 9, 0, 9, 296.88
1735011379, 32, 11, 79, 0, 0, 0.06%, 9, 0, 9, 272.83
1735011384, 32, 12, 79, 0, 0, 0.06%, 9, 0, 9, 256.84
1735011389, 32, 14, 79, 0, 0, 0.06%, 9, 0, 9, 262.83
1735011395, 32, 16, 79, 0, 0, 0.06%, 9, 0, 9, 257.14
1735011400, 32, 18, 79, 0, 0, 0.06%, 9, 0, 9, 256.24
1735011405, 32, 21, 79, 0, 0, 0.06%, 9, 0, 9, 272.51
1735011410, 32, 23, 79, 0, 0, 0.06%, 9, 0, 9, 254.27
1735011415, 33, 10, 79, 0, 0, 0.06%, 9, 0, 9, 256.56
1735011420, 33, 12, 79, 0, 0, 0.06%, 9, 0, 9, 251.57
1735011425, 33, 13, 79, 0, 0, 0.06%, 9, 0, 9, 260.98
1735011430, 33, 15, 79, 0, 0, 0.06%, 9, 0, 9, 257.02
1735011435, 33, 16, 79, 0, 0, 0.06%, 9, 0, 9, 252.34
1735011440, 33, 18, 79, 0, 0, 0.06%, 9, 0, 9, 261.17
1735011445, 33, 20, 79, 0, 0, 0.06%, 9, 0, 9, 279.59
1735011451, 33, 23, 79, 0, 0, 0.06%, 9, 0, 9, 274.78
1735011456, 33, 38, 79, 0, 0, 0.06%, 9, 0, 9, 262.53
1735011466, 33, 53, 79, 0, 0, 0.06%, 9, 0, 9, 270.51
1735011471, 33, 58, 79, 0, 0, 0.06%, 9, 0, 9, 261.87
1735011476, 34, 11, 79, 0, 0, 0.06%, 9, 0, 9, 246.94
1735011481, 34, 13, 79, 0, 0, 0.06%, 9, 0, 9, 259.13
1735011486, 34, 15, 79, 0, 0, 0.06%, 9, 0, 9, 261.12
1735011491, 34, 16, 79, 0, 0, 0.06%, 9, 0, 9, 253.22
1735011496, 34, 18, 79, 0, 0, 0.06%, 9, 0, 9, 248.05
1735011501, 34, 22, 79, 0, 0, 0.06%, 9, 0, 9, 271.13
1735011506, 34, 23, 79, 0, 0, 0.06%, 9, 0, 9, 262.86
1735011512, 34, 43, 79, 0, 0, 0.06%, 9, 0, 9, 274.66
1735011517, 35, 10, 79, 0, 0, 0.06%, 9, 0, 9, 272.27
1735011522, 35, 12, 79, 0, 0, 0.06%, 9, 0, 9, 271.00
1735011527, 35, 13, 79, 0, 0, 0.06%, 9, 0, 9, 267.12
1735011532, 35, 15, 79, 0, 0, 0.06%, 9, 0, 9, 263.63
1735011537, 35, 16, 79, 0, 0, 0.06%, 9, 0, 9, 267.93
1735011542, 35, 18, 79, 0, 0, 0.06%, 9, 0, 9, 264.24
1735011547, 35, 23, 79, 0, 0, 0.06%, 9, 0, 9, 263.51
1735011552, 35, 32, 79, 0, 0, 0.06%, 9, 0, 9, 262.42
1735011557, 35, 43, 79, 0, 0, 0.06%, 9, 0, 9, 274.54
1735011562, 35, 46, 79, 0, 0, 0.06%, 9, 0, 9, 265.17
1735011572, 35, 73, 79, 0, 0, 0.06%, 9, 0, 9, 280.44
1735011577, 36, 10, 79, 0, 0, 0.06%, 9, 0, 9, 271.78
1735011583, 36, 12, 79, 0, 0, 0.06%, 9, 0, 9, 265.55
1735011588, 36, 13, 79, 0, 0, 0.06%, 9, 0, 9, 269.59
1735011593, 36, 15, 79, 0, 0, 0.06%, 9, 0, 9, 270.53
1735011598, 36, 16, 79, 0, 0, 0.06%, 9, 0, 9, 255.07
1735011603, 36, 18, 79, 0, 0, 0.06%, 9, 0, 9, 263.32
1735011608, 36, 23, 79, 0, 0, 0.06%, 9, 0, 9, 259.15
1735011613, 37, 10, 79, 0, 0, 0.06%, 9, 0, 9, 250.88
1735011618, 37, 12, 79, 0, 0, 0.06%, 9, 0, 9, 248.21
1735011623, 37, 14, 79, 0, 0, 0.06%, 9, 0, 9, 250.98
1735011628, 37, 16, 79, 0, 0, 0.06%, 9, 0, 9, 261.49
1735011633, 37, 18, 79, 0, 0, 0.06%, 9, 0, 9, 266.94
1735011643, 37, 23, 79, 0, 0, 0.06%, 9, 0, 9, 271.24
1735011648, 37, 26, 79, 0, 0, 0.06%, 9, 0, 9, 250.75
1735011653, 37, 39, 79, 0, 0, 0.06%, 9, 0, 9, 275.10
1735011658, 37, 40, 79, 0, 0, 0.06%, 9, 0, 9, 259.27
1735011663, 37, 47, 79, 0, 0, 0.06%, 9, 0, 9, 283.21
1735011668, 37, 58, 79, 0, 0, 0.06%, 9, 0, 9, 290.44
1735011673, 37, 64, 79, 0, 0, 0.06%, 9, 0, 9, 268.21
1735011684, 38, 11, 79, 0, 0, 0.06%, 9, 0, 9, 260.81
1735011689, 38, 13, 79, 0, 0, 0.06%, 9, 0, 9, 266.78
1735011694, 38, 15, 79, 0, 0, 0.06%, 9, 0, 9, 268.68
1735011699, 38, 16, 79, 0, 0, 0.06%, 9, 0, 9, 257.15
1735011704, 38, 18, 79, 0, 0, 0.06%, 9, 0, 9, 250.08
1735011709, 38, 23, 79, 0, 0, 0.06%, 9, 0, 9, 265.17
1735011714, 38, 28, 79, 0, 0, 0.06%, 9, 0, 9, 276.76
1735011719, 38, 32, 79, 0, 0, 0.06%, 9, 0, 9, 254.51
1735011724, 38, 39, 79, 0, 0, 0.06%, 9, 0, 9, 284.30
1735011729, 38, 52, 79, 0, 0, 0.06%, 9, 0, 9, 282.39
1735011734, 38, 67, 79, 0, 0, 0.06%, 9, 0, 9, 280.56
1735011744, 39, 10, 79, 0, 0, 0.06%, 9, 0, 9, 264.31
1735011749, 39, 12, 79, 0, 0, 0.06%, 9, 0, 9, 262.33
1735011754, 39, 14, 79, 0, 0, 0.06%, 9, 0, 9, 260.89
1735011760, 39, 15, 79, 0, 0, 0.06%, 9, 0, 9, 256.32
1735011765, 39, 16, 79, 0, 0, 0.06%, 9, 0, 9, 246.21
1735011770, 39, 18, 79, 0, 0, 0.06%, 9, 0, 9, 247.51
1735011775, 39, 23, 79, 0, 0, 0.06%, 9, 0, 9, 272.14
1735011780, 39, 38, 79, 0, 0, 0.06%, 9, 0, 9, 262.16
1735011785, 39, 72, 79, 0, 0, 0.06%, 9, 0, 9, 274.63
1735011790, 40, 10, 79, 0, 0, 0.06%, 9, 0, 9, 269.96
1735011795, 40, 11, 79, 0, 0, 0.06%, 9, 0, 9, 271.73
1735011800, 40, 13, 79, 0, 0, 0.06%, 9, 0, 9, 268.04
1735011805, 40, 15, 79, 0, 0, 0.06%, 9, 0, 9, 258.84
1735011810, 40, 16, 79, 0, 0, 0.06%, 9, 0, 9, 253.29
1735011815, 40, 18, 79, 0, 0, 0.06%, 9, 0, 9, 240.28
1735011820, 40, 22, 79, 0, 0, 0.06%, 9, 0, 9, 267.26
1735011825, 40, 23, 79, 0, 0, 0.06%, 9, 0, 9, 274.16
1735011831, 41, 11, 79, 0, 0, 0.06%, 9, 0, 9, 265.83
1735011836, 41, 12, 79, 0, 0, 0.06%, 9, 0, 9, 257.28
1735011841, 41, 14, 79, 0, 0, 0.06%, 9, 0, 9, 252.19
1735011846, 41, 16, 79, 0, 0, 0.06%, 9, 0, 9, 257.90
1735011851, 41, 18, 79, 0, 0, 0.06%, 9, 0, 9, 252.59
1735011856, 41, 23, 79, 0, 0, 0.06%, 9, 0, 9, 263.24
1735011866, 41, 30, 79, 0, 0, 0.06%, 9, 0, 9, 267.34
1735011871, 41, 56, 79, 0, 0, 0.06%, 9, 0, 9, 267.21
1735011882, 42, 11, 79, 0, 0, 0.06%, 9, 0, 9, 265.42
1735011887, 42, 13, 79, 0, 0, 0.06%, 9, 0, 9, 253.67
1735011892, 42, 15, 79, 0, 0, 0.06%, 9, 0, 9, 258.81
1735011897, 42, 16, 79, 0, 0, 0.06%, 9, 0, 9, 256.00
1735011902, 42, 18, 79, 0, 0, 0.06%, 9, 0, 9, 242.15
1735011907, 42, 23, 79, 0, 0, 0.06%, 9, 0, 9, 255.82
1735011912, 42, 28, 79, 0, 0, 0.06%, 9, 0, 9, 282.02
1735011917, 42, 67, 79, 0, 0, 0.06%, 9, 0, 9, 296.26
1735011922, 43, 10, 79, 0, 0, 0.06%, 9, 0, 9, 270.56
1735011927, 43, 12, 79, 0, 0, 0.06%, 9, 0, 9, 275.29
1735011932, 43, 14, 79, 0, 0, 0.06%, 9, 0, 9, 259.35
1735011937, 43, 16, 79, 0, 0, 0.06%, 9, 0, 9, 258.65
1735011942, 43, 18, 79, 0, 0, 0.06%, 9, 0, 9, 260.03
1735011947, 43, 23, 79, 0, 0, 0.06%, 9, 0, 9, 278.14
1735011952, 43, 64, 79, 0, 0, 0.06%, 9, 0, 9, 273.97
1735011957, 43, 66, 79, 0, 0, 0.06%, 9, 0, 9, 272.64
1735011967, 44, 11, 79, 0, 0, 0.06%, 9, 0, 9, 262.80
1735011972, 44, 13, 79, 0, 0, 0.06%, 9, 0, 9, 258.51
1735011977, 44, 15, 79, 0, 0, 0.06%, 9, 0, 9, 259.37
1735011983, 44, 16, 79, 0, 0, 0.06%, 9, 0, 9, 267.06
1735011988, 44, 18, 79, 0, 0, 0.06%, 9, 0, 9, 266.55
1735011993, 44, 23, 79, 0, 0, 0.06%, 9, 0, 9, 257.15
1735011998, 44, 31, 79, 0, 0, 0.06%, 9, 0, 9, 268.71
1735012008, 44, 62, 79, 0, 0, 0.06%, 9, 0, 9, 260.64
1735012013, 44, 72, 79, 0, 0, 0.06%, 9, 0, 9, 271.05
1735012018, 45, 10, 79, 0, 0, 0.06%, 9, 0, 9, 259.36
1735012023, 45, 11, 79, 0, 0, 0.06%, 9, 0, 9, 260.53
1735012028, 45, 13, 79, 0, 0, 0.06%, 9, 0, 9, 257.95
1735012033, 45, 15, 79, 0, 0, 0.06%, 9, 0, 9, 255.36
1735012038, 45, 16, 79, 0, 0, 0.06%, 9, 0, 9, 264.28
1735012044, 45, 18, 79, 0, 0, 0.06%, 9, 0, 9, 257.67
1735012049, 45, 23, 79, 0, 0, 0.06%, 9, 0, 9, 252.14
1735012054, 45, 68, 79, 0, 0, 0.06%, 9, 0, 9, 293.51
1735012059, 46, 10, 79, 0, 0, 0.06%, 9, 0, 9, 254.54
1735012064, 46, 12, 79, 0, 0, 0.06%, 9, 0, 9, 254.60
1735012069, 46, 14, 79, 0, 0, 0.06%, 9, 0, 9, 262.43
1735012074, 46, 16, 79, 0, 0, 0.06%, 9, 0, 9, 248.57
1735012079, 46, 18, 79, 0, 0, 0.06%, 9, 0, 9, 265.18
1735012085, 46, 23, 79, 0, 0, 0.06%, 9, 0, 9, 260.83
1735012090, 46, 27, 79, 0, 0, 0.06%, 9, 0, 9, 257.20
1735012095, 46, 68, 79, 0, 0, 0.06%, 9, 0, 9, 266.17
1735012100, 47, 10, 79, 0, 0, 0.06%, 9, 0, 9, 279.60
1735012105, 47, 11, 79, 0, 0, 0.06%, 9, 0, 9, 263.81
1735012110, 47, 13, 79, 0, 0, 0.06%, 9, 0, 9, 252.78
1735012115, 47, 15, 79, 0, 0, 0.06%, 9, 0, 9, 251.07
1735012120, 47, 16, 79, 0, 0, 0.06%, 9, 0, 9, 251.00
1735012125, 47, 18, 79, 0, 0, 0.06%, 9, 0, 9, 249.06
1735012130, 47, 23, 79, 0, 0, 0.06%, 9, 0, 9, 265.34
1735012135, 47, 33, 79, 0, 0, 0.06%, 9, 0, 9, 262.72
1735012141, 47, 71, 79, 0, 0, 0.06%, 9, 0, 9, 284.86
1735012146, 48, 10, 79, 0, 0, 0.06%, 9, 0, 9, 263.28
1735012151, 48, 12, 79, 0, 0, 0.06%, 9, 0, 9, 259.04
1735012156, 48, 14, 79, 0, 0, 0.06%, 9, 0, 9, 266.08
1735012161, 48, 16, 79, 0, 0, 0.06%, 9, 0, 9, 261.36
1735012166, 48, 18, 79, 0, 0, 0.06%, 9, 0, 9, 260.99
1735012171, 48, 23, 79, 0, 0, 0.06%, 9, 0, 9, 269.91
1735012176, 48, 30, 79, 0, 0, 0.06%, 9, 0, 9, 256.58
1735012186, 48, 31, 79, 0, 0, 0.06%, 9, 0, 9, 270.86
1735012191, 48, 65, 79, 0, 0, 0.06%, 9, 0, 9, 285.63
1735012197, 48, 75, 79, 0, 0, 0.06%, 9, 0, 9, 297.84
1735012207, 49, 11, 79, 0, 0, 0.06%, 9, 0, 9, 275.03
1735012212, 49, 13, 79, 0, 0, 0.06%, 9, 0, 9, 265.84
1735012217, 49, 14, 79, 0, 0, 0.06%, 9, 0, 9, 266.03
1735012222, 49, 16, 79, 0, 0, 0.06%, 9, 0, 9, 247.62
1735012227, 49, 18, 79, 0, 0, 0.06%, 9, 0, 9, 251.72
1735012232, 49, 23, 79, 0, 0, 0.06%, 9, 0, 9, 259.17
1735012237, 49, 36, 79, 0, 0, 0.06%, 9, 0, 9, 274.08
1735012247, 49, 71, 79, 0, 0, 0.06%, 9, 0, 9, 267.31
1735012252, 50, 10, 79, 0, 0, 0.06%, 9, 0, 9, 271.79
1735012257, 50, 11, 79, 0, 0, 0.06%, 9, 0, 9, 253.60
1735012262, 50, 13, 79, 0, 0, 0.06%, 9, 0, 9, 253.22
1735012268, 50, 15, 79, 0, 0, 0.06%, 9, 0, 9, 259.59
1735012273, 50, 16, 79, 0, 0, 0.06%, 9, 0, 9, 268.74
1735012278, 50, 18, 79, 0, 0, 0.06%, 9, 0, 9, 270.19
1735012283, 50, 23, 79, 0, 0, 0.06%, 9, 0, 9, 275.34
1735012288, 50, 34, 79, 0, 0, 0.06%, 9, 0, 9, 258.96
1735012293, 50, 47, 79, 0, 0, 0.06%, 9, 0, 9, 263.96
1735012298, 50, 60, 79, 0, 0, 0.06%, 9, 0, 9, 288.04
1735012303, 50, 63, 79, 0, 0, 0.06%, 9, 0, 9, 295.52
1735012308, 51, 11, 79, 0, 0, 0.06%, 9, 0, 9, 260.20
1735012313, 51, 12, 79, 0, 0, 0.06%, 9, 0, 9, 271.36
1735012318, 51, 14, 79, 0, 0, 0.06%, 9, 0, 9, 259.04
1735012323, 51, 16, 79, 0, 0, 0.06%, 9, 0, 9, 249.05
1735012328, 51, 18, 79, 0, 0, 0.06%, 9, 0, 9, 246.25
1735012334, 51, 23, 79, 0, 0, 0.06%, 9, 0, 9, 255.46
1735012339, 51, 30, 79, 0, 0, 0.06%, 9, 0, 9, 262.14
1735012344, 51, 41, 79, 0, 0, 0.06%, 9, 0, 9, 284.89
1735012349, 51, 63, 79, 0, 0, 0.06%, 9, 0, 9, 280.79
1735012354, 52, 4, 79, 0, 0, 0.06%, 9, 0, 9, 249.39
1735012359, 52, 11, 79, 0, 0, 0.06%, 9, 0, 9, 255.86
1735012364, 52, 13, 79, 0, 0, 0.06%, 9, 0, 9, 253.85
1735012369, 52, 14, 79, 0, 0, 0.06%, 9, 0, 9, 262.22
1735012374, 52, 16, 79, 0, 0, 0.06%, 9, 0, 9, 253.29
1735012379, 52, 18, 79, 0, 0, 0.06%, 9, 0, 9, 258.97
1735012384, 52, 23, 79, 0, 0, 0.06%, 9, 0, 9, 266.15
1735012389, 52, 34, 79, 0, 0, 0.06%, 9, 0, 9, 255.59
1735012394, 53, 1, 79, 0, 0, 0.06%, 9, 0, 9, 266.67
1735012399, 53, 11, 79, 0, 0, 0.06%, 9, 0, 9, 250.82
1735012404, 53, 13, 79, 0, 0, 0.06%, 9, 0, 9, 250.49
1735012409, 53, 15, 79, 0, 0, 0.06%, 9, 0, 9, 255.05
1735012414, 53, 16, 79, 0, 0, 0.06%, 9, 0, 9, 255.92
1735012419, 53, 18, 79, 0, 0, 0.06%, 9, 0, 9, 257.37
1735012424, 53, 23, 79, 0, 0, 0.06%, 9, 0, 9, 266.81
1735012429, 53, 46, 79, 0, 0, 0.06%, 9, 0, 9, 264.56
1735012435, 53, 60, 79, 0, 0, 0.06%, 9, 0, 9, 287.87
1735012440, 54, 10, 79, 0, 0, 0.06%, 9, 0, 9, 265.94
1735012445, 54, 12, 79, 0, 0, 0.06%, 9, 0, 9, 265.29
1735012450, 54, 14, 79, 0, 0, 0.06%, 9, 0, 9, 254.62
1735012455, 54, 16, 79, 0, 0, 0.06%, 9, 0, 9, 259.32
1735012460, 54, 18, 79, 0, 0, 0.06%, 9, 0, 9, 254.68
1735012465, 54, 23, 79, 0, 0, 0.06%, 9, 0, 9, 253.51
1735012470, 54, 27, 79, 0, 0, 0.06%, 9, 0, 9, 266.84
1735012475, 54, 29, 79, 0, 0, 0.06%, 9, 0, 9, 260.08
1735012485, 54, 35, 79, 0, 0, 0.06%, 9, 0, 9, 262.32
1735012490, 54, 36, 79, 0, 0, 0.06%, 9, 0, 9, 287.30
1735012496, 54, 48, 79, 0, 0, 0.06%, 9, 0, 9, 270.40
1735012506, 54, 61, 79, 0, 0, 0.06%, 9, 0, 9, 282.12
1735012511, 55, 11, 79, 0, 0, 0.06%, 9, 0, 9, 264.44
1735012516, 55, 13, 79, 0, 0, 0.06%, 9, 0, 9, 255.06
1735012521, 55, 15, 79, 0, 0, 0.06%, 9, 0, 9, 262.67
1735012526, 55, 16, 79, 0, 0, 0.06%, 9, 0, 9, 257.72
1735012531, 55, 18, 79, 0, 0, 0.06%, 9, 0, 9, 245.28
1735012536, 55, 23, 79, 0, 0, 0.06%, 9, 0, 9, 250.49
1735012541, 55, 36, 79, 0, 0, 0.06%, 9, 0, 9, 250.41
1735012546, 55, 64, 79, 0, 0, 0.06%, 9, 0, 9, 262.37
1735012557, 56, 10, 79, 0, 0, 0.06%, 9, 0, 9, 262.06
1735012562, 56, 12, 79, 0, 0, 0.06%, 9, 0, 9, 259.43
1735012567, 56, 14, 79, 0, 0, 0.06%, 9, 0, 9, 254.71
1735012572, 56, 16, 79, 0, 0, 0.06%, 9, 0, 9, 259.28
1735012577, 56, 18, 79, 0, 0, 0.06%, 9, 0, 9, 263.57
1735012582, 56, 23, 79, 0, 0, 0.06%, 9, 0, 9, 263.14
1735012592, 56, 57, 79, 0, 0, 0.06%, 9, 0, 9, 268.29
1735012602, 56, 64, 79, 0, 0, 0.06%, 9, 0, 9, 264.95
1735012607, 57, 11, 79, 0, 0, 0.06%, 9, 0, 9, 261.21
1735012612, 57, 13, 79, 0, 0, 0.06%, 9, 0, 9, 256.43
1735012618, 57, 15, 79, 0, 0, 0.06%, 9, 0, 9, 259.95
1735012623, 57, 16, 79, 0, 0, 0.06%, 9, 0, 9, 261.01
1735012628, 57, 18, 79, 0, 0, 0.06%, 9, 0, 9, 246.30
1735012633, 57, 23, 79, 0, 0, 0.06%, 9, 0, 9, 248.41
1735012638, 57, 42, 79, 0, 0, 0.06%, 9, 0, 9, 266.97
1735012643, 57, 64, 79, 0, 0, 0.06%, 9, 0, 9, 270.18
1735012648, 57, 77, 79, 0, 0, 0.06%, 9, 0, 9, 309.64
1735012658, 58, 11, 79, 0, 0, 0.06%, 9, 0, 9, 253.27
1735012663, 58, 13, 79, 0, 0, 0.06%, 9, 0, 9, 260.99
1735012668, 58, 15, 79, 0, 0, 0.06%, 9, 0, 9, 261.62
1735012673, 58, 16, 79, 0, 0, 0.06%, 9, 0, 9, 245.82
1735012678, 58, 18, 79, 0, 0, 0.06%, 9, 0, 9, 253.10
1735012684, 58, 23, 79, 0, 0, 0.06%, 9, 0, 9, 245.50
1735012689, 58, 44, 79, 0, 0, 0.06%, 9, 0, 9, 280.86
1735012694, 58, 51, 79, 0, 0, 0.06%, 9, 0, 9, 283.98
1735012699, 58, 53, 79, 0, 0, 0.06%, 9, 0, 9, 283.32
1735012704, 59, 9, 79, 0, 0, 0.06%, 9, 0, 9, 258.82
1735012709, 59, 11, 79, 0, 0, 0.06%, 9, 0, 9, 254.11
1735012714, 59, 13, 79, 0, 0, 0.06%, 9, 0, 9, 255.75
1735012719, 59, 15, 79, 0, 0, 0.06%, 9, 0, 9, 258.88
1735012724, 59, 16, 79, 0, 0, 0.06%, 9, 0, 9, 256.91
1735012729, 59, 18, 79, 0, 0, 0.06%, 9, 0, 9, 244.10
1735012734, 59, 23, 79, 0, 0, 0.06%, 9, 0, 9, 240.44
1735012739, 59, 55, 79, 0, 0, 0.06%, 9, 0, 9, 268.25
1735012750, 59, 56, 79, 0, 0, 0.06%, 9, 0, 9, 275.27
1735012755, 59, 63, 79, 0, 0, 0.06%, 9, 0, 9, 296.36
1735012760, 59, 78, 79, 0, 0, 0.06%, 9, 0, 9, 291.61
1735012770, 60, 11, 79, 0, 0, 0.06%, 9, 0, 9, 249.58
1735012775, 60, 13, 79, 0, 0, 0.06%, 9, 0, 9, 249.84
1735012780, 60, 14, 79, 0, 0, 0.06%, 9, 0, 9, 261.45
1735012785, 60, 16, 79, 0, 0, 0.06%, 9, 0, 9, 252.22
1735012790, 60, 18, 79, 0, 0, 0.06%, 9, 0, 9, 250.09
1735012795, 60, 23, 79, 0, 0, 0.06%, 9, 0, 9, 257.91
1735012800, 60, 39, 79, 0, 0, 0.06%, 9, 0, 9, 270.17
1735012805, 60, 63, 79, 0, 0, 0.06%, 9, 0, 9, 283.18
1735012810, 61, 9, 79, 0, 0, 0.06%, 9, 0, 9, 266.46
1735012815, 61, 11, 79, 0, 0, 0.06%, 9, 0, 9, 248.25
1735012820, 61, 13, 79, 0, 0, 0.06%, 9, 0, 9, 264.15
1735012825, 61, 15, 79, 0, 0, 0.06%, 9, 0, 9, 259.33
1735012830, 61, 18, 79, 0, 0, 0.06%, 9, 0, 9, 263.01
1735012840, 61, 23, 79, 0, 0, 0.06%, 9, 0, 9, 258.83
1735012846, 61, 48, 79, 0, 0, 0.06%, 9, 0, 9, 270.27
1735012851, 61, 51, 79, 0, 0, 0.06%, 9, 0, 9, 263.74
1735012856, 61, 57, 79, 0, 0, 0.06%, 9, 0, 9, 264.92
1735012861, 61, 60, 79, 0, 0, 0.06%, 9, 0, 9, 276.46
1735012866, 62, 10, 79, 0, 0, 0.06%, 9, 0, 9, 264.55
1735012871, 62, 12, 79, 0, 0, 0.06%, 9, 0, 9, 263.72
1735012876, 62, 14, 79, 0, 0, 0.06%, 9, 0, 9, 250.24
1735012881, 62, 16, 79, 0, 0, 0.06%, 9, 0, 9, 253.53
1735012886, 62, 18, 79, 0, 0, 0.06%, 9, 0, 9, 259.35
1735012891, 62, 23, 79, 0, 0, 0.06%, 9, 0, 9, 257.29
1735012896, 63, 10, 79, 0, 0, 0.06%, 9, 0, 9, 263.28
1735012902, 63, 12, 79, 0, 0, 0.06%, 9, 0, 9, 250.46
1735012907, 63, 13, 79, 0, 0, 0.06%, 9, 0, 9, 259.60
1735012912, 63, 15, 79, 0, 0, 0.06%, 9, 0, 9, 259.13
1735012917, 63, 16, 79, 0, 0, 0.06%, 9, 0, 9, 258.14
1735012922, 63, 18, 79, 0, 0, 0.06%, 9, 0, 9, 269.00
1735012927, 63, 23, 79, 0, 0, 0.06%, 9, 0, 9, 251.47
1735012932, 63, 43, 79, 0, 0, 0.06%, 9, 0, 9, 297.76
1735012937, 63, 46, 79, 0, 0, 0.06%, 9, 0, 9, 254.75
1735012942, 63, 52, 79, 0, 0, 0.06%, 9, 0, 9, 268.68
1735012947, 63, 74, 79, 0, 0, 0.06%, 9, 0, 9, 300.17
1735012957, 63, 75, 79, 0, 0, 0.06%, 9, 0, 9, 268.09
1735012962, 64, 10, 79, 0, 0, 0.06%, 9, 0, 9, 264.21
1735012968, 64, 12, 79, 0, 0, 0.06%, 9, 0, 9, 268.18
1735012973, 64, 13, 79, 0, 0, 0.06%, 9, 0, 9, 245.60
1735012978, 64, 15, 79, 0, 0, 0.06%, 9, 0, 9, 260.50
1735012983, 64, 16, 79, 0, 0, 0.06%, 9, 0, 9, 263.62
1735012988, 64, 18, 79, 0, 0, 0.06%, 9, 0, 9, 266.74
1735012993, 64, 23, 79, 0, 0, 0.06%, 9, 0, 9, 256.58
1735012998, 64, 24, 79, 0, 0, 0.06%, 9, 0, 9, 256.82
1735013003, 64, 46, 79, 0, 0, 0.06%, 9, 0, 9, 275.98
1735013008, 64, 70, 79, 0, 0, 0.06%, 9, 0, 9, 284.27
1735013013, 64, 72, 79, 0, 0, 0.06%, 9, 0, 9, 304.39
1735013018, 65, 4, 79, 0, 0, 0.06%, 9, 0, 9, 288.98
1735013023, 65, 11, 79, 0, 0, 0.06%, 9, 0, 9, 263.76
1735013028, 65, 13, 79, 0, 0, 0.06%, 9, 0, 9, 256.69
1735013033, 65, 15, 79, 0, 0, 0.06%, 9, 0, 9, 257.31
1735013039, 65, 16, 79, 0, 0, 0.06%, 9, 0, 9, 246.22
1735013044, 65, 18, 79, 0, 0, 0.06%, 9, 0, 9, 250.53
1735013049, 65, 23, 79, 0, 0, 0.06%, 9, 0, 9, 253.82
1735013054, 65, 61, 79, 0, 0, 0.06%, 9, 0, 9, 297.97
1735013059, 65, 78, 79, 0, 0, 0.06%, 9, 0, 9, 297.82
1735013069, 66, 11, 79, 0, 0, 0.06%, 9, 0, 9, 254.72
1735013074, 66, 13, 79, 0, 0, 0.06%, 9, 0, 9, 249.10
1735013079, 66, 15, 79, 0, 0, 0.06%, 9, 0, 9, 258.61
1735013084, 66, 16, 79, 0, 0, 0.06%, 9, 0, 9, 251.50
1735013089, 66, 18, 79, 0, 0, 0.06%, 9, 0, 9, 250.72
1735013095, 66, 23, 79, 0, 0, 0.06%, 9, 0, 9, 251.98
1735013100, 66, 62, 79, 0, 0, 0.06%, 9, 0, 9, 279.02
1735013105, 67, 10, 79, 0, 0, 0.06%, 9, 0, 9, 265.97
1735013110, 67, 12, 79, 0, 0, 0.06%, 9, 0, 9, 254.27
1735013115, 67, 14, 79, 0, 0, 0.06%, 9, 0, 9, 261.03
1735013120, 67, 16, 79, 0, 0, 0.06%, 9, 0, 9, 261.49
1735013130, 67, 18, 79, 0, 0, 0.06%, 9, 0, 9, 262.84
1735013135, 67, 23, 79, 0, 0, 0.06%, 9, 0, 9, 249.15
1735013140, 67, 50, 79, 0, 0, 0.06%, 9, 0, 9, 310.85
1735013150, 67, 76, 79, 0, 0, 0.06%, 9, 0, 9, 292.39
1735013155, 67, 78, 79, 0, 0, 0.06%, 9, 0, 9, 283.78
1735013166, 68, 10, 79, 0, 0, 0.06%, 9, 0, 9, 261.51
1735013171, 68, 12, 79, 0, 0, 0.06%, 9, 0, 9, 251.63
1735013176, 68, 14, 79, 0, 0, 0.06%, 9, 0, 9, 257.68
1735013181, 68, 16, 79, 0, 0, 0.06%, 9, 0, 9, 260.54
1735013186, 68, 18, 79, 0, 0, 0.06%, 9, 0, 9, 263.90
1735013196, 68, 23, 79, 0, 0, 0.06%, 9, 0, 9, 283.13
1735013201, 68, 27, 79, 0, 0, 0.06%, 9, 0, 9, 265.47
1735013207, 68, 44, 79, 0, 0, 0.06%, 9, 0, 9, 267.41
1735013212, 68, 49, 79, 0, 0, 0.06%, 9, 0, 9, 273.91
1735013217, 68, 57, 79, 0, 0, 0.06%, 9, 0, 9, 273.97
1735013222, 68, 62, 79, 0, 0, 0.06%, 9, 0, 9, 276.98
1735013227, 68, 65, 79, 0, 0, 0.06%, 9, 0, 9, 282.02
1735013232, 68, 72, 79, 0, 0, 0.06%, 9, 0, 9, 282.38
1735013237, 69, 11, 79, 0, 0, 0.06%, 9, 0, 9, 259.57
1735013242, 69, 12, 79, 0, 0, 0.06%, 9, 0, 9, 259.78
1735013247, 69, 14, 79, 0, 0, 0.06%, 9, 0, 9, 260.18
1735013252, 69, 16, 79, 0, 0, 0.06%, 9, 0, 9, 253.36
1735013257, 69, 18, 79, 0, 0, 0.06%, 9, 0, 9, 255.17
1735013262, 69, 23, 79, 0, 0, 0.06%, 9, 0, 9, 251.78
1735013267, 69, 38, 79, 0, 0, 0.06%, 9, 0, 9, 262.88
1735013272, 69, 40, 79, 0, 0, 0.06%, 9, 0, 9, 270.68
1735013277, 70, 5, 79, 0, 0, 0.06%, 9, 0, 9, 262.93
1735013282, 70, 11, 79, 0, 0, 0.06%, 9, 0, 9, 254.23
1735013287, 70, 13, 79, 0, 0, 0.06%, 9, 0, 9, 261.53
1735013292, 70, 15, 79, 0, 0, 0.06%, 9, 0, 9, 256.32
1735013297, 70, 16, 79, 0, 0, 0.06%, 9, 0, 9, 249.41
1735013303, 70, 18, 79, 0, 0, 0.06%, 9, 0, 9, 255.78
1735013308, 70, 23, 79, 0, 0, 0.06%, 9, 0, 9, 254.86
1735013313, 70, 25, 79, 0, 0, 0.06%, 9, 0, 9, 278.78
1735013318, 70, 64, 79, 0, 0, 0.06%, 9, 0, 9, 272.85
1735013323, 70, 77, 79, 0, 0, 0.06%, 9, 0, 9, 283.56
1735013333, 71, 10, 79, 0, 0, 0.06%, 9, 0, 9, 265.21
1735013338, 71, 12, 79, 0, 0, 0.06%, 9, 0, 9, 251.32
1735013343, 71, 14, 79, 0, 0, 0.06%, 9, 0, 9, 256.71
1735013348, 71, 16, 79, 0, 0, 0.06%, 9, 0, 9, 263.63
1735013353, 71, 18, 79, 0, 0, 0.06%, 9, 0, 9, 259.79
1735013358, 71, 21, 79, 0, 0, 0.06%, 9, 0, 9, 270.80
1735013363, 71, 23, 79, 0, 0, 0.06%, 9, 0, 9, 275.39
1735013368, 71, 69, 79, 0, 0, 0.06%, 9, 0, 9, 276.37
1735013389, 72, 11, 79, 0, 0, 0.06%, 9, 0, 9, 259.16
1735013394, 72, 13, 79, 0, 0, 0.06%, 9, 0, 9, 257.58
1735013399, 72, 15, 79, 0, 0, 0.06%, 9, 0, 9, 259.70
1735013404, 72, 16, 79, 0, 0, 0.06%, 9, 0, 9, 246.58
1735013409, 72, 18, 79, 0, 0, 0.06%, 9, 0, 9, 246.99
1735013414, 72, 23, 79, 0, 0, 0.06%, 9, 0, 9, 254.06
1735013419, 72, 47, 79, 0, 0, 0.06%, 9, 0, 9, 279.66
1735013424, 72, 57, 79, 0, 0, 0.06%, 9, 0, 9, 294.35
1735013429, 72, 68, 79, 0, 0, 0.06%, 9, 0, 9, 292.68
1735013435, 72, 72, 79, 0, 0, 0.06%, 9, 0, 9, 295.77
1735013440, 73, 10, 79, 0, 0, 0.06%, 9, 0, 9, 271.78
1735013445, 73, 12, 79, 0, 0, 0.06%, 9, 0, 9, 259.29
1735013450, 73, 14, 79, 0, 0, 0.06%, 9, 0, 9, 255.34
1735013455, 73, 16, 79, 0, 0, 0.06%, 9, 0, 9, 254.09
1735013460, 73, 18, 79, 0, 0, 0.06%, 9, 0, 9, 250.42
1735013465, 73, 23, 79, 0, 0, 0.06%, 9, 0, 9, 268.25
1735013470, 73, 39, 79, 0, 0, 0.06%, 9, 0, 9, 267.47
1735013475, 73, 52, 79, 0, 0, 0.06%, 9, 0, 9, 271.44
1735013480, 73, 72, 79, 0, 0, 0.06%, 9, 0, 9, 273.42
1735013486, 74, 10, 79, 0, 0, 0.06%, 9, 0, 9, 271.18
1735013491, 74, 11, 79, 0, 0, 0.06%, 9, 0, 9, 254.62
1735013496, 74, 13, 79, 0, 0, 0.06%, 9, 0, 9, 264.58
1735013501, 74, 15, 79, 0, 0, 0.06%, 9, 0, 9, 269.39
1735013506, 74, 16, 79, 0, 0, 0.06%, 9, 0, 9, 252.66
1735013511, 74, 23, 79, 0, 0, 0.06%, 9, 0, 9, 260.91
1735013516, 74, 41, 79, 0, 0, 0.06%, 9, 0, 9, 279.35
1735013521, 75, 10, 79, 0, 0, 0.06%, 9, 0, 9, 282.60
1735013526, 75, 11, 79, 0, 0, 0.06%, 9, 0, 9, 259.43
1735013531, 75, 13, 79, 0, 0, 0.06%, 9, 0, 9, 257.91
1735013536, 75, 15, 79, 0, 0, 0.06%, 9, 0, 9, 248.37
1735013541, 75, 16, 79, 0, 0, 0.06%, 9, 0, 9, 259.61
1735013546, 75, 18, 79, 0, 0, 0.06%, 9, 0, 9, 258.90
1735013551, 75, 23, 79, 0, 0, 0.06%, 9, 0, 9, 271.15
1735013556, 75, 25, 79, 0, 0, 0.06%, 9, 0, 9, 278.19
1735013561, 75, 47, 79, 0, 0, 0.06%, 9, 0, 9, 290.48
1735013566, 75, 48, 79, 0, 0, 0.06%, 9, 0, 9, 276.32
1735013572, 75, 56, 79, 0, 0, 0.06%, 9, 0, 9, 279.08
1735013577, 75, 61, 79, 0, 0, 0.06%, 9, 0, 9, 285.85
1735013582, 76, 10, 79, 0, 0, 0.06%, 9, 0, 9, 267.09
1735013587, 76, 12, 79, 0, 0, 0.06%, 9, 0, 9, 253.51
1735013592, 76, 14, 79, 0, 0, 0.06%, 9, 0, 9, 249.04
1735013597, 76, 16, 79, 0, 0, 0.06%, 9, 0, 9, 259.71
1735013602, 76, 18, 79, 0, 0, 0.06%, 9, 0, 9, 263.75
1735013607, 76, 23, 79, 0, 0, 0.06%, 9, 0, 9, 249.17
1735013617, 76, 51, 79, 0, 0, 0.06%, 9, 0, 9, 273.67
1735013622, 76, 54, 79, 0, 0, 0.06%, 9, 0, 9, 270.26
1735013627, 76, 64, 79, 0, 0, 0.06%, 9, 0, 9, 253.04
1735013632, 77, 11, 79, 0, 0, 0.06%, 9, 0, 9, 252.83
1735013637, 77, 13, 79, 0, 0, 0.06%, 9, 0, 9, 260.19
1735013642, 77, 14, 79, 0, 0, 0.06%, 9, 0, 9, 270.77
1735013647, 77, 16, 79, 0, 0, 0.06%, 9, 0, 9, 246.41
1735013653, 77, 18, 79, 0, 0, 0.06%, 9, 0, 9, 247.48
1735013658, 77, 23, 79, 0, 0, 0.06%, 9, 0, 9, 245.91
1735013663, 77, 24, 79, 0, 0, 0.06%, 9, 0, 9, 261.34
1735013673, 77, 49, 79, 0, 0, 0.06%, 9, 0, 9, 267.58
1735013678, 77, 55, 79, 0, 0, 0.06%, 9, 0, 9, 254.47
1735013683, 78, 10, 79, 0, 0, 0.06%, 9, 0, 9, 248.50
1735013688, 78, 12, 79, 0, 0, 0.06%, 9, 0, 9, 253.65
1735013693, 78, 14, 79, 0, 0, 0.06%, 9, 0, 9, 243.44
1735013698, 78, 16, 79, 0, 0, 0.06%, 9, 0, 9, 253.48
1735013703, 78, 18, 79, 0, 0, 0.06%, 9, 0, 9, 256.88
1735013708, 78, 23, 79, 0, 0, 0.06%, 9, 0, 9, 272.68
1735013719, 78, 26, 79, 0, 0, 0.06%, 9, 0, 9, 268.56
1735013724, 78, 28, 79, 0, 0, 0.06%, 9, 0, 9, 275.40
1735013729, 79, 11, 79, 0, 0, 0.06%, 9, 0, 9, 238.38
1735013734, 79, 13, 79, 0, 0, 0.06%, 9, 0, 9, 259.72
1735013739, 79, 15, 79, 0, 0, 0.06%, 9, 0, 9, 257.84
1735013744, 79, 16, 79, 0, 0, 0.06%, 9, 0, 9, 250.60
1735013749, 79, 18, 79, 0, 0, 0.06%, 9, 0, 9, 250.07
1735013754, 79, 22, 79, 0, 0, 0.06%, 9, 0, 9, 269.13
1735013759, 79, 23, 79, 0, 0, 0.06%, 9, 0, 9, 242.68
1735013764, 79, 36, 79, 0, 0, 0.06%, 9, 0, 9, 268.73
1735013770, 79, 66, 79, 0, 0, 0.06%, 9, 0, 9, 311.34
1735013775, 80, 7, 79, 0, 0, 0.06%, 9, 0, 9, 281.36
1735013780, 80, 11, 79, 0, 0, 0.06%, 9, 0, 9, 251.05
1735013785, 80, 13, 79, 0, 0, 0.06%, 9, 0, 9, 249.90
1735013790, 80, 15, 79, 0, 0, 0.06%, 9, 0, 9, 243.06
1735013795, 80, 16, 79, 0, 0, 0.06%, 9, 0, 9, 248.87
1735013800, 80, 18, 79, 0, 0, 0.06%, 9, 0, 9, 251.46
1735013805, 80, 23, 79, 0, 0, 0.06%, 9, 0, 9, 258.18
1735013810, 80, 75, 79, 0, 0, 0.06%, 9, 0, 9, 276.60
1735013820, 81, 11, 79, 0, 0, 0.06%, 9, 0, 9, 254.42
1735013825, 81, 13, 79, 0, 0, 0.06%, 9, 0, 9, 255.31
1735013830, 81, 14, 79, 0, 0, 0.06%, 9, 0, 9, 259.23
1735013836, 81, 16, 79, 0, 0, 0.06%, 9, 0, 9, 259.13
1735013841, 81, 18, 79, 0, 0, 0.06%, 9, 0, 9, 242.48
1735013846, 81, 23, 79, 0, 0, 0.06%, 9, 0, 9, 254.92
1735013851, 81, 39, 79, 0, 0, 0.06%, 9, 0, 9, 273.05
1735013856, 81, 45, 79, 0, 0, 0.06%, 9, 0, 9, 305.94
1735013866, 81, 46, 79, 0, 0, 0.06%, 9, 0, 9, 266.91
1735013871, 81, 51, 79, 0, 0, 0.06%, 9, 0, 9, 275.26
1735013876, 81, 64, 79, 0, 0, 0.06%, 9, 0, 9, 272.29
1735013881, 82, 8, 79, 0, 0, 0.06%, 9, 0, 9, 269.52
1735013886, 82, 11, 79, 0, 0, 0.06%, 9, 0, 9, 250.25
1735013892, 82, 13, 79, 0, 0, 0.06%, 9, 0, 9, 255.49
1735013897, 82, 15, 79, 0, 0, 0.06%, 9, 0, 9, 257.01
1735013902, 82, 16, 79, 0, 0, 0.06%, 9, 0, 9, 245.57
1735013907, 82, 17, 79, 0, 0, 0.06%, 9, 0, 9, 247.20
1735013917, 82, 18, 79, 0, 0, 0.06%, 9, 0, 9, 240.75
1735013922, 82, 23, 79, 0, 0, 0.06%, 9, 0, 9, 251.25
1735013927, 82, 32, 79, 0, 0, 0.06%, 9, 0, 9, 248.39
1735013932, 82, 36, 79, 0, 0, 0.06%, 9, 0, 9, 283.37
1735013937, 82, 54, 79, 0, 0, 0.06%, 9, 0, 9, 281.50
1735013942, 83, 10, 79, 0, 0, 0.06%, 9, 0, 9, 262.86
1735013948, 83, 11, 79, 0, 0, 0.06%, 9, 0, 9, 275.60
1735013953, 83, 13, 79, 0, 0, 0.06%, 9, 0, 9, 257.96
1735013958, 83, 15, 79, 0, 0, 0.06%, 9, 0, 9, 251.37
1735013963, 83, 16, 79, 0, 0, 0.06%, 9, 0, 9, 256.61
1735013968, 83, 18, 79, 0, 0, 0.06%, 9, 0, 9, 250.60
1735013973, 83, 23, 79, 0, 0, 0.06%, 9, 0, 9, 265.32
1735013978, 83, 64, 79, 0, 0, 0.06%, 9, 0, 9, 285.59
1735013983, 84, 10, 79, 0, 0, 0.06%, 9, 0, 9, 266.39
1735013988, 84, 12, 79, 0, 0, 0.06%, 9, 0, 9, 252.13
1735013993, 84, 14, 79, 0, 0, 0.06%, 9, 0, 9, 249.53
1735013998, 84, 15, 79, 0, 0, 0.06%, 9, 0, 9, 259.55
1735014004, 84, 16, 79, 0, 0, 0.06%, 9, 0, 9, 248.03
1735014009, 84, 18, 79, 0, 0, 0.06%, 9, 0, 9, 267.53
1735014014, 84, 23, 79, 0, 0, 0.06%, 9, 0, 9, 270.30
1735014019, 84, 26, 79, 0, 0, 0.06%, 9, 0, 9, 257.53
1735014024, 84, 34, 79, 0, 0, 0.06%, 9, 0, 9, 264.21
1735014029, 84, 35, 79, 0, 0, 0.06%, 9, 0, 9, 257.37
1735014034, 84, 55, 79, 0, 0, 0.06%, 9, 0, 9, 261.87
1735014039, 85, 10, 79, 0, 0, 0.06%, 9, 0, 9, 258.58
1735014044, 85, 12, 79, 0, 0, 0.06%, 9, 0, 9, 267.06
1735014049, 85, 14, 79, 0, 0, 0.06%, 9, 0, 9, 265.66
1735014054, 85, 16, 79, 0, 0, 0.06%, 9, 0, 9, 251.88
1735014059, 85, 18, 79, 0, 0, 0.06%, 9, 0, 9, 248.05
1735014064, 85, 19, 79, 0, 0, 0.06%, 9, 0, 9, 261.66
1735014069, 85, 23, 79, 0, 0, 0.06%, 9, 0, 9, 267.08
1735014074, 85, 36, 79, 0, 0, 0.06%, 9, 0, 9, 280.68
1735014080, 85, 62, 79, 0, 0, 0.06%, 9, 0, 9, 288.36
1735014090, 86, 11, 79, 0, 0, 0.06%, 9, 0, 9, 262.33
1735014095, 86, 13, 79, 0, 0, 0.06%, 9, 0, 9, 264.80
1735014100, 86, 15, 79, 0, 0, 0.06%, 9, 0, 9, 257.99
1735014105, 86, 16, 79, 0, 0, 0.06%, 9, 0, 9, 247.77
1735014110, 86, 18, 79, 0, 0, 0.06%, 9, 0, 9, 256.28
1735014115, 86, 23, 79, 0, 0, 0.06%, 9, 0, 9, 259.84
1735014120, 86, 54, 79, 0, 0, 0.06%, 9, 0, 9, 271.86
1735014125, 86, 76, 79, 0, 0, 0.06%, 9, 0, 9, 281.15
1735014135, 87, 11, 79, 0, 0, 0.06%, 9, 0, 9, 258.42
1735014140, 87, 13, 79, 0, 0, 0.06%, 9, 0, 9, 268.06
1735014145, 87, 14, 79, 0, 0, 0.06%, 9, 0, 9, 265.39
1735014150, 87, 16, 79, 0, 0, 0.06%, 9, 0, 9, 255.09
1735014155, 87, 18, 79, 0, 0, 0.06%, 9, 0, 9, 263.43
1735014160, 87, 23, 79, 0, 0, 0.06%, 9, 0, 9, 264.22
1735014165, 87, 44, 79, 0, 0, 0.06%, 9, 0, 9, 272.07
1735014170, 87, 63, 79, 0, 0, 0.06%, 9, 0, 9, 283.61
1735014176, 88, 9, 79, 0, 0, 0.06%, 9, 0, 9, 267.15
1735014181, 88, 11, 79, 0, 0, 0.06%, 9, 0, 9, 259.11
1735014186, 88, 13, 79, 0, 0, 0.06%, 9, 0, 9, 259.30
1735014191, 88, 15, 79, 0, 0, 0.06%, 9, 0, 9, 253.76
1735014196, 88, 16, 79, 0, 0, 0.06%, 9, 0, 9, 246.07
1735014201, 88, 18, 79, 0, 0, 0.06%, 9, 0, 9, 243.19
1735014206, 88, 23, 79, 0, 0, 0.06%, 9, 0, 9, 269.18
1735014211, 88, 42, 79, 0, 0, 0.06%, 9, 0, 9, 279.10
1735014216, 88, 67, 79, 0, 0, 0.06%, 9, 0, 9, 281.42
1735014221, 89, 11, 79, 0, 0, 0.06%, 9, 0, 9, 263.40
1735014227, 89, 13, 79, 0, 0, 0.06%, 9, 0, 9, 250.87
1735014232, 89, 15, 79, 0, 0, 0.06%, 9, 0, 9, 263.61
1735014237, 89, 16, 79, 0, 0, 0.06%, 9, 0, 9, 247.32
1735014242, 89, 18, 79, 0, 0, 0.06%, 9, 0, 9, 262.50
1735014247, 89, 23, 79, 0, 0, 0.06%, 9, 0, 9, 245.03
1735014252, 89, 38, 79, 0, 0, 0.06%, 9, 0, 9, 250.06
1735014257, 89, 60, 79, 0, 0, 0.06%, 9, 0, 9, 283.35
