# unix_time, cycles_done, cur_path, paths_total, pending_total, pending_favs, map_size, unique_crashes, unique_hangs, max_depth, execs_per_sec
1734825533, 0, 0, 10, 10, 1, 0.00%, 0, 0, 1, 161.62
1734825538, 0, 2, 10, 10, 1, 0.00%, 0, 0, 1, 199.01
1734825543, 0, 3, 10, 9, 0, 0.00%, 0, 0, 1, 198.96
1734825549, 0, 4, 10, 8, 0, 0.00%, 0, 0, 1, 193.44
1734825559, 0, 5, 10, 7, 0, 0.00%, 0, 0, 1, 184.02
1734825569, 0, 6, 10, 6, 0, 0.00%, 0, 0, 1, 192.81
1734825574, 0, 7, 10, 5, 0, 0.00%, 0, 0, 1, 176.89
1734825585, 0, 8, 10, 4, 0, 0.00%, 0, 0, 1, 193.90
1734825590, 0, 9, 10, 3, 0, 0.00%, 0, 0, 1, 182.25
1734825600, 1, 0, 10, 2, 0, 0.00%, 0, 0, 1, 193.69
1734825610, 1, 1, 10, 1, 0, 0.00%, 0, 0, 1, 199.39
1734825620, 1, 3, 10, 0, 0, 0.00%, 0, 0, 1, 195.35
1734825626, 1, 4, 10, 0, 0, 0.00%, 0, 0, 1, 196.57
1734825631, 1, 5, 10, 0, 0, 0.00%, 0, 0, 1, 197.89
1734825636, 1, 7, 10, 0, 0, 0.00%, 0, 0, 1, 193.97
1734825641, 1, 8, 11, 1, 0, 0.05%, 1, 0, 2, 196.86
1734825646, 1, 10, 15, 5, 1, 0.06%, 5, 0, 3, 227.72
1734825687, 1, 11, 15, 4, 4, 0.06%, 5, 0, 3, 227.38
1734825718, 1, 12, 15, 3, 3, 0.06%, 5, 0, 3, 226.04
1734825743, 1, 13, 15, 2, 2, 0.06%, 5, 0, 3, 230.89
1734825769, 1, 14, 15, 1, 1, 0.06%, 5, 0, 3, 203.38
1734825789, 1, 14, 16, 2, 1, 0.06%, 5, 0, 4, 209.60
1734825794, 1, 14, 17, 3, 1, 0.06%, 6, 0, 4, 214.66
1734825809, 1, 14, 18, 4, 1, 0.06%, 6, 0, 4, 211.75
1734825814, 1, 14, 19, 5, 1, 0.06%, 7, 0, 4, 210.94
1734825890, 1, 14, 20, 6, 1, 0.06%, 8, 0, 4, 211.07
1734825921, 1, 14, 21, 7, 1, 0.06%, 8, 0, 4, 208.83
1734825931, 1, 14, 23, 9, 1, 0.06%, 8, 0, 4, 207.84
1734825936, 1, 16, 25, 10, 3, 0.06%, 9, 0, 5, 252.66
1734825957, 1, 16, 26, 11, 3, 0.06%, 9, 0, 5, 230.41
1734825997, 1, 16, 28, 13, 3, 0.06%, 9, 0, 5, 220.53
1734826002, 1, 16, 29, 14, 3, 0.06%, 9, 0, 5, 209.68
1734826007, 1, 18, 29, 13, 3, 0.06%, 9, 0, 5, 210.28
1734826032, 1, 18, 30, 14, 3, 0.06%, 9, 0, 5, 207.63
1734826058, 1, 18, 31, 15, 3, 0.06%, 9, 0, 5, 209.38
1734826139, 1, 19, 31, 14, 2, 0.06%, 9, 0, 5, 244.25
1734826154, 1, 19, 32, 15, 2, 0.06%, 9, 0, 5, 215.49
1734826164, 1, 19, 33, 16, 2, 0.06%, 9, 0, 5, 215.85
1734826256, 1, 19, 34, 17, 2, 0.06%, 9, 0, 5, 218.22
1734826271, 1, 24, 34, 16, 1, 0.06%, 9, 0, 5, 274.96
1734826276, 1, 24, 35, 17, 1, 0.06%, 9, 0, 6, 257.02
1734826291, 1, 24, 36, 18, 1, 0.06%, 9, 0, 6, 236.04
1734826312, 1, 24, 38, 20, 1, 0.06%, 9, 0, 6, 238.24
1734826338, 1, 24, 39, 21, 1, 0.06%, 9, 0, 6, 241.23
1734826348, 1, 24, 40, 22, 1, 0.06%, 9, 0, 6, 234.25
1734826379, 1, 24, 42, 24, 1, 0.06%, 9, 0, 6, 250.65
1734826389, 1, 24, 43, 25, 1, 0.06%, 9, 0, 6, 223.18
1734826394, 1, 26, 43, 24, 0, 0.06%, 9, 0, 6, 255.46
1734826419, 1, 26, 44, 25, 0, 0.06%, 9, 0, 6, 225.99
1734826425, 1, 27, 44, 24, 0, 0.06%, 9, 0, 6, 254.31
1734826450, 1, 27, 45, 25, 0, 0.06%, 9, 0, 6, 244.58
1734826455, 1, 27, 46, 26, 0, 0.06%, 9, 0, 6, 241.07
1734826475, 1, 27, 47, 27, 0, 0.06%, 9, 0, 6, 243.35
1734826495, 1, 27, 49, 29, 0, 0.06%, 9, 0, 6, 240.99
1734826582, 1, 32, 49, 28, 0, 0.06%, 9, 0, 6, 245.58
1734826602, 1, 32, 50, 29, 0, 0.06%, 9, 0, 6, 230.75
1734826607, 1, 34, 50, 28, 0, 0.06%, 9, 0, 6, 226.28
1734826623, 1, 34, 51, 29, 0, 0.06%, 9, 0, 7, 222.77
1734826648, 1, 34, 52, 30, 0, 0.06%, 9, 0, 7, 227.22
1734826699, 1, 39, 52, 29, 0, 0.06%, 9, 0, 7, 341.38
1734826729, 1, 41, 52, 28, 0, 0.06%, 9, 0, 7, 301.35
1734826760, 1, 41, 53, 29, 0, 0.06%, 9, 0, 7, 252.70
1734826765, 1, 43, 53, 28, 0, 0.06%, 9, 0, 7, 322.92
1734826785, 1, 43, 54, 29, 0, 0.06%, 9, 0, 7, 258.54
1734826811, 1, 45, 54, 28, 0, 0.06%, 9, 0, 7, 354.30
1734826841, 1, 47, 55, 28, 0, 0.06%, 9, 0, 7, 349.15
1734826847, 1, 47, 57, 30, 0, 0.06%, 9, 0, 7, 454.22
1734826912, 1, 51, 57, 29, 0, 0.06%, 9, 0, 7, 309.55
1734826943, 2, 12, 57, 28, 0, 0.06%, 9, 0, 7, 238.39
1734826948, 2, 14, 57, 28, 0, 0.06%, 9, 0, 7, 240.90
1734826953, 2, 16, 57, 28, 0, 0.06%, 9, 0, 7, 249.09
1734826958, 2, 18, 57, 28, 0, 0.06%, 9, 0, 7, 254.04
1734826963, 2, 19, 57, 28, 0, 0.06%, 9, 0, 7, 244.19
1734826968, 2, 38, 58, 29, 0, 0.06%, 9, 0, 7, 329.05
1734827024, 2, 51, 58, 28, 0, 0.06%, 9, 0, 7, 263.74
1734827029, 3, 12, 58, 28, 0, 0.06%, 9, 0, 7, 246.15
1734827034, 3, 13, 58, 28, 0, 0.06%, 9, 0, 7, 252.89
1734827039, 3, 16, 58, 28, 0, 0.06%, 9, 0, 7, 247.21
1734827045, 3, 18, 58, 28, 0, 0.06%, 9, 0, 7, 249.03
1734827050, 3, 19, 58, 28, 0, 0.06%, 9, 0, 7, 248.67
1734827060, 3, 20, 58, 28, 0, 0.06%, 9, 0, 7, 400.89
1734827086, 3, 20, 59, 29, 0, 0.06%, 9, 0, 7, 264.62
1734827091, 3, 21, 59, 28, 0, 0.06%, 9, 0, 7, 294.11
1734827096, 3, 21, 60, 29, 0, 0.06%, 9, 0, 7, 405.96
1734827106, 3, 21, 61, 30, 0, 0.06%, 9, 0, 7, 273.84
1734827142, 3, 22, 61, 29, 0, 0.06%, 9, 0, 7, 289.47
1734827172, 3, 46, 61, 28, 0, 0.06%, 9, 0, 7, 401.31
1734827203, 3, 49, 61, 27, 0, 0.06%, 9, 0, 7, 260.50
1734827238, 3, 51, 61, 26, 0, 0.06%, 9, 0, 7, 251.29
1734827243, 3, 58, 61, 26, 0, 0.06%, 9, 0, 7, 265.19
1734827313, 3, 58, 63, 28, 0, 0.06%, 9, 0, 7, 453.18
1734827323, 3, 58, 64, 29, 0, 0.06%, 9, 0, 7, 452.93
1734827700, 3, 61, 64, 28, 0, 0.06%, 9, 0, 7, 338.02
1734827817, 3, 62, 64, 27, 0, 0.06%, 9, 0, 7, 336.56
1734827934, 4, 12, 64, 26, 0, 0.06%, 9, 0, 7, 239.45
1734827940, 4, 14, 64, 26, 0, 0.06%, 9, 0, 7, 251.89
1734827945, 4, 16, 64, 26, 0, 0.06%, 9, 0, 7, 251.80
1734827950, 4, 18, 64, 26, 0, 0.06%, 9, 0, 7, 241.05
1734827955, 4, 19, 64, 26, 0, 0.06%, 9, 0, 7, 253.19
1734827960, 4, 31, 64, 26, 0, 0.06%, 9, 0, 7, 291.13
1734827980, 4, 31, 65, 27, 0, 0.06%, 9, 0, 7, 280.74
1734828006, 4, 35, 65, 26, 0, 0.06%, 9, 0, 7, 324.99
1734828072, 4, 37, 65, 25, 0, 0.06%, 9, 0, 7, 367.02
1734828107, 4, 40, 65, 24, 0, 0.06%, 9, 0, 7, 290.18
1734828133, 4, 50, 65, 23, 0, 0.06%, 9, 0, 7, 272.80
1734828194, 4, 51, 65, 22, 0, 0.06%, 9, 0, 7, 276.70
1734828204, 4, 54, 65, 22, 0, 0.06%, 9, 0, 7, 383.02
1734828230, 4, 60, 65, 21, 0, 0.06%, 9, 0, 7, 209.13
1734829019, 5, 12, 65, 20, 0, 0.06%, 9, 0, 7, 251.73
1734829024, 5, 14, 65, 20, 0, 0.06%, 9, 0, 7, 244.35
1734829029, 5, 16, 65, 20, 0, 0.06%, 9, 0, 7, 275.83
1734829034, 5, 18, 65, 20, 0, 0.06%, 9, 0, 7, 247.67
1734829039, 5, 19, 65, 20, 0, 0.06%, 9, 0, 7, 253.94
1734829044, 5, 30, 65, 20, 0, 0.06%, 9, 0, 7, 343.04
1734829070, 5, 30, 66, 21, 0, 0.06%, 9, 0, 7, 283.06
1734829090, 5, 32, 66, 20, 0, 0.06%, 9, 0, 7, 280.12
1734829095, 5, 33, 66, 20, 0, 0.06%, 9, 0, 7, 306.21
1734829125, 5, 44, 66, 19, 0, 0.06%, 9, 0, 7, 386.71
1734829181, 5, 45, 66, 18, 0, 0.06%, 9, 0, 7, 273.39
1734829186, 5, 51, 66, 18, 0, 0.06%, 9, 0, 7, 263.88
1734829192, 5, 52, 66, 18, 0, 0.06%, 9, 0, 7, 367.35
1734829268, 5, 52, 67, 19, 0, 0.06%, 9, 0, 8, 271.93
1734829278, 5, 52, 68, 20, 0, 0.06%, 9, 0, 8, 309.81
1734829329, 5, 53, 68, 19, 0, 0.06%, 9, 0, 8, 331.47
1734829365, 5, 55, 68, 18, 0, 0.06%, 9, 0, 8, 428.86
1734829416, 5, 55, 70, 20, 0, 0.06%, 9, 0, 8, 331.31
1734829451, 5, 56, 70, 19, 0, 0.06%, 9, 0, 8, 377.74
1734829517, 5, 59, 70, 18, 0, 0.06%, 9, 0, 8, 272.72
1734829553, 5, 63, 70, 17, 0, 0.06%, 9, 0, 8, 348.69
1734829715, 6, 11, 70, 16, 0, 0.06%, 9, 0, 8, 269.20
1734829720, 6, 13, 70, 16, 0, 0.06%, 9, 0, 8, 261.77
1734829726, 6, 14, 70, 16, 0, 0.06%, 9, 0, 8, 255.61
1734829731, 6, 16, 70, 16, 0, 0.06%, 9, 0, 8, 270.31
1734829736, 6, 18, 70, 16, 0, 0.06%, 9, 0, 8, 272.11
1734829741, 6, 19, 70, 16, 0, 0.06%, 9, 0, 8, 269.42
1734829746, 6, 28, 70, 16, 0, 0.06%, 9, 0, 8, 291.19
1734829771, 6, 48, 70, 15, 0, 0.06%, 9, 0, 8, 286.90
1734829807, 6, 51, 70, 14, 0, 0.06%, 9, 0, 8, 251.99
1734829812, 7, 0, 70, 14, 0, 0.06%, 9, 0, 8, 277.36
1734829817, 7, 12, 70, 14, 0, 0.06%, 9, 0, 8, 254.99
1734829822, 7, 14, 70, 14, 0, 0.06%, 9, 0, 8, 266.18
1734829827, 7, 16, 70, 14, 0, 0.06%, 9, 0, 8, 263.20
1734829832, 7, 17, 70, 14, 0, 0.06%, 9, 0, 8, 289.15
1734829858, 7, 18, 70, 13, 0, 0.06%, 9, 0, 8, 250.29
1734829863, 7, 19, 70, 13, 0, 0.06%, 9, 0, 8, 252.63
1734829868, 7, 36, 70, 13, 0, 0.06%, 9, 0, 8, 313.19
1734829903, 7, 51, 70, 12, 0, 0.06%, 9, 0, 8, 264.23
1734829908, 7, 54, 70, 12, 0, 0.06%, 9, 0, 8, 261.93
1734829913, 7, 55, 70, 12, 0, 0.06%, 9, 0, 8, 269.65
1734829918, 7, 60, 70, 12, 0, 0.06%, 9, 0, 8, 306.13
1734829928, 7, 61, 70, 12, 0, 0.06%, 9, 0, 8, 280.86
1734829939, 7, 64, 70, 12, 0, 0.06%, 9, 0, 8, 287.82
1734830086, 7, 64, 71, 13, 0, 0.06%, 9, 0, 8, 349.93
1734830147, 7, 66, 71, 12, 0, 0.06%, 9, 0, 8, 376.08
1734830294, 7, 68, 71, 11, 0, 0.06%, 9, 0, 8, 371.84
1734830401, 8, 11, 71, 10, 0, 0.06%, 9, 0, 8, 276.25
1734830406, 8, 13, 71, 10, 0, 0.06%, 9, 0, 8, 262.49
1734830411, 8, 16, 71, 10, 0, 0.06%, 9, 0, 8, 263.97
1734830416, 8, 18, 71, 10, 0, 0.06%, 9, 0, 8, 253.78
1734830421, 8, 19, 71, 10, 0, 0.06%, 9, 0, 8, 264.45
1734830426, 8, 23, 72, 11, 0, 0.06%, 9, 0, 8, 296.06
1734830456, 8, 29, 72, 10, 0, 0.06%, 9, 0, 8, 290.71
1734830482, 8, 43, 72, 9, 0, 0.06%, 9, 0, 8, 263.91
1734830487, 8, 49, 72, 9, 0, 0.06%, 9, 0, 8, 267.44
1734830492, 8, 51, 72, 9, 0, 0.06%, 9, 0, 8, 258.13
1734830497, 9, 11, 72, 9, 0, 0.06%, 9, 0, 8, 256.36
1734830502, 9, 13, 72, 9, 0, 0.06%, 9, 0, 8, 250.98
1734830507, 9, 16, 72, 9, 0, 0.06%, 9, 0, 8, 253.92
1734830512, 9, 18, 72, 9, 0, 0.06%, 9, 0, 8, 251.14
1734830518, 9, 19, 72, 9, 0, 0.06%, 9, 0, 8, 259.68
1734830528, 9, 50, 72, 9, 0, 0.06%, 9, 0, 8, 263.28
1734830533, 9, 51, 72, 9, 0, 0.06%, 9, 0, 8, 259.49
1734830538, 9, 57, 72, 9, 0, 0.06%, 9, 0, 8, 381.01
1734830589, 9, 71, 72, 8, 0, 0.06%, 9, 0, 8, 299.64
1734830914, 10, 0, 72, 7, 0, 0.06%, 9, 0, 8, 268.59
1734830919, 10, 11, 72, 7, 0, 0.06%, 9, 0, 8, 265.19
1734830924, 10, 13, 72, 7, 0, 0.06%, 9, 0, 8, 258.50
1734830929, 10, 16, 72, 7, 0, 0.06%, 9, 0, 8, 264.54
1734830934, 10, 18, 72, 7, 0, 0.06%, 9, 0, 8, 259.65
1734830939, 10, 19, 72, 7, 0, 0.06%, 9, 0, 8, 268.68
1734830944, 10, 23, 72, 7, 0, 0.06%, 9, 0, 8, 258.82
1734830954, 10, 25, 72, 7, 0, 0.06%, 9, 0, 8, 267.21
1734830979, 10, 46, 72, 6, 0, 0.06%, 9, 0, 8, 287.17
1734830984, 10, 50, 72, 6, 0, 0.06%, 9, 0, 8, 283.76
1734830990, 10, 51, 72, 6, 0, 0.06%, 9, 0, 8, 281.41
1734830995, 11, 11, 72, 6, 0, 0.06%, 9, 0, 8, 278.20
1734831000, 11, 13, 72, 6, 0, 0.06%, 9, 0, 8, 265.92
1734831005, 11, 16, 72, 6, 0, 0.06%, 9, 0, 8, 266.88
1734831010, 11, 18, 72, 6, 0, 0.06%, 9, 0, 8, 255.08
1734831015, 11, 19, 72, 6, 0, 0.06%, 9, 0, 8, 259.79
1734831020, 11, 23, 72, 6, 0, 0.06%, 9, 0, 8, 271.04
1734831025, 11, 28, 72, 6, 0, 0.06%, 9, 0, 8, 265.83
1734831030, 11, 50, 72, 6, 0, 0.06%, 9, 0, 8, 286.13
1734831035, 11, 51, 72, 6, 0, 0.06%, 9, 0, 8, 276.07
1734831040, 11, 64, 72, 6, 0, 0.06%, 9, 0, 8, 285.89
1734831045, 11, 65, 72, 6, 0, 0.06%, 9, 0, 8, 280.79
1734831122, 11, 71, 72, 5, 0, 0.06%, 9, 0, 8, 340.80
1734831142, 12, 11, 72, 5, 0, 0.06%, 9, 0, 8, 269.16
1734831148, 12, 13, 72, 5, 0, 0.06%, 9, 0, 8, 265.58
1734831153, 12, 16, 72, 5, 0, 0.06%, 9, 0, 8, 259.55
1734831158, 12, 17, 72, 5, 0, 0.06%, 9, 0, 8, 255.28
1734831163, 12, 18, 72, 5, 0, 0.06%, 9, 0, 8, 264.68
1734831168, 12, 19, 72, 5, 0, 0.06%, 9, 0, 8, 276.02
1734831178, 12, 49, 72, 5, 0, 0.06%, 9, 0, 8, 254.26
1734831183, 12, 51, 72, 5, 0, 0.06%, 9, 0, 8, 255.51
1734831188, 13, 12, 72, 5, 0, 0.06%, 9, 0, 8, 262.05
1734831193, 13, 14, 72, 5, 0, 0.06%, 9, 0, 8, 258.15
1734831198, 13, 16, 72, 5, 0, 0.06%, 9, 0, 8, 254.20
1734831203, 13, 17, 72, 5, 0, 0.06%, 9, 0, 8, 260.55
1734831208, 13, 18, 72, 5, 0, 0.06%, 9, 0, 8, 270.63
1734831213, 13, 19, 72, 5, 0, 0.06%, 9, 0, 8, 267.77
1734831218, 13, 42, 72, 5, 0, 0.06%, 9, 0, 8, 355.94
1734831249, 13, 46, 72, 4, 0, 0.06%, 9, 0, 8, 263.70
1734831254, 13, 51, 72, 4, 0, 0.06%, 9, 0, 8, 262.25
1734831259, 14, 11, 72, 4, 0, 0.06%, 9, 0, 8, 270.22
1734831264, 14, 14, 72, 4, 0, 0.06%, 9, 0, 8, 265.88
1734831269, 14, 15, 72, 4, 0, 0.06%, 9, 0, 8, 323.24
1734831295, 14, 16, 72, 3, 0, 0.06%, 9, 0, 8, 274.14
1734831300, 14, 18, 72, 3, 0, 0.06%, 9, 0, 8, 262.45
1734831305, 14, 19, 72, 3, 0, 0.06%, 9, 0, 8, 267.54
1734831310, 14, 25, 72, 3, 0, 0.06%, 9, 0, 8, 265.80
1734831320, 14, 51, 72, 3, 0, 0.06%, 9, 0, 8, 276.91
1734831325, 14, 60, 72, 3, 0, 0.06%, 9, 0, 8, 297.70
1734831335, 14, 67, 72, 3, 0, 0.06%, 9, 0, 8, 382.02
1734831473, 15, 11, 72, 2, 0, 0.06%, 9, 0, 8, 256.25
1734831478, 15, 13, 72, 2, 0, 0.06%, 9, 0, 8, 261.68
1734831483, 15, 16, 72, 2, 0, 0.06%, 9, 0, 8, 260.14
1734831493, 15, 18, 72, 2, 0, 0.06%, 9, 0, 8, 279.26
1734831498, 15, 19, 72, 2, 0, 0.06%, 9, 0, 8, 260.43
1734831503, 15, 47, 72, 2, 0, 0.06%, 9, 0, 8, 282.86
1734831508, 15, 51, 72, 2, 0, 0.06%, 9, 0, 8, 276.12
1734831513, 15, 68, 72, 2, 0, 0.06%, 9, 0, 8, 317.54
1734831528, 15, 69, 72, 2, 0, 0.06%, 9, 0, 8, 420.24
1734831640, 16, 12, 72, 1, 0, 0.06%, 9, 0, 8, 268.55
1734831645, 16, 14, 72, 1, 0, 0.06%, 9, 0, 8, 262.11
1734831650, 16, 15, 72, 1, 0, 0.06%, 9, 0, 8, 261.17
1734831655, 16, 16, 72, 1, 0, 0.06%, 9, 0, 8, 261.40
1734831660, 16, 18, 72, 1, 0, 0.06%, 9, 0, 8, 254.92
1734831665, 16, 19, 72, 1, 0, 0.06%, 9, 0, 8, 248.45
1734831670, 16, 25, 72, 1, 0, 0.06%, 9, 0, 8, 259.10
1734831675, 16, 39, 72, 1, 0, 0.06%, 9, 0, 8, 267.86
1734831685, 16, 51, 72, 1, 0, 0.06%, 9, 0, 8, 279.49
1734831690, 16, 59, 72, 1, 0, 0.06%, 9, 0, 8, 258.79
1734831700, 17, 12, 72, 1, 0, 0.06%, 9, 0, 8, 262.45
1734831705, 17, 14, 72, 1, 0, 0.06%, 9, 0, 8, 271.30
1734831710, 17, 16, 72, 1, 0, 0.06%, 9, 0, 8, 282.77
1734831716, 17, 18, 72, 1, 0, 0.06%, 9, 0, 8, 251.63
1734831721, 17, 19, 72, 1, 0, 0.06%, 9, 0, 8, 249.36
1734831726, 17, 34, 72, 1, 0, 0.06%, 9, 0, 8, 258.99
1734831731, 17, 45, 72, 1, 0, 0.06%, 9, 0, 8, 264.40
1734831736, 17, 51, 72, 1, 0, 0.06%, 9, 0, 8, 277.57
1734831741, 17, 54, 72, 1, 0, 0.06%, 9, 0, 8, 262.54
1734831746, 18, 2, 72, 1, 0, 0.06%, 9, 0, 8, 271.70
1734831751, 18, 12, 72, 1, 0, 0.06%, 9, 0, 8, 255.96
1734831757, 18, 14, 72, 1, 0, 0.06%, 9, 0, 8, 259.67
1734831762, 18, 16, 72, 1, 0, 0.06%, 9, 0, 8, 259.52
1734831767, 18, 18, 72, 1, 0, 0.06%, 9, 0, 8, 261.15
1734831772, 18, 19, 72, 1, 0, 0.06%, 9, 0, 8, 252.56
1734831777, 18, 51, 72, 1, 0, 0.06%, 9, 0, 8, 259.13
1734831782, 18, 64, 72, 1, 0, 0.06%, 9, 0, 8, 307.46
1734831787, 18, 69, 72, 1, 0, 0.06%, 9, 0, 8, 293.11
1734831802, 19, 11, 72, 1, 0, 0.06%, 9, 0, 8, 267.35
1734831807, 19, 13, 72, 1, 0, 0.06%, 9, 0, 8, 257.33
1734831812, 19, 16, 72, 1, 0, 0.06%, 9, 0, 8, 257.75
1734831817, 19, 18, 72, 1, 0, 0.06%, 9, 0, 8, 252.52
1734831828, 19, 19, 72, 1, 0, 0.06%, 9, 0, 8, 275.36
1734831833, 19, 51, 72, 1, 0, 0.06%, 9, 0, 8, 280.58
1734831838, 20, 11, 72, 1, 0, 0.06%, 9, 0, 8, 263.69
1734831843, 20, 14, 72, 1, 0, 0.06%, 9, 0, 8, 264.05
1734831848, 20, 16, 72, 1, 0, 0.06%, 9, 0, 8, 267.78
1734831853, 20, 18, 72, 1, 0, 0.06%, 9, 0, 8, 258.07
1734831858, 20, 19, 72, 1, 0, 0.06%, 9, 0, 8, 252.34
1734831863, 20, 42, 72, 1, 0, 0.06%, 9, 0, 8, 271.25
1734831868, 20, 51, 72, 1, 0, 0.06%, 9, 0, 8, 264.92
1734831873, 20, 56, 72, 1, 0, 0.06%, 9, 0, 8, 286.67
1734831878, 20, 62, 72, 1, 0, 0.06%, 9, 0, 8, 274.76
1734831888, 20, 67, 72, 1, 0, 0.06%, 9, 0, 8, 277.23
1734831909, 20, 70, 72, 1, 0, 0.06%, 9, 0, 8, 339.44
1734832240, 21, 12, 72, 0, 0, 0.06%, 9, 0, 8, 260.89
1734832245, 21, 14, 72, 0, 0, 0.06%, 9, 0, 8, 265.22
1734832250, 21, 16, 72, 0, 0, 0.06%, 9, 0, 8, 262.96
1734832255, 21, 18, 72, 0, 0, 0.06%, 9, 0, 8, 252.14
1734832260, 21, 19, 72, 0, 0, 0.06%, 9, 0, 8, 251.28
1734832265, 21, 50, 72, 0, 0, 0.06%, 9, 0, 8, 290.04
1734832270, 21, 51, 72, 0, 0, 0.06%, 9, 0, 8, 276.85
1734832275, 21, 67, 72, 0, 0, 0.06%, 9, 0, 8, 287.90
1734832286, 22, 12, 72, 0, 0, 0.06%, 9, 0, 8, 253.37
1734832291, 22, 14, 72, 0, 0, 0.06%, 9, 0, 8, 252.67
1734832296, 22, 16, 72, 0, 0, 0.06%, 9, 0, 8, 270.31
1734832301, 22, 18, 72, 0, 0, 0.06%, 9, 0, 8, 271.64
1734832306, 22, 19, 72, 0, 0, 0.06%, 9, 0, 8, 265.95
1734832311, 22, 21, 72, 0, 0, 0.06%, 9, 0, 8, 275.77
1734832316, 22, 44, 72, 0, 0, 0.06%, 9, 0, 8, 274.80
1734832321, 22, 51, 72, 0, 0, 0.06%, 9, 0, 8, 269.54
1734832326, 23, 10, 72, 0, 0, 0.06%, 9, 0, 8, 252.47
1734832331, 23, 12, 72, 0, 0, 0.06%, 9, 0, 8, 257.51
1734832336, 23, 14, 72, 0, 0, 0.06%, 9, 0, 8, 260.56
1734832341, 23, 16, 72, 0, 0, 0.06%, 9, 0, 8, 263.22
1734832346, 23, 18, 72, 0, 0, 0.06%, 9, 0, 8, 263.21
1734832351, 23, 19, 72, 0, 0, 0.06%, 9, 0, 8, 256.00
1734832356, 23, 30, 72, 0, 0, 0.06%, 9, 0, 8, 277.10
1734832361, 23, 51, 72, 0, 0, 0.06%, 9, 0, 8, 269.50
1734832366, 23, 63, 72, 0, 0, 0.06%, 9, 0, 8, 289.50
1734832377, 24, 12, 72, 0, 0, 0.06%, 9, 0, 8, 259.00
1734832382, 24, 14, 72, 0, 0, 0.06%, 9, 0, 8, 258.88
1734832387, 24, 16, 72, 0, 0, 0.06%, 9, 0, 8, 259.76
1734832392, 24, 18, 72, 0, 0, 0.06%, 9, 0, 8, 258.27
1734832397, 24, 19, 72, 0, 0, 0.06%, 9, 0, 8, 265.93
1734832402, 24, 24, 72, 0, 0, 0.06%, 9, 0, 8, 273.81
1734832407, 24, 42, 72, 0, 0, 0.06%, 9, 0, 8, 270.14
1734832412, 24, 48, 72, 0, 0, 0.06%, 9, 0, 8, 260.86
1734832417, 24, 51, 72, 0, 0, 0.06%, 9, 0, 8, 266.89
1734832422, 24, 59, 72, 0, 0, 0.06%, 9, 0, 8, 267.46
1734832432, 25, 11, 72, 0, 0, 0.06%, 9, 0, 8, 275.18
1734832437, 25, 13, 72, 0, 0, 0.06%, 9, 0, 8, 271.19
1734832443, 25, 16, 72, 0, 0, 0.06%, 9, 0, 8, 259.35
1734832453, 25, 18, 72, 0, 0, 0.06%, 9, 0, 8, 257.78
1734832458, 25, 19, 72, 0, 0, 0.06%, 9, 0, 8, 269.27
1734832463, 25, 51, 72, 0, 0, 0.06%, 9, 0, 8, 276.61
1734832468, 26, 11, 72, 0, 0, 0.06%, 9, 0, 8, 271.34
1734832473, 26, 13, 72, 0, 0, 0.06%, 9, 0, 8, 265.67
1734832478, 26, 16, 72, 0, 0, 0.06%, 9, 0, 8, 268.81
1734832483, 26, 18, 72, 0, 0, 0.06%, 9, 0, 8, 245.73
1734832488, 26, 19, 72, 0, 0, 0.06%, 9, 0, 8, 270.10
1734832493, 26, 30, 72, 0, 0, 0.06%, 9, 0, 8, 264.35
1734832498, 26, 41, 72, 0, 0, 0.06%, 9, 0, 8, 281.37
1734832508, 26, 46, 72, 0, 0, 0.06%, 9, 0, 8, 260.54
1734832514, 26, 51, 72, 0, 0, 0.06%, 9, 0, 8, 261.21
1734832519, 27, 11, 72, 0, 0, 0.06%, 9, 0, 8, 254.15
1734832524, 27, 13, 72, 0, 0, 0.06%, 9, 0, 8, 260.21
1734832529, 27, 14, 72, 0, 0, 0.06%, 9, 0, 8, 254.44
1734832534, 27, 16, 72, 0, 0, 0.06%, 9, 0, 8, 250.67
1734832539, 27, 18, 72, 0, 0, 0.06%, 9, 0, 8, 270.99
1734832544, 27, 19, 72, 0, 0, 0.06%, 9, 0, 8, 269.85
1734832549, 27, 34, 72, 0, 0, 0.06%, 9, 0, 8, 265.56
1734832554, 27, 51, 72, 0, 0, 0.06%, 9, 0, 8, 260.38
1734832559, 27, 62, 72, 0, 0, 0.06%, 9, 0, 8, 280.82
1734832569, 28, 11, 72, 0, 0, 0.06%, 9, 0, 8, 265.97
1734832574, 28, 13, 72, 0, 0, 0.06%, 9, 0, 8, 261.36
1734832580, 28, 16, 72, 0, 0, 0.06%, 9, 0, 8, 263.16
1734832585, 28, 18, 72, 0, 0, 0.06%, 9, 0, 8, 262.08
1734832590, 28, 19, 72, 0, 0, 0.06%, 9, 0, 8, 277.17
1734832600, 28, 24, 72, 0, 0, 0.06%, 9, 0, 8, 259.13
1734832605, 28, 33, 72, 0, 0, 0.06%, 9, 0, 8, 261.92
1734832610, 28, 41, 72, 0, 0, 0.06%, 9, 0, 8, 254.77
1734832615, 28, 51, 72, 0, 0, 0.06%, 9, 0, 8, 258.45
1734832620, 28, 67, 72, 0, 0, 0.06%, 9, 0, 8, 286.16
1734832630, 29, 12, 72, 0, 0, 0.06%, 9, 0, 8, 258.39
1734832635, 29, 14, 72, 0, 0, 0.06%, 9, 0, 8, 257.49
1734832640, 29, 16, 72, 0, 0, 0.06%, 9, 0, 8, 264.46
1734832645, 29, 18, 72, 0, 0, 0.06%, 9, 0, 8, 245.69
1734832650, 29, 19, 72, 0, 0, 0.06%, 9, 0, 8, 256.40
1734832655, 29, 36, 72, 0, 0, 0.06%, 9, 0, 8, 255.98
1734832660, 29, 42, 72, 0, 0, 0.06%, 9, 0, 8, 271.09
1734832666, 29, 45, 72, 0, 0, 0.06%, 9, 0, 8, 264.96
1734832671, 29, 51, 72, 0, 0, 0.06%, 9, 0, 8, 279.99
1734832676, 29, 70, 72, 0, 0, 0.06%, 9, 0, 8, 304.29
1734832686, 30, 11, 72, 0, 0, 0.06%, 9, 0, 8, 275.09
1734832691, 30, 13, 72, 0, 0, 0.06%, 9, 0, 8, 257.77
1734832696, 30, 16, 72, 0, 0, 0.06%, 9, 0, 8, 256.91
1734832701, 30, 18, 72, 0, 0, 0.06%, 9, 0, 8, 259.96
1734832711, 30, 19, 72, 0, 0, 0.06%, 9, 0, 8, 254.27
1734832716, 30, 51, 72, 0, 0, 0.06%, 9, 0, 8, 273.89
1734832721, 31, 12, 72, 0, 0, 0.06%, 9, 0, 8, 263.42
1734832726, 31, 14, 72, 0, 0, 0.06%, 9, 0, 8, 262.73
1734832732, 31, 16, 72, 0, 0, 0.06%, 9, 0, 8, 259.98
1734832737, 31, 18, 72, 0, 0, 0.06%, 9, 0, 8, 246.40
1734832742, 31, 19, 72, 0, 0, 0.06%, 9, 0, 8, 249.95
1734832747, 31, 25, 72, 0, 0, 0.06%, 9, 0, 8, 259.79
1734832752, 31, 43, 72, 0, 0, 0.06%, 9, 0, 8, 274.54
1734832762, 31, 46, 72, 0, 0, 0.06%, 9, 0, 8, 273.53
1734832767, 31, 51, 72, 0, 0, 0.06%, 9, 0, 8, 276.79
1734832772, 31, 63, 72, 0, 0, 0.06%, 9, 0, 8, 281.36
1734832777, 32, 11, 72, 0, 0, 0.06%, 9, 0, 8, 268.61
1734832782, 32, 13, 72, 0, 0, 0.06%, 9, 0, 8, 259.26
1734832787, 32, 16, 72, 0, 0, 0.06%, 9, 0, 8, 269.35
1734832792, 32, 18, 72, 0, 0, 0.06%, 9, 0, 8, 255.11
1734832803, 32, 19, 72, 0, 0, 0.06%, 9, 0, 8, 260.49
1734832808, 32, 21, 72, 0, 0, 0.06%, 9, 0, 8, 267.17
1734832813, 32, 24, 72, 0, 0, 0.06%, 9, 0, 8, 273.79
1734832818, 32, 40, 72, 0, 0, 0.06%, 9, 0, 8, 269.36
1734832823, 32, 42, 72, 0, 0, 0.06%, 9, 0, 8, 267.75
1734832828, 32, 51, 72, 0, 0, 0.06%, 9, 0, 8, 267.19
1734832833, 32, 56, 72, 0, 0, 0.06%, 9, 0, 8, 288.94
1734832838, 32, 62, 72, 0, 0, 0.06%, 9, 0, 8, 281.13
1734832843, 32, 68, 72, 0, 0, 0.06%, 9, 0, 8, 298.49
1734832853, 33, 12, 72, 0, 0, 0.06%, 9, 0, 8, 257.83
1734832858, 33, 14, 72, 0, 0, 0.06%, 9, 0, 8, 259.70
1734832864, 33, 16, 72, 0, 0, 0.06%, 9, 0, 8, 263.32
1734832869, 33, 18, 72, 0, 0, 0.06%, 9, 0, 8, 265.63
1734832874, 33, 19, 72, 0, 0, 0.06%, 9, 0, 8, 259.83
1734832879, 33, 26, 72, 0, 0, 0.06%, 9, 0, 8, 264.86
1734832884, 33, 37, 72, 0, 0, 0.06%, 9, 0, 8, 270.37
1734832889, 33, 44, 72, 0, 0, 0.06%, 9, 0, 8, 273.96
1734832894, 33, 51, 72, 0, 0, 0.06%, 9, 0, 8, 268.82
1734832899, 34, 6, 72, 0, 0, 0.06%, 9, 0, 8, 261.07
1734832904, 34, 12, 72, 0, 0, 0.06%, 9, 0, 8, 261.34
1734832909, 34, 14, 72, 0, 0, 0.06%, 9, 0, 8, 259.96
1734832914, 34, 16, 72, 0, 0, 0.06%, 9, 0, 8, 256.45
1734832919, 34, 18, 72, 0, 0, 0.06%, 9, 0, 8, 250.69
1734832924, 34, 19, 72, 0, 0, 0.06%, 9, 0, 8, 256.31
1734832929, 34, 51, 72, 0, 0, 0.06%, 9, 0, 8, 262.02
1734832934, 34, 55, 72, 0, 0, 0.06%, 9, 0, 8, 287.33
1734832939, 35, 11, 72, 0, 0, 0.06%, 9, 0, 8, 259.62
1734832944, 35, 13, 72, 0, 0, 0.06%, 9, 0, 8, 245.70
1734832950, 35, 16, 72, 0, 0, 0.06%, 9, 0, 8, 257.83
1734832955, 35, 18, 72, 0, 0, 0.06%, 9, 0, 8, 258.62
1734832960, 35, 19, 72, 0, 0, 0.06%, 9, 0, 8, 267.70
1734832965, 35, 23, 72, 0, 0, 0.06%, 9, 0, 8, 281.49
1734832970, 35, 25, 72, 0, 0, 0.06%, 9, 0, 8, 275.65
1734832980, 35, 51, 72, 0, 0, 0.06%, 9, 0, 8, 273.83
1734832985, 35, 56, 72, 0, 0, 0.06%, 9, 0, 8, 279.34
1734832990, 36, 12, 72, 0, 0, 0.06%, 9, 0, 8, 254.62
1734832995, 36, 14, 72, 0, 0, 0.06%, 9, 0, 8, 264.12
1734833000, 36, 16, 72, 0, 0, 0.06%, 9, 0, 8, 269.67
1734833005, 36, 18, 72, 0, 0, 0.06%, 9, 0, 8, 269.40
1734833010, 36, 19, 72, 0, 0, 0.06%, 9, 0, 8, 260.07
1734833015, 36, 28, 72, 0, 0, 0.06%, 9, 0, 8, 267.49
1734833020, 36, 33, 72, 0, 0, 0.06%, 9, 0, 8, 267.97
1734833026, 36, 51, 72, 0, 0, 0.06%, 9, 0, 8, 260.37
1734833031, 36, 71, 72, 0, 0, 0.06%, 9, 0, 8, 286.71
1734833036, 37, 11, 72, 0, 0, 0.06%, 9, 0, 8, 274.67
1734833041, 37, 13, 72, 0, 0, 0.06%, 9, 0, 8, 265.91
1734833046, 37, 16, 72, 0, 0, 0.06%, 9, 0, 8, 260.72
1734833056, 37, 18, 72, 0, 0, 0.06%, 9, 0, 8, 280.56
1734833061, 37, 19, 72, 0, 0, 0.06%, 9, 0, 8, 267.25
1734833066, 37, 46, 72, 0, 0, 0.06%, 9, 0, 8, 272.30
1734833071, 37, 50, 72, 0, 0, 0.06%, 9, 0, 8, 280.43
1734833076, 37, 51, 72, 0, 0, 0.06%, 9, 0, 8, 271.51
1734833082, 38, 12, 72, 0, 0, 0.06%, 9, 0, 8, 258.34
1734833087, 38, 14, 72, 0, 0, 0.06%, 9, 0, 8, 263.05
1734833092, 38, 16, 72, 0, 0, 0.06%, 9, 0, 8, 259.19
1734833097, 38, 18, 72, 0, 0, 0.06%, 9, 0, 8, 246.07
1734833102, 38, 19, 72, 0, 0, 0.06%, 9, 0, 8, 253.36
1734833107, 38, 27, 72, 0, 0, 0.06%, 9, 0, 8, 270.34
1734833112, 38, 51, 72, 0, 0, 0.06%, 9, 0, 8, 258.30
1734833117, 38, 70, 72, 0, 0, 0.06%, 9, 0, 8, 301.18
1734833128, 39, 10, 72, 0, 0, 0.06%, 9, 0, 8, 263.13
1734833133, 39, 12, 72, 0, 0, 0.06%, 9, 0, 8, 252.78
1734833138, 39, 14, 72, 0, 0, 0.06%, 9, 0, 8, 263.63
1734833143, 39, 16, 72, 0, 0, 0.06%, 9, 0, 8, 259.50
1734833148, 39, 18, 72, 0, 0, 0.06%, 9, 0, 8, 253.84
1734833153, 39, 19, 72, 0, 0, 0.06%, 9, 0, 8, 253.25
1734833158, 39, 20, 72, 0, 0, 0.06%, 9, 0, 8, 276.44
1734833163, 39, 39, 72, 0, 0, 0.06%, 9, 0, 8, 277.91
1734833168, 39, 51, 72, 0, 0, 0.06%, 9, 0, 8, 269.10
1734833173, 39, 59, 72, 0, 0, 0.06%, 9, 0, 8, 267.41
1734833178, 40, 11, 72, 0, 0, 0.06%, 9, 0, 8, 259.86
1734833183, 40, 13, 72, 0, 0, 0.06%, 9, 0, 8, 259.70
1734833188, 40, 16, 72, 0, 0, 0.06%, 9, 0, 8, 257.54
1734833194, 40, 18, 72, 0, 0, 0.06%, 9, 0, 8, 246.64
1734833204, 40, 19, 72, 0, 0, 0.06%, 9, 0, 8, 263.65
1734833209, 40, 21, 72, 0, 0, 0.06%, 9, 0, 8, 270.84
1734833214, 40, 51, 72, 0, 0, 0.06%, 9, 0, 8, 271.21
1734833219, 40, 60, 72, 0, 0, 0.06%, 9, 0, 8, 281.36
1734833224, 40, 68, 72, 0, 0, 0.06%, 9, 0, 8, 285.23
1734833229, 41, 0, 72, 0, 0, 0.06%, 9, 0, 8, 287.53
1734833234, 41, 12, 72, 0, 0, 0.06%, 9, 0, 8, 258.22
1734833239, 41, 14, 72, 0, 0, 0.06%, 9, 0, 8, 259.97
1734833244, 41, 16, 72, 0, 0, 0.06%, 9, 0, 8, 254.99
1734833249, 41, 18, 72, 0, 0, 0.06%, 9, 0, 8, 262.08
1734833254, 41, 19, 72, 0, 0, 0.06%, 9, 0, 8, 254.52
1734833259, 41, 51, 72, 0, 0, 0.06%, 9, 0, 8, 263.60
1734833264, 42, 11, 72, 0, 0, 0.06%, 9, 0, 8, 254.83
1734833270, 42, 13, 72, 0, 0, 0.06%, 9, 0, 8, 252.14
1734833275, 42, 16, 72, 0, 0, 0.06%, 9, 0, 8, 255.10
1734833280, 42, 18, 72, 0, 0, 0.06%, 9, 0, 8, 254.15
1734833285, 42, 19, 72, 0, 0, 0.06%, 9, 0, 8, 261.53
1734833290, 42, 27, 72, 0, 0, 0.06%, 9, 0, 8, 266.74
1734833295, 42, 44, 72, 0, 0, 0.06%, 9, 0, 8, 260.64
1734833305, 42, 49, 72, 0, 0, 0.06%, 9, 0, 8, 278.39
1734833310, 42, 51, 72, 0, 0, 0.06%, 9, 0, 8, 279.84
1734833315, 42, 54, 72, 0, 0, 0.06%, 9, 0, 8, 263.51
1734833320, 43, 12, 72, 0, 0, 0.06%, 9, 0, 8, 273.03
1734833325, 43, 13, 72, 0, 0, 0.06%, 9, 0, 8, 263.91
1734833330, 43, 16, 72, 0, 0, 0.06%, 9, 0, 8, 256.90
1734833335, 43, 18, 72, 0, 0, 0.06%, 9, 0, 8, 248.94
1734833340, 43, 19, 72, 0, 0, 0.06%, 9, 0, 8, 253.13
1734833345, 43, 41, 72, 0, 0, 0.06%, 9, 0, 8, 243.62
1734833355, 43, 51, 72, 0, 0, 0.06%, 9, 0, 8, 264.05
1734833361, 43, 58, 72, 0, 0, 0.06%, 9, 0, 8, 295.86
1734833371, 43, 68, 72, 0, 0, 0.06%, 9, 0, 8, 290.27
1734833376, 44, 11, 72, 0, 0, 0.06%, 9, 0, 8, 258.24
1734833381, 44, 12, 72, 0, 0, 0.06%, 9, 0, 8, 247.27
1734833386, 44, 16, 72, 0, 0, 0.06%, 9, 0, 8, 262.74
1734833396, 44, 18, 72, 0, 0, 0.06%, 9, 0, 8, 268.44
1734833401, 44, 19, 72, 0, 0, 0.06%, 9, 0, 8, 269.46
1734833406, 44, 51, 72, 0, 0, 0.06%, 9, 0, 8, 261.29
1734833411, 44, 62, 72, 0, 0, 0.06%, 9, 0, 8, 282.38
1734833416, 45, 12, 72, 0, 0, 0.06%, 9, 0, 8, 269.92
1734833421, 45, 14, 72, 0, 0, 0.06%, 9, 0, 8, 252.18
1734833426, 45, 16, 72, 0, 0, 0.06%, 9, 0, 8, 259.24
1734833431, 45, 18, 72, 0, 0, 0.06%, 9, 0, 8, 245.48
1734833436, 45, 19, 72, 0, 0, 0.06%, 9, 0, 8, 254.69
1734833441, 45, 51, 72, 0, 0, 0.06%, 9, 0, 8, 271.38
1734833447, 46, 8, 72, 0, 0, 0.06%, 9, 0, 8, 249.31
1734833452, 46, 11, 72, 0, 0, 0.06%, 9, 0, 8, 265.77
1734833457, 46, 13, 72, 0, 0, 0.06%, 9, 0, 8, 248.38
1734833462, 46, 16, 72, 0, 0, 0.06%, 9, 0, 8, 256.75
1734833467, 46, 17, 72, 0, 0, 0.06%, 9, 0, 8, 277.19
1734833472, 46, 18, 72, 0, 0, 0.06%, 9, 0, 8, 264.52
1734833482, 46, 19, 72, 0, 0, 0.06%, 9, 0, 8, 257.98
1734833487, 46, 51, 72, 0, 0, 0.06%, 9, 0, 8, 253.72
1734833492, 46, 65, 72, 0, 0, 0.06%, 9, 0, 8, 306.94
1734833502, 47, 12, 72, 0, 0, 0.06%, 9, 0, 8, 250.54
1734833507, 47, 13, 72, 0, 0, 0.06%, 9, 0, 8, 256.14
1734833512, 47, 16, 72, 0, 0, 0.06%, 9, 0, 8, 261.36
1734833518, 47, 18, 72, 0, 0, 0.06%, 9, 0, 8, 244.65
1734833523, 47, 19, 72, 0, 0, 0.06%, 9, 0, 8, 238.87
1734833528, 47, 22, 72, 0, 0, 0.06%, 9, 0, 8, 264.14
1734833538, 47, 24, 72, 0, 0, 0.06%, 9, 0, 8, 257.35
1734833543, 47, 45, 72, 0, 0, 0.06%, 9, 0, 8, 279.48
1734833548, 47, 51, 72, 0, 0, 0.06%, 9, 0, 8, 268.71
1734833553, 47, 57, 72, 0, 0, 0.06%, 9, 0, 8, 298.82
1734833563, 48, 12, 72, 0, 0, 0.06%, 9, 0, 8, 252.40
1734833568, 48, 14, 72, 0, 0, 0.06%, 9, 0, 8, 266.10
1734833573, 48, 16, 72, 0, 0, 0.06%, 9, 0, 8, 261.88
1734833578, 48, 18, 72, 0, 0, 0.06%, 9, 0, 8, 255.96
1734833583, 48, 19, 72, 0, 0, 0.06%, 9, 0, 8, 258.52
1734833588, 48, 44, 72, 0, 0, 0.06%, 9, 0, 8, 273.12
1734833594, 48, 51, 72, 0, 0, 0.06%, 9, 0, 8, 266.85
1734833599, 49, 11, 72, 0, 0, 0.06%, 9, 0, 8, 260.56
1734833604, 49, 13, 72, 0, 0, 0.06%, 9, 0, 8, 266.89
1734833609, 49, 16, 72, 0, 0, 0.06%, 9, 0, 8, 263.12
1734833614, 49, 18, 72, 0, 0, 0.06%, 9, 0, 8, 251.54
1734833619, 49, 19, 72, 0, 0, 0.06%, 9, 0, 8, 268.95
1734833629, 49, 37, 72, 0, 0, 0.06%, 9, 0, 8, 261.93
1734833634, 49, 51, 72, 0, 0, 0.06%, 9, 0, 8, 266.40
1734833639, 49, 57, 72, 0, 0, 0.06%, 9, 0, 8, 277.27
1734833644, 49, 62, 72, 0, 0, 0.06%, 9, 0, 8, 274.41
1734833649, 49, 71, 72, 0, 0, 0.06%, 9, 0, 8, 285.89
1734833654, 50, 11, 72, 0, 0, 0.06%, 9, 0, 8, 264.16
1734833659, 50, 12, 72, 0, 0, 0.06%, 9, 0, 8, 254.10
1734833664, 50, 14, 72, 0, 0, 0.06%, 9, 0, 8, 246.65
1734833669, 50, 15, 72, 0, 0, 0.06%, 9, 0, 8, 251.57
1734833674, 50, 16, 72, 0, 0, 0.06%, 9, 0, 8, 267.64
1734833679, 50, 18, 72, 0, 0, 0.06%, 9, 0, 8, 250.81
1734833684, 50, 19, 72, 0, 0, 0.06%, 9, 0, 8, 271.64
1734833689, 50, 20, 72, 0, 0, 0.06%, 9, 0, 8, 282.33
1734833695, 50, 29, 72, 0, 0, 0.06%, 9, 0, 8, 256.10
1734833700, 50, 51, 72, 0, 0, 0.06%, 9, 0, 8, 267.49
1734833705, 51, 11, 72, 0, 0, 0.06%, 9, 0, 8, 266.01
1734833710, 51, 13, 72, 0, 0, 0.06%, 9, 0, 8, 253.89
1734833715, 51, 16, 72, 0, 0, 0.06%, 9, 0, 8, 260.93
1734833720, 51, 18, 72, 0, 0, 0.06%, 9, 0, 8, 261.84
1734833730, 51, 19, 72, 0, 0, 0.06%, 9, 0, 8, 250.60
1734833735, 51, 23, 72, 0, 0, 0.06%, 9, 0, 8, 256.94
1734833740, 51, 51, 72, 0, 0, 0.06%, 9, 0, 8, 260.43
1734833745, 51, 60, 72, 0, 0, 0.06%, 9, 0, 8, 276.68
1734833750, 51, 65, 72, 0, 0, 0.06%, 9, 0, 8, 294.89
1734833755, 51, 71, 72, 0, 0, 0.06%, 9, 0, 8, 300.11
1734833760, 52, 11, 72, 0, 0, 0.06%, 9, 0, 8, 270.30
1734833766, 52, 13, 73, 1, 0, 0.06%, 9, 0, 8, 261.64
1734833771, 52, 16, 73, 1, 0, 0.06%, 9, 0, 8, 263.30
1734833776, 52, 18, 73, 1, 0, 0.06%, 9, 0, 8, 251.96
1734833781, 52, 19, 73, 1, 0, 0.06%, 9, 0, 8, 263.55
1734833791, 52, 29, 73, 1, 0, 0.06%, 9, 0, 8, 272.21
1734833796, 52, 51, 73, 1, 0, 0.06%, 9, 0, 8, 280.81
1734833801, 52, 54, 73, 1, 0, 0.06%, 9, 0, 8, 272.73
1734833806, 52, 72, 73, 1, 0, 0.06%, 9, 0, 8, 376.18
1734833893, 52, 72, 74, 2, 0, 0.07%, 10, 0, 8, 323.70
1734833933, 52, 73, 75, 2, 1, 0.07%, 10, 0, 8, 269.65
1734833938, 52, 73, 76, 3, 1, 0.07%, 10, 0, 8, 248.08
1734833969, 52, 73, 77, 4, 1, 0.07%, 10, 0, 8, 266.46
1734833974, 52, 75, 77, 3, 1, 0.07%, 10, 0, 8, 271.34
1734833979, 52, 75, 79, 5, 1, 0.09%, 11, 0, 8, 248.10
1734834035, 52, 75, 80, 6, 1, 0.09%, 11, 0, 8, 238.29
1734834127, 52, 77, 80, 5, 1, 0.09%, 11, 0, 8, 322.04
1734834163, 52, 77, 81, 6, 1, 0.09%, 12, 0, 8, 260.38
1734834248, 52, 80, 81, 5, 1, 0.09%, 12, 0, 8, 335.88
1734834274, 52, 80, 82, 6, 1, 0.09%, 13, 0, 9, 261.89
1734834406, 52, 81, 82, 5, 1, 0.09%, 13, 0, 9, 314.98
1734834411, 52, 81, 84, 7, 1, 0.10%, 15, 0, 10, 297.68
1734834416, 52, 81, 87, 10, 1, 0.13%, 17, 0, 10, 269.34
1734834421, 52, 81, 88, 11, 1, 0.13%, 18, 0, 10, 263.29
1734834426, 52, 81, 89, 12, 1, 0.13%, 18, 0, 10, 261.78
1734834431, 52, 81, 90, 13, 1, 0.13%, 18, 0, 10, 258.99
1734834436, 52, 81, 91, 14, 1, 0.13%, 18, 0, 10, 259.55
1734834462, 52, 81, 92, 15, 1, 0.13%, 18, 0, 10, 255.11
1734834467, 52, 81, 93, 16, 1, 0.13%, 18, 0, 10, 254.71
1734834523, 52, 81, 94, 17, 1, 0.13%, 18, 0, 10, 261.86
1734834538, 52, 81, 95, 18, 1, 0.13%, 18, 0, 10, 274.10
1734834563, 52, 81, 96, 19, 1, 0.13%, 18, 0, 10, 267.74
1734834568, 52, 84, 99, 21, 5, 0.14%, 20, 0, 11, 308.98
1734834588, 52, 84, 100, 22, 5, 0.14%, 21, 0, 11, 257.31
1734834649, 52, 84, 101, 23, 5, 0.14%, 21, 0, 11, 257.81
1734834731, 52, 85, 102, 23, 7, 0.14%, 21, 0, 11, 296.43
1734834746, 52, 85, 103, 24, 7, 0.14%, 21, 0, 11, 261.96
1734834888, 52, 86, 103, 23, 6, 0.14%, 21, 0, 11, 217.00
1734835091, 52, 86, 104, 24, 6, 0.14%, 22, 0, 11, 190.64
1734835141, 52, 86, 105, 25, 6, 0.14%, 22, 0, 11, 295.54
1734835172, 52, 86, 106, 26, 6, 0.14%, 22, 0, 11, 294.54
1734835238, 52, 87, 106, 25, 6, 0.14%, 22, 0, 11, 358.55
1734835279, 52, 87, 107, 26, 6, 0.14%, 22, 0, 11, 280.58
1734835396, 52, 91, 107, 25, 6, 0.14%, 22, 0, 11, 294.79
1734835431, 52, 91, 108, 26, 6, 0.14%, 22, 0, 11, 262.62
1734835558, 52, 92, 108, 25, 5, 0.14%, 22, 0, 11, 254.66
1734835659, 52, 94, 108, 24, 5, 0.14%, 22, 0, 11, 299.68
1734835680, 52, 94, 109, 25, 5, 0.14%, 22, 0, 11, 274.77
1734835700, 52, 94, 110, 26, 5, 0.14%, 22, 0, 11, 271.47
1734835786, 52, 94, 111, 27, 5, 0.14%, 22, 0, 11, 256.54
1734835792, 52, 94, 112, 28, 5, 0.14%, 22, 0, 11, 284.31
1734835817, 52, 96, 112, 27, 5, 0.14%, 22, 0, 11, 311.49
1734835913, 52, 98, 112, 26, 4, 0.14%, 22, 0, 11, 343.00
1734835994, 52, 98, 113, 27, 4, 0.14%, 22, 0, 12, 277.09
1734835999, 52, 98, 115, 29, 4, 0.14%, 22, 0, 12, 276.33
1734836010, 52, 99, 116, 29, 3, 0.14%, 22, 0, 12, 318.86
1734836025, 52, 99, 117, 30, 3, 0.14%, 22, 0, 12, 269.49
1734836040, 52, 99, 118, 31, 3, 0.14%, 22, 0, 12, 260.94
1734836172, 52, 103, 118, 30, 2, 0.14%, 22, 0, 12, 195.28
1734836299, 52, 103, 119, 31, 2, 0.14%, 23, 0, 12, 178.85
1734836391, 52, 103, 120, 32, 2, 0.14%, 23, 0, 12, 301.25
1734836421, 52, 103, 121, 33, 2, 0.14%, 23, 0, 12, 297.54
1734836457, 52, 103, 122, 34, 2, 0.14%, 23, 0, 12, 294.94
1734836467, 52, 103, 123, 35, 2, 0.14%, 23, 0, 12, 303.73
1734836483, 52, 103, 124, 36, 2, 0.14%, 23, 0, 12, 294.43
1734836518, 52, 106, 124, 35, 3, 0.14%, 23, 0, 12, 314.47
1734836538, 52, 106, 125, 36, 3, 0.14%, 23, 0, 12, 283.85
1734836548, 52, 106, 126, 37, 3, 0.14%, 23, 0, 12, 282.83
1734836666, 52, 106, 127, 38, 3, 0.15%, 24, 0, 12, 261.36
1734836676, 52, 118, 127, 37, 3, 0.15%, 24, 0, 12, 229.10
1734836681, 52, 118, 128, 38, 3, 0.15%, 25, 0, 13, 181.71
1734836747, 52, 118, 129, 39, 3, 0.15%, 26, 0, 13, 171.13
1734836879, 52, 118, 131, 41, 3, 0.16%, 28, 0, 13, 189.06
1734836894, 52, 118, 132, 42, 3, 0.16%, 28, 0, 13, 306.46
1734837026, 52, 123, 132, 41, 7, 0.16%, 28, 0, 13, 192.32
1734837168, 52, 123, 133, 42, 7, 0.16%, 28, 0, 13, 303.00
1734837305, 52, 126, 133, 41, 6, 0.16%, 28, 0, 13, 230.17
1734837397, 52, 127, 133, 40, 5, 0.16%, 28, 0, 13, 221.19
1734837635, 52, 127, 134, 41, 5, 0.16%, 28, 0, 14, 304.09
1734837670, 52, 127, 135, 42, 5, 0.16%, 28, 0, 14, 307.86
1734837742, 52, 128, 135, 41, 5, 0.16%, 28, 0, 14, 221.00
1734837980, 52, 128, 136, 42, 5, 0.16%, 28, 0, 14, 297.10
1734838091, 52, 129, 136, 41, 5, 0.16%, 28, 0, 14, 226.25
1734838330, 52, 129, 137, 42, 5, 0.16%, 28, 0, 14, 297.31
1734838441, 52, 130, 137, 41, 5, 0.16%, 28, 0, 14, 242.08
1734838669, 52, 130, 138, 42, 5, 0.16%, 28, 0, 14, 288.86
1734838796, 52, 131, 138, 41, 4, 0.16%, 28, 0, 14, 185.25
1734838872, 52, 131, 140, 43, 4, 0.16%, 28, 0, 14, 297.03
1734839004, 52, 131, 141, 44, 4, 0.16%, 28, 0, 14, 259.66
1734839014, 52, 133, 141, 43, 4, 0.16%, 28, 0, 14, 229.26
1734839182, 52, 135, 141, 42, 3, 0.16%, 28, 0, 14, 262.68
1734839227, 52, 135, 143, 44, 3, 0.16%, 28, 0, 15, 291.22
1734839242, 52, 135, 144, 45, 3, 0.16%, 28, 0, 15, 276.48
1734839374, 52, 136, 144, 44, 2, 0.16%, 28, 0, 15, 185.73
1734839430, 52, 136, 146, 46, 2, 0.16%, 28, 0, 15, 292.36
1734839547, 52, 136, 147, 47, 2, 0.16%, 28, 0, 15, 293.08
1734839577, 52, 138, 147, 46, 2, 0.16%, 28, 0, 15, 188.35
1734839684, 52, 138, 148, 47, 2, 0.16%, 28, 0, 15, 283.85
1734839800, 52, 146, 148, 46, 1, 0.16%, 28, 0, 15, 246.98
1734840054, 52, 146, 149, 47, 1, 0.16%, 28, 0, 16, 286.72
1734840191, 52, 147, 149, 46, 0, 0.16%, 28, 0, 16, 226.15
1734840373, 52, 147, 150, 47, 0, 0.16%, 28, 0, 16, 288.50
1734840424, 52, 147, 151, 48, 0, 0.16%, 28, 0, 16, 288.16
1734840515, 53, 11, 151, 47, 0, 0.16%, 28, 0, 16, 279.45
1734840520, 53, 13, 151, 47, 0, 0.16%, 28, 0, 16, 268.74
1734840525, 53, 16, 151, 47, 0, 0.16%, 28, 0, 16, 278.75
1734840530, 53, 18, 152, 48, 0, 0.16%, 28, 0, 16, 270.97
1734840535, 53, 19, 152, 48, 0, 0.16%, 28, 0, 16, 260.19
1734840540, 53, 38, 152, 48, 0, 0.16%, 28, 0, 16, 289.87
1734840546, 53, 51, 152, 48, 0, 0.16%, 28, 0, 16, 278.58
1734840551, 53, 68, 152, 48, 0, 0.16%, 28, 0, 16, 294.54
1734840556, 53, 75, 152, 48, 0, 0.16%, 28, 0, 16, 298.86
1734840571, 53, 75, 153, 49, 0, 0.16%, 28, 0, 16, 281.04
1734840576, 53, 77, 153, 49, 0, 0.16%, 28, 0, 16, 260.28
1734840596, 53, 83, 153, 49, 0, 0.16%, 28, 0, 16, 275.05
1734840652, 53, 83, 154, 50, 0, 0.16%, 28, 0, 16, 264.07
1734840667, 53, 85, 154, 49, 0, 0.16%, 28, 0, 16, 262.26
1734840708, 53, 89, 154, 49, 0, 0.16%, 28, 0, 16, 249.17
1734840881, 53, 95, 154, 48, 0, 0.16%, 28, 0, 16, 299.93
1734840921, 53, 95, 155, 49, 0, 0.16%, 28, 0, 16, 318.45
1734840946, 53, 95, 156, 50, 0, 0.16%, 28, 0, 16, 282.45
1734841028, 53, 95, 157, 51, 0, 0.17%, 29, 0, 16, 276.40
1734841033, 53, 156, 158, 51, 1, 0.18%, 30, 0, 16, 289.37
1734841038, 53, 156, 164, 57, 1, 0.20%, 34, 0, 16, 332.60
1734841048, 53, 156, 165, 58, 1, 0.20%, 34, 0, 16, 360.06
1734841053, 53, 156, 166, 59, 1, 0.20%, 34, 0, 16, 309.13
1734841058, 53, 156, 167, 60, 1, 0.20%, 34, 0, 16, 297.59
1734841073, 53, 156, 168, 61, 1, 0.20%, 34, 0, 16, 289.76
1734841109, 53, 156, 169, 62, 1, 0.20%, 34, 0, 16, 289.36
1734841140, 53, 156, 170, 63, 1, 0.20%, 34, 0, 16, 292.69
1734841155, 53, 156, 171, 64, 1, 0.20%, 34, 0, 16, 305.20
1734841185, 53, 157, 171, 63, 6, 0.20%, 34, 0, 16, 313.20
1734841190, 53, 157, 172, 64, 6, 0.20%, 34, 0, 16, 342.72
1734841246, 53, 157, 173, 65, 6, 0.20%, 34, 0, 16, 292.23
1734841266, 53, 157, 174, 66, 6, 0.20%, 34, 0, 16, 296.95
1734841282, 53, 157, 175, 67, 6, 0.20%, 34, 0, 16, 288.98
1734841343, 53, 158, 176, 67, 5, 0.20%, 34, 0, 16, 350.36
1734841348, 53, 158, 177, 68, 5, 0.20%, 34, 0, 16, 366.31
1734841363, 53, 158, 178, 69, 5, 0.20%, 34, 0, 16, 290.17
1734841490, 53, 160, 178, 68, 4, 0.20%, 34, 0, 16, 306.42
1734841495, 53, 160, 182, 72, 4, 0.20%, 35, 0, 16, 336.22
1734841501, 53, 160, 184, 74, 4, 0.20%, 35, 0, 16, 384.35
1734841577, 53, 160, 185, 75, 4, 0.20%, 35, 0, 16, 273.59
1734841592, 53, 163, 187, 76, 5, 0.20%, 35, 0, 16, 323.51
1734841597, 53, 163, 189, 78, 5, 0.20%, 35, 0, 16, 353.78
1734841689, 53, 167, 189, 77, 5, 0.20%, 35, 0, 16, 314.57
1734841785, 53, 175, 189, 76, 4, 0.20%, 35, 0, 16, 326.10
1734841790, 53, 175, 192, 79, 4, 0.20%, 35, 0, 16, 339.09
1734841847, 53, 175, 193, 80, 4, 0.20%, 35, 0, 16, 282.53
1734841872, 53, 175, 194, 81, 4, 0.20%, 35, 0, 16, 283.35
1734841912, 53, 175, 195, 82, 4, 0.20%, 35, 0, 16, 301.66
1734841928, 53, 175, 196, 83, 4, 0.20%, 35, 0, 16, 309.42
1734841938, 53, 178, 196, 82, 3, 0.20%, 35, 0, 16, 297.73
1734842039, 53, 180, 196, 81, 2, 0.20%, 35, 0, 16, 338.12
1734842070, 53, 180, 197, 82, 2, 0.20%, 35, 0, 16, 286.02
1734842090, 53, 180, 198, 83, 2, 0.20%, 35, 0, 16, 301.35
1734842192, 53, 188, 198, 82, 1, 0.20%, 35, 0, 16, 367.82
1734842227, 53, 188, 199, 83, 1, 0.20%, 35, 0, 16, 293.15
1734842274, 53, 188, 200, 84, 1, 0.20%, 35, 0, 16, 288.84
1734842345, 53, 191, 200, 83, 0, 0.20%, 35, 0, 16, 322.05
1734842437, 54, 11, 200, 82, 0, 0.20%, 35, 0, 16, 280.95
1734842442, 54, 16, 200, 82, 0, 0.20%, 35, 0, 16, 269.84
1734842447, 54, 18, 200, 82, 0, 0.20%, 35, 0, 16, 239.55
1734842452, 54, 19, 200, 82, 0, 0.20%, 35, 0, 16, 244.84
1734842457, 54, 35, 200, 82, 0, 0.20%, 35, 0, 16, 261.46
1734842462, 54, 54, 200, 82, 0, 0.20%, 35, 0, 16, 273.60
1734842467, 54, 75, 200, 82, 0, 0.20%, 35, 0, 16, 247.03
1734842477, 54, 77, 200, 82, 0, 0.20%, 35, 0, 16, 269.72
1734842498, 54, 78, 200, 82, 0, 0.20%, 35, 0, 16, 341.76
1734842528, 54, 85, 200, 81, 0, 0.20%, 35, 0, 16, 263.21
1734842569, 54, 88, 200, 81, 0, 0.20%, 35, 0, 16, 387.41
1734842599, 54, 88, 201, 82, 0, 0.20%, 35, 0, 16, 261.11
1734842685, 54, 96, 201, 81, 0, 0.20%, 35, 0, 16, 277.08
1734842731, 54, 98, 201, 81, 0, 0.20%, 35, 0, 16, 263.82
1734842761, 54, 99, 201, 81, 0, 0.20%, 35, 0, 16, 272.93
1734842802, 54, 102, 201, 81, 0, 0.20%, 35, 0, 16, 296.34
1734842862, 54, 102, 202, 82, 0, 0.20%, 35, 0, 16, 255.21
1734842948, 54, 102, 203, 83, 0, 0.20%, 35, 0, 16, 314.27
1734842953, 54, 102, 205, 85, 0, 0.20%, 35, 0, 16, 318.03
1734842968, 54, 106, 205, 84, 0, 0.20%, 35, 0, 16, 294.94
1734842999, 54, 109, 205, 84, 0, 0.20%, 35, 0, 16, 284.72
1734843076, 54, 111, 205, 83, 0, 0.20%, 35, 0, 16, 290.33
1734843182, 54, 112, 205, 82, 0, 0.20%, 35, 0, 16, 315.92
1734843273, 54, 114, 205, 81, 0, 0.20%, 35, 0, 16, 316.12
1734843369, 54, 115, 205, 80, 0, 0.20%, 35, 0, 16, 326.38
1734843446, 54, 119, 205, 79, 0, 0.20%, 35, 0, 16, 185.10
