# unix_time, cycles_done, cur_path, paths_total, pending_total, pending_favs, map_size, unique_crashes, unique_hangs, max_depth, execs_per_sec
1734505104, 0, 0, 10, 10, 1, 0.00%, 0, 0, 1, 145.99
1734505115, 0, 1, 10, 9, 0, 0.00%, 0, 0, 1, 167.69
1734505125, 0, 2, 10, 8, 0, 0.00%, 0, 0, 1, 185.77
1734505130, 0, 3, 10, 7, 0, 0.00%, 0, 0, 1, 177.32
1734505140, 0, 4, 10, 6, 0, 0.00%, 0, 0, 1, 168.48
1734505150, 0, 5, 10, 5, 0, 0.00%, 0, 0, 1, 183.00
1734505155, 0, 6, 10, 4, 0, 0.00%, 0, 0, 1, 176.82
1734505166, 0, 7, 10, 3, 0, 0.00%, 0, 0, 1, 178.80
1734505176, 0, 8, 10, 2, 0, 0.00%, 0, 0, 1, 182.08
1734505181, 0, 9, 10, 1, 0, 0.00%, 0, 0, 1, 167.93
1734505191, 1, 0, 10, 0, 0, 0.00%, 0, 0, 1, 174.65
1734505196, 1, 1, 10, 0, 0, 0.00%, 0, 0, 1, 176.23
1734505201, 1, 3, 10, 0, 0, 0.00%, 0, 0, 1, 182.53
1734505206, 1, 4, 10, 0, 0, 0.00%, 0, 0, 1, 180.03
1734505211, 1, 5, 10, 0, 0, 0.00%, 0, 0, 1, 182.65
1734505216, 1, 6, 10, 0, 0, 0.00%, 0, 0, 1, 181.77
1734505221, 1, 8, 10, 0, 0, 0.00%, 0, 0, 1, 179.51
1734505226, 1, 9, 10, 0, 0, 0.00%, 0, 0, 1, 181.87
1734505232, 2, 0, 10, 0, 0, 0.00%, 0, 0, 1, 181.24
1734505237, 2, 1, 10, 0, 0, 0.00%, 0, 0, 1, 181.93
1734505242, 2, 3, 10, 0, 0, 0.00%, 0, 0, 1, 181.09
1734505247, 2, 4, 10, 0, 0, 0.00%, 0, 0, 1, 182.89
1734505252, 2, 5, 10, 0, 0, 0.00%, 0, 0, 1, 179.17
1734505257, 2, 6, 10, 0, 0, 0.00%, 0, 0, 1, 179.89
1734505262, 2, 8, 10, 0, 0, 0.00%, 0, 0, 1, 179.89
1734505267, 2, 9, 10, 0, 0, 0.00%, 0, 0, 1, 178.04
1734505273, 3, 0, 10, 0, 0, 0.00%, 0, 0, 1, 181.77
1734505278, 3, 1, 10, 0, 0, 0.00%, 0, 0, 1, 181.29
1734505283, 3, 3, 10, 0, 0, 0.00%, 0, 0, 1, 180.51
1734505288, 3, 4, 10, 0, 0, 0.00%, 0, 0, 1, 178.02
1734505293, 3, 5, 10, 0, 0, 0.00%, 0, 0, 1, 180.63
1734505298, 3, 6, 10, 0, 0, 0.00%, 0, 0, 1, 180.78
1734505303, 3, 8, 10, 0, 0, 0.00%, 0, 0, 1, 177.72
1734505308, 3, 9, 10, 0, 0, 0.00%, 0, 0, 1, 182.36
1734505313, 4, 0, 10, 0, 0, 0.00%, 0, 0, 1, 179.23
1734505319, 4, 1, 10, 0, 0, 0.00%, 0, 0, 1, 180.23
1734505324, 4, 3, 10, 0, 0, 0.00%, 0, 0, 1, 180.18
1734505329, 4, 4, 10, 0, 0, 0.00%, 0, 0, 1, 179.43
1734505334, 4, 5, 10, 0, 0, 0.00%, 0, 0, 1, 181.03
1734505339, 4, 6, 10, 0, 0, 0.00%, 0, 0, 1, 178.89
1734505344, 4, 8, 10, 0, 0, 0.00%, 0, 0, 1, 179.27
1734505349, 4, 9, 10, 0, 0, 0.00%, 0, 0, 1, 182.60
1734505354, 5, 0, 10, 0, 0, 0.00%, 0, 0, 1, 176.29
1734505359, 5, 1, 10, 0, 0, 0.00%, 0, 0, 1, 181.00
1734505364, 5, 3, 10, 0, 0, 0.00%, 0, 0, 1, 183.61
1734505369, 5, 4, 10, 0, 0, 0.00%, 0, 0, 1, 182.45
1734505374, 5, 5, 10, 0, 0, 0.00%, 0, 0, 1, 185.26
1734505380, 5, 6, 10, 0, 0, 0.00%, 0, 0, 1, 180.62
1734505385, 5, 8, 10, 0, 0, 0.00%, 0, 0, 1, 179.19
1734505390, 5, 9, 10, 0, 0, 0.00%, 0, 0, 1, 176.48
1734505395, 6, 0, 10, 0, 0, 0.00%, 0, 0, 1, 179.02
1734505400, 6, 1, 10, 0, 0, 0.00%, 0, 0, 1, 176.91
1734505405, 6, 3, 10, 0, 0, 0.00%, 0, 0, 1, 180.88
1734505410, 6, 4, 10, 0, 0, 0.00%, 0, 0, 1, 177.59
1734505415, 6, 5, 10, 0, 0, 0.00%, 0, 0, 1, 178.17
1734505420, 6, 6, 10, 0, 0, 0.00%, 0, 0, 1, 181.35
1734505425, 6, 8, 10, 0, 0, 0.00%, 0, 0, 1, 181.22
1734505430, 6, 9, 10, 0, 0, 0.00%, 0, 0, 1, 185.23
1734505435, 7, 0, 10, 0, 0, 0.00%, 0, 0, 1, 183.55
1734505441, 7, 1, 11, 1, 0, 0.05%, 1, 0, 2, 180.11
1734505446, 7, 10, 16, 6, 1, 0.06%, 5, 0, 3, 208.07
1734505471, 7, 10, 17, 7, 1, 0.06%, 6, 0, 3, 193.55
1734505486, 7, 10, 18, 8, 1, 0.06%, 6, 0, 3, 197.20
1734505497, 7, 10, 19, 9, 1, 0.06%, 6, 0, 3, 197.56
1734505594, 7, 12, 19, 8, 4, 0.06%, 6, 0, 3, 218.35
1734505615, 7, 12, 20, 9, 4, 0.06%, 7, 0, 4, 197.90
1734505640, 7, 12, 21, 10, 4, 0.06%, 7, 0, 4, 197.36
1734505651, 7, 12, 22, 11, 4, 0.06%, 8, 0, 4, 197.27
1734505768, 7, 12, 24, 13, 4, 0.06%, 8, 0, 4, 225.83
1734505778, 7, 13, 24, 12, 5, 0.06%, 8, 0, 4, 227.24
1734505818, 7, 14, 24, 11, 4, 0.06%, 8, 0, 4, 226.73
1734505834, 7, 14, 25, 12, 4, 0.06%, 8, 0, 4, 203.95
1734505849, 7, 14, 26, 13, 4, 0.06%, 8, 0, 4, 205.22
1734505895, 7, 14, 27, 14, 4, 0.06%, 9, 0, 4, 206.89
1734505935, 7, 14, 28, 15, 4, 0.06%, 9, 0, 4, 207.04
1734505950, 7, 16, 28, 14, 4, 0.06%, 9, 0, 4, 263.69
1734505955, 7, 16, 29, 15, 4, 0.06%, 9, 0, 4, 228.22
1734505960, 7, 16, 30, 16, 4, 0.06%, 9, 0, 4, 221.65
1734505970, 7, 16, 31, 17, 4, 0.06%, 9, 0, 4, 223.07
1734505985, 7, 16, 32, 18, 4, 0.06%, 9, 0, 4, 221.10
1734505996, 7, 16, 33, 19, 4, 0.06%, 9, 0, 4, 220.84
1734506006, 7, 16, 34, 20, 4, 0.06%, 9, 0, 4, 221.76
1734506036, 7, 16, 35, 21, 4, 0.06%, 9, 0, 4, 222.13
1734506067, 7, 16, 38, 24, 4, 0.06%, 9, 0, 4, 256.00
1734506077, 7, 19, 38, 23, 4, 0.06%, 9, 0, 4, 264.01
1734506127, 7, 19, 39, 24, 4, 0.06%, 9, 0, 5, 212.94
1734506143, 7, 19, 40, 25, 4, 0.06%, 9, 0, 5, 208.51
1734506219, 7, 21, 40, 24, 3, 0.06%, 9, 0, 5, 266.96
1734506264, 7, 21, 41, 25, 3, 0.06%, 9, 0, 5, 219.00
1734506274, 7, 21, 42, 26, 3, 0.06%, 9, 0, 5, 218.51
1734506320, 7, 21, 43, 27, 3, 0.06%, 9, 0, 5, 223.39
1734506346, 7, 21, 45, 29, 3, 0.06%, 9, 0, 5, 286.00
1734506361, 7, 26, 45, 28, 2, 0.06%, 9, 0, 5, 239.14
1734506376, 7, 26, 46, 29, 2, 0.06%, 9, 0, 5, 216.46
1734506447, 7, 26, 47, 30, 2, 0.06%, 9, 0, 5, 235.18
1734506457, 7, 34, 47, 29, 1, 0.06%, 9, 0, 5, 257.14
1734506498, 7, 34, 50, 32, 1, 0.06%, 9, 0, 5, 267.51
1734506513, 7, 34, 53, 35, 1, 0.06%, 9, 0, 5, 214.25
1734506518, 7, 40, 53, 34, 0, 0.06%, 9, 0, 5, 268.00
1734506697, 7, 41, 53, 33, 0, 0.06%, 9, 0, 5, 308.19
1734506727, 7, 41, 54, 34, 0, 0.06%, 9, 0, 6, 221.95
1734506793, 7, 45, 54, 33, 0, 0.06%, 9, 0, 6, 238.94
1734506803, 7, 45, 55, 34, 0, 0.06%, 9, 0, 6, 219.03
1734506829, 7, 45, 56, 35, 0, 0.06%, 9, 0, 6, 211.07
1734506946, 7, 45, 57, 36, 0, 0.06%, 9, 0, 6, 220.75
1734506966, 7, 47, 57, 35, 0, 0.06%, 9, 0, 6, 183.52
1734508782, 7, 47, 59, 37, 0, 0.06%, 9, 0, 6, 244.65
1734508787, 7, 52, 59, 36, 0, 0.06%, 9, 0, 6, 247.19
1734508848, 7, 52, 61, 38, 0, 0.06%, 9, 0, 6, 430.96
1734509225, 7, 56, 61, 37, 0, 0.06%, 9, 0, 6, 344.14
1734509255, 7, 56, 62, 38, 0, 0.06%, 9, 0, 7, 240.26
1734509311, 7, 56, 64, 40, 0, 0.06%, 9, 0, 7, 259.36
1734509316, 7, 58, 64, 39, 0, 0.06%, 9, 0, 7, 341.28
1734509347, 7, 58, 65, 40, 0, 0.06%, 9, 0, 7, 247.00
1734509408, 8, 10, 65, 39, 0, 0.06%, 9, 0, 7, 254.72
1734509413, 8, 12, 65, 39, 0, 0.06%, 9, 0, 7, 232.45
1734509418, 8, 13, 65, 39, 0, 0.06%, 9, 0, 7, 233.76
1734509423, 8, 14, 65, 39, 0, 0.06%, 9, 0, 7, 219.74
1734509428, 8, 15, 65, 39, 0, 0.06%, 9, 0, 7, 262.47
1734509454, 8, 19, 65, 38, 0, 0.06%, 9, 0, 7, 255.36
1734509469, 8, 21, 65, 38, 0, 0.06%, 9, 0, 7, 230.55
1734509474, 8, 21, 66, 39, 0, 0.06%, 9, 0, 7, 227.36
1734509484, 8, 24, 66, 39, 0, 0.06%, 9, 0, 7, 244.47
1734509540, 8, 25, 66, 38, 0, 0.06%, 9, 0, 7, 379.51
1734509595, 8, 26, 66, 37, 0, 0.06%, 9, 0, 7, 272.27
1734509606, 8, 34, 66, 37, 0, 0.06%, 9, 0, 7, 268.14
1734509616, 8, 38, 66, 37, 0, 0.06%, 9, 0, 7, 301.22
1734509661, 8, 50, 66, 36, 0, 0.06%, 9, 0, 7, 341.82
1734509712, 8, 54, 66, 35, 0, 0.06%, 9, 0, 7, 333.97
1734509758, 8, 62, 66, 34, 0, 0.06%, 9, 0, 7, 308.41
1734509768, 8, 62, 67, 35, 0, 0.06%, 9, 0, 8, 289.09
1734509788, 8, 62, 68, 36, 0, 0.06%, 9, 0, 8, 301.96
1734509819, 8, 62, 69, 37, 0, 0.06%, 9, 0, 8, 309.04
1734509890, 8, 63, 69, 36, 0, 0.06%, 9, 0, 8, 367.28
1734510013, 8, 64, 69, 35, 0, 0.06%, 9, 0, 8, 332.86
1734510033, 8, 64, 70, 36, 0, 0.06%, 9, 0, 8, 317.19
1734510094, 8, 65, 70, 35, 0, 0.06%, 9, 0, 8, 369.63
1734510221, 9, 10, 70, 34, 0, 0.06%, 9, 0, 8, 267.93
1734510226, 9, 12, 70, 34, 0, 0.06%, 9, 0, 8, 282.04
1734510231, 9, 13, 70, 34, 0, 0.06%, 9, 0, 8, 284.53
1734510236, 9, 14, 70, 34, 0, 0.06%, 9, 0, 8, 289.38
1734510242, 9, 19, 70, 34, 0, 0.06%, 9, 0, 8, 273.62
1734510252, 9, 21, 70, 34, 0, 0.06%, 9, 0, 8, 294.16
1734510262, 9, 23, 70, 34, 0, 0.06%, 9, 0, 8, 336.41
1734510369, 9, 26, 70, 33, 0, 0.06%, 9, 0, 8, 273.33
1734510379, 9, 28, 70, 33, 0, 0.06%, 9, 0, 8, 291.84
1734510424, 9, 32, 70, 32, 0, 0.06%, 9, 0, 8, 330.29
1734510470, 9, 34, 70, 31, 0, 0.06%, 9, 0, 8, 292.78
1734510481, 9, 36, 70, 31, 0, 0.06%, 9, 0, 8, 366.14
1734510531, 9, 47, 70, 30, 0, 0.06%, 9, 0, 8, 290.14
1734510541, 10, 10, 70, 30, 0, 0.06%, 9, 0, 8, 277.43
1734510546, 10, 11, 70, 30, 0, 0.06%, 9, 0, 8, 303.41
1734510572, 10, 12, 70, 29, 0, 0.06%, 9, 0, 8, 288.04
1734510577, 10, 13, 70, 29, 0, 0.06%, 9, 0, 8, 289.38
1734510582, 10, 14, 70, 29, 0, 0.06%, 9, 0, 8, 275.13
1734510587, 10, 19, 70, 29, 0, 0.06%, 9, 0, 8, 266.54
1734510597, 10, 21, 70, 29, 0, 0.06%, 9, 0, 8, 282.60
1734510607, 10, 23, 70, 29, 0, 0.06%, 9, 0, 8, 294.22
1734510618, 10, 26, 70, 29, 0, 0.06%, 9, 0, 8, 264.76
1734510628, 10, 30, 70, 29, 0, 0.06%, 9, 0, 8, 410.68
1734510669, 10, 30, 71, 30, 0, 0.06%, 9, 0, 8, 334.99
1734510714, 10, 31, 71, 29, 0, 0.06%, 9, 0, 8, 311.06
1734511045, 10, 34, 71, 28, 0, 0.06%, 9, 0, 8, 290.56
1734511055, 10, 41, 71, 28, 0, 0.06%, 9, 0, 8, 290.99
1734511066, 10, 43, 71, 28, 0, 0.06%, 9, 0, 8, 285.70
1734511893, 10, 46, 71, 27, 0, 0.06%, 9, 0, 8, 237.01
1734513336, 10, 48, 71, 26, 0, 0.06%, 9, 0, 8, 251.33
1734514239, 10, 49, 71, 25, 0, 0.06%, 9, 0, 8, 283.87
1734514825, 10, 61, 71, 24, 0, 0.06%, 9, 0, 8, 311.27
1734514870, 10, 61, 72, 25, 0, 0.06%, 9, 0, 8, 318.02
1734514921, 10, 62, 72, 24, 0, 0.06%, 9, 0, 8, 302.53
1734514936, 10, 67, 72, 24, 0, 0.06%, 9, 0, 8, 406.50
1734515013, 10, 68, 72, 23, 0, 0.06%, 9, 0, 8, 392.74
1734515028, 10, 68, 73, 24, 0, 0.06%, 9, 0, 9, 304.83
1734515038, 10, 68, 74, 25, 0, 0.06%, 9, 0, 9, 280.53
1734515130, 10, 69, 74, 24, 0, 0.06%, 9, 0, 9, 358.47
1734515165, 10, 69, 75, 25, 0, 0.06%, 9, 0, 9, 368.78
1734515267, 10, 73, 75, 24, 0, 0.06%, 9, 0, 9, 344.89
1734515272, 10, 73, 76, 25, 0, 0.06%, 9, 0, 10, 387.45
1734515398, 11, 12, 76, 24, 0, 0.06%, 9, 0, 10, 254.81
1734515404, 11, 14, 76, 24, 0, 0.06%, 9, 0, 10, 248.26
1734515409, 11, 19, 76, 24, 0, 0.06%, 9, 0, 10, 260.09
1734515414, 11, 21, 76, 24, 0, 0.06%, 9, 0, 10, 258.89
1734515419, 11, 26, 76, 24, 0, 0.06%, 9, 0, 10, 253.72
1734515424, 11, 27, 76, 24, 0, 0.06%, 9, 0, 10, 304.39
1734515587, 11, 34, 76, 23, 0, 0.06%, 9, 0, 10, 249.56
1734515592, 11, 38, 76, 23, 0, 0.06%, 9, 0, 10, 266.53
1734515602, 11, 42, 76, 23, 0, 0.06%, 9, 0, 10, 273.06
1734515663, 11, 51, 76, 22, 0, 0.06%, 9, 0, 10, 330.98
1734515796, 11, 63, 76, 21, 0, 0.06%, 9, 0, 10, 297.65
1734515806, 11, 70, 76, 21, 0, 0.06%, 9, 0, 10, 382.34
1734515816, 11, 70, 77, 22, 0, 0.06%, 9, 0, 10, 428.99
1734515892, 12, 10, 77, 21, 0, 0.06%, 9, 0, 10, 301.26
1734515897, 12, 13, 77, 21, 0, 0.06%, 9, 0, 10, 275.67
1734515902, 12, 18, 77, 21, 0, 0.06%, 9, 0, 10, 274.41
1734515933, 12, 19, 77, 20, 0, 0.06%, 9, 0, 10, 278.89
1734515943, 12, 21, 77, 20, 0, 0.06%, 9, 0, 10, 284.66
1734515948, 12, 26, 77, 20, 0, 0.06%, 9, 0, 10, 271.66
1734515953, 12, 34, 77, 20, 0, 0.06%, 9, 0, 10, 276.56
1734515958, 12, 39, 77, 20, 0, 0.06%, 9, 0, 10, 333.95
1734516122, 12, 52, 77, 19, 0, 0.06%, 9, 0, 10, 294.42
1734516132, 12, 59, 77, 19, 0, 0.06%, 9, 0, 10, 341.61
1734516254, 12, 75, 77, 18, 0, 0.06%, 9, 0, 10, 306.93
1734516360, 12, 75, 78, 19, 0, 0.06%, 9, 0, 11, 325.87
1734516421, 13, 12, 78, 18, 0, 0.06%, 9, 0, 11, 288.05
1734516426, 13, 14, 78, 18, 0, 0.06%, 9, 0, 11, 274.92
1734516431, 13, 19, 78, 18, 0, 0.06%, 9, 0, 11, 259.36
1734516436, 13, 20, 78, 18, 0, 0.06%, 9, 0, 11, 314.43
1734516482, 13, 21, 78, 17, 0, 0.06%, 9, 0, 11, 274.83
1734516487, 13, 23, 78, 17, 0, 0.06%, 9, 0, 11, 286.08
1734516497, 13, 26, 78, 17, 0, 0.06%, 9, 0, 11, 257.74
1734516502, 13, 29, 78, 17, 0, 0.06%, 9, 0, 11, 246.49
1734516670, 13, 34, 78, 16, 0, 0.06%, 9, 0, 11, 271.17
1734516675, 13, 39, 78, 16, 0, 0.06%, 9, 0, 11, 283.38
1734516685, 13, 57, 78, 16, 0, 0.06%, 9, 0, 11, 306.57
1734516741, 13, 60, 78, 15, 0, 0.06%, 9, 0, 11, 337.51
1734516864, 13, 66, 78, 14, 0, 0.06%, 9, 0, 11, 276.55
1734516941, 14, 12, 78, 13, 0, 0.06%, 9, 0, 11, 266.44
1734516946, 14, 14, 78, 13, 0, 0.06%, 9, 0, 11, 278.15
1734516951, 14, 19, 78, 13, 0, 0.06%, 9, 0, 11, 274.39
1734516956, 14, 21, 78, 13, 0, 0.06%, 9, 0, 11, 264.73
1734516961, 14, 23, 78, 13, 0, 0.06%, 9, 0, 11, 281.14
1734516971, 14, 26, 78, 13, 0, 0.06%, 9, 0, 11, 274.90
1734516976, 14, 33, 78, 13, 0, 0.06%, 9, 0, 11, 346.78
1734517027, 14, 34, 78, 12, 0, 0.06%, 9, 0, 11, 271.66
1734517032, 14, 46, 78, 12, 0, 0.06%, 9, 0, 11, 298.68
1734517042, 14, 57, 78, 12, 0, 0.06%, 9, 0, 11, 285.82
1734517052, 14, 63, 78, 12, 0, 0.06%, 9, 0, 11, 288.71
1734517062, 14, 71, 78, 12, 0, 0.06%, 9, 0, 11, 344.27
1734517185, 14, 75, 78, 11, 0, 0.06%, 9, 0, 11, 313.85
1734517215, 14, 76, 78, 11, 0, 0.06%, 9, 0, 11, 390.76
1734517282, 14, 76, 79, 12, 0, 0.06%, 9, 0, 11, 327.12
1734517332, 14, 78, 79, 11, 0, 0.06%, 9, 0, 11, 377.18
1734517433, 15, 12, 79, 10, 0, 0.06%, 9, 0, 11, 269.08
1734517438, 15, 14, 79, 10, 0, 0.06%, 9, 0, 11, 269.40
1734517443, 15, 19, 79, 10, 0, 0.06%, 9, 0, 11, 261.40
1734517448, 15, 21, 79, 10, 0, 0.06%, 9, 0, 11, 263.85
1734517454, 15, 26, 79, 10, 0, 0.06%, 9, 0, 11, 274.02
1734517459, 15, 33, 79, 10, 0, 0.06%, 9, 0, 11, 268.82
1734517469, 15, 34, 79, 10, 0, 0.06%, 9, 0, 11, 270.52
1734517474, 15, 51, 79, 10, 0, 0.06%, 9, 0, 11, 281.51
1734517484, 15, 53, 79, 10, 0, 0.06%, 9, 0, 11, 348.83
1734517535, 15, 69, 79, 9, 0, 0.06%, 9, 0, 11, 297.36
1734517565, 15, 72, 79, 9, 0, 0.06%, 9, 0, 11, 351.77
1734517778, 16, 10, 79, 8, 0, 0.06%, 9, 0, 11, 278.68
1734517783, 16, 13, 79, 8, 0, 0.06%, 9, 0, 11, 266.53
1734517788, 16, 17, 79, 8, 0, 0.06%, 9, 0, 11, 308.20
1734517819, 16, 19, 79, 7, 0, 0.06%, 9, 0, 11, 254.30
1734517824, 16, 21, 79, 7, 0, 0.06%, 9, 0, 11, 247.97
1734517829, 16, 23, 79, 7, 0, 0.06%, 9, 0, 11, 275.85
1734517834, 16, 26, 79, 7, 0, 0.06%, 9, 0, 11, 263.35
1734517839, 16, 27, 79, 7, 0, 0.06%, 9, 0, 11, 264.64
1734517850, 16, 34, 79, 7, 0, 0.06%, 9, 0, 11, 259.01
1734517855, 16, 40, 79, 7, 0, 0.06%, 9, 0, 11, 280.19
1734517865, 16, 44, 79, 7, 0, 0.06%, 9, 0, 11, 264.23
1734520421, 16, 66, 79, 6, 0, 0.06%, 9, 0, 11, 311.54
1734520452, 16, 68, 79, 6, 0, 0.06%, 9, 0, 11, 295.21
1734520482, 17, 10, 79, 6, 0, 0.06%, 9, 0, 11, 258.26
1734520487, 17, 13, 79, 6, 0, 0.06%, 9, 0, 11, 270.49
1734520492, 17, 19, 79, 6, 0, 0.06%, 9, 0, 11, 267.08
1734520502, 17, 21, 79, 6, 0, 0.06%, 9, 0, 11, 268.86
1734520507, 17, 22, 79, 6, 0, 0.06%, 9, 0, 11, 281.01
1734520553, 17, 26, 79, 5, 0, 0.06%, 9, 0, 11, 265.41
1734520558, 17, 34, 79, 5, 0, 0.06%, 9, 0, 11, 262.80
1734520563, 17, 35, 79, 5, 0, 0.06%, 9, 0, 11, 265.51
1734520680, 17, 37, 79, 4, 0, 0.06%, 9, 0, 11, 409.53
1734520736, 17, 40, 79, 3, 0, 0.06%, 9, 0, 11, 275.18
1734520746, 17, 69, 79, 3, 0, 0.06%, 9, 0, 11, 273.29
1734520751, 18, 0, 79, 3, 0, 0.06%, 9, 0, 11, 277.21
1734520757, 18, 12, 79, 3, 0, 0.06%, 9, 0, 11, 268.13
1734520762, 18, 14, 79, 3, 0, 0.06%, 9, 0, 11, 264.61
1734520767, 18, 19, 79, 3, 0, 0.06%, 9, 0, 11, 275.07
1734520772, 18, 21, 79, 3, 0, 0.06%, 9, 0, 11, 269.77
1734520777, 18, 26, 79, 3, 0, 0.06%, 9, 0, 11, 271.22
1734520782, 18, 34, 79, 3, 0, 0.06%, 9, 0, 11, 284.91
1734520787, 18, 55, 79, 3, 0, 0.06%, 9, 0, 11, 371.50
1734520843, 18, 69, 79, 2, 0, 0.06%, 9, 0, 11, 289.51
1734520848, 19, 10, 79, 2, 0, 0.06%, 9, 0, 11, 264.58
1734520853, 19, 13, 79, 2, 0, 0.06%, 9, 0, 11, 252.81
1734520858, 19, 19, 79, 2, 0, 0.06%, 9, 0, 11, 254.81
1734520868, 19, 21, 79, 2, 0, 0.06%, 9, 0, 11, 274.15
1734520873, 19, 26, 79, 2, 0, 0.06%, 9, 0, 11, 260.33
1734520878, 19, 28, 79, 2, 0, 0.06%, 9, 0, 11, 249.78
1734520888, 19, 30, 79, 2, 0, 0.06%, 9, 0, 11, 280.89
1734520899, 19, 34, 79, 2, 0, 0.06%, 9, 0, 11, 258.30
1734520904, 19, 51, 79, 2, 0, 0.06%, 9, 0, 11, 265.80
1734520914, 19, 58, 79, 2, 0, 0.06%, 9, 0, 11, 255.83
1734520924, 19, 74, 79, 2, 0, 0.06%, 9, 0, 11, 293.96
1734521061, 19, 77, 79, 1, 0, 0.06%, 9, 0, 11, 291.22
1734521198, 20, 12, 79, 0, 0, 0.06%, 9, 0, 11, 255.51
1734521204, 20, 14, 79, 0, 0, 0.06%, 9, 0, 11, 256.16
1734521209, 20, 19, 79, 0, 0, 0.06%, 9, 0, 11, 247.78
1734521214, 20, 21, 79, 0, 0, 0.06%, 9, 0, 11, 263.50
1734521219, 20, 26, 79, 0, 0, 0.06%, 9, 0, 11, 254.84
1734521224, 20, 34, 79, 0, 0, 0.06%, 9, 0, 11, 261.07
1734521229, 20, 36, 79, 0, 0, 0.06%, 9, 0, 11, 269.32
1734521239, 20, 44, 79, 0, 0, 0.06%, 9, 0, 11, 297.44
1734521249, 20, 50, 79, 0, 0, 0.06%, 9, 0, 11, 276.43
1734521259, 20, 57, 79, 0, 0, 0.06%, 9, 0, 11, 264.71
1734521275, 21, 12, 79, 0, 0, 0.06%, 9, 0, 11, 250.90
1734521280, 21, 14, 79, 0, 0, 0.06%, 9, 0, 11, 248.50
1734521285, 21, 19, 79, 0, 0, 0.06%, 9, 0, 11, 250.80
1734521290, 21, 21, 79, 0, 0, 0.06%, 9, 0, 11, 257.58
1734521295, 21, 26, 79, 0, 0, 0.06%, 9, 0, 11, 255.76
1734521300, 21, 34, 79, 0, 0, 0.06%, 9, 0, 11, 255.60
1734521305, 21, 55, 79, 0, 0, 0.06%, 9, 0, 11, 282.15
1734521315, 21, 59, 79, 0, 0, 0.06%, 9, 0, 11, 278.48
1734521326, 21, 68, 79, 0, 0, 0.06%, 9, 0, 11, 280.87
1734521336, 22, 12, 79, 0, 0, 0.06%, 9, 0, 11, 258.34
1734521341, 22, 14, 79, 0, 0, 0.06%, 9, 0, 11, 257.94
1734521346, 22, 19, 79, 0, 0, 0.06%, 9, 0, 11, 249.95
1734521351, 22, 21, 79, 0, 0, 0.06%, 9, 0, 11, 258.15
1734521356, 22, 26, 79, 0, 0, 0.06%, 9, 0, 11, 257.31
1734521361, 22, 34, 79, 0, 0, 0.06%, 9, 0, 11, 268.91
1734521366, 22, 36, 79, 0, 0, 0.06%, 9, 0, 11, 274.20
1734521376, 22, 75, 79, 0, 0, 0.06%, 9, 0, 11, 265.86
1734521392, 23, 0, 79, 0, 0, 0.06%, 9, 0, 11, 266.98
1734521397, 23, 12, 79, 0, 0, 0.06%, 9, 0, 11, 257.92
1734521402, 23, 14, 79, 0, 0, 0.06%, 9, 0, 11, 262.20
1734521407, 23, 19, 79, 0, 0, 0.06%, 9, 0, 11, 270.46
1734521412, 23, 21, 79, 0, 0, 0.06%, 9, 0, 11, 261.67
1734521417, 23, 26, 79, 0, 0, 0.06%, 9, 0, 11, 260.48
1734521422, 23, 34, 79, 0, 0, 0.06%, 9, 0, 11, 261.28
1734521427, 23, 49, 79, 0, 0, 0.06%, 9, 0, 11, 306.05
1734521437, 23, 65, 79, 0, 0, 0.06%, 9, 0, 11, 285.23
1734521458, 23, 74, 79, 0, 0, 0.06%, 9, 0, 11, 300.61
1734521493, 23, 75, 79, 0, 0, 0.06%, 9, 0, 11, 303.16
1734521509, 24, 12, 79, 0, 0, 0.06%, 9, 0, 11, 269.62
1734521514, 24, 14, 79, 0, 0, 0.06%, 9, 0, 11, 254.96
1734521519, 24, 19, 79, 0, 0, 0.06%, 9, 0, 11, 252.85
1734521524, 24, 21, 79, 0, 0, 0.06%, 9, 0, 11, 253.12
1734521529, 24, 26, 79, 0, 0, 0.06%, 9, 0, 11, 260.58
1734521534, 24, 34, 79, 0, 0, 0.06%, 9, 0, 11, 262.28
1734521539, 24, 44, 79, 0, 0, 0.06%, 9, 0, 11, 270.45
1734521549, 24, 54, 79, 0, 0, 0.06%, 9, 0, 11, 266.04
1734521564, 25, 12, 79, 0, 0, 0.06%, 9, 0, 11, 251.90
1734521569, 25, 14, 79, 0, 0, 0.06%, 9, 0, 11, 254.10
1734521574, 25, 19, 79, 0, 0, 0.06%, 9, 0, 11, 259.55
1734521579, 25, 21, 79, 0, 0, 0.06%, 9, 0, 11, 262.64
1734521585, 25, 26, 79, 0, 0, 0.06%, 9, 0, 11, 250.72
1734521590, 25, 27, 79, 0, 0, 0.06%, 9, 0, 11, 286.05
1734521600, 25, 28, 79, 0, 0, 0.06%, 9, 0, 11, 254.89
1734521610, 25, 34, 79, 0, 0, 0.06%, 9, 0, 11, 259.43
1734521615, 26, 10, 79, 0, 0, 0.06%, 9, 0, 11, 255.23
1734521620, 26, 13, 79, 0, 0, 0.06%, 9, 0, 11, 267.38
1734521625, 26, 14, 79, 0, 0, 0.06%, 9, 0, 11, 263.53
1734521630, 26, 19, 79, 0, 0, 0.06%, 9, 0, 11, 269.72
1734521635, 26, 21, 79, 0, 0, 0.06%, 9, 0, 11, 269.32
1734521640, 26, 26, 79, 0, 0, 0.06%, 9, 0, 11, 262.82
1734521645, 26, 34, 79, 0, 0, 0.06%, 9, 0, 11, 257.81
1734521650, 26, 59, 79, 0, 0, 0.06%, 9, 0, 11, 272.09
1734521660, 27, 8, 79, 0, 0, 0.06%, 9, 0, 11, 271.95
1734521666, 27, 12, 79, 0, 0, 0.06%, 9, 0, 11, 264.06
1734521671, 27, 14, 79, 0, 0, 0.06%, 9, 0, 11, 258.41
1734521676, 27, 19, 79, 0, 0, 0.06%, 9, 0, 11, 263.87
1734521681, 27, 21, 79, 0, 0, 0.06%, 9, 0, 11, 263.76
1734521686, 27, 25, 79, 0, 0, 0.06%, 9, 0, 11, 267.77
1734521696, 27, 26, 79, 0, 0, 0.06%, 9, 0, 11, 262.37
1734521701, 27, 34, 79, 0, 0, 0.06%, 9, 0, 11, 250.72
1734521706, 27, 44, 79, 0, 0, 0.06%, 9, 0, 11, 304.51
1734521716, 27, 46, 79, 0, 0, 0.06%, 9, 0, 11, 313.09
1734521726, 27, 67, 79, 0, 0, 0.06%, 9, 0, 11, 266.59
1734521757, 28, 10, 79, 0, 0, 0.06%, 9, 0, 11, 257.25
1734521762, 28, 13, 79, 0, 0, 0.06%, 9, 0, 11, 257.76
1734521767, 28, 18, 79, 0, 0, 0.06%, 9, 0, 11, 260.72
1734521772, 28, 19, 79, 0, 0, 0.06%, 9, 0, 11, 256.82
1734521783, 28, 21, 79, 0, 0, 0.06%, 9, 0, 11, 271.90
1734521788, 28, 26, 79, 0, 0, 0.06%, 9, 0, 11, 267.42
1734521793, 28, 32, 79, 0, 0, 0.06%, 9, 0, 11, 268.29
1734521803, 28, 34, 79, 0, 0, 0.06%, 9, 0, 11, 260.60
1734521808, 28, 64, 79, 0, 0, 0.06%, 9, 0, 11, 271.37
1734521818, 28, 71, 79, 0, 0, 0.06%, 9, 0, 11, 289.68
1734521849, 29, 12, 79, 0, 0, 0.06%, 9, 0, 11, 274.91
1734521854, 29, 14, 79, 0, 0, 0.06%, 9, 0, 11, 272.98
1734521859, 29, 19, 79, 0, 0, 0.06%, 9, 0, 11, 257.43
1734521864, 29, 21, 79, 0, 0, 0.06%, 9, 0, 11, 265.43
1734521869, 29, 26, 79, 0, 0, 0.06%, 9, 0, 11, 256.14
1734521874, 29, 33, 79, 0, 0, 0.06%, 9, 0, 11, 270.53
1734521884, 29, 34, 79, 0, 0, 0.06%, 9, 0, 11, 270.27
1734521889, 29, 73, 79, 0, 0, 0.06%, 9, 0, 11, 302.21
1734521920, 30, 12, 79, 0, 0, 0.06%, 9, 0, 11, 279.26
1734521925, 30, 13, 79, 0, 0, 0.06%, 9, 0, 11, 262.22
1734521930, 30, 19, 79, 0, 0, 0.06%, 9, 0, 11, 246.50
1734521935, 30, 21, 79, 0, 0, 0.06%, 9, 0, 11, 261.12
1734521940, 30, 25, 79, 0, 0, 0.06%, 9, 0, 11, 266.47
1734521950, 30, 26, 79, 0, 0, 0.06%, 9, 0, 11, 262.15
1734521960, 30, 34, 79, 0, 0, 0.06%, 9, 0, 11, 261.29
1734521965, 30, 46, 79, 0, 0, 0.06%, 9, 0, 11, 302.98
1734521975, 31, 12, 79, 0, 0, 0.06%, 9, 0, 11, 254.72
1734521980, 31, 14, 79, 0, 0, 0.06%, 9, 0, 11, 246.44
1734521985, 31, 19, 79, 0, 0, 0.06%, 9, 0, 11, 258.14
1734521990, 31, 21, 79, 0, 0, 0.06%, 9, 0, 11, 272.76
1734521995, 31, 26, 79, 0, 0, 0.06%, 9, 0, 11, 260.59
1734522000, 31, 32, 79, 0, 0, 0.06%, 9, 0, 11, 268.75
1734522010, 31, 34, 79, 0, 0, 0.06%, 9, 0, 11, 267.73
1734522016, 32, 9, 79, 0, 0, 0.06%, 9, 0, 11, 252.68
1734522021, 32, 12, 79, 0, 0, 0.06%, 9, 0, 11, 257.22
1734522026, 32, 14, 79, 0, 0, 0.06%, 9, 0, 11, 252.57
1734522031, 32, 17, 79, 0, 0, 0.06%, 9, 0, 11, 257.63
1734522036, 32, 19, 79, 0, 0, 0.06%, 9, 0, 11, 242.17
1734522041, 32, 21, 79, 0, 0, 0.06%, 9, 0, 11, 248.71
1734522046, 32, 26, 79, 0, 0, 0.06%, 9, 0, 11, 255.16
1734522051, 32, 34, 79, 0, 0, 0.06%, 9, 0, 11, 253.85
1734522056, 32, 47, 79, 0, 0, 0.06%, 9, 0, 11, 289.35
1734522071, 32, 54, 79, 0, 0, 0.06%, 9, 0, 11, 264.82
1734522081, 32, 70, 79, 0, 0, 0.06%, 9, 0, 11, 313.91
1734522097, 32, 77, 79, 0, 0, 0.06%, 9, 0, 11, 311.74
1734522132, 33, 12, 79, 0, 0, 0.06%, 9, 0, 11, 259.45
1734522137, 33, 14, 79, 0, 0, 0.06%, 9, 0, 11, 251.30
1734522142, 33, 19, 79, 0, 0, 0.06%, 9, 0, 11, 254.32
1734522147, 33, 21, 79, 0, 0, 0.06%, 9, 0, 11, 266.53
1734522153, 33, 26, 79, 0, 0, 0.06%, 9, 0, 11, 254.67
1734522158, 33, 30, 79, 0, 0, 0.06%, 9, 0, 11, 284.02
1734522168, 33, 34, 79, 0, 0, 0.06%, 9, 0, 11, 262.41
1734522173, 33, 68, 79, 0, 0, 0.06%, 9, 0, 11, 280.79
1734522183, 34, 12, 79, 0, 0, 0.06%, 9, 0, 11, 254.80
1734522188, 34, 14, 79, 0, 0, 0.06%, 9, 0, 11, 257.10
1734522193, 34, 19, 79, 0, 0, 0.06%, 9, 0, 11, 263.14
1734522198, 34, 21, 79, 0, 0, 0.06%, 9, 0, 11, 261.17
1734522203, 34, 26, 79, 0, 0, 0.06%, 9, 0, 11, 261.20
1734522209, 34, 34, 79, 0, 0, 0.06%, 9, 0, 11, 247.78
1734522214, 34, 38, 79, 0, 0, 0.06%, 9, 0, 11, 256.74
1734522224, 34, 71, 79, 0, 0, 0.06%, 9, 0, 11, 260.45
1734522239, 35, 10, 79, 0, 0, 0.06%, 9, 0, 11, 288.59
1734522244, 35, 13, 79, 0, 0, 0.06%, 9, 0, 11, 261.55
1734522249, 35, 19, 79, 0, 0, 0.06%, 9, 0, 11, 264.24
1734522254, 35, 21, 79, 0, 0, 0.06%, 9, 0, 11, 267.88
1734522264, 35, 26, 79, 0, 0, 0.06%, 9, 0, 11, 269.84
1734522269, 35, 34, 79, 0, 0, 0.06%, 9, 0, 11, 263.47
1734522274, 35, 38, 79, 0, 0, 0.06%, 9, 0, 11, 250.13
1734522285, 36, 12, 79, 0, 0, 0.06%, 9, 0, 11, 264.78
1734522290, 36, 13, 79, 0, 0, 0.06%, 9, 0, 11, 257.75
1734522295, 36, 16, 79, 0, 0, 0.06%, 9, 0, 11, 256.43
1734522300, 36, 19, 79, 0, 0, 0.06%, 9, 0, 11, 250.05
1734522305, 36, 21, 79, 0, 0, 0.06%, 9, 0, 11, 246.46
1734522310, 36, 25, 79, 0, 0, 0.06%, 9, 0, 11, 262.19
1734522320, 36, 26, 79, 0, 0, 0.06%, 9, 0, 11, 260.03
1734522330, 36, 34, 79, 0, 0, 0.06%, 9, 0, 11, 272.53
1734522335, 36, 39, 79, 0, 0, 0.06%, 9, 0, 11, 291.53
1734522341, 37, 10, 79, 0, 0, 0.06%, 9, 0, 11, 279.39
1734522346, 37, 12, 79, 0, 0, 0.06%, 9, 0, 11, 256.11
1734522351, 37, 14, 79, 0, 0, 0.06%, 9, 0, 11, 248.63
1734522356, 37, 19, 79, 0, 0, 0.06%, 9, 0, 11, 256.81
1734522361, 37, 21, 79, 0, 0, 0.06%, 9, 0, 11, 260.17
1734522366, 37, 26, 79, 0, 0, 0.06%, 9, 0, 11, 254.66
1734522371, 37, 34, 79, 0, 0, 0.06%, 9, 0, 11, 257.23
1734522376, 37, 38, 79, 0, 0, 0.06%, 9, 0, 11, 261.99
1734522381, 38, 10, 79, 0, 0, 0.06%, 9, 0, 11, 260.44
1734522386, 38, 11, 79, 0, 0, 0.06%, 9, 0, 11, 268.06
1734522392, 38, 13, 79, 0, 0, 0.06%, 9, 0, 11, 261.53
1734522397, 38, 19, 79, 0, 0, 0.06%, 9, 0, 11, 250.76
1734522402, 38, 21, 79, 0, 0, 0.06%, 9, 0, 11, 262.95
1734522412, 38, 24, 79, 0, 0, 0.06%, 9, 0, 11, 244.10
1734522422, 38, 26, 79, 0, 0, 0.06%, 9, 0, 11, 256.29
1734522427, 38, 27, 79, 0, 0, 0.06%, 9, 0, 11, 285.46
1734522437, 38, 29, 79, 0, 0, 0.06%, 9, 0, 11, 287.08
1734522448, 38, 33, 79, 0, 0, 0.06%, 9, 0, 11, 271.89
1734522458, 38, 34, 79, 0, 0, 0.06%, 9, 0, 11, 269.23
1734522463, 38, 41, 79, 0, 0, 0.06%, 9, 0, 11, 252.41
1734522473, 39, 10, 79, 0, 0, 0.06%, 9, 0, 11, 254.51
1734522478, 39, 13, 79, 0, 0, 0.06%, 9, 0, 11, 245.97
1734522483, 39, 19, 79, 0, 0, 0.06%, 9, 0, 11, 259.10
1734522488, 39, 21, 79, 0, 0, 0.06%, 9, 0, 11, 276.48
1734522494, 39, 26, 79, 0, 0, 0.06%, 9, 0, 11, 267.21
1734522504, 39, 32, 79, 0, 0, 0.06%, 9, 0, 11, 271.59
1734522514, 39, 34, 79, 0, 0, 0.06%, 9, 0, 11, 275.44
1734522519, 39, 40, 79, 0, 0, 0.06%, 9, 0, 11, 293.07
1734522529, 39, 53, 79, 0, 0, 0.06%, 9, 0, 11, 275.30
1734522539, 39, 69, 79, 0, 0, 0.06%, 9, 0, 11, 270.47
1734522544, 39, 73, 79, 0, 0, 0.06%, 9, 0, 11, 277.53
1734522560, 40, 10, 79, 0, 0, 0.06%, 9, 0, 11, 268.30
1734522565, 40, 13, 79, 0, 0, 0.06%, 9, 0, 11, 262.64
1734522570, 40, 18, 79, 0, 0, 0.06%, 9, 0, 11, 268.02
1734522580, 40, 19, 79, 0, 0, 0.06%, 9, 0, 11, 270.43
1734522585, 40, 21, 79, 0, 0, 0.06%, 9, 0, 11, 263.78
1734522590, 40, 24, 79, 0, 0, 0.06%, 9, 0, 11, 257.05
1734522600, 40, 26, 79, 0, 0, 0.06%, 9, 0, 11, 269.17
1734522605, 40, 34, 79, 0, 0, 0.06%, 9, 0, 11, 267.39
1734522610, 40, 42, 79, 0, 0, 0.06%, 9, 0, 11, 270.30
1734522620, 40, 48, 79, 0, 0, 0.06%, 9, 0, 11, 301.81
1734522630, 40, 56, 79, 0, 0, 0.06%, 9, 0, 11, 275.17
1734522640, 41, 11, 79, 0, 0, 0.06%, 9, 0, 11, 272.75
1734522646, 41, 12, 79, 0, 0, 0.06%, 9, 0, 11, 269.87
1734522651, 41, 13, 79, 0, 0, 0.06%, 9, 0, 11, 275.69
1734522656, 41, 15, 79, 0, 0, 0.06%, 9, 0, 11, 252.29
1734522661, 41, 18, 79, 0, 0, 0.06%, 9, 0, 11, 269.67
1734522666, 41, 19, 79, 0, 0, 0.06%, 9, 0, 11, 253.54
1734522671, 41, 21, 79, 0, 0, 0.06%, 9, 0, 11, 258.26
1734522681, 41, 25, 79, 0, 0, 0.06%, 9, 0, 11, 261.15
1734522686, 41, 26, 79, 0, 0, 0.06%, 9, 0, 11, 272.21
1734522691, 41, 31, 79, 0, 0, 0.06%, 9, 0, 11, 308.51
1734522701, 41, 34, 79, 0, 0, 0.06%, 9, 0, 11, 269.51
1734522706, 41, 35, 79, 0, 0, 0.06%, 9, 0, 11, 276.62
1734522717, 41, 77, 79, 0, 0, 0.06%, 9, 0, 11, 319.66
1734522742, 42, 10, 79, 0, 0, 0.06%, 9, 0, 11, 301.20
1734522747, 42, 13, 79, 0, 0, 0.06%, 9, 0, 11, 270.10
1734522752, 42, 14, 79, 0, 0, 0.06%, 9, 0, 11, 261.96
1734522757, 42, 19, 79, 0, 0, 0.06%, 9, 0, 11, 269.07
1734522762, 42, 21, 79, 0, 0, 0.06%, 9, 0, 11, 270.44
1734522767, 42, 26, 79, 0, 0, 0.06%, 9, 0, 11, 261.51
1734522772, 42, 34, 79, 0, 0, 0.06%, 9, 0, 11, 268.33
1734522778, 42, 66, 79, 0, 0, 0.06%, 9, 0, 11, 272.02
1734522783, 43, 7, 79, 0, 0, 0.06%, 9, 0, 11, 270.64
1734522788, 43, 12, 79, 0, 0, 0.06%, 9, 0, 11, 249.79
1734522793, 43, 14, 79, 0, 0, 0.06%, 9, 0, 11, 252.36
1734522798, 43, 19, 79, 0, 0, 0.06%, 9, 0, 11, 254.90
1734522803, 43, 21, 79, 0, 0, 0.06%, 9, 0, 11, 261.08
1734522808, 43, 26, 79, 0, 0, 0.06%, 9, 0, 11, 260.69
1734522813, 43, 34, 79, 0, 0, 0.06%, 9, 0, 11, 261.23
1734522818, 43, 38, 79, 0, 0, 0.06%, 9, 0, 11, 264.03
1734522823, 43, 52, 79, 0, 0, 0.06%, 9, 0, 11, 286.25
1734522833, 44, 1, 79, 0, 0, 0.06%, 9, 0, 11, 266.00
1734522838, 44, 12, 79, 0, 0, 0.06%, 9, 0, 11, 255.87
1734522843, 44, 14, 79, 0, 0, 0.06%, 9, 0, 11, 265.68
1734522848, 44, 19, 79, 0, 0, 0.06%, 9, 0, 11, 256.78
1734522853, 44, 21, 79, 0, 0, 0.06%, 9, 0, 11, 265.25
1734522858, 44, 22, 79, 0, 0, 0.06%, 9, 0, 11, 256.94
1734522869, 44, 26, 79, 0, 0, 0.06%, 9, 0, 11, 261.80
1734522874, 44, 34, 79, 0, 0, 0.06%, 9, 0, 11, 259.01
1734522879, 44, 62, 79, 0, 0, 0.06%, 9, 0, 11, 268.71
1734522889, 45, 10, 79, 0, 0, 0.06%, 9, 0, 11, 261.62
1734522894, 45, 12, 79, 0, 0, 0.06%, 9, 0, 11, 252.62
1734522899, 45, 14, 79, 0, 0, 0.06%, 9, 0, 11, 258.52
1734522904, 45, 19, 79, 0, 0, 0.06%, 9, 0, 11, 269.45
1734522909, 45, 21, 79, 0, 0, 0.06%, 9, 0, 11, 269.60
1734522914, 45, 26, 79, 0, 0, 0.06%, 9, 0, 11, 262.06
1734522920, 45, 31, 79, 0, 0, 0.06%, 9, 0, 11, 311.77
1734522930, 45, 34, 79, 0, 0, 0.06%, 9, 0, 11, 275.83
1734522935, 45, 44, 79, 0, 0, 0.06%, 9, 0, 11, 286.31
1734522940, 45, 47, 79, 0, 0, 0.06%, 9, 0, 11, 293.86
1734522950, 45, 55, 79, 0, 0, 0.06%, 9, 0, 11, 275.62
1734522960, 45, 59, 79, 0, 0, 0.06%, 9, 0, 11, 272.81
1734522970, 45, 63, 79, 0, 0, 0.06%, 9, 0, 11, 280.80
1734522981, 45, 70, 79, 0, 0, 0.06%, 9, 0, 11, 308.01
1734522991, 45, 71, 79, 0, 0, 0.06%, 9, 0, 11, 305.10
1734523006, 45, 76, 79, 0, 0, 0.06%, 9, 0, 11, 301.59
1734523026, 46, 10, 79, 0, 0, 0.06%, 9, 0, 11, 258.35
1734523031, 46, 13, 79, 0, 0, 0.06%, 9, 0, 11, 259.63
1734523036, 46, 17, 79, 0, 0, 0.06%, 9, 0, 11, 265.04
1734523042, 46, 19, 79, 0, 0, 0.06%, 9, 0, 11, 264.64
1734523047, 46, 21, 79, 0, 0, 0.06%, 9, 0, 11, 253.22
1734523052, 46, 26, 79, 0, 0, 0.06%, 9, 0, 11, 267.75
1734523057, 46, 28, 79, 0, 0, 0.06%, 9, 0, 11, 263.88
1734523067, 46, 30, 79, 0, 0, 0.06%, 9, 0, 11, 286.43
1734523078, 46, 34, 79, 0, 0, 0.06%, 9, 0, 11, 283.43
1734523088, 46, 46, 79, 0, 0, 0.06%, 9, 0, 11, 263.68
1734523093, 47, 12, 79, 0, 0, 0.06%, 9, 0, 11, 268.86
1734523098, 47, 14, 79, 0, 0, 0.06%, 9, 0, 11, 265.76
