# unix_time, cycles_done, cur_path, paths_total, pending_total, pending_favs, map_size, unique_crashes, unique_hangs, max_depth, execs_per_sec
1734927862, 0, 0, 10, 10, 1, 0.00%, 0, 0, 1, 172.41
1734927868, 0, 2, 10, 10, 1, 0.00%, 0, 0, 1, 203.51
1734927873, 0, 3, 10, 9, 0, 0.00%, 0, 0, 1, 212.14
1734927878, 0, 4, 10, 8, 0, 0.00%, 0, 0, 1, 203.60
1734927888, 0, 5, 10, 7, 0, 0.00%, 0, 0, 1, 213.89
1734927893, 0, 6, 10, 6, 0, 0.00%, 0, 0, 1, 198.94
1734927903, 0, 7, 10, 5, 0, 0.00%, 0, 0, 1, 211.59
1734927909, 0, 8, 10, 4, 0, 0.00%, 0, 0, 1, 215.32
1734927914, 0, 9, 10, 3, 0, 0.00%, 0, 0, 1, 204.63
1734927924, 1, 0, 10, 2, 0, 0.00%, 0, 0, 1, 210.54
1734927934, 1, 1, 10, 1, 0, 0.00%, 0, 0, 1, 212.54
1734927945, 1, 3, 10, 0, 0, 0.00%, 0, 0, 1, 212.71
1734927950, 1, 4, 10, 0, 0, 0.00%, 0, 0, 1, 213.91
1734927955, 1, 6, 10, 0, 0, 0.00%, 0, 0, 1, 218.02
1734927960, 1, 7, 10, 0, 0, 0.00%, 0, 0, 1, 210.81
1734927965, 1, 9, 10, 0, 0, 0.00%, 0, 0, 1, 206.25
1734927970, 2, 0, 10, 0, 0, 0.00%, 0, 0, 1, 209.74
1734927975, 2, 2, 10, 0, 0, 0.00%, 0, 0, 1, 210.43
1734927980, 2, 3, 10, 0, 0, 0.00%, 0, 0, 1, 210.03
1734927985, 2, 5, 10, 0, 0, 0.00%, 0, 0, 1, 210.42
1734927990, 2, 10, 11, 1, 1, 0.05%, 1, 0, 2, 227.44
1734927995, 2, 10, 12, 2, 1, 0.05%, 2, 0, 3, 225.83
1734928036, 2, 11, 15, 4, 1, 0.06%, 5, 0, 4, 231.43
1734928041, 2, 11, 16, 5, 1, 0.06%, 6, 0, 4, 213.31
1734928051, 2, 11, 17, 6, 1, 0.06%, 7, 0, 4, 211.55
1734928056, 2, 11, 18, 7, 1, 0.06%, 7, 0, 4, 214.55
1734928102, 2, 11, 19, 8, 1, 0.06%, 8, 0, 4, 208.20
1734928107, 2, 11, 20, 9, 1, 0.06%, 8, 0, 4, 212.18
1734928132, 2, 11, 21, 10, 1, 0.06%, 8, 0, 4, 210.27
1734928168, 2, 12, 21, 9, 6, 0.06%, 8, 0, 4, 218.63
1734928183, 2, 12, 22, 10, 6, 0.06%, 8, 0, 5, 204.74
1734928203, 2, 12, 23, 11, 6, 0.06%, 8, 0, 5, 206.15
1734928208, 2, 12, 24, 12, 6, 0.06%, 8, 0, 5, 202.34
1734928264, 2, 12, 25, 13, 6, 0.06%, 8, 0, 5, 209.79
1734928294, 2, 12, 27, 15, 6, 0.06%, 8, 0, 5, 225.28
1734928304, 2, 13, 27, 14, 5, 0.06%, 8, 0, 5, 220.26
1734928309, 2, 13, 28, 15, 5, 0.06%, 8, 0, 5, 205.72
1734928319, 2, 13, 29, 16, 5, 0.06%, 8, 0, 5, 202.29
1734928355, 2, 13, 30, 17, 5, 0.06%, 8, 0, 5, 203.87
1734928431, 2, 13, 31, 18, 5, 0.06%, 8, 0, 5, 221.95
1734928436, 2, 14, 31, 17, 4, 0.06%, 8, 0, 5, 245.48
1734928467, 2, 14, 32, 18, 4, 0.06%, 8, 0, 5, 208.91
1734928512, 2, 15, 33, 18, 3, 0.06%, 9, 0, 5, 232.35
1734928553, 2, 18, 33, 17, 3, 0.06%, 9, 0, 5, 218.06
1734928573, 2, 18, 34, 18, 3, 0.06%, 9, 0, 5, 219.13
1734928594, 2, 18, 35, 19, 3, 0.06%, 9, 0, 5, 215.05
1734928629, 2, 18, 36, 20, 3, 0.06%, 9, 0, 5, 215.45
1734928685, 2, 20, 36, 19, 2, 0.06%, 9, 0, 5, 236.00
1734928726, 2, 20, 37, 20, 2, 0.06%, 9, 0, 5, 232.49
1734928731, 2, 25, 37, 19, 1, 0.06%, 9, 0, 5, 298.66
1734928736, 2, 25, 38, 20, 1, 0.06%, 9, 0, 6, 255.69
1734928746, 2, 25, 39, 21, 1, 0.06%, 9, 0, 6, 246.35
1734928843, 2, 32, 39, 20, 1, 0.06%, 9, 0, 6, 255.71
1734928848, 2, 32, 41, 22, 1, 0.06%, 9, 0, 6, 223.71
1734928924, 2, 32, 42, 23, 1, 0.06%, 9, 0, 6, 207.33
1734928944, 2, 32, 43, 24, 1, 0.06%, 9, 0, 6, 211.01
1734928974, 2, 36, 43, 23, 0, 0.06%, 9, 0, 6, 265.93
1734929020, 3, 10, 43, 22, 0, 0.06%, 9, 0, 6, 212.93
1734929025, 3, 11, 43, 22, 0, 0.06%, 9, 0, 6, 219.14
1734929030, 3, 12, 43, 22, 0, 0.06%, 9, 0, 6, 217.80
1734929040, 3, 13, 43, 22, 0, 0.06%, 9, 0, 6, 225.48
1734929051, 3, 13, 44, 23, 0, 0.06%, 9, 0, 6, 214.46
1734929056, 3, 14, 46, 25, 0, 0.06%, 9, 0, 6, 228.35
1734929071, 3, 15, 46, 25, 0, 0.06%, 9, 0, 6, 213.20
1734929081, 3, 18, 46, 25, 0, 0.06%, 9, 0, 6, 218.16
1734929096, 3, 20, 46, 25, 0, 0.06%, 9, 0, 6, 220.49
1734929106, 3, 22, 46, 25, 0, 0.06%, 9, 0, 6, 220.11
1734929111, 3, 22, 47, 26, 0, 0.06%, 9, 0, 6, 257.58
1734929116, 3, 22, 48, 27, 0, 0.06%, 9, 0, 6, 236.22
1734929162, 3, 22, 49, 28, 0, 0.06%, 9, 0, 6, 220.26
1734929167, 3, 22, 50, 29, 0, 0.06%, 9, 0, 6, 225.29
1734929264, 3, 30, 50, 28, 0, 0.06%, 9, 0, 6, 285.24
1734929299, 3, 32, 50, 27, 0, 0.06%, 9, 0, 6, 219.97
1734929310, 3, 34, 51, 28, 0, 0.06%, 9, 0, 6, 258.61
1734929320, 3, 34, 52, 29, 0, 0.06%, 9, 0, 6, 257.32
1734929360, 3, 39, 52, 28, 0, 0.06%, 9, 0, 6, 232.34
1734929380, 3, 39, 53, 29, 0, 0.06%, 9, 0, 7, 225.88
1734929411, 3, 40, 53, 28, 0, 0.06%, 9, 0, 7, 331.69
1734929467, 3, 41, 53, 27, 0, 0.06%, 9, 0, 7, 305.65
1734929498, 3, 46, 53, 26, 0, 0.06%, 9, 0, 7, 382.08
1734929549, 3, 46, 54, 27, 0, 0.06%, 9, 0, 7, 269.29
1734929554, 3, 46, 55, 28, 0, 0.06%, 9, 0, 7, 255.95
1734929559, 3, 53, 55, 27, 0, 0.06%, 9, 0, 7, 343.01
1734929625, 3, 54, 55, 26, 0, 0.06%, 9, 0, 7, 326.80
1734929645, 3, 54, 57, 28, 0, 0.06%, 9, 0, 8, 281.05
1734929655, 4, 10, 57, 27, 0, 0.06%, 9, 0, 8, 244.93
1734929660, 4, 12, 57, 27, 0, 0.06%, 9, 0, 8, 236.45
1734929665, 4, 13, 57, 27, 0, 0.06%, 9, 0, 8, 236.79
1734929670, 4, 14, 57, 27, 0, 0.06%, 9, 0, 8, 250.63
1734929675, 4, 15, 57, 27, 0, 0.06%, 9, 0, 8, 241.09
1734929686, 4, 18, 57, 27, 0, 0.06%, 9, 0, 8, 247.03
1734929691, 4, 20, 57, 27, 0, 0.06%, 9, 0, 8, 235.93
1734929696, 4, 21, 57, 27, 0, 0.06%, 9, 0, 8, 372.06
1734929726, 4, 23, 58, 27, 0, 0.06%, 9, 0, 8, 276.39
1734929752, 4, 29, 58, 26, 0, 0.06%, 9, 0, 8, 278.58
1734929782, 4, 32, 58, 25, 0, 0.06%, 9, 0, 8, 240.84
1734929787, 4, 33, 58, 25, 0, 0.06%, 9, 0, 8, 238.46
1734929802, 4, 33, 59, 26, 0, 0.06%, 9, 0, 8, 243.93
1734929838, 4, 40, 59, 25, 0, 0.06%, 9, 0, 8, 281.77
1734929848, 4, 48, 59, 25, 0, 0.06%, 9, 0, 8, 289.85
1734929874, 4, 48, 61, 27, 0, 0.06%, 9, 0, 8, 265.67
1734929879, 4, 49, 61, 26, 0, 0.06%, 9, 0, 8, 393.01
1734929909, 4, 52, 61, 25, 0, 0.06%, 9, 0, 8, 273.29
1734930265, 4, 52, 62, 26, 0, 0.06%, 9, 0, 8, 353.03
1734930280, 4, 52, 63, 27, 0, 0.06%, 9, 0, 8, 377.03
1734930295, 4, 52, 64, 28, 0, 0.06%, 9, 0, 8, 381.57
1734930300, 4, 52, 65, 29, 0, 0.06%, 9, 0, 8, 372.68
1734930336, 4, 62, 66, 29, 0, 0.06%, 9, 0, 9, 241.95
1734930798, 4, 65, 66, 28, 0, 0.06%, 9, 0, 9, 289.11
1734931265, 5, 11, 66, 27, 0, 0.06%, 9, 0, 9, 243.05
1734931270, 5, 12, 66, 27, 0, 0.06%, 9, 0, 9, 246.92
1734931275, 5, 13, 66, 27, 0, 0.06%, 9, 0, 9, 241.43
1734931280, 5, 14, 66, 27, 0, 0.06%, 9, 0, 9, 243.97
1734931286, 5, 15, 66, 27, 0, 0.06%, 9, 0, 9, 245.71
1734931291, 5, 16, 66, 27, 0, 0.06%, 9, 0, 9, 324.36
1734931321, 5, 18, 66, 26, 0, 0.06%, 9, 0, 9, 255.05
1734931326, 5, 19, 66, 26, 0, 0.06%, 9, 0, 9, 295.26
1734931356, 5, 20, 66, 25, 0, 0.06%, 9, 0, 9, 247.54
1734931362, 5, 28, 66, 25, 0, 0.06%, 9, 0, 9, 394.01
1734931392, 5, 32, 66, 24, 0, 0.06%, 9, 0, 9, 262.27
1734931402, 5, 35, 66, 24, 0, 0.06%, 9, 0, 9, 264.38
1734931433, 5, 45, 66, 23, 0, 0.06%, 9, 0, 9, 277.41
1734931464, 5, 50, 66, 22, 0, 0.06%, 9, 0, 9, 299.97
1734931499, 5, 54, 66, 21, 0, 0.06%, 9, 0, 9, 257.92
1734931509, 5, 56, 66, 21, 0, 0.06%, 9, 0, 9, 225.70
1734932124, 5, 59, 66, 20, 0, 0.06%, 9, 0, 9, 247.98
1734932483, 5, 64, 66, 19, 0, 0.06%, 9, 0, 9, 255.78
1734932787, 5, 64, 67, 20, 0, 0.06%, 9, 0, 9, 362.37
1734932863, 5, 66, 67, 19, 0, 0.06%, 9, 0, 9, 242.06
1734933107, 6, 10, 67, 18, 0, 0.06%, 9, 0, 9, 244.36
1734933112, 6, 12, 67, 18, 0, 0.06%, 9, 0, 9, 251.18
1734933122, 6, 13, 67, 18, 0, 0.06%, 9, 0, 9, 255.55
1734933127, 6, 14, 67, 18, 0, 0.06%, 9, 0, 9, 260.08
1734933132, 6, 15, 67, 18, 0, 0.06%, 9, 0, 9, 256.25
1734933137, 6, 16, 67, 18, 0, 0.06%, 9, 0, 9, 269.38
1734933147, 6, 17, 67, 18, 0, 0.06%, 9, 0, 9, 260.47
1734933173, 6, 18, 67, 17, 0, 0.06%, 9, 0, 9, 252.56
1734933178, 6, 20, 67, 17, 0, 0.06%, 9, 0, 9, 235.87
1734933188, 6, 32, 67, 17, 0, 0.06%, 9, 0, 9, 252.11
1734933193, 6, 35, 67, 17, 0, 0.06%, 9, 0, 9, 242.13
1734933203, 6, 42, 67, 17, 0, 0.06%, 9, 0, 9, 327.79
1734933249, 6, 42, 68, 18, 0, 0.06%, 9, 0, 9, 293.95
1734933279, 6, 54, 68, 17, 0, 0.06%, 9, 0, 9, 266.22
1734933289, 6, 63, 68, 17, 0, 0.06%, 9, 0, 9, 269.85
1734933411, 6, 64, 68, 16, 0, 0.06%, 9, 0, 9, 317.72
1734933421, 6, 65, 68, 16, 0, 0.06%, 9, 0, 9, 280.79
1734933427, 6, 67, 69, 17, 0, 0.06%, 9, 0, 9, 325.77
1734933554, 6, 68, 69, 16, 0, 0.06%, 9, 0, 9, 343.94
1734933696, 7, 10, 69, 15, 0, 0.06%, 9, 0, 9, 246.37
1734933701, 7, 12, 69, 15, 0, 0.06%, 9, 0, 9, 246.89
1734933706, 7, 13, 69, 15, 0, 0.06%, 9, 0, 9, 245.22
1734933711, 7, 14, 69, 15, 0, 0.06%, 9, 0, 9, 248.45
1734933721, 7, 15, 69, 15, 0, 0.06%, 9, 0, 9, 260.35
1734933726, 7, 18, 69, 15, 0, 0.06%, 9, 0, 9, 238.85
1734933731, 7, 20, 69, 15, 0, 0.06%, 9, 0, 9, 233.55
1734933737, 7, 26, 69, 15, 0, 0.06%, 9, 0, 9, 361.66
1734933767, 7, 27, 69, 14, 0, 0.06%, 9, 0, 9, 259.85
1734933797, 7, 32, 69, 13, 0, 0.06%, 9, 0, 9, 252.16
1734933802, 7, 60, 69, 13, 0, 0.06%, 9, 0, 9, 339.25
1734934136, 8, 11, 69, 12, 0, 0.06%, 9, 0, 9, 257.56
1734934142, 8, 12, 69, 12, 0, 0.06%, 9, 0, 9, 245.09
1734934147, 8, 13, 69, 12, 0, 0.06%, 9, 0, 9, 240.05
1734934152, 8, 14, 69, 12, 0, 0.06%, 9, 0, 9, 249.11
1734934157, 8, 15, 69, 12, 0, 0.06%, 9, 0, 9, 249.99
1734934162, 8, 18, 69, 12, 0, 0.06%, 9, 0, 9, 253.39
1734934172, 8, 20, 69, 12, 0, 0.06%, 9, 0, 9, 235.24
1734934177, 8, 32, 69, 12, 0, 0.06%, 9, 0, 9, 234.62
1734934182, 8, 37, 69, 12, 0, 0.06%, 9, 0, 9, 353.43
1734934238, 8, 38, 69, 11, 0, 0.06%, 9, 0, 9, 324.57
1734934269, 8, 44, 69, 10, 0, 0.06%, 9, 0, 9, 355.97
1734934305, 8, 50, 69, 9, 0, 0.06%, 9, 0, 9, 271.35
1734934315, 8, 51, 69, 9, 0, 0.06%, 9, 0, 9, 337.81
1734934346, 8, 63, 69, 8, 0, 0.06%, 9, 0, 9, 290.90
1734934351, 9, 10, 69, 8, 0, 0.06%, 9, 0, 9, 267.21
1734934356, 9, 11, 69, 8, 0, 0.06%, 9, 0, 9, 261.71
1734934361, 9, 12, 69, 8, 0, 0.06%, 9, 0, 9, 259.46
1734934366, 9, 13, 69, 8, 0, 0.06%, 9, 0, 9, 231.22
1734934371, 9, 14, 69, 8, 0, 0.06%, 9, 0, 9, 242.60
1734934376, 9, 15, 69, 8, 0, 0.06%, 9, 0, 9, 247.08
1734934381, 9, 18, 69, 8, 0, 0.06%, 9, 0, 9, 248.85
1734934386, 9, 20, 69, 8, 0, 0.06%, 9, 0, 9, 245.34
1734934391, 9, 24, 69, 8, 0, 0.06%, 9, 0, 9, 287.15
1734934422, 9, 26, 69, 7, 0, 0.06%, 9, 0, 9, 265.18
1734934432, 9, 27, 69, 7, 0, 0.06%, 9, 0, 9, 252.72
1734934442, 9, 30, 69, 7, 0, 0.06%, 9, 0, 9, 273.54
1734934457, 9, 31, 69, 7, 0, 0.06%, 9, 0, 9, 268.67
1734934483, 9, 32, 69, 6, 0, 0.06%, 9, 0, 9, 247.28
1734934488, 9, 42, 69, 6, 0, 0.06%, 9, 0, 9, 280.21
1734934498, 9, 43, 69, 6, 0, 0.06%, 9, 0, 9, 325.92
1734934523, 9, 44, 69, 5, 0, 0.06%, 9, 0, 9, 275.84
1734934539, 9, 47, 69, 5, 0, 0.06%, 9, 0, 9, 408.85
1734934569, 9, 47, 70, 6, 0, 0.06%, 9, 0, 9, 338.23
1734934600, 9, 50, 70, 5, 0, 0.06%, 9, 0, 9, 276.75
1734934615, 9, 57, 70, 5, 0, 0.06%, 9, 0, 9, 216.23
1734935544, 9, 62, 70, 4, 0, 0.06%, 9, 0, 9, 306.00
1734935549, 10, 10, 70, 4, 0, 0.06%, 9, 0, 9, 277.96
1734935554, 10, 12, 70, 4, 0, 0.06%, 9, 0, 9, 244.77
1734935559, 10, 13, 70, 4, 0, 0.06%, 9, 0, 9, 258.58
1734935564, 10, 14, 70, 4, 0, 0.06%, 9, 0, 9, 255.56
1734935569, 10, 15, 70, 4, 0, 0.06%, 9, 0, 9, 245.20
1734935575, 10, 18, 70, 4, 0, 0.06%, 9, 0, 9, 247.26
1734935585, 10, 20, 70, 4, 0, 0.06%, 9, 0, 9, 260.17
1734935590, 10, 32, 70, 4, 0, 0.06%, 9, 0, 9, 247.78
1734935595, 10, 36, 70, 4, 0, 0.06%, 9, 0, 9, 248.73
1734935606, 10, 38, 70, 4, 0, 0.06%, 9, 0, 9, 267.48
1734935616, 10, 49, 70, 4, 0, 0.06%, 9, 0, 9, 273.15
1734935626, 10, 55, 70, 4, 0, 0.06%, 9, 0, 9, 286.95
1734935753, 11, 11, 70, 3, 0, 0.06%, 9, 0, 9, 254.07
1734935758, 11, 12, 70, 3, 0, 0.06%, 9, 0, 9, 250.09
1734935763, 11, 13, 70, 3, 0, 0.06%, 9, 0, 9, 247.70
1734935768, 11, 14, 70, 3, 0, 0.06%, 9, 0, 9, 247.86
1734935773, 11, 15, 70, 3, 0, 0.06%, 9, 0, 9, 247.67
1734935778, 11, 18, 70, 3, 0, 0.06%, 9, 0, 9, 256.40
1734935789, 11, 20, 70, 3, 0, 0.06%, 9, 0, 9, 259.19
1734935794, 11, 26, 70, 3, 0, 0.06%, 9, 0, 9, 258.90
1734935799, 11, 27, 70, 3, 0, 0.06%, 9, 0, 9, 254.94
1734935804, 11, 32, 70, 3, 0, 0.06%, 9, 0, 9, 240.28
1734935809, 11, 43, 70, 3, 0, 0.06%, 9, 0, 9, 272.05
1734935819, 11, 69, 70, 3, 0, 0.06%, 9, 0, 9, 297.93
1734935824, 11, 69, 71, 4, 0, 0.06%, 9, 0, 9, 436.59
1734935920, 12, 10, 71, 3, 0, 0.06%, 9, 0, 9, 241.71
1734935926, 12, 12, 71, 3, 0, 0.06%, 9, 0, 9, 251.90
1734935931, 12, 13, 71, 3, 0, 0.06%, 9, 0, 9, 252.71
1734935936, 12, 14, 71, 3, 0, 0.06%, 9, 0, 9, 240.10
1734935941, 12, 15, 71, 3, 0, 0.06%, 9, 0, 9, 253.73
1734935951, 12, 18, 71, 3, 0, 0.06%, 9, 0, 9, 254.58
1734935956, 12, 20, 71, 3, 0, 0.06%, 9, 0, 9, 254.09
1734935961, 12, 24, 71, 3, 0, 0.06%, 9, 0, 9, 260.52
1734935971, 12, 28, 71, 3, 0, 0.06%, 9, 0, 9, 265.41
1734935981, 12, 32, 71, 3, 0, 0.06%, 9, 0, 9, 245.00
1734935987, 12, 57, 71, 3, 0, 0.06%, 9, 0, 9, 298.33
1734935992, 12, 61, 71, 3, 0, 0.06%, 9, 0, 9, 228.01
1734936775, 12, 65, 71, 2, 0, 0.06%, 9, 0, 9, 304.37
1734936785, 13, 10, 71, 2, 0, 0.06%, 9, 0, 9, 255.86
1734936790, 13, 12, 71, 2, 0, 0.06%, 9, 0, 9, 246.24
1734936795, 13, 13, 71, 2, 0, 0.06%, 9, 0, 9, 244.71
1734936800, 13, 14, 71, 2, 0, 0.06%, 9, 0, 9, 260.19
1734936805, 13, 15, 71, 2, 0, 0.06%, 9, 0, 9, 257.15
1734936810, 13, 16, 71, 2, 0, 0.06%, 9, 0, 9, 272.92
1734936815, 13, 18, 71, 2, 0, 0.06%, 9, 0, 9, 288.45
1734936825, 13, 20, 71, 2, 0, 0.06%, 9, 0, 9, 259.99
1734936830, 13, 32, 71, 2, 0, 0.06%, 9, 0, 9, 242.68
1734936836, 13, 59, 71, 2, 0, 0.06%, 9, 0, 9, 296.05
1734936841, 13, 70, 71, 2, 0, 0.06%, 9, 0, 9, 377.22
1734936962, 14, 11, 71, 1, 0, 0.06%, 9, 0, 9, 254.19
1734936968, 14, 12, 71, 1, 0, 0.06%, 9, 0, 9, 242.32
1734936973, 14, 13, 71, 1, 0, 0.06%, 9, 0, 9, 260.83
1734936978, 14, 14, 71, 1, 0, 0.06%, 9, 0, 9, 268.46
1734936983, 14, 15, 71, 1, 0, 0.06%, 9, 0, 9, 260.28
1734936988, 14, 18, 71, 1, 0, 0.06%, 9, 0, 9, 242.54
1734936993, 14, 20, 71, 1, 0, 0.06%, 9, 0, 9, 241.24
1734936998, 14, 21, 71, 1, 0, 0.06%, 9, 0, 9, 264.85
1734937013, 14, 22, 71, 1, 0, 0.06%, 9, 0, 9, 251.34
1734937023, 14, 32, 71, 1, 0, 0.06%, 9, 0, 9, 256.71
1734937028, 14, 50, 71, 1, 0, 0.06%, 9, 0, 9, 280.06
1734937034, 14, 68, 71, 1, 0, 0.06%, 9, 0, 9, 277.31
1734937049, 14, 71, 72, 2, 0, 0.06%, 9, 0, 9, 323.79
1734937054, 14, 71, 73, 3, 0, 0.06%, 9, 0, 10, 387.56
1734937237, 15, 10, 73, 2, 0, 0.06%, 9, 0, 10, 242.97
1734937242, 15, 12, 73, 2, 0, 0.06%, 9, 0, 10, 252.83
1734937248, 15, 13, 73, 2, 0, 0.06%, 9, 0, 10, 254.42
1734937258, 15, 14, 73, 2, 0, 0.06%, 9, 0, 10, 250.32
1734937263, 15, 15, 73, 2, 0, 0.06%, 9, 0, 10, 270.25
1734937268, 15, 18, 73, 2, 0, 0.06%, 9, 0, 10, 263.01
1734937273, 15, 20, 73, 2, 0, 0.06%, 9, 0, 10, 260.79
1734937278, 15, 32, 73, 2, 0, 0.06%, 9, 0, 10, 251.69
1734937283, 15, 36, 73, 2, 0, 0.06%, 9, 0, 10, 272.40
1734937288, 15, 58, 73, 2, 0, 0.06%, 9, 0, 10, 229.92
1734937627, 15, 65, 73, 1, 0, 0.06%, 9, 0, 10, 309.46
1734937632, 16, 1, 73, 1, 0, 0.06%, 9, 0, 10, 268.82
1734937637, 16, 11, 73, 1, 0, 0.06%, 9, 0, 10, 256.92
1734937642, 16, 12, 73, 1, 0, 0.06%, 9, 0, 10, 260.04
1734937647, 16, 13, 73, 1, 0, 0.06%, 9, 0, 10, 265.13
1734937653, 16, 14, 73, 1, 0, 0.06%, 9, 0, 10, 253.96
1734937658, 16, 15, 73, 1, 0, 0.06%, 9, 0, 10, 249.84
1734937663, 16, 18, 73, 1, 0, 0.06%, 9, 0, 10, 248.40
1734937668, 16, 20, 73, 1, 0, 0.06%, 9, 0, 10, 240.55
1734937673, 16, 25, 73, 1, 0, 0.06%, 9, 0, 10, 271.18
1734937678, 16, 25, 74, 2, 0, 0.06%, 9, 0, 10, 254.92
1734937683, 16, 26, 74, 2, 0, 0.06%, 9, 0, 10, 243.04
1734937693, 16, 49, 74, 2, 0, 0.06%, 9, 0, 10, 280.94
1734937704, 16, 61, 74, 2, 0, 0.06%, 9, 0, 10, 300.51
1734937714, 17, 10, 74, 2, 0, 0.06%, 9, 0, 10, 263.62
1734937719, 17, 12, 74, 2, 0, 0.06%, 9, 0, 10, 248.25
1734937724, 17, 13, 74, 2, 0, 0.06%, 9, 0, 10, 248.66
1734937729, 17, 14, 74, 2, 0, 0.06%, 9, 0, 10, 255.80
1734937734, 17, 15, 74, 2, 0, 0.06%, 9, 0, 10, 257.40
1734937739, 17, 18, 74, 2, 0, 0.06%, 9, 0, 10, 250.41
1734937744, 17, 20, 74, 2, 0, 0.06%, 9, 0, 10, 267.54
1734937754, 17, 32, 74, 2, 0, 0.06%, 9, 0, 10, 278.59
1734937759, 17, 72, 74, 2, 0, 0.06%, 9, 0, 10, 390.55
1734937943, 18, 10, 74, 1, 0, 0.06%, 9, 0, 10, 257.81
1734937948, 18, 12, 74, 1, 0, 0.06%, 9, 0, 10, 247.69
1734937953, 18, 13, 74, 1, 0, 0.06%, 9, 0, 10, 246.98
1734937958, 18, 14, 74, 1, 0, 0.06%, 9, 0, 10, 246.35
1734937963, 18, 15, 74, 1, 0, 0.06%, 9, 0, 10, 255.51
1734937968, 18, 18, 74, 1, 0, 0.06%, 9, 0, 10, 267.86
1734937978, 18, 20, 74, 1, 0, 0.06%, 9, 0, 10, 258.23
1734937983, 18, 32, 74, 1, 0, 0.06%, 9, 0, 10, 265.75
1734937988, 18, 48, 74, 1, 0, 0.06%, 9, 0, 10, 246.29
1734937998, 18, 52, 74, 1, 0, 0.06%, 9, 0, 10, 304.80
1734938003, 19, 10, 74, 1, 0, 0.06%, 9, 0, 10, 262.56
1734938008, 19, 12, 74, 1, 0, 0.06%, 9, 0, 10, 257.27
1734938013, 19, 13, 74, 1, 0, 0.06%, 9, 0, 10, 248.22
1734938019, 19, 14, 74, 1, 0, 0.06%, 9, 0, 10, 263.57
1734938029, 19, 15, 74, 1, 0, 0.06%, 9, 0, 10, 242.21
1734938034, 19, 18, 74, 1, 0, 0.06%, 9, 0, 10, 242.21
1734938039, 19, 20, 74, 1, 0, 0.06%, 9, 0, 10, 254.87
1734938044, 19, 32, 74, 1, 0, 0.06%, 9, 0, 10, 244.81
1734938049, 19, 34, 74, 1, 0, 0.06%, 9, 0, 10, 254.26
1734938059, 20, 9, 74, 1, 0, 0.06%, 9, 0, 10, 257.58
1734938064, 20, 11, 74, 1, 0, 0.06%, 9, 0, 10, 256.52
1734938069, 20, 12, 74, 1, 0, 0.06%, 9, 0, 10, 262.50
1734938074, 20, 13, 74, 1, 0, 0.06%, 9, 0, 10, 256.04
1734938079, 20, 14, 74, 1, 0, 0.06%, 9, 0, 10, 250.56
1734938084, 20, 15, 74, 1, 0, 0.06%, 9, 0, 10, 254.73
1734938090, 20, 18, 74, 1, 0, 0.06%, 9, 0, 10, 249.81
1734938095, 20, 20, 74, 1, 0, 0.06%, 9, 0, 10, 240.16
1734938100, 20, 32, 74, 1, 0, 0.06%, 9, 0, 10, 249.70
1734938105, 20, 46, 74, 1, 0, 0.06%, 9, 0, 10, 249.83
1734938120, 20, 72, 74, 1, 0, 0.06%, 9, 0, 10, 309.53
1734938151, 21, 10, 74, 1, 0, 0.06%, 9, 0, 10, 269.89
1734938156, 21, 12, 74, 1, 0, 0.06%, 9, 0, 10, 247.61
1734938161, 21, 13, 74, 1, 0, 0.06%, 9, 0, 10, 242.59
1734938166, 21, 14, 74, 1, 0, 0.06%, 9, 0, 10, 245.01
1734938171, 21, 15, 74, 1, 0, 0.06%, 9, 0, 10, 244.24
1734938176, 21, 18, 74, 1, 0, 0.06%, 9, 0, 10, 246.19
1734938181, 21, 20, 74, 1, 0, 0.06%, 9, 0, 10, 246.03
1734938186, 21, 32, 74, 1, 0, 0.06%, 9, 0, 10, 262.77
1734938192, 21, 34, 74, 1, 0, 0.06%, 9, 0, 10, 269.83
1734938197, 21, 66, 74, 1, 0, 0.06%, 9, 0, 10, 271.96
1734938212, 22, 10, 74, 1, 0, 0.06%, 9, 0, 10, 273.38
1734938217, 22, 12, 74, 1, 0, 0.06%, 9, 0, 10, 252.70
1734938222, 22, 13, 74, 1, 0, 0.06%, 9, 0, 10, 262.13
1734938227, 22, 14, 74, 1, 0, 0.06%, 9, 0, 10, 271.78
1734938232, 22, 15, 74, 1, 0, 0.06%, 9, 0, 10, 266.01
1734938237, 22, 18, 74, 1, 0, 0.06%, 9, 0, 10, 270.92
1734938247, 22, 20, 74, 1, 0, 0.06%, 9, 0, 10, 257.78
1734938253, 22, 32, 74, 1, 0, 0.06%, 9, 0, 10, 262.00
1734938258, 23, 11, 74, 1, 0, 0.06%, 9, 0, 10, 249.03
1734938263, 23, 12, 74, 1, 0, 0.06%, 9, 0, 10, 259.90
1734938268, 23, 13, 74, 1, 0, 0.06%, 9, 0, 10, 250.76
1734938273, 23, 14, 74, 1, 0, 0.06%, 9, 0, 10, 253.34
1734938278, 23, 15, 74, 1, 0, 0.06%, 9, 0, 10, 250.86
1734938283, 23, 18, 74, 1, 0, 0.06%, 9, 0, 10, 251.43
1734938293, 23, 20, 74, 1, 0, 0.06%, 9, 0, 10, 258.97
1734938298, 23, 32, 74, 1, 0, 0.06%, 9, 0, 10, 248.11
1734938303, 23, 35, 74, 1, 0, 0.06%, 9, 0, 10, 249.08
1734938308, 23, 67, 74, 1, 0, 0.06%, 9, 0, 10, 282.89
1734938318, 23, 70, 74, 1, 0, 0.06%, 9, 0, 10, 297.73
1734938349, 24, 10, 74, 1, 0, 0.06%, 9, 0, 10, 267.72
1734938354, 24, 12, 74, 1, 0, 0.06%, 9, 0, 10, 250.60
1734938359, 24, 13, 74, 1, 0, 0.06%, 9, 0, 10, 246.24
1734938364, 24, 14, 74, 1, 0, 0.06%, 9, 0, 10, 238.29
1734938369, 24, 15, 74, 1, 0, 0.06%, 9, 0, 10, 245.52
1734938375, 24, 18, 74, 1, 0, 0.06%, 9, 0, 10, 262.04
1734938385, 24, 20, 74, 1, 0, 0.06%, 9, 0, 10, 272.71
1734938390, 24, 32, 74, 1, 0, 0.06%, 9, 0, 10, 255.00
1734938395, 24, 47, 74, 1, 0, 0.06%, 9, 0, 10, 272.78
1734938405, 24, 58, 74, 1, 0, 0.06%, 9, 0, 10, 278.61
1734938410, 24, 68, 74, 1, 0, 0.06%, 9, 0, 10, 292.37
1734938420, 24, 68, 75, 2, 0, 0.06%, 9, 0, 10, 268.70
1734938425, 24, 73, 75, 2, 0, 0.06%, 9, 0, 10, 317.02
1734938547, 25, 10, 75, 1, 0, 0.06%, 9, 0, 10, 265.47
1734938552, 25, 12, 75, 1, 0, 0.06%, 9, 0, 10, 246.53
1734938558, 25, 13, 75, 1, 0, 0.06%, 9, 0, 10, 248.90
1734938563, 25, 14, 75, 1, 0, 0.06%, 9, 0, 10, 254.12
1734938568, 25, 15, 75, 1, 0, 0.06%, 9, 0, 10, 260.29
1734938578, 25, 18, 75, 1, 0, 0.06%, 9, 0, 10, 270.45
1734938583, 25, 20, 75, 1, 0, 0.06%, 9, 0, 10, 253.83
1734938588, 25, 22, 75, 1, 0, 0.06%, 9, 0, 10, 263.81
1734938593, 25, 28, 75, 1, 0, 0.06%, 9, 0, 10, 269.48
1734938598, 25, 31, 75, 1, 0, 0.06%, 9, 0, 10, 251.28
1734938608, 25, 32, 75, 1, 0, 0.06%, 9, 0, 10, 249.43
1734938618, 25, 42, 75, 1, 0, 0.06%, 9, 0, 10, 263.04
1734938623, 25, 74, 75, 1, 0, 0.06%, 9, 0, 10, 376.88
